0 0 0 0 0.002 0.01 0.006 0.006 0.012 0.012 0.006
0.002 0 0.012 0.186 0.552 0.722 0.79 0.852 0.864 0.876 0.85
0 0 0 0 0 0 0 0.002 0 0 0
0 0 0 0 0 0 0 0 0 0 0
0.024 0.03 0.032 0.152 0.536 0.75 0.844 0.894 0.918 0.926 0.968
0 0 0 0 0 0 0 0 0 0 0
0 0 0 0.01 0.134 0.302 0.37 0.462 0.534 0.518 0.536
0.02 0.026 0.07 0.228 0.452 0.63 0.728 0.74 0.816 0.798 0.812
0 0 0 0 0 0 0 0.002 0 0 0.002
0 0 0 0 0 0 0 0 0 0 0
0 0 0.012 0.184 0.552 0.722 0.79 0.852 0.864 0.876 0.85
0 0 0.002 0.018 0.14 0.272 0.328 0.49 0.538 0.538 0.522
0 0 0 0 0 0 0 0 0 0 0
0.002 0.004 0.026 0.194 0.474 0.722 0.816 0.864 0.896 0.902 0.898
0 0 0 0.01 0.134 0.302 0.37 0.462 0.534 0.518 0.536
0 0 0.008 0.15 0.442 0.656 0.748 0.82 0.846 0.844 0.862
0.066 0.086 0.124 0.244 0.588 0.788 0.846 0.888 0.882 0.93 0.94
0 0 0 0 0 0 0 0 0 0 0
0.07 0.082 0.176 0.418 0.786 0.928 0.976 0.972 0.972 0.97 0.98
0.004 0.006 0.088 0.186 0.474 0.742 0.808 0.814 0.868 0.866 0.878
0.024 0.05 0.1 0.262 0.642 0.804 0.86 0.912 0.942 0.94 0.954
0 0.01 0.044 0.144 0.43 0.65 0.766 0.806 0.842 0.852 0.856
0 0 0 0 0 0 0 0.002 0 0 0.002
0.068 0.094 0.12 0.244 0.58 0.806 0.888 0.88 0.912 0.924 0.914
0.02 0.05 0.098 0.296 0.648 0.82 0.882 0.884 0.886 0.934 0.912
0.068 0.086 0.166 0.4 0.71 0.892 0.938 0.946 0.974 0.958 0.962
0 0 0.012 0.184 0.55 0.722 0.79 0.852 0.864 0.876 0.85
0.028 0.064 0.138 0.392 0.738 0.902 0.966 0.962 0.952 0.968 0.962
0.07 0.124 0.24 0.452 0.794 0.946 0.952 0.962 0.964 0.988 0.97
0 0 0.002 0.018 0.14 0.272 0.328 0.49 0.538 0.538 0.522
0.076 0.122 0.2 0.378 0.796 0.95 0.98 0.982 0.986 0.98 0.992
0 0.016 0.094 0.24 0.62 0.8 0.872 0.904 0.934 0.94 0.938
0 0.002 0.002 0.14 0.492 0.68 0.766 0.816 0.812 0.84 0.836
0.058 0.13 0.136 0.272 0.644 0.792 0.87 0.894 0.9 0.934 0.918
0 0 0 0 0 0 0.002 0 0 0.002 0
0.044 0.078 0.154 0.38 0.744 0.896 0.934 0.928 0.932 0.952 0.956
0.004 0.036 0.102 0.304 0.672 0.824 0.916 0.946 0.956 0.95 0.952
0.004 0.01 0.02 0.138 0.476 0.65 0.758 0.836 0.86 0.858 0.888
0 0 0 0.01 0.134 0.302 0.37 0.462 0.534 0.518 0.536
0 0 0 0 0 0 0 0 0 0 0
0 0 0.008 0.15 0.442 0.656 0.748 0.82 0.846 0.844 0.862
0 0 0.006 0.11 0.514 0.706 0.79 0.856 0.874 0.886 0.93
0 0 0 0 0.002 0.01 0.006 0.006 0.012 0.012 0.006
0.056 0.07 0.118 0.33 0.674 0.84 0.904 0.924 0.93 0.948 0.946
0 0 0.014 0.172 0.484 0.676 0.772 0.828 0.83 0.852 0.858
0 0 0.002 0.014 0.136 0.278 0.396 0.494 0.528 0.512 0.52
0 0 0 0 0 0 0 0.002 0 0 0.002
0 0 0 0.108 0.406 0.516 0.598 0.68 0.71 0.802 0.81
0 0 0 0 0.002 0.01 0.006 0.006 0.012 0.012 0.006
0 0 0 0 0.002 0.01 0.006 0.006 0.012 0.012 0.006
0.016 0.03 0.054 0.178 0.424 0.526 0.612 0.6 0.618 0.634 0.626
0 0 0 0 0 0 0 0 0 0 0
0.146 0.152 0.148 0.17 0.302 0.374 0.424 0.578 0.614 0.612 0.596
0 0.002 0.01 0.136 0.524 0.718 0.804 0.866 0.868 0.882 0.884
0.028 0.084 0.134 0.324 0.652 0.852 0.918 0.944 0.95 0.968 0.952
0.076 0.082 0.108 0.242 0.54 0.704 0.772 0.796 0.826 0.86 0.838
0.024 0.052 0.086 0.202 0.476 0.648 0.706 0.79 0.812 0.83 0.82
0.096 0.094 0.142 0.21 0.418 0.604 0.716 0.75 0.808 0.844 0.838
0 0.004 0.016 0.134 0.474 0.65 0.758 0.834 0.86 0.858 0.888
0 0 0 0 0 0 0 0 0 0.004 0
0 0 0 0 0 0 0.002 0 0 0.002 0
0.02 0.058 0.124 0.36 0.668 0.86 0.916 0.928 0.942 0.928 0.942
0 0 0 0 0 0 0 0 0 0 0.002
0.044 0.112 0.154 0.338 0.662 0.86 0.928 0.952 0.958 0.97 0.956
0 0 0 0 0 0 0 0 0 0 0
0.006 0.01 0.022 0.202 0.532 0.716 0.824 0.868 0.872 0.888 0.896
0.028 0.054 0.108 0.318 0.66 0.836 0.904 0.918 0.908 0.932 0.926
0.002 0.008 0.002 0.01 0.006 0.018 0.006 0.012 0.008 0.014 0.008
0.066 0.108 0.202 0.402 0.676 0.916 0.966 0.974 0.962 0.968 0.976
0 0 0 0 0 0 0.002 0 0 0.002 0
0.038 0.066 0.134 0.316 0.644 0.894 0.954 0.956 0.968 0.968 0.984
0.012 0.036 0.052 0.17 0.508 0.746 0.826 0.858 0.902 0.908 0.87
0 0 0 0 0 0 0.002 0 0 0.002 0
0.154 0.166 0.16 0.202 0.274 0.42 0.494 0.562 0.632 0.668 0.644
0 0 0 0 0 0 0 0 0 0 0
0 0 0 0 0 0 0 0 0 0 0
0 0 0 0 0 0 0 0 0 0 0
0.226 0.278 0.28 0.374 0.62 0.806 0.882 0.876 0.862 0.864 0.822
0 0 0.004 0.028 0.11 0.242 0.316 0.452 0.498 0.528 0.528
0 0 0.006 0.128 0.456 0.632 0.744 0.784 0.856 0.866 0.868
0 0 0 0 0 0 0 0 0.002 0.002 0.004
0.022 0.026 0.08 0.156 0.406 0.622 0.726 0.772 0.822 0.834 0.83
0 0 0 0 0 0 0.002 0 0 0.002 0
0 0 0 0 0 0 0 0.002 0 0 0
0.03 0.04 0.144 0.264 0.674 0.852 0.904 0.928 0.918 0.936 0.948
0.006 0.02 0.106 0.214 0.496 0.758 0.82 0.836 0.886 0.874 0.882
0 0 0.004 0.028 0.108 0.242 0.316 0.452 0.498 0.528 0.528
0 0.004 0.018 0.128 0.47 0.724 0.816 0.85 0.882 0.892 0.872
0 0 0 0 0 0 0 0 0 0 0.002
0 0 0.004 0.028 0.108 0.242 0.316 0.452 0.498 0.528 0.528
0 0 0.012 0.184 0.55 0.722 0.79 0.852 0.864 0.876 0.85
0 0 0.012 0.114 0.456 0.68 0.78 0.81 0.866 0.878 0.848
0 0 0 0 0 0 0 0 0 0 0
0 0 0 0 0 0 0 0 0 0 0.002
0 0 0 0 0 0 0 0 0 0 0
0.02 0.056 0.112 0.378 0.72 0.894 0.95 0.958 0.944 0.958 0.956
0 0 0.008 0.15 0.442 0.656 0.748 0.82 0.846 0.844 0.862
0 0 0 0 0.002 0.01 0.006 0.006 0.012 0.012 0.006
0.062 0.074 0.092 0.238 0.45 0.634 0.722 0.75 0.82 0.81 0.812
0.028 0.05 0.118 0.302 0.628 0.838 0.92 0.928 0.914 0.954 0.958
0.016 0.016 0.032 0.106 0.35 0.54 0.628 0.718 0.754 0.774 0.806
0.116 0.106 0.104 0.206 0.454 0.594 0.63 0.772 0.836 0.834 0.836
0 0.002 0.01 0.136 0.522 0.718 0.802 0.866 0.868 0.882 0.886
0.06 0.058 0.048 0.068 0.126 0.174 0.2 0.212 0.24 0.264 0.254
0.088 0.104 0.202 0.372 0.784 0.948 0.956 0.99 0.982 0.988 0.996
0 0 0 0 0 0 0 0 0 0 0
0.118 0.2 0.188 0.298 0.624 0.786 0.856 0.878 0.858 0.84 0.824
0 0 0 0 0.002 0.01 0.006 0.006 0.012 0.012 0.006
0 0 0 0 0 0 0.002 0 0 0.002 0
0 0 0 0 0 0 0.002 0 0 0.002 0
0.132 0.166 0.17 0.356 0.674 0.808 0.848 0.85 0.866 0.82 0.816
0.006 0.014 0.008 0.124 0.432 0.532 0.62 0.694 0.734 0.814 0.814
0.018 0.038 0.054 0.174 0.48 0.596 0.674 0.684 0.652 0.64 0.6
0 0 0 0 0 0 0 0.002 0 0 0.002
0.066 0.136 0.144 0.28 0.652 0.792 0.874 0.898 0.906 0.938 0.926
0 0 0.004 0.028 0.108 0.242 0.316 0.452 0.498 0.528 0.528
0 0 0 0.108 0.406 0.516 0.598 0.68 0.71 0.802 0.81
0 0 0 0 0 0 0 0.002 0 0 0.002
0.098 0.164 0.212 0.364 0.646 0.782 0.848 0.878 0.856 0.81 0.814
0.038 0.06 0.108 0.292 0.634 0.788 0.866 0.924 0.906 0.9 0.902
0 0 0 0 0 0 0 0 0 0 0
0 0 0.012 0.114 0.454 0.674 0.778 0.81 0.864 0.876 0.848
0.068 0.084 0.166 0.398 0.708 0.89 0.938 0.946 0.974 0.958 0.962
0.078 0.136 0.264 0.472 0.814 0.956 0.972 0.974 0.98 0.998 0.988
0 0 0 0.008 0.114 0.236 0.308 0.438 0.562 0.536 0.568
0 0 0.012 0.15 0.506 0.682 0.782 0.776 0.792 0.858 0.836
0 0 0 0 0 0 0 0 0 0 0
0 0.004 0.016 0.134 0.474 0.65 0.758 0.834 0.86 0.858 0.888
0 0 0 0 0 0 0 0 0 0 0
0.154 0.166 0.16 0.202 0.274 0.42 0.494 0.562 0.632 0.668 0.644
0.072 0.068 0.136 0.234 0.504 0.782 0.824 0.858 0.902 0.91 0.912
0 0 0 0 0.002 0.01 0.006 0.006 0.012 0.012 0.006
0.032 0.064 0.136 0.334 0.702 0.88 0.94 0.964 0.97 0.97 0.976
0 0 0 0 0 0 0 0.002 0 0 0
0 0 0 0 0 0 0 0 0 0 0.002
0 0 0 0 0 0 0 0 0 0 0
