0.416 0.472 0.664 0.68 0.68 0.68 0.68 0.68 0.68 0.68 0.688
0.4188034 0.4700855 0.5299145 0.5213675 0.4786325 0.4615385 0.4700855 0.4786325 0.4444444 0.4102564 0.4444444
0.4112903 0.4112903 0.5806452 0.6612903 0.6532258 0.6693548 0.6693548 0.6532258 0.6532258 0.6693548 0.6693548
0.3416667 0.425 0.6166667 0.6583333 0.6416667 0.6416667 0.6416667 0.6583333 0.6416667 0.6583333 0.7916667
0.394958 0.4033613 0.487395 0.512605 0.487395 0.4537815 0.4201681 0.4117647 0.4453782 0.394958 0.3781513
0.4188034 0.4786325 0.6410256 0.6752137 0.6752137 0.6752137 0.6752137 0.6752137 0.6752137 0.6752137 0.6752137
0.4188034 0.4786325 0.6410256 0.6666667 0.6495726 0.6581197 0.6581197 0.6324786 0.6495726 0.6410256 0.6239316
0.3306452 0.3629032 0.3387097 0.4032258 0.483871 0.516129 0.5080645 0.516129 0.4919355 0.516129 0.483871
0.394958 0.4033613 0.5714286 0.6890756 0.6890756 0.6890756 0.6890756 0.6890756 0.6890756 0.8655462 0.8235294
0.4193548 0.4354839 0.5483871 0.5483871 0.5564516 0.5483871 0.5564516 0.5564516 0.5564516 0.5564516 0.5564516
0.4193548 0.4354839 0.516129 0.4919355 0.4354839 0.4435484 0.4193548 0.4193548 0.4032258 0.4112903 0.4112903
0.3114754 0.4672131 0.5163934 0.6393443 0.647541 0.6311475 0.6229508 0.6229508 0.5901639 0.6147541 0.5983607
0.3114754 0.4672131 0.5901639 0.6639344 0.6639344 0.6639344 0.8032787 0.9016393 0.8360656 0.6639344 0.8606557
0.416 0.424 0.424 0.456 0.312 0.352 0.352 0.344 0.408 0.288 0.336
0.392 0.4 0.592 0.648 0.64 0.64 0.648 0.616 0.608 0.608 0.632
0.3114754 0.4672131 0.5901639 0.4672131 0.3442623 0.4098361 0.3442623 0.3770492 0.3114754 0.4016393 0.3360656
0.3613445 0.3529412 0.3109244 0.2857143 0.2605042 0.2352941 0.2605042 0.2268908 0.2773109 0.3445378 0.2268908
0.392 0.4 0.592 0.664 0.664 0.664 0.68 0.824 0.68 0.664 0.664
0.1709402 0.1794872 0.08547009 0.0940171 0.05982906 0.06837607 0.03418803 0.04273504 0.05128205 0.04273504 0.02564103
0.2666667 0.2583333 0.2166667 0.1833333 0.225 0.2 0.225 0.275 0.3083333 0.225 0.2166667
0.1916667 0.1666667 0.1583333 0.1416667 0.1416667 0.125 0.1333333 0.1 0.1333333 0.1083333 0.125
0.3613445 0.3529412 0.3109244 0.2857143 0.2605042 0.2352941 0.2605042 0.2268908 0.2773109 0.3445378 0.2268908
0.416 0.472 0.664 0.68 0.68 0.68 0.68 0.68 0.68 0.68 0.688
0.04098361 0.02459016 0.05737705 0.07377049 0.07377049 0.05737705 0.08196721 0.09016393 0.1147541 0.06557377 0.09836066
0.2268908 0.2016807 0.1848739 0.1176471 0.1428571 0.1344538 0.1596639 0.1428571 0.1344538 0.1512605 0.1344538
0.2661290 0.2903226 0.2580645 0.1774194 0.1370968 0.1693548 0.1612903 0.1854839 0.1048387 0.1935484 0.1693548
0.4251969 0.4173228 0.5275591 0.511811 0.4724409 0.4409449 0.4251969 0.4330709 0.4173228 0.3937008 0.4173228
0.248 0.248 0.192 0.112 0.08 0.032 0.048 0.064 0.072 0.056 0.056
0.1570248 0.1487603 0.1239669 0.1157025 0.05785124 0.0661157 0.08264463 0.1074380 0.07438017 0.0661157 0.05785124
0.4132231 0.4628099 0.5950413 0.6528926 0.6363636 0.6363636 0.6280992 0.6115702 0.6363636 0.5950413 0.6033058
0.1451613 0.1129032 0.08064516 0.06451613 0.0483871 0.0483871 0.0483871 0.008064516 0.02419355 0.03225806 0.01612903
0.3387097 0.3064516 0.2580645 0.1854839 0.1451613 0.2016129 0.1854839 0.1935484 0.1612903 0.2177419 0.1854839
0.3114754 0.4672131 0.5901639 0.4672131 0.3442623 0.4098361 0.3442623 0.3770492 0.3114754 0.4016393 0.3360656
0.1367521 0.1196581 0.1623932 0.1282051 0.2905983 0.2478632 0.2820513 0.2478632 0.2307692 0.2307692 0.2735043
0.394958 0.4033613 0.5714286 0.6890756 0.6890756 0.6890756 0.6890756 0.6890756 0.6890756 0.8655462 0.8235294
0.1803279 0.1311475 0.1311475 0.09836066 0.06557377 0.05737705 0.07377049 0.08196721 0.09836066 0.06557377 0.07377049
0.3145161 0.3064516 0.1935484 0.1048387 0.08064516 0.05645161 0.08064516 0.08870968 0.05645161 0.1209677 0.0967742
0.3416667 0.425 0.3916667 0.4166667 0.3833333 0.375 0.35 0.35 0.3166667 0.3833333 0.35
0.4188034 0.4786325 0.6410256 0.6666667 0.6495726 0.6581197 0.6581197 0.6324786 0.6495726 0.6410256 0.6239316
0.4188034 0.4786325 0.6410256 0.6752137 0.6752137 0.6752137 0.6752137 0.6752137 0.6752137 0.6752137 0.6752137
0.3416667 0.425 0.4333333 0.3916667 0.3416667 0.3666667 0.325 0.3833333 0.375 0.3833333 0.3166667
0.4188034 0.4700855 0.4700855 0.4358974 0.4273504 0.3760684 0.3418803 0.3589744 0.3162393 0.3333333 0.3162393
0.4188034 0.4786325 0.6410256 0.6752137 0.6752137 0.6752137 0.6752137 0.6752137 0.6752137 0.6752137 0.6752137
0.1612903 0.2096774 0.25 0.1451613 0.1370968 0.1532258 0.1209677 0.1209677 0.1532258 0.1612903 0.1048387
0.3416667 0.425 0.4333333 0.3916667 0.3416667 0.3666667 0.325 0.3833333 0.375 0.3833333 0.3333333
0.4132231 0.4628099 0.5950413 0.6528926 0.6363636 0.6363636 0.6280992 0.6115702 0.6363636 0.5950413 0.6033058
0.4132231 0.4628099 0.5950413 0.661157 0.6694215 0.6859504 0.6694215 0.6859504 0.6694215 0.6859504 0.8347107
0.394958 0.4033613 0.487395 0.512605 0.487395 0.4537815 0.4201681 0.4117647 0.4453782 0.394958 0.3781513
0.4193548 0.4354839 0.5483871 0.5483871 0.5564516 0.5483871 0.5564516 0.5564516 0.5564516 0.5564516 0.5564516
0.3114754 0.4672131 0.5901639 0.6639344 0.6639344 0.6639344 0.8032787 0.9016393 0.8360656 0.6639344 0.8606557
0.3760684 0.4273504 0.3760684 0.4017094 0.5299145 0.4529915 0.4786325 0.5470085 0.5470085 0.5384615 0.5384615
0.4193548 0.4354839 0.5483871 0.5483871 0.5564516 0.5483871 0.5564516 0.5564516 0.5564516 0.5564516 0.5564516
0.056 0.056 0.056 0.312 0.56 0.568 0.56 0.568 0.56 0.56 0.552
0.394958 0.4033613 0.487395 0.512605 0.487395 0.4537815 0.4201681 0.4117647 0.4453782 0.394958 0.3781513
0.256 0.248 0.176 0.072 0.072 0.072 0.08 0.064 0.064 0.064 0.088
0.03333333 0.08333333 0.125 0.1666667 0.1833333 0.2 0.1916667 0.1416667 0.1333333 0.1333333 0.175
0.3149606 0.3070866 0.2913386 0.3385827 0.3622047 0.4566929 0.4724409 0.4330709 0.480315 0.488189 0.4488189
0.3416667 0.425 0.575 0.6166667 0.625 0.6083333 0.625 0.6166667 0.6 0.5583333 0.625
0.392 0.4 0.448 0.416 0.36 0.344 0.328 0.296 0.288 0.336 0.336
0.4251969 0.4173228 0.6141732 0.6850394 0.6850394 0.6850394 0.6850394 0.6850394 0.7007874 0.6850394 0.6850394
0.4132231 0.4628099 0.5950413 0.661157 0.6694215 0.6859504 0.6694215 0.6859504 0.6694215 0.6859504 0.8347107
0.394958 0.3529412 0.3193277 0.2857143 0.2605042 0.2352941 0.2605042 0.2268908 0.2773109 0.3529412 0.2268908
0.3416667 0.425 0.6166667 0.6583333 0.6416667 0.6416667 0.6416667 0.6583333 0.6416667 0.6583333 0.7916667
0.06299213 0.03149606 0.02362205 0.03149606 0.03149606 0.01574803 0.02362205 0.007874016 0 0.03149606 0
0.3114754 0.4672131 0.5901639 0.6639344 0.6639344 0.6639344 0.8032787 0.9016393 0.8360656 0.6639344 0.8606557
0.4193548 0.3629032 0.4354839 0.4354839 0.3870968 0.3709677 0.3064516 0.3145161 0.3064516 0.2661290 0.2903226
0.2661290 0.3064516 0.2741935 0.1693548 0.1451613 0.1451613 0.1370968 0.1451613 0.1935484 0.2177419 0.1209677
0.4132231 0.4628099 0.5950413 0.6528926 0.6363636 0.6198347 0.6280992 0.6115702 0.6198347 0.5950413 0.6033058
0.104 0.128 0.072 0.048 0.024 0.032 0.04 0.032 0.04 0.024 0.04
0.416 0.472 0.664 0.68 0.68 0.68 0.68 0.68 0.68 0.68 0.688
0.184 0.184 0.232 0.112 0.056 0.064 0.032 0.04 0.032 0.056 0.016
0.336 0.384 0.416 0.304 0.264 0.288 0.312 0.272 0.264 0.224 0.208
0.394958 0.4033613 0.5714286 0.6890756 0.6890756 0.6890756 0.6890756 0.6890756 0.6890756 0.8655462 0.8235294
0.056 0.056 0.056 0.312 0.56 0.568 0.56 0.568 0.56 0.56 0.552
0.394958 0.4033613 0.5714286 0.6890756 0.6890756 0.6890756 0.6890756 0.6890756 0.6890756 0.8655462 0.8235294
0.394958 0.4033613 0.5714286 0.6890756 0.6890756 0.6890756 0.6890756 0.6890756 0.6890756 0.8655462 0.8235294
0.3114754 0.4672131 0.5901639 0.6639344 0.6639344 0.6639344 0.8032787 0.9016393 0.8360656 0.6639344 0.8606557
0.008333333 0.08333333 0.09166667 0.1666667 0.2 0.2416667 0.2416667 0.1833333 0.2583333 0.3416667 0.4083333
0.3416667 0.425 0.575 0.6166667 0.625 0.6083333 0.625 0.6166667 0.6 0.5583333 0.625
0.392 0.4 0.56 0.48 0.408 0.424 0.376 0.416 0.36 0.36 0.288
0.384 0.472 0.664 0.68 0.68 0.68 0.68 0.68 0.68 0.68 0.68
0.2540984 0.3442623 0.2868852 0.4508197 0.5 0.4918033 0.4836066 0.4836066 0.4836066 0.4836066 0.4672131
0.4193548 0.4354839 0.5483871 0.5483871 0.5564516 0.5483871 0.5564516 0.5564516 0.5564516 0.5564516 0.5564516
0.392 0.4 0.592 0.664 0.664 0.664 0.68 0.824 0.68 0.664 0.664
0.1404959 0.2396694 0.1487603 0.1322314 0.1074380 0.1074380 0.1404959 0.1239669 0.1074380 0.1404959 0.1239669
0.25 0.2583333 0.2083333 0.1666667 0.2 0.1833333 0.2 0.1916667 0.275 0.2 0.2166667
0.4188034 0.4786325 0.6410256 0.6666667 0.6495726 0.6581197 0.6581197 0.6324786 0.6495726 0.6410256 0.6239316
0.4251969 0.4173228 0.4724409 0.4724409 0.3779528 0.3622047 0.3385827 0.3228346 0.3228346 0.2913386 0.3307087
0.4188034 0.4786325 0.6410256 0.6752137 0.6752137 0.6752137 0.6752137 0.6752137 0.6752137 0.6752137 0.6752137
0.3416667 0.425 0.575 0.6166667 0.625 0.6083333 0.625 0.6166667 0.6 0.5583333 0.625
0.4132231 0.4628099 0.5950413 0.5371901 0.4958678 0.5041322 0.4628099 0.4876033 0.4876033 0.4545455 0.4132231
0.3114754 0.4672131 0.5901639 0.4672131 0.3442623 0.4098361 0.3442623 0.3770492 0.3114754 0.4016393 0.3360656
0.4112903 0.4112903 0.5806452 0.6612903 0.6532258 0.6693548 0.6693548 0.6532258 0.6532258 0.6693548 0.6693548
0.392 0.4 0.592 0.664 0.664 0.664 0.68 0.824 0.68 0.664 0.664
0.4132231 0.4628099 0.5950413 0.661157 0.6694215 0.6859504 0.6694215 0.6859504 0.6694215 0.6859504 0.8347107
0.384 0.288 0.256 0.144 0.104 0.048 0.072 0.096 0.072 0.064 0.064
0.416 0.472 0.544 0.48 0.432 0.432 0.424 0.44 0.392 0.352 0.344
0.4188034 0.4786325 0.6410256 0.6752137 0.6752137 0.6752137 0.6752137 0.6752137 0.6752137 0.6752137 0.6752137
0.1065574 0.1721311 0.2459016 0.4098361 0.4672131 0.5163934 0.4836066 0.4918033 0.4754098 0.4836066 0.4672131
0.1693548 0.2016129 0.1854839 0.0967742 0.1532258 0.1693548 0.1612903 0.1290323 0.1532258 0.2258065 0.1935484
0.338843 0.3801653 0.4297521 0.4132231 0.5206612 0.5289256 0.5371901 0.5289256 0.4876033 0.4793388 0.5371901
0.0940171 0.1282051 0.2051282 0.2564103 0.4786325 0.4529915 0.4615385 0.5128205 0.4786325 0.5384615 0.4786325
0.4132231 0.4628099 0.4628099 0.4628099 0.3553719 0.3719008 0.3471074 0.3223140 0.3719008 0.3223140 0.2892562
0.175 0.225 0.2666667 0.4833333 0.625 0.6416667 0.6416667 0.6416667 0.6416667 0.6416667 0.6416667
0.1451613 0.1209677 0.0967742 0.03225806 0.05645161 0.04032258 0.008064516 0.02419355 0.008064516 0.02419355 0.01612903
0.4251969 0.4173228 0.6141732 0.6850394 0.6850394 0.6850394 0.6850394 0.6850394 0.7007874 0.6850394 0.6850394
0.01612903 0.01612903 0.02419355 0.08064516 0.1370968 0.1532258 0.1451613 0.2258065 0.2419355 0.2661290 0.2903226
0.4132231 0.4628099 0.5950413 0.661157 0.6694215 0.6859504 0.6694215 0.6859504 0.6694215 0.6859504 0.8347107
0.4188034 0.4786325 0.6410256 0.6752137 0.6752137 0.6752137 0.6752137 0.6752137 0.6752137 0.6752137 0.6752137
0.4251969 0.4173228 0.6141732 0.6850394 0.6850394 0.6850394 0.6850394 0.6850394 0.7007874 0.6850394 0.6850394
0.08 0.088 0.208 0.256 0.264 0.376 0.464 0.504 0.536 0.544 0.568
0.3057851 0.3471074 0.3636364 0.4297521 0.338843 0.3305785 0.2975207 0.2975207 0.2892562 0.2396694 0.1900826
0.08 0.088 0.208 0.256 0.264 0.376 0.464 0.504 0.536 0.544 0.568
0.4132231 0.4628099 0.5950413 0.661157 0.6694215 0.6859504 0.6694215 0.6859504 0.6694215 0.6859504 0.8347107
0.1367521 0.1111111 0.1538462 0.1282051 0.2905983 0.2222222 0.2820513 0.2051282 0.2222222 0.2307692 0.2564103
0.4112903 0.4112903 0.5806452 0.6209677 0.6370968 0.6129032 0.6209677 0.5967742 0.6209677 0.6048387 0.5806452
0.4112903 0.4112903 0.5080645 0.5 0.4516129 0.4032258 0.3870968 0.4193548 0.4354839 0.3951613 0.3709677
0.4193548 0.4354839 0.5483871 0.5483871 0.5564516 0.5483871 0.5564516 0.5564516 0.5564516 0.5564516 0.5564516
0.01612903 0.01612903 0.05645161 0.08064516 0.1693548 0.1693548 0.25 0.2983871 0.2903226 0.3709677 0.3870968
0.2177419 0.2096774 0.2580645 0.2016129 0.2580645 0.2419355 0.25 0.2016129 0.2177419 0.2258065 0.2419355
0.394958 0.4033613 0.5714286 0.6890756 0.6890756 0.6890756 0.6890756 0.6890756 0.6890756 0.8655462 0.8235294
0.3114754 0.4672131 0.5901639 0.4672131 0.3442623 0.4098361 0.3442623 0.3770492 0.3114754 0.4016393 0.3360656
0.394958 0.3529412 0.3109244 0.2857143 0.2605042 0.2352941 0.2605042 0.2268908 0.2773109 0.3445378 0.2268908
0.1932773 0.1176471 0.09243697 0.07563025 0.04201681 0.05042017 0.05882353 0.05042017 0.02521008 0.05882353 0.07563025
0.4188034 0.4786325 0.6410256 0.6666667 0.6495726 0.6581197 0.6581197 0.6324786 0.6495726 0.6410256 0.6239316
0.3416667 0.425 0.4333333 0.3916667 0.3416667 0.3666667 0.325 0.3833333 0.375 0.3833333 0.3333333
0.4193548 0.4354839 0.5483871 0.5483871 0.5564516 0.5483871 0.5564516 0.5564516 0.5564516 0.5564516 0.5564516
0.3416667 0.425 0.4 0.4166667 0.3916667 0.375 0.35 0.3666667 0.3166667 0.3916667 0.35
0.4251969 0.4173228 0.6141732 0.6850394 0.6850394 0.6850394 0.6850394 0.6850394 0.7007874 0.6850394 0.6850394
0.1570248 0.2809917 0.3223140 0.4628099 0.5867769 0.6198347 0.6115702 0.5867769 0.5950413 0.5785124 0.5785124
0.1538462 0.1623932 0.1452991 0.1623932 0.1196581 0.0940171 0.1111111 0.1709402 0.1282051 0.1367521 0.0940171
0.4251969 0.4173228 0.6141732 0.6850394 0.6850394 0.6850394 0.6850394 0.6850394 0.7007874 0.6850394 0.6850394
0.09016393 0.09836066 0.1147541 0.06557377 0.04918033 0.04918033 0.05737705 0.04918033 0.07377049 0.04098361 0.05737705
0.394958 0.4033613 0.5714286 0.6890756 0.6890756 0.6890756 0.6890756 0.6890756 0.6890756 0.8655462 0.8235294
0.4188034 0.4786325 0.6410256 0.6752137 0.6752137 0.6752137 0.6752137 0.6752137 0.6752137 0.6752137 0.6752137
0.394958 0.4033613 0.5714286 0.6890756 0.6890756 0.6890756 0.6890756 0.6890756 0.6890756 0.8655462 0.8235294
