0.376 0.472 0.48 0.536 0.544 0.544 0.544 0.544 0.544 0.544 0.544
0.4067797 0.4322034 0.4237288 0.3644068 0.3644068 0.3305085 0.3305085 0.3220339 0.3220339 0.2881356 0.2711864
0.4016393 0.4836066 0.5655738 0.6967213 0.6967213 0.6967213 0.6967213 0.6967213 0.6967213 0.6967213 0.6967213
0.4067797 0.4322034 0.661017 0.5932203 0.6864407 0.6949153 0.6949153 0.8474576 0.9067797 0.8644068 0.6949153
0.2457627 0.2966102 0.2711864 0.2542373 0.220339 0.1864407 0.1694915 0.08474576 0.1610169 0.1355932 0.09322034
0.4016393 0.4836066 0.5655738 0.6967213 0.6967213 0.6967213 0.6967213 0.6967213 0.6967213 0.6967213 0.6967213
0.4016393 0.4836066 0.5655738 0.6639344 0.6803279 0.6721311 0.6721311 0.6721311 0.6721311 0.6311475 0.6393443
0.3305085 0.4491525 0.5338983 0.5254237 0.5423729 0.5423729 0.5762712 0.6016949 0.5762712 0.5847458 0.6271186
0.4126984 0.4523810 0.531746 0.6746032 0.6746032 0.6746032 0.8174603 0.8095238 0.6904762 0.6746032 0.8095238
0.3888889 0.4523810 0.5873016 0.6825397 0.8492063 0.6666667 0.8412698 0.6904762 0.6666667 0.6825397 0.6825397
0.4067797 0.4322034 0.4237288 0.3644068 0.3644068 0.3305085 0.3389831 0.3220339 0.3220339 0.2881356 0.2711864
0.3790323 0.3951613 0.5403226 0.6370968 0.6290323 0.6290323 0.6451613 0.6370968 0.6209677 0.6209677 0.6209677
0.4067797 0.4322034 0.661017 0.5932203 0.6864407 0.6949153 0.6949153 0.8474576 0.9067797 0.8644068 0.6949153
0.4 0.425 0.4666667 0.3916667 0.3416667 0.3166667 0.3 0.2666667 0.2916667 0.2666667 0.3166667
0.4 0.425 0.575 0.625 0.625 0.6166667 0.6166667 0.5916667 0.5916667 0.6166667 0.5833333
0.4 0.425 0.575 0.5083333 0.4333333 0.475 0.4 0.4083333 0.3166667 0.3833333 0.325
0.1487603 0.1404959 0.1900826 0.1652893 0.1983471 0.2066116 0.1818182 0.2066116 0.2561983 0.2479339 0.1570248
0.4126984 0.4523810 0.531746 0.6746032 0.6746032 0.6746032 0.8174603 0.8095238 0.6904762 0.6746032 0.8095238
0.09166667 0.05833333 0.06666667 0.04166667 0.05 0.025 0.05 0.04166667 0.05 0.05833333 0.05833333
0.352459 0.352459 0.3196721 0.2377049 0.2786885 0.2131148 0.2786885 0.3032787 0.2786885 0.1967213 0.3196721
0.2460317 0.1825397 0.2380952 0.1507937 0.1507937 0.1269841 0.1349206 0.1269841 0.1349206 0.2380952 0.1111111
0.4067797 0.4322034 0.559322 0.5338983 0.5508475 0.5338983 0.5338983 0.5169492 0.5169492 0.5254237 0.4830508
0.4237288 0.4491525 0.6440678 0.6525424 0.661017 0.661017 0.661017 0.661017 0.661017 0.661017 0.661017
0.072 0.144 0.224 0.2 0.184 0.2 0.16 0.12 0.072 0.168 0.128
0.25 0.2419355 0.2741935 0.2419355 0.2419355 0.1935484 0.2177419 0.2338710 0.1935484 0.2016129 0.2016129
0.1190476 0.1349206 0.1428571 0.1428571 0.1111111 0.1349206 0.1666667 0.1111111 0.1349206 0.1111111 0.1349206
0.4132231 0.4545455 0.5619835 0.5206612 0.4628099 0.4876033 0.4297521 0.4545455 0.4214876 0.4214876 0.4628099
0.1451613 0.08064516 0.06451613 0.03225806 0.0483871 0.03225806 0.02419355 0.0483871 0.03225806 0.04032258 0.05645161
0.192 0.096 0.072 0.04 0.056 0.032 0.048 0.056 0.056 0.056 0.064
0.4016393 0.4836066 0.5655738 0.6639344 0.6803279 0.6721311 0.6721311 0.6721311 0.6721311 0.6311475 0.6393443
0.1355932 0.06779661 0.05084746 0.03389831 0.01694915 0.008474576 0.008474576 0.01694915 0.008474576 0.008474576 0.008474576
0.4067797 0.4322034 0.559322 0.5338983 0.5508475 0.5338983 0.5338983 0.5169492 0.5169492 0.5254237 0.4830508
0.4 0.425 0.575 0.5083333 0.4333333 0.475 0.4 0.4083333 0.3166667 0.3833333 0.325
0.2419355 0.2338710 0.2983871 0.2419355 0.2822581 0.2822581 0.2983871 0.2661290 0.25 0.2661290 0.2338710
0.4 0.425 0.6416667 0.6583333 0.6583333 0.65 0.6583333 0.8166667 0.85 0.8166667 0.825
0.1610169 0.1440678 0.08474576 0.09322034 0.05932203 0.01694915 0.02542373 0.03389831 0.02542373 0.04237288 0.01694915
0.2975207 0.2975207 0.2479339 0.1818182 0.1074380 0.09917355 0.0909091 0.0661157 0.1404959 0.1074380 0.1239669
0.220339 0.1694915 0.2033898 0.1525424 0.1694915 0.1610169 0.1694915 0.1186441 0.1949153 0.1694915 0.1271186
0.3888889 0.4523810 0.5238095 0.6587302 0.6349206 0.6349206 0.6507937 0.6349206 0.6349206 0.6190476 0.6190476
0.4067797 0.4322034 0.661017 0.5932203 0.6864407 0.6949153 0.6949153 0.8474576 0.9067797 0.8644068 0.6949153
0.4126984 0.4523810 0.531746 0.4920635 0.4444444 0.4206349 0.4523810 0.4126984 0.3968254 0.3888889 0.4206349
0.4112903 0.4758065 0.483871 0.4112903 0.4032258 0.3387097 0.3225806 0.3225806 0.2580645 0.3145161 0.3145161
0.4237288 0.4491525 0.6440678 0.6525424 0.661017 0.661017 0.661017 0.661017 0.661017 0.661017 0.661017
0.2118644 0.2118644 0.2118644 0.1779661 0.1101695 0.1355932 0.08474576 0.1186441 0.1186441 0.1016949 0.1016949
0.4 0.425 0.575 0.5083333 0.4333333 0.475 0.4 0.4083333 0.3166667 0.3833333 0.325
0.4237288 0.4491525 0.6440678 0.6101695 0.6271186 0.6271186 0.6186441 0.6186441 0.6186441 0.6271186 0.6271186
0.4067797 0.4322034 0.661017 0.5932203 0.6864407 0.6949153 0.6949153 0.8474576 0.9067797 0.8644068 0.6949153
0.3790323 0.3951613 0.5403226 0.516129 0.483871 0.4596774 0.4677419 0.4596774 0.4193548 0.3951613 0.4112903
0.4067797 0.4322034 0.661017 0.5932203 0.6864407 0.6949153 0.6949153 0.8474576 0.9067797 0.8644068 0.6949153
0.4 0.425 0.6416667 0.6583333 0.6583333 0.65 0.6583333 0.8166667 0.85 0.8166667 0.825
0.3666667 0.3333333 0.2583333 0.3083333 0.4083333 0.4416667 0.2833333 0.3166667 0.3833333 0.4083333 0.45
0.376 0.472 0.48 0.536 0.544 0.544 0.544 0.544 0.544 0.544 0.544
0.04761905 0.04761905 0.05555556 0.3095238 0.5555556 0.547619 0.5555556 0.5634921 0.5555556 0.5634921 0.547619
0.3305085 0.3983051 0.3728814 0.3559322 0.3389831 0.3220339 0.3813559 0.3389831 0.3474576 0.3898305 0.3135593
0.2372881 0.2457627 0.2033898 0.1271186 0.05932203 0.08474576 0.08474576 0.07627119 0.06779661 0.1016949 0.1355932
0.06666667 0.1416667 0.2333333 0.25 0.1833333 0.2166667 0.25 0.2916667 0.3416667 0.4083333 0.45
0.2644628 0.2727273 0.2561983 0.2809917 0.4049587 0.2727273 0.4132231 0.4793388 0.4545455 0.4545455 0.338843
0.05555556 0.1031746 0.1666667 0.2142857 0.4444444 0.5238095 0.515873 0.515873 0.4920635 0.5079365 0.4444444
0.4237288 0.3983051 0.3728814 0.3559322 0.3389831 0.3220339 0.3813559 0.3389831 0.3474576 0.3898305 0.3220339
0.4016393 0.4836066 0.5655738 0.6967213 0.6967213 0.6967213 0.6967213 0.6967213 0.6967213 0.6967213 0.6967213
0.4237288 0.4491525 0.6440678 0.6525424 0.661017 0.661017 0.661017 0.661017 0.661017 0.661017 0.661017
0.3629032 0.3145161 0.2903226 0.2016129 0.2338710 0.25 0.25 0.3064516 0.3467742 0.25 0.2741935
0.4016393 0.4836066 0.5655738 0.6967213 0.6967213 0.6967213 0.6967213 0.6967213 0.6967213 0.6967213 0.6967213
0.05555556 0.05555556 0.02380952 0.02380952 0.02380952 0.02380952 0.007936508 0.01587302 0.007936508 0.007936508 0.01587302
0.4126984 0.4523810 0.531746 0.6746032 0.6746032 0.6746032 0.8174603 0.8095238 0.6904762 0.6746032 0.8095238
0.4016393 0.4098361 0.4344262 0.4590164 0.352459 0.3442623 0.3278689 0.2950820 0.2868852 0.2786885 0.2622951
0.272 0.192 0.248 0.176 0.184 0.192 0.168 0.12 0.136 0.16 0.128
0.4132231 0.4545455 0.4545455 0.6280992 0.6033058 0.6363636 0.6280992 0.6363636 0.6115702 0.5785124 0.6115702
0.2213115 0.1803279 0.08196721 0.05737705 0.05737705 0.04098361 0.03278689 0.02459016 0.03278689 0.04098361 0.08196721
0.376 0.472 0.48 0.536 0.544 0.544 0.544 0.544 0.544 0.544 0.544
0.184 0.096 0.088 0.088 0.056 0.08 0.056 0.056 0.056 0.024 0.048
0.3387097 0.3467742 0.4274194 0.3145161 0.3306452 0.3145161 0.3629032 0.2580645 0.2580645 0.2903226 0.2338710
0.4132231 0.4545455 0.5619835 0.661157 0.661157 0.661157 0.661157 0.661157 0.677686 0.661157 0.661157
0.0661157 0.05785124 0.1074380 0.3057851 0.5454545 0.553719 0.553719 0.553719 0.5454545 0.5454545 0.5454545
0.3888889 0.4523810 0.5873016 0.6825397 0.8492063 0.6666667 0.8412698 0.6904762 0.6666667 0.6825397 0.6825397
0.4132231 0.4545455 0.5619835 0.661157 0.661157 0.661157 0.661157 0.661157 0.677686 0.661157 0.661157
0.4132231 0.4545455 0.5619835 0.661157 0.661157 0.661157 0.661157 0.661157 0.677686 0.661157 0.661157
0 0.008264463 0 0.01652893 0.01652893 0.1074380 0.1652893 0.2066116 0.1900826 0.3057851 0.3140496
0.4237288 0.4491525 0.6440678 0.6101695 0.6271186 0.6271186 0.6186441 0.6186441 0.6186441 0.6271186 0.6271186
0.4126984 0.4523810 0.531746 0.4920635 0.4444444 0.4206349 0.4523810 0.4126984 0.3968254 0.3888889 0.4206349
0.4016393 0.4836066 0.5655738 0.6967213 0.6967213 0.6967213 0.6967213 0.6967213 0.6967213 0.6967213 0.6967213
0.4067797 0.4322034 0.559322 0.5338983 0.5508475 0.5338983 0.5338983 0.5169492 0.5169492 0.5254237 0.4830508
0.3888889 0.4523810 0.5873016 0.6825397 0.8492063 0.6666667 0.8412698 0.6904762 0.6666667 0.6825397 0.6825397
0.4112903 0.4758065 0.6290323 0.6612903 0.6612903 0.6612903 0.6612903 0.6774194 0.6774194 0.6612903 0.6612903
0.1864407 0.1949153 0.1949153 0.1779661 0.1016949 0.1355932 0.1355932 0.1694915 0.1694915 0.1694915 0.1525424
0.279661 0.3050847 0.3050847 0.4830508 0.4745763 0.4745763 0.5 0.4830508 0.5084746 0.4661017 0.4576271
0.376 0.472 0.48 0.536 0.544 0.544 0.544 0.544 0.544 0.544 0.544
0.4 0.425 0.4666667 0.3916667 0.3416667 0.3166667 0.2833333 0.2666667 0.2916667 0.2666667 0.3166667
0.4112903 0.4758065 0.6290323 0.6612903 0.6612903 0.6612903 0.6612903 0.6774194 0.6774194 0.6612903 0.6612903
0.4 0.425 0.575 0.625 0.625 0.6166667 0.6166667 0.5916667 0.5916667 0.6166667 0.5833333
0.4237288 0.4491525 0.4830508 0.4152542 0.440678 0.4152542 0.3813559 0.3644068 0.3474576 0.3135593 0.3389831
0.4112903 0.4758065 0.5322581 0.4112903 0.4193548 0.3870968 0.3951613 0.3870968 0.3790323 0.3629032 0.3548387
0.3790323 0.3951613 0.5403226 0.6693548 0.6693548 0.6693548 0.6693548 0.6693548 0.6693548 0.6693548 0.6693548
0.3790323 0.3951613 0.5403226 0.6693548 0.6693548 0.6693548 0.6693548 0.6693548 0.6693548 0.6693548 0.6693548
0.4067797 0.4322034 0.661017 0.5932203 0.6864407 0.6949153 0.6949153 0.8474576 0.9067797 0.8644068 0.6949153
0.3 0.25 0.1416667 0.1 0.08333333 0.08333333 0.125 0.1083333 0.06666667 0.1 0.1666667
0.3790323 0.3951613 0.5403226 0.516129 0.483871 0.4596774 0.4677419 0.4596774 0.4193548 0.3951613 0.4112903
0.3790323 0.3951613 0.5403226 0.6693548 0.6693548 0.6693548 0.6693548 0.6693548 0.6693548 0.6693548 0.6693548
0.1735537 0.2892562 0.2975207 0.2975207 0.5041322 0.3719008 0.5289256 0.5289256 0.5371901 0.5206612 0.4628099
0.25 0.2419355 0.1854839 0.1854839 0.1048387 0.1048387 0.1290323 0.1612903 0.1451613 0.1129032 0.1532258
0.3790323 0.3951613 0.3709677 0.3709677 0.483871 0.4596774 0.4758065 0.4677419 0.4919355 0.5322581 0.5241935
0.07142857 0.1111111 0.2142857 0.3571429 0.4444444 0.515873 0.5 0.468254 0.5 0.484127 0.4523810
0.4237288 0.3983051 0.3813559 0.3559322 0.3559322 0.3220339 0.3813559 0.3389831 0.3474576 0.3898305 0.3389831
0.1967213 0.2213115 0.3442623 0.5983607 0.6803279 0.6885246 0.6885246 0.6885246 0.6885246 0.6885246 0.6885246
0.1949153 0.1610169 0.09322034 0.09322034 0.05932203 0.05932203 0.05084746 0.05932203 0.04237288 0.05084746 0.02542373
0.4126984 0.4523810 0.531746 0.6746032 0.6746032 0.6746032 0.8174603 0.8095238 0.6904762 0.6746032 0.8095238
0.02380952 0.02380952 0.1190476 0.1507937 0.2063492 0.2142857 0.1746032 0.2698413 0.3333333 0.3650794 0.4047619
0.3790323 0.3951613 0.5403226 0.6693548 0.6693548 0.6693548 0.6693548 0.6693548 0.6693548 0.6693548 0.6693548
0.4237288 0.4491525 0.6440678 0.6525424 0.661017 0.661017 0.661017 0.661017 0.661017 0.661017 0.661017
0.4132231 0.4545455 0.5619835 0.661157 0.661157 0.661157 0.661157 0.661157 0.677686 0.661157 0.661157
0.01652893 0.01652893 0.01652893 0.01652893 0.0661157 0.2066116 0.2561983 0.2479339 0.3140496 0.3884298 0.4132231
0.376 0.4 0.376 0.384 0.36 0.288 0.312 0.2 0.232 0.28 0.24
0.25 0.3083333 0.35 0.3416667 0.3916667 0.4416667 0.4916667 0.5333333 0.5333333 0.5583333 0.625
0.4237288 0.4491525 0.6440678 0.6525424 0.661017 0.661017 0.661017 0.661017 0.661017 0.661017 0.661017
0.1239669 0.09917355 0.1404959 0.2231405 0.1983471 0.2644628 0.2727273 0.2479339 0.3305785 0.1818182 0.2644628
0.3888889 0.4523810 0.5238095 0.6587302 0.6349206 0.6349206 0.6507937 0.6349206 0.6349206 0.6190476 0.6190476
0.376 0.472 0.44 0.464 0.4 0.4 0.408 0.368 0.4 0.376 0.392
0.4112903 0.4758065 0.6290323 0.6612903 0.6612903 0.6612903 0.6612903 0.6774194 0.6774194 0.6612903 0.6612903
0.04918033 0.04918033 0.09016393 0.1311475 0.1721311 0.2295082 0.2377049 0.3278689 0.3442623 0.4508197 0.4262295
0.2983871 0.3064516 0.3064516 0.25 0.2338710 0.2822581 0.2419355 0.2177419 0.2016129 0.2822581 0.2741935
0.4 0.425 0.6416667 0.6583333 0.6583333 0.65 0.6583333 0.8166667 0.7083333 0.8166667 0.825
0.4112903 0.4758065 0.5322581 0.4193548 0.4193548 0.3951613 0.4032258 0.3870968 0.3790323 0.3629032 0.3548387
0.1190476 0.1349206 0.1428571 0.1428571 0.1111111 0.1349206 0.1746032 0.1111111 0.1666667 0.1190476 0.1349206
0.1451613 0.08064516 0.06451613 0.03225806 0.0483871 0.03225806 0.02419355 0.0483871 0.03225806 0.04032258 0.05645161
0.4132231 0.4545455 0.5619835 0.6280992 0.6033058 0.6363636 0.6363636 0.6363636 0.6115702 0.5950413 0.6280992
0.4112903 0.4758065 0.5322581 0.4193548 0.4193548 0.3951613 0.4032258 0.3870968 0.3790323 0.3629032 0.3548387
0.4 0.425 0.575 0.625 0.625 0.6166667 0.6166667 0.5916667 0.5916667 0.6166667 0.5833333
0.4237288 0.4491525 0.3813559 0.3559322 0.3389831 0.3220339 0.3813559 0.3389831 0.3474576 0.3898305 0.3389831
0.4067797 0.4322034 0.661017 0.5932203 0.6864407 0.6949153 0.6949153 0.8474576 0.9067797 0.8644068 0.6949153
0.1693548 0.25 0.3629032 0.5645161 0.5725806 0.5887097 0.6048387 0.6209677 0.6129032 0.5967742 0.6048387
0.08 0.08 0.064 0.088 0.112 0.12 0.088 0.12 0.096 0.088 0.136
0.4016393 0.4836066 0.5655738 0.6967213 0.6967213 0.6967213 0.6967213 0.6967213 0.6967213 0.6967213 0.6967213
0.1984127 0.1746032 0.1746032 0.1269841 0.08730159 0.0952381 0.08730159 0.06349206 0.07142857 0.05555556 0.04761905
0.4067797 0.4322034 0.661017 0.5932203 0.6864407 0.6949153 0.6949153 0.8474576 0.9067797 0.8644068 0.6949153
0.4067797 0.4322034 0.661017 0.5932203 0.6864407 0.6949153 0.6949153 0.8474576 0.9067797 0.8644068 0.6949153
0.4016393 0.4836066 0.5655738 0.6967213 0.6967213 0.6967213 0.6967213 0.6967213 0.6967213 0.6967213 0.6967213
