0.705036 0.705036 0.7122302 0.7122302 0.7122302 0.7122302 0.7122302 0.7122302 0.7122302 0.7122302 0.5683453
0.2928571 0.3071429 0.3214286 0.3428571 0.3428571 0.3142857 0.3428571 0.3357143 0.3071429 0.3 0.3142857
0.6356589 0.6899225 0.6434109 0.6124031 0.503876 0.5193798 0.627907 0.627907 0.620155 0.620155 0.6124031
0.7209302 0.744186 0.744186 0.7596899 0.7364341 0.7364341 0.744186 0.7596899 0.751938 0.7286822 0.6434109
0.2777778 0.2777778 0.3125 0.3125 0.3194444 0.3194444 0.3194444 0.3194444 0.3194444 0.3125 0.3125
0.7014925 0.7089552 0.7238806 0.7089552 0.7238806 0.7164179 0.7238806 0.7164179 0.738806 0.7164179 0.5820896
0.705036 0.705036 0.7194245 0.7122302 0.7266187 0.7266187 0.7266187 0.733813 0.7266187 0.7194245 0.5683453
0.5081967 0.5327869 0.5491803 0.2868852 0.4180328 0.6147541 0.3032787 0.2950820 0.2786885 0.2622951 0.2622951
0.4925373 0.5 0.5298507 0.4925373 0.5074627 0.5 0.4850746 0.4925373 0.4850746 0.5 0.4776119
0.7226277 0.7226277 0.7226277 0.729927 0.7226277 0.7226277 0.729927 0.729927 0.7153285 0.729927 0.5912409
0.6875 0.7083333 0.6944444 0.7152778 0.7222222 0.7152778 0.7083333 0.5486111 0.5138889 0.7152778 0.4722222
0.2043796 0.2043796 0.2043796 0.2116788 0.2116788 0.2116788 0.2116788 0.2262774 0.2043796 0.2043796 0.2043796
0.5983607 0.6557377 0.6311475 0.6147541 0.2950820 0.5327869 0.5983607 0.6147541 0.6065574 0.5983607 0.5983607
0.7226277 0.7226277 0.7226277 0.729927 0.7226277 0.7226277 0.729927 0.729927 0.7153285 0.729927 0.5912409
0.2377049 0.2786885 0.3114754 0.3770492 0.4590164 0.3114754 0.3688525 0.3688525 0.3606557 0.352459 0.3278689
0.5819672 0.6147541 0.6147541 0.5901639 0.2950820 0.5327869 0.5901639 0.5901639 0.5901639 0.5819672 0.5819672
0.2459016 0.3114754 0.3278689 0.3852459 0.4590164 0.3196721 0.3688525 0.3688525 0.3934426 0.352459 0.3278689
0.4836066 0.4836066 0.2622951 0.2786885 0.3770492 0.2786885 0.2704918 0.2704918 0.2622951 0.2213115 0.2213115
0.7209302 0.744186 0.744186 0.7596899 0.7364341 0.7364341 0.744186 0.7596899 0.751938 0.7286822 0.6434109
0.2928571 0.3571429 0.3428571 0.3428571 0.3428571 0.3142857 0.3428571 0.3357143 0.3071429 0.3 0.3142857
0.4532374 0.4532374 0.4604317 0.352518 0.3381295 0.4532374 0.3309353 0.3309353 0.323741 0.2661871 0.2661871
0.2089552 0.1641791 0.1119403 0.1119403 0.1119403 0.1119403 0.1194030 0.08955224 0.1119403 0.1119403 0.1119403
0.1824818 0.06569343 0.06569343 0.1021898 0.06569343 0.1021898 0.05839416 0.06569343 0.05839416 0.06569343 0.06569343
0.7014925 0.7089552 0.7238806 0.7089552 0.7238806 0.7164179 0.7238806 0.7164179 0.738806 0.7164179 0.5820896
0.04098361 0.1557377 0.2377049 0.2377049 0.2295082 0.1475410 0.2131148 0.2213115 0.1639344 0.1639344 0.1721311
0.4172662 0.1151079 0.1151079 0.1223022 0.1223022 0.1151079 0.1151079 0.1223022 0.1151079 0.1151079 0.1151079
0.3643411 0.3875969 0.4418605 0.3565891 0.3643411 0.3643411 0.3565891 0.3565891 0.3565891 0.3565891 0.3488372
0.1065574 0.04098361 0.04918033 0.04918033 0.04918033 0 0.04918033 0.05737705 0.02459016 0.04918033 0.04918033
0.1811594 0.1521739 0.1086957 0.1159420 0.1086957 0.1014493 0.1014493 0.007246377 0.1014493 0.1014493 0.1014493
0.7209302 0.744186 0.744186 0.7596899 0.7364341 0.7364341 0.744186 0.7596899 0.751938 0.7286822 0.6434109
0.01428571 0.01428571 0.02857143 0 0.02142857 0 0.01428571 0.007142857 0.01428571 0 0
0.4508197 0.1803279 0.1229508 0.1147541 0.1147541 0.1229508 0.1229508 0.1311475 0.1229508 0.1229508 0.1311475
0.1532847 0.08029197 0.08029197 0.05839416 0.05839416 0.06569343 0.08029197 0.08759124 0.08759124 0.08029197 0.1167883
0.2446043 0.2589928 0.2661871 0.2374101 0.2302158 0.2302158 0.2517986 0.2517986 0.2661871 0.3669065 0.3669065
0.6978417 0.6978417 0.6978417 0.6978417 0.6978417 0.6978417 0.6978417 0.6978417 0.6978417 0.6978417 0.5683453
0.1376812 0.07971014 0.07971014 0.07971014 0.07971014 0.07971014 0 0.007246377 0 0 0.07971014
0.08759124 0.03649635 0.00729927 0 0 0 0 0.02189781 0 0 0
0.1716418 0.2089552 0.2388060 0.2014925 0.2014925 0.2313433 0.2014925 0.2089552 0.1791045 0.1791045 0.1417910
0.619403 0.6641791 0.6343284 0.6268657 0.5895522 0.5895522 0.5895522 0.6044776 0.5895522 0.5895522 0.5820896
0.6967213 0.7131148 0.7459016 0.7622951 0.7295082 0.7213115 0.7213115 0.7377049 0.7377049 0.704918 0.6147541
0.2189781 0.270073 0.270073 0.2627737 0.2189781 0.2335766 0.2043796 0.2627737 0.2554745 0.2554745 0.2481752
0.7122302 0.7266187 0.733813 0.733813 0.733813 0.7194245 0.7410072 0.7194245 0.733813 0.7410072 0.6115108
0.125 0.09722222 0.1041667 0.1041667 0.1041667 0.1111111 0.08333333 0.09027778 0.08333333 0.1111111 0.1111111
0.3134328 0.3880597 0.380597 0.3507463 0.3582090 0.3656716 0.3432836 0.3582090 0.3432836 0.3283582 0.3358209
0.3134328 0.3880597 0.380597 0.3507463 0.3582090 0.3656716 0.3432836 0.3582090 0.3432836 0.3283582 0.3358209
0.5736434 0.5736434 0.5968992 0.5813953 0.4806202 0.4883721 0.5813953 0.5813953 0.5813953 0.5736434 0.5736434
0.6884058 0.6884058 0.6884058 0.6884058 0.6884058 0.6884058 0.6884058 0.6086957 0.6884058 0.6884058 0.5869565
0.6967213 0.7131148 0.7459016 0.7622951 0.7295082 0.7213115 0.7213115 0.7377049 0.7377049 0.704918 0.6147541
0.5839416 0.6642336 0.6423358 0.6350365 0.4525547 0.459854 0.4817518 0.6131387 0.5912409 0.5839416 0.9124088
0.557971 0.6086957 0.6086957 0.5652174 0.5652174 0.5652174 0.5652174 0.5724638 0.5652174 0.557971 0.557971
0.2459016 0.2868852 0.3196721 0.3852459 0.4590164 0.3196721 0.3688525 0.3688525 0.3688525 0.352459 0.3278689
0.6044776 0.5970149 0.6044776 0.5970149 0.5895522 0.5895522 0.6044776 0.641791 0.5895522 0.5895522 0.5820896
0.7122302 0.7266187 0.733813 0.733813 0.733813 0.7194245 0.7410072 0.7194245 0.733813 0.7410072 0.6115108
0.7209302 0.744186 0.744186 0.7596899 0.7364341 0.7364341 0.744186 0.7596899 0.751938 0.7286822 0.6434109
0.4925373 0.5074627 0.5373134 0.4925373 0.5074627 0.5 0.4850746 0.4925373 0.4850746 0.5 0.4776119
0.5983607 0.6311475 0.6229508 0.6147541 0.2950820 0.5327869 0.6147541 0.647541 0.6229508 0.6147541 0.6147541
0.2213115 0.2540984 0.2704918 0.352459 0.3852459 0.2868852 0.352459 0.352459 0.3442623 0.3360656 0.3278689
0.02325581 0.02325581 0.05426357 0.05426357 0.04651163 0.05426357 0.05426357 0.06976744 0.04651163 0.05426357 0
0.4285714 0.45 0.4428571 0.4428571 0.45 0.45 0.4357143 0.4428571 0.4357143 0.4285714 0.4357143
0.5766423 0.5620438 0.5693431 0.5766423 0.5766423 0.5985401 0.5693431 0.5766423 0.5766423 0.5693431 0.4817518
0.5 0.4918033 0.2786885 0.2540984 0.2540984 0.2459016 0.2540984 0.1557377 0.2459016 0.2131148 0.2131148
0.2661871 0.2661871 0.2733813 0.2446043 0.2374101 0.2374101 0.294964 0.294964 0.2877698 0.3741007 0.3741007
0.5766423 0.5620438 0.5693431 0.5766423 0.5766423 0.5985401 0.5693431 0.5766423 0.5766423 0.5693431 0.4817518
0.6967213 0.7131148 0.7459016 0.7622951 0.7295082 0.7213115 0.7213115 0.7377049 0.7377049 0.704918 0.6147541
0.2985075 0.3358209 0.3358209 0.3358209 0.3358209 0.3358209 0.3358209 0.3432836 0.3358209 0.3283582 0.3358209
0.7209302 0.744186 0.744186 0.7596899 0.7364341 0.7364341 0.744186 0.7596899 0.751938 0.7286822 0.6434109
0.02325581 0.02325581 0.05426357 0.05426357 0.04651163 0.05426357 0.05426357 0.06976744 0.04651163 0.05426357 0
0.7122302 0.7266187 0.733813 0.733813 0.733813 0.7194245 0.7410072 0.7194245 0.733813 0.7410072 0.6115108
0.2481752 0.2189781 0.2116788 0.1970803 0.1970803 0.1970803 0.1970803 0.1605839 0.2262774 0.2116788 0.2116788
0.3643411 0.3875969 0.3875969 0.3565891 0.3643411 0.3643411 0.3565891 0.3565891 0.3565891 0.3565891 0.3488372
0.5736434 0.5736434 0.5968992 0.5813953 0.4806202 0.4883721 0.5813953 0.5813953 0.5813953 0.5736434 0.5736434
0.08029197 0.02189781 0 0 0 0 0 0.00729927 0 0 0
0.6115108 0.5971223 0.5971223 0.6115108 0.4028777 0.352518 0.6043165 0.6330935 0.5971223 0.589928 0.6115108
0.1678832 0.1605839 0.1167883 0.1167883 0.1167883 0.1167883 0.1313869 0.1240876 0.1094891 0.1021898 0.1021898
0.2847222 0.3125 0.3402778 0.3611111 0.3680556 0.3472222 0.3541667 0.3541667 0.3611111 0.3263889 0.3402778
0.705036 0.705036 0.7194245 0.7122302 0.7266187 0.7266187 0.7266187 0.733813 0.7266187 0.7194245 0.5683453
0.5983607 0.5819672 0.5819672 0.5983607 0.2950820 0.5327869 0.6147541 0.647541 0.6229508 0.6147541 0.6147541
0.6967213 0.7131148 0.7459016 0.7622951 0.7295082 0.7213115 0.7213115 0.7377049 0.7377049 0.704918 0.6147541
0.705036 0.705036 0.7194245 0.7122302 0.7266187 0.7266187 0.7266187 0.733813 0.7266187 0.7194245 0.5683453
0.7209302 0.744186 0.744186 0.7596899 0.7364341 0.7364341 0.744186 0.7596899 0.751938 0.7286822 0.6434109
0 0.1240876 0.1240876 0.1240876 0.1313869 0.1094891 0.1094891 0.2116788 0.1970803 0.1970803 0.1970803
0.5208333 0.5416667 0.5138889 0.4861111 0.5138889 0.4652778 0.4722222 0.5486111 0.5138889 0.4861111 0.4722222
0.7226277 0.7226277 0.7226277 0.729927 0.7226277 0.7226277 0.729927 0.729927 0.7153285 0.729927 0.5912409
0.2846715 0.2992701 0.2846715 0.2846715 0.2846715 0.2846715 0.2846715 0.2919708 0.2846715 0.2846715 0.2846715
0.6721311 0.6721311 0.6721311 0.6721311 0.6721311 0.6721311 0.6721311 0.6065574 0.6721311 0.6721311 0.6147541
0.1366906 0.1870504 0.1798561 0.1798561 0.1798561 0.1798561 0.1726619 0.1870504 0.1726619 0.1654676 0.1798561
0.4525547 0.4525547 0.4379562 0.4452555 0.5693431 0.5693431 0.5693431 0.4379562 0.4306569 0.4233577 0.4233577
0.7014925 0.7089552 0.7238806 0.7089552 0.7238806 0.7164179 0.7238806 0.7164179 0.738806 0.7164179 0.5820896
0.6884058 0.6884058 0.6884058 0.6884058 0.6884058 0.6884058 0.6884058 0.6086957 0.6884058 0.6884058 0.5869565
0.1240876 0.05839416 0.05839416 0.08759124 0.06569343 0.05839416 0.05839416 0.06569343 0.05839416 0.05839416 0.05839416
0.3255814 0.372093 0.3798450 0.3875969 0.3643411 0.3643411 0.3565891 0.3565891 0.3565891 0.3565891 0.3488372
0.2083333 0.08333333 0.08333333 0.08333333 0.08333333 0.09027778 0.1180556 0.1180556 0.1111111 0.08333333 0.08333333
0.7209302 0.744186 0.744186 0.7596899 0.7364341 0.7364341 0.744186 0.7596899 0.751938 0.7286822 0.6434109
0.5983607 0.6639344 0.6311475 0.6147541 0.2950820 0.5327869 0.6147541 0.6311475 0.6229508 0.6147541 0.6147541
0.6967213 0.704918 0.704918 0.704918 0.704918 0.704918 0.704918 0.704918 0.704918 0.704918 0.6147541
0.2661871 0.2589928 0.2661871 0.2661871 0.2661871 0.2661871 0.2661871 0.2877698 0.3741007 0.381295 0.3741007
0.6967213 0.7131148 0.7459016 0.7622951 0.7295082 0.7213115 0.7213115 0.7377049 0.7377049 0.704918 0.6147541
0.5426357 0.5271318 0.496124 0.503876 0.6124031 0.620155 0.496124 0.496124 0.496124 0.4883721 0.4883721
0.4172662 0.1151079 0.1151079 0.1223022 0.1223022 0.1151079 0.1151079 0.1223022 0.1151079 0.1151079 0.1151079
0.3478261 0.384058 0.3768116 0.3260870 0.3260870 0.3260870 0.3623188 0.3405797 0.3188406 0.3188406 0.3115942
0.6967213 0.7131148 0.7459016 0.7622951 0.7295082 0.7213115 0.7213115 0.7377049 0.7377049 0.704918 0.6147541
0.2928571 0.3571429 0.3428571 0.3428571 0.3428571 0.3142857 0.3428571 0.3357143 0.3071429 0.3 0.3142857
0.7226277 0.7226277 0.7226277 0.729927 0.7226277 0.7226277 0.729927 0.729927 0.7153285 0.729927 0.5912409
0.2898551 0.3405797 0.3333333 0.3260870 0.3260870 0.3260870 0.3623188 0.3405797 0.3188406 0.3188406 0.3115942
0.4652778 0.4583333 0.4444444 0.4375 0.3125 0 0 0 0 0.4513889 0.4722222
0.1065574 0.04098361 0.04918033 0.04918033 0.04918033 0 0.04918033 0.05737705 0.02459016 0.04918033 0.04918033
0.5766423 0.5620438 0.5693431 0.5766423 0.5766423 0.5985401 0.5693431 0.5766423 0.5766423 0.5693431 0.4817518
0.2773723 0.3284672 0.3357664 0.3211679 0.3138686 0.3138686 0.3138686 0.3284672 0.3211679 0.3138686 0.3138686
0.7122302 0.7266187 0.733813 0.733813 0.733813 0.7194245 0.7410072 0.7194245 0.733813 0.7410072 0.6115108
0.5298507 0.5298507 0.5074627 0.4925373 0.5074627 0.5 0.4850746 0.4925373 0.4850746 0.5 0.4776119
0.06428571 0.06428571 0.07857143 0.06428571 0.05714286 0.06428571 0.05714286 0.06428571 0.05 0.05714286 0.07857143
0.1313869 0.1970803 0.1970803 0.2043796 0.2043796 0.2043796 0.2043796 0.2116788 0.1970803 0.1970803 0.1970803
0.4347826 0.4347826 0.4347826 0.442029 0.4347826 0.4347826 0.4347826 0.4492754 0.442029 0.4347826 0.4347826
0.0647482 0.0647482 0.0647482 0.07913669 0.05035971 0.07913669 0.08633094 0.0647482 0.05755396 0.08633094 0.02877698
0.5 0.4918033 0.2786885 0.2540984 0.2540984 0.2459016 0.2540984 0.1557377 0.2459016 0.2131148 0.2131148
0.4637681 0.4565217 0.4710145 0.4855072 0.4782609 0.5 0.4782609 0.4855072 0.4637681 0.4637681 0.4927536
0.7142857 0.7214286 0.6857143 0.6928571 0.7142857 0.7 0.7 0.7071429 0.7214286 0.6928571 0.5571429
0.7014925 0.7089552 0.7238806 0.7089552 0.7238806 0.7164179 0.7238806 0.7164179 0.738806 0.7164179 0.5820896
0.1223022 0.1870504 0.1870504 0.1942446 0.1942446 0.1870504 0.1942446 0.2086331 0.2302158 0.2158273 0.2302158
0.6884058 0.7101449 0.7101449 0.7101449 0.7101449 0.7028986 0.7028986 0.7101449 0.7101449 0.7101449 0.5869565
0.5766423 0.5620438 0.5693431 0.5766423 0.5766423 0.5985401 0.5693431 0.5766423 0.5766423 0.5693431 0.4817518
0.7226277 0.7226277 0.7226277 0.729927 0.7226277 0.7226277 0.729927 0.729927 0.7153285 0.729927 0.5912409
0 0.1014493 0.1449275 0.1449275 0.1449275 0.1521739 0.1666667 0.1884058 0.1449275 0.1811594 0.1304348
0.5327869 0.5409836 0.5491803 0.2868852 0.4180328 0.6147541 0.3032787 0.2950820 0.2786885 0.2622951 0.2622951
0.2377049 0.2786885 0.3114754 0.3770492 0.4590164 0.3114754 0.3688525 0.3688525 0.3606557 0.352459 0.3278689
0.1582734 0.1870504 0.2230216 0.2805755 0.2733813 0.2733813 0.2589928 0.2589928 0.2230216 0.2230216 0.2230216
0.6402878 0.647482 0.6402878 0.5971223 0.381295 0.352518 0.589928 0.6115108 0.5971223 0.589928 0.589928
0.5766423 0.5620438 0.5693431 0.5766423 0.5766423 0.5985401 0.5693431 0.5766423 0.5766423 0.5693431 0.4817518
0.1642857 0.2285714 0.2142857 0.2071429 0.2071429 0.2142857 0.1714286 0.1785714 0.1857143 0.1714286 0.15
0.6449275 0.6376812 0.6376812 0.6014493 0.5652174 0.5869565 0.5942029 0.615942 0.5797101 0.5797101 0.5869565
0.3357143 0.3571429 0.3428571 0.3428571 0.3428571 0.3142857 0.3428571 0.3357143 0.3071429 0.3 0.3142857
0.7122302 0.7266187 0.733813 0.733813 0.733813 0.7194245 0.7410072 0.7194245 0.733813 0.7410072 0.6115108
0.1044776 0.1194030 0.1865672 0.1567164 0.2238806 0.1940299 0.2313433 0.2462687 0.2238806 0.2238806 0.1865672
0 0.1304348 0.1521739 0.1449275 0.1449275 0.1521739 0.1666667 0.1884058 0.1449275 0.1811594 0.1304348
0.6721311 0.6721311 0.6721311 0.6721311 0.6721311 0.6721311 0.6721311 0.6065574 0.6721311 0.6721311 0.6147541
0.3643411 0.3875969 0.3953488 0.3875969 0.3643411 0.3643411 0.3565891 0.3565891 0.3565891 0.3565891 0.3488372
0.01428571 0.01428571 0.02857143 0 0.02142857 0 0.01428571 0.007142857 0.01428571 0 0
0.5182482 0.4963504 0.5109489 0.459854 0.4525547 0.459854 0.459854 0.4671533 0.459854 0.4525547 0.4525547
0.03571429 0.03571429 0.02857143 0 0.02142857 0 0.01428571 0.007142857 0.01428571 0 0
0.09302326 0.1317829 0.1317829 0.1705426 0.1317829 0.1705426 0.1705426 0.1782946 0.1705426 0.1705426 0.1705426
0.5081967 0.5081967 0.5409836 0.2868852 0.4180328 0.6147541 0.3032787 0.2950820 0.2786885 0.2622951 0.2622951
0.3023256 0.1007752 0.1007752 0.1007752 0.1007752 0.1007752 0.1007752 0.1085271 0.1007752 0.1007752 0.1007752
0.3093525 0.3309353 0.3381295 0.3381295 0.3165468 0.323741 0.323741 0.4388489 0.4244604 0.4316547 0.4244604
0.7209302 0.744186 0.744186 0.7596899 0.7364341 0.7364341 0.744186 0.7596899 0.751938 0.7286822 0.6434109
0.2043796 0.2043796 0.2043796 0.2116788 0.2116788 0.2116788 0.2116788 0.2262774 0.2043796 0.2043796 0.2043796
0.7209302 0.744186 0.744186 0.7596899 0.7364341 0.7364341 0.744186 0.7596899 0.751938 0.7286822 0.6434109
0.5597015 0.5671642 0.5671642 0.5820896 0.5895522 0.5895522 0.6044776 0.641791 0.5895522 0.5895522 0.5820896
0.5107914 0.5035971 0.5035971 0.4820144 0.4964029 0.6258993 0.4748201 0.3597122 0.294964 0.2805755 0.294964
0.7226277 0.7226277 0.7226277 0.729927 0.7226277 0.7226277 0.729927 0.729927 0.7153285 0.729927 0.5912409
0.7209302 0.744186 0.744186 0.7596899 0.7364341 0.7364341 0.744186 0.7596899 0.751938 0.7286822 0.6434109
0.7014925 0.7089552 0.7238806 0.7089552 0.7238806 0.7164179 0.7238806 0.7164179 0.738806 0.7164179 0.5820896
