0.4273504 0.4358974 0.6324786 0.6923077 0.7008547 0.7008547 0.7008547 0.7008547 0.7008547 0.8461538 0.7008547
0.4296875 0.4296875 0.5078125 0.46875 0.4375 0.4140625 0.3984375 0.4140625 0.40625 0.40625 0.3828125
0.4132231 0.4380165 0.5289256 0.661157 0.6694215 0.6694215 0.6694215 0.6694215 0.6694215 0.7768595 0.6694215
0.4193548 0.4193548 0.5887097 0.6935484 0.6935484 0.8387097 0.8306452 0.9032258 0.8225806 0.8467742 0.8064516
0.232 0.272 0.344 0.336 0.32 0.296 0.2 0.224 0.224 0.112 0.128
0.3719008 0.4297521 0.5950413 0.6528926 0.6528926 0.6528926 0.6528926 0.6694215 0.6528926 0.6528926 0.6528926
0.4102564 0.4444444 0.5213675 0.6410256 0.6581197 0.6324786 0.6581197 0.6324786 0.6324786 0.6410256 0.6239316
0.328 0.328 0.344 0.504 0.528 0.536 0.528 0.536 0.544 0.544 0.528
0.4273504 0.4358974 0.6324786 0.6923077 0.7008547 0.7008547 0.7008547 0.7008547 0.7008547 0.8461538 0.7008547
0.4193548 0.4193548 0.5887097 0.6935484 0.6935484 0.8387097 0.8306452 0.9032258 0.8225806 0.8467742 0.8064516
0.4 0.408 0.488 0.48 0.464 0.416 0.424 0.432 0.424 0.416 0.392
0.4083333 0.3583333 0.525 0.625 0.6166667 0.6083333 0.625 0.6083333 0.6083333 0.5916667 0.625
0.4193548 0.4193548 0.5887097 0.6935484 0.6935484 0.8387097 0.8306452 0.9032258 0.8225806 0.8467742 0.8064516
0.4273504 0.4358974 0.4529915 0.4615385 0.3589744 0.3589744 0.2735043 0.2307692 0.2735043 0.3162393 0.3418803
0.4102564 0.4444444 0.5213675 0.6410256 0.6581197 0.6324786 0.6581197 0.6324786 0.6324786 0.6410256 0.6239316
0.4083333 0.3583333 0.525 0.45 0.45 0.4333333 0.4083333 0.3916667 0.375 0.3583333 0.35
0.1570248 0.2314050 0.1652893 0.2066116 0.1983471 0.2479339 0.2561983 0.2396694 0.2644628 0.3223140 0.2644628
0.3719008 0.4297521 0.5950413 0.6528926 0.6528926 0.6528926 0.6528926 0.6694215 0.6528926 0.6528926 0.6528926
0.1025641 0.04273504 0.03418803 0.02564103 0.02564103 0.02564103 0.04273504 0.03418803 0.02564103 0.02564103 0.04273504
0.3140496 0.2148760 0.1818182 0.1818182 0.2314050 0.2809917 0.3140496 0.3223140 0.2727273 0.2809917 0.2975207
0.2890625 0.234375 0.1953125 0.1796875 0.1953125 0.1796875 0.1640625 0.15625 0.1875 0.171875 0.125
0.2786885 0.3196721 0.3360656 0.352459 0.3032787 0.3688525 0.4180328 0.3196721 0.2459016 0.3278689 0.3852459
0.4273504 0.4358974 0.6324786 0.6923077 0.7008547 0.7008547 0.7008547 0.7008547 0.7008547 0.8461538 0.7008547
0.1196581 0.1623932 0.2222222 0.2222222 0.2222222 0.2393162 0.1709402 0.1623932 0.1111111 0.2136752 0.1794872
0.2377049 0.1721311 0.1721311 0.1065574 0.1065574 0.1147541 0.1065574 0.1065574 0.09836066 0.1147541 0.09016393
0.2786885 0.3196721 0.3360656 0.352459 0.3032787 0.3688525 0.4180328 0.3196721 0.2459016 0.3278689 0.3852459
0.3688525 0.4344262 0.5163934 0.4836066 0.3770492 0.3852459 0.3688525 0.3442623 0.3770492 0.2786885 0.3278689
0.1472868 0.1550388 0.09302326 0.07751938 0.05426357 0.04651163 0.04651163 0.06976744 0.05426357 0.05426357 0.05426357
0.2416667 0.2333333 0.15 0.075 0.05833333 0.05 0.04166667 0.05833333 0.06666667 0.09166667 0.075
0.4083333 0.3583333 0.525 0.625 0.625 0.6083333 0.625 0.6166667 0.6083333 0.5916667 0.625
0.1735537 0.1157025 0.0909091 0.0661157 0.04132231 0.04958678 0.02479339 0.02479339 0.04958678 0.04132231 0.02479339
0.275 0.2416667 0.2 0.2 0.1583333 0.1583333 0.275 0.2416667 0.175 0.2666667 0.2666667
0.4102564 0.4444444 0.6068376 0.5042735 0.4786325 0.4444444 0.4358974 0.4273504 0.4529915 0.4700855 0.3846154
0.12 0.176 0.336 0.264 0.264 0.264 0.184 0.224 0.304 0.216 0.232
0.4083333 0.3583333 0.6083333 0.675 0.7833333 0.6583333 0.675 0.8916667 0.8583333 0.8166667 0.8
0.1229508 0.1721311 0.1393443 0.09016393 0.07377049 0.05737705 0.03278689 0.04098361 0.05737705 0.05737705 0.08196721
0.34375 0.3046875 0.234375 0.1640625 0.0703125 0.0859375 0.0859375 0.0703125 0.0859375 0.0859375 0.1171875
0.1048387 0.08870968 0.0967742 0.1854839 0.2338710 0.25 0.2741935 0.2419355 0.2177419 0.2741935 0.1612903
0.4273504 0.4358974 0.5213675 0.6495726 0.6752137 0.6581197 0.6410256 0.6581197 0.6495726 0.6324786 0.6581197
0.4193548 0.4193548 0.5887097 0.6935484 0.6935484 0.8387097 0.8306452 0.9032258 0.8225806 0.8467742 0.8064516
0.4083333 0.3583333 0.525 0.45 0.45 0.4333333 0.4083333 0.3916667 0.375 0.3583333 0.35
0.3719008 0.4049587 0.4380165 0.3719008 0.3223140 0.2727273 0.2892562 0.2975207 0.2809917 0.2644628 0.2975207
0.4 0.408 0.528 0.56 0.56 0.552 0.56 0.552 0.56 0.56 0.56
0.1652893 0.1735537 0.2396694 0.2066116 0.1404959 0.09917355 0.1735537 0.1239669 0.1404959 0.1983471 0.1157025
0.3688525 0.4344262 0.5163934 0.4836066 0.3770492 0.3852459 0.3688525 0.3442623 0.3770492 0.2786885 0.3278689
0.3719008 0.4297521 0.5950413 0.6198347 0.6198347 0.6115702 0.6280992 0.6033058 0.6280992 0.5950413 0.6033058
0.4273504 0.4358974 0.6324786 0.6923077 0.7008547 0.7008547 0.7008547 0.7008547 0.7008547 0.8461538 0.7008547
0.4193548 0.4193548 0.516129 0.516129 0.4516129 0.4596774 0.4354839 0.4758065 0.4274194 0.4677419 0.4354839
0.4102564 0.4444444 0.6068376 0.6923077 0.6752137 0.6923077 0.8888889 0.6923077 0.6752137 0.9059829 0.8119658
0.3875969 0.4186047 0.6046512 0.6899225 0.6899225 0.6744186 0.6744186 0.6744186 0.6744186 0.6744186 0.6899225
0.4102564 0.3846154 0.3589744 0.4017094 0.5128205 0.5384615 0.5384615 0.5213675 0.5299145 0.5128205 0.5213675
0.4 0.408 0.528 0.56 0.56 0.552 0.56 0.552 0.56 0.56 0.56
0.008264463 0.04132231 0.1239669 0.4380165 0.553719 0.5454545 0.5371901 0.553719 0.5371901 0.5371901 0.5371901
0.4193548 0.4193548 0.516129 0.516129 0.4516129 0.4596774 0.4354839 0.4758065 0.4274194 0.4677419 0.4354839
0.3589744 0.2222222 0.1538462 0.0940171 0.05982906 0.05982906 0.06837607 0.0940171 0.0940171 0.1111111 0.07692308
0.05982906 0.1025641 0.2564103 0.2393162 0.1538462 0.2307692 0.1196581 0.1709402 0.2222222 0.2136752 0.1538462
0.248062 0.248062 0.3100775 0.2790698 0.3953488 0.4418605 0.4341085 0.4496124 0.496124 0.4108527 0.4186047
0.03305785 0.07438017 0.1735537 0.2644628 0.4710744 0.4876033 0.4793388 0.4958678 0.4710744 0.4793388 0.4628099
0.3688525 0.4344262 0.4508197 0.4426230 0.4180328 0.4180328 0.3770492 0.352459 0.3770492 0.4180328 0.3442623
0.4193548 0.4193548 0.5887097 0.6935484 0.6935484 0.8387097 0.8306452 0.9032258 0.8225806 0.8467742 0.8064516
0.3875969 0.4186047 0.6046512 0.6899225 0.6899225 0.6744186 0.6744186 0.6744186 0.6744186 0.6744186 0.6899225
0.3140496 0.2148760 0.1818182 0.1818182 0.2314050 0.2809917 0.3140496 0.3223140 0.2727273 0.2809917 0.2975207
0.4193548 0.4193548 0.5887097 0.6935484 0.6935484 0.8387097 0.8306452 0.9032258 0.8225806 0.8467742 0.8064516
0.05982906 0.05128205 0.02564103 0.02564103 0.02564103 0.01709402 0.01709402 0.03418803 0.01709402 0.01709402 0.01709402
0.4083333 0.3583333 0.6083333 0.675 0.7833333 0.6583333 0.675 0.8916667 0.8583333 0.8166667 0.8
0.3076923 0.3846154 0.3760684 0.4358974 0.3504274 0.3247863 0.2478632 0.2222222 0.2649573 0.2564103 0.2564103
0.1880342 0.1623932 0.1709402 0.1282051 0.1623932 0.1623932 0.1538462 0.1623932 0.1794872 0.2136752 0.1282051
0.4193548 0.4193548 0.5887097 0.6451613 0.6451613 0.6693548 0.6532258 0.6451613 0.6451613 0.6290323 0.6290323
0.1025641 0.06837607 0.03418803 0.02564103 0.02564103 0.04273504 0.05128205 0.04273504 0.04273504 0.01709402 0.04273504
0.3688525 0.4344262 0.5983607 0.6557377 0.6557377 0.6557377 0.6557377 0.6557377 0.6721311 0.7868852 0.6557377
0.1652893 0.1487603 0.1322314 0.07438017 0.04958678 0.03305785 0.03305785 0.03305785 0.04958678 0.03305785 0.04132231
0.4102564 0.2905983 0.3760684 0.3589744 0.3333333 0.3162393 0.3162393 0.3247863 0.3076923 0.2820513 0.2564103
0.4083333 0.3583333 0.6083333 0.675 0.7833333 0.6583333 0.675 0.8916667 0.8583333 0.8166667 0.8
0.008333333 0.025 0.175 0.3083333 0.5166667 0.5083333 0.5083333 0.5166667 0.5083333 0.5166667 0.4916667
0.4273504 0.4358974 0.6324786 0.6923077 0.7008547 0.7008547 0.7008547 0.7008547 0.7008547 0.8461538 0.7008547
0.4102564 0.4444444 0.6068376 0.6923077 0.6752137 0.6923077 0.8888889 0.6923077 0.6752137 0.9059829 0.8119658
0.4132231 0.4380165 0.5289256 0.661157 0.6694215 0.6694215 0.6694215 0.6694215 0.6694215 0.7768595 0.6694215
0.01639344 0.02459016 0.02459016 0.02459016 0.1065574 0.1393443 0.1557377 0.1639344 0.3114754 0.4344262 0.4344262
0.4083333 0.3583333 0.525 0.625 0.625 0.6083333 0.625 0.6083333 0.6083333 0.5916667 0.625
0.4132231 0.4380165 0.5041322 0.5123967 0.4380165 0.4380165 0.4132231 0.3884298 0.3801653 0.3553719 0.3801653
0.4132231 0.4380165 0.5289256 0.661157 0.6694215 0.6694215 0.6694215 0.6694215 0.6694215 0.6694215 0.6694215
0.3223140 0.3636364 0.3636364 0.4876033 0.5041322 0.5041322 0.4958678 0.5041322 0.4710744 0.4793388 0.4876033
0.4273504 0.4358974 0.6324786 0.6923077 0.7008547 0.7008547 0.7008547 0.7008547 0.7008547 0.8461538 0.7008547
0.4083333 0.3583333 0.6083333 0.675 0.7833333 0.6583333 0.675 0.8916667 0.8583333 0.8166667 0.8
0.1818182 0.1652893 0.1322314 0.1074380 0.1322314 0.1983471 0.2314050 0.1983471 0.1157025 0.1983471 0.1735537
0.2786885 0.3114754 0.2131148 0.3114754 0.2377049 0.2868852 0.3934426 0.2704918 0.2213115 0.2786885 0.3278689
0.4132231 0.4380165 0.5289256 0.661157 0.6528926 0.6446281 0.6363636 0.6446281 0.6363636 0.6033058 0.6115702
0.4102564 0.3931624 0.4444444 0.4615385 0.3589744 0.3589744 0.2735043 0.2307692 0.2735043 0.2905983 0.3076923
0.3719008 0.4297521 0.5950413 0.6528926 0.6528926 0.6528926 0.6528926 0.6694215 0.6528926 0.6528926 0.6528926
0.4083333 0.3583333 0.525 0.625 0.625 0.6083333 0.625 0.6166667 0.6083333 0.5916667 0.625
0.4132231 0.4380165 0.5041322 0.5123967 0.4380165 0.446281 0.4132231 0.3884298 0.3801653 0.3719008 0.3801653
0.4132231 0.4380165 0.5041322 0.5123967 0.4380165 0.446281 0.4132231 0.3884298 0.3801653 0.3719008 0.3801653
0.4296875 0.4296875 0.5078125 0.6640625 0.6640625 0.6640625 0.6640625 0.6640625 0.6640625 0.8046875 0.6640625
0.4 0.408 0.528 0.56 0.56 0.552 0.56 0.552 0.56 0.56 0.56
0.3688525 0.4344262 0.5983607 0.6557377 0.6557377 0.6557377 0.6557377 0.6557377 0.6721311 0.7868852 0.6557377
0.2583333 0.2333333 0.15 0.08333333 0.05833333 0.05833333 0.04166667 0.05833333 0.06666667 0.09166667 0.075
0.3719008 0.4297521 0.4958678 0.4049587 0.3801653 0.3966942 0.3966942 0.4049587 0.3553719 0.3719008 0.3719008
0.4102564 0.4444444 0.6068376 0.6923077 0.6752137 0.6923077 0.8888889 0.6923077 0.6752137 0.9059829 0.8119658
0.4083333 0.3583333 0.525 0.625 0.625 0.6083333 0.625 0.6083333 0.6083333 0.5916667 0.625
0.3305785 0.2727273 0.2396694 0.1900826 0.1570248 0.1735537 0.1487603 0.1652893 0.2561983 0.1074380 0.1570248
0.3931624 0.3333333 0.3333333 0.3675214 0.5042735 0.5384615 0.5384615 0.5384615 0.4871795 0.4871795 0.5299145
0.1025641 0.1623932 0.1965812 0.2905983 0.4273504 0.4871795 0.5213675 0.5299145 0.4102564 0.4273504 0.4358974
0.4102564 0.4444444 0.5213675 0.4615385 0.4444444 0.3418803 0.3504274 0.3162393 0.3162393 0.2735043 0.2991453
0.1367521 0.2307692 0.3675214 0.5726496 0.6666667 0.6752137 0.6752137 0.6752137 0.6752137 0.6752137 0.6752137
0.1652893 0.1487603 0.1322314 0.07438017 0.04958678 0.03305785 0.03305785 0.03305785 0.04958678 0.03305785 0.04132231
0.3688525 0.4344262 0.5983607 0.6557377 0.6557377 0.6557377 0.6557377 0.6557377 0.6721311 0.7868852 0.6557377
0.0234375 0.0234375 0.0234375 0.1640625 0.1328125 0.1875 0.296875 0.265625 0.4296875 0.4453125 0.515625
0.4273504 0.4358974 0.6324786 0.6923077 0.7008547 0.7008547 0.7008547 0.7008547 0.7008547 0.8461538 0.7008547
0.4273504 0.4358974 0.6324786 0.6923077 0.7008547 0.7008547 0.7008547 0.7008547 0.7008547 0.8461538 0.7008547
0.3875969 0.4186047 0.6046512 0.6899225 0.6899225 0.6744186 0.6744186 0.6744186 0.6744186 0.6744186 0.6899225
0.024 0.024 0.072 0.096 0.208 0.256 0.28 0.272 0.392 0.48 0.456
0.359375 0.3359375 0.4140625 0.4296875 0.328125 0.328125 0.3359375 0.2890625 0.2578125 0.2890625 0.28125
0.1833333 0.1833333 0.2 0.2083333 0.2333333 0.3083333 0.3333333 0.4916667 0.5 0.5166667 0.6416667
0.4193548 0.4193548 0.5887097 0.6935484 0.6935484 0.8387097 0.8306452 0.9032258 0.8225806 0.8467742 0.8064516
0.1048387 0.08064516 0.08870968 0.1693548 0.2338710 0.2096774 0.2741935 0.2419355 0.2177419 0.2741935 0.1532258
0.4 0.408 0.528 0.56 0.56 0.552 0.56 0.552 0.56 0.56 0.56
0.4132231 0.4380165 0.5041322 0.5123967 0.4380165 0.446281 0.4132231 0.3884298 0.3801653 0.3719008 0.3801653
0.4102564 0.4444444 0.6068376 0.6923077 0.6752137 0.6923077 0.8888889 0.6923077 0.6752137 0.9059829 0.8119658
0.04958678 0.0661157 0.0909091 0.09917355 0.1322314 0.1404959 0.2314050 0.2396694 0.3966942 0.4628099 0.4628099
0.1735537 0.2066116 0.1900826 0.1818182 0.1487603 0.1818182 0.1652893 0.1735537 0.2066116 0.2561983 0.2314050
0.4273504 0.4358974 0.6324786 0.6923077 0.7008547 0.7008547 0.7008547 0.7008547 0.7008547 0.7008547 0.7008547
0.4273504 0.4358974 0.6324786 0.5042735 0.4529915 0.4358974 0.4358974 0.4102564 0.3846154 0.3760684 0.3589744
0.234375 0.2578125 0.2265625 0.171875 0.1484375 0.1875 0.1796875 0.1953125 0.15625 0.203125 0.1640625
0.2820513 0.1965812 0.1367521 0.05982906 0.05982906 0.05982906 0.06837607 0.05982906 0.05128205 0.05982906 0.06837607
0.4 0.408 0.528 0.56 0.56 0.552 0.56 0.552 0.56 0.56 0.56
0.3875969 0.4186047 0.5271318 0.496124 0.4651163 0.4418605 0.4341085 0.4341085 0.4263566 0.4418605 0.4186047
0.3688525 0.4344262 0.5983607 0.6311475 0.6311475 0.6311475 0.6229508 0.6065574 0.6229508 0.5983607 0.5983607
0.3688525 0.4344262 0.4508197 0.4426230 0.4180328 0.4180328 0.3770492 0.352459 0.3770492 0.4180328 0.3442623
0.4102564 0.4444444 0.6068376 0.6923077 0.6752137 0.6923077 0.8888889 0.6923077 0.6752137 0.9059829 0.8119658
0.4 0.408 0.528 0.56 0.56 0.552 0.56 0.552 0.56 0.56 0.56
0.09302326 0.09302326 0.1317829 0.09302326 0.124031 0.0620155 0.09302326 0.1162791 0.1085271 0.08527132 0.0620155
0.4296875 0.4296875 0.5078125 0.6640625 0.6640625 0.6640625 0.6640625 0.6640625 0.6640625 0.8046875 0.6640625
0.1322314 0.1735537 0.1239669 0.1157025 0.08264463 0.08264463 0.05785124 0.0909091 0.05785124 0.04132231 0.05785124
0.4102564 0.4444444 0.6068376 0.6923077 0.6752137 0.6923077 0.8888889 0.6923077 0.6752137 0.9059829 0.8119658
0.4132231 0.4380165 0.5289256 0.661157 0.6694215 0.6694215 0.6694215 0.6694215 0.6694215 0.7768595 0.6694215
0.4102564 0.4444444 0.6068376 0.6923077 0.6752137 0.6923077 0.8888889 0.6923077 0.6752137 0.9059829 0.8119658
