0.705036 0.7122302 0.7194245 0.7122302 0.7194245 0.7194245 0.7194245 0.7194245 0.7194245 0.7122302 0.589928
0.2824427 0.3206107 0.3282443 0.3206107 0.3282443 0.3358779 0.3435115 0.3435115 0.3282443 0.3511450 0.259542
0.6230769 0.6384615 0.6307692 0.5846154 0.4846154 0.4923077 0.5923077 0.6076923 0.6 0.6 0.5923077
0.6934307 0.7153285 0.7226277 0.7518248 0.7226277 0.7153285 0.7153285 0.729927 0.729927 0.7226277 0.5912409
0.2692308 0.3 0.3 0.3 0.3 0.3 0.3 0.3076923 0.3 0.3 0.3
0.7022901 0.7251908 0.7328244 0.7480916 0.7175573 0.7099237 0.7175573 0.740458 0.7175573 0.7251908 0.5801527
0.729927 0.7445255 0.7518248 0.7664234 0.7445255 0.7372263 0.7445255 0.7518248 0.7445255 0.7372263 0.6058394
0.5038168 0.5114504 0.5114504 0.4885496 0.480916 0.4885496 0.4961832 0.4961832 0.480916 0.4732824 0.4656489
0.5036496 0.4963504 0.540146 0.4963504 0.5036496 0.5109489 0.4890511 0.4890511 0.4817518 0.4817518 0.4817518
0.705036 0.7122302 0.7482014 0.7266187 0.7194245 0.7194245 0.7410072 0.7266187 0.7194245 0.7266187 0.589928
0.7037037 0.7185185 0.7333333 0.7185185 0.7259259 0.7259259 0.7333333 0.7407407 0.7333333 0.7185185 0.6222222
0.2272727 0.2651515 0.2727273 0.2727273 0.2727273 0.2727273 0.2651515 0.3181818 0.3712121 0.3712121 0.3712121
0.557971 0.5507246 0.5652174 0.557971 0.5724638 0.5652174 0.5652174 0.557971 0.5652174 0.557971 0.442029
0.7045455 0.7121212 0.7272727 0.7121212 0.7121212 0.7121212 0.719697 0.7272727 0.719697 0.7045455 0.5757576
0.2335766 0.2335766 0.270073 0.2554745 0.2554745 0.2554745 0.2554745 0.270073 0.2627737 0.2554745 0.2627737
0.6592593 0.637037 0.6592593 0.6296296 0.5111111 0.5185185 0.6 0.6074074 0.6 0.5925926 0.5925926
0.3284672 0.3284672 0.3284672 0.3430657 0.3211679 0.3284672 0.3284672 0.3430657 0.3065693 0.2554745 0.2627737
0.4214286 0.2142857 0.1214286 0.1428571 0.2071429 0.1642857 0.15 0.1142857 0.1071429 0.1571429 0.1428571
0.7037037 0.7185185 0.7333333 0.7185185 0.7259259 0.7259259 0.7333333 0.7407407 0.7333333 0.7185185 0.6222222
0.3030303 0.3939394 0.3712121 0.3712121 0.3560606 0.3560606 0.3409091 0.3939394 0.4469697 0.4545455 0.4469697
0.4214286 0.2142857 0.1214286 0.1428571 0.2071429 0.1642857 0.15 0.1142857 0.1071429 0.1571429 0.1428571
0.1870504 0.1510791 0.1223022 0.1294964 0.1223022 0.1294964 0.1223022 0.007194245 0.09352518 0.09352518 0.1223022
0.2148148 0.1481481 0.1111111 0.1037037 0.1111111 0.06666667 0.1185185 0.1111111 0.1037037 0.07407407 0.06666667
0.7045455 0.7121212 0.7575758 0.7121212 0.7121212 0.7121212 0.719697 0.7272727 0.719697 0.7045455 0.5757576
0.1532847 0.1824818 0.2773723 0.2846715 0.4087591 0.4014599 0.2846715 0.2627737 0.1970803 0.1824818 0.1824818
0.3913043 0.1086957 0.1014493 0.1086957 0.0942029 0.1304348 0 0.1159420 0.1014493 0.1086957 0.1086957
0.35 0.3714286 0.3357143 0.3214286 0.3214286 0.3142857 0.3285714 0.3285714 0.3214286 0.3142857 0.3142857
0.1 0 0.03846154 0.03846154 0 0 0.03076923 0.007692308 0.01538462 0 0
0.1692308 0.1538462 0.08461538 0.0923077 0.08461538 0.1 0.1 0.0923077 0.08461538 0.08461538 0.1538462
0.6934307 0.7153285 0.7226277 0.7518248 0.7226277 0.7153285 0.7153285 0.729927 0.729927 0.7226277 0.5912409
0 0 0 0.01459854 0 0.01459854 0 0.00729927 0 0 0
0.4214286 0.2142857 0.1214286 0.1428571 0.2071429 0.1642857 0.15 0.1142857 0.1071429 0.1571429 0.1428571
0.1526718 0.09923664 0.09923664 0.09923664 0.09923664 0.09923664 0.09923664 0.1068702 0.09923664 0.09923664 0.09923664
0.2173913 0.2391304 0.2391304 0.2463768 0.2391304 0.1521739 0.2463768 0.2536232 0.2391304 0.2391304 0.2391304
0.6769231 0.6769231 0.6769231 0.6769231 0.6769231 0.6769231 0.6769231 0.6769231 0.6769231 0.6769231 0.5923077
0.06870229 0.04580153 0.04580153 0.04580153 0 0 0 0.05343511 0 0.05343511 0.01526718
0.07692308 0.03076923 0.01538462 0 0 0.03846154 0 0.007692308 0.01538462 0.06153846 0
0.08461538 0.1461538 0.1615385 0.1384615 0.2076923 0.1461538 0.1615385 0.1692308 0.1153846 0.1307692 0.1153846
0.6461538 0.6307692 0.6307692 0.5846154 0.4846154 0.4769231 0.5846154 0.5923077 0.5846154 0.5769231 0.5769231
0.729927 0.7445255 0.7518248 0.7664234 0.7445255 0.7372263 0.7445255 0.7518248 0.7445255 0.7372263 0.6058394
0.2627737 0.2554745 0.2408759 0.2262774 0.2262774 0.2627737 0.2554745 0.2335766 0.2846715 0.3868613 0.3795620
0.7022901 0.7251908 0.7328244 0.7480916 0.7175573 0.7099237 0.7175573 0.740458 0.7175573 0.7251908 0.5801527
0.1703704 0.1555556 0.07407407 0.07407407 0.06666667 0.1037037 0.07407407 0.07407407 0.07407407 0.0962963 0.0962963
0.3043478 0.3333333 0.3333333 0.3115942 0.3115942 0.3043478 0.3043478 0.3333333 0.3043478 0.3260870 0.3260870
0.3030303 0.3939394 0.3712121 0.3712121 0.3560606 0.3560606 0.3409091 0.3939394 0.4469697 0.4545455 0.4469697
0.5530303 0.5984848 0.5833333 0.5606061 0.5606061 0.5606061 0.5606061 0.5606061 0.5606061 0.5530303 0.5530303
0.7022901 0.7099237 0.7099237 0.7099237 0.7099237 0.7099237 0.7099237 0.7099237 0.7099237 0.7022901 0.5801527
0.7037037 0.7185185 0.7333333 0.7185185 0.7259259 0.7259259 0.7333333 0.7407407 0.7333333 0.7185185 0.6222222
0.6222222 0.637037 0.6444444 0.6296296 0.5111111 0.5185185 0.6074074 0.6222222 0.6148148 0.6 0.6
0.5985401 0.6569343 0.620438 0.3722628 0.2992701 0.2992701 0.3503650 0.5985401 0.5839416 0.5766423 0.5766423
0.2888889 0.3555556 0.3185185 0.3037037 0.2740741 0.2888889 0.2888889 0.3037037 0.2888889 0.2740741 0.2814815
0.6 0.5857143 0.5857143 0.5857143 0.5642857 0.5571429 0.5857143 0.6 0.5714286 0.5714286 0.5571429
0.6785714 0.6928571 0.7214286 0.7142857 0.7428571 0.7214286 0.7071429 0.7214286 0.7142857 0.7142857 0.4571429
0.705036 0.7122302 0.7482014 0.7266187 0.7194245 0.7194245 0.7410072 0.7266187 0.7194245 0.7266187 0.589928
0.5151515 0.5 0.5 0.4772727 0.4848485 0.4848485 0.4621212 0.4621212 0.2878788 0.2954545 0.2954545
0.5909091 0.5909091 0.5984848 0.5757576 0.5909091 0.5681818 0.5909091 0.6212121 0.6060606 0.5833333 0.5757576
0.2137405 0.2519084 0.259542 0.259542 0.2213740 0.2519084 0.259542 0.2748092 0.2519084 0.2671756 0.2519084
0.0923077 0 0.03076923 0.03076923 0 0 0.03076923 0.007692308 0.01538462 0 0
0.4656489 0.480916 0.480916 0.480916 0.480916 0.480916 0.4732824 0.4732824 0.4732824 0.4732824 0.4656489
0.557971 0.5507246 0.5652174 0.557971 0.5724638 0.5652174 0.5652174 0.557971 0.5652174 0.557971 0.442029
0.4732824 0.4656489 0.4656489 0.4580153 0.4503817 0.4503817 0.4503817 0.259542 0.3053435 0.259542 0.4503817
0.2428571 0.2642857 0.2571429 0.25 0.25 0.2571429 0.25 0.2571429 0.2571429 0.2428571 0.2428571
0.5925926 0.5925926 0.5925926 0.6 0.5111111 0.5185185 0.6074074 0.6222222 0.637037 0.6 0.6222222
0.729927 0.7445255 0.7518248 0.7664234 0.7445255 0.7372263 0.7445255 0.7518248 0.7445255 0.7372263 0.6058394
0.2692308 0.3 0.3 0.3 0.3 0.3 0.3 0.3076923 0.3 0.3 0.3
0.6785714 0.6928571 0.7214286 0.7142857 0.7428571 0.7214286 0.7071429 0.7214286 0.7142857 0.7142857 0.4571429
0.00729927 0.02919708 0.01459854 0 0 0 0 0.02189781 0.01459854 0.01459854 0.01459854
0.705036 0.7122302 0.7482014 0.7266187 0.7194245 0.7194245 0.7410072 0.7266187 0.7194245 0.7266187 0.589928
0.2424242 0.2803030 0.2651515 0.2575758 0.25 0.25 0.25 0.2272727 0.3939394 0.3787879 0.3787879
0.3030303 0.3787879 0.3560606 0.3484848 0.3484848 0.3484848 0.3409091 0.3787879 0.4469697 0.4545455 0.4469697
0.5461538 0.5461538 0.5615385 0.4692308 0.4538462 0.4538462 0.4615385 0.5538462 0.5461538 0.5461538 0.5461538
0.06923077 0.02307692 0 0 0 0.02307692 0 0.007692308 0 0.06153846 0
0.5925926 0.5925926 0.5925926 0.6 0.5111111 0.5185185 0.6074074 0.6222222 0.637037 0.6 0.6222222
0.1857143 0.1785714 0.15 0.1214286 0.1 0.1071429 0.1214286 0.1571429 0.1357143 0.1142857 0.1071429
0.3 0.3428571 0.3642857 0.3428571 0.3642857 0.3428571 0.3785714 0.3571429 0.3857143 0.3357143 0.3785714
0.7045455 0.7121212 0.7575758 0.7121212 0.7121212 0.7121212 0.719697 0.7272727 0.719697 0.7045455 0.5757576
0.5801527 0.5648855 0.5572519 0.5954198 0.5648855 0.5877863 0.5954198 0.6183206 0.5877863 0.5877863 0.5801527
0.6846154 0.7076923 0.7153846 0.7153846 0.7 0.7076923 0.7 0.7153846 0.7076923 0.6923077 0.5923077
0.7037037 0.7185185 0.7333333 0.7185185 0.7259259 0.7259259 0.7333333 0.7407407 0.7333333 0.7185185 0.6222222
0.6714286 0.7 0.7071429 0.7 0.7071429 0.6928571 0.7 0.7142857 0.7142857 0.6928571 0.5571429
0.07246377 0.1304348 0.1739130 0.1666667 0.1521739 0.1521739 0.1594203 0.2173913 0.1811594 0.1304348 0.1304348
0.4714286 0.5214286 0.4928571 0.4714286 0.4714286 0.4714286 0.4714286 0.5071429 0.4857143 0.4571429 0.4571429
0.6846154 0.7076923 0.7153846 0.7153846 0.7 0.7076923 0.7 0.7153846 0.7076923 0.6923077 0.5923077
0.3030303 0.3484848 0.3409091 0.3409091 0.3409091 0.3409091 0.3409091 0.3106061 0.4469697 0.4469697 0.4469697
0.6861314 0.6861314 0.6861314 0.6861314 0.6861314 0.6861314 0.6861314 0.5912409 0.6861314 0.6861314 0.5912409
0.1221374 0.1603053 0.1832061 0.1832061 0.1374046 0.1755725 0.1679389 0.2061069 0.1832061 0.1908397 0.1832061
0.4357143 0.4357143 0.4357143 0.4428571 0.4428571 0.45 0.4428571 0.45 0.45 0.4428571 0.4357143
0.705036 0.7122302 0.7482014 0.7266187 0.7194245 0.7194245 0.7410072 0.7266187 0.7194245 0.7266187 0.589928
0.7153285 0.7153285 0.7153285 0.7153285 0.7153285 0.7153285 0.7153285 0.6058394 0.7153285 0.7153285 0.6058394
0.1231884 0.06521739 0.04347826 0.07246377 0 0 0 0.07971014 0.07246377 0.07246377 0.07246377
0.3043478 0.3115942 0.3333333 0.3115942 0.3115942 0.3043478 0.3043478 0.3333333 0.3043478 0.3260870 0.3260870
0.1376812 0.08695652 0.08695652 0.07246377 0.07971014 0.08695652 0 0.08695652 0.08695652 0.07971014 0.07971014
0.7045455 0.7121212 0.7272727 0.7121212 0.7121212 0.7121212 0.719697 0.7272727 0.719697 0.7045455 0.5757576
0.6230769 0.6384615 0.6307692 0.5846154 0.4846154 0.4923077 0.5923077 0.6076923 0.6 0.6 0.5923077
0.6846154 0.7 0.7 0.7 0.7 0.7 0.7 0.7 0.6923077 0.6923077 0.5923077
0.2575758 0.2878788 0.2878788 0.2727273 0.2803030 0.2727273 0.2651515 0.3181818 0.4015152 0.3787879 0.3787879
0.729927 0.7445255 0.7518248 0.7664234 0.7445255 0.7372263 0.7445255 0.7518248 0.7445255 0.7372263 0.6058394
0.4714286 0.5214286 0.4928571 0.4714286 0.4714286 0.4714286 0.4714286 0.5071429 0.4857143 0.4571429 0.4571429
0.4100719 0.1798561 0.1007194 0.1079137 0.1007194 0.1007194 0.1007194 0.007194245 0.1294964 0.1223022 0.09352518
0.3284672 0.3284672 0.3284672 0.3430657 0.3211679 0.3284672 0.3284672 0.3430657 0.3065693 0.2554745 0.2627737
0.729927 0.7445255 0.7518248 0.7664234 0.7445255 0.7372263 0.7445255 0.7518248 0.7445255 0.7372263 0.6058394
0.3284672 0.3284672 0.3284672 0.3430657 0.3211679 0.3284672 0.3284672 0.3430657 0.3065693 0.2554745 0.2627737
0.7022901 0.7251908 0.7328244 0.7480916 0.7175573 0.7099237 0.7175573 0.740458 0.7175573 0.7251908 0.5801527
0.294964 0.3381295 0.3381295 0.323741 0.3309353 0.3309353 0.323741 0.3165468 0.3309353 0.2446043 0.2446043
0.5839416 0.5693431 0.459854 0.4525547 0.4671533 0.4744526 0.459854 0 0.5620438 0.5985401 0.6058394
0.08633094 0.03597122 0.03597122 0.05035971 0 0.01438849 0.05035971 0.007194245 0 0 0
0.6846154 0.7076923 0.7153846 0.7153846 0.7 0.7076923 0.7 0.7153846 0.7076923 0.6923077 0.5923077
0.3030303 0.3787879 0.3560606 0.3484848 0.3484848 0.3484848 0.3409091 0.3787879 0.4469697 0.4545455 0.4469697
0.7022901 0.7251908 0.7328244 0.7480916 0.7175573 0.7099237 0.7175573 0.740458 0.7175573 0.7251908 0.5801527
0.530303 0.530303 0.5151515 0.4772727 0.4848485 0.4848485 0.4621212 0.4621212 0.2878788 0.2954545 0.2954545
0.1384615 0.03846154 0.06153846 0.05384615 0 0.04615385 0.03076923 0.06923077 0.04615385 0 0
0.08461538 0.1461538 0.1615385 0.1384615 0.2076923 0.1461538 0.1615385 0.1692308 0.1153846 0.1307692 0.1153846
0.4214286 0.2142857 0.1214286 0.1428571 0.2071429 0.1642857 0.15 0.1142857 0.1071429 0.1571429 0.1428571
0.1438849 0.05755396 0.05035971 0.07913669 0 0.0647482 0.05035971 0.007194245 0.07194245 0 0
0.5461538 0.5461538 0.5615385 0.4692308 0.4538462 0.4538462 0.4615385 0.5538462 0.5461538 0.5461538 0.5461538
0.4740741 0.4888889 0.5111111 0.5037037 0.6 0.6148148 0.5037037 0.4888889 0.4888889 0.4888889 0.4888889
0.7022901 0.7251908 0.7328244 0.7480916 0.7175573 0.7099237 0.7175573 0.740458 0.7175573 0.7251908 0.5801527
0.729927 0.7445255 0.7518248 0.7518248 0.7445255 0.7372263 0.7445255 0.7518248 0.7445255 0.7372263 0.6058394
0.09923664 0.1450382 0.1908397 0.1832061 0.1450382 0.1984733 0.1679389 0.2061069 0.1832061 0.1908397 0.1984733
0.7045455 0.7121212 0.7575758 0.7121212 0.7121212 0.7121212 0.719697 0.7272727 0.719697 0.7045455 0.5757576
0.6785714 0.6928571 0.7214286 0.7142857 0.7428571 0.7214286 0.7071429 0.7214286 0.7142857 0.7142857 0.4571429
0.7037037 0.7185185 0.7333333 0.7185185 0.7259259 0.7259259 0.7333333 0.7407407 0.7333333 0.7185185 0.6222222
0.09923664 0.1374046 0.1679389 0.1679389 0.129771 0.1679389 0.1679389 0.1832061 0.1679389 0.1679389 0.1679389
0.5185185 0.5481481 0.5111111 0.5037037 0.6 0.6148148 0.5037037 0.4888889 0.4888889 0.4888889 0.4888889
0.2391304 0.2753623 0.2753623 0.2463768 0.2536232 0.2463768 0.2536232 0.2681159 0.2608696 0.2681159 0.2681159
0.1532847 0.1824818 0.2773723 0.2846715 0.4087591 0.4014599 0.2846715 0.2627737 0.1970803 0.1824818 0.1824818
0.5985401 0.6569343 0.6423358 0.3795620 0.3138686 0.3138686 0.3576642 0.6058394 0.5912409 0.5839416 0.5839416
0.557971 0.5507246 0.5652174 0.557971 0.5724638 0.5652174 0.5652174 0.557971 0.5652174 0.557971 0.442029
0.2335766 0.1751825 0.1751825 0.1824818 0.1751825 0.1824818 0.1751825 0.1897810 0.1678832 0.1678832 0.1678832
0.5985401 0.6350365 0.6423358 0.3941606 0.3284672 0.3211679 0.3722628 0.6131387 0.5985401 0.5985401 0.5912409
0.3043478 0.3333333 0.3333333 0.3115942 0.3115942 0.3043478 0.3043478 0.3333333 0.3043478 0.3260870 0.3260870
0.7045455 0.7121212 0.7272727 0.7121212 0.7121212 0.7121212 0.719697 0.7272727 0.719697 0.7045455 0.5757576
0.01438849 0.1151079 0.1726619 0.1726619 0.1726619 0.1654676 0.1726619 0.1582734 0.2014388 0.2014388 0.2014388
0.06428571 0.1285714 0.1285714 0.1714286 0.1785714 0.1785714 0.2142857 0.2142857 0.2 0.1571429 0.1928571
0.5839416 0.5693431 0.459854 0.4525547 0.4671533 0.4744526 0.459854 0 0.5620438 0.5985401 0.6058394
0.3 0.3571429 0.3642857 0.3428571 0.3642857 0.3428571 0.3785714 0.3571429 0.3857143 0.3357143 0.3785714
0.1111111 0.06666667 0.01481481 0.01481481 0 0 0.02962963 0.007407407 0.01481481 0 0
0.4714286 0.5214286 0.4928571 0.4714286 0.4714286 0.4714286 0.4714286 0.5071429 0.4857143 0.4571429 0.4571429
0.07633588 0.04580153 0.04580153 0.04580153 0 0 0 0.05343511 0 0.05343511 0.01526718
0.03571429 0.1142857 0.1428571 0.1714286 0.1642857 0.1714286 0.1714286 0.1785714 0.1714286 0.1428571 0.1714286
0.4615385 0.4769231 0.4846154 0.4923077 0.6 0.6076923 0.5076923 0.4769231 0.4615385 0.4538462 0.4769231
0.384058 0.0942029 0.0942029 0.1014493 0.0942029 0.1304348 0 0.1086957 0.1014493 0.1014493 0.1014493
0.3 0.3571429 0.3428571 0.3428571 0.3428571 0.3428571 0.3428571 0.3571429 0.3857143 0.3357143 0.3642857
0.7022901 0.7251908 0.7328244 0.7480916 0.7175573 0.7099237 0.7175573 0.740458 0.7175573 0.7251908 0.5801527
0.2272727 0.2651515 0.2727273 0.2727273 0.2727273 0.2727273 0.2651515 0.3181818 0.3712121 0.3712121 0.3712121
0.6934307 0.7153285 0.7226277 0.7518248 0.7226277 0.7153285 0.7153285 0.729927 0.729927 0.7226277 0.5912409
0.5683453 0.5755396 0.5683453 0.589928 0.4964029 0.4964029 0.5971223 0.6258993 0.589928 0.5971223 0.589928
0.519084 0.5343511 0.5267176 0.4885496 0.480916 0.4885496 0.4961832 0.4961832 0.480916 0.4732824 0.4656489
0.6934307 0.7153285 0.7226277 0.7518248 0.7226277 0.7153285 0.7153285 0.729927 0.729927 0.7226277 0.5912409
0.7037037 0.7185185 0.7333333 0.7185185 0.7259259 0.7259259 0.7333333 0.7407407 0.7333333 0.7185185 0.6222222
0.6785714 0.6928571 0.7214286 0.7142857 0.7428571 0.7214286 0.7071429 0.7214286 0.7142857 0.7142857 0.4571429
