0 0 0 0 0 0 0 0 0 0 0
0 0 0.006 0.106 0.466 0.684 0.784 0.86 0.866 0.884 0.888
0 0 0 0 0 0 0.002 0 0.002 0.002 0
0 0 0 0 0 0 0 0 0 0 0
0.032 0.032 0.076 0.24 0.538 0.764 0.88 0.892 0.958 0.964 0.946
0 0 0 0 0 0 0 0 0 0 0
0 0 0.002 0.038 0.144 0.272 0.396 0.424 0.53 0.576 0.552
0.004 0.008 0.014 0.028 0.094 0.2 0.322 0.372 0.518 0.544 0.546
0 0 0 0 0 0 0 0 0 0 0
0 0 0 0 0 0 0 0 0 0 0
0 0.002 0.024 0.194 0.502 0.704 0.788 0.818 0.85 0.872 0.842
0.002 0 0.002 0.038 0.162 0.356 0.452 0.498 0.58 0.546 0.518
0 0 0.002 0 0 0.002 0 0 0.002 0.002 0.002
0 0.004 0.02 0.196 0.508 0.738 0.846 0.854 0.93 0.92 0.914
0 0 0.002 0.008 0.074 0.182 0.306 0.362 0.492 0.526 0.528
0 0 0.006 0.132 0.448 0.672 0.72 0.824 0.808 0.84 0.856
0.064 0.106 0.136 0.314 0.624 0.788 0.874 0.858 0.92 0.938 0.914
0 0 0 0 0 0 0 0 0 0 0
0.092 0.13 0.198 0.408 0.7 0.896 0.926 0.968 0.958 0.984 0.974
0.012 0.046 0.1 0.28 0.624 0.798 0.866 0.892 0.914 0.944 0.95
0.036 0.084 0.108 0.38 0.67 0.794 0.846 0.88 0.908 0.93 0.894
0.002 0.016 0.068 0.16 0.428 0.68 0.752 0.826 0.826 0.852 0.866
0 0 0 0 0 0 0.004 0 0.002 0.004 0
0.114 0.136 0.164 0.352 0.648 0.82 0.896 0.914 0.92 0.936 0.928
0.022 0.066 0.118 0.308 0.638 0.822 0.854 0.904 0.91 0.936 0.918
0.032 0.094 0.17 0.31 0.636 0.764 0.826 0.84 0.87 0.886 0.914
0 0 0.024 0.194 0.502 0.704 0.788 0.818 0.85 0.872 0.842
0.038 0.08 0.17 0.446 0.772 0.9 0.938 0.934 0.934 0.962 0.954
0.042 0.124 0.17 0.406 0.762 0.924 0.97 0.962 0.98 0.978 0.982
0 0 0.002 0.038 0.162 0.356 0.452 0.498 0.58 0.546 0.518
0.07 0.122 0.23 0.402 0.778 0.938 0.974 0.98 0.99 0.986 0.988
0.012 0.036 0.134 0.336 0.682 0.804 0.874 0.88 0.868 0.918 0.894
0 0 0.004 0.082 0.426 0.654 0.762 0.824 0.846 0.878 0.882
0.034 0.072 0.114 0.204 0.572 0.77 0.856 0.882 0.932 0.914 0.914
0 0 0 0 0 0 0 0 0 0 0
0.08 0.106 0.184 0.386 0.734 0.924 0.948 0.978 0.986 0.992 0.984
0.006 0.032 0.086 0.262 0.626 0.87 0.932 0.954 0.964 0.962 0.956
0.014 0.02 0.014 0.15 0.472 0.656 0.776 0.858 0.846 0.858 0.858
0 0 0 0 0 0 0 0 0 0 0
0 0 0 0 0 0 0.004 0 0.002 0.004 0
0 0 0.012 0.166 0.486 0.676 0.8 0.836 0.926 0.922 0.904
0 0.004 0.02 0.196 0.508 0.738 0.846 0.854 0.93 0.92 0.914
0 0 0 0 0 0 0 0 0.002 0 0
0.058 0.092 0.152 0.314 0.7 0.84 0.922 0.914 0.936 0.946 0.95
0 0 0.008 0.204 0.424 0.582 0.68 0.716 0.758 0.828 0.772
0 0 0.002 0.038 0.126 0.284 0.4 0.474 0.538 0.564 0.54
0 0 0.002 0 0 0.002 0 0 0.002 0.002 0.002
0 0 0.008 0.204 0.424 0.582 0.68 0.716 0.758 0.828 0.772
0 0 0 0 0 0 0 0 0 0 0
0 0 0 0 0 0 0 0 0 0 0
0.012 0.032 0.056 0.166 0.454 0.66 0.728 0.788 0.81 0.816 0.788
0 0 0 0 0 0 0 0 0 0 0
0.134 0.156 0.162 0.172 0.21 0.312 0.432 0.498 0.614 0.638 0.618
0 0 0.01 0.16 0.448 0.73 0.802 0.864 0.848 0.868 0.914
0.01 0.042 0.128 0.316 0.676 0.88 0.936 0.934 0.952 0.952 0.958
0.082 0.108 0.124 0.23 0.622 0.76 0.83 0.92 0.924 0.928 0.932
0.042 0.04 0.078 0.194 0.458 0.68 0.742 0.75 0.832 0.844 0.856
0.14 0.106 0.116 0.156 0.346 0.508 0.658 0.732 0.79 0.816 0.828
0.002 0.006 0.04 0.23 0.53 0.738 0.836 0.854 0.874 0.888 0.874
0 0 0 0 0 0 0 0 0 0 0
0 0 0 0 0 0 0 0 0 0 0
0.004 0.018 0.058 0.228 0.56 0.804 0.878 0.92 0.904 0.93 0.928
0 0 0 0 0 0 0 0 0 0 0
0.054 0.1 0.14 0.338 0.682 0.906 0.962 0.968 0.978 0.976 0.982
0 0 0 0 0 0 0.004 0 0.002 0.004 0
0.014 0.024 0.058 0.244 0.544 0.746 0.848 0.864 0.888 0.896 0.894
0.036 0.06 0.124 0.314 0.688 0.838 0.91 0.902 0.92 0.93 0.932
0.008 0.01 0.012 0.022 0.022 0.024 0.038 0.02 0.028 0.018 0.044
0.042 0.062 0.112 0.302 0.658 0.896 0.948 0.958 0.972 0.978 0.978
0 0 0 0 0 0 0.004 0 0.002 0.004 0
0.048 0.06 0.108 0.266 0.64 0.878 0.94 0.962 0.964 0.98 0.968
0.058 0.092 0.152 0.314 0.7 0.84 0.922 0.912 0.936 0.946 0.95
0 0 0 0 0 0 0 0 0 0.004 0
0.116 0.154 0.164 0.19 0.288 0.394 0.496 0.514 0.624 0.662 0.634
0 0 0 0 0 0 0 0 0.002 0 0
0 0 0 0 0 0 0 0 0.002 0 0
0 0 0 0 0 0 0 0 0 0.004 0
0.2 0.206 0.236 0.386 0.612 0.81 0.856 0.892 0.882 0.848 0.836
0 0.002 0.002 0.01 0.074 0.184 0.306 0.362 0.492 0.53 0.53
0 0 0.006 0.106 0.464 0.684 0.782 0.86 0.866 0.884 0.888
0.002 0.002 0.002 0.002 0.002 0 0 0 0.004 0.002 0.004
0.016 0.012 0.026 0.11 0.31 0.508 0.608 0.714 0.766 0.8 0.794
0 0 0 0 0 0 0 0 0 0 0
0 0 0 0 0 0 0 0 0.002 0 0
0.028 0.054 0.102 0.278 0.63 0.838 0.918 0.944 0.942 0.952 0.928
0.024 0.064 0.126 0.3 0.654 0.836 0.912 0.918 0.942 0.942 0.922
0 0 0.002 0.022 0.114 0.274 0.376 0.48 0.536 0.544 0.546
0.006 0.006 0.044 0.232 0.534 0.74 0.838 0.858 0.878 0.89 0.88
0 0 0 0 0 0 0 0 0 0 0
0 0 0.002 0.038 0.144 0.272 0.396 0.424 0.53 0.576 0.552
0 0 0.002 0.128 0.442 0.638 0.73 0.806 0.82 0.858 0.82
0 0 0.012 0.166 0.486 0.676 0.8 0.836 0.926 0.922 0.904
0 0 0 0 0 0 0 0 0 0 0
0 0 0 0 0 0 0 0 0 0 0
0 0 0 0 0 0 0 0 0 0 0
0.018 0.06 0.152 0.43 0.756 0.892 0.926 0.932 0.93 0.96 0.95
0 0 0.006 0.106 0.464 0.684 0.782 0.86 0.866 0.884 0.888
0 0 0 0 0 0.002 0 0 0.002 0.002 0.002
0.054 0.064 0.078 0.186 0.448 0.664 0.734 0.79 0.82 0.82 0.794
0.024 0.06 0.126 0.298 0.652 0.834 0.91 0.916 0.938 0.938 0.92
0.016 0.014 0.054 0.126 0.336 0.568 0.662 0.738 0.782 0.782 0.784
0.13 0.12 0.12 0.23 0.48 0.682 0.754 0.812 0.846 0.842 0.812
0.002 0.008 0.016 0.156 0.496 0.748 0.79 0.844 0.902 0.896 0.894
0.042 0.04 0.052 0.072 0.13 0.148 0.176 0.192 0.228 0.246 0.212
0.064 0.088 0.168 0.382 0.726 0.916 0.942 0.972 0.976 0.99 0.982
0 0 0 0 0 0 0 0 0 0 0
0.188 0.2 0.224 0.298 0.654 0.798 0.852 0.85 0.862 0.842 0.84
0 0 0 0 0 0 0 0 0 0.004 0
0 0 0 0 0 0 0.004 0 0.002 0.004 0
0 0 0 0 0 0 0 0 0 0 0
0.156 0.262 0.196 0.412 0.652 0.774 0.84 0.84 0.856 0.876 0.816
0 0.004 0.004 0.14 0.464 0.648 0.772 0.85 0.84 0.858 0.856
0.052 0.084 0.078 0.228 0.502 0.68 0.7 0.72 0.662 0.58 0.584
0 0 0 0 0 0.002 0 0 0.002 0.002 0.002
0.03 0.026 0.088 0.28 0.57 0.78 0.862 0.868 0.878 0.89 0.868
0 0 0 0.008 0.094 0.256 0.372 0.444 0.52 0.564 0.588
0 0 0.002 0.136 0.466 0.704 0.722 0.788 0.85 0.888 0.886
0 0 0 0 0 0 0 0 0 0.004 0
0.074 0.086 0.12 0.336 0.586 0.774 0.824 0.84 0.84 0.856 0.832
0.02 0.068 0.104 0.27 0.528 0.78 0.856 0.92 0.896 0.92 0.934
0.002 0.002 0.002 0 0.002 0.004 0.002 0.004 0 0.004 0.004
0 0 0.006 0.136 0.432 0.702 0.768 0.812 0.802 0.848 0.88
0.036 0.048 0.098 0.26 0.6 0.804 0.888 0.924 0.932 0.94 0.93
0.058 0.054 0.158 0.37 0.732 0.944 0.96 0.982 0.976 0.972 0.976
0 0 0.002 0.022 0.114 0.274 0.376 0.48 0.536 0.544 0.546
0 0 0.012 0.166 0.486 0.674 0.8 0.836 0.926 0.922 0.904
0 0 0.002 0.018 0.094 0.274 0.338 0.416 0.534 0.564 0.566
0 0.004 0.004 0.14 0.464 0.648 0.772 0.85 0.84 0.858 0.856
0 0 0 0 0 0 0 0 0 0 0
0.07 0.066 0.106 0.09 0.152 0.328 0.382 0.446 0.562 0.602 0.618
0.076 0.08 0.154 0.316 0.628 0.862 0.894 0.916 0.95 0.95 0.958
0 0 0 0 0 0 0 0 0.002 0 0
0.052 0.094 0.136 0.334 0.654 0.896 0.952 0.976 0.978 0.972 0.976
0 0 0 0 0 0 0.002 0 0.002 0.002 0
0 0 0 0 0 0 0 0 0 0 0
0 0 0 0 0 0 0 0 0 0 0
