0.5808824 0.5735294 0.5220588 0.4485294 0.3897059 0.3014706 0.3161765 0.4338235 0.4779412 0.4191176 0.4779412
0.4179104 0.4179104 0.4253731 0.5074627 0.3731343 0.5223881 0.4925373 0.641791 0.5597015 0.4477612 0.5597015
0.4779412 0.5073529 0.5441176 0.6764706 0.6838235 0.7132353 0.6985294 0.6838235 0.5955882 0.4338235 0.4411765
0.5968992 0.5271318 0.4341085 0.4263566 0.3875969 0.3333333 0.3410853 0.3643411 0.4418605 0.4728682 0.4573643
0.2733813 0.2517986 0.2158273 0.1366906 0.1223022 0.1366906 0.1294964 0.1151079 0.1726619 0.1654676 0.1438849
0.9774436 0.9924812 1 1 0.9849624 0.9699248 0.962406 0.849624 0.9924812 0.81203 0.8270677
0.2205882 0.1838235 0.1029412 0.08088235 0.0882353 0.0882353 0.1617647 0.1470588 0.1691176 0.1838235 0.2132353
0.08955224 0.1417910 0.1641791 0.2089552 0.1940299 0.1791045 0.1492537 0.1492537 0.1492537 0.1716418 0.1940299
0.5797101 0.6956522 0.7536232 0.7608696 0.8333333 0.8188406 0.8188406 0.8478261 0.8478261 0.8623188 0.7971014
0.4 0.3857143 0.4142857 0.4357143 0.4428571 0.5357143 0.5071429 0.5285714 0.6071429 0.5214286 0.6142857
0.5142857 0.5214286 0.5428571 0.5857143 0.6714286 0.7214286 0.7214286 0.6571429 0.4714286 0.45 0.4428571
0 0.007633588 0.02290076 0.0610687 0.07633588 0.08396947 0.1526718 0.1755725 0.05343511 0.05343511 0.04580153
0.3358779 0.3358779 0.3435115 0.3969466 0.480916 0.5343511 0.4961832 0.4656489 0.2977099 0.3206107 0.3206107
0.761194 0.6492537 0.6492537 0.5746269 0.5 0.4626866 0.5373134 0.5895522 0.6567164 0.6343284 0.6567164
0.4460432 0.4172662 0.4100719 0.3956835 0.4172662 0.4820144 0.5395683 0.676259 0.7122302 0.647482 0.7122302
0.1223022 0.05035971 0.05755396 0.05755396 0.05755396 0.05035971 0.0647482 0.05035971 0.05755396 0.05035971 0.04316547
0.2230216 0.2086331 0.1366906 0.1294964 0.1007194 0.1151079 0.1582734 0.1438849 0.1582734 0.1582734 0.1942446
0.4925373 0.4776119 0.5298507 0.4850746 0.5447761 0.5223881 0.4925373 0.4253731 0.5149254 0.5746269 0.5298507
0.5 0.4785714 0.4571429 0.3928571 0.4142857 0.3857143 0.3714286 0.3642857 0.3714286 0.3785714 0.3642857
0.875969 0.751938 0.751938 0.751938 0.7364341 0.7286822 0.7906977 0.8062016 0.8372093 0.8992248 0.9302326
0.8721805 0.849624 0.8270677 0.8045113 0.7894737 0.7819549 0.7894737 0.7593985 0.7894737 0.8195489 0.7819549
0.4347826 0.4275362 0.4637681 0.4710145 0.4710145 0.4782609 0.4492754 0.4275362 0.4637681 0.5217391 0.5797101
0.1838235 0.1544118 0.1397059 0.1102941 0.09558824 0.1102941 0.1323529 0.125 0.1323529 0.1176471 0.1176471
0.8283582 0.7910448 0.7761194 0.7910448 0.858209 0.8134328 0.7910448 0.761194 0.7686567 0.8432836 0.858209
0.2945736 0.3023256 0.3333333 0.3023256 0.3023256 0.2945736 0.2558140 0.2635659 0.2868217 0.3023256 0.2790698
0.294964 0.3381295 0.3597122 0.3741007 0.4172662 0.4676259 0.4964029 0.4244604 0.4676259 0.4388489 0.5539568
0.6766917 0.6842105 0.6616541 0.5864662 0.556391 0.4887218 0.5789474 0.631579 0.6165414 0.6165414 0.6015038
0.8432836 0.858209 0.8134328 0.7910448 0.8059701 0.7835821 0.7835821 0.761194 0.761194 0.761194 0.761194
0.1366906 0.1294964 0.1223022 0.1294964 0.1007194 0.1079137 0.1007194 0.1079137 0.07913669 0.0647482 0.05755396
0.3358779 0.3587786 0.3969466 0.4122137 0.5419847 0.4885496 0.5343511 0.5038168 0.519084 0.5419847 0.5877863
0.02205882 0.01470588 0.02941176 0.03676471 0.02941176 0.02205882 0.03676471 0.03676471 0.04411765 0.02941176 0.04411765
0.7122302 0.6546763 0.6546763 0.6690647 0.5971223 0.6546763 0.7122302 0.6978417 0.6978417 0.705036 0.6546763
0.7205882 0.7867647 0.8014706 0.7867647 0.7941176 0.757353 0.7867647 0.7867647 0.757353 0.7941176 0.8235294
0.7761194 0.7686567 0.7462687 0.7089552 0.7014925 0.6865672 0.6119403 0.5820896 0.5820896 0.5671642 0.5970149
0.1714286 0.2214286 0.2285714 0.2857143 0.2928571 0.3285714 0.3142857 0.2857143 0.2357143 0.2357143 0.2
0.2357143 0.2285714 0.2285714 0.1928571 0.1571429 0.1428571 0.1642857 0.1642857 0.1714286 0.15 0.15
0.2255639 0.2255639 0.1654135 0.1804511 0.1879699 0.1954887 0.1879699 0.1879699 0.2105263 0.1954887 0.1879699
0.2635659 0.2170543 0.1937984 0.124031 0.1317829 0.1472868 0.1472868 0.124031 0.1627907 0.1705426 0.1705426
0.961832 0.9847328 0.9923664 0.9541985 0.8473282 0.908397 0.9847328 0.9236641 0.8625954 0.908397 0.9236641
0.7131783 0.6976744 0.6744186 0.620155 0.5426357 0.503876 0.6124031 0.620155 0.6434109 0.6356589 0.6589147
0.8656716 0.8731343 0.8731343 0.8432836 0.8656716 0.7761194 0.8208955 0.8358209 0.8507463 0.7910448 0.858209
0.2571429 0.2071429 0.2285714 0.15 0.1428571 0.15 0.1785714 0.1642857 0.1714286 0.1714286 0.1571429
0.8357143 0.8357143 0.8571429 0.8214286 0.7928571 0.7928571 0.8071429 0.8071429 0.8071429 0.8642857 0.8714286
0.761194 0.7537313 0.7686567 0.8059701 0.8208955 0.8432836 0.8283582 0.7761194 0.7761194 0.7835821 0.7686567
0.5971223 0.5251799 0.4892086 0.4244604 0.3741007 0.3309353 0.3309353 0.3597122 0.3956835 0.3956835 0.3597122
0.4244604 0.4388489 0.4100719 0.3956835 0.3956835 0.3381295 0.3597122 0.352518 0.3669065 0.352518 0.3309353
0.7285714 0.7357143 0.7214286 0.7071429 0.7142857 0.7142857 0.7071429 0.6142857 0.6357143 0.5785714 0.6142857
0.7214286 0.7428571 0.6857143 0.6928571 0.6642857 0.6285714 0.6285714 0.65 0.6785714 0.6857143 0.6642857
0.9398496 0.9699248 0.9699248 0.9699248 0.9699248 0.9849624 0.9774436 0.9774436 1 1 0.962406
0.1162791 0.1627907 0.1937984 0.2093023 0.2248062 0.2403101 0.2403101 0.2635659 0.1937984 0.2015504 0.1782946
0 0.007518797 0.03759398 0.06766917 0.03007519 0.06015038 0.07518797 0.09022556 0.07518797 0.06766917 0.05263158
0.4642857 0.4285714 0.3928571 0.3785714 0.3928571 0.3785714 0.3428571 0.35 0.3071429 0.3214286 0.3285714
0.8273381 0.8201439 0.8489209 0.8417266 0.8345324 0.7769784 0.7913669 0.7553957 0.7553957 0.7553957 0.8417266
0.7714286 0.7642857 0.7714286 0.7571429 0.7571429 0.75 0.75 0.7357143 0.75 0.7428571 0.7428571
1 0.9844961 0.9844961 0.9767442 0.9767442 0.9689922 0.9612403 0.9844961 0.9844961 0.9844961 1
0.9465649 0.9465649 0.9236641 0.8473282 0.8396947 0.832061 0.8625954 0.9465649 0.908397 0.961832 0.8778626
0.3478261 0.3115942 0.3478261 0.3260870 0.3478261 0.3188406 0.3188406 0.3043478 0.3043478 0.3188406 0.2898551
0.6521739 0.6884058 0.6594203 0.6449275 0.5942029 0.6376812 0.6086957 0.6521739 0.6376812 0.6376812 0.6014493
0.4428571 0.45 0.4642857 0.4 0.3785714 0.4071429 0.3928571 0.3642857 0.3785714 0.3785714 0.4
0.1956522 0.1884058 0.1739130 0.1521739 0.1449275 0.1521739 0.2101449 0.1884058 0.2101449 0.1811594 0.1956522
0.627907 0.620155 0.5503876 0.5968992 0.5968992 0.503876 0.5968992 0.5581395 0.5736434 0.6124031 0.6124031
0.5107914 0.5683453 0.5683453 0.5539568 0.5539568 0.6043165 0.5251799 0.4676259 0.5323741 0.5539568 0.589928
0.5639098 0.4887218 0.5263158 0.443609 0.4360902 0.4511278 0.5714286 0.6015038 0.631579 0.593985 0.6240602
0.6043165 0.647482 0.6402878 0.6258993 0.5971223 0.6402878 0.6330935 0.6043165 0.5755396 0.5971223 0.589928
0.08955224 0.1119403 0.1044776 0.1044776 0.1567164 0.1492537 0.1119403 0.1268657 0.1268657 0.1716418 0.1791045
0.6744186 0.751938 0.7829457 0.9224806 0.8914729 0.868217 0.9302326 0.8992248 0.9147287 0.8992248 0.875969
0.7266187 0.6546763 0.6402878 0.6258993 0.5539568 0.5179856 0.4820144 0.5467626 0.5755396 0.647482 0.6618705
0.6744186 0.751938 0.7751938 0.8604651 0.8372093 0.8294574 0.8139535 0.8217054 0.8372093 0.7906977 0.8449612
0.6470588 0.6102941 0.6397059 0.5294118 0.5367647 0.3676471 0.4632353 0.6397059 0.632353 0.6470588 0.6838235
0.4852941 0.4485294 0.4485294 0.4558824 0.5514706 0.6397059 0.617647 0.6617647 0.4485294 0.375 0.3676471
0.3410853 0.3410853 0.3100775 0.2790698 0.2713178 0.2403101 0.2325581 0.2015504 0.2093023 0.2403101 0.2325581
0.610687 0.5725191 0.5419847 0.519084 0.480916 0.519084 0.5038168 0.519084 0.5801527 0.6030534 0.5572519
0.8731343 0.8731343 0.8731343 0.880597 0.8656716 0.9104478 0.8059701 0.858209 0.8208955 0.8432836 0.8656716
0.1397059 0.1838235 0.1029412 0.08088235 0.09558824 0.1397059 0.1838235 0.1985294 0.2205882 0.2205882 0.2352941
0.7067669 0.7744361 0.7894737 0.7744361 0.7744361 0.7593985 0.7218045 0.7218045 0.7293233 0.7368421 0.7293233
0.8294574 0.868217 0.883721 0.9069767 0.8527132 0.875969 0.868217 0.9147287 0.9147287 0.8992248 0.868217
0.9398496 0.9172932 0.8796992 0.9398496 0.887218 0.8947368 0.9172932 0.887218 0.8270677 0.8195489 0.9097744
0.5797101 0.6521739 0.7608696 0.7826087 0.8550725 0.8188406 0.7971014 0.7391304 0.7463768 0.7826087 0.7391304
0.3969466 0.3969466 0.4045802 0.4732824 0.4427481 0.4351145 0.4045802 0.3969466 0.4351145 0.4198473 0.389313
0.3358779 0.3358779 0.3435115 0.3969466 0.5114504 0.5496183 0.5267176 0.4885496 0.2977099 0.3206107 0.3282443
0.04580153 0.1068702 0.1755725 0.2290076 0.2290076 0.2061069 0.129771 0.129771 0.1832061 0.1603053 0.1832061
0.8201439 0.7913669 0.7841727 0.7769784 0.7913669 0.7769784 0.7482014 0.7769784 0.7410072 0.7553957 0.733813
0.2426471 0.3308824 0.3529412 0.4558824 0.4779412 0.6544118 0.6691176 0.5 0.3970588 0.4779412 0.6691176
0.6470588 0.6102941 0.6617647 0.6470588 0.5882353 0.4411765 0.3382353 0.4411765 0.4411765 0.3455882 0.3970588
0.6821705 0.6744186 0.6046512 0.4806202 0.4341085 0.3798450 0.4341085 0.4573643 0.5193798 0.5581395 0.5348837
0.3913043 0.3768116 0.4057971 0.4057971 0.4202899 0.4347826 0.3550725 0.3623188 0.3405797 0.4057971 0.4057971
0.3785714 0.3714286 0.3214286 0.2571429 0.2857143 0.2357143 0.2928571 0.6071429 0.6428571 0.65 0.6571429
0.1492537 0.1492537 0.1417910 0.1865672 0.1940299 0.2462687 0.2462687 0.2686567 0.2014925 0.2014925 0.1791045
0.5107914 0.5251799 0.5107914 0.4316547 0.4388489 0.5035971 0.4604317 0.4316547 0.4460432 0.4676259 0.4532374
0.1 0.09285714 0.1 0.08571429 0.08571429 0.07142857 0.07857143 0.07142857 0.07857143 0.07857143 0.07142857
0.5971223 0.5467626 0.5179856 0.4460432 0.3884892 0.3381295 0.3381295 0.3884892 0.4244604 0.4100719 0.3884892
0.04477612 0.04477612 0.04477612 0.04477612 0.05223881 0.05223881 0.05970149 0.05970149 0.05970149 0.04477612 0.04477612
0.2932331 0.3233083 0.3233083 0.3383459 0.3458647 0.3533835 0.3984962 0.406015 0.3533835 0.3157895 0.3383459
0.2101449 0.1884058 0.1376812 0.1086957 0.07246377 0.07246377 0.07971014 0.07971014 0.07971014 0.07971014 0.07971014
0.1908397 0.2366412 0.2824427 0.3129771 0.3358779 0.2977099 0.3206107 0.3511450 0.3282443 0.3358779 0.3206107
0.4122137 0.480916 0.4885496 0.4351145 0.3969466 0.4045802 0.3740458 0.3664122 0.3816794 0.3282443 0.3282443
0.6124031 0.6899225 0.7751938 0.8294574 0.8527132 0.9612403 0.8139535 0.8217054 0.8372093 0.8449612 0.8449612
0.2101449 0.2536232 0.2971014 0.3188406 0.3260870 0.3188406 0.3333333 0.2971014 0.3115942 0.2971014 0.3115942
0.1029412 0.1544118 0.2205882 0.2205882 0.1985294 0.2205882 0.1764706 0.1691176 0.1764706 0.1691176 0.1691176
0.02857143 0.05 0.1214286 0.1357143 0.15 0.1785714 0.15 0.1857143 0.09285714 0.09285714 0.08571429
0.8778626 0.9541985 0.9847328 0.9541985 0.8778626 0.9694656 0.9465649 0.8167939 0.7480916 0.870229 0.8473282
0.04580153 0.1221374 0.1984733 0.2366412 0.2366412 0.2061069 0.1679389 0.1526718 0.1908397 0.1603053 0.1603053
0.942029 0.9927536 0.8768116 0.826087 0.8768116 0.9565217 0.9782609 0.9057971 0.8695652 0.8478261 0.8115942
0.6616541 0.6616541 0.7142857 0.7218045 0.6842105 0.6691729 0.5714286 0.5639098 0.631579 0.631579 0.631579
0.3571429 0.3642857 0.3357143 0.3785714 0.3928571 0.3714286 0.3357143 0.2928571 0.2857143 0.35 0.3357143
0.4122137 0.4732824 0.4656489 0.4427481 0.4122137 0.3969466 0.3664122 0.3511450 0.3816794 0.3282443 0.3282443
0.6616541 0.6090226 0.556391 0.4962406 0.406015 0.4210526 0.4511278 0.4962406 0.5639098 0.5639098 0.5413534
0.2635659 0.3023256 0.2945736 0.2713178 0.2713178 0.2403101 0.2015504 0.1860465 0.2093023 0.2170543 0.2170543
0.7928571 0.7714286 0.7214286 0.7214286 0.7357143 0.7 0.7285714 0.8142857 0.9071429 0.8285714 0.9071429
0.4244604 0.4892086 0.5467626 0.5467626 0.6330935 0.647482 0.6546763 0.6978417 0.4316547 0.3956835 0.4316547
0.4122137 0.4580153 0.4656489 0.4656489 0.4351145 0.5038168 0.4427481 0.4274809 0.4961832 0.5267176 0.4885496
0.443609 0.4285714 0.481203 0.5488722 0.6015038 0.6015038 0.5488722 0.5338346 0.481203 0.4586466 0.4661654
0.9007634 0.8473282 0.8167939 0.8167939 0.8015267 0.778626 0.8015267 0.7480916 0.7633588 0.8244275 0.778626
0.06428571 0.07857143 0.2 0.1928571 0.1785714 0.1642857 0.08571429 0.08571429 0.09285714 0.15 0.1571429
0.4 0.4071429 0.3357143 0.3214286 0.3214286 0.3071429 0.3 0.3 0.3071429 0.3142857 0.3285714
0.1603053 0.1450382 0.1679389 0.1755725 0.1603053 0.1679389 0.2824427 0.3664122 0.2824427 0.3129771 0.3282443
0.1811594 0.1884058 0.2173913 0.2028986 0.1884058 0.1739130 0.2173913 0.2028986 0.2246377 0.2101449 0.2173913
0.7131783 0.7906977 0.7906977 0.7829457 0.7984496 0.7829457 0.7906977 0.7906977 0.7674419 0.7906977 0.7751938
0.3134328 0.2985075 0.3432836 0.3432836 0.3432836 0.3283582 0.3507463 0.3283582 0.3208955 0.2985075 0.2985075
0.7553957 0.7985612 0.8129496 0.8057554 0.8633094 0.8705036 0.8273381 0.9568345 0.884892 0.884892 0.7841727
0.8796992 0.962406 0.9548872 0.962406 0.9699248 0.9699248 0.9774436 0.9548872 0.9473684 0.9849624 0.9398496
0.8642857 0.9214286 0.9142857 0.8571429 0.8857143 0.8285714 0.9857143 0.9714286 0.9428571 0.9142857 0.8571429
0.09285714 0.07857143 0.1 0.1214286 0.1214286 0.1 0.2214286 0.2857143 0.3428571 0.3214286 0.3428571
0.7985075 0.858209 0.8507463 0.858209 0.880597 0.9701493 0.9477612 0.9104478 0.8731343 0.8731343 0.8656716
0.7482014 0.733813 0.6834532 0.6690647 0.589928 0.6258993 0.6834532 0.647482 0.6978417 0.6834532 0.6690647
0.05882353 0.0882353 0.05147059 0.06617647 0.08088235 0.07352941 0.1397059 0.125 0.1397059 0.125 0.125
0.5724638 0.5 0.4782609 0.4565217 0.4637681 0.4637681 0.4492754 0.4710145 0.4855072 0.5072464 0.5289855
0.4728682 0.4883721 0.5426357 0.620155 0.7131783 0.7674419 0.751938 0.7674419 0.744186 0.751938 0.7364341
0.4210526 0.3458647 0.2781955 0.2706767 0.3007519 0.3157895 0.3233083 0.3233083 0.3082707 0.3082707 0.3082707
0.2733813 0.3309353 0.323741 0.3165468 0.323741 0.3381295 0.3453237 0.3381295 0.323741 0.3165468 0.3093525
0.3383459 0.3458647 0.2255639 0.1654135 0.1654135 0.1654135 0.1879699 0.1804511 0.1879699 0.1729323 0.2180451
0.0610687 0.1221374 0.1068702 0.1145038 0.129771 0.129771 0.1221374 0.1221374 0.129771 0.1450382 0.1450382
0.3529412 0.3308824 0.3382353 0.3308824 0.3161765 0.3529412 0.3235294 0.2941176 0.3088235 0.3014706 0.3088235
0.2713178 0.2558140 0.2325581 0.248062 0.2558140 0.2945736 0.2945736 0.2868217 0.2868217 0.2170543 0.2093023
0.5724638 0.5289855 0.5217391 0.5217391 0.4782609 0.4782609 0.5652174 0.5289855 0.5507246 0.5797101 0.5797101
0.04580153 0.07633588 0.1526718 0.1450382 0.129771 0.1526718 0.129771 0.1374046 0.1450382 0.1679389 0.1603053
0.2014925 0.2089552 0.1492537 0.1492537 0.1567164 0.1492537 0.1940299 0.1940299 0.2014925 0.2164179 0.1940299
0.8796992 0.9398496 0.924812 0.9398496 0.9398496 0.9473684 0.8721805 0.8796992 0.7969925 0.8270677 0.9097744
0.4785714 0.4785714 0.4571429 0.4714286 0.4142857 0.4571429 0.3785714 0.3857143 0.4357143 0.4214286 0.4071429
0.2733813 0.3021583 0.2877698 0.3093525 0.323741 0.3309353 0.3309353 0.323741 0.3093525 0.3021583 0.3093525
0.883721 0.9147287 0.883721 0.8294574 0.8992248 0.8294574 0.9534884 0.9147287 0.9224806 0.875969 0.9224806
0.3741007 0.3597122 0.4028777 0.3669065 0.3669065 0.4100719 0.4316547 0.352518 0.4100719 0.4244604 0.4244604
0.8449612 0.7674419 0.7596899 0.7596899 0.7286822 0.7209302 0.8062016 0.8372093 0.9069767 0.9534884 0.9844961
0.3021583 0.2446043 0.1870504 0.1223022 0.1151079 0.1366906 0.1582734 0.1582734 0.1726619 0.1726619 0.1726619
0.04411765 0.05147059 0.1470588 0.1985294 0.1985294 0.1764706 0.09558824 0.06617647 0.07352941 0.06617647 0.04411765
0.8195489 0.849624 0.8571429 0.8345865 0.8947368 0.8796992 0.8796992 0.8345865 0.8646617 0.8571429 0.849624
0.761194 0.7537313 0.7686567 0.8059701 0.8208955 0.8432836 0.8283582 0.7761194 0.7761194 0.7835821 0.7686567
0.9147287 0.868217 0.8449612 0.8217054 0.8062016 0.7984496 0.8372093 0.8992248 0.8992248 0.8449612 0.875969
0.9928058 1 0.9928058 0.971223 1 0.9856115 0.9928058 0.9640288 0.9640288 0.971223 0.9784173
0.7938931 0.8015267 0.8396947 0.8167939 0.8778626 0.8244275 0.8931298 0.8396947 0.9312977 0.8625954 0.8778626
0.7131783 0.6821705 0.5581395 0.4573643 0.4186047 0.3410853 0.372093 0.4418605 0.4883721 0.503876 0.503876
