0.6086957 0.6231884 0.5797101 0.557971 0.4855072 0.4637681 0.4492754 0.4782609 0.5362319 0.5797101 0.5652174
0.3823529 0.3823529 0.4117647 0.375 0.375 0.4558824 0.5808824 0.4705882 0.4705882 0.4558824 0.4191176
0.5343511 0.5496183 0.5801527 0.6412214 0.7099237 0.7328244 0.6870229 0.7022901 0.5572519 0.5114504 0.5343511
0.5661765 0.5735294 0.4632353 0.3897059 0.375 0.4117647 0.4558824 0.5 0.5588235 0.632353 0.5294118
0.2753623 0.2753623 0.2463768 0.1811594 0.1521739 0.1521739 0.1594203 0.1521739 0.1739130 0.1666667 0.1956522
0.9694656 0.9847328 0.9847328 0.9923664 0.9847328 0.9770992 1 0.9923664 1 0.9770992 0.961832
0.2430556 0.25 0.2013889 0.1180556 0.09722222 0.09722222 0.1527778 0.1388889 0.1458333 0.1527778 0.1597222
0.06617647 0.07352941 0.1323529 0.1544118 0.1838235 0.1470588 0.1397059 0.1323529 0.1176471 0.1323529 0.1470588
0.5942029 0.6086957 0.6449275 0.7608696 0.7608696 0.768116 0.7536232 0.7753623 0.7753623 0.7826087 0.768116
0.2977099 0.3740458 0.3511450 0.3816794 0.4351145 0.4732824 0.4427481 0.4961832 0.5496183 0.4274809 0.4427481
0.5112782 0.5263158 0.5639098 0.518797 0.6691729 0.6390977 0.6616541 0.5639098 0.5112782 0.4962406 0.4661654
0.007633588 0.02290076 0.03816794 0.0610687 0.07633588 0.1374046 0.129771 0.1374046 0.05343511 0.04580153 0.03816794
0.4057971 0.3768116 0.442029 0.5362319 0.5797101 0.5724638 0.5217391 0.5217391 0.3985507 0.3768116 0.3768116
0.6956522 0.6449275 0.6014493 0.5724638 0.5072464 0.4565217 0.5652174 0.615942 0.6376812 0.6304348 0.6231884
0.437037 0.4222222 0.5111111 0.5851852 0.5333333 0.5555556 0.5703704 0.4962963 0.5555556 0.5037037 0.5407407
0.07352941 0.02941176 0.03676471 0.03676471 0.04411765 0.05882353 0.05882353 0.05882353 0.05882353 0.06617647 0.03676471
0.2391304 0.2898551 0.2536232 0.1811594 0.1449275 0.1521739 0.2391304 0.2391304 0.2898551 0.2826087 0.2753623
0.5076923 0.4923077 0.5153846 0.5384615 0.5846154 0.5923077 0.5307692 0.5384615 0.5307692 0.5 0.4923077
0.557971 0.5144928 0.5289855 0.4782609 0.4202899 0.4347826 0.4202899 0.384058 0.4130435 0.442029 0.4130435
0.7608696 0.7608696 0.7246377 0.7246377 0.7246377 0.6811594 0.7246377 0.7463768 0.7391304 0.7463768 0.7536232
0.7851852 0.7777778 0.7777778 0.7777778 0.7703704 0.7703704 0.7777778 0.7703704 0.7555556 0.762963 0.762963
0.3458647 0.3458647 0.3609023 0.4135338 0.4285714 0.5263158 0.3909774 0.406015 0.3759398 0.3759398 0.443609
0.2083333 0.2013889 0.2013889 0.1944444 0.1527778 0.1527778 0.1666667 0.1736111 0.1666667 0.1805556 0.1597222
0.7925926 0.8074074 0.7777778 0.7925926 0.7851852 0.7703704 0.762963 0.7555556 0.762963 0.8222222 0.7777778
0.2977099 0.3053435 0.3206107 0.3053435 0.2900763 0.2824427 0.2213740 0.2442748 0.2366412 0.259542 0.2748092
0.2463768 0.3115942 0.3333333 0.384058 0.3405797 0.3623188 0.3913043 0.3405797 0.3768116 0.3478261 0.3985507
0.6304348 0.6086957 0.6086957 0.5217391 0.4710145 0.4057971 0.5 0.5434783 0.5434783 0.5217391 0.5
0.81203 0.8421053 0.8796992 0.8571429 0.8796992 0.8270677 0.8270677 0.7819549 0.8345865 0.7744361 0.7368421
0.1544118 0.1544118 0.1323529 0.1029412 0.1029412 0.1029412 0.1102941 0.1102941 0.1102941 0.1544118 0.1544118
0.3037037 0.3185185 0.3555556 0.3777778 0.3629630 0.3629630 0.3555556 0.3629630 0.3407407 0.4074074 0.4888889
0.02173913 0.01449275 0.007246377 0.02173913 0.02173913 0.01449275 0.02898551 0.02173913 0.02173913 0.02898551 0.02173913
0.632353 0.6470588 0.617647 0.5367647 0.4926471 0.5073529 0.6397059 0.5588235 0.625 0.625 0.6029412
0.8538462 0.8692308 0.823077 0.8846154 0.9846154 0.8538462 0.8923077 0.8 0.8923077 0.8384615 0.8923077
0.8625954 0.832061 0.8931298 0.7557252 0.7328244 0.7175573 0.740458 0.7099237 0.7099237 0.7328244 0.7099237
0.1804511 0.2030075 0.1804511 0.2180451 0.2330827 0.2631579 0.2255639 0.2330827 0.1954887 0.2255639 0.1729323
0.3235294 0.2867647 0.2058824 0.1617647 0.1544118 0.1470588 0.1323529 0.1617647 0.1470588 0.125 0.1323529
0.2318841 0.2536232 0.2536232 0.1739130 0.1666667 0.1739130 0.1594203 0.1739130 0.1956522 0.1739130 0.2028986
0.2330827 0.2030075 0.1353383 0.07518797 0.08270677 0.05263158 0.07518797 0.05263158 0.06015038 0.03759398 0.03007519
0.9849624 0.9849624 0.9774436 0.9924812 0.9548872 0.8421053 0.9774436 0.9849624 0.9548872 0.9774436 0.9699248
0.6470588 0.632353 0.6470588 0.6470588 0.6470588 0.6397059 0.632353 0.6470588 0.6838235 0.6985294 0.6544118
0.870229 0.8854962 0.8854962 0.8167939 0.8015267 0.8015267 0.7938931 0.832061 0.8396947 0.8854962 0.8931298
0.2615385 0.2461538 0.2461538 0.1769231 0.1461538 0.1461538 0.1538462 0.1923077 0.1923077 0.2230769 0.2076923
0.8538462 0.8384615 0.8307692 0.8307692 0.8538462 0.8461538 0.8461538 0.8153846 0.8615385 0.8692308 0.9
0.7593985 0.7744361 0.8045113 0.7894737 0.8947368 0.9172932 0.8796992 0.7593985 0.81203 0.7368421 0.8195489
0.5661765 0.4411765 0.3970588 0.3602941 0.3235294 0.3602941 0.3897059 0.4044118 0.4191176 0.4338235 0.3897059
0.4511278 0.4511278 0.4586466 0.4586466 0.5789474 0.5112782 0.4586466 0.5037594 0.4661654 0.4661654 0.3909774
0.7293233 0.7142857 0.7142857 0.6992481 0.7142857 0.6917293 0.7142857 0.6541353 0.6240602 0.6240602 0.6240602
0.7938931 0.7175573 0.6870229 0.6793893 0.648855 0.5496183 0.6412214 0.6564885 0.7175573 0.6870229 0.6946565
0.9558824 0.9705882 0.9852941 0.9558824 0.9632353 0.9558824 0.9632353 0.9779412 0.992647 0.9411765 0.9852941
0.1304348 0.1159420 0.1666667 0.2101449 0.2173913 0.2246377 0.2463768 0.2536232 0.1739130 0.1666667 0.1811594
0.03007519 0.04511278 0.06015038 0.04511278 0.04511278 0.05263158 0.07518797 0.09774436 0.09774436 0.06015038 0.06015038
0.4338235 0.4264706 0.4485294 0.3897059 0.3676471 0.375 0.3382353 0.3455882 0.3529412 0.3529412 0.3529412
0.7867647 0.8014706 0.8602941 0.8382353 0.8088235 0.757353 0.7720588 0.742647 0.7647059 0.7720588 0.8161765
0.7969925 0.7744361 0.7669173 0.7669173 0.7593985 0.7669173 0.7744361 0.7218045 0.7669173 0.7744361 0.7819549
0.976923 0.923077 0.9076923 0.9846154 0.9153846 0.8461538 0.923077 0.9923077 0.9692308 1 1
0.925926 0.925926 0.874074 0.8 0.8 0.8148148 0.874074 0.8888889 0.9037037 0.9851852 0.9185185
0.2671756 0.2366412 0.2519084 0.2900763 0.2900763 0.2977099 0.2824427 0.2519084 0.259542 0.2442748 0.2519084
0.6769231 0.6384615 0.6538462 0.6769231 0.6 0.6 0.5923077 0.6 0.6615385 0.6538462 0.6307692
0.442029 0.4637681 0.4855072 0.4927536 0.557971 0.4637681 0.4130435 0.3913043 0.4275362 0.442029 0.4202899
0.2030075 0.2105263 0.1804511 0.1804511 0.2180451 0.2030075 0.2030075 0.1879699 0.1804511 0.1804511 0.1804511
0.6769231 0.6307692 0.6230769 0.5153846 0.5384615 0.5384615 0.5615385 0.5923077 0.5384615 0.5692308 0.6
0.5259259 0.5851852 0.6 0.5851852 0.6148148 0.5925926 0.4888889 0.4888889 0.5259259 0.5703704 0.5555556
0.5 0.4927536 0.4202899 0.4202899 0.4855072 0.5144928 0.5942029 0.5942029 0.5289855 0.5652174 0.5289855
0.625 0.6470588 0.617647 0.5808824 0.5 0.5073529 0.6029412 0.5 0.5367647 0.4779412 0.5441176
0.1111111 0.125 0.125 0.1180556 0.1666667 0.1527778 0.1111111 0.1041667 0.1458333 0.1805556 0.1944444
0.8076923 0.8923077 0.8461538 0.9307692 0.9076923 0.9461538 0.8923077 0.9076923 0.923077 0.923077 0.9
0.6740741 0.6296296 0.6666667 0.5851852 0.5703704 0.637037 0.5259259 0.4888889 0.5777778 0.5777778 0.5407407
0.6946565 0.740458 0.7633588 0.8473282 0.8244275 0.870229 0.8396947 0.8091603 0.8244275 0.7633588 0.7633588
0.6470588 0.6397059 0.6470588 0.6544118 0.6397059 0.6470588 0.6691176 0.6838235 0.6838235 0.6764706 0.7132353
0.4044118 0.4117647 0.4044118 0.4191176 0.5 0.617647 0.6691176 0.6544118 0.4191176 0.4044118 0.3897059
0.2962963 0.2740741 0.2740741 0.2666667 0.2444444 0.2444444 0.2444444 0.2296296 0.2666667 0.2370370 0.2518519
0.6397059 0.625 0.617647 0.5955882 0.5808824 0.5955882 0.5882353 0.6470588 0.6544118 0.6764706 0.6691176
0.9130435 0.8695652 0.826087 0.8115942 0.789855 0.8188406 0.8188406 0.826087 0.8623188 0.9130435 0.8550725
0.1838235 0.1985294 0.1397059 0.1029412 0.1029412 0.1617647 0.2279412 0.2205882 0.2426471 0.2573529 0.2426471
0.6888889 0.7407407 0.762963 0.7555556 0.7555556 0.7111111 0.6592593 0.6592593 0.7259259 0.6740741 0.7037037
0.8091603 0.8396947 0.8549618 0.8244275 0.9160305 0.8549618 0.8778626 0.832061 0.9389313 0.8625954 0.8549618
0.9637681 0.9492754 0.9782609 0.9202899 0.942029 0.9347826 0.9782609 0.9347826 0.942029 0.9782609 0.942029
0.5769231 0.6230769 0.6923077 0.7692308 0.7692308 0.7692308 0.7538462 0.7461538 0.7461538 0.7538462 0.7461538
0.4264706 0.4264706 0.4558824 0.4191176 0.4117647 0.3529412 0.3382353 0.2941176 0.3235294 0.2794118 0.2720588
0.3819444 0.3541667 0.3958333 0.4861111 0.6111111 0.6805556 0.6041667 0.5347222 0.375 0.3541667 0.3402778
0.06766917 0.09022556 0.1654135 0.1879699 0.1879699 0.1503759 0.1278195 0.1278195 0.1278195 0.1203008 0.1203008
0.8529412 0.8014706 0.7794118 0.7647059 0.75 0.75 0.757353 0.7647059 0.7941176 0.8455882 0.9191176
0.3550725 0.3985507 0.3768116 0.4057971 0.4057971 0.6304348 0.4275362 0.3913043 0.3623188 0.4855072 0.5869565
0.6461538 0.6307692 0.6461538 0.6692308 0.6846154 0.6692308 0.6307692 0.6307692 0.5923077 0.6461538 0.6769231
0.7352941 0.7279412 0.6470588 0.625 0.5808824 0.5441176 0.5808824 0.7279412 0.742647 0.75 0.7941176
0.3925926 0.3851852 0.4 0.3925926 0.437037 0.3925926 0.3629630 0.3555556 0.3555556 0.3629630 0.3407407
0.3458647 0.3007519 0.2556391 0.2631579 0.2556391 0.2255639 0.2706767 0.4360902 0.5789474 0.5714286 0.631579
0.1692308 0.1461538 0.1615385 0.1923077 0.2307692 0.2461538 0.2538462 0.2615385 0.2230769 0.2230769 0.2076923
0.4852941 0.4705882 0.4705882 0.4485294 0.4264706 0.5294118 0.4926471 0.4926471 0.4779412 0.5 0.4411765
0.1397059 0.1029412 0.1176471 0.1029412 0.1029412 0.08088235 0.09558824 0.07352941 0.08088235 0.09558824 0.09558824
0.5220588 0.4264706 0.4044118 0.375 0.3382353 0.375 0.3602941 0.3823529 0.375 0.3676471 0.3676471
0.04511278 0.05263158 0.06015038 0.05263158 0.04511278 0.05263158 0.07518797 0.07518797 0.07518797 0.06015038 0.06015038
0.2608696 0.2826087 0.2826087 0.3188406 0.3478261 0.4057971 0.4710145 0.4637681 0.3985507 0.3188406 0.3043478
0.1985294 0.1838235 0.1470588 0.1029412 0.1029412 0.08088235 0.08088235 0.07352941 0.08088235 0.09558824 0.09558824
0.1450382 0.1603053 0.2061069 0.2977099 0.3358779 0.3206107 0.2977099 0.3511450 0.3206107 0.2824427 0.3129771
0.4384615 0.4384615 0.4461538 0.3846154 0.3846154 0.4076923 0.4076923 0.3692308 0.4384615 0.3461538 0.3384615
0.6666667 0.7703704 0.7777778 0.8296296 0.962963 1 0.9037037 0.8518519 0.8814815 0.762963 0.7703704
0.2028986 0.2826087 0.3043478 0.3550725 0.3695652 0.5144928 0.3550725 0.3333333 0.3260870 0.3985507 0.4710145
0.06870229 0.05343511 0.0610687 0.06870229 0.1068702 0.1145038 0.0610687 0.06870229 0.05343511 0.05343511 0.05343511
0.03076923 0.05384615 0.0923077 0.1846154 0.2076923 0.2461538 0.1846154 0.2 0.1307692 0.0923077 0.07692308
0.8611111 0.9305556 0.9513889 0.8333333 0.9861111 0.9861111 0.8055556 0.7777778 0.7708333 0.8402778 0.8680556
0.03703704 0.06666667 0.1629630 0.2 0.1703704 0.1481481 0.1481481 0.1629630 0.1629630 0.1259259 0.1481481
0.9637681 0.9492754 0.9782609 0.9710145 0.9492754 0.8985507 0.9855072 0.8985507 0.9275362 0.942029 0.942029
0.6307692 0.6307692 0.6461538 0.7076923 0.6538462 0.6692308 0.6307692 0.5230769 0.5384615 0.6 0.6615385
0.3888889 0.3402778 0.3611111 0.3611111 0.3541667 0.375 0.3194444 0.2847222 0.3402778 0.3541667 0.3541667
0.4307692 0.4384615 0.4230769 0.3692308 0.3846154 0.4076923 0.4 0.3307692 0.4153846 0.3461538 0.3153846
0.6544118 0.6838235 0.632353 0.625 0.6838235 0.5808824 0.6470588 0.742647 0.7941176 0.8382353 0.8088235
0.2538462 0.2461538 0.2615385 0.2692308 0.2615385 0.2461538 0.2153846 0.1923077 0.2076923 0.2384615 0.2384615
0.7851852 0.7703704 0.762963 0.7555556 0.7555556 0.7259259 0.7555556 0.8148148 0.9037037 0.8814815 0.9703704
0.4855072 0.5072464 0.5652174 0.6376812 0.6594203 0.6449275 0.6594203 0.6884058 0.5072464 0.4492754 0.4130435
0.5289855 0.5362319 0.557971 0.5507246 0.5942029 0.5072464 0.5 0.4637681 0.4637681 0.4927536 0.5
0.4384615 0.4615385 0.4923077 0.4923077 0.5153846 0.5 0.4923077 0.4461538 0.4615385 0.4692308 0.4615385
0.8308824 0.8602941 0.8308824 0.8529412 0.8235294 0.8455882 0.8014706 0.7647059 0.8088235 0.8529412 0.7794118
0.07971014 0.07971014 0.1449275 0.2391304 0.2898551 0.1956522 0.1376812 0.1231884 0.1521739 0.2028986 0.2246377
0.4427481 0.3511450 0.3282443 0.3129771 0.3053435 0.3053435 0.2977099 0.2977099 0.3358779 0.3358779 0.3129771
0.1956522 0.1956522 0.1449275 0.1594203 0.2028986 0.1739130 0.2898551 0.3695652 0.3260870 0.3623188 0.442029
0.1603053 0.129771 0.1145038 0.1603053 0.1526718 0.1526718 0.1221374 0.1221374 0.1374046 0.129771 0.1450382
0.6946565 0.7328244 0.7251908 0.7557252 0.8015267 0.778626 0.7480916 0.7480916 0.7557252 0.7557252 0.7633588
0.3985507 0.3695652 0.3768116 0.3623188 0.3478261 0.3550725 0.3550725 0.3478261 0.384058 0.3623188 0.3405797
0.7753623 0.826087 0.826087 0.8405797 0.8478261 0.8695652 0.826087 0.8478261 0.8115942 0.7753623 0.8043478
0.9153846 0.9384615 0.9153846 0.9307692 0.9076923 0.9538462 0.9384615 0.9307692 0.923077 0.9307692 0.9384615
0.925926 0.9407407 0.962963 0.9555556 0.9185185 0.9333333 0.9037037 0.9037037 0.9333333 0.9333333 0.9703704
0.05797101 0.05797101 0.04347826 0.05797101 0.07971014 0.1086957 0.05797101 0.07971014 0.05797101 0.1014493 0.07246377
0.9347826 0.9202899 0.9637681 0.942029 0.942029 0.9710145 0.9710145 1 0.9710145 0.884058 0.8550725
0.7153846 0.6615385 0.6461538 0.6461538 0.6230769 0.5538462 0.5615385 0.5384615 0.6461538 0.6384615 0.6230769
0.0625 0.04861111 0.03472222 0.04166667 0.03472222 0.04166667 0.04861111 0.04166667 0.04166667 0.04166667 0.04861111
0.5724638 0.5724638 0.5869565 0.5434783 0.557971 0.4637681 0.5434783 0.4782609 0.5797101 0.5 0.5217391
0.3834586 0.3984962 0.406015 0.6842105 0.593985 0.7518797 0.7368421 0.593985 0.6466165 0.631579 0.6541353
0.3897059 0.3161765 0.3014706 0.2720588 0.2720588 0.2794118 0.2794118 0.2720588 0.2720588 0.2647059 0.2867647
0.3692308 0.3769231 0.3923077 0.3615385 0.3769231 0.4076923 0.4153846 0.3692308 0.4230769 0.3538462 0.3384615
0.2962963 0.2666667 0.2518519 0.1777778 0.1407407 0.2 0.2222222 0.2 0.2370370 0.2370370 0.2222222
0.1407407 0.1407407 0.1407407 0.1185185 0.1333333 0.1333333 0.1259259 0.1111111 0.1259259 0.1259259 0.1259259
0.2647059 0.2867647 0.3235294 0.3897059 0.3676471 0.375 0.3529412 0.3382353 0.3382353 0.3308824 0.3529412
0.2753623 0.2463768 0.2536232 0.2318841 0.2898551 0.2971014 0.2898551 0.2898551 0.2753623 0.2753623 0.2536232
0.5144928 0.4637681 0.4492754 0.3913043 0.3695652 0.3623188 0.3768116 0.4202899 0.4565217 0.5434783 0.5217391
0.09160305 0.09923664 0.1374046 0.1679389 0.1526718 0.1526718 0.1374046 0.1221374 0.129771 0.1145038 0.1221374
0.1832061 0.1679389 0.1450382 0.1374046 0.129771 0.1068702 0.1374046 0.129771 0.1526718 0.129771 0.1526718
0.7867647 0.8088235 0.8602941 0.8382353 0.8529412 0.8308824 0.7647059 0.7794118 0.757353 0.8235294 0.8970588
0.4782609 0.4565217 0.4637681 0.4782609 0.4492754 0.4565217 0.442029 0.4927536 0.4565217 0.4492754 0.4492754
0.1954887 0.2180451 0.2330827 0.2631579 0.2932331 0.3082707 0.3007519 0.2781955 0.2481203 0.2481203 0.2406015
0.8695652 0.8768116 0.8550725 0.8695652 0.8188406 0.826087 0.8913043 0.8768116 0.8623188 0.9492754 0.9927536
0.442029 0.4130435 0.4057971 0.3913043 0.3985507 0.4565217 0.442029 0.3623188 0.4347826 0.4347826 0.5289855
0.870229 0.8396947 0.7938931 0.7557252 0.740458 0.7328244 0.7480916 0.8931298 0.8473282 0.961832 1
0.3609023 0.2932331 0.2255639 0.1804511 0.1879699 0.1503759 0.2255639 0.3834586 0.4661654 0.4736842 0.481203
0.06617647 0.08088235 0.05882353 0.1323529 0.1838235 0.1176471 0.09558824 0.09558824 0.0882353 0.1397059 0.1176471
0.8188406 0.789855 0.8115942 0.884058 0.884058 0.8478261 0.8478261 0.8043478 0.8115942 0.7971014 0.7971014
0.8188406 0.8188406 0.8115942 0.8333333 0.9057971 0.8550725 0.8550725 0.8405797 0.8115942 0.7971014 0.8333333
0.8931298 0.908397 0.8854962 0.8244275 0.8015267 0.8396947 0.8244275 0.9160305 0.9160305 0.8854962 0.8931298
0.9782609 0.9855072 0.9927536 0.9855072 0.9710145 0.9710145 0.9927536 0.8985507 0.942029 0.9782609 0.9855072
0.7846154 0.7923077 0.8 0.7923077 0.776923 0.8461538 0.8384615 0.8153846 0.8538462 0.8384615 0.8
0.6956522 0.6666667 0.6086957 0.5434783 0.4275362 0.4347826 0.4347826 0.5144928 0.5144928 0.615942 0.5652174
