0.4135338 0.3909774
0.1449275 0.1521739
0.5263158 0.4511278
0.8421053 0.924812
0.1407407 0.1407407
0.6992481 0.6240602
0.2426471 0.25
0.1162791 0.1162791
0.6589147 0.6124031
0.1666667 0.1521739
0.1544118 0.1470588
0.1428571 0.1428571
0.1714286 0.1714286
0.4728682 0.5736434
0.619403 0.6492537
0.1194030 0.1194030
0.1550388 0.1472868
0.4360902 0.4511278
0.6821705 0.7054264
0.2647059 0.2132353
0.1323529 0.1029412
0.6046512 0.7054264
0.1804511 0.2030075
0.2388060 0.2164179
0.1338028 0.1338028
0.1259259 0.1259259
0.9253731 0.9477612
0.437037 0.5111111
0.1127820 0.1503759
0.1729323 0.1954887
0.1127820 0.1127820
0.2781955 0.2781955
0.6814815 0.7481481
0.5070423 0.7464789
0.7462687 0.6492537
0.1395349 0.1472868
0.1641791 0.1791045
0.1126761 0.1126761
0.733813 0.5539568
0.2971014 0.2681159
0.3875969 0.4496124
0.1428571 0.1729323
0.7293233 0.5338346
0.1714286 0.1928571
0.7286822 0.8294574
0.2753623 0.2173913
0.4806202 0.503876
0.5481481 0.5037037
0.2426471 0.1764706
0.1127820 0.1127820
0.323741 0.2230216
0.4044118 0.25
0.7333333 0.7851852
0.4592593 0.5259259
0.437037 0.3481481
0.4328358 0.4701493
0.3 0.3785714
0.3214286 0.2428571
0.2740741 0.2444444
0.6470588 0.5955882
0.556391 0.6616541
0.2681159 0.2536232
0.4666667 0.3851852
0.248062 0.2558140
0.2030075 0.1879699
0.3802817 0.3802817
0.3260870 0.3260870
0.2030075 0.2631579
0.4666667 0.6074074
0.7906977 0.5658915
0.1151079 0.1151079
0.2323944 0.2816901
0.2462687 0.3582090
0.1510791 0.1654676
0.3703704 0.4592593
0.4225352 0.3873239
0.5971223 0.6834532
0.9626866 0.9253731
0.2932331 0.3909774
0.4428571 0.3857143
0.1627907 0.1937984
0.7867647 0.7132353
0.1578947 0.1879699
0.248062 0.1782946
0.4263566 0.4496124
0.3695652 0.3115942
0.1231884 0.1231884
0.1162791 0.1162791
0.2781955 0.2556391
0.248062 0.1937984
0.2571429 0.2714286
0.2357143 0.2142857
0.593985 0.5864662
0.1428571 0.1428571
0.323741 0.2230216
0.2173913 0.1521739
0.3014706 0.4117647
0.1417910 0.1268657
0.1304348 0.1521739
0.1102941 0.1102941
0.5037594 0.4511278
0.1408451 0.1478873
0.3007519 0.2857143
0.3759398 0.4736842
0.4179104 0.2985075
0.9398496 0.8796992
0.2535211 0.2957746
0.1278195 0.1278195
0.2868217 0.2558140
0.2592593 0.2962963
0.5112782 0.5263158
0.4028777 0.3309353
0.887218 0.9172932
0.1417910 0.1268657
0.5441176 0.5441176
0.1127820 0.1127820
0.3507463 0.4626866
0.4852941 0.4191176
0.9224806 0.8527132
0.3405797 0.3695652
0.7857143 0.6857143
0.323741 0.3453237
0.1555556 0.1555556
0.5488722 0.5488722
0.5144928 0.4855072
0.3014706 0.4264706
0.3875969 0.3798450
0.9924812 0.9699248
0.1954887 0.1954887
0.4100719 0.3381295
0.1492537 0.1417910
0.1 0.1
0.3884892 0.3453237
0.3 0.35
0.437037 0.4740741
0.1407407 0.1407407
0.1838235 0.1985294
0.3007519 0.2932331
0.6044776 0.5074627
0.3188406 0.3550725
0.4661654 0.5112782
0.2394366 0.2112676
0.4964029 0.4460432
0.1395349 0.1472868
0.2714286 0.3
0.3582090 0.3880597
0.4736842 0.4360902
0.4031008 0.3953488
0.4558824 0.4926471
0.7686567 0.8059701
0.5683453 0.618705
