0.5 0.3828125
0.1654676 0.1798561
0.21875 0.1484375
0.7734375 0.8125
0.1223022 0.2733813
0.858209 0.761194
0.2074074 0.2296296
0.1777778 0.2
0.2753623 0.2028986
0.1526718 0.1603053
0.5820896 0.5522388
0.1510791 0.1366906
0.2173913 0.2608696
0.5037037 0.5851852
0.4100719 0.2661871
0.1102941 0.1102941
0.1223022 0.1223022
0.1374046 0.1755725
0.3925926 0.3925926
0.9208633 0.9064748
0.5652174 0.5362319
0.5107914 0.5251799
0.1185185 0.1185185
0.2985075 0.3432836
0.4705882 0.625
0.129771 0.129771
0.437037 0.3185185
0.7481481 0.7185185
0.3740458 0.3129771
0.1159420 0.1014493
0.484375 0.3984375
0.3206107 0.2977099
0.3453237 0.2733813
0.4122137 0.4351145
0.1582734 0.1510791
0.4057971 0.5507246
0.1521739 0.1086957
0.3129771 0.3435115
0.5234375 0.421875
0.4468085 0.4184397
0.7022901 0.6717557
0.1205674 0.1205674
0.8014706 0.7279412
0.4701493 0.4179104
0.4148148 0.4148148
0.53125 0.7265625
0.2463768 0.2318841
0.1376812 0.1086957
0.4765625 0.5703125
0.1221374 0.1221374
0.1450382 0.129771
0.8529412 0.8014706
0.2720588 0.2352941
0.2753623 0.1666667
0.8828125 0.8515625
0.129771 0.129771
0.4637681 0.3333333
0.4751773 0.5957447
0.2898551 0.4492754
0.1194030 0.1194030
0.9104478 0.9701493
0.7407407 0.7185185
0.6592593 0.6222222
0.3597122 0.3597122
0.2898551 0.2318841
0.6484375 0.6875
0.882353 0.9558824
0.637037 0.4888889
0.375 0.3161765
0.3404255 0.3049645
0.1417910 0.1641791
0.2686567 0.2611940
0.3115942 0.3333333
0.1159420 0.1376812
0.3046875 0.2890625
0.1417910 0.1343284
0.6956522 0.731884
0.9236641 0.832061
0.8088235 0.9044118
0.637037 0.5703704
0.125 0.1484375
0.3381295 0.2733813
0.352518 0.2014388
0.1764706 0.1544118
0.640625 0.5625
0.2014388 0.1438849
0.1086957 0.1086957
0.1268657 0.1343284
0.5496183 0.5419847
0.1739130 0.1521739
0.381295 0.2877698
0.1171875 0.1171875
0.4626866 0.2985075
0.2290076 0.2442748
0.1294964 0.1223022
0.5248227 0.5602837
0.4029851 0.4477612
0.1176471 0.1544118
0.234375 0.3828125
0.125 0.125
0.6641221 0.5725191
0.2765957 0.3049645
0.984375 0.9609375
0.390625 0.3828125
0.6716418 0.5447761
0.8043478 0.768116
0.4338235 0.4191176
0.1007194 0.1007194
0.647482 0.5467626
0.875 0.7890625
0.4029851 0.4029851
0.1171875 0.125
0.3235294 0.3308824
0.1764706 0.1397059
0.5507246 0.5217391
0.1185185 0.1259259
0.1603053 0.1832061
0.8417266 0.7913669
0.1811594 0.1521739
0.1791045 0.1716418
0.8043478 0.768116
0.1014493 0.1014493
0.2761194 0.3059701
0.3260870 0.5652174
0.2246377 0.1594203
0.3970588 0.3970588
0.673913 0.5942029
0.6640625 0.6640625
0.8359375 0.7421875
0.5107914 0.6330935
0.1492537 0.1343284
0.1063830 0.1134752
0.1942446 0.1294964
0.6950355 0.9148936
0.908397 0.8167939
0.1418440 0.1205674
0.1063830 0.1063830
0.4244604 0.3956835
0.8167939 0.8625954
0.1171875 0.125
0.7867647 0.8161765
0.1366906 0.1510791
0.4460432 0.5107914
0.1703704 0.2518519
0.1171875 0.125
0.5683453 0.676259
0.4074074 0.4814815
0.5496183 0.4274809
0.384058 0.4855072
0.908397 0.8549618
0.8074074 0.7407407
