0.7666667 0.8666667
0.3333333 0.3166667
0.8416667 0.8333333
0.6825397 0.6349206
0.2682927 0.2926829
0.7826087 0.773913
0.2 0.1913043
0.6695652 0.6521739
0.6825397 0.6825397
0.7083333 0.7166667
0.2380952 0.3015873
0.3666667 0.3083333
0.7857143 0.6587302
0.5 0.5
0.3916667 0.45
0.125 0.1166667
0.5853659 0.5772358
0.6956522 0.773913
0.3083333 0.275
0.7479675 0.601626
0.2195122 0.1869919
0.468254 0.468254
0.704918 0.7786885
0.04166667 0.025
0.2416667 0.3083333
0.4262295 0.4508197
0.6829268 0.5203252
0.6521739 0.6521739
0.008196721 0.02459016
0.3333333 0.3166667
0.1166667 0.09166667
0.04878049 0.07317073
0.7142857 0.8253968
0.4552846 0.4065041
0.6416667 0.8333333
0.04098361 0.02459016
0.2682927 0.2357724
0.2868217 0.2713178
0.5793651 0.6031746
0.7083333 0.7333333
0.4173913 0.3130435
0.6521739 0.6521739
0.5853659 0.5528455
0.704918 0.6721311
0.2608696 0.2260870
0.6428571 0.7222222
0.5528455 0.4796748
0.1583333 0.2166667
0.8968254 0.8253968
0.8699187 0.8130081
0.7916667 0.7916667
0.4341085 0.503876
0.7826087 0.773913
0.1083333 0.075
0.1190476 0.1031746
0.3833333 0.4333333
0.3 0.3
0.125 0.1333333
0.3083333 0.3166667
0.7666667 0.7583333
0.5853659 0.5284553
0.7142857 0.6587302
0.8416667 0.8333333
0.2166667 0.1666667
0.8699187 0.8130081
0.5245902 0.5
0.375 0.4083333
0.01666667 0.04166667
0.5203252 0.4715447
0.7826087 0.773913
0.2195122 0.2357724
0.1416667 0.1
0.8095238 0.7619048
0.875 0.8666667
0.796748 0.7804878
0.7666667 0.8666667
0.7916667 0.7916667
0.124031 0.2093023
0.6434783 0.5478261
0.5130435 0.5565217
0.6178862 0.7235772
0.2583333 0.3083333
0.626087 0.6521739
0.547619 0.515873
0.06086957 0.07826087
0.008130081 0
0.04098361 0.02459016
0.2695652 0.2782609
0.8968254 0.8253968
0.6428571 0.6587302
0.7083333 0.6583333
0.04098361 0.06557377
0.6166667 0.7083333
0.375 0.5666667
0.65 0.65
0.2926829 0.2357724
0.2869565 0.3130435
0.6416667 0.6916667
0.5 0.4918033
0.008130081 0.01626016
0 0.008333333
0.5609756 0.5447154
0.3916667 0.3583333
0.4 0.45
0.1860465 0.1472868
0.8699187 0.7235772
0.1627907 0.1395349
0.8416667 0.8333333
0.8095238 0.7619048
0.8416667 0.8333333
0.4180328 0.4180328
0.0894309 0.06504065
0.1190476 0.1031746
0.875 0.8666667
0.2213115 0.2131148
0.6434109 0.627907
0.2 0.1826087
0.3934426 0.4180328
0.4444444 0.3809524
0.3852459 0.4016393
0.5793651 0.5634921
0.2166667 0.1583333
0.7916667 0.7916667
0.1166667 0.09166667
0.7826087 0.6347826
0.6869565 0.6347826
0.8095238 0.7619048
0.2166667 0.1416667
0.8699187 0.8130081
0.8062016 0.744186
0.2113821 0.1951220
0.796748 0.7804878
0.04918033 0.02459016
0.7826087 0.773913
0.7916667 0.7916667
0.6695652 0.6521739
