0.002 0.004
0.114 0.064
0.004 0.002
0.008 0.01
0.094 0.088
0 0
0.264 0.25
0.098 0.11
0.004 0.002
0.006 0.008
0.194 0.16
0.056 0.062
0.02 0.01
0.064 0.056
0.05 0.07
0.022 0.022
0.034 0.042
0.002 0.008
0.094 0.076
0.008 0.014
0.248 0.2
0.056 0.046
0 0
0.464 0.418
0.196 0.158
0.078 0.048
0.07 0.078
0.016 0.014
0.562 0.524
0.054 0.098
0.428 0.356
0.318 0.38
0.01 0.004
0.016 0.034
0.016 0.012
0.47 0.486
0.186 0.198
0.12 0.112
0.014 0.008
0.004 0.01
0.104 0.126
0.01 0.02
0.06 0.046
0.008 0.006
0.284 0.28
0.03 0.004
0.044 0.038
0.234 0.164
0 0
0 0.002
0.006 0.006
0.03 0.048
0.004 0.006
0.412 0.44
0.2 0.254
0.094 0.088
0.096 0.136
0.076 0.09
0.148 0.158
0 0
0.016 0.008
0.002 0.004
0.004 0.002
0.276 0.22
0.004 0.002
0.048 0.056
0.128 0.128
0.094 0.086
0.09 0.12
0.006 0.002
0.008 0.006
0.192 0.214
0.002 0
0.014 0.006
0 0
0.004 0.002
0 0.004
0.292 0.286
0.02 0.028
0.032 0.034
0.004 0.008
0.082 0.078
0.018 0.02
0.034 0.036
0.296 0.272
0.376 0.404
0.402 0.378
0.184 0.174
0.004 0
0.034 0.014
0.022 0.014
0.388 0.354
0.012 0.014
0.05 0.036
0.014 0.016
0.256 0.296
0.154 0.17
0 0
0.088 0.08
0.188 0.226
0.594 0.608
0.052 0.074
0.09 0.064
0.104 0.096
0.216 0.242
0.002 0.006
0.332 0.316
0 0
0.004 0.002
0 0
0.102 0.074
0.388 0.402
0.036 0.018
0 0
0.172 0.152
0.018 0.002
0.244 0.246
0.046 0.052
0.1 0.082
0.042 0.02
0.024 0.028
0.316 0.298
0.006 0
0.31 0.338
0.02 0.012
0.03 0.06
0.008 0.012
0.28 0.28
0 0
0.006 0.014
0.168 0.152
0 0
0.346 0.34
0.002 0.002
0.01 0.008
0.034 0.06
