0.006 0.004
0.196 0.178
0.006 0.012
0.006 0.002
0.122 0.108
0.002 0
0.066 0.058
0.056 0.072
0.016 0.01
0.008 0.012
0.202 0.202
0.034 0.044
0.006 0.01
0.086 0.092
0.04 0.038
0.37 0.336
0.02 0.006
0.01 0.016
0.082 0.076
0.008 0.014
0.188 0.164
0.078 0.076
0.002 0
0.382 0.356
0.248 0.212
0.058 0.042
0.032 0.03
0.01 0.006
0.608 0.62
0.068 0.07
0.418 0.412
0.262 0.252
0.004 0.004
0.062 0.054
0.012 0.006
0.488 0.486
0.208 0.2
0.25 0.202
0.028 0.028
0.002 0.002
0.102 0.11
0.006 0.006
0.086 0.082
0.004 0.004
0.234 0.258
0.038 0.014
0.038 0.024
0.214 0.236
0.002 0
0 0
0.004 0.002
0.052 0.038
0.004 0.002
0.408 0.422
0.252 0.3
0.062 0.074
0.062 0.126
0.296 0.244
0.136 0.16
0.002 0.004
0.03 0.034
0.018 0.016
0 0
0.246 0.216
0.002 0
0.034 0.036
0.09 0.088
0.412 0.484
0.062 0.084
0.002 0.004
0.182 0.184
0.294 0.29
0.004 0
0.004 0.008
0 0
0.018 0.01
0.004 0
0.156 0.124
0.04 0.024
0.032 0.048
0.016 0.022
0.088 0.068
0.028 0.018
0.05 0.062
0.16 0.162
0.386 0.396
0.378 0.418
0.226 0.186
0 0
0.024 0.016
0.004 0.004
0.372 0.366
0.028 0.016
0.058 0.066
0.022 0.006
0.122 0.106
0.144 0.118
0.022 0.004
0.04 0.034
0.33 0.358
0.48 0.444
0.06 0.06
0.076 0.07
0.094 0.118
0.162 0.202
0.008 0.004
0.236 0.272
0 0
0 0
0 0
0.046 0.02
0.352 0.422
0.386 0.37
0 0
0.202 0.19
0.032 0.026
0.236 0.176
0.038 0.022
0.046 0.064
0.09 0.056
0.02 0.042
0.29 0.28
0 0.002
0.294 0.316
0.01 0.016
0.028 0.028
0 0.002
0.314 0.296
0.002 0
0.006 0.01
0.182 0.182
0 0
0.348 0.392
0.004 0.006
0.01 0.004
0.024 0.034
