0.008 0.002
0.18 0.128
0.002 0.004
0.018 0.012
0.124 0.128
0 0
0.268 0.244
0.096 0.086
0.014 0.008
0.01 0.012
0.168 0.118
0.03 0.016
0.002 0.01
0.098 0.102
0.102 0.136
0.104 0.076
0.02 0.01
0.006 0.004
0.082 0.098
0.004 0.012
0.198 0.182
0.106 0.082
0 0.002
0.522 0.566
0.156 0.13
0.06 0.06
0.04 0.058
0.006 0.01
0.556 0.544
0.046 0.064
0.51 0.488
0.314 0.316
0.01 0.002
0.038 0.044
0.026 0.018
0.486 0.504
0.214 0.208
0.154 0.114
0.028 0.022
0.002 0
0.124 0.134
0.012 0.022
0.022 0.024
0.006 0.006
0.148 0.17
0.03 0.024
0.03 0.04
0.074 0.048
0 0
0 0
0.002 0
0.038 0.028
0.006 0.008
0.422 0.394
0.382 0.368
0.082 0.088
0.078 0.074
0.32 0.298
0.118 0.128
0.002 0
0.028 0.028
0.028 0.026
0.004 0.002
0.294 0.268
0 0
0.03 0.052
0.064 0.098
0.366 0.426
0.052 0.06
0.002 0.006
0.05 0.036
0.244 0.246
0 0
0.006 0
0 0
0.012 0.008
0.006 0.004
0.286 0.252
0.042 0.034
0.048 0.03
0.01 0.002
0.1 0.11
0.024 0.006
0.034 0.03
0.5 0.448
0.542 0.54
0.454 0.444
0.13 0.148
0.002 0
0.036 0.02
0.01 0.008
0.378 0.384
0.032 0.01
0.052 0.03
0.012 0.02
0.118 0.134
0.174 0.152
0.008 0.002
0.076 0.104
0.34 0.37
0.57 0.618
0.064 0.076
0.02 0.014
0.088 0.058
0.218 0.282
0.002 0.002
0.092 0.074
0 0
0.002 0
0 0
0.136 0.13
0.316 0.324
0.332 0.27
0 0
0.164 0.206
0.028 0.046
0.33 0.3
0.074 0.066
0.074 0.068
0.084 0.086
0.044 0.044
0.3 0.306
0 0
0.276 0.302
0.024 0.014
0.048 0.024
0 0
0.248 0.26
0 0
0.02 0.012
0.168 0.194
0.002 0
0.412 0.368
0 0
0.012 0.008
0.028 0.02
