0.696 0.776
0.2689076 0.3109244
0.6810345 0.7068966
0.7983871 0.6693548
0.2327586 0.2413793
0.8487395 0.8235294
0.06557377 0.08196721
0.4453782 0.4705882
0.647541 0.7295082
0.688 0.664
0.2459016 0.2377049
0.3559322 0.3898305
0.7016129 0.75
0.5338983 0.5423729
0.352459 0.3852459
0.1065574 0.1147541
0.5081967 0.6229508
0.6299213 0.7637795
0.5245902 0.4508197
0.8644068 0.7542373
0.1811024 0.2047244
0.552 0.544
0.795082 0.7622951
0.02542373 0.02542373
0.2903226 0.3145161
0.4435484 0.4354839
0.5275591 0.503937
0.7155172 0.7068966
0.01724138 0.02586207
0.5241935 0.4193548
0.0483871 0.04032258
0.1102362 0.08661417
0.7647059 0.8235294
0.5483871 0.5403226
0.5689655 0.5689655
0.02521008 0.02521008
0.1724138 0.2068966
0.2241379 0.2068966
0.5 0.5258621
0.7377049 0.7377049
0.3548387 0.3709677
0.5546218 0.6134454
0.4918033 0.5163934
0.8064516 0.75
0.5 0.5
0.6949153 0.661017
0.5630252 0.5630252
0.1639344 0.1639344
0.795082 0.7622951
0.7983871 0.7741935
0.795082 0.7622951
0.4409449 0.4566929
0.7795276 0.7559055
0.008 0.016
0.3220339 0.2627119
0.6186441 0.6440678
0.3361345 0.3361345
0.1206897 0.1379310
0.3361345 0.302521
0.8064516 0.8064516
0.5798319 0.6218487
0.6535433 0.6850394
0.795082 0.7622951
0.1557377 0.1639344
0.8448276 0.7844828
0.5511811 0.488189
0.3870968 0.3709677
0.264 0.288
0.3983051 0.3220339
0.6949153 0.661017
0.1810345 0.1896552
0.1379310 0.1120690
0.795082 0.7622951
0.8425197 0.7637795
0.8425197 0.7637795
0.8644068 0.8474576
0.8487395 0.8235294
0.2327586 0.2672414
0.4344262 0.4672131
0.496063 0.5433071
0.8064516 0.7419355
0.4488189 0.4173228
0.5172414 0.5258621
0.5 0.6186441
0.0483871 0.0483871
0.008403361 0.02521008
0.05511811 0.05511811
0.144 0.112
0.8442623 0.7868852
0.5806452 0.5483871
0.6774194 0.7419355
0.2016129 0.1854839
0.2966102 0.3220339
0.4051724 0.5258621
0.5862069 0.5517241
0.4237288 0.4237288
0.2868852 0.3360656
0.7086614 0.6692913
0.616 0.512
0.1065574 0.1065574
0 0
0.4836066 0.4098361
0.5210084 0.487395
0.424 0.464
0.2868852 0.2704918
0.696 0.776
0.1982759 0.1551724
0.8644068 0.8474576
0.8487395 0.8235294
0.8644068 0.8474576
0.387931 0.5
0.1034483 0.0775862
0.1181102 0.1496063
0.776 0.776
0.3275862 0.3189655
0.5655738 0.5409836
0.1596639 0.1932773
0.352459 0.3934426
0.4621849 0.4789916
0.7881356 0.8474576
0.5590551 0.488189
0.1475410 0.1557377
0.8487395 0.8235294
0.1065574 0.1147541
0.6774194 0.6370968
0.5564516 0.4919355
0.7983871 0.7741935
0.1129032 0.1129032
0.7983871 0.7741935
0.766129 0.7096774
0.2661290 0.2580645
0.8644068 0.8474576
0.264 0.264
0.8346457 0.7559055
0.7377049 0.7868852
0.511811 0.5511811
