0.004 0.008
0.158 0.138
0.002 0
0.014 0.006
0.148 0.184
0 0
0.234 0.256
0.06 0.066
0.01 0.006
0.022 0.018
0.158 0.13
0.088 0.09
0.006 0.008
0.054 0.056
0.074 0.068
0.138 0.122
0.024 0.01
0.016 0.008
0.102 0.104
0.022 0.008
0.23 0.2
0.044 0.06
0.006 0
0.526 0.56
0.256 0.202
0.068 0.048
0.034 0.062
0.024 0.014
0.538 0.51
0.096 0.088
0.46 0.478
0.304 0.334
0.006 0
0.048 0.052
0.016 0.016
0.448 0.48
0.29 0.264
0.15 0.132
0.034 0.012
0 0
0.08 0.046
0.032 0.046
0.028 0.022
0.004 0.006
0.176 0.194
0.032 0.024
0.052 0.044
0.068 0.048
0 0.002
0 0
0.004 0.002
0.048 0.052
0 0.002
0.458 0.466
0.296 0.342
0.106 0.104
0.072 0.088
0.24 0.28
0.154 0.158
0.002 0
0.022 0.02
0.016 0.006
0.004 0.004
0.306 0.286
0.002 0.002
0.048 0.054
0.09 0.1
0.164 0.146
0.072 0.072
0 0
0.09 0.076
0.272 0.272
0.004 0
0.006 0.002
0 0.002
0.018 0.008
0 0
0.29 0.246
0.02 0.032
0.018 0.02
0.004 0.006
0.108 0.104
0.026 0.014
0.022 0.022
0.444 0.398
0.47 0.508
0.392 0.376
0.198 0.222
0 0
0.028 0.022
0.012 0.016
0.25 0.232
0.018 0.016
0.02 0.018
0.002 0.004
0.242 0.234
0.114 0.12
0.008 0.006
0.038 0.04
0.39 0.428
0.624 0.624
0.05 0.076
0.11 0.058
0.104 0.098
0.258 0.29
0.004 0.006
0.118 0.138
0 0
0 0
0 0
0.044 0.046
0.354 0.364
0.292 0.314
0 0
0.206 0.214
0.034 0.04
0.244 0.228
0.082 0.04
0.088 0.084
0.034 0.036
0.03 0.042
0.268 0.274
0.002 0.002
0.27 0.26
0.03 0.034
0.02 0.02
0.004 0.004
0.312 0.31
0 0.002
0.004 0.01
0.022 0.024
0 0
0.366 0.364
0.002 0.004
0.002 0.004
0.034 0.022
