0.006 0.002
0.222 0.162
0.006 0.004
0.012 0.014
0.16 0.142
0 0
0.224 0.212
0.046 0.074
0.01 0.014
0.006 0.008
0.15 0.114
0.096 0.074
0.008 0
0.088 0.076
0.046 0.036
0.142 0.12
0.022 0.018
0.006 0.008
0.108 0.102
0.018 0.034
0.188 0.16
0.088 0.102
0 0
0.528 0.504
0.146 0.13
0.12 0.086
0.058 0.062
0.01 0.01
0.432 0.444
0.018 0.014
0.464 0.452
0.26 0.336
0.002 0.002
0.026 0.024
0.016 0.022
0.474 0.542
0.198 0.21
0.182 0.146
0.014 0.006
0.004 0
0.06 0.102
0.02 0.012
0.042 0.022
0.004 0.006
0.28 0.316
0.028 0.03
0.046 0.034
0.214 0.212
0 0
0 0
0.006 0.002
0.05 0.044
0.004 0.004
0.372 0.394
0.322 0.338
0.084 0.084
0.086 0.108
0.316 0.286
0.178 0.204
0.002 0.006
0.018 0.014
0.016 0.018
0.006 0.004
0.21 0.216
0.002 0
0.054 0.058
0.064 0.062
0.294 0.318
0.078 0.078
0.006 0
0.094 0.074
0.112 0.082
0.002 0.002
0.008 0
0.004 0.002
0.01 0
0 0.004
0.318 0.308
0.052 0.032
0.04 0.04
0.008 0.01
0.112 0.104
0.022 0.016
0.032 0.02
0.474 0.502
0.504 0.512
0.394 0.444
0.14 0.188
0 0
0.044 0.032
0.016 0.024
0.418 0.438
0.03 0.018
0.056 0.026
0.018 0.01
0.214 0.258
0.12 0.14
0.01 0.012
0.018 0.01
0.298 0.362
0.584 0.586
0.082 0.072
0.07 0.04
0.098 0.076
0.122 0.166
0.006 0.008
0.204 0.22
0 0.004
0 0
0 0
0.04 0.032
0.294 0.348
0.326 0.36
0.002 0
0.208 0.264
0.024 0.028
0.33 0.31
0.078 0.062
0.09 0.072
0.078 0.068
0.02 0.042
0.444 0.414
0.002 0.004
0.306 0.286
0.002 0.002
0.022 0.032
0.002 0.002
0.248 0.252
0 0
0 0.004
0.192 0.208
0 0
0.42 0.454
0.006 0.002
0.012 0.012
0.04 0.038
