0.008 0.006
0.08 0.068
0 0.004
0.018 0.01
0.132 0.13
0 0
0.034 0.03
0.234 0.252
0.01 0.004
0.006 0
0.132 0.118
0.096 0.102
0.006 0.006
0.09 0.07
0.042 0.05
0.128 0.106
0.084 0.048
0.004 0.002
0.022 0.026
0.122 0.128
0.076 0.062
0.062 0.06
0.008 0.002
0.164 0.208
0.162 0.126
0.076 0.092
0.164 0.206
0.018 0.026
0.52 0.48
0.22 0.202
0.204 0.21
0.016 0.018
0.526 0.538
0.032 0.026
0.036 0.058
0.02 0.012
0.326 0.346
0.084 0.092
0.148 0.148
0.012 0.012
0.016 0.002
0.384 0.42
0.232 0.212
0.024 0.022
0.658 0.68
0.1 0.086
0.006 0.002
0.368 0.382
0 0
0.002 0
0.072 0.096
0.036 0.016
0.08 0.07
0.634 0.626
0.502 0.518
0.152 0.186
0.046 0.062
0.204 0.208
0.414 0.444
0.006 0.004
0.036 0.022
0.1 0.14
0.01 0.006
0.04 0.024
0 0
0.108 0.128
0.308 0.3
0.142 0.128
0.008 0.008
0.036 0.032
0.052 0.03
0 0
0.004 0.004
0.004 0.004
0.024 0.012
0.004 0
0.154 0.16
0.034 0.008
0.018 0.006
0.246 0.22
0 0
0.038 0.046
0.192 0.19
0.116 0.158
0.172 0.18
0.12 0.088
0.004 0
0.002 0.002
0.156 0.136
0.09 0.096
0.002 0.004
0.022 0.014
0.036 0.016
0.586 0.58
0.02 0.016
0 0
0.334 0.36
0.102 0.07
0 0.004
0.094 0.098
0.166 0.156
0.052 0.044
0.05 0.024
0.02 0.01
0.124 0.116
0.002 0
0.002 0
0.002 0
0.236 0.194
0.628 0.678
0.168 0.15
0 0
0.532 0.564
0.06 0.032
0.16 0.17
0.014 0.014
0.282 0.314
0.07 0.07
0.06 0.054
0.15 0.108
0.004 0.004
0.228 0.252
0.112 0.104
0.024 0.002
0.004 0.01
0.062 0.064
0.002 0.004
0.002 0.002
0.016 0.022
0.344 0.312
0.002 0.002
0.292 0.292
0.002 0
0.01 0.01
0.03 0.03
