0.8842975 0.7768595
0.4568966 0.4741379
0.8965517 0.7931034
0.5952381 0.6587302
0.3442623 0.3032787
0.8965517 0.7931034
0.5371901 0.6446281
0.09482759 0.1206897
0.85 0.7666667
0.8842975 0.6694215
0.3730159 0.3571429
0.4545455 0.3801653
0.7642276 0.6829268
0.515873 0.5714286
0.3730159 0.4523810
0.1052632 0.1228070
0.4628099 0.5206612
0.8157895 0.8596491
0.6528926 0.6528926
0.4561404 0.4473684
0.4628099 0.5206612
0.2807018 0.2368421
0.8189655 0.7931034
0.1724138 0.1724138
0.3170732 0.3252033
0.5258621 0.5172414
0.3017241 0.25
0.5371901 0.4876033
0.04385965 0.03508772
0.4298246 0.4122807
0.4122807 0.3245614
0.4444444 0.6190476
0.0862069 0.0775862
0.7460317 0.6587302
0.7213115 0.6639344
0.5950413 0.6446281
0.07936508 0.07936508
0.3859649 0.3596491
0.2666667 0.275
0.6967213 0.6639344
0.745614 0.745614
0.05555556 0.06349206
0.1896552 0.1724138
0.6694215 0.6446281
0 0.008130081
0.3884298 0.4132231
0.85 0.7666667
0.09166667 0.08333333
0.8264463 0.8181818
0.8606557 0.8688525
0.475 0.4333333
0.4583333 0.525
0.3770492 0.4262295
0.02380952 0.02380952
0.00877193 0.01754386
0.1349206 0.1666667
0.515873 0.4603175
0.3636364 0.3801653
0.07142857 0.05555556
0.85 0.65
0.5785124 0.7190083
0.3057851 0.2975207
0.8103448 0.7931034
0.4508197 0.5245902
0.8264463 0.8181818
0.2333333 0.1916667
0.1916667 0.1916667
0.4649123 0.377193
0.8606557 0.704918
0.3684211 0.3508772
0.4827586 0.5172414
0.8965517 0.7931034
0.4628099 0.4214876
0.8606557 0.8688525
0.745614 0.8596491
0.7413793 0.7931034
0.2479339 0.2231405
0.6694215 0.7190083
0.6507937 0.7063492
0.1416667 0.1583333
0.8157895 0.8596491
0.6583333 0.5833333
0.2459016 0.2459016
0.5 0.4824561
0.3305785 0.2561983
0.2479339 0.2809917
0.8968254 0.8809524
0.7672414 0.6551724
0.2926829 0.3414634
0.3684211 0.377193
0.745614 0.745614
0.6428571 0.6666667
0.5772358 0.5853659
0.008130081 0.008130081
0.5491803 0.6065574
0.8842975 0.7768595
0.05691057 0.06504065
0.468254 0.4365079
0.7642276 0.8373984
0.3666667 0.35
0.2857143 0.3095238
0.4827586 0.4655172
0.5409836 0.5737705
0.6269841 0.6666667
0.4126984 0.3730159
0.8965517 0.7931034
0.8968254 0.8809524
0.8157895 0.8596491
0.2333333 0.2916667
0 0.008130081
0.06349206 0.07142857
0.7936508 0.7222222
0.04132231 0.04132231
0.3577236 0.3252033
0.2698413 0.2619048
0.7642276 0.7398374
0.1379310 0.1724138
0.4132231 0.3801653
0.5737705 0.5081967
0.4126984 0.3730159
0.8968254 0.8809524
0.0894309 0.1219512
0.4049587 0.4214876
0.5789474 0.5175439
0.7213115 0.7704918
0.3968254 0.3412698
0.8157895 0.8596491
0.7936508 0.7222222
0.5454545 0.5206612
0.09917355 0.0909091
0.85 0.7666667
0.09917355 0.09917355
0.745614 0.8596491
0.5916667 0.7666667
0.7068966 0.5172414
