0.7692308 0.7948718
0.6470588 0.5882353
0.8699187 0.8130081
0.7692308 0.7435897
0.2268908 0.1932773
0.8264463 0.8016529
0.4871795 0.5641026
0.1333333 0.1083333
0.8360656 0.7786885
0.7107438 0.8016529
0.2352941 0.2521008
0.44 0.368
0.725 0.8166667
0.5284553 0.5609756
0.4358974 0.5384615
0.1709402 0.1709402
0.6068376 0.6923077
0.699187 0.8130081
0.5983607 0.5327869
0.325 0.2833333
0.496124 0.5503876
0.3833333 0.4
0.8 0.8166667
0.2561983 0.1322314
0.272 0.288
0.4672131 0.4754098
0.2786885 0.2704918
0.5166667 0.4416667
0.05 0.05833333
0.4132231 0.4876033
0.09016393 0.08196721
0.4262295 0.4590164
0.03252033 0.04878049
0.7166667 0.8166667
0.8360656 0.7786885
0.647541 0.7459016
0.1065574 0.06557377
0.3589744 0.3504274
0.2478632 0.2649573
0.7131148 0.6557377
0.7213115 0.6885246
0.1056911 0.1056911
0.2113821 0.1626016
0.553719 0.4876033
0 0.008196721
0.4615385 0.3504274
0.8699187 0.8130081
0.1111111 0.08547009
0.875 0.8166667
0.7704918 0.8278689
0.4615385 0.4358974
0.5206612 0.6198347
0.4098361 0.3360656
0.008 0.008
0.048 0.04
0.1550388 0.1395349
0.4876033 0.4710744
0.224 0.24
0.08264463 0.09917355
0.697479 0.6134454
0.7478992 0.8235294
0.2820513 0.3504274
0.8527132 0.7751938
0.4700855 0.5555556
0.8461538 0.8290598
0.3675214 0.3589744
0.05882353 0.09243697
0.3360656 0.2704918
0.7478992 0.7478992
0.302521 0.394958
0.446281 0.4710744
0.875 0.8166667
0.3083333 0.3
0.704 0.728
0.7692308 0.7435897
0.7777778 0.8290598
0.2605042 0.2605042
0.7350427 0.7435897
0.6280992 0.8016529
0.1333333 0.1083333
0.751938 0.7751938
0.7107438 0.6198347
0.16 0.2
0.1416667 0.1583333
0.328 0.264
0.4273504 0.3504274
0.8264463 0.8016529
0.7622951 0.7459016
0.3675214 0.3418803
0.3697479 0.394958
0.7777778 0.8290598
0.7131148 0.7459016
0.6239316 0.5811966
0.03333333 0.05
0.6068376 0.7008547
0.8461538 0.8290598
0.06504065 0.05691057
0.3418803 0.4273504
0.7622951 0.8278689
0.3577236 0.3252033
0.1983471 0.2644628
0.495935 0.5121951
0.5491803 0.4918033
0.6097561 0.7073171
0.4033613 0.3781513
0.875 0.8166667
0.8803419 0.7948718
0.882353 0.8235294
0.352459 0.5163934
0.008196721 0.008196721
0.08196721 0.1065574
0.882353 0.8235294
0.02459016 0.03278689
0.3688525 0.352459
0.2809917 0.2231405
0.784 0.728
0.1848739 0.1596639
0.2268908 0.2436975
0.4871795 0.5299145
0.3162393 0.2905983
0.751938 0.7209302
0.1056911 0.1056911
0.3504274 0.3162393
0.6837607 0.7094017
0.7179487 0.7094017
0.2605042 0.2773109
0.8803419 0.7948718
0.8803419 0.7948718
0.7295082 0.6147541
0.1196581 0.0940171
0.8461538 0.8290598
0.16 0.12
0.8360656 0.8278689
0.7777778 0.8290598
0.6511628 0.6124031
