0.002 0.004
0.112 0.106
0.002 0
0.002 0.008
0.202 0.208
0 0
0.07 0.058
0.222 0.204
0.006 0.002
0.006 0.004
0.094 0.092
0.02 0.014
0.008 0.01
0.076 0.058
0.032 0.01
0.288 0.286
0.056 0.036
0.004 0.004
0.032 0.02
0.178 0.16
0.078 0.058
0.08 0.038
0.004 0
0.258 0.304
0.132 0.112
0.068 0.044
0.124 0.146
0.048 0.042
0.592 0.614
0.292 0.236
0.274 0.244
0.028 0.032
0.532 0.572
0.022 0.006
0.042 0.034
0.036 0.024
0.26 0.268
0.082 0.086
0.146 0.124
0.016 0.014
0.004 0
0.402 0.406
0.32 0.334
0.004 0.004
0.49 0.53
0.092 0.096
0.006 0.004
0.3 0.316
0.002 0
0 0.002
0.074 0.062
0.036 0.04
0.006 0.01
0.584 0.56
0.344 0.402
0.198 0.2
0.048 0.054
0.22 0.182
0.286 0.302
0.008 0.004
0.032 0.008
0.074 0.116
0.006 0.006
0.054 0.028
0 0
0.176 0.206
0.25 0.294
0.112 0.124
0.016 0.008
0.138 0.1
0.052 0.048
0 0
0.068 0.086
0.006 0.004
0.012 0.002
0 0
0.164 0.158
0.022 0.022
0.006 0.018
0.27 0.244
0.002 0.002
0.05 0.034
0.082 0.056
0.108 0.096
0.23 0.22
0.174 0.166
0 0
0.006 0
0.106 0.106
0.136 0.12
0.004 0.002
0.024 0.008
0.028 0.034
0.524 0.546
0.04 0.032
0.002 0
0.408 0.36
0.102 0.098
0.004 0.002
0.102 0.122
0.142 0.114
0.01 0.024
0.048 0.058
0.02 0.016
0.126 0.11
0 0
0.002 0
0 0
0.246 0.228
0.71 0.666
0.408 0.41
0 0
0.48 0.5
0.022 0.012
0.12 0.152
0.008 0.012
0.222 0.2
0.152 0.152
0.07 0.052
0.102 0.072
0.008 0.008
0.224 0.246
0.09 0.134
0.012 0.008
0 0.006
0.114 0.096
0.006 0.002
0.006 0.002
0.022 0.026
0.39 0.374
0 0.002
0.126 0.16
0.002 0.002
0.01 0.002
0.022 0.042
