0.704918 0.6967213
0.5491803 0.5409836
0.8016529 0.8677686
0.7863248 0.6923077
0.3571429 0.3809524
0.8803419 0.8547009
0.5793651 0.6031746
0.1507937 0.1349206
0.8852459 0.8442623
0.8016529 0.7355372
0.3529412 0.3865546
0.744 0.712
0.7377049 0.8442623
0.5371901 0.5371901
0.4754098 0.4016393
0.15 0.125
0.5294118 0.5966387
0.8166667 0.775
0.6311475 0.5983607
0.4180328 0.3770492
0.4426230 0.4590164
0.48 0.48
0.8166667 0.8333333
0.4754098 0.4754098
0.4102564 0.2991453
0.5416667 0.6333333
0.4016393 0.4098361
0.6639344 0.6311475
0.008196721 0.008196721
0.2016807 0.2268908
0.1487603 0.1900826
0.5737705 0.6311475
0.04201681 0.04201681
0.6638655 0.6806723
0.704918 0.557377
0.7416667 0.7166667
0.08264463 0.08264463
0.2583333 0.2333333
0.4621849 0.4285714
0.6 0.6583333
0.7416667 0.8333333
0.06722689 0.06722689
0.176 0.2
0.6639344 0.557377
0 0
0.4297521 0.4380165
0.907563 0.8571429
0.07438017 0.07438017
0.8842975 0.8677686
0.7868852 0.795082
0.4789916 0.5882353
0.504 0.576
0.4180328 0.2622951
0.008196721 0
0.06557377 0.04918033
0.15 0.1166667
0.4590164 0.4836066
0.125 0.125
0.06837607 0.06837607
0.8016529 0.8181818
0.5555556 0.5982906
0.4333333 0.375
0.8492063 0.8174603
0.5206612 0.6446281
0.8842975 0.8181818
0.184 0.136
0.1583333 0.1416667
0.3223140 0.2975207
0.8852459 0.8442623
0.3278689 0.2950820
0.4793388 0.4958678
0.8492063 0.8174603
0.5213675 0.5470085
0.7295082 0.7704918
0.7863248 0.7094017
0.7868852 0.795082
0.2540984 0.1967213
0.584 0.576
0.6666667 0.5811966
0.2436975 0.2436975
0.8016529 0.8677686
0.6198347 0.4958678
0.4 0.392
0.1074380 0.1074380
0.2991453 0.2905983
0.3688525 0.352459
0.907563 0.8571429
0.6147541 0.4836066
0.3730159 0.3730159
0.3360656 0.4016393
0.8319328 0.8571429
0.7603306 0.5950413
0.5491803 0.5409836
0.03174603 0.04761905
0.6393443 0.7622951
0.7948718 0.8547009
0.075 0.05
0.4214876 0.4958678
0.795082 0.8442623
0.2991453 0.2991453
0.3196721 0.3196721
0.6033058 0.5785124
0.408 0.432
0.6666667 0.7094017
0.3571429 0.3888889
0.8852459 0.8442623
0.8842975 0.8181818
0.744 0.712
0.1666667 0.275
0 0
0.04958678 0.07438017
0.907563 0.8571429
0.032 0.024
0.4180328 0.4262295
0.2991453 0.2991453
0.7863248 0.6923077
0.2231405 0.2479339
0.3931624 0.3760684
0.5238095 0.5396825
0.2295082 0.2540984
0.7394958 0.8571429
0.2478632 0.1623932
0.3606557 0.2622951
0.6554622 0.6470588
0.815126 0.7394958
0.2975207 0.3553719
0.8842975 0.8181818
0.8166667 0.8333333
0.6446281 0.6446281
0.04958678 0.0661157
0.8852459 0.8442623
0.1196581 0.1025641
0.8114754 0.7704918
0.8803419 0.8547009
0.5491803 0.557377
