0 0.002
0.284 0.262
0 0.002
0.012 0.008
0.252 0.212
0.012 0
0.054 0.068
0.166 0.192
0.024 0.014
0.02 0.01
0.13 0.106
0.082 0.098
0.004 0.004
0.022 0.01
0.212 0.18
0.32 0.306
0.052 0.03
0.002 0.002
0.012 0.024
0.062 0.056
0.042 0.038
0.092 0.088
0 0
0.48 0.434
0.124 0.112
0.246 0.224
0.062 0.09
0.042 0.054
0.74 0.774
0.064 0.066
0.38 0.358
0.056 0.04
0.26 0.292
0.03 0.014
0.008 0.004
0.016 0.014
0.63 0.614
0.226 0.2
0.268 0.198
0.012 0.014
0.01 0.002
0.214 0.224
0.036 0.036
0.014 0.02
0.448 0.462
0.044 0.044
0.006 0.006
0.382 0.422
0 0
0.002 0
0.028 0.026
0.038 0.054
0.066 0.078
0.226 0.318
0.33 0.416
0.066 0.068
0.04 0.034
0.202 0.24
0.238 0.264
0.002 0.004
0.03 0.022
0.07 0.064
0.022 0.004
0.106 0.078
0.002 0
0.06 0.086
0.104 0.124
0.116 0.156
0.004 0.002
0.114 0.102
0.06 0.06
0.012 0.014
0.044 0.074
0.008 0.002
0.01 0.008
0.012 0.012
0.096 0.09
0.008 0.002
0.004 0.002
0.228 0.214
0.018 0.004
0.036 0.026
0.228 0.212
0.272 0.266
0.172 0.16
0.044 0.084
0 0.008
0.08 0.064
0.034 0.054
0.176 0.134
0.01 0.004
0.074 0.066
0.032 0.048
0.224 0.206
0.12 0.062
0.004 0
0.392 0.448
0.212 0.196
0.036 0.04
0.12 0.092
0.184 0.198
0.114 0.12
0.038 0.038
0.02 0.014
0.074 0.088
0 0
0 0
0 0
0.154 0.106
0.506 0.532
0.544 0.534
0 0
0.192 0.198
0.06 0.054
0.392 0.402
0.014 0.02
0.1 0.106
0.116 0.12
0.038 0.028
0.336 0.33
0.006 0.01
0.162 0.178
0.042 0.032
0.016 0.006
0.01 0.024
0.22 0.226
0.004 0
0.006 0.004
0.014 0.002
0.19 0.194
0.004 0.004
0.328 0.388
0.01 0.01
0.006 0.008
0.01 0.01
