0.6754386 0.6666667
0.1074380 0.1404959
0.8429752 0.785124
0.9090909 0.7355372
0.1239669 0.1487603
0.8527132 0.8372093
0.5041322 0.4710744
0.6754386 0.5701754
0.5887097 0.6532258
0.7394958 0.7394958
0.4705882 0.4117647
0.4434783 0.4086957
0.8527132 0.8372093
0.8870968 0.6693548
0.2936508 0.2698413
0.08264463 0.09917355
0.4 0.4608696
0.7235772 0.7317073
0.6470588 0.6470588
0.3826087 0.4086957
0.3070175 0.3859649
0.3658537 0.398374
0.8455285 0.804878
0.2764228 0.3252033
0.2561983 0.3223140
0.1652174 0.2173913
0.2276423 0.1951220
0.6363636 0.5289256
0 0
0.2926829 0.300813
0.3719008 0.4297521
0.504065 0.504065
0.1565217 0.1217391
0.745614 0.8245614
0.6935484 0.6612903
0.6178862 0.5853659
0.02631579 0.02631579
0.2184874 0.2100840
0.09649123 0.1140351
0.677686 0.6363636
0.8333333 0.8245614
0.3421053 0.3596491
0.3391304 0.3478261
0.7560976 0.796748
0.02439024 0.03252033
0.4516129 0.5080645
0.7479675 0.796748
0.0909091 0.1074380
0.8429752 0.785124
0.8870968 0.8548387
0.5123967 0.5041322
0.4297521 0.4628099
0.4 0.4869565
0.02439024 0.03252033
0.2280702 0.1666667
0.3478261 0.3565217
0.4434783 0.5043478
0.1774194 0.2096774
0.09243697 0.07563025
0.8429752 0.6446281
0.6554622 0.7058824
0.515873 0.484127
0.7394958 0.7394958
0.3471074 0.3719008
0.8730159 0.8174603
0.4453782 0.4201681
0.2479339 0.1900826
0.3565217 0.4260870
0.8655462 0.7142857
0.2195122 0.2357724
0.4552846 0.5284553
0.8434783 0.7913043
0.4869565 0.4956522
0.8333333 0.8245614
0.6899225 0.627907
0.8429752 0.785124
0.4824561 0.4736842
0.6422764 0.6585366
0.7154472 0.6585366
0.2456140 0.2807018
0.661157 0.661157
0.5913043 0.626087
0.0909091 0.09917355
0.06140351 0.07017544
0.1774194 0.1854839
0.4869565 0.4956522
0.7731092 0.7983193
0.3821138 0.3414634
0.5645161 0.483871
0.1491228 0.1228070
0.7154472 0.804878
0.5634921 0.5079365
0.6363636 0.6363636
0.1652174 0.1652174
0.5080645 0.4919355
0.8333333 0.8245614
0.1190476 0.1190476
0.2857143 0.2773109
0.6363636 0.6528926
0.5438596 0.5701754
0.2539683 0.2460317
0.3821138 0.2601626
0.5913043 0.5478261
0.773913 0.7565217
0.2631579 0.2456140
0.8333333 0.8245614
0.8780488 0.796748
0.8730159 0.8174603
0.3140496 0.3223140
0.01680672 0.01680672
0.01587302 0.02380952
0.9090909 0.8512397
0.3826087 0.3565217
0.5403226 0.516129
0.1138211 0.0894309
0.4471545 0.4390244
0.3178295 0.2868217
0.5913043 0.4869565
0.7438017 0.5950413
0.1228070 0.1140351
0.8655462 0.7142857
0.2807018 0.3070175
0.5503876 0.4651163
0.697479 0.6470588
0.8956522 0.7913043
0.2561983 0.2975207
0.9090909 0.8512397
0.8870968 0.8548387
0.7063492 0.7142857
0.2113821 0.2032520
0.8527132 0.8372093
0.08130081 0.05691057
0.5701754 0.6666667
0.7438017 0.6528926
0.6554622 0.7142857
