0.8644068 0.8644068
0.1666667 0.1833333
0.8898305 0.8728814
0.7627119 0.7372881
0.05645161 0.0967742
0.779661 0.8728814
0.4102564 0.5213675
0.5772358 0.5934959
0.5 0.5423729
0.6581197 0.7350427
0.2833333 0.35
0.5423729 0.4745763
0.784 0.864
0.4237288 0.4661017
0.2991453 0.2905983
0.08547009 0.06837607
0.5396825 0.5396825
0.7711864 0.8728814
0.65 0.6416667
0.3813559 0.3389831
0.6495726 0.6923077
0.4830508 0.440678
0.7903226 0.8387097
0.01587302 0.01587302
0.192 0.216
0.2118644 0.2372881
0.4916667 0.4
0.5416667 0.525
0 0
0.4365079 0.4523810
0.08730159 0.07936508
0.3170732 0.4065041
0.07936508 0.07142857
0.6 0.6166667
0.632 0.688
0.7372881 0.6949153
0.008333333 0.008333333
0.192 0.216
0.08870968 0.08870968
0.779661 0.720339
0.7118644 0.7711864
0.2777778 0.1904762
0.3559322 0.3135593
0.7723577 0.7398374
0.0483871 0.0483871
0.5634921 0.515873
0.8709677 0.782258
0.3728814 0.3220339
0.8290598 0.8119658
0.8730159 0.8412698
0.6949153 0.6101695
0.4237288 0.4745763
0.779661 0.6271186
0.2711864 0.2118644
0.1788618 0.1463415
0.4491525 0.3813559
0.4830508 0.4830508
0.2881356 0.2627119
0.1367521 0.1196581
0.5934959 0.6422764
0.6129032 0.6451613
0.3898305 0.3220339
0.784 0.744
0.3983051 0.3389831
0.8898305 0.8728814
0.3559322 0.3305085
0.3135593 0.3135593
0.3951613 0.4354839
0.8290598 0.7350427
0.2542373 0.3389831
0.5677966 0.5254237
0.8644068 0.8644068
0.5396825 0.4603175
0.8644068 0.7457627
0.7094017 0.6923077
0.8644068 0.8644068
0.5203252 0.5203252
0.6747967 0.7398374
0.7222222 0.8412698
0.1525424 0.1355932
0.6186441 0.6271186
0.5897436 0.6923077
0.1525424 0.1101695
0.1025641 0.1196581
0.2457627 0.2881356
0.4491525 0.4915254
0.875 0.85
0.3846154 0.4358974
0.4758065 0.3951613
0.3135593 0.3305085
0.7521368 0.8119658
0.468254 0.5079365
0.6 0.5583333
0.2063492 0.1984127
0.3728814 0.4661017
0.725 0.85
0.1610169 0.1355932
0.2601626 0.2357724
0.5641026 0.5897436
0.5583333 0.3833333
0.1610169 0.1864407
0.3589744 0.3076923
0.6410256 0.5982906
0.7857143 0.7460317
0.4047619 0.4047619
0.856 0.864
0.8898305 0.8728814
0.8898305 0.8728814
0.4322034 0.3813559
0.02419355 0.02419355
0.01666667 0.025
0.8290598 0.8119658
0.2601626 0.1463415
0.4333333 0.4333333
0.04237288 0.06779661
0.5 0.5084746
0.2991453 0.2222222
0.344 0.288
0.5952381 0.6031746
0.32 0.312
0.8644068 0.7457627
0.300813 0.2845528
0.5403226 0.4516129
0.625 0.6166667
0.7723577 0.7398374
0.2460317 0.3174603
0.8730159 0.8412698
0.7723577 0.7398374
0.7142857 0.6587302
0.192 0.192
0.7916667 0.85
0.08 0.064
0.8709677 0.782258
0.779661 0.6355932
0.6949153 0.5677966
