0.01 0.002
0.056 0.048
0.002 0.002
0.006 0.008
0.352 0.302
0.006 0
0.082 0.078
0.182 0.214
0.038 0.014
0.008 0.026
0.284 0.288
0.068 0.05
0.008 0.002
0.02 0.02
0.076 0.082
0.228 0.25
0.042 0.048
0.022 0.014
0.024 0.018
0.06 0.092
0.044 0.026
0.082 0.064
0.002 0
0.55 0.508
0.14 0.102
0.22 0.238
0.08 0.064
0.046 0.058
0.724 0.734
0.09 0.072
0.276 0.282
0.062 0.052
0.412 0.404
0.02 0.028
0.026 0.016
0.018 0.026
0.578 0.6
0.2 0.172
0.214 0.214
0.026 0.022
0.008 0.004
0.132 0.172
0.03 0.044
0.012 0.016
0.318 0.356
0.074 0.046
0.018 0.008
0.394 0.398
0.002 0
0 0
0.038 0.046
0.038 0.056
0.056 0.054
0.364 0.39
0.178 0.192
0.096 0.104
0.034 0.046
0.284 0.266
0.256 0.248
0.016 0.01
0.03 0.034
0.038 0.056
0.016 0.008
0.12 0.082
0.002 0
0.132 0.138
0.124 0.156
0.114 0.118
0.006 0.004
0.156 0.126
0.052 0.042
0.006 0.004
0.058 0.09
0.006 0.014
0.016 0.01
0.002 0.004
0.004 0.008
0.014 0.014
0.014 0.002
0.3 0.276
0.012 0.022
0.044 0.014
0.346 0.33
0.42 0.396
0.084 0.05
0.084 0.09
0.004 0
0.088 0.06
0.042 0.066
0.082 0.06
0.006 0.006
0.068 0.054
0.04 0.056
0.254 0.222
0.076 0.052
0.006 0.002
0.316 0.262
0.164 0.15
0.042 0.028
0.034 0.052
0.32 0.258
0.142 0.138
0.032 0.02
0.034 0.032
0.05 0.032
0.002 0
0 0
0 0.002
0.136 0.13
0.524 0.542
0.336 0.334
0 0.002
0.266 0.272
0.05 0.046
0.396 0.296
0.06 0.044
0.252 0.272
0.096 0.08
0.006 0.014
0.24 0.22
0.008 0.012
0.092 0.116
0.038 0.05
0.012 0.018
0.01 0.008
0.262 0.272
0 0
0.004 0.006
0.032 0.028
0.154 0.192
0.002 0.002
0.286 0.278
0.004 0.006
0.006 0.006
0.006 0.012
