0.008 0.006
0.256 0.292
0 0
0.012 0.006
0.328 0.33
0.004 0
0.098 0.038
0.11 0.194
0.012 0.018
0.01 0.01
0.27 0.242
0.092 0.134
0 0.002
0.02 0.024
0.268 0.22
0.29 0.296
0.03 0.038
0.004 0.008
0.016 0.03
0.014 0.018
0.046 0.052
0.1 0.102
0 0.002
0.32 0.3
0.232 0.186
0.076 0.038
0.072 0.07
0.03 0.038
0.722 0.698
0.07 0.062
0.264 0.266
0.086 0.048
0.358 0.356
0.02 0.006
0.024 0.028
0.014 0.006
0.624 0.638
0.18 0.158
0.252 0.22
0.008 0.016
0.006 0.002
0.14 0.162
0.182 0.176
0.016 0.008
0.104 0.146
0.072 0.066
0.008 0.002
0.316 0.3
0 0
0 0
0.022 0.022
0.058 0.052
0.044 0.066
0.242 0.304
0.342 0.416
0.072 0.09
0.05 0.058
0.24 0.196
0.222 0.258
0.01 0.002
0.032 0.016
0.038 0.048
0.006 0.004
0.082 0.054
0.002 0
0.064 0.072
0.186 0.226
0.05 0.09
0.002 0.006
0.116 0.08
0.064 0.04
0.006 0.002
0.018 0.02
0.008 0.004
0.014 0.024
0.012 0.002
0.096 0.092
0.008 0.006
0.004 0
0.266 0.234
0.04 0.02
0.046 0.02
0.544 0.476
0.338 0.346
0.302 0.322
0.086 0.082
0.002 0.008
0.096 0.07
0.046 0.064
0.106 0.1
0.008 0.008
0.058 0.044
0.048 0.036
0.144 0.204
0.12 0.112
0.002 0.004
0.186 0.204
0.11 0.09
0.018 0.018
0.12 0.104
0.14 0.108
0.15 0.126
0.018 0.018
0.024 0.03
0.08 0.088
0 0
0.002 0
0 0
0.176 0.164
0.41 0.386
0.39 0.338
0 0
0.094 0.112
0.076 0.076
0.332 0.262
0.074 0.046
0.154 0.16
0.118 0.122
0.028 0.03
0.368 0.28
0.004 0.002
0.196 0.236
0.046 0.088
0.014 0.008
0.006 0.002
0.2 0.192
0 0
0.016 0.002
0.004 0
0.23 0.256
0.006 0
0.366 0.394
0.002 0.002
0 0.002
0.03 0.014
