0.7768595 0.8347107
0.1465517 0.1551724
0.9137931 0.8706897
0.6746032 0.6269841
0.1229508 0.1311475
0.9137931 0.8706897
0.4958678 0.5123967
0.2586207 0.2068966
0.5666667 0.6416667
0.6694215 0.768595
0.2460317 0.2936508
0.4876033 0.4545455
0.8780488 0.8536585
0.7142857 0.6190476
0.2460317 0.2539683
0.0877193 0.0877193
0.5041322 0.5454545
0.8508772 0.8596491
0.7024793 0.8347107
0.5877193 0.5
0.6198347 0.5785124
0.1491228 0.1666667
0.9137931 0.8706897
0.03448276 0.01724138
0.2032520 0.2195122
0.2586207 0.2413793
0.4051724 0.5258621
0.5289256 0.5454545
0 0.00877193
0.622807 0.5614035
0.2280702 0.2456140
0.5 0.4126984
0.1724138 0.1379310
0.6428571 0.7063492
0.8114754 0.6721311
0.5785124 0.6198347
0.007936508 0.007936508
0.2456140 0.2456140
0.15 0.2
0.7377049 0.7704918
0.8508772 0.745614
0.2936508 0.2380952
0.362069 0.2931034
0.785124 0.6694215
0.1463415 0.04878049
0.5371901 0.5454545
0.825 0.7916667
0.04166667 0.04166667
0.8842975 0.8347107
0.8852459 0.8688525
0.5333333 0.5
0.4333333 0.425
0.5901639 0.4344262
0.0952381 0.04761905
0.02631579 0.00877193
0.3888889 0.3253968
0.4761905 0.5079365
0.5371901 0.5041322
0.1349206 0.0952381
0.6916667 0.7916667
0.7190083 0.8347107
0.4793388 0.446281
0.8362069 0.7931034
0.3606557 0.3852459
0.8842975 0.8347107
0.35 0.3083333
0.2583333 0.2333333
0.5701754 0.4561404
0.7622951 0.7786885
0.2017544 0.2543860
0.612069 0.612069
0.9137931 0.7931034
0.6280992 0.5041322
0.8852459 0.8688525
0.8508772 0.8596491
0.9137931 0.8706897
0.3719008 0.338843
0.7190083 0.7024793
0.8015873 0.7380952
0.1 0.1333333
0.7894737 0.745614
0.5666667 0.5833333
0.04918033 0.1229508
0.3596491 0.4561404
0.1404959 0.1652893
0.4380165 0.5041322
0.8888889 0.8809524
0.3189655 0.3275862
0.4146341 0.3739837
0.2280702 0.2894737
0.8508772 0.754386
0.4920635 0.4920635
0.5203252 0.5691057
0.1138211 0.04878049
0.3688525 0.3852459
0.8677686 0.8347107
0.1544715 0.1869919
0.3333333 0.3095238
0.6341463 0.5691057
0.4333333 0.3333333
0.2460317 0.2936508
0.2931034 0.2586207
0.6393443 0.7540984
0.6666667 0.6984127
0.6111111 0.6111111
0.9137931 0.8706897
0.8888889 0.8809524
0.8508772 0.8596491
0.35 0.3083333
0.05691057 0.01626016
0.01587302 0.01587302
0.9047619 0.7857143
0.2231405 0.1983471
0.4715447 0.4715447
0.04761905 0.08730159
0.4715447 0.4715447
0.2586207 0.2672414
0.3057851 0.3057851
0.6229508 0.6393443
0.1904762 0.2142857
0.8888889 0.7142857
0.2032520 0.2113821
0.7768595 0.553719
0.5789474 0.5614035
0.8852459 0.7704918
0.1904762 0.1904762
0.8508772 0.8596491
0.9047619 0.7857143
0.6363636 0.5702479
0.1983471 0.2066116
0.825 0.7916667
0.04958678 0.05785124
0.7894737 0.8596491
0.825 0.6416667
0.7155172 0.6896552
