0.012 0.006
0.328 0.3
0.008 0.01
0.004 0.002
0.264 0.242
0.002 0
0.09 0.074
0.042 0.04
0.022 0.018
0.012 0.012
0.192 0.128
0.074 0.068
0 0.006
0.028 0.02
0.366 0.322
0.428 0.388
0.062 0.054
0 0.01
0.026 0.032
0.074 0.092
0.052 0.032
0.092 0.07
0.004 0.004
0.53 0.554
0.208 0.234
0.196 0.146
0.108 0.052
0.016 0.014
0.742 0.742
0.062 0.028
0.372 0.4
0.106 0.08
0.29 0.336
0.032 0.016
0.006 0.012
0.018 0.01
0.584 0.636
0.21 0.198
0.412 0.34
0.008 0.008
0.004 0.002
0.144 0.174
0.082 0.124
0.028 0.048
0.368 0.412
0.124 0.096
0.002 0.004
0.372 0.356
0.002 0
0.002 0
0 0.002
0.056 0.042
0.06 0.064
0.43 0.456
0.396 0.384
0.088 0.11
0.032 0.052
0.256 0.242
0.246 0.294
0.008 0.002
0.016 0.006
0.066 0.07
0.016 0.004
0.098 0.13
0 0
0.134 0.14
0.288 0.274
0.074 0.064
0.006 0.008
0.134 0.104
0.056 0.038
0.01 0.008
0.064 0.06
0.002 0.002
0.03 0.008
0 0.002
0.066 0.064
0.036 0.014
0.014 0.012
0.184 0.204
0.012 0.012
0.022 0.018
0.438 0.398
0.28 0.294
0.418 0.39
0.068 0.06
0.008 0.006
0.022 0.008
0.038 0.056
0.138 0.12
0.004 0.006
0.066 0.04
0.026 0.026
0.214 0.276
0.172 0.182
0.006 0.002
0.142 0.172
0.118 0.11
0.03 0.018
0.05 0.042
0.032 0.042
0.134 0.134
0.018 0.016
0.018 0.008
0.064 0.08
0 0
0.004 0
0.002 0
0.11 0.108
0.416 0.448
0.546 0.526
0 0
0.166 0.216
0.036 0.032
0.304 0.254
0.076 0.038
0.136 0.14
0.172 0.12
0.032 0.038
0.322 0.272
0.006 0.006
0.246 0.25
0.052 0.058
0.002 0
0.008 0.004
0.158 0.126
0 0
0.01 0.008
0.01 0.022
0.19 0.188
0.002 0.002
0.342 0.384
0.004 0
0.008 0.004
0.014 0.024
