0.8225806 0.8629032
0.1949153 0.1440678
0.9217391 0.8608696
0.8780488 0.8455285
0.05217391 0.06086957
0.8644068 0.7881356
0.4214876 0.4710744
0.4322034 0.3644068
0.5619835 0.6280992
0.7096774 0.7258065
0.2809917 0.338843
0.3333333 0.2564103
0.7804878 0.8292683
0.6837607 0.8547009
0.2644628 0.2479339
0.07438017 0.09917355
0.4876033 0.5371901
0.6771654 0.7322835
0.892562 0.7024793
0.5641026 0.6666667
0.3622047 0.3464567
0.3951613 0.3790323
0.892562 0.8181818
0.01709402 0.01709402
0.2195122 0.2276423
0.2113821 0.2439024
0.5 0.4047619
0.7304348 0.6956522
0 0
0.398374 0.4227642
0.1300813 0.1138211
0.3385827 0.3858268
0.1610169 0.1271186
0.6747967 0.6504065
0.7130435 0.6086957
0.6355932 0.6101695
0.008695652 0
0.3130435 0.2608696
0.05217391 0.03478261
0.6859504 0.677686
0.7723577 0.7723577
0.3050847 0.220339
0.3223140 0.2644628
0.7235772 0.7154472
0.1025641 0.07692308
0.3504274 0.2735043
0.720339 0.7881356
0.04132231 0.0661157
0.892562 0.8181818
0.8780488 0.8455285
0.5785124 0.5289256
0.4330709 0.4015748
0.5952381 0.5634921
0.0967742 0.07258065
0.08547009 0.03418803
0.3504274 0.3162393
0.5169492 0.5169492
0.1304348 0.1304348
0.1610169 0.1186441
0.8699187 0.8292683
0.7881356 0.7881356
0.5555556 0.4920635
0.8099174 0.7603306
0.3553719 0.3884298
0.9217391 0.8608696
0.4444444 0.3492063
0.2276423 0.1869919
0.3387097 0.2741935
0.8376068 0.7606838
0.2393162 0.2905983
0.3565217 0.4695652
0.8347826 0.8608696
0.5619835 0.4958678
0.7007874 0.6377953
0.5905512 0.7322835
0.8376068 0.8547009
0.3644068 0.3474576
0.7391304 0.6956522
0.8099174 0.7520661
0.1102362 0.1496063
0.5934959 0.699187
0.6190476 0.7063492
0.05217391 0.03478261
0.1452991 0.1709402
0.1219512 0.1138211
0.4237288 0.3898305
0.8492063 0.8650794
0.3387097 0.3709677
0.4876033 0.5206612
0.3252033 0.3252033
0.7723577 0.7886179
0.4634146 0.4471545
0.8461538 0.6752137
0.1391304 0.1130435
0.1391304 0.1739130
0.8974359 0.8547009
0.1322314 0.1322314
0.2698413 0.3412698
0.5483871 0.6693548
0.4710744 0.4710744
0.2561983 0.2479339
0.3223140 0.2809917
0.5169492 0.5423729
0.6612903 0.6693548
0.3801653 0.3884298
0.8790323 0.8629032
0.9217391 0.8608696
0.8974359 0.8547009
0.4237288 0.4152542
0.1025641 0.07692308
0.008695652 0.008695652
0.9217391 0.8608696
0.1811024 0.1023622
0.5806452 0.6048387
0.03478261 0.008695652
0.4628099 0.5454545
0.2881356 0.1864407
0.3305785 0.2561983
0.559322 0.5847458
0.06837607 0.07692308
0.7777778 0.7857143
0.2231405 0.2231405
0.5338983 0.4576271
0.8099174 0.6694215
0.8699187 0.7560976
0.1869919 0.1869919
0.8780488 0.8455285
0.7317073 0.8292683
0.7723577 0.7073171
0.2195122 0.1869919
0.7804878 0.8292683
0.05982906 0.03418803
0.8790323 0.8629032
0.8492063 0.8650794
0.6859504 0.7272727
