0.004 0.01
0.292 0.246
0.004 0.002
0.01 0.01
0.258 0.298
0 0.004
0.082 0.074
0.128 0.12
0.036 0.03
0.022 0.002
0.174 0.16
0.002 0.004
0 0
0.026 0.014
0.182 0.136
0.336 0.35
0.054 0.04
0.006 0.01
0.01 0.02
0.016 0.022
0.036 0.034
0.124 0.088
0.006 0.004
0.166 0.106
0.138 0.128
0.108 0.088
0.024 0.032
0.012 0.01
0.708 0.738
0.058 0.086
0.278 0.224
0.052 0.032
0.314 0.35
0.014 0.012
0.004 0.01
0.014 0.008
0.562 0.592
0.176 0.19
0.224 0.154
0.016 0.008
0.006 0.004
0.174 0.194
0.15 0.168
0.008 0.006
0.432 0.446
0.064 0.054
0.012 0.002
0.322 0.364
0 0.002
0.002 0.002
0.024 0.046
0.048 0.038
0.008 0.03
0.358 0.37
0.172 0.214
0.128 0.134
0.018 0.016
0.262 0.234
0.236 0.288
0.006 0.004
0.032 0.016
0.032 0.04
0.012 0.008
0.106 0.068
0 0
0.126 0.156
0.136 0.16
0.064 0.078
0.002 0
0.264 0.168
0.086 0.056
0.008 0.006
0.034 0.04
0 0
0.024 0.016
0 0
0.044 0.058
0.012 0.008
0.024 0.006
0.27 0.258
0.024 0.01
0.05 0.028
0.158 0.19
0.306 0.286
0.24 0.212
0.066 0.052
0.002 0.004
0.218 0.184
0.088 0.062
0.176 0.138
0.006 0.004
0.058 0.054
0.038 0.036
0.24 0.242
0.112 0.082
0.002 0.002
0.346 0.306
0.184 0.132
0.03 0.022
0.078 0.054
0.12 0.092
0.09 0.066
0.028 0.032
0.024 0.014
0.066 0.08
0 0
0.002 0
0.002 0
0.078 0.066
0.528 0.52
0.464 0.484
0 0
0.248 0.29
0.074 0.038
0.348 0.274
0.09 0.058
0.122 0.094
0.112 0.106
0.028 0.02
0.39 0.362
0.004 0.004
0.224 0.188
0.01 0.03
0.022 0.01
0.008 0.006
0.19 0.14
0 0
0.008 0.002
0.026 0.014
0.278 0.282
0.002 0
0.42 0.426
0.012 0.008
0.004 0.002
0.024 0.026
