0.004 0.006
0.256 0.294
0 0.002
0.006 0.01
0.268 0.28
0 0.002
0.034 0.044
0.142 0.144
0.044 0.038
0.008 0.006
0.152 0.154
0.038 0.024
0.002 0.002
0.044 0.036
0.078 0.052
0.228 0.226
0.048 0.036
0.006 0.004
0.018 0.016
0.02 0.014
0.034 0.04
0.144 0.122
0.004 0.004
0.444 0.434
0.238 0.19
0.012 0.016
0.114 0.106
0.01 0.01
0.716 0.718
0.062 0.084
0.356 0.374
0.03 0.03
0.362 0.352
0.04 0.02
0.006 0.01
0.012 0.01
0.57 0.612
0.236 0.23
0.282 0.298
0.012 0.012
0.004 0.006
0.23 0.216
0.092 0.09
0.008 0.018
0.336 0.382
0.046 0.046
0.008 0.002
0.358 0.384
0 0
0.002 0.002
0.042 0.068
0.04 0.024
0.034 0.028
0.384 0.42
0.224 0.28
0.088 0.054
0.032 0.026
0.278 0.196
0.262 0.282
0.004 0.008
0.046 0.024
0.028 0.042
0.002 0.004
0.092 0.07
0 0
0.058 0.074
0.16 0.18
0.108 0.096
0.004 0.002
0.164 0.144
0.092 0.072
0.006 0.002
0.006 0
0.008 0.004
0.012 0.004
0.006 0.004
0.078 0.07
0.012 0.01
0.006 0.008
0.236 0.262
0.03 0.012
0.016 0.026
0.242 0.206
0.296 0.3
0.338 0.292
0.082 0.086
0.002 0
0.112 0.098
0.05 0.07
0.11 0.084
0.006 0.006
0.04 0.026
0.04 0.024
0.262 0.27
0.11 0.12
0.006 0.002
0.418 0.446
0.164 0.124
0.036 0.03
0.082 0.046
0.164 0.156
0.158 0.134
0.034 0.042
0.014 0.016
0.036 0.028
0.002 0.002
0 0
0 0
0.132 0.148
0.468 0.522
0.38 0.29
0.002 0
0.148 0.136
0.062 0.05
0.396 0.348
0.044 0.022
0.18 0.214
0.094 0.094
0.03 0.04
0.33 0.272
0.006 0.004
0.22 0.198
0.034 0.018
0.008 0.006
0.006 0.006
0.256 0.224
0.004 0
0.012 0.002
0.016 0.016
0.208 0.216
0.004 0
0.248 0.23
0.002 0.004
0.012 0.004
0.022 0.02
