0.004 0.008
0.264 0.264
0.002 0.002
0.02 0.01
0.318 0.308
0.004 0.002
0.056 0.056
0.174 0.176
0.034 0.026
0.012 0.008
0.144 0.13
0.096 0.078
0.004 0.002
0.01 0.002
0.096 0.084
0.258 0.198
0.066 0.036
0.01 0.004
0.008 0.008
0.08 0.074
0.034 0.024
0.094 0.08
0.004 0.002
0.432 0.44
0.142 0.144
0.24 0.188
0.12 0.138
0.064 0.038
0.752 0.76
0.056 0.094
0.358 0.386
0.058 0.034
0.34 0.37
0.014 0.014
0.022 0.018
0.03 0.022
0.538 0.606
0.156 0.114
0.25 0.174
0.008 0.006
0.014 0.018
0.164 0.124
0.106 0.108
0.004 0.016
0.392 0.448
0.052 0.056
0.006 0.012
0.362 0.38
0 0
0 0.002
0.06 0.048
0.038 0.024
0.05 0.072
0.454 0.476
0.396 0.434
0.064 0.082
0.038 0.038
0.148 0.16
0.282 0.29
0.014 0.01
0.042 0.046
0.026 0.04
0.006 0.002
0.088 0.09
0 0
0.104 0.14
0.156 0.172
0.104 0.096
0.01 0.01
0.19 0.176
0.05 0.024
0.004 0
0.042 0.044
0.006 0.002
0.022 0.02
0.01 0.012
0.086 0.082
0.018 0.01
0.022 0.012
0.248 0.278
0.042 0.028
0.04 0.02
0.358 0.306
0.298 0.304
0.268 0.26
0.048 0.082
0.004 0.002
0.108 0.13
0.084 0.078
0.19 0.18
0.008 0.01
0.072 0.05
0.046 0.042
0.288 0.328
0.092 0.064
0.004 0.002
0.326 0.332
0.142 0.144
0.04 0.022
0.102 0.092
0.102 0.102
0.11 0.082
0.022 0.03
0.014 0.01
0.082 0.06
0 0
0 0
0 0
0.122 0.124
0.41 0.42
0.358 0.274
0 0
0.248 0.26
0.042 0.062
0.388 0.332
0.058 0.046
0.176 0.132
0.096 0.126
0.024 0.048
0.314 0.28
0.002 0.006
0.14 0.142
0.058 0.056
0.006 0.01
0.006 0.012
0.186 0.148
0 0.002
0.002 0.002
0.05 0.018
0.148 0.192
0.002 0.002
0.306 0.308
0.004 0.002
0.004 0.008
0.016 0.008
