0.7606838 0.8205128
0.1900826 0.1735537
0.907563 0.8487395
0.8833333 0.7583333
0.1367521 0.1538462
0.8833333 0.8416667
0.3445378 0.4285714
0.224 0.176
0.6363636 0.6528926
0.7768595 0.7438017
0.2649573 0.2820513
0.5726496 0.4188034
0.8595041 0.8677686
0.5882353 0.5546218
0.2857143 0.2436975
0.03361345 0.09243697
0.4628099 0.446281
0.7024793 0.7355372
0.5932203 0.6440678
0.5206612 0.4710744
0.488 0.544
0.2118644 0.2457627
0.8145161 0.8064516
0.02564103 0.01709402
0.2265625 0.3515625
0.4380165 0.5206612
0.5084746 0.4491525
0.483871 0.4677419
0.008474576 0.008474576
0.448 0.464
0.1367521 0.1452991
0.4214876 0.4628099
0.08264463 0.0909091
0.6666667 0.7179487
0.7118644 0.779661
0.8360656 0.7540984
0.008403361 0.01680672
0.1370968 0.1532258
0.1344538 0.1512605
0.7333333 0.6916667
0.6935484 0.8064516
0.2622951 0.2295082
0.328125 0.3125
0.7666667 0.6916667
0.1475410 0.08196721
0.5083333 0.4833333
0.8264463 0.8099174
0.07377049 0.04918033
0.8632479 0.8205128
0.8595041 0.8677686
0.671875 0.5390625
0.4274194 0.4516129
0.4921875 0.484375
0.05 0.025
0.096 0.064
0.4274194 0.3467742
0.440678 0.4915254
0.2735043 0.2649573
0.1083333 0.1
0.7520661 0.7190083
0.5416667 0.6416667
0.448 0.368
0.8403361 0.7647059
0.4140625 0.4921875
0.8770492 0.8852459
0.3790323 0.3225806
0.1965812 0.1538462
0.4083333 0.3833333
0.8220339 0.7033898
0.2177419 0.2741935
0.4322034 0.5254237
0.907563 0.7647059
0.5737705 0.4836066
0.8360656 0.7540984
0.6666667 0.6666667
0.8220339 0.881356
0.2735043 0.1965812
0.8595041 0.8677686
0.8403361 0.8487395
0.1953125 0.15625
0.6153846 0.6752137
0.6134454 0.6302521
0.1779661 0.1949153
0.05128205 0.0940171
0.1157025 0.1157025
0.4876033 0.4297521
0.8220339 0.881356
0.4380165 0.553719
0.4830508 0.5423729
0.2258065 0.2096774
0.7881356 0.7881356
0.4354839 0.5
0.6033058 0.5371901
0.1311475 0.1065574
0.4958678 0.4958678
0.84 0.824
0.075 0.06666667
0.2377049 0.2786885
0.5901639 0.5901639
0.5254237 0.5
0.2288136 0.3305085
0.4758065 0.4677419
0.7109375 0.640625
0.720339 0.661017
0.3109244 0.4033613
0.907563 0.8487395
0.8264463 0.8099174
0.8632479 0.8205128
0.4049587 0.3719008
0.04132231 0.04958678
0.01639344 0.01639344
0.8833333 0.8416667
0.2 0.168
0.4666667 0.4666667
0.1596639 0.2184874
0.3719008 0.3884298
0.288 0.184
0.3553719 0.338843
0.84 0.616
0.1487603 0.1239669
0.8442623 0.7459016
0.125 0.1
0.5163934 0.5163934
0.8403361 0.7058824
0.8264463 0.8099174
0.1452991 0.1965812
0.907563 0.8487395
0.8833333 0.7583333
0.7768595 0.7190083
0.224 0.184
0.8220339 0.881356
0.0661157 0.0909091
0.7008547 0.8205128
0.7666667 0.7583333
0.6324786 0.6666667
