0.6929825 0.6666667
0.1900826 0.2066116
0.8181818 0.8429752
0.8512397 0.768595
0.1404959 0.1652893
0.868217 0.7209302
0.4710744 0.4710744
0.5526316 0.4473684
0.6129032 0.6209677
0.789916 0.8235294
0.1932773 0.2857143
0.4782609 0.5130435
0.7984496 0.8139535
0.5887097 0.5806452
0.2539683 0.2301587
0.03305785 0.03305785
0.4956522 0.5130435
0.8211382 0.7073171
0.6470588 0.5798319
0.4086957 0.4173913
0.3684211 0.3421053
0.4552846 0.3577236
0.8211382 0.8211382
0.3333333 0.3414634
0.2479339 0.2561983
0.1739130 0.1304348
0.2439024 0.2845528
0.5454545 0.5619835
0 0
0.3252033 0.3170732
0.3966942 0.4545455
0.4715447 0.5121951
0.1826087 0.1304348
0.6929825 0.6754386
0.7258065 0.7096774
0.6666667 0.7073171
0.09649123 0.06140351
0.1932773 0.1932773
0.1228070 0.1403509
0.7107438 0.6446281
0.8157895 0.7719298
0.2280702 0.2807018
0.4434783 0.3652174
0.8292683 0.699187
0.07317073 0.09756098
0.5483871 0.516129
0.7154472 0.796748
0.0909091 0.05785124
0.8181818 0.8429752
0.8709677 0.8306452
0.5123967 0.5041322
0.4297521 0.4214876
0.4956522 0.5130435
0.008130081 0.008130081
0.3157895 0.2719298
0.3565217 0.3391304
0.5391304 0.5043478
0.2338710 0.2258065
0.1596639 0.1008403
0.7272727 0.7190083
0.6470588 0.6806723
0.5793651 0.5714286
0.815126 0.815126
0.3719008 0.4545455
0.8888889 0.7857143
0.5042017 0.4621849
0.1900826 0.1487603
0.3391304 0.3826087
0.8907563 0.8067227
0.1788618 0.2032520
0.6341463 0.5934959
0.773913 0.8608696
0.4956522 0.4869565
0.8157895 0.7719298
0.7209302 0.7131783
0.8181818 0.7438017
0.622807 0.5087719
0.6666667 0.6910569
0.6829268 0.6341463
0.3684211 0.3421053
0.6198347 0.677686
0.6782609 0.5826087
0.05785124 0.07438017
0.05263158 0.07017544
0.2096774 0.1774194
0.4695652 0.4
0.8907563 0.882353
0.3577236 0.3170732
0.5 0.5806452
0.1228070 0.1315789
0.7560976 0.8211382
0.5238095 0.6428571
0.6694215 0.5867769
0.1826087 0.1913043
0.483871 0.5322581
0.8157895 0.7719298
0.1349206 0.1190476
0.2521008 0.2605042
0.7272727 0.6528926
0.5263158 0.5
0.1666667 0.1904762
0.3089431 0.3170732
0.4434783 0.4782609
0.6956522 0.6434783
0.2017544 0.2543860
0.8157895 0.7719298
0.8292683 0.796748
0.8888889 0.7857143
0.3057851 0.3636364
0.07563025 0.03361345
0.007936508 0.007936508
0.8512397 0.8595041
0.3391304 0.3652174
0.516129 0.5080645
0.05691057 0.04878049
0.4065041 0.4471545
0.3023256 0.2945736
0.5652174 0.4260870
0.6859504 0.6115702
0.1228070 0.1403509
0.8907563 0.882353
0.3596491 0.3157895
0.5736434 0.5426357
0.6890756 0.6890756
0.8347826 0.8608696
0.2479339 0.3140496
0.8512397 0.8595041
0.8145161 0.8306452
0.7698413 0.6666667
0.3252033 0.2845528
0.868217 0.8139535
0.07317073 0.06504065
0.5263158 0.6666667
0.8181818 0.8429752
0.789916 0.6722689
