0.8403361 0.8487395
0.398374 0.3821138
0.8278689 0.795082
0.7692308 0.6837607
0.1570248 0.1818182
0.8403361 0.8487395
0.3801653 0.4214876
0.3966942 0.3719008
0.7459016 0.7540984
0.7073171 0.7479675
0.04032258 0.04032258
0.6324786 0.5726496
0.8376068 0.8461538
0.4297521 0.4958678
0.2540984 0.2377049
0.02479339 0.04958678
0.5371901 0.5454545
0.7692308 0.8461538
0.7355372 0.5785124
0.4529915 0.3760684
0.4793388 0.5206612
0.3305785 0.338843
0.75 0.8306452
0.06451613 0.07258065
0.2892562 0.338843
0.3418803 0.3589744
0.6198347 0.446281
0.5785124 0.5454545
0.01652893 0.01652893
0.3770492 0.3688525
0.2905983 0.3333333
0.5245902 0.5163934
0.09243697 0.09243697
0.6507937 0.6666667
0.8016529 0.7603306
0.6806723 0.7142857
0.02419355 0.02419355
0.3162393 0.3589744
0.08547009 0.1196581
0.8403361 0.7731092
0.8512397 0.7520661
0.1848739 0.1176471
0.5564516 0.4677419
0.6859504 0.6446281
0.05042017 0.05882353
0.553719 0.5206612
0.6612903 0.766129
0.03174603 0.07142857
0.9256198 0.8429752
0.8512397 0.8347107
0.6363636 0.5041322
0.4365079 0.4206349
0.4065041 0.5121951
0.01652893 0.01652893
0.1239669 0.0909091
0.3884298 0.3305785
0.4958678 0.4958678
0.3636364 0.3884298
0.2809917 0.2066116
0.7377049 0.7540984
0.5619835 0.5619835
0.6393443 0.5491803
0.8181818 0.7768595
0.4102564 0.4444444
0.9256198 0.8429752
0.3492063 0.3730159
0.2231405 0.2066116
0.3636364 0.338843
0.768595 0.6859504
0.2520325 0.2764228
0.557377 0.557377
0.785124 0.7603306
0.5447154 0.5447154
0.7815126 0.8487395
0.8403361 0.7731092
0.8373984 0.8292683
0.338843 0.3140496
0.7478992 0.7731092
0.8403361 0.8487395
0.2764228 0.2439024
0.7190083 0.6942149
0.6470588 0.7142857
0.03305785 0.04958678
0.2649573 0.3333333
0.4102564 0.4786325
0.5123967 0.4049587
0.8387097 0.8306452
0.5952381 0.5952381
0.4117647 0.4285714
0.2231405 0.3305785
0.7603306 0.8347107
0.4545455 0.4214876
0.6033058 0.5950413
0.2314050 0.1652893
0.4308943 0.5365854
0.8278689 0.795082
0.2396694 0.1735537
0.3057851 0.3471074
0.6507937 0.6111111
0.2991453 0.2564103
0.2213115 0.2377049
0.300813 0.2926829
0.5203252 0.5447154
0.8278689 0.7540984
0.1983471 0.3057851
0.8387097 0.8306452
0.8376068 0.8461538
0.8015873 0.7698413
0.3471074 0.3140496
0.03278689 0.04098361
0.008264463 0.008264463
0.8376068 0.8461538
0.1452991 0.1709402
0.4354839 0.4354839
0.02521008 0.02521008
0.4715447 0.5447154
0.2619048 0.2619048
0.2148760 0.1983471
0.8099174 0.6528926
0.1404959 0.1570248
0.8376068 0.8461538
0.3032787 0.3032787
0.6280992 0.4876033
0.8387097 0.766129
0.7642276 0.7479675
0.2689076 0.3277311
0.9256198 0.8429752
0.876033 0.8677686
0.6134454 0.6806723
0.2460317 0.2301587
0.75 0.8306452
0.1074380 0.08264463
0.7692308 0.8461538
0.876033 0.8677686
0.6694215 0.6198347
