0 0
0.232 0.284
0.002 0
0.018 0.008
0.228 0.22
0 0
0.146 0.116
0.074 0.062
0.028 0.038
0.012 0.006
0.346 0.328
0.068 0.056
0.002 0.002
0.038 0.032
0.122 0.104
0.31 0.338
0.042 0.02
0.024 0.02
0.018 0.024
0.088 0.078
0.026 0.028
0.038 0.028
0.006 0.004
0.346 0.396
0.088 0.08
0.068 0.048
0.086 0.084
0.032 0.022
0.622 0.718
0.106 0.108
0.066 0.07
0.09 0.074
0.112 0.1
0.022 0.022
0.034 0.026
0.014 0.01
0.444 0.466
0.168 0.116
0.3 0.218
0.016 0.028
0.004 0.002
0.148 0.19
0.122 0.15
0.016 0.006
0.26 0.264
0.05 0.024
0.008 0
0.07 0.068
0 0
0 0.002
0.024 0.044
0.068 0.036
0.038 0.032
0.198 0.214
0.104 0.11
0.156 0.176
0.064 0.048
0.246 0.226
0.192 0.222
0.012 0.006
0.03 0.018
0.05 0.066
0.004 0
0.124 0.072
0 0
0.086 0.096
0.242 0.272
0.106 0.108
0.016 0.004
0.178 0.138
0.026 0.028
0.006 0.002
0.06 0.054
0.008 0.01
0.01 0.002
0 0
0.096 0.098
0.018 0.028
0.01 0.006
0.144 0.15
0.024 0.008
0.024 0.026
0.322 0.338
0.328 0.354
0.25 0.248
0.052 0.072
0.006 0.002
0.074 0.052
0.086 0.054
0.092 0.068
0.006 0.004
0.05 0.022
0.042 0.034
0.042 0.08
0.064 0.048
0.002 0.002
0.272 0.25
0.208 0.178
0.026 0.022
0.116 0.144
0.248 0.234
0.194 0.164
0.052 0.042
0.008 0.018
0.136 0.12
0 0
0 0
0 0
0.15 0.124
0.368 0.402
0.714 0.748
0 0.004
0.178 0.196
0.072 0.064
0.572 0.564
0.064 0.06
0.212 0.202
0.15 0.122
0.012 0.006
0.256 0.224
0.004 0.006
0.146 0.126
0.058 0.076
0.012 0.004
0.01 0.014
0.144 0.136
0.002 0
0.002 0.004
0 0.01
0.126 0.136
0.004 0
0.266 0.29
0.008 0.004
0.006 0.006
0.016 0.012
