0.006 0.004
0.176 0.2
0.004 0
0.016 0.002
0.284 0.214
0.004 0
0.114 0.07
0.134 0.142
0.018 0.012
0.02 0.014
0.314 0.306
0.054 0.076
0 0
0.044 0.05
0.18 0.192
0.344 0.306
0.066 0.046
0.006 0.006
0.014 0.014
0.038 0.048
0.042 0.026
0.066 0.07
0.01 0.008
0.438 0.45
0.25 0.198
0.246 0.206
0.122 0.122
0.018 0.032
0.674 0.652
0.096 0.09
0.344 0.364
0.052 0.042
0.31 0.344
0.026 0.016
0.014 0.012
0.016 0.022
0.418 0.354
0.156 0.15
0.29 0.266
0.012 0.008
0.002 0
0.24 0.196
0.028 0.012
0.036 0.018
0.338 0.354
0.038 0.048
0.004 0
0.336 0.346
0.004 0.002
0 0
0.05 0.074
0.06 0.032
0.004 0.004
0.282 0.336
0.098 0.11
0.236 0.238
0.07 0.048
0.194 0.154
0.302 0.33
0.012 0.006
0.054 0.038
0.066 0.068
0.004 0.004
0.084 0.056
0 0
0.094 0.122
0.318 0.312
0.16 0.134
0.004 0.006
0.208 0.146
0.022 0
0 0
0.042 0.04
0.004 0.002
0.012 0.004
0.008 0.006
0.028 0.022
0.014 0.012
0.01 0.004
0.12 0.096
0.028 0.016
0.034 0.026
0.24 0.24
0.326 0.27
0.28 0.27
0.098 0.12
0.002 0
0.148 0.114
0.042 0.03
0.106 0.102
0.002 0.006
0.108 0.08
0.03 0.024
0.262 0.256
0.064 0.058
0 0
0.286 0.228
0.168 0.15
0.034 0.038
0.126 0.118
0.296 0.254
0.088 0.074
0.056 0.05
0.006 0.008
0.106 0.096
0 0
0 0
0 0
0.13 0.106
0.116 0.152
0.592 0.586
0 0
0.178 0.184
0.068 0.068
0.458 0.502
0.06 0.044
0.164 0.198
0.112 0.116
0.032 0.044
0.28 0.2
0.016 0.004
0.144 0.166
0.062 0.056
0.012 0.012
0.004 0.004
0.222 0.212
0 0.002
0.004 0.002
0.02 0.02
0.142 0.126
0 0
0.222 0.206
0.004 0.002
0.008 0.008
0.016 0.018
