0.004 0.006
0.1 0.076
0.002 0.002
0.004 0.006
0.22 0.242
0 0
0.088 0.088
0.196 0.206
0.038 0.034
0.024 0.02
0.324 0.314
0.074 0.076
0.002 0.004
0.026 0.034
0.148 0.126
0.402 0.366
0.054 0.034
0.012 0.016
0.014 0.018
0.078 0.078
0.058 0.032
0.088 0.056
0 0
0.332 0.374
0.164 0.158
0.214 0.17
0.098 0.104
0.032 0.018
0.598 0.652
0.098 0.078
0.31 0.314
0.08 0.056
0.302 0.312
0.036 0.024
0.03 0.018
0.02 0.024
0.506 0.51
0.238 0.214
0.296 0.284
0.008 0.006
0.006 0.004
0.196 0.19
0.106 0.136
0.012 0.012
0.228 0.248
0.038 0.036
0.004 0.01
0.382 0.386
0 0.002
0 0
0.02 0.032
0.048 0.042
0.026 0.034
0.292 0.326
0.154 0.19
0.146 0.162
0.086 0.07
0.192 0.16
0.202 0.182
0.002 0.012
0.042 0.032
0.024 0.03
0.002 0.002
0.128 0.072
0 0
0.074 0.092
0.21 0.204
0.108 0.088
0 0.002
0.228 0.172
0.016 0.016
0 0
0.022 0.022
0.014 0.006
0.016 0.01
0 0
0.088 0.126
0.02 0.016
0.006 0.006
0.156 0.148
0.022 0.01
0.024 0.022
0.398 0.346
0.372 0.348
0.238 0.228
0.112 0.092
0.006 0.002
0.104 0.072
0.072 0.084
0.168 0.146
0.004 0.01
0.01 0.016
0.048 0.02
0.274 0.262
0.072 0.042
0.002 0
0.232 0.27
0.168 0.118
0.018 0.02
0.14 0.172
0.25 0.194
0.04 0.078
0.066 0.028
0.012 0.01
0.164 0.14
0 0
0 0
0 0
0.156 0.174
0.24 0.234
0.642 0.62
0 0
0.298 0.266
0.05 0.044
0.396 0.406
0.026 0.028
0.1 0.094
0.158 0.148
0.018 0.03
0.188 0.164
0.01 0.008
0.15 0.162
0.06 0.04
0.018 0.006
0.008 0.008
0.188 0.134
0 0
0.006 0.002
0.014 0.016
0.162 0.174
0.004 0.002
0.216 0.238
0.006 0.004
0.01 0.004
0.024 0.016
