0.887931 0.862069
0.2204724 0.2047244
0.848 0.848
0.744 0.848
0.3252033 0.3414634
0.8677686 0.8181818
0.5508475 0.5169492
0.3166667 0.2416667
0.5775862 0.5862069
0.632 0.736
0.06837607 0.1111111
0.6837607 0.6410256
0.8730159 0.8253968
0.5409836 0.5737705
0.2698413 0.2301587
0.1219512 0.1138211
0.4523810 0.6111111
0.7804878 0.7723577
0.6666667 0.7723577
0.5517241 0.4913793
0.5128205 0.5384615
0.3760684 0.4102564
0.8677686 0.6942149
0.1219512 0.1138211
0.1864407 0.2542373
0.1637931 0.1551724
0.45 0.4083333
0.5793651 0.6349206
0 0
0.3495935 0.3170732
0.3644068 0.3220339
0.4344262 0.4672131
0.1880342 0.1111111
0.601626 0.7642276
0.848 0.736
0.7094017 0.7435897
0.02479339 0.02479339
0.1101695 0.1694915
0.1652893 0.1900826
0.848 0.848
0.8793103 0.7844828
0.2892562 0.4380165
0.1525424 0.1694915
0.5384615 0.5384615
0.2131148 0.1803279
0.4098361 0.4180328
0.8425197 0.8346457
0.08333333 0.075
0.8461538 0.8205128
0.9396552 0.862069
0.5793651 0.6111111
0.4830508 0.3898305
0.612069 0.6293103
0.024 0.024
0.1025641 0.0940171
0.2295082 0.2704918
0.3728814 0.3559322
0.2416667 0.2666667
0.1968504 0.1653543
0.7777778 0.6837607
0.5948276 0.5948276
0.4444444 0.4102564
0.8677686 0.8181818
0.3553719 0.4214876
0.8852459 0.8032787
0.3389831 0.3728814
0.175 0.1583333
0.3252033 0.3414634
0.7868852 0.7540984
0.09322034 0.1949153
0.4067797 0.4322034
0.8730159 0.8253968
0.5853659 0.5609756
0.5508475 0.6694915
0.75 0.775862
0.8461538 0.8205128
0.48 0.376
0.5423729 0.4830508
0.8083333 0.8416667
0.2049180 0.2459016
0.6465517 0.6724138
0.6747967 0.5772358
0.06779661 0.07627119
0.03305785 0.09917355
0.1300813 0.1382114
0.3223140 0.3223140
0.7603306 0.8181818
0.3534483 0.4913793
0.5128205 0.5384615
0.224 0.32
0.8425197 0.6929134
0.6837607 0.6239316
0.8083333 0.625
0.1016949 0.08474576
0.4330709 0.480315
0.9396552 0.862069
0.1746032 0.1111111
0.2844828 0.3793103
0.5862069 0.6034483
0.392 0.4
0.07692308 0.0940171
0.2540984 0.3032787
0.3389831 0.3220339
0.704918 0.6721311
0.2809917 0.2644628
0.8583333 0.8416667
0.8852459 0.8032787
0.8583333 0.8416667
0.3606557 0.3360656
0.1034483 0.05172414
0.01626016 0.008130081
0.8583333 0.8416667
0.1428571 0.1349206
0.661017 0.6016949
0.03448276 0.03448276
0.5833333 0.6
0.2644628 0.2644628
0.2735043 0.3247863
0.612069 0.612069
0.1880342 0.1367521
0.8425197 0.8346457
0.2644628 0.2561983
0.4166667 0.425
0.8583333 0.75
0.848 0.848
0.325 0.3
0.9396552 0.862069
0.8677686 0.8181818
0.625 0.625
0.3070866 0.2834646
0.887931 0.862069
0.1355932 0.1694915
0.8425197 0.8346457
0.7350427 0.8205128
0.6507937 0.6507937
