0.006 0
0.202 0.204
0 0
0.008 0
0.116 0.102
0.002 0.002
0.028 0.03
0.14 0.152
0.05 0.04
0.026 0.008
0.342 0.286
0.018 0.02
0.004 0.002
0.03 0.022
0.176 0.176
0.254 0.27
0.07 0.032
0.008 0.006
0.02 0.006
0.06 0.074
0.052 0.042
0.112 0.084
0.004 0.014
0.254 0.264
0.182 0.164
0.266 0.256
0.072 0.082
0.036 0.026
0.652 0.654
0.114 0.106
0.078 0.114
0.06 0.048
0.208 0.286
0.03 0.008
0 0.008
0.016 0.01
0.422 0.504
0.246 0.226
0.232 0.226
0.004 0
0.01 0.006
0.13 0.072
0.216 0.238
0.04 0.046
0.188 0.244
0.072 0.058
0.004 0.004
0.318 0.35
0 0
0.002 0
0.034 0.032
0.046 0.058
0.04 0.03
0.442 0.438
0.278 0.34
0.174 0.148
0.076 0.082
0.17 0.136
0.214 0.24
0.01 0.014
0.044 0.038
0.076 0.084
0.004 0.002
0.094 0.08
0 0
0.086 0.078
0.218 0.246
0.118 0.102
0.006 0.01
0.3 0.2
0.062 0.048
0.002 0.004
0.034 0.032
0.024 0.006
0.018 0.008
0 0
0.074 0.08
0.03 0.034
0.008 0.002
0.192 0.17
0.034 0.022
0.018 0.03
0.338 0.348
0.396 0.34
0.248 0.234
0.106 0.118
0.006 0.002
0.14 0.076
0.052 0.042
0.194 0.138
0 0.012
0.02 0.024
0.008 0.018
0.272 0.31
0.068 0.05
0.002 0.004
0.222 0.298
0.212 0.126
0.048 0.034
0.096 0.072
0.328 0.316
0.162 0.13
0.094 0.098
0.014 0.012
0.14 0.148
0.002 0
0 0
0 0
0.096 0.104
0.344 0.406
0.446 0.48
0.002 0
0.278 0.258
0.014 0.016
0.516 0.464
0.032 0.022
0.168 0.15
0.162 0.152
0.04 0.032
0.204 0.246
0.002 0.002
0.164 0.156
0.08 0.072
0.004 0.01
0.004 0
0.132 0.122
0 0.002
0.004 0
0.022 0.02
0.142 0.152
0.006 0.002
0.23 0.236
0 0.002
0.014 0.002
0.018 0.02
