0.014 0.002
0.2 0.164
0 0
0.01 0.014
0.27 0.262
0.002 0
0.074 0.086
0.146 0.136
0.03 0.028
0.016 0.012
0.264 0.242
0.064 0.072
0.002 0.002
0.018 0.02
0.144 0.1
0.394 0.346
0.042 0.052
0.016 0.014
0.016 0.014
0.06 0.074
0.042 0.026
0.07 0.048
0.004 0
0.376 0.358
0.17 0.142
0.286 0.242
0.102 0.116
0.024 0.026
0.64 0.692
0.126 0.1
0.376 0.352
0.084 0.046
0.294 0.322
0.008 0.006
0.014 0.012
0.028 0.022
0.482 0.466
0.136 0.116
0.266 0.234
0.012 0.002
0.004 0.006
0.166 0.15
0.106 0.114
0.018 0.02
0.358 0.428
0.048 0.04
0.008 0.008
0.404 0.416
0.004 0
0 0
0.03 0.064
0.07 0.044
0.046 0.05
0.528 0.57
0.338 0.352
0.114 0.16
0.048 0.056
0.148 0.114
0.238 0.298
0.012 0.01
0.064 0.026
0.026 0.03
0.004 0
0.086 0.078
0 0
0.112 0.134
0.182 0.192
0.104 0.114
0.008 0.008
0.202 0.156
0.03 0.02
0 0
0.02 0.038
0.01 0.008
0.022 0.012
0.006 0.004
0.082 0.108
0.018 0.022
0.012 0.012
0.284 0.266
0.044 0.04
0.07 0.048
0.346 0.326
0.342 0.358
0.26 0.238
0.106 0.128
0 0
0.124 0.1
0.068 0.078
0.194 0.154
0.008 0.006
0.088 0.072
0.038 0.032
0.25 0.258
0.064 0.036
0.002 0
0.276 0.274
0.124 0.118
0.03 0.02
0.17 0.224
0.152 0.144
0.074 0.074
0.034 0.048
0.02 0.008
0.132 0.114
0 0
0 0
0 0
0.112 0.12
0.334 0.37
0.556 0.53
0 0.002
0.336 0.36
0.062 0.088
0.504 0.438
0.056 0.038
0.14 0.148
0.17 0.148
0.028 0.022
0.256 0.22
0.002 0.004
0.096 0.09
0.064 0.044
0.008 0.012
0.012 0.006
0.16 0.13
0 0
0.002 0
0.018 0.036
0.148 0.152
0.002 0
0.25 0.266
0.006 0.002
0.002 0.004
0.012 0.012
