0.004 0.002
0.034 0.022
0 0
0.018 0.02
0.1 0.102
0 0
0.034 0.024
0.134 0.106
0 0
0.004 0
0.148 0.142
0.16 0.148
0.002 0.006
0.038 0.038
0.09 0.084
0.178 0.182
0.03 0.018
0.004 0.006
0.038 0.034
0.036 0.02
0.044 0.042
0.076 0.066
0.002 0
0.034 0.028
0.232 0.236
0.01 0.004
0.288 0.298
0.026 0.018
0.474 0.5
0.148 0.164
0.312 0.292
0.436 0.422
0.012 0.008
0.012 0.02
0.002 0
0.4 0.438
0.192 0.188
0.128 0.124
0 0.002
0.004 0
0.284 0.32
0.056 0.068
0.022 0.004
0.018 0.004
0.548 0.584
0.026 0.012
0.004 0.002
0.206 0.19
0 0.002
0 0
0.006 0
0.038 0.016
0.014 0.004
0.62 0.66
0.612 0.664
0.23 0.252
0.04 0.052
0.248 0.256
0.32 0.318
0.002 0
0.026 0.018
0.05 0.04
0.002 0
0.036 0.024
0 0
0.086 0.122
0.194 0.236
0.038 0.036
0.19 0.176
0.006 0
0.2 0.188
0.048 0.046
0 0
0.006 0
0.002 0
0.002 0
0 0
0.01 0.01
0.084 0.064
0.008 0.01
0.024 0.01
0.36 0.334
0 0
0.038 0.028
0.086 0.074
0.546 0.568
0.32 0.306
0.23 0.242
0 0
0.014 0.002
0.032 0.026
0.058 0.064
0.004 0.002
0.014 0.01
0.038 0.02
0.494 0.458
0.02 0.016
0 0.002
0.142 0.154
0.428 0.422
0.054 0.044
0.196 0.202
0.034 0.024
0.076 0.08
0.056 0.052
0.018 0.008
0.034 0.028
0 0
0 0
0 0
0.1 0.1
0.542 0.588
0.21 0.218
0 0
0.372 0.39
0.022 0.03
0.08 0.09
0.014 0.028
0.072 0.082
0.07 0.054
0.078 0.112
0.314 0.318
0.018 0.006
0.542 0.524
0.034 0.028
0.01 0.014
0.01 0.006
0.222 0.216
0.004 0.002
0.016 0.014
0.356 0.336
0 0
0.452 0.416
0.002 0
0.014 0.008
0.026 0.02
