0 0
0.026 0.028
0.002 0.002
0.016 0.008
0.144 0.142
0 0.002
0.03 0.014
0.188 0.162
0 0
0.008 0
0.082 0.086
0.138 0.14
0.018 0.016
0.072 0.032
0.056 0.056
0.022 0.014
0.044 0.01
0.006 0
0.03 0.026
0.032 0.026
0.064 0.068
0.044 0.034
0 0
0.008 0.004
0.202 0.216
0.026 0.01
0.342 0.39
0.012 0.014
0.618 0.59
0.22 0.24
0.35 0.356
0.382 0.38
0.01 0
0.032 0.026
0.006 0.004
0.36 0.368
0.35 0.332
0.134 0.15
0.004 0
0.006 0.002
0.182 0.192
0.058 0.038
0.02 0.014
0.006 0.014
0.6 0.57
0.028 0.008
0.016 0.006
0.136 0.12
0.002 0.002
0 0
0.006 0.006
0.03 0.012
0.004 0
0.654 0.656
0.57 0.602
0.278 0.282
0.072 0.06
0.294 0.264
0.5 0.526
0.002 0.002
0.022 0.026
0.036 0.04
0 0
0.03 0.038
0 0.002
0.082 0.122
0.176 0.208
0.054 0.038
0.288 0.262
0.002 0.002
0.164 0.152
0.056 0.048
0 0
0.014 0.022
0 0
0.006 0.006
0.002 0.002
0.05 0.042
0.012 0.004
0.006 0.004
0.034 0.022
0.256 0.282
0 0
0.054 0.046
0.318 0.28
0.548 0.54
0.444 0.458
0.222 0.218
0 0
0.006 0.002
0.024 0.034
0.052 0.028
0.008 0.004
0.012 0.01
0.01 0.01
0.41 0.394
0.01 0.004
0.002 0
0.176 0.188
0.388 0.42
0.096 0.086
0.21 0.168
0.074 0.09
0.092 0.144
0.054 0.046
0.006 0.012
0.06 0.044
0.002 0
0.002 0
0.002 0
0.26 0.236
0.55 0.628
0.3 0.306
0.002 0.002
0.448 0.436
0.022 0.024
0.178 0.174
0.014 0.024
0.148 0.108
0.076 0.094
0.072 0.076
0.316 0.306
0.004 0.002
0.67 0.656
0.044 0.04
0.004 0.006
0.002 0.002
0.218 0.204
0.002 0
0.014 0.008
0.362 0.402
0 0
0.414 0.392
0.002 0
0.022 0.016
0.042 0.05
