0.006 0.002
0.02 0.028
0.006 0
0.006 0.008
0.114 0.13
0 0
0.026 0.012
0.188 0.172
0 0.002
0.002 0.004
0.12 0.082
0.112 0.14
0.018 0.012
0.022 0.024
0.07 0.05
0.114 0.132
0.01 0.002
0.002 0.004
0.024 0.02
0.06 0.022
0.016 0.014
0.064 0.068
0 0
0.048 0.028
0.218 0.21
0.002 0.006
0.152 0.18
0.008 0.014
0.476 0.498
0.2 0.244
0.308 0.284
0.444 0.468
0.004 0.008
0.018 0.018
0 0
0.372 0.416
0.12 0.1
0.104 0.078
0 0
0.006 0.006
0.22 0.26
0.048 0.034
0.018 0.022
0.004 0.002
0.408 0.41
0.064 0.04
0.004 0.002
0.144 0.174
0.002 0
0 0
0.014 0.01
0.02 0.04
0.008 0.008
0.638 0.68
0.636 0.59
0.24 0.268
0.054 0.048
0.358 0.344
0.398 0.4
0.002 0.004
0.034 0.022
0.034 0.018
0 0.002
0.03 0.026
0.004 0.002
0.094 0.088
0.254 0.206
0.014 0.01
0.226 0.21
0.008 0.008
0.02 0.02
0.056 0.054
0 0
0.008 0.014
0 0.002
0.004 0.004
0.006 0.002
0.07 0.052
0.028 0.018
0.01 0.004
0.022 0.014
0.026 0.008
0.002 0
0.032 0.026
0.226 0.206
0.408 0.404
0.392 0.402
0.248 0.26
0 0.002
0.012 0.01
0.06 0.034
0.06 0.042
0.006 0.002
0.022 0.01
0.018 0.01
0.412 0.424
0.028 0.036
0.002 0.006
0.136 0.108
0.55 0.572
0.068 0.048
0.176 0.196
0.044 0.03
0.088 0.106
0.042 0.05
0.018 0.008
0.09 0.08
0 0
0.002 0.002
0 0
0.168 0.08
0.39 0.43
0.158 0.17
0 0
0.492 0.544
0.046 0.044
0.066 0.056
0.01 0.012
0.1 0.114
0.082 0.066
0.088 0.096
0.242 0.26
0.004 0.002
0.568 0.624
0.032 0.028
0.006 0.004
0.01 0.006
0.198 0.212
0 0.002
0.012 0.012
0.38 0.418
0 0
0.442 0.428
0 0
0.028 0.016
0.056 0.03
