0 0.002
0.146 0.196
0.002 0.004
0.01 0
0.196 0.172
0 0
0.068 0.028
0.214 0.226
0.038 0.024
0.018 0.02
0.256 0.218
0.102 0.136
0.002 0.004
0.02 0.024
0.098 0.07
0.134 0.132
0.066 0.072
0.006 0.002
0.008 0.004
0.088 0.114
0.044 0.04
0.12 0.136
0.002 0.004
0.084 0.08
0.376 0.332
0.172 0.098
0.044 0.062
0.03 0.032
0.352 0.346
0.076 0.092
0.466 0.446
0.16 0.192
0.02 0.012
0.014 0.002
0.018 0.01
0.394 0.42
0.37 0.272
0.372 0.302
0.018 0.018
0.008 0.01
0.084 0.126
0.122 0.126
0.076 0.036
0.044 0.046
0.274 0.28
0.02 0.014
0.004 0.004
0.324 0.33
0 0.002
0 0.002
0.01 0.01
0.034 0.036
0.018 0.012
0.414 0.43
0.384 0.394
0.11 0.11
0.008 0.008
0.322 0.334
0.186 0.214
0.002 0.002
0.048 0.044
0.066 0.068
0.002 0.002
0.086 0.086
0.006 0
0.016 0.014
0.092 0.092
0.068 0.058
0.14 0.146
0.006 0.008
0.158 0.18
0.064 0.058
0.002 0.008
0.024 0.012
0.006 0
0.014 0.014
0 0
0.082 0.04
0.134 0.1
0.01 0.012
0.01 0.006
0.24 0.234
0.05 0.02
0.018 0.016
0.45 0.434
0.55 0.554
0.504 0.454
0.106 0.074
0.002 0.002
0.122 0.08
0.08 0.08
0.134 0.076
0.004 0
0.088 0.048
0.016 0.016
0.302 0.35
0.058 0.042
0.002 0.002
0.076 0.076
0.264 0.274
0.148 0.106
0.074 0.07
0.124 0.106
0.126 0.114
0.026 0.034
0.01 0.012
0.028 0.038
0.002 0
0 0
0 0
0.124 0.064
0.184 0.222
0.238 0.218
0 0.004
0.168 0.222
0.042 0.042
0.25 0.208
0.064 0.042
0.1 0.084
0.226 0.178
0.016 0.008
0.334 0.32
0.006 0.016
0.194 0.25
0.088 0.08
0.006 0.008
0.01 0.006
0.57 0.552
0.002 0.002
0.056 0.062
0.084 0.084
0.002 0
0.518 0.518
0.01 0.004
0 0.002
0.024 0.014
