0.006 0.004
0.286 0.272
0.002 0.004
0.004 0
0.2 0.13
0.002 0
0.048 0.03
0.326 0.37
0.056 0.036
0.012 0.006
0.292 0.238
0.058 0.066
0.002 0.002
0.012 0.008
0.078 0.068
0.17 0.122
0.042 0.034
0.008 0.008
0.014 0.014
0.03 0.026
0.026 0.03
0.122 0.084
0.008 0.002
0.112 0.082
0.372 0.4
0.116 0.084
0.044 0.082
0.046 0.05
0.466 0.456
0.026 0.038
0.398 0.382
0.158 0.194
0.01 0.012
0.002 0.004
0.024 0.016
0.508 0.474
0.274 0.31
0.334 0.352
0.01 0.01
0.006 0.002
0.086 0.08
0.13 0.144
0.02 0.02
0.052 0.048
0.22 0.238
0.006 0.008
0.022 0.014
0.246 0.28
0.002 0
0.002 0.002
0.016 0.024
0.052 0.044
0.018 0.02
0.414 0.484
0.368 0.41
0.06 0.076
0.014 0.01
0.252 0.222
0.17 0.208
0 0.002
0.022 0.034
0.052 0.092
0.012 0.002
0.102 0.062
0.002 0.002
0.02 0.018
0.096 0.118
0.106 0.104
0.064 0.06
0.024 0.022
0.268 0.278
0.09 0.068
0 0.004
0.02 0.026
0.004 0
0.004 0.002
0 0
0.044 0.048
0.1 0.092
0.028 0.03
0 0.004
0.354 0.302
0.014 0.01
0.03 0.03
0.482 0.464
0.532 0.612
0.12 0.088
0.18 0.194
0 0.004
0.026 0.012
0.084 0.074
0.118 0.088
0.016 0.006
0.026 0.01
0.012 0.016
0.18 0.184
0.098 0.088
0 0
0.046 0.044
0.318 0.27
0.142 0.14
0.038 0.03
0.098 0.086
0.102 0.112
0.016 0.016
0.008 0.008
0.078 0.054
0 0.002
0 0.002
0 0
0.006 0.01
0.258 0.282
0.424 0.428
0.006 0.002
0.206 0.168
0.042 0.028
0.228 0.188
0.074 0.056
0.108 0.122
0.148 0.12
0.014 0.014
0.312 0.268
0.006 0.006
0.424 0.422
0.11 0.144
0.002 0.002
0.016 0.014
0.584 0.61
0.002 0.002
0.052 0.048
0.17 0.15
0.002 0
0.456 0.488
0.006 0
0.006 0
0.006 0.004
