0.8984375 0.84375
0.06722689 0.09243697
0.8583333 0.9166667
0.7833333 0.75
0.2521008 0.2521008
0.8536585 0.8455285
0.5130435 0.4956522
0.1848739 0.1428571
0.495935 0.601626
0.6086957 0.6086957
0.1428571 0.1848739
0.7563025 0.6470588
0.8110236 0.7716535
0.6829268 0.6747967
0.2173913 0.3217391
0.2276423 0.2357724
0.3781513 0.3865546
0.7130435 0.8
0.697479 0.7310924
0.3445378 0.3361345
0.5581395 0.5813953
0.4672131 0.4590164
0.8442623 0.8114754
0.2260870 0.2956522
0.1512605 0.1176471
0.3360656 0.4180328
0.4537815 0.4285714
0.2734375 0.3828125
0.09836066 0.08196721
0.3779528 0.2913386
0.05 0.06666667
0.1875 0.1875
0.7459016 0.7295082
0.796748 0.8455285
0.5462185 0.5798319
0.06666667 0.05
0.1393443 0.1065574
0.09836066 0.1065574
0.6377953 0.7716535
0.7478261 0.7478261
0.4333333 0.4583333
0.2213115 0.1967213
0.4806202 0.5193798
0.6302521 0.5882353
0.1463415 0.1138211
0.6869565 0.8
0.697479 0.7058824
0.1512605 0.1596639
0.8782609 0.8
0.8782609 0.8
0.5294118 0.5714286
0.5042017 0.4537815
0.5901639 0.5245902
0.04651163 0.03875969
0.07086614 0.07086614
0.2666667 0.225
0.6885246 0.7213115
0.3217391 0.3130435
0.45 0.475
0.8536585 0.8455285
0.6086957 0.6695652
0.4344262 0.4180328
0.8852459 0.8196721
0.4521739 0.4173913
0.8032787 0.8196721
0.8196721 0.7622951
0.2941176 0.2605042
0.4108527 0.4418605
0.4833333 0.4583333
0.7540984 0.7295082
0.203125 0.2109375
0.3529412 0.3613445
0.75 0.9166667
0.6869565 0.6347826
0.8 0.9166667
0.625 0.6833333
0.8782609 0.8
0.495935 0.5772358
0.2782609 0.2086957
0.8032787 0.7295082
0.7478261 0.8
0.140625 0.1328125
0.7459016 0.7131148
0.6806723 0.6722689
0.008695652 0.03478261
0 0
0.02362205 0.01574803
0.2916667 0.3
0.8852459 0.8196721
0.4754098 0.4672131
0.3445378 0.2857143
0.4117647 0.4369748
0.8782609 0.8
0.5426357 0.620155
0.8442623 0.8114754
0.1217391 0.06956522
0.6557377 0.6147541
0.8110236 0.7716535
0.3577236 0.4715447
0.1639344 0.1885246
0.2857143 0.3193277
0.578125 0.5234375
0.2325581 0.248062
0.3934426 0.3196721
0.5462185 0.4537815
0.525 0.6416667
0.3781513 0.3529412
0.8 0.9166667
0.8032787 0.8196721
0.8536585 0.8455285
0.3070866 0.3858268
0.09016393 0.04098361
0.1875 0.1796875
0.8536585 0.8455285
0.2268908 0.2100840
0.5166667 0.5666667
0.1092437 0.1176471
0.3252033 0.504065
0.3697479 0.3697479
0.2170543 0.1627907
0.6771654 0.7244094
0.1260504 0.1512605
0.7478992 0.7647059
0.1826087 0.1652174
0.7563025 0.5798319
0.7478992 0.7647059
0.609375 0.6953125
0.01574803 0.01574803
0.7459016 0.8196721
0.4180328 0.3934426
0.2689076 0.2605042
0.8782609 0.8
0.1803279 0.2049180
0.8536585 0.8455285
0.8583333 0.7666667
0.6302521 0.6722689
