0 0
0.39 0.382
0.002 0.002
0.014 0.006
0.36 0.39
0.002 0
0.074 0.054
0.284 0.356
0.058 0.026
0.016 0.018
0.4 0.344
0.016 0.02
0.002 0.004
0.02 0.022
0.158 0.138
0.178 0.168
0.058 0.028
0.02 0.002
0.004 0.004
0.012 0.026
0.038 0.042
0.09 0.06
0 0.002
0.08 0.084
0.518 0.506
0.136 0.104
0.044 0.048
0.078 0.084
0.462 0.502
0.068 0.082
0.512 0.47
0.144 0.176
0.012 0.008
0 0.008
0.06 0.024
0.338 0.35
0.234 0.288
0.512 0.5
0.008 0.014
0.01 0
0.032 0.042
0.114 0.118
0.028 0.02
0.022 0.014
0.24 0.25
0.018 0.02
0.022 0.012
0.094 0.082
0.002 0
0 0.002
0.004 0.004
0.034 0.038
0.018 0.03
0.422 0.478
0.06 0.072
0.094 0.11
0.022 0.02
0.284 0.258
0.204 0.23
0 0.002
0.028 0.03
0.03 0.036
0.008 0.004
0.082 0.064
0 0
0 0.004
0.146 0.152
0.026 0.022
0.066 0.086
0.012 0.014
0.086 0.074
0.116 0.082
0.006 0.002
0.046 0.032
0.01 0.008
0.016 0.016
0.002 0
0.06 0.06
0.03 0.038
0.024 0.014
0.004 0.006
0.302 0.28
0.012 0.004
0.002 0.002
0.456 0.4
0.656 0.656
0.432 0.436
0.132 0.146
0 0
0.17 0.146
0.132 0.082
0.114 0.122
0.01 0.014
0.116 0.084
0.034 0.018
0.114 0.098
0.04 0.024
0.004 0
0.008 0.008
0.24 0.252
0.104 0.086
0.058 0.046
0.08 0.074
0.028 0.054
0.03 0.042
0.03 0.024
0.098 0.08
0 0
0.008 0
0 0
0.094 0.104
0.198 0.24
0.368 0.394
0 0.002
0.176 0.21
0.04 0.044
0.286 0.256
0.13 0.12
0.098 0.096
0.228 0.254
0.018 0.014
0.368 0.292
0.01 0.012
0.412 0.424
0.164 0.172
0.002 0.004
0.014 0.016
0.532 0.564
0 0
0.014 0.036
0.122 0.112
0 0.002
0.386 0.408
0.002 0.004
0.002 0.002
0.016 0.016
