0 0.002
0.354 0.372
0.004 0
0.012 0.01
0.124 0.094
0 0
0.066 0.082
0.212 0.262
0.054 0.048
0.008 0.006
0.21 0.168
0.002 0.004
0.002 0
0.048 0.022
0.086 0.098
0.21 0.192
0.116 0.102
0.01 0.004
0.008 0.008
0.11 0.132
0.036 0.028
0.062 0.062
0.006 0.008
0.086 0.078
0.314 0.222
0.156 0.116
0.096 0.094
0.048 0.036
0.588 0.572
0.06 0.068
0.424 0.358
0.048 0.068
0.008 0.008
0.006 0.008
0.034 0.006
0.38 0.348
0.356 0.322
0.252 0.238
0.014 0.008
0.016 0.002
0.058 0.086
0.068 0.098
0.042 0.036
0.008 0.006
0.092 0.1
0.048 0.048
0.016 0.006
0.082 0.09
0.002 0.002
0.002 0
0.012 0.022
0.042 0.042
0.018 0.022
0.45 0.496
0.302 0.306
0.074 0.118
0.024 0.028
0.28 0.258
0.166 0.178
0.004 0
0.014 0.02
0.096 0.1
0.01 0.002
0.05 0.016
0 0
0.02 0.022
0.084 0.098
0.098 0.086
0.086 0.096
0.008 0.012
0.086 0.084
0.086 0.074
0.008 0.008
0.004 0.002
0.002 0.008
0.036 0.02
0.002 0
0.03 0.026
0.178 0.192
0.01 0.01
0 0
0.252 0.184
0.01 0.008
0.008 0.02
0.424 0.416
0.714 0.672
0.406 0.428
0.148 0.158
0 0.002
0.114 0.096
0.104 0.1
0.152 0.104
0.012 0.004
0.066 0.032
0.028 0.02
0.18 0.162
0.06 0.034
0 0.002
0.1 0.104
0.29 0.316
0.148 0.122
0.046 0.042
0.15 0.088
0.136 0.12
0.034 0.034
0.032 0.014
0.076 0.07
0 0.002
0 0
0 0
0.104 0.09
0.272 0.304
0.374 0.348
0.008 0.004
0.28 0.296
0.006 0.012
0.228 0.198
0.068 0.054
0.148 0.132
0.112 0.108
0.018 0.014
0.312 0.278
0.038 0.022
0.46 0.464
0.094 0.14
0.004 0.004
0.008 0.018
0.478 0.454
0.002 0.002
0.042 0.042
0.182 0.178
0.006 0
0.208 0.23
0.004 0.004
0.002 0.004
0.014 0.018
