0.002 0.004
0.218 0.204
0.002 0
0.004 0.01
0.198 0.148
0 0
0.04 0.028
0.286 0.3
0.044 0.042
0.014 0.006
0.384 0.336
0.094 0.094
0.002 0
0.024 0.024
0.094 0.09
0.176 0.174
0.036 0.024
0 0.018
0.016 0.022
0.036 0.034
0.062 0.056
0.066 0.068
0 0.002
0.114 0.086
0.26 0.3
0.144 0.148
0.02 0.028
0.022 0.03
0.57 0.558
0.06 0.032
0.264 0.274
0.114 0.124
0.012 0.01
0.006 0.008
0.008 0.006
0.378 0.422
0.3 0.336
0.326 0.308
0.016 0.012
0.004 0.002
0.054 0.07
0.118 0.13
0.06 0.046
0.024 0.02
0.258 0.222
0 0
0.014 0.004
0.23 0.262
0.002 0
0.002 0.002
0.012 0.022
0.034 0.028
0.006 0.012
0.456 0.462
0.388 0.398
0.122 0.152
0.016 0.012
0.094 0.076
0.136 0.148
0 0.006
0.014 0.008
0.068 0.048
0.002 0.004
0.108 0.064
0 0
0.008 0.016
0.162 0.166
0.092 0.078
0.126 0.132
0.03 0.016
0.228 0.244
0.082 0.076
0.006 0.002
0.022 0.024
0.002 0
0.01 0.006
0 0
0.07 0.046
0.136 0.142
0.014 0.008
0.006 0.002
0.23 0.25
0.01 0.012
0.018 0.016
0.496 0.398
0.636 0.684
0.486 0.464
0.078 0.09
0 0
0.12 0.076
0.068 0.114
0.084 0.096
0.016 0.006
0.054 0.038
0.024 0.014
0.266 0.284
0.07 0.04
0.006 0.002
0.124 0.114
0.3 0.322
0.126 0.11
0.032 0.044
0.074 0.066
0.128 0.134
0.018 0.014
0.022 0.014
0.062 0.042
0.002 0
0 0
0.002 0
0.096 0.08
0.138 0.156
0.416 0.394
0.002 0
0.23 0.246
0.072 0.056
0.272 0.282
0.064 0.052
0.12 0.102
0.186 0.172
0.026 0.016
0.398 0.318
0.004 0.01
0.432 0.422
0.014 0.014
0 0.004
0.042 0.032
0.316 0.326
0.002 0
0.074 0.086
0.138 0.16
0.006 0.002
0.484 0.502
0.002 0.002
0.002 0
0.008 0.016
