0.006 0
0.442 0.386
0.002 0
0.006 0.002
0.11 0.128
0 0
0.052 0.03
0.256 0.29
0.072 0.038
0.02 0.004
0.238 0.206
0.1 0.142
0 0.002
0.006 0.01
0.138 0.13
0.156 0.136
0.02 0.018
0.008 0.006
0.012 0.01
0.1 0.112
0.07 0.052
0.118 0.078
0.002 0.004
0.094 0.072
0.268 0.248
0.084 0.058
0.036 0.032
0.036 0.022
0.478 0.454
0.06 0.072
0.334 0.316
0.13 0.174
0.012 0.012
0.008 0.01
0.022 0.016
0.378 0.332
0.222 0.138
0.24 0.198
0.008 0.008
0.002 0.002
0.07 0.072
0.154 0.146
0.032 0.02
0.022 0.026
0.162 0.188
0.01 0.01
0.008 0.014
0.264 0.256
0 0
0 0
0.008 0.016
0.054 0.034
0.028 0.052
0.432 0.466
0.368 0.41
0.138 0.128
0.012 0.028
0.282 0.242
0.158 0.204
0.004 0
0.032 0.03
0.058 0.062
0.006 0.004
0.082 0.058
0 0
0.006 0.02
0.12 0.14
0.074 0.076
0.084 0.07
0.026 0.014
0.234 0.228
0.074 0.03
0.006 0.006
0.05 0.034
0.006 0.004
0.004 0.004
0 0
0.096 0.064
0.102 0.118
0.014 0.008
0.014 0.004
0.186 0.19
0.02 0.008
0.01 0.024
0.47 0.446
0.504 0.498
0.516 0.448
0.232 0.198
0 0.004
0.162 0.08
0.096 0.112
0.162 0.08
0.024 0.018
0.052 0.034
0.022 0.008
0.3 0.338
0.112 0.082
0 0
0.1 0.082
0.322 0.366
0.156 0.084
0.048 0.056
0.102 0.05
0.148 0.108
0.024 0.03
0.028 0.022
0.076 0.072
0.006 0.002
0 0
0 0
0.036 0.044
0.202 0.222
0.238 0.184
0.008 0.002
0.244 0.296
0.076 0.076
0.096 0.09
0.05 0.04
0.114 0.092
0.138 0.106
0.018 0.026
0.298 0.288
0.008 0.008
0.428 0.45
0.078 0.102
0 0.004
0.028 0.032
0.532 0.496
0.002 0
0.046 0.07
0.17 0.216
0 0
0.494 0.468
0.006 0.004
0.006 0
0.018 0.012
