0.8173913 0.8347826
0.6722689 0.5546218
0.7563025 0.7058824
0.7563025 0.7058824
0.1885246 0.2540984
0.9105691 0.8211382
0.487395 0.4957983
0.2 0.136
0.5121951 0.5691057
0.648 0.832
0.136 0.176
0.3333333 0.3333333
0.852459 0.8688525
0.5887097 0.5322581
0.3913043 0.4521739
0.605042 0.7058824
0.6585366 0.5528455
0.7704918 0.7131148
0.7479675 0.6666667
0.4435484 0.3629032
0.512 0.56
0.3064516 0.2983871
0.8467742 0.6935484
0.2605042 0.2773109
0.1612903 0.2016129
0.2434783 0.2173913
0.5284553 0.4471545
0.4086957 0.5043478
0.1652174 0.1478261
0.5130435 0.5043478
0.07317073 0.09756098
0.2956522 0.2173913
0.699187 0.7317073
0.699187 0.7560976
0.6451613 0.6935484
0.064 0.072
0.1056911 0.09756098
0.2 0.184
0.8173913 0.7478261
0.6722689 0.7058824
0.4126984 0.3968254
0.3414634 0.3252033
0.5913043 0.5565217
0.5725806 0.5645161
0.168 0.176
0.7217391 0.8347826
0.6504065 0.7642276
0.08695652 0.1217391
0.852459 0.8688525
0.8173913 0.8347826
0.7096774 0.6290323
0.5241935 0.5
0.7563025 0.7058824
0.03478261 0.04347826
0.06504065 0.04878049
0.3888889 0.3492063
0.7563025 0.7058824
0.1967213 0.2131148
0.3333333 0.300813
0.6587302 0.8492063
0.5853659 0.6829268
0.4796748 0.504065
0.717742 0.6935484
0.3577236 0.4634146
0.8870968 0.8467742
0.5913043 0.5130435
0.3658537 0.2439024
0.4672131 0.4918033
0.5284553 0.4796748
0.6370968 0.6693548
0.5462185 0.6302521
0.4426230 0.4180328
0.8373984 0.8536585
0.624 0.528
0.8373984 0.8536585
0.7217391 0.7478261
0.8467742 0.782258
0.3790323 0.4193548
0.3809524 0.3968254
0.7479675 0.7723577
0.8333333 0.8492063
0.06956522 0.1217391
0.5934959 0.6422764
0.7380952 0.7063492
0.05042017 0.08403361
0.008130081 0
0.05042017 0.09243697
0.1739130 0.1739130
0.8467742 0.782258
0.3225806 0.3145161
0.5966387 0.4789916
0.2016807 0.2268908
0.7478261 0.7478261
0.5365854 0.5365854
0.5934959 0.5691057
0.1129032 0.0967742
0.531746 0.468254
0.8333333 0.8492063
0.328 0.368
0.1311475 0.1639344
0.3577236 0.3495935
0.5 0.4596774
0.2950820 0.2704918
0.2695652 0.2869565
0.6370968 0.5806452
0.6829268 0.7317073
0.4173913 0.4
0.852459 0.8688525
0.852459 0.8688525
0.8333333 0.8492063
0.3739130 0.4173913
0.2436975 0.2184874
0.5462185 0.6302521
0.8130081 0.8536585
0.1854839 0.2419355
0.408 0.472
0.1111111 0.1428571
0.4552846 0.4796748
0.3414634 0.3658537
0.2903226 0.3387097
0.6666667 0.6747967
0.1056911 0.1056911
0.8130081 0.7723577
0.06504065 0.08130081
0.312 0.264
0.8780488 0.796748
0.7704918 0.7213115
0.008130081 0.008130081
0.7563025 0.7058824
0.733871 0.782258
0.3333333 0.2764228
0.8870968 0.8467742
0.04098361 0.03278689
0.9105691 0.8211382
0.7704918 0.8688525
0.6370968 0.5806452
