0.848 0.832
0.1008403 0.1176471
0.6724138 0.8362069
0.8467742 0.7258065
0.1724138 0.1637931
0.8655462 0.8571429
0.3032787 0.4754098
0.1428571 0.1092437
0.5163934 0.5737705
0.784 0.704
0.09016393 0.1229508
0.3813559 0.3559322
0.9112903 0.8145161
0.7627119 0.8305085
0.3688525 0.3934426
0.1967213 0.2049180
0.5655738 0.5491803
0.7007874 0.7716535
0.7704918 0.6967213
0.3644068 0.3559322
0.496063 0.4251969
0.56 0.512
0.8770492 0.8032787
0.2372881 0.2372881
0.1532258 0.1935484
0.2903226 0.3548387
0.4724409 0.519685
0.4396552 0.4568966
0.05172414 0.06896552
0.4758065 0.4193548
0.03225806 0.08064516
0.1889764 0.1574803
0.6470588 0.6302521
0.7903226 0.8145161
0.637931 0.7068966
0.03361345 0.04201681
0.1120690 0.1293103
0.1465517 0.1379310
0.6034483 0.6293103
0.8688525 0.8278689
0.4596774 0.4193548
0.3697479 0.3193277
0.5737705 0.4918033
0.5725806 0.6129032
0.2966102 0.3644068
0.6355932 0.6694915
0.7815126 0.7478992
0.07377049 0.1065574
0.8770492 0.8032787
0.8467742 0.8225806
0.8770492 0.704918
0.4566929 0.5354331
0.6535433 0.5590551
0.008 0.008
0.1779661 0.1949153
0.4067797 0.4661017
0.7815126 0.6218487
0.1120690 0.1293103
0.2436975 0.2100840
0.9112903 0.8145161
0.5966387 0.6386555
0.488189 0.503937
0.8770492 0.8032787
0.3606557 0.4754098
0.862069 0.8362069
0.7086614 0.7086614
0.3709677 0.3225806
0.584 0.488
0.4067797 0.3644068
0.7033898 0.4915254
0.1551724 0.1637931
0.362069 0.387931
0.8770492 0.8032787
0.8188976 0.7716535
0.8188976 0.7716535
0.8644068 0.8305085
0.8655462 0.8571429
0.4137931 0.5431034
0.2213115 0.1885246
0.7007874 0.7716535
0.9112903 0.8145161
0.1417323 0.1496063
0.5948276 0.6637931
0.559322 0.5254237
0.01612903 0.04032258
0 0
0.03149606 0.04724409
0.112 0.104
0.8688525 0.8278689
0.3548387 0.4112903
0.4516129 0.5322581
0.2338710 0.3548387
0.3813559 0.4067797
0.4396552 0.4741379
0.4827586 0.5431034
0.2881356 0.2711864
0.5327869 0.5245902
0.8425197 0.7795276
0.536 0.512
0.1885246 0.1557377
0.2049180 0.2950820
0.5491803 0.5491803
0.2521008 0.3445378
0.408 0.44
0.6639344 0.6803279
0.784 0.664
0.4137931 0.3965517
0.8644068 0.8305085
0.8655462 0.8571429
0.8644068 0.8305085
0.3534483 0.387931
0.1293103 0.1120690
0.05511811 0.1023622
0.784 0.832
0.2844828 0.2327586
0.5163934 0.4836066
0.1344538 0.2100840
0.3934426 0.5163934
0.302521 0.3193277
0.559322 0.6271186
0.6141732 0.6456693
0.06557377 0.08196721
0.8655462 0.7478992
0.05737705 0.06557377
0.3145161 0.3709677
0.8467742 0.7258065
0.5564516 0.5080645
0.008064516 0.008064516
0.8467742 0.8225806
0.5241935 0.4758065
0.2903226 0.2419355
0.8644068 0.8305085
0.192 0.16
0.8425197 0.7795276
0.8688525 0.8278689
0.5669291 0.6535433
