0.004 0.006
0.228 0.248
0.004 0
0.004 0
0.2 0.156
0 0.006
0.038 0.034
0.274 0.308
0.054 0.032
0.016 0.008
0.24 0.238
0.082 0.148
0 0.004
0.022 0.014
0.138 0.134
0.212 0.268
0.042 0.016
0.02 0.004
0.012 0.008
0.132 0.16
0.056 0.034
0.11 0.094
0.006 0.006
0.084 0.074
0.21 0.222
0.132 0.082
0.04 0.064
0.054 0.044
0.592 0.538
0.052 0.04
0.366 0.342
0.174 0.202
0.024 0.016
0.014 0.016
0.026 0.012
0.376 0.374
0.286 0.302
0.242 0.226
0.01 0.002
0.01 0.006
0.066 0.084
0.07 0.076
0.042 0.042
0.026 0.028
0.152 0.196
0.016 0.004
0.012 0.012
0.302 0.3
0.002 0.002
0.002 0.006
0.014 0.01
0.036 0.018
0.018 0.022
0.382 0.444
0.346 0.354
0.112 0.108
0.01 0.004
0.206 0.216
0.166 0.15
0 0
0.04 0.016
0.016 0.034
0.008 0.002
0.07 0.062
0 0
0.008 0.012
0.108 0.132
0.082 0.078
0.064 0.074
0.02 0.006
0.25 0.174
0.024 0.036
0.006 0.002
0.038 0.034
0.012 0.008
0.012 0.006
0.006 0
0.074 0.05
0.166 0.142
0.016 0.014
0.01 0.012
0.26 0.248
0.002 0.008
0.026 0.022
0.464 0.394
0.51 0.522
0.508 0.472
0.196 0.19
0.002 0.002
0.072 0.082
0.108 0.082
0.164 0.136
0.014 0.006
0.082 0.048
0.026 0.038
0.262 0.288
0.058 0.034
0.002 0.002
0.078 0.078
0.276 0.328
0.138 0.132
0.052 0.032
0.092 0.084
0.128 0.13
0.032 0.024
0.028 0.016
0.072 0.068
0 0
0.002 0
0 0
0.076 0.064
0.138 0.152
0.408 0.38
0 0.008
0.222 0.25
0.028 0.014
0.214 0.206
0.058 0.074
0.056 0.068
0.12 0.116
0.014 0.018
0.344 0.338
0.008 0.01
0.38 0.386
0.098 0.124
0.008 0.006
0.014 0.01
0.514 0.516
0.006 0.002
0.058 0.062
0.182 0.184
0 0.002
0.318 0.384
0.006 0.004
0 0.002
0.014 0.002
