0.8644068 0.8474576
0.1596639 0.09243697
0.8606557 0.8032787
0.7131148 0.7459016
0.5289256 0.5371901
0.8487395 0.8487395
0.4915254 0.5338983
0.1833333 0.175
0.52 0.56
0.6806723 0.6806723
0.176 0.216
0.2419355 0.2338710
0.8709677 0.8306452
0.8512397 0.8264463
0.4516129 0.4677419
0.5371901 0.553719
0.4830508 0.5677966
0.766129 0.766129
0.8512397 0.8264463
0.416 0.392
0.576 0.584
0.2 0.2
0.8644068 0.8474576
0.3884298 0.446281
0.2295082 0.2213115
0.3050847 0.3898305
0.4285714 0.4285714
0.488 0.44
0.024 0.016
0.4603175 0.484127
0.064 0.08
0.1596639 0.1344538
0.696 0.624
0.8512397 0.7024793
0.5702479 0.6942149
0.05084746 0.06779661
0.1129032 0.1370968
0.1612903 0.1774194
0.6833333 0.725
0.76 0.832
0.2868852 0.2704918
0.288 0.264
0.5322581 0.5080645
0.6779661 0.5677966
0.152 0.144
0.7222222 0.6904762
0.733871 0.766129
0.1596639 0.1512605
0.848 0.824
0.7768595 0.8264463
0.7833333 0.725
0.4354839 0.4758065
0.5634921 0.6904762
0.008196721 0.008196721
0.3492063 0.3015873
0.302521 0.2352941
0.7016129 0.6048387
0.1101695 0.1610169
0.288 0.264
0.9333333 0.875
0.5322581 0.5080645
0.7222222 0.5873016
0.8333333 0.875
0.440678 0.5084746
0.8709677 0.8306452
0.8512397 0.8264463
0.3719008 0.2809917
0.425 0.4833333
0.302521 0.302521
0.733871 0.8306452
0.1693548 0.1451613
0.4621849 0.4453782
0.85 0.7833333
0.6065574 0.6065574
0.7704918 0.8032787
0.5634921 0.6904762
0.8644068 0.8474576
0.45 0.55
0.4523810 0.4126984
0.6774194 0.782258
0.8220339 0.8474576
0.1475410 0.1065574
0.7833333 0.875
0.576 0.704
0.104 0.136
0 0
0.04237288 0.05084746
0.3613445 0.302521
0.8644068 0.8474576
0.4344262 0.4016393
0.55 0.5333333
0.1825397 0.2698413
0.7666667 0.7833333
0.5041322 0.5702479
0.4919355 0.5322581
0.3015873 0.2222222
0.56 0.584
0.8709677 0.8306452
0.3613445 0.3445378
0.1512605 0.1344538
0.25 0.2903226
0.5338983 0.4915254
0.352 0.36
0.5806452 0.483871
0.6916667 0.5916667
0.624 0.624
0.4491525 0.5169492
0.848 0.824
0.8606557 0.8032787
0.7222222 0.6904762
0.4957983 0.4453782
0.2118644 0.1949153
0.3636364 0.3223140
0.8644068 0.8474576
0.1065574 0.1393443
0.3719008 0.4710744
0.2338710 0.2338710
0.3719008 0.4710744
0.3666667 0.4333333
0.2583333 0.3166667
0.5798319 0.6806723
0.1290323 0.1451613
0.7768595 0.6198347
0.03278689 0.04098361
0.2773109 0.2100840
0.76 0.832
0.7622951 0.6885246
0.02521008 0.03361345
0.8333333 0.875
0.5254237 0.4576271
0.25 0.2741935
0.8064516 0.8306452
0.03278689 0.008196721
0.8709677 0.8306452
0.8333333 0.875
0.6806723 0.7563025
