0.3939394 0.3030303
0.1428571 0.1428571
0.4814815 0.4814815
0.6170213 0.6453901
0.1678322 0.1678322
0.4776119 0.7014925
0.1578947 0.1654135
0.1353383 0.1578947
0.5496183 0.6259542
0.1221374 0.1221374
0.5597015 0.5
0.1111111 0.1111111
0.7122302 0.6043165
0.8613139 0.9416058
0.7851852 0.8074074
0.1240876 0.1386861
0.469697 0.3712121
0.7218045 0.7368421
0.5827338 0.7769784
0.4210526 0.3984962
0.8721805 0.9323308
0.7954545 0.8863636
0.3741007 0.3453237
0.4626866 0.7537313
0.3636364 0.2803030
0.1068702 0.1221374
0.9064748 0.8201439
0.3282443 0.4732824
0.1818182 0.1888112
0.1044776 0.09701493
0.259542 0.2671756
0.3134328 0.2985075
0.1954887 0.1578947
0.5314685 0.7132867
0.3969466 0.2900763
0.1417910 0.2089552
0.1044776 0.09701493
0.1343284 0.1194030
0.3656716 0.3582090
0.2978723 0.3262411
0.8041958 0.7762238
0.1503759 0.1428571
0.6793893 0.6183206
0.8222222 0.837037
0.733813 0.7769784
0.6 0.6444444
0.5597015 0.4253731
0.5267176 0.5343511
0.3909774 0.3458647
0.2388060 0.2313433
0.2977099 0.3358779
0.6592593 0.6666667
0.7328244 0.6335878
0.4820144 0.4244604
0.3432836 0.4029851
0.9777778 0.962963
0.6060606 0.6742424
0.3846154 0.3846154
0.380597 0.4029851
0.1984733 0.2137405
0.8358209 0.8134328
0.4328358 0.3955224
0.9770992 0.9847328
0.8057554 0.7122302
0.1060606 0.1060606
0.5481481 0.5333333
0.518797 0.6090226
0.4532374 0.3884892
0.4751773 0.5106383
0.3358209 0.3283582
0.2296296 0.1851852
0.3435115 0.3587786
0.8467153 0.9489051
0.1865672 0.1567164
0.3503650 0.3284672
0.8723404 0.929078
0.7014925 0.738806
0.3356643 0.3916084
0.4744526 0.4890511
0.3560606 0.3030303
0.1578947 0.1654135
0.9701493 0.8432836
0.2765957 0.2836879
0.761194 0.7014925
0.2878788 0.3106061
0.902985 0.9253731
0.3333333 0.2803030
0.3582090 0.3507463
0.81203 0.7669173
0.2164179 0.1567164
0.3587786 0.3206107
0.1111111 0.1111111
0.9548872 0.9548872
0.1666667 0.1666667
0.1940299 0.2014925
0.3404255 0.3971631
0.619403 0.4626866
0.1515152 0.1439394
0.1347518 0.1347518
0.2089552 0.2089552
0.2340426 0.2198582
0.1798561 0.1942446
0.6834532 0.7985612
0.6412214 0.648855
0.4890511 0.4817518
0.4580153 0.3740458
0.9694656 0.9770992
0.2517986 0.2446043
0.5454545 0.6439394
0.5378788 0.5378788
0.3555556 0.3629630
0.2803030 0.3030303
0.7537313 0.761194
0.1386861 0.1386861
0.7037037 0.7407407
0.1060606 0.1060606
0.1417910 0.1417910
0.4887218 0.4736842
0.2888889 0.3259259
0.4888889 0.4814815
0.3435115 0.4503817
0.3503650 0.3430657
0.1194030 0.1194030
0.5447761 0.7835821
0.5531915 0.5673759
0.1111111 0.1111111
0.689394 0.7651515
0.7883212 0.6934307
0.2867133 0.2727273
0.4772727 0.4090909
0.2105263 0.2631579
0.1353383 0.1278195
0.4179104 0.4328358
0.7313433 0.8358209
0.9552239 0.9925373
0.3065693 0.2992701
0.1678322 0.1678322
0.6390977 0.5639098
0.5547445 0.7007299
0.8 0.8666667
0.8014184 0.787234
0.3435115 0.3206107
0.7226277 0.8175182
0.4242424 0.3939394
0.2671756 0.2671756
0.8712121 0.6742424
0.2846715 0.2408759
0.4586466 0.593985
0.3868613 0.3941606
0.4748201 0.4244604
0.4402985 0.5522388
