0.1832061 0.1679389
0.1470588 0.1544118
0.7720588 0.7794118
0.7669173 0.5639098
0.1629630 0.1851852
0.5801527 0.5648855
0.1691176 0.1838235
0.1617647 0.1838235
0.3970588 0.3382353
0.1617647 0.1764706
0.4316547 0.3381295
0.2255639 0.2406015
0.3082707 0.2556391
0.7352941 0.757353
0.75 0.617647
0.3014706 0.2867647
0.1102941 0.1102941
0.2857143 0.3308271
0.4558824 0.4191176
0.9699248 0.962406
0.6691176 0.8014706
0.5367647 0.6029412
0.1079137 0.1079137
0.4676259 0.589928
0.1470588 0.1397059
0.2406015 0.2406015
0.2720588 0.2573529
0.3161765 0.3235294
0.2941176 0.2426471
0.1176471 0.1176471
0.2481203 0.2030075
0.75 0.6397059
0.7328244 0.8091603
0.3333333 0.2765957
0.632353 0.5514706
0.1908397 0.1832061
0.1007194 0.1079137
0.1729323 0.1729323
0.7669173 0.7669173
0.3129771 0.3053435
0.6102941 0.617647
0.129771 0.1755725
0.4388489 0.3309353
0.7279412 0.7279412
0.8778626 0.8091603
0.8088235 0.7058824
0.6906475 0.76259
0.6453901 0.7092199
0.7333333 0.7703704
0.1691176 0.1397059
0.1544118 0.1691176
0.6099291 0.5319149
0.4117647 0.3676471
0.9485294 0.9558824
0.5111111 0.4666667
0.6544118 0.5073529
0.4888889 0.5259259
0.5588235 0.6985294
0.9925926 0.9407407
0.1764706 0.1617647
0.6617647 0.617647
0.8088235 0.7867647
0.2740741 0.2962963
0.406015 0.3458647
0.8962963 0.8888889
0.9007092 0.9574468
0.7407407 0.8518519
0.2058824 0.2279412
0.4558824 0.6029412
0.4411765 0.5735294
0.1176471 0.1176471
0.4705882 0.6102941
0.2794118 0.4779412
0.2213740 0.1908397
0.9389313 0.9770992
0.2941176 0.4191176
0.8382353 0.8235294
0.6641221 0.648855
0.2290076 0.2442748
0.5955882 0.5735294
0.08088235 0.0882353
0.7099237 0.832061
0.1323529 0.1323529
0.2781955 0.3007519
0.2781955 0.2706767
0.867647 0.8602941
0.1007194 0.1079137
0.1418440 0.1560284
0.6641221 0.5725191
0.125 0.1176471
0.6102941 0.7205882
0.125 0.1176471
0.3333333 0.4
0.1764706 0.1691176
0.1323529 0.1323529
0.4632353 0.4264706
0.2352941 0.2058824
0.1176471 0.1323529
0.1418440 0.1418440
0.1804511 0.1729323
0.6691176 0.6470588
0.1323529 0.1397059
0.1985294 0.1985294
0.6544118 0.6470588
0.3161765 0.2720588
0.647482 0.8776978
0.5488722 0.443609
0.4680851 0.3333333
0.7037037 0.837037
0.4411765 0.5588235
0.3259259 0.2814815
0.4511278 0.4210526
0.3308271 0.3157895
0.1654676 0.2014388
0.6259542 0.5572519
0.1911765 0.1691176
0.2269504 0.1843972
0.5294118 0.6838235
0.4518519 0.3851852
0.874074 0.8592593
0.6842105 0.9097744
0.5 0.5441176
0.3235294 0.3308824
0.3453237 0.4028777
0.4411765 0.5661765
0.129771 0.1450382
0.4740741 0.4148148
0.5073529 0.5073529
0.9541985 0.9770992
0.5886525 0.7446809
0.1007194 0.09352518
0.1470588 0.1470588
0.3759398 0.3383459
0.4117647 0.3897059
0.5955882 0.617647
0.3823529 0.2794118
0.2671756 0.3206107
0.6740741 0.5555556
0.4632353 0.5073529
0.2058824 0.2279412
0.4338235 0.3529412
0.09923664 0.1374046
0.875 0.867647
0.1911765 0.1838235
0.2836879 0.1914894
0.4740741 0.6444444
0.2213740 0.2442748
0.618705 0.7985612
0.25 0.2426471
0.3235294 0.2720588
0.2366412 0.2442748
