0.3259259 0.4592593
0.2058824 0.2352941
0.4274194 0.3225806
0.7164179 0.5671642
0.1492537 0.1417910
0.5 0.5403226
0.1268657 0.1194030
0.1785714 0.2071429
0.9854015 0.9635036
0.1285714 0.1285714
0.7737226 0.729927
0.1185185 0.1185185
0.3 0.2857143
0.5037037 0.6518519
0.4927536 0.4637681
0.1370968 0.1370968
0.2903226 0.3951613
0.7037037 0.8074074
0.5259259 0.5555556
0.5111111 0.5333333
0.5036496 0.3503650
0.5241935 0.6370968
0.1 0.1
0.3358209 0.3059701
0.2962963 0.2740741
0.1102941 0.1176471
0.8064516 0.733871
0.6714286 0.7285714
0.15 0.1428571
0.2428571 0.2357143
0.1911765 0.2058824
0.2258065 0.2580645
0.55 0.6214286
0.7185185 0.762963
0.3722628 0.3941606
0.2444444 0.3555556
0.3037037 0.2148148
0.1214286 0.1214286
0.6131387 0.6277372
0.6071429 0.6428571
0.3259259 0.3925926
0.2 0.1851852
0.632353 0.5
0.4642857 0.4714286
0.2681159 0.2608696
0.5357143 0.5714286
0.8666667 0.5185185
0.375 0.3602941
0.8 0.7428571
0.2867647 0.2426471
0.1 0.1
0.2554745 0.2189781
0.4202899 0.4637681
0.45 0.4142857
0.5109489 0.4890511
0.7445255 0.8248175
0.4296296 0.3851852
0.8208955 0.7686567
0.8548387 0.766129
0.1231884 0.1304348
0.5522388 0.6641791
0.4714286 0.4714286
0.5645161 0.5967742
0.9044118 0.7941176
0.1521739 0.1449275
0.4 0.45
0.7703704 0.7333333
0.3467742 0.3225806
0.6714286 0.6571429
0.8296296 0.8074074
0.2554745 0.1751825
0.6131387 0.6423358
0.8142857 0.7214286
0.2426471 0.25
0.5785714 0.5285714
0.3134328 0.3134328
0.7214286 0.6142857
0.6642857 0.6642857
0.4814815 0.5481481
0.4444444 0.4518519
0.3134328 0.2014925
0.6838235 0.7941176
0.1343284 0.1417910
0.8405797 0.9710145
0.4444444 0.4074074
0.5703704 0.5037037
0.1925926 0.1555556
0.1214286 0.1
0.3259259 0.2740741
0.1703704 0.2296296
0.2258065 0.2580645
0.75 0.7016129
0.9357143 0.8785714
0.0962963 0.1037037
0.1029412 0.1029412
0.8064516 0.9516129
0.4701493 0.4626866
0.2419355 0.3064516
0.1 0.1
0.2016129 0.2580645
0.7016129 0.6370968
0.2571429 0.2142857
0.442029 0.5144928
0.3407407 0.3037037
0.5970149 0.5
0.6102941 0.3970588
0.3333333 0.2962963
0.1209677 0.1370968
0.3405797 0.3695652
0.3656716 0.4626866
0.2903226 0.2983871
0.8248175 0.7518248
0.7028986 0.6884058
0.1323529 0.1176471
0.8548387 0.8387097
0.1567164 0.1417910
0.1777778 0.2592593
0.2592593 0.2888889
0.7903226 0.8548387
0.7903226 0.8387097
0.8695652 0.8550725
0.637037 0.4592593
0.1544118 0.1470588
0.3913043 0.3695652
0.6444444 0.874074
0.2173913 0.1739130
0.9333333 0.874074
0.3 0.2928571
0.6716418 0.4850746
0.8088235 0.6029412
0.1214286 0.1214286
0.1290323 0.1370968
0.6290323 0.6290323
0.4435484 0.3870968
0.4357143 0.4428571
0.2983871 0.2741935
0.1 0.1214286
0.4435484 0.4596774
0.6569343 0.6277372
0.2481752 0.270073
0.8785714 0.8357143
0.1 0.1
0.7835821 0.6865672
0.1774194 0.3225806
0.1417910 0.1194030
0.4222222 0.3629630
0.8602941 0.8382353
0.7285714 0.65
0.7372263 0.6423358
0.2985075 0.2238806
0.3985507 0.4057971
