0.5703125 0.6171875
0.2109375 0.1640625
0.5507246 0.5289855
0.2589928 0.2589928
0.3759398 0.3157895
0.2941176 0.3161765
0.3282443 0.259542
0.1942446 0.2230216
0.3082707 0.3759398
0.2137405 0.2137405
0.3687943 0.4326241
0.1603053 0.2137405
0.453125 0.484375
0.5507246 0.6231884
0.7588652 0.8014184
0.1484375 0.140625
0.1171875 0.1171875
0.4028777 0.4028777
0.3404255 0.2907801
0.3088235 0.2794118
0.5390625 0.578125
0.4820144 0.4892086
0.125 0.1796875
0.234375 0.2890625
0.1459854 0.1459854
0.1176471 0.1176471
0.839416 0.919708
0.3203125 0.328125
0.2765957 0.2482270
0.1151079 0.1151079
0.1679389 0.1679389
0.8992806 0.9064748
0.8175182 0.8248175
0.4736842 0.6917293
0.3868613 0.4817518
0.1079137 0.1079137
0.3868613 0.3576642
0.1739130 0.1811594
0.46875 0.515625
0.2481203 0.2857143
0.4233577 0.4379562
0.3120567 0.3191489
0.2846715 0.2335766
0.46875 0.4453125
0.7375887 0.7588652
0.765625 0.6796875
0.8129496 0.76259
0.4360902 0.3834586
0.703125 0.8359375
0.1278195 0.1278195
0.1532847 0.1167883
0.8321168 0.8467153
0.3430657 0.3503650
0.6259542 0.7175573
0.3868613 0.2773723
0.1984733 0.2290076
0.4736842 0.6466165
0.8633094 0.8417266
0.3043478 0.3260870
0.1691176 0.1323529
0.3157895 0.3157895
0.8359375 0.7109375
0.6412214 0.7175573
0.5 0.6470588
0.3956835 0.5539568
0.6115108 0.5179856
0.9057971 0.8478261
0.3741007 0.294964
0.4360902 0.4360902
0.8623188 0.8478261
0.4306569 0.5255474
0.3741007 0.3597122
0.4710145 0.4347826
0.2127660 0.1985816
0.4388489 0.5683453
0.6030534 0.7175573
0.6350365 0.5182482
0.3941606 0.5036496
0.2352941 0.2573529
0.1605839 0.1897810
0.1176471 0.1176471
0.4100719 0.4028777
0.5182482 0.5620438
0.6691729 0.7744361
0.4580153 0.4503817
0.3823529 0.4191176
0.1304348 0.1231884
0.1532847 0.1532847
0.2481752 0.2919708
0.2554745 0.2627737
0.1729323 0.1729323
0.2043796 0.2408759
0.9130435 0.884058
0.1171875 0.1328125
0.171875 0.171875
0.7938931 0.870229
0.2773723 0.2408759
0.1176471 0.1176471
0.129771 0.129771
0.1353383 0.1278195
0.5864662 0.6466165
0.1376812 0.1376812
0.5507246 0.4057971
0.9562044 0.9270073
0.21875 0.1875
0.90625 0.9375
0.5114504 0.4732824
0.2900763 0.2824427
0.867647 0.8235294
0.5109489 0.6861314
0.2781955 0.2857143
0.2661871 0.2086331
0.5725191 0.4885496
0.1063830 0.1134752
0.7941176 0.7941176
0.2647059 0.2205882
0.1386861 0.1459854
0.2919708 0.3211679
0.3684211 0.3909774
0.7266187 0.7482014
0.810219 0.729927
0.6950355 0.7588652
0.125 0.1323529
0.4485294 0.4338235
0.3358779 0.3206107
0.1094891 0.1094891
0.4140625 0.328125
0.8359375 0.8359375
0.8623188 0.8550725
0.6183206 0.5572519
0.1171875 0.1171875
0.1428571 0.1353383
0.4586466 0.3909774
0.46875 0.4140625
0.8129496 0.7482014
0.1397059 0.1176471
0.1510791 0.1151079
0.6690647 0.6115108
0.740458 0.7633588
0.2330827 0.2631579
0.8201439 0.7697842
0.1240876 0.1459854
0.5957447 0.680851
0.1832061 0.1603053
0.129771 0.129771
0.3741007 0.2805755
0.8920863 0.7985612
0.921875 0.890625
0.7971014 0.7028986
0.971223 0.8489209
0.5648855 0.6030534
