0.3676471 0.375
0.2 0.2
0.6170213 0.6382979
0.1908397 0.1908397
0.1439394 0.1363636
1 0.9927007
0.1851852 0.1851852
0.2661871 0.2446043
0.3333333 0.3484848
0.1470588 0.1323529
0.2651515 0.2727273
0.2056738 0.2340426
0.6666667 0.7954545
0.689394 0.8181818
0.3484848 0.3409091
0.2132353 0.2058824
0.1582734 0.1654676
0.5447761 0.4552239
0.4179104 0.4104478
0.4964029 0.3381295
0.5833333 0.7348485
0.6590909 0.7121212
0.1666667 0.1666667
0.8787879 0.7954545
0.1970803 0.2481752
0.2814815 0.3037037
0.4477612 0.5
0.7462687 0.6044776
0.2348485 0.25
0.1418440 0.1276596
0.1205674 0.1205674
0.4666667 0.4888889
0.9208633 0.8489209
0.3409091 0.3560606
0.961832 0.9465649
0.3453237 0.3381295
0.2746479 0.3169014
0.125 0.125
0.8920863 0.8201439
0.2773723 0.3284672
0.3507463 0.3432836
0.1407407 0.1481481
0.8787879 0.939394
0.5294118 0.6029412
0.3259259 0.3629630
0.6549296 0.6901408
0.2481752 0.2043796
0.9044118 0.8602941
0.6962963 0.637037
0.1068702 0.1068702
0.1666667 0.1363636
0.5106383 0.5177305
0.858209 0.7164179
0.8134328 0.9179104
0.4477612 0.4402985
0.4525547 0.4817518
0.9701493 0.9701493
0.4179104 0.3656716
0.2272727 0.2803030
0.1079137 0.1007194
0.4890511 0.3357664
0.5107914 0.6330935
0.2878788 0.3409091
0.3169014 0.2605634
0.6060606 0.4545455
0.6136364 0.4772727
0.4961832 0.4656489
0.5227273 0.6969697
0.2977099 0.3282443
0.5984848 0.5378788
0.3939394 0.3409091
0.4848485 0.5378788
0.612676 0.5352113
0.1068702 0.1068702
0.7080292 0.729927
0.5492958 0.6901408
0.6423358 0.6277372
0.1666667 0.2045455
0.680851 0.7375887
0.9701493 0.9328358
0.2121212 0.1969697
0.4015152 0.4242424
0.1654676 0.1942446
0.1984733 0.2290076
0.4100719 0.3381295
0.2335766 0.2043796
0.1679389 0.129771
0.1893939 0.1742424
0.9555556 0.9925926
0.1145038 0.1068702
0.6136364 0.7045455
0.1119403 0.1119403
0.1984733 0.2061069
0.1194030 0.1194030
0.1185185 0.1185185
0.4084507 0.443662
0.5267176 0.4885496
0.2253521 0.2253521
0.1843972 0.1843972
0.4852941 0.4264706
0.1221374 0.1068702
0.1205674 0.1205674
0.617647 0.5588235
0.3037037 0.3111111
0.4044118 0.3529412
0.3037037 0.3037037
0.7272727 0.7045455
0.1851852 0.1851852
0.5671642 0.5298507
0.9044118 0.8602941
0.4732824 0.5114504
0.2846715 0.2627737
0.6363636 0.6136364
0.2313433 0.1865672
0.5555556 0.5259259
0.2042254 0.1830986
0.3925926 0.3777778
0.7042254 0.7464789
0.3037037 0.3259259
0.2814815 0.2518519
0.8333333 0.7954545
0.3053435 0.2824427
0.3712121 0.3409091
0.7226277 0.839416
0.632353 0.5588235
0.1060606 0.1136364
0.6764706 0.8161765
0.8787879 0.9318182
0.7913669 0.6690647
0.4964029 0.3381295
0.2352941 0.2941176
0.1489362 0.1489362
0.4961832 0.5496183
0.4621212 0.2954545
0.8529412 0.8529412
0.5036496 0.4671533
0.2575758 0.2727273
0.6788321 0.729927
0.7557252 0.6564885
0.641791 0.5970149
0.7633588 0.648855
0.1068702 0.1068702
0.2482270 0.2978723
0.5954198 0.6030534
0.1755725 0.1374046
0.9626866 0.9328358
0.7279412 0.6470588
0.4890511 0.4379562
0.9015152 0.75
0.9772727 0.969697
0.6060606 0.5984848
