0.8134328 0.7089552
0.1459854 0.1459854
0.9635036 0.9854015
0.3529412 0.3529412
0.2651515 0.2575758
0.4892086 0.4172662
0.1102941 0.1102941
0.1313869 0.1313869
0.3863636 0.4242424
0.1893939 0.1818182
0.5285714 0.6857143
0.125 0.125
0.6397059 0.4632353
0.4402985 0.4402985
0.6567164 0.738806
0.1323529 0.1764706
0.1642857 0.1928571
0.4113475 0.4042553
0.4779412 0.4632353
0.7537313 0.6492537
0.5955882 0.5367647
0.4772727 0.4090909
0.2279412 0.3088235
0.3863636 0.3409091
0.3475177 0.3262411
0.1029412 0.1029412
0.9242424 0.8787879
0.4379562 0.4306569
0.1617647 0.1691176
0.1194030 0.1194030
0.1167883 0.1167883
0.3863636 0.3939394
0.5227273 0.4621212
0.4160584 0.4160584
0.810606 0.75
0.1893939 0.1893939
0.1287879 0.1363636
0.1631206 0.1631206
0.3507463 0.2910448
0.4090909 0.4015152
0.5530303 0.469697
0.1287879 0.1212121
0.5970149 0.6865672
0.7272727 0.6818182
0.8560606 0.8409091
0.7913669 0.8057554
0.469697 0.4545455
0.3560606 0.3106061
0.3409091 0.2878788
0.2388060 0.2238806
0.3560606 0.3712121
0.3928571 0.3928571
0.5744681 0.7801418
0.6397059 0.5514706
0.6861314 0.7226277
0.530303 0.4545455
0.3560606 0.3863636
0.5294118 0.4117647
0.469697 0.4318182
0.3409091 0.3333333
0.8731343 0.8134328
0.5808824 0.6911765
0.6363636 0.530303
0.4233577 0.3941606
0.125 0.1323529
0.4852941 0.5955882
0.3928571 0.4
0.2785714 0.2642857
0.5895522 0.5746269
0.3404255 0.2836879
0.2589928 0.2517986
0.5957447 0.6382979
0.6969697 0.6287879
0.2348485 0.2272727
0.3897059 0.3676471
0.5285714 0.5428571
0.270073 0.2773723
0.3863636 0.4393939
0.6515152 0.4772727
0.5285714 0.4857143
0.1642857 0.15
0.5395683 0.5539568
0.125 0.125
0.619403 0.4925373
0.4244604 0.4172662
0.375 0.4264706
0.3432836 0.4850746
0.2279412 0.2794118
0.7954545 0.6969697
0.1417910 0.1492537
0.676259 0.7769784
0.1363636 0.2348485
0.3571429 0.3714286
0.1287879 0.1363636
0.1702128 0.1773050
0.8201439 0.8561151
0.6287879 0.4621212
0.2121212 0.1969697
0.1678832 0.1532847
0.1063830 0.1063830
0.3235294 0.2867647
0.2651515 0.2121212
0.5882353 0.4411765
0.3939394 0.4242424
0.3106061 0.2803030
0.9852941 0.9117647
0.4822695 0.5957447
0.1212121 0.1212121
0.4545455 0.7348485
0.4379562 0.4160584
0.4477612 0.4179104
0.7575758 0.6666667
0.3884892 0.381295
0.1240876 0.1240876
0.5075758 0.469697
0.1363636 0.1363636
0.1397059 0.1764706
0.3863636 0.4318182
0.4393939 0.4318182
0.5530303 0.6590909
0.8880597 0.8507463
0.2575758 0.25
0.125 0.1323529
0.7985075 0.7985075
0.7575758 0.6060606
0.2978723 0.3049645
0.5661765 0.4044118
0.3787879 0.3939394
0.647482 0.647482
0.8409091 0.8712121
0.25 0.2571429
0.1785714 0.2071429
0.9496403 0.7769784
0.3712121 0.3636364
0.5971223 0.5971223
0.2272727 0.2272727
0.1838235 0.2279412
0.9924242 1
0.6617647 0.5955882
0.6788321 0.4817518
0.3106061 0.2727273
0.1617647 0.1691176
0.469697 0.4393939
0.125 0.125
0.2878788 0.2803030
0.7537313 0.761194
0.625 0.375
0.3106061 0.2878788
0.9854015 0.9416058
0.689394 0.7727273
0.4028777 0.4532374
