0.2421875 0.203125
0.2589928 0.2877698
0.6857143 0.6357143
0.7835821 0.6641791
0.1726619 0.1870504
0.481203 0.481203
0.2205882 0.1985294
0.1268657 0.1268657
0.3671875 0.359375
0.2805755 0.3381295
0.3656716 0.4626866
0.1119403 0.1119403
0.9555556 0.9333333
0.2578125 0.234375
0.5220588 0.5147059
0.28125 0.2734375
0.1176471 0.1544118
0.3165468 0.3093525
0.3082707 0.3082707
0.9565217 0.9347826
0.6666667 0.7703704
0.294964 0.2877698
0.1268657 0.1268657
0.9037037 0.837037
0.1666667 0.1521739
0.1376812 0.1304348
0.6390977 0.5639098
0.7089552 0.4626866
0.2 0.4785714
0.2101449 0.1884058
0.2014388 0.1870504
0.380597 0.3358209
0.7067669 0.7368421
0.453125 0.609375
0.867647 0.8235294
0.203125 0.203125
0.1343284 0.1268657
0.2285714 0.1928571
0.234375 0.2421875
0.593985 0.5263158
0.7608696 0.615942
0.1555556 0.1777778
0.4962963 0.4518519
0.294964 0.2589928
0.1785714 0.1785714
0.2631579 0.2631579
0.9338235 0.9411765
0.2536232 0.2173913
0.9140625 0.8203125
0.2589928 0.3884892
0.1691176 0.1691176
0.7857143 0.6928571
0.6865672 0.5820896
0.8814815 0.9407407
0.3671875 0.3984375
0.6544118 0.632353
0.882353 0.8308824
0.5714286 0.5263158
0.2388060 0.2238806
0.1102941 0.1102941
0.9037037 0.9555556
0.3235294 0.3676471
0.8507463 0.7164179
0.1954887 0.1804511
0.1953125 0.171875
0.6268657 0.6865672
0.3233083 0.4962406
0.6814815 0.7925926
0.3188406 0.3623188
0.3909774 0.5037594
0.171875 0.171875
0.8235294 0.6397059
0.7744361 0.7593985
0.1214286 0.1428571
0.3 0.2571429
0.234375 0.2421875
0.2105263 0.2481203
0.2571429 0.2142857
0.890625 0.9140625
0.9852941 0.9191176
0.1203008 0.1203008
0.3405797 0.3478261
0.2446043 0.2877698
0.617647 0.75
0.6642857 0.5785714
0.7132353 0.875
0.1102941 0.1102941
0.09558824 0.09558824
0.3115942 0.3115942
0.1214286 0.1214286
0.9142857 0.8428571
0.1328125 0.1171875
0.5571429 0.4642857
0.3925926 0.3851852
0.1231884 0.1159420
0.6911765 0.6911765
0.1953125 0.359375
0.3157895 0.2857143
0.1870504 0.1870504
0.2086331 0.2230216
0.6740741 0.5777778
0.1791045 0.1791045
0.6222222 0.8296296
0.3357143 0.2642857
0.5928571 0.6428571
0.2794118 0.2132353
0.8214286 0.6357143
0.1214286 0.15
0.3235294 0.2647059
0.7894737 0.6390977
0.1956522 0.1739130
0.1764706 0.2867647
0.421875 0.3046875
0.1484375 0.171875
0.2101449 0.1884058
0.1333333 0.1333333
0.2164179 0.1865672
0.8142857 0.9857143
0.40625 0.4921875
0.6911765 0.5735294
0.7537313 0.7089552
0.5373134 0.7686567
0.1911765 0.1764706
0.5289855 0.5217391
0.9851852 0.874074
0.2781955 0.2406015
0.265625 0.2109375
0.2421875 0.2578125
0.294964 0.2733813
0.5294118 0.5294118
0.09285714 0.09285714
0.46875 0.734375
0.2313433 0.1791045
0.6714286 0.6285714
0.5185185 0.4666667
0.2666667 0.3555556
0.1171875 0.1171875
0.5441176 0.7132353
0.5441176 0.6985294
0.9142857 0.8357143
0.4609375 0.578125
0.2932331 0.2481203
0.6470588 0.632353
0.1838235 0.1911765
0.2 0.1857143
0.6888889 0.7851852
0.3382353 0.3970588
0.2647059 0.3602941
0.8195489 0.6015038
0.9411765 0.9705882
0.7357143 0.7428571
