0.6842105 0.7067669 0.6842105 0.6917293 0.6616541 0.6616541 0.6616541 0.6917293 0.6917293 0.6917293 0.6015038
0.2362205 0.2440945 0.2834646 0.2677165 0.2125984 0.2283465 0.2283465 0.2125984 0.2440945 0.2598425 0.2362205
0.647482 0.6546763 0.6618705 0.6618705 0.6402878 0.6402878 0.6402878 0.6618705 0.6546763 0.6690647 0.5755396
0.6546763 0.6834532 0.676259 0.6546763 0.647482 0.6546763 0.6546763 0.6906475 0.6906475 0.676259 0.589928
0.3071429 0.3428571 0.2642857 0.3071429 0.2642857 0.2642857 0.2785714 0.3428571 0.3357143 0.3285714 0.3142857
0.6740741 0.6666667 0.6814815 0.6740741 0.6518519 0.6518519 0.6518519 0.6740741 0.6814815 0.6814815 0.5925926
0.6962963 0.6962963 0.6962963 0.6962963 0.6814815 0.6888889 0.7037037 0.7185185 0.7185185 0.7037037 0.6148148
0.6592593 0.6518519 0.6740741 0.6666667 0.6814815 0.6888889 0.7037037 0.6666667 0.6518519 0.6666667 0.6148148
0.4539007 0.2482270 0.2198582 0.3687943 0.3049645 0.3687943 0.3546099 0.3829787 0.3475177 0.3404255 0.3404255
0.7226277 0.7080292 0.6788321 0.6861314 0.6715328 0.6788321 0.6934307 0.7080292 0.6934307 0.6788321 0.5985401
0.6962963 0.6962963 0.6962963 0.6962963 0.6814815 0.6888889 0.7037037 0.7185185 0.7185185 0.7037037 0.6148148
0.3857143 0.4785714 0.5142857 0.5642857 0.5714286 0.5785714 0.5785714 0.55 0.5285714 0.5428571 0.5571429
0.6330935 0.6258993 0.6330935 0.647482 0.647482 0.647482 0.6546763 0.6330935 0.6258993 0.6258993 0.589928
0.6535433 0.6456693 0.6141732 0.6141732 0.5905512 0.5905512 0.5905512 0.6535433 0.6535433 0.6456693 0.5748031
0.2932331 0.406015 0.4511278 0.406015 0.4360902 0.406015 0.3533835 0.3458647 0.443609 0.4736842 0.443609
0.5037037 0.3481481 0.2222222 0.2296296 0.3037037 0.2518519 0.3407407 0.3111111 0.3259259 0.3185185 0.3333333
0.3481481 0.4074074 0.5037037 0.5407407 0.5259259 0.5333333 0.4814815 0.4814815 0.4740741 0.4148148 0.4
0.4525547 0.1970803 0.1605839 0.2262774 0.2627737 0.2992701 0.3065693 0.2992701 0.2846715 0.2846715 0.2919708
0.6842105 0.7067669 0.6842105 0.6917293 0.6616541 0.6616541 0.6616541 0.6992481 0.6917293 0.6917293 0.6015038
0.2740741 0.1851852 0.2074074 0.2296296 0.1629630 0.1777778 0.1851852 0.1703704 0.2 0.1481481 0.1481481
0.2148148 0.2222222 0.2740741 0.2666667 0.2888889 0.2962963 0.2888889 0.3111111 0.2814815 0.2444444 0.2444444
0.2 0.2740741 0.3111111 0.2666667 0.1777778 0.1851852 0.1629630 0.1555556 0.1407407 0.1259259 0.1259259
0.518797 0.518797 0.518797 0.518797 0.518797 0.518797 0.518797 0.556391 0.5413534 0.5488722 0.5488722
0.6740741 0.6666667 0.6814815 0.6740741 0.6518519 0.6518519 0.6518519 0.6740741 0.6814815 0.6814815 0.5925926
0.1353383 0.2481203 0.3157895 0.3233083 0.3082707 0.2030075 0.1879699 0.1578947 0.2105263 0.1879699 0.1578947
0.3669065 0.2014388 0.1942446 0.2014388 0.2374101 0.2014388 0.1942446 0.2302158 0.2014388 0.1726619 0.1726619
0.4148148 0.4888889 0.5407407 0.5185185 0.4888889 0.5185185 0.5407407 0.5111111 0.5037037 0.4592593 0.4
0.04444444 0.05185185 0.03703704 0.03703704 0.01481481 0.02222222 0.01481481 0.02962963 0.04444444 0.04444444 0.02962963
0.352518 0.3597122 0.381295 0.3884892 0.4028777 0.381295 0.3741007 0.3669065 0.3453237 0.352518 0.3453237
0.6614173 0.7244094 0.6850394 0.6692913 0.6614173 0.6456693 0.6692913 0.6692913 0.6771654 0.6614173 0.5748031
0.07086614 0.06299213 0.07874016 0.08661417 0.05511811 0.01574803 0.02362205 0.03937008 0.04724409 0.03149606 0.04724409
0.3430657 0.1970803 0.1970803 0.2189781 0.1897810 0.2262774 0.2919708 0.1313869 0.1386861 0.1459854 0.1605839
0.2283465 0.1968504 0.1968504 0.1968504 0.2440945 0.2204724 0.2204724 0.2913386 0.3070866 0.2047244 0.2677165
0.1582734 0.1726619 0.1582734 0.1582734 0.1438849 0.1798561 0.1726619 0.1942446 0.1798561 0.1942446 0.1798561
0.6614173 0.7244094 0.6850394 0.6692913 0.6614173 0.6456693 0.6692913 0.6692913 0.6771654 0.6614173 0.5748031
0.07874016 0.1102362 0.1181102 0.1102362 0.07086614 0.04724409 0.05511811 0.03937008 0.07086614 0.04724409 0.04724409
0.0647482 0.08633094 0.1007194 0.1151079 0.1366906 0.1079137 0.09352518 0.09352518 0.04316547 0.08633094 0.0647482
0.09448819 0.08661417 0.01574803 0.02362205 0.02362205 0.08661417 0.06299213 0.1338583 0.1023622 0.08661417 0.1023622
0.5035461 0.5035461 0.3404255 0.3758865 0.3404255 0.3262411 0.3829787 0.3687943 0.3900709 0.3687943 0.4893617
0.6714286 0.6785714 0.6785714 0.6428571 0.65 0.65 0.6428571 0.6857143 0.6928571 0.6714286 0.5857143
0.2222222 0.2222222 0.2 0.2222222 0.2370370 0.2148148 0.2 0.2148148 0.2296296 0.2148148 0.2148148
0.6240602 0.631579 0.631579 0.6090226 0.6165414 0.6165414 0.6090226 0.6240602 0.6240602 0.6390977 0.5714286
0.08270677 0.1052632 0.1203008 0.1052632 0.1278195 0.1203008 0.1203008 0.09774436 0.1052632 0.1052632 0.09022556
0.3082707 0.3458647 0.3684211 0.3308271 0.3233083 0.3383459 0.3383459 0.3909774 0.3458647 0.3609023 0.3684211
0.35 0.3714286 0.35 0.35 0.3285714 0.3571429 0.3714286 0.3571429 0.35 0.35 0.3285714
0.5957447 0.5886525 0.5957447 0.6028369 0.6099291 0.6170213 0.6028369 0.5886525 0.5957447 0.5957447 0.5744681
0.6614173 0.7007874 0.6850394 0.6692913 0.6614173 0.6456693 0.6692913 0.6692913 0.6771654 0.6614173 0.5748031
0.7226277 0.7080292 0.6788321 0.6861314 0.6715328 0.6788321 0.6934307 0.7080292 0.6934307 0.6788321 0.5985401
0.5285714 0.5214286 0.5214286 0.4785714 0.4857143 0.5142857 0.4857143 0.5285714 0.5214286 0.5214286 0.5142857
0.6 0.6 0.6 0.6071429 0.6071429 0.6142857 0.6214286 0.6 0.6 0.6 0.5857143
0.4666667 0.4666667 0.4592593 0.5259259 0.4518519 0.4444444 0.4296296 0.4074074 0.3925926 0.3777778 0.3555556
0.55 0.5571429 0.55 0.5357143 0.5071429 0.55 0.5071429 0.5357143 0.5285714 0.5285714 0.5357143
0.6842105 0.7067669 0.6842105 0.6917293 0.6616541 0.6616541 0.6616541 0.6992481 0.6917293 0.6917293 0.6015038
0.6962963 0.6962963 0.6962963 0.6962963 0.6814815 0.6888889 0.7037037 0.7185185 0.7185185 0.7037037 0.6148148
0.4586466 0.4210526 0.4360902 0.4210526 0.4511278 0.4511278 0.4661654 0.4661654 0.4586466 0.443609 0.4586466
0.5826772 0.5748031 0.5748031 0.5748031 0.5669291 0.5669291 0.5669291 0.5590551 0.5590551 0.5511811 0.5511811
0.2362205 0.2598425 0.2440945 0.2204724 0.2677165 0.2677165 0.2283465 0.2992126 0.3307087 0.3228346 0.3149606
0.1037037 0.1037037 0.1259259 0.1333333 0.1333333 0.1333333 0.1555556 0.1259259 0.1111111 0.1185185 0.1037037
0.4748201 0.4604317 0.4532374 0.4244604 0.4388489 0.4316547 0.4460432 0.4244604 0.4388489 0.4748201 0.4676259
0.6240602 0.6015038 0.631579 0.6015038 0.593985 0.5789474 0.5864662 0.6240602 0.6240602 0.6390977 0.5714286
0.4892086 0.4820144 0.4676259 0.4460432 0.4460432 0.4604317 0.4604317 0.4388489 0.4388489 0.4316547 0.4604317
0.3 0.3642857 0.3071429 0.3214286 0.25 0.3285714 0.3071429 0.3357143 0.3357143 0.3428571 0.3428571
0.6962963 0.6962963 0.6962963 0.6962963 0.6814815 0.6888889 0.7037037 0.7185185 0.7185185 0.7037037 0.6148148
0.6842105 0.7067669 0.6842105 0.6917293 0.6616541 0.6616541 0.6616541 0.6992481 0.6917293 0.6917293 0.6015038
0.3071429 0.3428571 0.2571429 0.3285714 0.2571429 0.3428571 0.3071429 0.3142857 0.3 0.3071429 0.3071429
0.6842105 0.7067669 0.6842105 0.6917293 0.6616541 0.6616541 0.6616541 0.6992481 0.6917293 0.6917293 0.6015038
0.1079137 0.05755396 0.0647482 0.0647482 0.0647482 0.04316547 0.0647482 0.04316547 0.0647482 0.0647482 0.02158273
0.6740741 0.6666667 0.6814815 0.6740741 0.6518519 0.6518519 0.6518519 0.6740741 0.6814815 0.6814815 0.5925926
0.2805755 0.2589928 0.2158273 0.1870504 0.2517986 0.2446043 0.2805755 0.2733813 0.2805755 0.294964 0.2877698
0.511811 0.519685 0.5748031 0.5826772 0.5905512 0.5905512 0.5905512 0.5826772 0.5826772 0.5826772 0.5590551
0.5413534 0.5413534 0.556391 0.5338346 0.518797 0.5338346 0.5338346 0.5714286 0.5714286 0.5639098 0.593985
0.03007519 0.01503759 0.02255639 0.02255639 0.03007519 0.01503759 0.02255639 0.01503759 0.007518797 0.01503759 0.007518797
0.6962963 0.6962963 0.6962963 0.6962963 0.6814815 0.6888889 0.6814815 0.7185185 0.7185185 0.7037037 0.6148148
0.1134752 0.1276596 0.1205674 0.09929078 0.1205674 0.1063830 0.1063830 0.1134752 0.1205674 0.1063830 0.1134752
0.1278195 0.1428571 0.1654135 0.09022556 0.06766917 0.06766917 0.06766917 0.08270677 0.06766917 0.08270677 0.06766917
0.6962963 0.6962963 0.6962963 0.6962963 0.6814815 0.6888889 0.7037037 0.7185185 0.7185185 0.7037037 0.6148148
0.5683453 0.5755396 0.5395683 0.5539568 0.5539568 0.5611511 0.5611511 0.5467626 0.5395683 0.5395683 0.5467626
0.6740741 0.6666667 0.6814815 0.6740741 0.6518519 0.6518519 0.6518519 0.6740741 0.6814815 0.6814815 0.5925926
0.6740741 0.6666667 0.6814815 0.6740741 0.6518519 0.6518519 0.6518519 0.6740741 0.6814815 0.6814815 0.5925926
0.6962963 0.6962963 0.6962963 0.6962963 0.6814815 0.6888889 0.7037037 0.7185185 0.7185185 0.7037037 0.6148148
0.007194245 0 0 0.01438849 0.01438849 0.01438849 0.05035971 0.05755396 0.07913669 0.05755396 0.0647482
0.4892086 0.4820144 0.4676259 0.4460432 0.4460432 0.4604317 0.4604317 0.4388489 0.4388489 0.4316547 0.4604317
0.7226277 0.7080292 0.6788321 0.6861314 0.6715328 0.6788321 0.6934307 0.7080292 0.6934307 0.6788321 0.5985401
0.2408759 0.3357664 0.3649635 0.2919708 0.1897810 0.1386861 0.2554745 0.1970803 0.2043796 0.270073 0.2627737
0.6277372 0.6350365 0.6277372 0.6058394 0.5766423 0.5766423 0.5839416 0.6131387 0.6277372 0.6277372 0.5985401
0.08510638 0.2127660 0.2198582 0.2269504 0.2765957 0.2127660 0.2340426 0.1773050 0.1914894 0.1843972 0.1843972
0.4285714 0.443609 0.1879699 0.3007519 0.2857143 0.3759398 0.3984962 0.4210526 0.4736842 0.3834586 0.3458647
0.7226277 0.7080292 0.6788321 0.6861314 0.6715328 0.6788321 0.6934307 0.7080292 0.6934307 0.6788321 0.5985401
0.6614173 0.6614173 0.6535433 0.6220472 0.6220472 0.6220472 0.6220472 0.6535433 0.6614173 0.6614173 0.5748031
0.2481752 0.09489051 0.09489051 0.1094891 0.1094891 0.1094891 0.1532847 0.1021898 0.1167883 0.1094891 0.1021898
0.2589928 0.2733813 0.2805755 0.2302158 0.1870504 0.2302158 0.2517986 0.2733813 0.2446043 0.2230216 0.2446043
0.2255639 0.09022556 0.1127820 0.09774436 0.09774436 0.07518797 0.08270677 0.1353383 0.1353383 0.1203008 0.1052632
0.6546763 0.6834532 0.676259 0.6546763 0.647482 0.6546763 0.6546763 0.6906475 0.6906475 0.676259 0.589928
0.5839416 0.5766423 0.5547445 0.5036496 0.5474453 0.540146 0.5474453 0.5693431 0.5547445 0.5547445 0.5693431
0.637037 0.6666667 0.637037 0.6222222 0.6222222 0.6074074 0.6 0.637037 0.6666667 0.6666667 0.5925926
0.2857143 0.3834586 0.4285714 0.3759398 0.4360902 0.3834586 0.3533835 0.3383459 0.443609 0.4736842 0.4360902
0.7226277 0.7080292 0.6788321 0.6861314 0.6715328 0.6788321 0.6934307 0.7080292 0.6934307 0.6788321 0.5985401
0.618705 0.6258993 0.6258993 0.6402878 0.6402878 0.6402878 0.6402878 0.6258993 0.6258993 0.618705 0.5755396
0.1773050 0.09929078 0.09929078 0.1205674 0.07801418 0.1205674 0.1063830 0.1063830 0.06382979 0.09929078 0.07801418
0.3609023 0.1428571 0.1654135 0.1729323 0.1654135 0.1654135 0.1804511 0.1654135 0.1503759 0.1353383 0.1729323
0.6714286 0.6785714 0.6785714 0.6428571 0.65 0.65 0.6428571 0.6857143 0.6928571 0.6714286 0.5857143
0.1773050 0.2624113 0.3262411 0.2624113 0.2340426 0.2056738 0.1773050 0.2269504 0.1702128 0.1631206 0.1773050
0.6842105 0.7067669 0.6842105 0.6917293 0.6616541 0.6616541 0.6616541 0.6992481 0.6917293 0.6917293 0.6015038
0.3385827 0.3700787 0.4251969 0.3937008 0.3622047 0.3543307 0.3622047 0.2519685 0.2677165 0.2755906 0.2125984
0.6240602 0.631579 0.631579 0.6090226 0.6165414 0.6165414 0.6090226 0.6240602 0.6240602 0.6390977 0.5714286
0.07518797 0.06766917 0.09022556 0.09774436 0.09774436 0.06015038 0.06766917 0.07518797 0.06766917 0.06015038 0.06015038
0.6240602 0.631579 0.631579 0.6090226 0.6165414 0.6165414 0.6090226 0.6240602 0.6240602 0.6390977 0.5714286
0.2283465 0.2440945 0.2834646 0.2834646 0.2125984 0.2283465 0.2283465 0.2125984 0.2440945 0.2598425 0.2440945
0.6842105 0.7067669 0.6842105 0.6917293 0.6616541 0.6616541 0.6616541 0.6992481 0.6917293 0.6917293 0.6015038
0.519685 0.519685 0.5275591 0.5748031 0.5826772 0.5748031 0.5826772 0.5826772 0.5669291 0.5826772 0.5590551
0.03703704 0.02962963 0.01481481 0.02962963 0.02222222 0.007407407 0.04444444 0.03703704 0.01481481 0.03703704 0.04444444
0.1653543 0.1811024 0.1889764 0.1732283 0.1889764 0.2204724 0.1889764 0.2125984 0.2440945 0.2204724 0.2519685
0.3779528 0.3858268 0.3543307 0.4488189 0.4409449 0.4488189 0.4409449 0.4251969 0.4094488 0.4094488 0.4015748
0.6222222 0.6222222 0.6222222 0.6222222 0.6296296 0.6296296 0.6296296 0.6296296 0.6296296 0.6296296 0.6148148
0.4890511 0.2408759 0.2846715 0.2846715 0.4014599 0.3576642 0.3868613 0.4014599 0.3795620 0.3503650 0.3722628
0.6766917 0.6917293 0.6842105 0.6917293 0.6616541 0.6616541 0.6616541 0.6466165 0.6766917 0.6842105 0.6015038
0.6240602 0.631579 0.631579 0.6090226 0.6165414 0.6165414 0.6090226 0.6240602 0.6240602 0.6390977 0.5714286
0.6614173 0.7244094 0.6850394 0.6692913 0.6614173 0.6456693 0.6692913 0.6692913 0.6771654 0.6614173 0.5748031
0.08510638 0.2127660 0.2269504 0.2340426 0.2907801 0.2127660 0.2482270 0.1985816 0.2127660 0.1985816 0.1914894
0.6546763 0.6834532 0.676259 0.6546763 0.647482 0.6546763 0.6546763 0.6906475 0.6906475 0.676259 0.589928
0.6842105 0.7067669 0.6842105 0.6917293 0.6616541 0.6616541 0.6616541 0.6992481 0.6917293 0.6917293 0.6015038
0.6595745 0.6524823 0.6666667 0.6312057 0.6241135 0.6666667 0.6382979 0.6737589 0.680851 0.6879433 0.5744681
0 0.04444444 0.06666667 0.0962963 0.1037037 0.1111111 0.08148148 0.1037037 0.08148148 0.08888889 0.07407407
0.4388489 0.2517986 0.294964 0.4100719 0.4388489 0.3956835 0.4532374 0.4532374 0.4388489 0.352518 0.352518
0.1417323 0.1338583 0.1102362 0.09448819 0.1023622 0.1102362 0.1338583 0.1496063 0.1732283 0.1653543 0.1732283
0.1353383 0.2481203 0.3909774 0.4285714 0.3909774 0.2406015 0.1954887 0.1654135 0.1729323 0.1503759 0.1203008
0.6240602 0.631579 0.631579 0.6090226 0.6165414 0.6165414 0.6090226 0.6240602 0.6240602 0.6390977 0.5714286
0.6614173 0.7244094 0.6850394 0.6692913 0.6614173 0.6456693 0.6692913 0.6692913 0.6771654 0.6614173 0.5748031
0.07086614 0.02362205 0.01574803 0.01574803 0.03149606 0.1102362 0.06299213 0.1338583 0.08661417 0.08661417 0.08661417
0.5748031 0.5748031 0.5748031 0.5748031 0.5826772 0.5826772 0.5826772 0.5826772 0.5826772 0.5826772 0.5748031
0.4148148 0.4888889 0.5407407 0.5185185 0.4888889 0.5185185 0.5407407 0.5111111 0.5037037 0.4592593 0.4
0.6240602 0.631579 0.631579 0.6090226 0.6165414 0.6165414 0.6090226 0.6240602 0.6240602 0.6390977 0.5714286
0.05755396 0.1151079 0.1151079 0.1223022 0.1151079 0.1223022 0.1366906 0.1510791 0.1366906 0.1294964 0.1223022
0.1729323 0.2180451 0.2105263 0.1879699 0.2105263 0.2180451 0.2180451 0.2180451 0.2105263 0.2556391 0.2556391
0.5851852 0.5777778 0.5777778 0.562963 0.4222222 0.4444444 0.4222222 0.5481481 0.5481481 0.5481481 0.5333333
0.1729323 0.1503759 0.1954887 0.1203008 0.08270677 0.09022556 0.09022556 0.08270677 0.07518797 0.09022556 0.08270677
0.3597122 0.3597122 0.381295 0.3884892 0.4172662 0.4100719 0.4100719 0.3669065 0.3453237 0.3453237 0.3381295
0.2740741 0.2962963 0.3185185 0.3185185 0.3259259 0.3185185 0.3629630 0.4 0.3555556 0.2962963 0.2888889
0.01418440 0.02836879 0.02836879 0.02836879 0.03546099 0.02836879 0.02836879 0.03546099 0.03546099 0.02836879 0.02836879
0.1278195 0.1278195 0.1428571 0.07518797 0.06766917 0.07518797 0.07518797 0.08270677 0.06766917 0.08270677 0.07518797
0.649635 0.6350365 0.6569343 0.6861314 0.6715328 0.6788321 0.6934307 0.6788321 0.6569343 0.649635 0.5985401
0.1510791 0.1294964 0.1366906 0.1151079 0.1798561 0.1582734 0.09352518 0.1726619 0.1223022 0.1151079 0.1510791
0.2919708 0.3941606 0.4014599 0.3357664 0.2919708 0.2116788 0.270073 0.2992701 0.2846715 0.2919708 0.2846715
0.647482 0.6546763 0.6618705 0.6618705 0.6402878 0.6402878 0.6402878 0.6618705 0.6834532 0.6834532 0.5755396
0.3185185 0.3777778 0.4518519 0.4444444 0.4592593 0.4592593 0.5185185 0.4222222 0.4148148 0.4074074 0.4518519
0.6962963 0.6962963 0.6962963 0.6962963 0.6814815 0.6888889 0.7037037 0.7185185 0.7185185 0.7037037 0.6148148
0.5511811 0.5669291 0.5669291 0.5590551 0.5590551 0.5590551 0.5590551 0.5433071 0.5275591 0.5275591 0.5275591
0.4135338 0.4360902 0.3533835 0.3759398 0.3834586 0.4135338 0.3984962 0.4210526 0.4210526 0.3458647 0.3157895
0.6546763 0.6834532 0.676259 0.6546763 0.647482 0.6546763 0.6546763 0.6906475 0.6906475 0.676259 0.589928
0.6240602 0.631579 0.631579 0.6090226 0.6165414 0.6165414 0.6090226 0.6240602 0.6240602 0.6390977 0.5714286
0.6714286 0.6785714 0.6785714 0.6428571 0.65 0.65 0.6428571 0.6857143 0.6928571 0.6714286 0.5857143
