0.194 0.204 0.182 0.224 0.21 0.26 0.296 0.33 0.302 0.308 0.332
0.03 0.032 0.038 0.042 0.034 0.032 0.022 0.024 0.006 0.01 0
0.286 0.28 0.286 0.288 0.282 0.314 0.276 0.276 0.256 0.23 0.196
0.046 0.038 0.036 0.034 0.022 0.016 0.014 0.002 0.002 0.002 0.002
0.004 0.01 0.006 0.006 0.002 0.006 0 0.004 0 0 0
0.46 0.384 0.39 0.374 0.402 0.386 0.404 0.368 0.364 0.332 0.318
0.014 0.016 0.016 0.018 0.008 0.008 0.014 0.004 0.006 0 0
0.318 0.236 0.186 0.146 0.128 0.082 0.064 0.026 0.018 0.004 0.002
0.078 0.056 0.044 0.04 0.03 0.024 0.014 0.008 0.01 0.012 0
0.18 0.248 0.238 0.284 0.288 0.292 0.248 0.272 0.314 0.256 0.23
0.056 0.058 0.056 0.028 0.022 0.006 0 0.002 0.002 0 0
0.084 0.056 0.034 0.032 0.018 0.006 0 0.008 0 0 0
0.458 0.366 0.32 0.244 0.158 0.154 0.134 0.144 0.134 0.108 0.12
0.058 0.04 0.028 0.04 0.042 0.044 0.066 0.054 0.04 0.044 0.05
0.034 0.028 0.02 0.026 0.008 0.006 0.006 0.006 0.004 0.004 0
0.148 0.164 0.196 0.23 0.16 0.166 0.182 0.186 0.232 0.224 0.224
0.14 0.138 0.178 0.182 0.2 0.176 0.17 0.154 0.18 0.174 0.14
0.398 0.388 0.296 0.278 0.212 0.2 0.182 0.154 0.186 0.158 0.15
0.23 0.272 0.288 0.23 0.242 0.222 0.188 0.146 0.174 0.142 0.178
0.018 0.028 0.012 0.006 0.004 0.006 0.002 0.002 0 0 0
0.078 0.096 0.09 0.082 0.078 0.122 0.118 0.138 0.112 0.138 0.162
0.092 0.072 0.094 0.08 0.058 0.048 0.066 0.03 0.016 0.016 0.026
0.158 0.208 0.2 0.192 0.176 0.184 0.18 0.142 0.144 0.116 0.128
0.042 0.032 0.026 0.024 0.008 0.01 0.018 0 0.004 0 0
0.392 0.392 0.336 0.302 0.226 0.23 0.192 0.142 0.128 0.122 0.146
0.13 0.162 0.268 0.33 0.436 0.548 0.592 0.688 0.654 0.666 0.672
0.356 0.332 0.328 0.264 0.162 0.104 0.1 0.068 0.036 0.014 0.008
0.138 0.196 0.252 0.288 0.464 0.472 0.602 0.656 0.64 0.662 0.67
0.2 0.2 0.214 0.17 0.164 0.124 0.074 0.046 0.036 0.014 0.016
0.452 0.444 0.408 0.404 0.422 0.406 0.392 0.362 0.31 0.298 0.284
0.308 0.268 0.226 0.218 0.288 0.31 0.418 0.442 0.44 0.504 0.51
0.072 0.024 0.044 0.02 0.028 0.004 0.004 0 0.002 0 0
0.278 0.36 0.43 0.476 0.628 0.636 0.73 0.662 0.678 0.682 0.708
0.124 0.164 0.174 0.222 0.258 0.31 0.372 0.4 0.45 0.474 0.552
0.22 0.218 0.21 0.17 0.164 0.112 0.106 0.102 0.064 0.084 0.058
0.412 0.426 0.4 0.348 0.306 0.284 0.24 0.27 0.274 0.24 0.286
0.174 0.168 0.142 0.132 0.102 0.052 0.054 0.038 0.018 0.006 0.002
0.038 0.076 0.104 0.164 0.214 0.304 0.324 0.428 0.462 0.5 0.48
0.128 0.158 0.188 0.238 0.258 0.268 0.304 0.276 0.304 0.288 0.31
0.326 0.322 0.314 0.312 0.328 0.252 0.278 0.25 0.292 0.228 0.228
0.076 0.078 0.074 0.082 0.086 0.112 0.072 0.048 0.028 0.032 0.02
0.006 0.004 0.004 0.006 0.004 0.006 0.002 0.002 0 0 0
0.554 0.564 0.52 0.45 0.528 0.488 0.45 0.45 0.488 0.468 0.466
0.228 0.242 0.27 0.306 0.3 0.316 0.298 0.284 0.292 0.26 0.232
0.196 0.196 0.15 0.136 0.102 0.058 0.052 0.02 0.014 0.002 0.004
0.218 0.168 0.226 0.232 0.224 0.228 0.206 0.21 0.172 0.194 0.172
0.414 0.422 0.416 0.386 0.41 0.438 0.446 0.498 0.532 0.518 0.544
0.07 0.088 0.076 0.058 0.076 0.054 0.038 0.032 0.034 0.028 0.052
0.054 0.052 0.042 0.034 0.036 0.024 0.028 0.006 0.02 0.004 0.004
0.024 0.02 0.01 0.018 0.014 0.01 0 0.002 0 0 0.002
0.086 0.102 0.056 0.054 0.062 0.066 0.058 0.048 0.02 0.044 0.032
0.202 0.202 0.232 0.192 0.182 0.194 0.156 0.144 0.132 0.136 0.128
0.01 0.002 0 0.004 0 0 0.002 0 0 0 0
0.012 0.02 0.004 0.004 0.002 0.01 0.01 0.002 0.004 0.002 0
0.036 0.046 0.052 0.058 0.04 0.038 0.038 0.07 0.046 0.036 0.034
0.086 0.058 0.058 0.032 0.024 0.016 0.022 0.022 0.018 0.02 0.004
0.038 0.052 0.044 0.026 0.044 0.036 0.02 0.012 0.024 0.004 0.002
0.286 0.296 0.25 0.324 0.318 0.324 0.322 0.36 0.34 0.332 0.372
0.1 0.128 0.158 0.214 0.218 0.254 0.268 0.28 0.224 0.238 0.222
0.364 0.34 0.36 0.39 0.47 0.476 0.496 0.598 0.566 0.586 0.6
0.196 0.188 0.232 0.23 0.222 0.214 0.218 0.238 0.27 0.292 0.348
0.32 0.342 0.41 0.43 0.422 0.336 0.328 0.276 0.222 0.218 0.22
0.226 0.258 0.278 0.302 0.4 0.4 0.45 0.506 0.496 0.514 0.484
0.108 0.09 0.054 0.024 0.04 0.018 0.02 0.02 0.01 0.022 0.026
0.018 0.032 0.03 0.026 0.014 0.01 0.004 0.006 0.004 0 0.002
0.49 0.488 0.514 0.534 0.502 0.518 0.544 0.518 0.506 0.508 0.492
0.034 0.036 0.016 0.016 0.008 0.01 0.01 0 0.002 0 0
0.296 0.336 0.382 0.286 0.308 0.276 0.29 0.242 0.232 0.282 0.306
0.01 0.004 0.008 0.006 0.004 0.002 0.002 0 0 0 0
0.156 0.198 0.188 0.226 0.286 0.28 0.306 0.322 0.362 0.38 0.392
0.182 0.188 0.19 0.178 0.124 0.118 0.126 0.094 0.084 0.088 0.098
0.226 0.238 0.242 0.248 0.206 0.202 0.164 0.136 0.114 0.138 0.12
0.234 0.286 0.326 0.314 0.336 0.282 0.3 0.272 0.306 0.31 0.282
0.012 0.03 0.016 0.02 0.014 0.01 0.014 0.012 0.006 0.006 0.004
0.288 0.314 0.294 0.334 0.348 0.346 0.392 0.38 0.372 0.416 0.412
0.324 0.26 0.268 0.24 0.186 0.204 0.208 0.202 0.206 0.226 0.226
0.002 0.008 0.002 0.002 0.002 0.002 0 0.002 0 0 0
0.11 0.092 0.096 0.066 0.062 0.06 0.05 0.04 0.018 0.01 0.024
0.05 0.026 0.016 0.012 0.006 0.006 0 0.002 0 0 0
0.094 0.076 0.062 0.034 0.028 0.014 0.006 0.002 0 0 0
0.148 0.094 0.088 0.062 0.02 0.018 0.016 0.002 0.002 0 0
0.592 0.53 0.466 0.41 0.316 0.228 0.148 0.11 0.064 0.042 0.034
0.21 0.164 0.166 0.094 0.13 0.09 0.058 0.046 0.034 0.018 0.012
0.156 0.118 0.096 0.072 0.056 0.042 0.02 0.022 0.002 0.002 0
0.338 0.278 0.304 0.248 0.202 0.19 0.124 0.126 0.126 0.098 0.12
0.082 0.072 0.04 0.054 0.048 0.052 0.056 0.08 0.058 0.064 0.082
0.122 0.174 0.202 0.23 0.222 0.234 0.272 0.282 0.238 0.248 0.236
0.046 0.038 0.026 0.012 0.01 0.004 0 0.004 0.002 0 0.002
0.024 0.03 0.028 0.03 0.02 0.02 0.012 0.012 0.012 0.01 0.01
0.62 0.594 0.624 0.572 0.532 0.564 0.514 0.518 0.48 0.484 0.452
0.248 0.254 0.232 0.252 0.28 0.258 0.3 0.25 0.246 0.252 0.222
0.15 0.184 0.16 0.184 0.174 0.196 0.17 0.168 0.138 0.142 0.098
0.37 0.356 0.31 0.286 0.274 0.264 0.21 0.228 0.194 0.216 0.184
0.046 0.048 0.036 0.042 0.054 0.044 0.03 0.012 0.012 0.016 0.012
0.018 0.024 0.028 0.016 0.012 0.004 0.004 0.002 0 0 0
0.226 0.252 0.228 0.186 0.146 0.128 0.082 0.078 0.056 0.026 0.02
0.084 0.152 0.148 0.25 0.342 0.388 0.5 0.57 0.61 0.632 0.616
0.328 0.312 0.322 0.31 0.234 0.212 0.196 0.128 0.112 0.098 0.106
0.018 0.018 0.006 0.008 0.004 0.002 0.004 0.002 0 0.002 0
0.4 0.386 0.372 0.376 0.346 0.32 0.366 0.3 0.286 0.308 0.304
0.03 0.014 0.01 0.014 0.004 0.004 0 0 0 0 0
0.186 0.166 0.18 0.156 0.174 0.186 0.19 0.202 0.226 0.234 0.254
0.066 0.068 0.026 0.036 0.038 0.016 0.02 0.042 0.024 0.046 0.042
0.204 0.188 0.248 0.218 0.268 0.246 0.242 0.248 0.224 0.29 0.212
0.04 0.044 0.046 0.028 0.018 0.018 0.004 0.008 0 0 0
0.492 0.402 0.398 0.314 0.312 0.246 0.228 0.156 0.128 0.144 0.142
0.01 0.002 0.004 0 0 0.002 0 0 0 0 0
0.122 0.128 0.098 0.114 0.088 0.088 0.1 0.056 0.08 0.072 0.074
0.264 0.304 0.31 0.268 0.324 0.308 0.362 0.382 0.394 0.386 0.424
0.17 0.208 0.162 0.166 0.17 0.17 0.146 0.144 0.116 0.118 0.11
0.108 0.108 0.13 0.122 0.146 0.112 0.08 0.08 0.048 0.052 0.07
0.34 0.336 0.326 0.34 0.308 0.282 0.266 0.22 0.192 0.204 0.198
0.188 0.192 0.244 0.2 0.228 0.22 0.232 0.184 0.2 0.172 0.172
0.302 0.29 0.308 0.3 0.28 0.226 0.212 0.178 0.202 0.174 0.17
0.384 0.346 0.37 0.32 0.342 0.342 0.308 0.296 0.302 0.288 0.26
0.054 0.054 0.066 0.088 0.096 0.082 0.098 0.098 0.098 0.078 0.096
0.132 0.11 0.078 0.092 0.038 0.024 0.016 0.006 0.004 0.006 0
0.024 0.032 0.012 0.014 0.004 0.006 0.002 0.002 0.002 0.002 0.004
0.376 0.38 0.418 0.358 0.272 0.252 0.276 0.23 0.222 0.226 0.228
0.004 0.004 0.002 0.002 0.002 0 0 0 0 0 0
0.15 0.104 0.042 0.018 0.004 0.002 0 0 0 0 0
0.02 0.01 0.014 0.01 0.002 0.002 0 0 0 0 0
0.692 0.672 0.644 0.624 0.582 0.468 0.44 0.396 0.32 0.278 0.264
0.316 0.354 0.332 0.346 0.336 0.368 0.336 0.35 0.4 0.428 0.412
0.27 0.216 0.212 0.182 0.176 0.116 0.156 0.126 0.136 0.11 0.096
0.136 0.114 0.102 0.074 0.066 0.042 0.058 0.042 0.058 0.02 0.034
0.004 0.006 0.01 0.004 0.01 0.006 0.004 0.002 0 0 0
0.214 0.178 0.194 0.202 0.19 0.234 0.242 0.244 0.272 0.334 0.336
0.116 0.102 0.13 0.12 0.108 0.1 0.068 0.052 0.032 0.034 0.032
0.164 0.132 0.142 0.118 0.11 0.112 0.084 0.076 0.112 0.084 0.116
0.174 0.142 0.12 0.068 0.05 0.044 0.032 0.01 0.024 0.028 0.028
0.47 0.472 0.412 0.348 0.32 0.242 0.174 0.144 0.15 0.078 0.076
0.376 0.374 0.374 0.382 0.4 0.364 0.446 0.418 0.434 0.396 0.408
0.122 0.122 0.142 0.126 0.126 0.122 0.134 0.126 0.14 0.102 0.102
0.114 0.136 0.132 0.106 0.082 0.054 0.05 0.038 0.016 0.008 0.002
0.49 0.536 0.456 0.406 0.434 0.398 0.368 0.328 0.296 0.26 0.212
0.254 0.222 0.34 0.362 0.418 0.47 0.532 0.54 0.588 0.558 0.534
0.078 0.116 0.096 0.102 0.122 0.09 0.09 0.066 0.05 0.034 0.038
0.424 0.412 0.438 0.418 0.38 0.408 0.39 0.39 0.362 0.326 0.384
0.06 0.048 0.06 0.05 0.038 0.038 0.036 0.028 0.04 0.03 0.042
0.514 0.46 0.44 0.426 0.298 0.28 0.232 0.19 0.162 0.15 0.12
0.124 0.122 0.12 0.138 0.106 0.108 0.094 0.064 0.056 0.072 0.036
0.11 0.118 0.11 0.092 0.056 0.032 0.028 0.022 0.016 0.01 0.016
0.01 0.018 0.008 0.008 0.008 0.01 0.002 0 0.002 0.002 0
0.298 0.296 0.368 0.392 0.412 0.404 0.442 0.498 0.46 0.494 0.446
0.066 0.042 0.024 0.016 0.02 0.004 0.004 0 0.002 0 0
0.124 0.142 0.114 0.124 0.104 0.064 0.048 0.034 0.018 0.01 0.012
0.112 0.112 0.14 0.178 0.242 0.27 0.34 0.332 0.38 0.338 0.366
0.072 0.054 0.032 0.014 0.01 0.01 0.008 0.002 0 0.002 0
0.028 0.022 0.004 0.006 0.002 0 0 0 0 0 0
0.064 0.052 0.036 0.02 0.022 0.012 0.008 0.016 0.004 0 0.01
