0.316 0.274 0.21 0.286 0.274 0.358 0.362 0.428 0.43 0.448 0.436
0.01 0.012 0 0.006 0.006 0.006 0.002 0.006 0 0.002 0.004
0.242 0.262 0.232 0.26 0.234 0.228 0.224 0.19 0.176 0.146 0.13
0.036 0.03 0.024 0.016 0.02 0.012 0.014 0.012 0.006 0 0.004
0.022 0.018 0.012 0.006 0.006 0.006 0 0 0 0 0
0.488 0.384 0.426 0.386 0.376 0.368 0.41 0.394 0.384 0.384 0.372
0.012 0.024 0.016 0.028 0.016 0.018 0.014 0.008 0.002 0 0.002
0.356 0.234 0.196 0.12 0.082 0.058 0.044 0.03 0.006 0.004 0.002
0.112 0.09 0.068 0.062 0.054 0.026 0.014 0.014 0.004 0.006 0.006
0.184 0.216 0.194 0.204 0.184 0.174 0.172 0.13 0.142 0.11 0.124
0.026 0.022 0.014 0.014 0.006 0 0.004 0 0 0 0
0.078 0.046 0.068 0.04 0.038 0.012 0.006 0 0 0 0
0.432 0.356 0.272 0.244 0.174 0.108 0.124 0.102 0.104 0.098 0.094
0.052 0.042 0.034 0.028 0.028 0.03 0.014 0.012 0.004 0.03 0.022
0.048 0.056 0.04 0.034 0.026 0.028 0.004 0.02 0.006 0.006 0.01
0.204 0.218 0.176 0.21 0.198 0.218 0.182 0.19 0.188 0.216 0.214
0.192 0.2 0.208 0.148 0.192 0.188 0.2 0.176 0.194 0.224 0.172
0.468 0.402 0.332 0.322 0.28 0.28 0.252 0.224 0.282 0.214 0.22
0.234 0.264 0.222 0.258 0.24 0.26 0.218 0.164 0.168 0.152 0.106
0.016 0.022 0.014 0.002 0 0.004 0 0.01 0 0 0
0.048 0.058 0.048 0.062 0.072 0.094 0.104 0.116 0.148 0.178 0.184
0.14 0.134 0.154 0.156 0.15 0.122 0.14 0.114 0.062 0.06 0.048
0.1 0.13 0.17 0.174 0.176 0.18 0.134 0.152 0.14 0.128 0.096
0.026 0.024 0.028 0.014 0.012 0.008 0.002 0.002 0.002 0.002 0
0.562 0.44 0.46 0.37 0.304 0.268 0.212 0.174 0.158 0.152 0.196
0.174 0.262 0.26 0.37 0.438 0.54 0.618 0.584 0.628 0.638 0.662
0.332 0.29 0.308 0.268 0.206 0.15 0.094 0.072 0.042 0.014 0.024
0.098 0.134 0.21 0.284 0.384 0.458 0.572 0.634 0.71 0.724 0.72
0.182 0.202 0.162 0.182 0.098 0.094 0.06 0.036 0.04 0.026 0.022
0.41 0.388 0.38 0.406 0.38 0.35 0.378 0.32 0.362 0.282 0.268
0.288 0.242 0.22 0.254 0.266 0.294 0.438 0.438 0.496 0.568 0.572
0.082 0.076 0.04 0.03 0.018 0.024 0.006 0.006 0 0 0
0.356 0.466 0.452 0.592 0.576 0.65 0.662 0.638 0.642 0.64 0.608
0.192 0.218 0.224 0.266 0.306 0.32 0.338 0.408 0.46 0.434 0.422
0.208 0.29 0.284 0.272 0.178 0.172 0.136 0.088 0.084 0.072 0.068
0.504 0.45 0.428 0.382 0.304 0.318 0.25 0.272 0.23 0.276 0.312
0.208 0.13 0.128 0.082 0.068 0.05 0.032 0.028 0.006 0.006 0.002
0.084 0.102 0.17 0.236 0.292 0.316 0.344 0.424 0.46 0.524 0.494
0.246 0.294 0.288 0.346 0.348 0.392 0.372 0.374 0.366 0.358 0.322
0.214 0.228 0.226 0.25 0.268 0.306 0.302 0.298 0.27 0.294 0.306
0.072 0.07 0.07 0.062 0.054 0.058 0.042 0.024 0.048 0.014 0.024
0.008 0.002 0.002 0.01 0 0.004 0.004 0 0 0 0
0.454 0.452 0.472 0.494 0.456 0.458 0.476 0.46 0.482 0.402 0.452
0.17 0.194 0.21 0.188 0.212 0.198 0.216 0.248 0.228 0.234 0.246
0.226 0.226 0.174 0.124 0.102 0.042 0.028 0.008 0.002 0.006 0.006
0.192 0.184 0.258 0.196 0.198 0.178 0.164 0.156 0.148 0.118 0.11
0.478 0.446 0.404 0.412 0.44 0.396 0.478 0.506 0.546 0.522 0.564
0.07 0.068 0.116 0.1 0.09 0.088 0.092 0.088 0.078 0.068 0.08
0.058 0.042 0.03 0.018 0.028 0.014 0.008 0.008 0.01 0.006 0.002
0.01 0 0.006 0.01 0.004 0.01 0.002 0 0.002 0 0
0.11 0.108 0.1 0.094 0.126 0.13 0.116 0.144 0.088 0.098 0.07
0.144 0.212 0.186 0.166 0.164 0.166 0.15 0.106 0.122 0.108 0.128
0.024 0.02 0.01 0.014 0 0.004 0 0 0 0 0
0.012 0.024 0.014 0.016 0.016 0.01 0.01 0.002 0 0 0
0.14 0.118 0.112 0.148 0.086 0.088 0.088 0.07 0.048 0.032 0.04
0.106 0.116 0.068 0.062 0.04 0.038 0.018 0.026 0.018 0.026 0.024
0.07 0.034 0.058 0.06 0.054 0.062 0.026 0.022 0.03 0.028 0.02
0.328 0.354 0.39 0.404 0.336 0.32 0.354 0.312 0.25 0.264 0.288
0.192 0.204 0.25 0.242 0.32 0.31 0.282 0.294 0.298 0.23 0.26
0.59 0.598 0.552 0.51 0.492 0.512 0.5 0.492 0.566 0.598 0.546
0.134 0.14 0.166 0.146 0.146 0.162 0.138 0.216 0.268 0.314 0.286
0.242 0.316 0.326 0.344 0.318 0.284 0.244 0.21 0.188 0.146 0.134
0.232 0.264 0.292 0.322 0.378 0.372 0.442 0.436 0.452 0.472 0.462
0.024 0.034 0.014 0.02 0.01 0.008 0.002 0.002 0.002 0 0
0.028 0.02 0.02 0.012 0.002 0.014 0.006 0.002 0 0.002 0.002
0.37 0.384 0.396 0.422 0.406 0.45 0.434 0.388 0.474 0.354 0.41
0.024 0.026 0.018 0.012 0.012 0.008 0.002 0.006 0 0 0
0.354 0.39 0.372 0.382 0.368 0.336 0.318 0.28 0.324 0.316 0.334
0.016 0.012 0.006 0.008 0.006 0 0.004 0 0 0 0
0.144 0.174 0.164 0.268 0.268 0.308 0.316 0.378 0.366 0.406 0.452
0.228 0.194 0.166 0.144 0.122 0.09 0.046 0.044 0.042 0.06 0.05
0.168 0.21 0.208 0.224 0.236 0.224 0.212 0.246 0.22 0.226 0.198
0.216 0.24 0.264 0.262 0.246 0.284 0.232 0.256 0.254 0.264 0.238
0.028 0.026 0.02 0.006 0.016 0.01 0.008 0.01 0.006 0.002 0.006
0.286 0.292 0.288 0.332 0.3 0.294 0.33 0.322 0.336 0.298 0.346
0.306 0.308 0.204 0.164 0.172 0.16 0.164 0.146 0.17 0.148 0.178
0.004 0.012 0 0 0.004 0.002 0.004 0 0 0 0
0.104 0.064 0.074 0.078 0.066 0.062 0.028 0.032 0.038 0.024 0.026
0.056 0.03 0.044 0.014 0.008 0.004 0 0 0 0 0
0.116 0.094 0.074 0.034 0.038 0.02 0.006 0.004 0.006 0 0
0.164 0.088 0.068 0.036 0.03 0.012 0.006 0.002 0 0 0
0.374 0.35 0.316 0.286 0.212 0.17 0.094 0.078 0.038 0.03 0.05
0.214 0.2 0.16 0.152 0.108 0.088 0.056 0.034 0.024 0.004 0.008
0.078 0.06 0.026 0.022 0.012 0.01 0.006 0 0 0 0
0.36 0.3 0.294 0.284 0.23 0.204 0.164 0.152 0.154 0.136 0.192
0.094 0.074 0.054 0.066 0.05 0.056 0.102 0.062 0.084 0.092 0.128
0.168 0.23 0.318 0.332 0.38 0.408 0.426 0.432 0.434 0.458 0.486
0.078 0.05 0.042 0.008 0.006 0.016 0 0 0 0 0
0.052 0.036 0.028 0.014 0.028 0.028 0.012 0.016 0.02 0.012 0.008
0.52 0.49 0.49 0.474 0.444 0.39 0.444 0.444 0.418 0.374 0.35
0.284 0.322 0.39 0.378 0.384 0.378 0.306 0.25 0.218 0.222 0.188
0.174 0.218 0.144 0.17 0.116 0.124 0.14 0.086 0.054 0.076 0.056
0.404 0.338 0.314 0.28 0.294 0.264 0.272 0.288 0.288 0.306 0.274
0.064 0.052 0.034 0.046 0.04 0.024 0.018 0.014 0.016 0.01 0.006
0.016 0.018 0.02 0.016 0 0 0.006 0.002 0 0 0
0.228 0.2 0.178 0.142 0.106 0.1 0.086 0.058 0.046 0.016 0.01
0.216 0.278 0.374 0.39 0.492 0.542 0.6 0.57 0.574 0.506 0.528
0.266 0.306 0.318 0.25 0.276 0.254 0.208 0.174 0.136 0.106 0.14
0.008 0.004 0.016 0.012 0.016 0.004 0.006 0.004 0.004 0 0
0.318 0.344 0.414 0.348 0.356 0.338 0.28 0.298 0.256 0.328 0.284
0.062 0.024 0.028 0.02 0.008 0.002 0 0 0 0 0
0.132 0.098 0.134 0.1 0.136 0.142 0.114 0.154 0.19 0.222 0.24
0.116 0.074 0.048 0.056 0.046 0.024 0.034 0.036 0.054 0.05 0.054
0.232 0.268 0.316 0.334 0.326 0.338 0.404 0.404 0.396 0.364 0.412
0.028 0.04 0.03 0.02 0.01 0.014 0.002 0.002 0.004 0 0
0.422 0.37 0.374 0.346 0.308 0.322 0.302 0.232 0.272 0.246 0.25
0.006 0.016 0.008 0.012 0.004 0.006 0 0 0 0 0
0.136 0.172 0.138 0.144 0.108 0.094 0.078 0.064 0.074 0.068 0.034
0.332 0.314 0.342 0.342 0.342 0.388 0.382 0.442 0.446 0.444 0.508
0.2 0.238 0.22 0.224 0.208 0.204 0.152 0.136 0.14 0.122 0.11
0.112 0.142 0.118 0.14 0.134 0.13 0.098 0.09 0.078 0.042 0.054
0.352 0.32 0.36 0.364 0.39 0.372 0.418 0.35 0.344 0.334 0.374
0.222 0.264 0.232 0.238 0.208 0.202 0.164 0.172 0.126 0.154 0.132
0.278 0.3 0.296 0.29 0.278 0.282 0.278 0.206 0.226 0.204 0.224
0.39 0.398 0.356 0.322 0.266 0.24 0.26 0.224 0.172 0.158 0.138
0.066 0.068 0.054 0.086 0.072 0.082 0.102 0.098 0.094 0.086 0.074
0.092 0.05 0.06 0.034 0.024 0.022 0.008 0.004 0 0 0.002
0.022 0.018 0.018 0.014 0.006 0.002 0 0.002 0 0 0
0.462 0.45 0.346 0.32 0.316 0.252 0.204 0.174 0.15 0.18 0.194
0 0.004 0 0 0 0 0 0 0 0.002 0
0.168 0.154 0.084 0.058 0.006 0.006 0.006 0 0 0 0
0.024 0.02 0.016 0.006 0.002 0 0 0 0 0 0
0.61 0.544 0.578 0.524 0.528 0.462 0.41 0.398 0.358 0.356 0.334
0.304 0.338 0.338 0.34 0.396 0.378 0.434 0.448 0.492 0.486 0.5
0.162 0.194 0.2 0.186 0.208 0.12 0.142 0.118 0.082 0.094 0.084
0.164 0.156 0.088 0.078 0.076 0.06 0.048 0.042 0.032 0.024 0.024
0.002 0.002 0.004 0 0 0 0 0.002 0 0 0
0.224 0.24 0.262 0.278 0.27 0.308 0.36 0.352 0.422 0.474 0.468
0.116 0.108 0.108 0.102 0.09 0.09 0.08 0.048 0.052 0.034 0.034
0.21 0.166 0.19 0.144 0.13 0.176 0.174 0.156 0.206 0.208 0.172
0.124 0.098 0.078 0.034 0.042 0.028 0.014 0.02 0.014 0.016 0.008
0.458 0.44 0.376 0.302 0.258 0.174 0.142 0.084 0.046 0.038 0.042
0.332 0.342 0.39 0.418 0.454 0.46 0.42 0.454 0.422 0.454 0.452
0.124 0.13 0.136 0.14 0.128 0.14 0.124 0.08 0.106 0.11 0.06
0.096 0.088 0.094 0.068 0.054 0.052 0.034 0.012 0.014 0.002 0.004
0.39 0.408 0.346 0.374 0.346 0.316 0.282 0.268 0.268 0.246 0.206
0.238 0.29 0.358 0.4 0.466 0.454 0.492 0.53 0.572 0.58 0.528
0.062 0.072 0.082 0.084 0.09 0.084 0.06 0.04 0.028 0.02 0.026
0.32 0.372 0.376 0.318 0.264 0.254 0.172 0.136 0.106 0.058 0.072
0.068 0.07 0.07 0.084 0.062 0.066 0.046 0.062 0.04 0.044 0.038
0.498 0.496 0.494 0.42 0.394 0.438 0.394 0.412 0.414 0.35 0.366
0.054 0.078 0.086 0.106 0.088 0.102 0.058 0.076 0.058 0.06 0.034
0.102 0.134 0.104 0.09 0.082 0.048 0.028 0.024 0.012 0.014 0.022
0.016 0.01 0.004 0.004 0.018 0.008 0.002 0 0.002 0 0.002
0.236 0.274 0.262 0.29 0.358 0.374 0.4 0.474 0.49 0.514 0.522
0.084 0.044 0.04 0.022 0.016 0.01 0.012 0.004 0 0 0
0.118 0.112 0.098 0.124 0.088 0.078 0.072 0.03 0.026 0.008 0.012
0.086 0.136 0.172 0.21 0.232 0.254 0.268 0.28 0.312 0.256 0.294
0.078 0.036 0.032 0.024 0.008 0.008 0.012 0.006 0.006 0 0.002
0.034 0.022 0.01 0.01 0 0 0 0 0.002 0 0
0.066 0.032 0.028 0.024 0.02 0.016 0.006 0.004 0.01 0.004 0
