0.352518 0.3884892 0.3381295 0.3597122 0.2374101 0.2661871 0.1870504 0.1007194 0.1654676 0.1007194 0.1510791
0.8357143 0.7857143 0.8285714 0.8 0.7642857 0.7214286 0.7071429 0.7785714 0.7071429 0.6428571 0.6857143
0.1782946 0.2945736 0.2170543 0.2170543 0.2403101 0.2713178 0.2790698 0.3333333 0.3333333 0.4263566 0.3953488
0.744186 0.7209302 0.744186 0.7209302 0.7906977 0.6821705 0.7054264 0.7286822 0.7364341 0.7596899 0.7209302
0.9375 0.9097222 0.8541667 0.9375 0.9444444 0.9027778 0.8541667 0.7847222 0.7569444 0.7291667 0.7152778
0.1641791 0.1119403 0.1791045 0.1492537 0.2164179 0.2164179 0.1641791 0.1567164 0.1492537 0.2164179 0.1865672
0.8705036 0.8633094 0.8992806 0.8776978 0.7697842 0.76259 0.7266187 0.7410072 0.7697842 0.7266187 0.705036
0.2868852 0.1803279 0.352459 0.4344262 0.4590164 0.557377 0.5737705 0.5491803 0.6147541 0.6065574 0.6803279
0.5074627 0.641791 0.6567164 0.641791 0.6119403 0.6567164 0.6641791 0.6492537 0.7089552 0.7164179 0.6716418
0.620438 0.6861314 0.6277372 0.5766423 0.5912409 0.5109489 0.4671533 0.4963504 0.5182482 0.4525547 0.4744526
0.8611111 0.8611111 0.8333333 0.9236111 0.9444444 0.8125 0.8541667 0.7847222 0.7569444 0.7291667 0.7152778
0.6788321 0.5547445 0.6058394 0.6788321 0.7883212 0.7226277 0.7810219 0.810219 0.7956204 0.7445255 0.7372263
0.2540984 0.2213115 0.3196721 0.3360656 0.3934426 0.4426230 0.4590164 0.4590164 0.4918033 0.4508197 0.5081967
0.810219 0.7956204 0.7956204 0.7883212 0.7372263 0.7226277 0.729927 0.7372263 0.649635 0.7445255 0.6569343
0.8360656 0.8360656 0.7295082 0.7540984 0.7213115 0.8770492 0.6721311 0.7704918 0.7459016 0.704918 0.6803279
0.4016393 0.4508197 0.4754098 0.4344262 0.4508197 0.4836066 0.5 0.4754098 0.4180328 0.4508197 0.3934426
0.5737705 0.5163934 0.5737705 0.5163934 0.5327869 0.4672131 0.5 0.4344262 0.3852459 0.3852459 0.4344262
0.2704918 0.2131148 0.3934426 0.4262295 0.4836066 0.4754098 0.5 0.4918033 0.5081967 0.5 0.5081967
0.3488372 0.3023256 0.2945736 0.2945736 0.3023256 0.3333333 0.3798450 0.3333333 0.3410853 0.2790698 0.3565891
0.9142857 0.9142857 0.9428571 0.9214286 0.9428571 0.8928571 0.8785714 0.8357143 0.7285714 0.7428571 0.7285714
0.6115108 0.6330935 0.5683453 0.5467626 0.5467626 0.4820144 0.4172662 0.4100719 0.3453237 0.3669065 0.3453237
0.641791 0.6343284 0.5970149 0.5223881 0.5298507 0.4925373 0.4925373 0.3955224 0.4179104 0.4477612 0.4626866
0.3065693 0.2773723 0.270073 0.2116788 0.2919708 0.270073 0.2992701 0.3211679 0.2846715 0.3430657 0.3211679
0.8059701 0.8134328 0.8283582 0.7835821 0.7313433 0.761194 0.7985075 0.6940299 0.7089552 0.7164179 0.6716418
0.2786885 0.3032787 0.3770492 0.3852459 0.3934426 0.4098361 0.4262295 0.3934426 0.4098361 0.4180328 0.3688525
0.3669065 0.4244604 0.3381295 0.1438849 0.0647482 0.02158273 0.02158273 0.01438849 0.02158273 0.02877698 0.01438849
0.2868217 0.2945736 0.2868217 0.2945736 0.3953488 0.4806202 0.5193798 0.5581395 0.5891473 0.620155 0.627907
0.4180328 0.4836066 0.3114754 0.2786885 0.1229508 0.04918033 0.008196721 0 0 0 0
0.4202899 0.4130435 0.4492754 0.4347826 0.5217391 0.5 0.5942029 0.5652174 0.615942 0.6014493 0.557971
0.05426357 0.1162791 0.1085271 0.0620155 0.1395349 0.1162791 0.1395349 0.1395349 0.1627907 0.1860465 0.1937984
0.2714286 0.2 0.3071429 0.3142857 0.2285714 0.1642857 0.08571429 0.07857143 0.04285714 0.05714286 0.02857143
0.8688525 0.8278689 0.8688525 0.7704918 0.7868852 0.7622951 0.7213115 0.7704918 0.7459016 0.704918 0.6803279
0.05109489 0.05839416 0 0 0 0 0 0 0.00729927 0 0.00729927
0.3884892 0.4172662 0.4172662 0.3453237 0.3165468 0.2158273 0.1510791 0.1366906 0.07194245 0.05755396 0.07194245
0.4028777 0.381295 0.381295 0.4028777 0.4676259 0.5251799 0.5251799 0.5467626 0.5179856 0.5467626 0.5395683
0.04347826 0.02173913 0.05797101 0.1159420 0.1231884 0.1884058 0.2318841 0.2391304 0.2246377 0.1884058 0.2028986
0.5474453 0.5912409 0.6350365 0.6715328 0.6788321 0.649635 0.7372263 0.6642336 0.7007299 0.7007299 0.7080292
0.6641791 0.6268657 0.6641791 0.5074627 0.4328358 0.3283582 0.2835821 0.1940299 0.1716418 0.1567164 0.1268657
0.4253731 0.4328358 0.3582090 0.380597 0.2537313 0.2164179 0.1641791 0.1119403 0.1492537 0.1343284 0.1119403
0.352459 0.3196721 0.3770492 0.352459 0.2786885 0.2622951 0.2459016 0.2459016 0.2377049 0.2540984 0.2786885
0.5620438 0.6131387 0.5912409 0.5766423 0.5474453 0.5255474 0.5474453 0.4890511 0.5328467 0.5766423 0.5693431
0.9784173 0.9928058 0.9064748 0.8920863 0.9208633 0.913669 0.8633094 0.8273381 0.8201439 0.7697842 0.7266187
0.09722222 0.07638889 0.05555556 0.1180556 0.1041667 0.1527778 0.1111111 0.1458333 0.1666667 0.1736111 0.1944444
0.4104478 0.4179104 0.4029851 0.2985075 0.2611940 0.2089552 0.2089552 0.2611940 0.1865672 0.2164179 0.2537313
0.2686567 0.3208955 0.4925373 0.5074627 0.5895522 0.5671642 0.6343284 0.6940299 0.7089552 0.7164179 0.6716418
0.3643411 0.4883721 0.3798450 0.3875969 0.3798450 0.4418605 0.4341085 0.372093 0.4031008 0.4496124 0.3875969
0.1739130 0.2028986 0.1376812 0.1739130 0.1666667 0.1521739 0.1086957 0.1014493 0.1014493 0.1086957 0.08695652
0.7131148 0.7213115 0.5737705 0.5901639 0.5819672 0.557377 0.5 0.4836066 0.4918033 0.4918033 0.4590164
0.7445255 0.7956204 0.7737226 0.7810219 0.6934307 0.7226277 0.8321168 0.7664234 0.7080292 0.7445255 0.7372263
0.8985507 0.9637681 0.9855072 0.9710145 0.9565217 0.9202899 0.8478261 0.8550725 0.7753623 0.7608696 0.7246377
0.6639344 0.647541 0.6065574 0.6229508 0.5901639 0.557377 0.5245902 0.5 0.5081967 0.4836066 0.5081967
0.4850746 0.4477612 0.4776119 0.4552239 0.4626866 0.3731343 0.4402985 0.3656716 0.3731343 0.3134328 0.2985075
0.942446 0.9928058 0.8992806 0.8920863 0.8776978 0.913669 0.8633094 0.8273381 0.8201439 0.7697842 0.7266187
0.9147287 0.8914729 0.8914729 0.9224806 0.9224806 0.8449612 0.7984496 0.744186 0.8217054 0.7596899 0.7209302
0.5597015 0.5895522 0.5373134 0.5373134 0.5447761 0.5820896 0.5149254 0.5074627 0.4701493 0.5149254 0.5223881
0.6639344 0.5655738 0.6065574 0.647541 0.6967213 0.647541 0.5901639 0.5737705 0.5737705 0.5737705 0.5819672
0.7868852 0.8032787 0.8114754 0.7540984 0.6967213 0.6885246 0.7131148 0.6065574 0.7459016 0.704918 0.6803279
0.2790698 0.2325581 0.2170543 0.2093023 0.1860465 0.1782946 0.1782946 0.1860465 0.1627907 0.1705426 0.2015504
0.4857143 0.5357143 0.4357143 0.3571429 0.3214286 0.3357143 0.2714286 0.2714286 0.25 0.3 0.3071429
0.1970803 0.1021898 0.1970803 0.1824818 0.08759124 0.1532847 0.1167883 0.1386861 0.1094891 0.06569343 0.06569343
0.4180328 0.4918033 0.4098361 0.4262295 0.352459 0.3196721 0.3196721 0.2377049 0.2377049 0.1557377 0.1885246
0.1007194 0.1438849 0.07913669 0.04316547 0.1007194 0.1654676 0.2158273 0.2733813 0.2877698 0.3669065 0.352518
0.3795620 0.3503650 0.3065693 0.3138686 0.1824818 0.1532847 0.08759124 0.1021898 0.1386861 0.1021898 0.1094891
0.6639344 0.5819672 0.6557377 0.7622951 0.7377049 0.704918 0.8114754 0.6721311 0.7459016 0.704918 0.6803279
0.8059701 0.8358209 0.8955224 0.8208955 0.8059701 0.8059701 0.7985075 0.6940299 0.7089552 0.7164179 0.6716418
0.03100775 0.04651163 0.01550388 0.03875969 0.03100775 0.05426357 0.03875969 0.05426357 0.06976744 0.1007752 0.1007752
0.883721 0.8527132 0.8527132 0.8139535 0.868217 0.9302326 0.8604651 0.8449612 0.8217054 0.7596899 0.7209302
0.2014388 0.2086331 0.1942446 0.1510791 0.294964 0.2446043 0.2661871 0.2374101 0.2661871 0.2589928 0.2158273
0.9635036 0.9635036 0.9343066 0.970803 0.9343066 0.9489051 0.919708 0.810219 0.7956204 0.7445255 0.7372263
0.4108527 0.503876 0.4263566 0.4186047 0.4031008 0.2790698 0.1937984 0.1627907 0.1472868 0.124031 0.1395349
0.4418605 0.3333333 0.3875969 0.4573643 0.4651163 0.4883721 0.4806202 0.5193798 0.4651163 0.4806202 0.4806202
0.3065693 0.2992701 0.3503650 0.3138686 0.3211679 0.3065693 0.1605839 0.2116788 0.2335766 0.2189781 0.2481752
0.2302158 0.294964 0.2589928 0.1510791 0.2014388 0.2158273 0.1798561 0.2014388 0.2374101 0.2877698 0.294964
0.9781022 0.9635036 0.9051095 0.9343066 0.890511 0.9489051 0.919708 0.810219 0.7956204 0.7445255 0.7372263
0.2152778 0.1458333 0.1388889 0.1111111 0.1041667 0.1111111 0.0625 0.04861111 0.08333333 0.1041667 0.07638889
0.3021583 0.2661871 0.3597122 0.3884892 0.4028777 0.381295 0.381295 0.3884892 0.4028777 0.3669065 0.3381295
0.9754098 0.9754098 0.9754098 0.9590164 0.9180328 0.8770492 0.8114754 0.7704918 0.7459016 0.704918 0.6803279
0.8114754 0.7213115 0.8606557 0.7622951 0.7540984 0.6885246 0.5983607 0.6393443 0.7459016 0.647541 0.6803279
0.8129496 0.8345324 0.8992806 0.8129496 0.8417266 0.8489209 0.8705036 0.8129496 0.7697842 0.7266187 0.705036
0.6976744 0.6589147 0.6821705 0.7674419 0.744186 0.7751938 0.7984496 0.8449612 0.8217054 0.7596899 0.7209302
0.7956204 0.8540146 0.7956204 0.8248175 0.8248175 0.8686131 0.8759124 0.8540146 0.7591241 0.7737226 0.7080292
0.1111111 0.1180556 0.125 0.1875 0.2986111 0.4027778 0.4513889 0.5138889 0.5208333 0.5416667 0.5902778
0.4233577 0.5036496 0.4890511 0.5328467 0.5985401 0.5766423 0.6350365 0.6277372 0.6423358 0.6934307 0.7372263
0.6569343 0.6350365 0.6934307 0.7226277 0.7591241 0.7153285 0.7445255 0.7664234 0.7956204 0.7445255 0.7372263
0.1803279 0.1393443 0.1393443 0.2295082 0.2786885 0.2622951 0.2786885 0.3196721 0.3032787 0.2786885 0.3114754
0.7410072 0.7985612 0.733813 0.6834532 0.647482 0.6258993 0.6043165 0.5467626 0.5035971 0.5179856 0.4892086
0.3649635 0.4817518 0.3722628 0.3284672 0.3868613 0.2408759 0.1897810 0.2116788 0.1751825 0.1751825 0.1897810
0.7835821 0.8283582 0.8358209 0.7835821 0.8059701 0.761194 0.7985075 0.6940299 0.7089552 0.7164179 0.6716418
0.8695652 0.8043478 0.7463768 0.8695652 0.731884 0.768116 0.8043478 0.6014493 0.6811594 0.6231884 0.6304348
0.05109489 0.05839416 0.05839416 0.04379562 0.1313869 0.2189781 0.2481752 0.270073 0.2116788 0.2481752 0.3211679
0.2015504 0.2325581 0.1395349 0.1937984 0.1860465 0.1860465 0.2325581 0.3023256 0.372093 0.4186047 0.4263566
0.5277778 0.5416667 0.5416667 0.5277778 0.4722222 0.5277778 0.5 0.5694444 0.5416667 0.5486111 0.5625
0.2403101 0.1937984 0.2403101 0.1937984 0.2945736 0.2790698 0.2558140 0.3333333 0.2868217 0.2558140 0.3255814
0.7786885 0.9016393 0.8360656 0.7213115 0.7540984 0.704918 0.6721311 0.6393443 0.7459016 0.704918 0.6803279
0.7213115 0.647541 0.7540984 0.7540984 0.7540984 0.704918 0.8114754 0.7704918 0.7459016 0.704918 0.6803279
0.3956835 0.4316547 0.4892086 0.4100719 0.4964029 0.5611511 0.5323741 0.5467626 0.589928 0.647482 0.618705
0.1147541 0.08196721 0.05737705 0.03278689 0.01639344 0.01639344 0.04918033 0.04918033 0.09016393 0.1147541 0.1475410
0.1782946 0.2248062 0.2015504 0.248062 0.2635659 0.3023256 0.3255814 0.2868217 0.3333333 0.3953488 0.3875969
0.9496403 0.9064748 0.913669 0.8920863 0.9064748 0.8489209 0.8705036 0.8129496 0.7697842 0.7266187 0.705036
0.2173913 0.1666667 0.0942029 0.1884058 0.08695652 0.2028986 0.1811594 0.2173913 0.2173913 0.2028986 0.2028986
0.9180328 0.9016393 0.9180328 0.795082 0.9180328 0.8770492 0.8114754 0.7704918 0.7459016 0.704918 0.6803279
0.5571429 0.5 0.4857143 0.5285714 0.4571429 0.45 0.4071429 0.3714286 0.2714286 0.2785714 0.2857143
0.6350365 0.5474453 0.6788321 0.6715328 0.6788321 0.7080292 0.6569343 0.6423358 0.6058394 0.5693431 0.5985401
0.1739130 0.1811594 0.07971014 0.1521739 0.1086957 0.1376812 0.0942029 0.1376812 0.0942029 0.1086957 0.06521739
0.8194444 0.7222222 0.7430556 0.7430556 0.7708333 0.8055556 0.8541667 0.7847222 0.7569444 0.7291667 0.7152778
0.1393443 0.1065574 0.1065574 0.1885246 0.1967213 0.2049180 0.2295082 0.2377049 0.2213115 0.2213115 0.2622951
0.970803 0.9562044 0.9270073 0.9562044 0.9124088 0.8686131 0.8759124 0.8540146 0.7591241 0.7737226 0.7080292
0.5693431 0.5620438 0.6058394 0.4963504 0.5985401 0.5912409 0.540146 0.4890511 0.459854 0.5328467 0.4671533
0.2086331 0.1798561 0.1726619 0.07194245 0.08633094 0.1151079 0.08633094 0.05755396 0.05035971 0.03597122 0.05755396
0.2686567 0.2611940 0.3432836 0.3432836 0.4104478 0.4552239 0.4701493 0.5074627 0.5 0.5298507 0.5746269
0.7785714 0.7142857 0.6714286 0.65 0.5714286 0.5714286 0.5428571 0.5785714 0.6 0.6357143 0.5714286
0.1167883 0.1313869 0.1240876 0.1167883 0.1313869 0.1678832 0.08759124 0.1532847 0.1313869 0.1386861 0.1678832
0.3478261 0.3768116 0.4057971 0.3188406 0.3623188 0.3768116 0.3695652 0.3985507 0.4492754 0.4565217 0.4492754
0.2230216 0.2230216 0.2877698 0.2086331 0.3021583 0.3309353 0.323741 0.3741007 0.3381295 0.3165468 0.3381295
0.04098361 0.04098361 0.04098361 0.1311475 0.2377049 0.2540984 0.3196721 0.2786885 0.3032787 0.2622951 0.3032787
0.6304348 0.6231884 0.6231884 0.673913 0.5869565 0.5507246 0.5362319 0.4855072 0.5434783 0.4782609 0.5434783
0.6928571 0.7285714 0.7071429 0.6857143 0.7214286 0.7285714 0.7857143 0.7857143 0.7285714 0.7428571 0.7285714
0.8283582 0.8283582 0.8432836 0.8208955 0.8283582 0.8059701 0.7985075 0.6940299 0.7089552 0.7164179 0.6716418
0.1294964 0.1007194 0.1654676 0.2446043 0.2086331 0.294964 0.3453237 0.3956835 0.3597122 0.3669065 0.2877698
0.9782609 0.9782609 0.9855072 0.9710145 0.9565217 0.9202899 0.8478261 0.8550725 0.7753623 0.7608696 0.7246377
0.6131387 0.5255474 0.6569343 0.729927 0.7956204 0.8686131 0.8759124 0.8540146 0.7591241 0.7737226 0.7080292
0.9635036 0.8686131 0.9051095 0.919708 0.9343066 0.9489051 0.919708 0.810219 0.7956204 0.7445255 0.7372263
0.01449275 0.01449275 0 0.007246377 0.02898551 0.03623188 0.07971014 0.1739130 0.2391304 0.2318841 0.3260870
0.4672131 0.4344262 0.4508197 0.3770492 0.2786885 0.2622951 0.2459016 0.2049180 0.2049180 0.1557377 0.1557377
0.4180328 0.3278689 0.4754098 0.4836066 0.4918033 0.4836066 0.5 0.5 0.5081967 0.557377 0.5245902
0.5683453 0.6043165 0.618705 0.647482 0.647482 0.76259 0.676259 0.6978417 0.6546763 0.618705 0.5971223
0.942446 0.9784173 0.9856115 0.8920863 0.9208633 0.913669 0.8633094 0.8273381 0.8201439 0.7697842 0.7266187
0.4087591 0.4014599 0.4452555 0.3722628 0.3722628 0.3284672 0.2189781 0.2116788 0.1824818 0.1240876 0.1386861
0.5428571 0.5785714 0.6214286 0.5571429 0.5214286 0.5571429 0.5714286 0.6 0.6 0.5571429 0.5785714
0.3913043 0.4057971 0.442029 0.4057971 0.4275362 0.4275362 0.3405797 0.3333333 0.3985507 0.3478261 0.4275362
0.4785714 0.4428571 0.4857143 0.5928571 0.5857143 0.7428571 0.65 0.6285714 0.6357143 0.6071429 0.5714286
0.1007194 0.1294964 0.1438849 0.1294964 0.3884892 0.4172662 0.4676259 0.5683453 0.5179856 0.589928 0.5827338
0.06716418 0.08955224 0.05223881 0.04477612 0.06716418 0.08208955 0.1268657 0.1716418 0.1268657 0.1492537 0.1268657
0.4202899 0.4782609 0.4782609 0.5 0.4492754 0.442029 0.4855072 0.4492754 0.4565217 0.442029 0.4637681
0.6803279 0.6147541 0.6147541 0.6229508 0.6393443 0.5901639 0.5983607 0.6393443 0.6721311 0.704918 0.6803279
0.05426357 0.09302326 0.124031 0.09302326 0.1782946 0.1705426 0.2248062 0.3178295 0.248062 0.2325581 0.3178295
0.2428571 0.3357143 0.2071429 0.1571429 0.08571429 0.05714286 0.04285714 0.02857143 0.05 0.05714286 0.03571429
0.6131387 0.5620438 0.6058394 0.5547445 0.5036496 0.540146 0.5182482 0.5328467 0.5547445 0.5474453 0.6277372
0.2071429 0.35 0.25 0.2714286 0.15 0.2142857 0.1714286 0.2142857 0.1357143 0.15 0.1428571
0.6356589 0.6124031 0.6046512 0.6744186 0.6434109 0.627907 0.5891473 0.5813953 0.5891473 0.5968992 0.5658915
0.02459016 0.008196721 0.05737705 0.06557377 0.1967213 0.1557377 0.2459016 0.2540984 0.2704918 0.2622951 0.2868852
0.6124031 0.6434109 0.5891473 0.5813953 0.5736434 0.5813953 0.5813953 0.5426357 0.5271318 0.4883721 0.503876
0.589928 0.5611511 0.5755396 0.647482 0.6258993 0.6690647 0.6546763 0.6402878 0.6258993 0.6546763 0.6402878
0.9147287 0.9844961 0.8992248 0.9612403 0.883721 0.9302326 0.8604651 0.8449612 0.8217054 0.7596899 0.7209302
0.2554745 0.2846715 0.2627737 0.1532847 0.1897810 0.1094891 0.05109489 0.0729927 0.06569343 0.08759124 0.08759124
0.7984496 0.8139535 0.8372093 0.8992248 0.868217 0.7751938 0.8604651 0.7906977 0.8217054 0.7596899 0.7209302
0.5223881 0.5746269 0.5298507 0.5074627 0.5223881 0.5 0.5074627 0.5820896 0.5746269 0.619403 0.6044776
0.5251799 0.5611511 0.5035971 0.4100719 0.3597122 0.352518 0.2805755 0.1942446 0.2014388 0.1366906 0.1870504
0.7518248 0.6861314 0.7737226 0.7737226 0.839416 0.8467153 0.7810219 0.810219 0.7956204 0.7445255 0.7372263
0.9534884 0.9612403 0.8992248 0.9612403 0.9224806 0.9302326 0.8604651 0.8449612 0.8217054 0.7596899 0.7209302
0.7313433 0.7686567 0.8059701 0.7313433 0.7238806 0.7089552 0.7985075 0.6940299 0.7089552 0.7164179 0.6716418
