0.8595041 0.785124
0.3888889 0.4047619
0.84 0.816
0.6666667 0.6585366
0.04201681 0.06722689
0.882353 0.8655462
0.4695652 0.4956522
0.1826087 0.1652174
0.6984127 0.6587302
0.6349206 0.8095238
0.2777778 0.2777778
0.3253968 0.3412698
0.6434783 0.7391304
0.6904762 0.6269841
0.16 0.16
0.2241379 0.2241379
0.484127 0.5714286
0.608 0.752
0.84 0.816
0.7768595 0.7024793
0.3793103 0.4051724
0.3043478 0.2782609
0.8017241 0.7586207
0.4434783 0.4869565
0 0
0.4956522 0.5826087
0.4201681 0.3277311
0.5378151 0.6386555
0.04347826 0.02608696
0.3515625 0.3046875
0.02380952 0.007936508
0.1982759 0.2068966
0.8595041 0.785124
0.768 0.68
0.6666667 0.7073171
0.1637931 0.1379310
0.2844828 0.2155172
0.04201681 0.05042017
0.8046875 0.7578125
0.84 0.816
0.3821138 0.3658537
0.5217391 0.4782609
0.4137931 0.4051724
0.8017241 0.6637931
0.2460317 0.1666667
0.6724138 0.7586207
0.703125 0.6875
0.1587302 0.1587302
0.8017241 0.7586207
0.8046875 0.7578125
0.8 0.7478261
0.2931034 0.3189655
0.744 0.816
0.09243697 0.08403361
0.056 0.064
0.3495935 0.3495935
0.5565217 0.4956522
0.0862069 0.09482759
0.176 0.136
0.8 0.7913043
0.4137931 0.3706897
0.488 0.544
0.882353 0.8655462
0.3304348 0.2782609
0.882353 0.8655462
0.6695652 0.7391304
0.3801653 0.3636364
0.4146341 0.4308943
0.336 0.304
0.8699187 0.8373984
0.1739130 0.1652174
0.2931034 0.2586207
0.864 0.872
0.7804878 0.8373984
0.8595041 0.785124
0.6904762 0.7142857
0.796748 0.8373984
0.4137931 0.362069
0.4609375 0.4296875
0.744 0.736
0.752 0.592
0.0909091 0.07438017
0.7130435 0.7478261
0.4453782 0.4621849
0.07142857 0.1031746
0.0862069 0.06034483
0.03968254 0.05555556
0.3821138 0.3495935
0.864 0.872
0.5913043 0.5826087
0.5853659 0.8373984
0.464 0.432
0.6363636 0.6446281
0.5042017 0.5546218
0.4958678 0.6942149
0.2231405 0.2231405
0.2561983 0.2809917
0.7619048 0.8333333
0.3888889 0.4603175
0.04347826 0.07826087
0.2561983 0.2479339
0.3529412 0.302521
0.2672414 0.25
0.2773109 0.2941176
0.601626 0.6097561
0.8046875 0.7578125
0.5294118 0.5882353
0.8650794 0.8333333
0.8650794 0.8333333
0.882353 0.8655462
0.4227642 0.4471545
0.216 0.176
0.07563025 0.07563025
0.882353 0.8655462
0.1746032 0.1349206
0.5454545 0.5867769
0.152 0.176
0.4347826 0.4782609
0.2578125 0.265625
0.1637931 0.1810345
0.5772358 0.4471545
0.12 0.104
0.8017241 0.7586207
0.09375 0.078125
0.5714286 0.6587302
0.7130435 0.7391304
0.864 0.872
0.1349206 0.1825397
0.8595041 0.785124
0.5913043 0.573913
0.2086957 0.2
0.8017241 0.7586207
0.0909091 0.07438017
0.8595041 0.785124
0.608 0.76
0.4537815 0.4621849
