0.768595 0.8347107
0.3644068 0.3813559
0.8571429 0.789916
0.6806723 0.7058824
0.048 0.056
0.872 0.816
0.5702479 0.5371901
0.3076923 0.3162393
0.6341463 0.6666667
0.76 0.816
0.2682927 0.2926829
0.4065041 0.3495935
0.7317073 0.6666667
0.7317073 0.6585366
0.1779661 0.2033898
0.1186441 0.1525424
0.4958678 0.4214876
0.6198347 0.7603306
0.8559322 0.7288136
0.5384615 0.5042735
0.4700855 0.5042735
0.3968254 0.3571429
0.7933884 0.8347107
0.515873 0.4444444
0.008547009 0
0.3636364 0.3966942
0.398374 0.3577236
0.6015625 0.578125
0.03252033 0.02439024
0.3636364 0.3057851
0.008403361 0.008403361
0.1848739 0.1596639
0.6942149 0.8347107
0.6666667 0.515873
0.5299145 0.6666667
0.06722689 0.07563025
0.2372881 0.2033898
0.008547009 0
0.6260163 0.6585366
0.6837607 0.7948718
0.3931624 0.3333333
0.6033058 0.6115702
0.5702479 0.5619835
0.8373984 0.796748
0.1507937 0.1269841
0.8205128 0.7948718
0.6666667 0.7698413
0.2066116 0.1900826
0.8571429 0.789916
0.8559322 0.779661
0.6837607 0.7948718
0.3931624 0.4529915
0.8559322 0.779661
0.2421875 0.1875
0.02542373 0.03389831
0.2890625 0.2265625
0.7301587 0.5793651
0.1623932 0.1709402
0.1818182 0.1818182
0.8205128 0.7948718
0.6186441 0.5932203
0.515873 0.4365079
0.8559322 0.779661
0.2396694 0.2727273
0.8016529 0.7603306
0.4789916 0.4453782
0.2975207 0.3057851
0.4308943 0.4552846
0.3781513 0.4033613
0.7936508 0.7698413
0.2066116 0.1983471
0.4545455 0.4380165
0.8671875 0.8203125
0.8671875 0.71875
0.8373984 0.796748
0.7317073 0.6260163
0.8677686 0.8347107
0.4380165 0.4876033
0.4958678 0.3471074
0.6198347 0.677686
0.6528926 0.6280992
0.064 0.088
0.6890756 0.7058824
0.4365079 0.4523810
0.0546875 0.0859375
0.07627119 0.06779661
0.3162393 0.3675214
0.1825397 0.1984127
0.872 0.816
0.4765625 0.515625
0.5238095 0.6349206
0.3076923 0.3162393
0.7142857 0.6746032
0.440678 0.4576271
0.6016949 0.5932203
0.1880342 0.1709402
0.3781513 0.4033613
0.8571429 0.789916
0.3471074 0.2644628
0.096 0.112
0.3471074 0.3719008
0.376 0.28
0.3846154 0.3333333
0.338843 0.338843
0.688 0.552
0.7478992 0.697479
0.5555556 0.5238095
0.8174603 0.8095238
0.7936508 0.7698413
0.8571429 0.789916
0.2941176 0.3277311
0.1984127 0.1746032
0.1074380 0.1487603
0.8677686 0.8347107
0.2421875 0.2578125
0.5206612 0.4628099
0.2118644 0.279661
0.432 0.408
0.3333333 0.3162393
0.1666667 0.2222222
0.3966942 0.3966942
0.1694915 0.1694915
0.6779661 0.7288136
0.04958678 0.0661157
0.592 0.536
0.7460317 0.8095238
0.872 0.816
0.1825397 0.2380952
0.8559322 0.779661
0.7478992 0.789916
0.2436975 0.2016807
0.8174603 0.8095238
0.04201681 0.05042017
0.7008547 0.7948718
0.8559322 0.7288136
0.601626 0.4796748
