0.004 0.006
0.108 0.08
0.004 0.004
0.014 0.026
0.414 0.458
0 0
0.074 0.058
0.102 0.094
0.008 0.008
0 0.002
0.142 0.106
0.112 0.098
0.006 0.006
0.016 0.006
0.142 0.138
0.132 0.156
0.024 0.012
0.04 0.042
0.004 0.008
0.01 0.012
0.01 0.012
0.108 0.094
0.006 0.002
0.066 0.04
0.728 0.694
0.074 0.054
0.098 0.108
0.028 0.022
0.58 0.506
0.102 0.13
0.57 0.574
0.128 0.122
0.002 0
0.02 0.018
0.01 0.014
0.266 0.292
0.22 0.216
0.602 0.564
0.01 0.01
0.002 0.004
0.086 0.102
0.004 0.02
0.104 0.08
0.014 0.006
0.35 0.342
0.014 0.016
0.012 0.012
0.24 0.248
0 0
0 0.002
0.004 0.002
0.026 0.012
0.01 0.002
0.506 0.488
0.432 0.42
0.056 0.06
0.018 0.018
0.242 0.202
0.136 0.216
0 0.002
0.056 0.044
0.058 0.052
0.006 0.008
0.168 0.146
0 0
0.02 0.038
0.108 0.11
0.076 0.062
0.084 0.096
0 0.006
0.172 0.162
0.05 0.06
0 0.006
0 0
0.002 0
0.028 0.01
0 0
0.094 0.1
0.024 0.01
0.008 0
0.004 0.006
0.394 0.422
0.022 0.012
0.044 0.028
0.38 0.378
0.482 0.506
0.378 0.378
0.192 0.18
0.002 0
0.028 0.034
0.03 0.03
0.05 0.03
0.008 0.01
0.048 0.028
0.038 0.036
0.14 0.166
0.104 0.086
0.002 0.004
0.068 0.096
0.312 0.29
0.158 0.12
0.062 0.096
0.13 0.128
0.138 0.156
0.032 0.022
0.012 0.008
0.038 0.032
0 0
0 0
0 0
0.144 0.118
0.19 0.184
0.176 0.162
0.002 0
0.178 0.212
0.05 0.046
0.186 0.27
0.048 0.044
0.18 0.142
0.166 0.162
0.05 0.07
0.324 0.292
0 0.002
0.412 0.448
0.024 0.028
0.004 0.006
0.002 0
0.33 0.336
0 0
0.018 0.01
0.162 0.202
0.002 0
0.252 0.21
0.002 0.002
0.004 0.014
0.06 0.048
