0.8425197 0.8188976
0.3709677 0.4677419
0.7480315 0.8188976
0.8103448 0.5689655
0.03149606 0.02362205
0.8387097 0.8306452
0.4224138 0.4655172
0.4545455 0.4380165
0.8099174 0.7768595
0.9090909 0.8099174
0.2845528 0.300813
0.2992126 0.4015748
0.8387097 0.6612903
0.6198347 0.5950413
0.1869919 0.1788618
0.1666667 0.1825397
0.5258621 0.5517241
0.7155172 0.6896552
0.766129 0.6612903
0.6465517 0.6293103
0.4132231 0.5619835
0.1583333 0.1916667
0.8425197 0.8188976
0.4634146 0.4552846
0 0.01626016
0.3 0.3333333
0.2148760 0.1983471
0.5528455 0.5609756
0.02362205 0.02362205
0.3089431 0.3170732
0.02362205 0.02362205
0.1532258 0.1532258
0.8455285 0.804878
0.6504065 0.5609756
0.7916667 0.8166667
0.06034483 0.06896552
0.1707317 0.1869919
0.01724138 0.01724138
0.6984127 0.6666667
0.7768595 0.8347107
0.2809917 0.2809917
0.5333333 0.3833333
0.4833333 0.5666667
0.766129 0.6612903
0.1693548 0.1532258
0.5862069 0.4913793
0.6528926 0.7768595
0.1735537 0.1900826
0.7768595 0.8347107
0.9090909 0.8099174
0.8181818 0.7768595
0.2916667 0.3
0.7886179 0.8130081
0.02479339 0.02479339
0.05555556 0.04761905
0.675 0.5416667
0.7698413 0.7142857
0.1138211 0.1626016
0.0661157 0.0661157
0.8455285 0.804878
0.5609756 0.5934959
0.6422764 0.5609756
0.8103448 0.8362069
0.3140496 0.2809917
0.9090909 0.8099174
0.4032258 0.3951613
0.2672414 0.2327586
0.4390244 0.4146341
0.275 0.175
0.7886179 0.8130081
0.275 0.25
0.3902439 0.4308943
0.7642276 0.7804878
0.7479675 0.6422764
0.7886179 0.8130081
0.7479675 0.7804878
0.7916667 0.8166667
0.3089431 0.300813
0.4214876 0.3884298
0.7016129 0.733871
0.7480315 0.6614173
0.06034483 0.06896552
0.6260163 0.601626
0.5365854 0.5203252
0.06896552 0.0775862
0.01724138 0.01724138
0.02380952 0.03968254
0.1951220 0.2195122
0.9090909 0.8099174
0.6465517 0.6206897
0.612069 0.6034483
0.3709677 0.4112903
0.7768595 0.8347107
0.4365079 0.4920635
0.6942149 0.6942149
0.1333333 0.1083333
0.3305785 0.446281
0.8103448 0.8362069
0.5365854 0.6178862
0.0967742 0.0967742
0.2844828 0.387931
0.4032258 0.2741935
0.2682927 0.2926829
0.2439024 0.300813
0.6942149 0.6528926
0.7317073 0.7642276
0.4796748 0.4552846
0.7768595 0.8347107
0.8103448 0.8362069
0.7916667 0.8166667
0.300813 0.3170732
0.1735537 0.1487603
0.275 0.2666667
0.8103448 0.8362069
0.1138211 0.1219512
0.3700787 0.4566929
0.2460317 0.3333333
0.4793388 0.553719
0.4583333 0.5666667
0.300813 0.2520325
0.495935 0.3658537
0.06666667 0.1083333
0.7024793 0.7768595
0.07317073 0.07317073
0.6942149 0.6694215
0.9090909 0.8099174
0.8455285 0.804878
0.1951220 0.2032520
0.8571429 0.8571429
0.7063492 0.8571429
0.2231405 0.2066116
0.8571429 0.8571429
0.05691057 0.06504065
0.8455285 0.804878
0.724138 0.6034483
0.4416667 0.3583333
