0.8135593 0.8305085
0.3 0.3916667
0.7258065 0.7741935
0.5762712 0.6694915
0.025 0.03333333
0.7355372 0.6694215
0.4661017 0.5169492
0.3140496 0.338843
0.7560976 0.6178862
0.7355372 0.6694215
0.1916667 0.275
0.3571429 0.3809524
0.6363636 0.661157
0.6451613 0.6693548
0.1610169 0.1440678
0.2118644 0.2542373
0.5932203 0.6101695
0.6209677 0.7741935
0.5853659 0.6747967
0.6446281 0.6446281
0.6692308 0.6846154
0.338843 0.3057851
0.8512397 0.8264463
0.338843 0.2644628
0 0.01587302
0.3414634 0.398374
0.3902439 0.3739837
0.5371901 0.553719
0.0661157 0.0661157
0.2809917 0.3223140
0.05691057 0.06504065
0.1382114 0.1382114
0.733871 0.6693548
0.6694215 0.5619835
0.7398374 0.6747967
0.0894309 0.0894309
0.1382114 0.1788618
0.008474576 0.01694915
0.779661 0.8644068
0.7398374 0.8292683
0.4308943 0.398374
0.6209677 0.5967742
0.483871 0.6048387
0.7355372 0.6694215
0.1382114 0.1219512
0.5 0.5
0.6209677 0.6370968
0.1610169 0.1949153
0.8512397 0.8264463
0.8292683 0.8292683
0.881356 0.8305085
0.3471074 0.4380165
0.7235772 0.8292683
0.07142857 0.07142857
0.05555556 0.03968254
0.4153846 0.3538462
0.5206612 0.553719
0.1428571 0.2142857
0.09917355 0.1074380
0.825 0.7833333
0.5833333 0.6083333
0.4322034 0.4576271
0.6846154 0.7692308
0.3813559 0.3305085
0.8728814 0.8644068
0.5847458 0.4491525
0.3166667 0.375
0.3495935 0.398374
0.4166667 0.3666667
0.825 0.725
0.2975207 0.2975207
0.6694215 0.5702479
0.8512397 0.8264463
0.7142857 0.8492063
0.881356 0.8305085
0.7033898 0.7881356
0.825 0.7833333
0.4152542 0.4322034
0.7355372 0.6694215
0.7520661 0.6859504
0.8307692 0.5846154
0.3801653 0.3801653
0.5079365 0.6825397
0.5123967 0.5619835
0.05555556 0.07936508
0.008474576 0
0.2148760 0.2561983
0.2276423 0.1869919
0.8728814 0.8644068
0.45 0.5
0.4661017 0.5084746
0.3414634 0.3739837
0.661017 0.720339
0.6942149 0.661157
0.5338983 0.6271186
0.2627119 0.2288136
0.3629032 0.4193548
0.779661 0.720339
0.4552846 0.4308943
0.1129032 0.1129032
0.3140496 0.3223140
0.3629032 0.2661290
0.3252033 0.2682927
0.3387097 0.2580645
0.7166667 0.6583333
0.7520661 0.8264463
0.4237288 0.4322034
0.825 0.7833333
0.8292683 0.8292683
0.8292683 0.8292683
0.3333333 0.2764228
0.1666667 0.15
0.1219512 0.1056911
0.7398374 0.796748
0.1735537 0.1322314
0.3650794 0.3888889
0.1416667 0.1583333
0.4166667 0.4083333
0.3813559 0.3644068
0.1864407 0.1864407
0.4769231 0.3769231
0.1129032 0.1451613
0.6694915 0.6694915
0.05084746 0.04237288
0.440678 0.4576271
0.825 0.7833333
0.881356 0.7372881
0.1525424 0.1610169
0.8536585 0.796748
0.5932203 0.559322
0.2711864 0.220339
0.8253968 0.8492063
0.07317073 0.05691057
0.8728814 0.8644068
0.6692308 0.6461538
0.7355372 0.6694215
