0.776 0.712
0.2956522 0.3826087
0.9032258 0.8467742
0.7142857 0.815126
0.0661157 0.05785124
0.9032258 0.8467742
0.573913 0.5304348
0.2066116 0.2231405
0.7258065 0.733871
0.7226891 0.815126
0.28 0.288
0.808 0.792
0.68 0.6
0.7109375 0.7109375
0.2 0.24
0.2066116 0.1983471
0.488 0.472
0.4869565 0.5304348
0.5391304 0.6173913
0.6484375 0.6640625
0.5478261 0.6173913
0.392 0.392
0.8067227 0.815126
0.6695652 0.5913043
0 0
0.4545455 0.5041322
0.256 0.28
0.605042 0.5378151
0.015625 0.0234375
0.2809917 0.3140496
0.03478261 0.01739130
0.1344538 0.1260504
0.8264463 0.7272727
0.736 0.744
0.7933884 0.7024793
0.0661157 0.05785124
0.1487603 0.1239669
0.01652893 0.008264463
0.84 0.712
0.75 0.8467742
0.5371901 0.4710744
0.6 0.6173913
0.512 0.712
0.7768595 0.8347107
0.1157025 0.1157025
0.5391304 0.5130435
0.6015625 0.6640625
0.192 0.176
0.8264463 0.8347107
0.856 0.824
0.728 0.824
0.544 0.456
0.856 0.824
0.04958678 0.05785124
0.02479339 0.02479339
0.4782609 0.3826087
0.6693548 0.6612903
0.08264463 0.1074380
0.176 0.208
0.8842975 0.8347107
0.553719 0.6446281
0.3471074 0.4380165
0.8842975 0.8347107
0.1932773 0.2521008
0.808 0.792
0.408 0.352
0.3478261 0.2260870
0.424 0.432
0.3471074 0.3553719
0.8842975 0.8016529
0.4033613 0.4369748
0.512 0.52
0.8842975 0.8347107
0.8067227 0.6218487
0.6086957 0.7217391
0.5714286 0.6218487
0.84 0.824
0.4793388 0.4214876
0.5630252 0.5462185
0.7768595 0.768595
0.8067227 0.815126
0.4789916 0.4117647
0.6695652 0.5913043
0.5041322 0.5041322
0.046875 0.1015625
0.05217391 0.05217391
0.04958678 0.05785124
0.4260870 0.2869565
0.9032258 0.8467742
0.5304348 0.4956522
0.456 0.488
0.4354839 0.4516129
0.5478261 0.7217391
0.578125 0.5546875
0.5714286 0.6218487
0.1478261 0.1739130
0.1932773 0.2100840
0.776 0.824
0.4260870 0.3826087
0.05785124 0.05785124
0.3305785 0.3553719
0.304 0.376
0.1157025 0.1157025
0.28 0.296
0.5483871 0.5887097
0.75 0.8467742
0.504 0.568
0.8067227 0.815126
0.8842975 0.8347107
0.8842975 0.8347107
0.3387097 0.3145161
0.1570248 0.1818182
0.1478261 0.1478261
0.8842975 0.8016529
0.4782609 0.4
0.4609375 0.59375
0.2 0.168
0.3884298 0.4710744
0.3629032 0.3225806
0.2809917 0.1983471
0.4758065 0.4596774
0.0661157 0.05785124
0.7109375 0.828125
0.04958678 0.05785124
0.808 0.792
0.712 0.664
0.744 0.744
0.192 0.16
0.8842975 0.8016529
0.6528926 0.7272727
0.192 0.2
0.7226891 0.815126
0.04958678 0.05785124
0.8842975 0.8347107
0.6528926 0.7107438
0.4297521 0.4710744
