0.8086957 0.8782609
0.4608696 0.4869565
0.9055118 0.7322835
0.8086957 0.7652174
0.056 0.048
0.7886179 0.7642276
0.4830508 0.5423729
0.3170732 0.2926829
0.704 0.712
0.9055118 0.7244094
0.2419355 0.2983871
0.3813559 0.3559322
0.8677686 0.6115702
0.6363636 0.6363636
0.1186441 0.1101695
0.1739130 0.1739130
0.6101695 0.5847458
0.7304348 0.7565217
0.7033898 0.6779661
0.5284553 0.4878049
0.512 0.544
0.336 0.352
0.7886179 0.7642276
0.483871 0.5322581
0.03305785 0.02479339
0.408 0.44
0.384 0.296
0.5327869 0.5491803
0.01694915 0.01694915
0.3565217 0.4434783
0.05217391 0.03478261
0.1626016 0.1626016
0.776 0.776
0.5284553 0.5121951
0.672 0.712
0.07438017 0.05785124
0.2118644 0.2288136
0.01612903 0.008064516
0.7886179 0.7642276
0.7419355 0.8145161
0.3145161 0.3064516
0.6521739 0.6086957
0.4 0.5043478
0.776 0.68
0.2177419 0.1693548
0.5669291 0.6062992
0.6311475 0.8032787
0.1217391 0.1304348
0.8145161 0.8064516
0.9130435 0.8782609
0.8688525 0.8032787
0.4878049 0.4715447
0.8145161 0.8064516
0.064 0.072
0.06086957 0.04347826
0.3304348 0.2869565
0.584 0.616
0.1370968 0.1290323
0.2419355 0.1935484
0.8145161 0.8064516
0.6016949 0.5254237
0.6528926 0.5123967
0.8086957 0.7652174
0.2540984 0.2868852
0.9130435 0.8782609
0.448 0.392
0.2741935 0.2822581
0.4645669 0.4251969
0.3553719 0.2809917
0.8086957 0.8782609
0.2540984 0.3278689
0.6086957 0.573913
0.8474576 0.8135593
0.776 0.776
0.8677686 0.8016529
0.7540984 0.6885246
0.9130435 0.8782609
0.3196721 0.4016393
0.424 0.392
0.776 0.696
0.7107438 0.7355372
0.1065574 0.09836066
0.6639344 0.6967213
0.5080645 0.5241935
0.104 0.112
0.07627119 0.06779661
0.05084746 0.04237288
0.1612903 0.1854839
0.9055118 0.8110236
0.5423729 0.6440678
0.5403226 0.5483871
0.3252033 0.3414634
0.6280992 0.6694215
0.4661017 0.5423729
0.6198347 0.5123967
0.2338710 0.1532258
0.3801653 0.4049587
0.7419355 0.8145161
0.2782609 0.3391304
0.1219512 0.1300813
0.2661290 0.2822581
0.464 0.432
0.2258065 0.2419355
0.2118644 0.2288136
0.5163934 0.5737705
0.7007874 0.7244094
0.4878049 0.4715447
0.8688525 0.8032787
0.9055118 0.8110236
0.8688525 0.8032787
0.3220339 0.4237288
0.2173913 0.1826087
0.104 0.096
0.8677686 0.8016529
0.1370968 0.1370968
0.6532258 0.7096774
0.2622951 0.3032787
0.352 0.368
0.3629032 0.3629032
0.2357724 0.2439024
0.4661017 0.4237288
0.1129032 0.1451613
0.7304348 0.7652174
0.07086614 0.07874016
0.64 0.568
0.8474576 0.7627119
0.9055118 0.8110236
0.1404959 0.1735537
0.8677686 0.8016529
0.648 0.712
0.1774194 0.1532258
0.8677686 0.8016529
0.1219512 0.1300813
0.856 0.816
0.779661 0.6779661
0.7540984 0.5081967
