0.008 0.004
0.056 0.042
0.004 0.006
0.006 0.008
0.472 0.468
0 0
0.046 0.032
0.102 0.11
0.008 0.008
0.002 0.008
0.172 0.122
0.098 0.086
0.002 0.018
0.018 0.016
0.28 0.294
0.184 0.182
0.022 0.022
0.014 0.012
0.012 0.012
0.018 0.026
0.034 0.022
0.088 0.09
0.004 0.002
0.042 0.022
0.526 0.56
0.064 0.054
0.09 0.12
0.032 0.028
0.596 0.598
0.078 0.054
0.406 0.414
0.244 0.23
0.004 0.004
0.02 0.022
0.012 0.01
0.398 0.476
0.174 0.158
0.602 0.588
0.004 0.002
0.002 0.004
0.108 0.114
0.018 0.026
0.066 0.04
0.002 0.008
0.214 0.228
0.032 0.022
0.02 0.002
0.252 0.24
0.002 0
0.004 0
0.004 0.002
0.03 0.028
0.002 0.004
0.442 0.43
0.392 0.41
0.094 0.116
0.022 0.012
0.29 0.304
0.172 0.218
0 0
0.026 0.038
0.016 0.03
0.008 0.008
0.15 0.118
0.002 0
0.05 0.062
0.134 0.148
0.062 0.058
0.102 0.144
0.01 0.004
0.146 0.108
0.024 0.028
0 0.002
0.004 0.004
0.004 0.002
0.01 0.01
0.002 0.002
0.118 0.076
0.06 0.068
0.002 0.006
0.01 0.01
0.354 0.348
0.016 0.006
0.04 0.038
0.356 0.34
0.378 0.382
0.432 0.45
0.228 0.228
0.004 0
0.032 0.016
0.03 0.032
0.096 0.08
0.02 0.012
0.06 0.032
0.022 0.03
0.176 0.26
0.082 0.082
0.002 0.004
0.112 0.094
0.318 0.31
0.12 0.122
0.046 0.062
0.18 0.176
0.174 0.162
0.038 0.022
0.012 0.008
0.03 0.032
0 0
0.002 0
0 0
0.124 0.068
0.166 0.172
0.354 0.348
0.002 0.004
0.286 0.298
0.016 0.01
0.138 0.114
0.086 0.08
0.088 0.084
0.17 0.156
0.06 0.066
0.308 0.274
0.014 0.01
0.414 0.4
0.016 0.018
0.002 0.006
0.002 0
0.248 0.204
0.002 0
0.016 0.01
0.214 0.27
0.002 0
0.35 0.338
0.004 0.002
0.01 0.014
0.01 0.03
