0.004 0.002
0.114 0.068
0.01 0.004
0.014 0.016
0.302 0.314
0 0
0.052 0.034
0.104 0.118
0.016 0.01
0.006 0.002
0.188 0.146
0.092 0.104
0.01 0.012
0.022 0.008
0.136 0.144
0.182 0.202
0.032 0.018
0.02 0.006
0.012 0.012
0.012 0.016
0.06 0.042
0.156 0.152
0 0.002
0.052 0.044
0.726 0.7
0.076 0.068
0.11 0.116
0.036 0.022
0.402 0.436
0.06 0.068
0.58 0.578
0.218 0.312
0.004 0.008
0.01 0.016
0.014 0.002
0.392 0.462
0.214 0.21
0.646 0.618
0.006 0.002
0.008 0.008
0.116 0.154
0.012 0.022
0.056 0.038
0.004 0.006
0.222 0.2
0.028 0.044
0.03 0.01
0.218 0.262
0 0
0.002 0
0.008 0.002
0.042 0.028
0.002 0.008
0.536 0.486
0.348 0.43
0.062 0.094
0.014 0.022
0.28 0.224
0.204 0.2
0.006 0.002
0.038 0.026
0.052 0.05
0.006 0
0.114 0.098
0 0.002
0.052 0.044
0.1 0.1
0.108 0.108
0.104 0.132
0.004 0
0.19 0.184
0.096 0.08
0.006 0
0.004 0.002
0 0
0.008 0.02
0.006 0.002
0.072 0.062
0.026 0.02
0.01 0.006
0.024 0.012
0.094 0.078
0.008 0.006
0.038 0.04
0.44 0.368
0.55 0.526
0.394 0.37
0.216 0.18
0 0
0.008 0
0.018 0.02
0.08 0.076
0.012 0.002
0.034 0.026
0.024 0.024
0.16 0.196
0.108 0.096
0.006 0.004
0.056 0.068
0.346 0.376
0.096 0.1
0.086 0.116
0.208 0.186
0.134 0.14
0.036 0.04
0.012 0.006
0.042 0.046
0.002 0
0.002 0.002
0.002 0
0.146 0.11
0.26 0.248
0.37 0.348
0.002 0.004
0.228 0.254
0.038 0.054
0.23 0.2
0.066 0.08
0.05 0.048
0.17 0.166
0.046 0.07
0.228 0.21
0.006 0
0.47 0.472
0.02 0.012
0.004 0
0 0.002
0.256 0.246
0.002 0.002
0.014 0.006
0.15 0.198
0 0
0.47 0.48
0 0.004
0.022 0.014
0.044 0.046
