0.8403361 0.7815126
0.2727273 0.2809917
0.8067227 0.8235294
0.7647059 0.697479
0.352 0.344
0.8067227 0.8235294
0.4661017 0.4491525
0.3548387 0.3387097
0.697479 0.697479
0.7966102 0.7288136
0.07438017 0.1157025
0.3361345 0.3529412
0.7619048 0.8095238
0.4453782 0.512605
0.3983051 0.3898305
0.1186441 0.1101695
0.5748031 0.6220472
0.7394958 0.7394958
0.6280992 0.5950413
0.5294118 0.5462185
0.5508475 0.5423729
0.302521 0.3697479
0.848 0.808
0.2777778 0.3333333
0.06349206 0.07936508
0.4957983 0.5882353
0.3140496 0.2561983
0.6694215 0.6280992
0 0.008403361
0.3779528 0.3543307
0.007874016 0.01574803
0.1854839 0.0967742
0.7874016 0.7480315
0.6859504 0.6198347
0.6111111 0.6428571
0.02521008 0.01680672
0.1157025 0.09917355
0.06349206 0.07936508
0.728 0.704
0.7647059 0.7226891
0.3361345 0.2773109
0.5669291 0.5590551
0.4453782 0.4537815
0.5806452 0.6370968
0.232 0.152
0.7874016 0.6692913
0.736 0.704
0.3613445 0.3529412
0.7966102 0.8220339
0.8095238 0.7698413
0.7647059 0.7815126
0.3613445 0.4117647
0.7647059 0.7226891
0.1008403 0.06722689
0.05645161 0.04032258
0.2100840 0.1260504
0.5714286 0.4621849
0.2184874 0.1680672
0.1779661 0.1355932
0.7419355 0.8306452
0.624 0.536
0.5798319 0.5294118
0.8253968 0.8095238
0.394958 0.4201681
0.8067227 0.8235294
0.5210084 0.4705882
0.1176471 0.1008403
0.472 0.488
0.2711864 0.2542373
0.7394958 0.7394958
0.1428571 0.1680672
0.4705882 0.5042017
0.7874016 0.7480315
0.8403361 0.697479
0.7966102 0.8220339
0.8403361 0.697479
0.8306452 0.8306452
0.3951613 0.3951613
0.4603175 0.3650794
0.5462185 0.5042017
0.7647059 0.7815126
0.1525424 0.1186441
0.6806723 0.7226891
0.5254237 0.4576271
0.05882353 0.06722689
0 0
0.04958678 0.0661157
0.1525424 0.1440678
0.848 0.808
0.6806723 0.605042
0.4491525 0.4576271
0.3571429 0.3650794
0.768595 0.661157
0.5079365 0.5396825
0.6554622 0.6638655
0.2148760 0.1652893
0.512605 0.487395
0.8306452 0.8306452
0.4745763 0.4576271
0.1404959 0.09917355
0.2689076 0.3193277
0.1525424 0.1440678
0.3305085 0.3813559
0.2777778 0.2777778
0.4566929 0.4173228
0.7619048 0.8095238
0.5210084 0.4705882
0.8067227 0.8235294
0.8403361 0.7815126
0.848 0.808
0.2231405 0.2561983
0.1525424 0.1186441
0.01612903 0.04032258
0.768595 0.7438017
0.2184874 0.1512605
0.4957983 0.512605
0.2288136 0.1949153
0.4603175 0.4365079
0.2598425 0.2519685
0.1269841 0.1587302
0.4957983 0.5210084
0.07258065 0.1290323
0.744 0.808
0.1735537 0.1157025
0.5322581 0.5080645
0.8095238 0.7063492
0.8095238 0.7698413
0.1129032 0.1290323
0.8095238 0.7698413
0.7619048 0.8095238
0.2396694 0.2148760
0.8253968 0.8095238
0.04 0.048
0.7647059 0.7226891
0.7647059 0.7226891
0.5952381 0.6507937
