0.004 0.002
0.06 0.048
0 0
0.022 0.022
0.222 0.2
0 0
0.044 0.038
0.082 0.086
0.022 0.01
0.018 0.006
0.364 0.342
0 0.006
0.006 0.008
0.026 0.018
0.038 0.022
0.158 0.128
0.022 0.008
0.008 0.006
0.032 0.02
0.01 0.026
0.018 0.026
0.102 0.084
0.016 0.002
0.108 0.07
0.248 0.222
0.034 0.03
0.154 0.172
0.01 0.004
0.488 0.49
0.136 0.12
0.588 0.552
0.17 0.208
0.004 0.002
0.018 0.022
0.01 0.002
0.516 0.48
0.172 0.15
0.348 0.34
0.014 0.01
0 0.004
0.142 0.166
0.022 0.024
0.076 0.078
0.01 0.03
0.158 0.216
0.016 0.01
0.02 0.002
0.146 0.152
0 0.002
0 0.002
0 0.006
0.064 0.052
0.004 0.004
0.42 0.456
0.442 0.456
0.07 0.094
0.054 0.038
0.246 0.264
0.182 0.21
0.006 0
0.026 0.014
0.01 0.012
0 0
0.07 0.05
0.002 0
0.044 0.048
0.14 0.212
0.098 0.054
0.194 0.186
0 0
0.194 0.178
0.054 0.044
0 0
0.004 0.012
0.006 0
0.004 0.006
0.004 0.002
0.114 0.082
0.076 0.048
0.038 0.022
0.012 0.02
0.232 0.222
0.018 0.012
0.038 0.034
0.354 0.336
0.642 0.62
0.488 0.472
0.274 0.278
0.002 0
0.042 0.038
0.02 0.022
0.098 0.056
0.014 0.002
0.038 0.032
0.012 0.024
0.12 0.134
0.038 0.016
0 0.002
0.046 0.028
0.282 0.268
0.11 0.11
0.262 0.312
0.15 0.134
0.146 0.138
0.076 0.072
0.006 0.008
0.112 0.094
0 0
0.002 0
0 0
0.142 0.152
0.254 0.292
0.494 0.502
0.004 0.002
0.298 0.304
0.02 0.018
0.502 0.452
0.092 0.056
0.118 0.096
0.06 0.056
0.038 0.04
0.334 0.302
0.002 0
0.346 0.316
0.012 0.028
0.008 0.004
0.006 0.006
0.29 0.224
0.002 0
0.006 0.004
0.164 0.198
0 0
0.44 0.432
0.004 0
0.002 0.008
0.03 0.034
