0.8 0.775
0.3629032 0.4112903
0.8442623 0.8278689
0.6355932 0.5847458
0.2622951 0.3032787
0.8 0.775
0.5819672 0.5819672
0.4590164 0.3606557
0.5327869 0.5819672
0.733871 0.7741935
0.128 0.208
0.3813559 0.3474576
0.7542373 0.720339
0.5 0.5
0.2704918 0.2704918
0.1967213 0.2377049
0.6639344 0.6885246
0.6355932 0.7372881
0.6557377 0.6311475
0.6864407 0.5847458
0.4836066 0.4508197
0.3360656 0.3688525
0.792 0.776
0.304 0.344
0.2131148 0.2704918
0.4745763 0.5084746
0.3196721 0.2704918
0.6557377 0.7622951
0.04098361 0.04918033
0.5 0.3934426
0.01694915 0.03389831
0.1639344 0.1475410
0.8 0.775
0.6771654 0.5433071
0.704918 0.8032787
0.025 0.025
0.104 0.104
0.1186441 0.09322034
0.7118644 0.8728814
0.8 0.775
0.3278689 0.2704918
0.7083333 0.5833333
0.392 0.376
0.6147541 0.6065574
0.1 0.1083333
0.7131148 0.6721311
0.608 0.648
0.1574803 0.1338583
0.8442623 0.8360656
0.7377049 0.7540984
0.852459 0.8032787
0.3937008 0.4330709
0.733871 0.7741935
0 0.008196721
0.1147541 0.08196721
0.2868852 0.2704918
0.6065574 0.5081967
0.2049180 0.2131148
0.2868852 0.2786885
0.8442623 0.7459016
0.5819672 0.5081967
0.5491803 0.5491803
0.8442623 0.8360656
0.3728814 0.4745763
0.8442623 0.8360656
0.4015748 0.3779528
0.2622951 0.2786885
0.4016393 0.4344262
0.1967213 0.1639344
0.8306452 0.7741935
0.1229508 0.1475410
0.5983607 0.4918033
0.8306452 0.7741935
0.8 0.775
0.8 0.775
0.733871 0.6854839
0.8196721 0.8196721
0.3333333 0.3833333
0.5583333 0.5916667
0.7016129 0.6854839
0.6721311 0.6885246
0.5166667 0.4833333
0.6147541 0.6803279
0.4830508 0.4830508
0.05084746 0.08474576
0 0
0.04 0.04
0.1653543 0.2283465
0.8 0.775
0.4508197 0.4344262
0.5655738 0.6393443
0.4426230 0.4754098
0.7704918 0.6393443
0.4836066 0.5655738
0.7016129 0.6129032
0.1639344 0.1639344
0.5409836 0.5655738
0.7377049 0.7540984
0.4409449 0.3779528
0.1355932 0.09322034
0.2786885 0.2868852
0.1854839 0.1451613
0.3064516 0.3548387
0.1557377 0.1885246
0.4508197 0.4672131
0.68 0.776
0.3474576 0.3898305
0.7795276 0.7874016
0.8442623 0.8360656
0.8442623 0.8278689
0.2540984 0.2459016
0.1186441 0.09322034
0.01694915 0.01694915
0.792 0.776
0.05833333 0.05833333
0.6612903 0.516129
0.04724409 0.06299213
0.4344262 0.4918033
0.2377049 0.2950820
0.2131148 0.2704918
0.3898305 0.4576271
0.05737705 0.08196721
0.8196721 0.8196721
0.064 0.064
0.6048387 0.6854839
0.8 0.775
0.8442623 0.8360656
0.1475410 0.1639344
0.8 0.775
0.7795276 0.7874016
0.184 0.176
0.8196721 0.8196721
0.04237288 0.04237288
0.852459 0.8032787
0.7622951 0.7459016
0.5245902 0.5081967
