0.002 0.002
0.172 0.136
0 0
0.012 0.01
0.138 0.174
0 0
0.044 0.036
0.094 0.094
0.006 0.006
0.014 0.008
0.242 0.23
0.004 0.002
0 0.002
0.024 0.032
0.076 0.068
0.156 0.158
0.016 0.02
0.024 0.014
0.01 0.028
0.026 0.028
0.04 0.02
0.122 0.084
0 0
0.114 0.088
0.252 0.254
0.082 0.062
0.14 0.15
0.006 0
0.37 0.376
0.02 0.016
0.626 0.636
0.252 0.258
0.006 0.006
0.008 0.01
0.006 0.012
0.508 0.552
0.24 0.202
0.288 0.314
0.018 0.004
0.016 0.002
0.158 0.166
0.014 0.038
0.024 0.038
0.004 0.008
0.268 0.278
0 0.012
0.014 0.01
0.196 0.222
0 0.002
0 0
0 0
0.05 0.038
0.002 0
0.518 0.536
0.416 0.418
0.162 0.16
0.036 0.042
0.208 0.198
0.224 0.218
0.002 0.006
0.052 0.034
0.02 0.02
0.002 0.002
0.05 0.04
0 0
0.078 0.076
0.164 0.174
0.08 0.084
0.16 0.138
0.006 0.004
0.202 0.148
0.064 0.066
0 0
0.004 0.006
0.006 0.002
0.008 0
0 0
0.068 0.044
0.008 0.006
0.032 0.012
0.014 0.012
0.248 0.234
0.018 0.004
0.026 0.048
0.338 0.328
0.626 0.626
0.446 0.424
0.218 0.206
0 0
0.048 0.032
0.016 0.016
0.108 0.086
0.006 0.012
0.03 0.022
0.02 0.014
0.138 0.122
0.024 0.016
0 0
0.004 0.006
0.234 0.236
0.122 0.098
0.044 0.034
0.084 0.082
0.198 0.2
0.054 0.052
0.004 0.004
0.082 0.086
0 0
0 0.002
0 0
0.138 0.132
0.248 0.262
0.368 0.36
0 0
0.348 0.356
0.016 0.012
0.478 0.438
0.086 0.06
0.162 0.154
0.22 0.184
0.084 0.08
0.334 0.316
0.006 0.002
0.342 0.36
0.036 0.022
0.01 0.004
0.004 0.004
0.286 0.29
0.004 0
0.01 0.006
0.154 0.204
0.002 0
0.42 0.452
0.004 0
0.002 0.002
0.03 0.036
