0.004 0
0.146 0.114
0.002 0.004
0.022 0.018
0.158 0.176
0 0.002
0.036 0.04
0.056 0.072
0.034 0.018
0.006 0.008
0.452 0.436
0.086 0.09
0.004 0
0.024 0.012
0.196 0.21
0.338 0.366
0.036 0.048
0.016 0.012
0.022 0.016
0.018 0.034
0.042 0.042
0.12 0.096
0 0.002
0.062 0.074
0.364 0.354
0.06 0.044
0.174 0.174
0.02 0.01
0.588 0.564
0.164 0.166
0.604 0.534
0.15 0.156
0 0
0.004 0.008
0.014 0.006
0.52 0.504
0.38 0.374
0.38 0.386
0.01 0.002
0.006 0.002
0.09 0.108
0.034 0.038
0.09 0.064
0.016 0.012
0.196 0.218
0.01 0.018
0.012 0.006
0.274 0.242
0 0
0 0.002
0.004 0.002
0.062 0.036
0.008 0.002
0.538 0.538
0.352 0.402
0.234 0.236
0.04 0.05
0.24 0.22
0.152 0.186
0 0.004
0.07 0.044
0.02 0.006
0.006 0.004
0.048 0.04
0.002 0
0.066 0.084
0.318 0.332
0.036 0.014
0.2 0.192
0.008 0.006
0.118 0.114
0.042 0.048
0 0
0.002 0.008
0 0.006
0.004 0.006
0.002 0.004
0.056 0.068
0.054 0.062
0.022 0.01
0.002 0.006
0.164 0.15
0.012 0.008
0.052 0.046
0.39 0.332
0.624 0.654
0.494 0.534
0.246 0.256
0 0
0.042 0.04
0.032 0.028
0.064 0.058
0.012 0.002
0.042 0.016
0.012 0.01
0.15 0.184
0.026 0.024
0 0.002
0.052 0.038
0.234 0.292
0.114 0.118
0.118 0.166
0.12 0.108
0.158 0.182
0.062 0.078
0.01 0.01
0.08 0.088
0 0
0 0
0 0
0.142 0.19
0.172 0.178
0.332 0.346
0 0
0.21 0.212
0.036 0.028
0.292 0.32
0.072 0.066
0.098 0.106
0.218 0.2
0.056 0.034
0.262 0.212
0.002 0.002
0.36 0.38
0.024 0.03
0.002 0.006
0.002 0.004
0.174 0.196
0 0
0.004 0.008
0.178 0.248
0 0
0.28 0.282
0.004 0.008
0.012 0.002
0.016 0.014
