0.768595 0.677686
0.3846154 0.4102564
0.8099174 0.8016529
0.64 0.632
0.3418803 0.3076923
0.8267717 0.7874016
0.584 0.64
0.376 0.408
0.64 0.688
0.792 0.776
0.096 0.104
0.784 0.64
0.704 0.696
0.5641026 0.6068376
0.3109244 0.3529412
0.125 0.1
0.6363636 0.5702479
0.6363636 0.7190083
0.7058824 0.6470588
0.6806723 0.5546218
0.4833333 0.4583333
0.3166667 0.2916667
0.768595 0.785124
0.3966942 0.3966942
0.06666667 0.06666667
0.4444444 0.5213675
0.338843 0.2892562
0.6446281 0.6942149
0.024 0.016
0.4201681 0.4117647
0.03305785 0.03305785
0.1889764 0.1968504
0.8319328 0.6470588
0.7008547 0.7264957
0.7008547 0.7094017
0.016 0.016
0.1735537 0.1322314
0.05833333 0.05833333
0.7322835 0.7874016
0.8290598 0.7863248
0.3333333 0.2916667
0.5702479 0.553719
0.448 0.488
0.7058824 0.5546218
0.256 0.256
0.68 0.736
0.704 0.696
0.2016129 0.2016129
0.808 0.784
0.7903226 0.8306452
0.825 0.7666667
0.416 0.424
0.768595 0.6942149
0.136 0.104
0.088 0.08
0.264 0.176
0.5950413 0.5702479
0.1404959 0.2066116
0.2338710 0.2258065
0.8099174 0.8016529
0.5867769 0.5950413
0.5897436 0.6068376
0.7903226 0.8306452
0.464 0.52
0.75 0.7666667
0.6942149 0.6942149
0.2857143 0.2941176
0.4700855 0.4615385
0.2755906 0.2362205
0.8290598 0.7863248
0.096 0.136
0.4710744 0.4132231
0.8267717 0.7874016
0.7058824 0.6302521
0.8099174 0.8016529
0.7520661 0.7190083
0.784 0.736
0.3781513 0.4117647
0.4333333 0.3916667
0.6859504 0.6528926
0.784 0.64
0.2051282 0.1709402
0.6806723 0.7394958
0.6134454 0.5378151
0.1023622 0.1023622
0 0
0.05785124 0.04132231
0.1111111 0.1111111
0.768595 0.785124
0.4758065 0.4758065
0.6837607 0.5726496
0.4117647 0.3781513
0.825 0.7666667
0.512 0.568
0.6299213 0.5905512
0.2903226 0.2741935
0.4833333 0.5
0.8099174 0.8016529
0.6370968 0.4758065
0.07692308 0.07692308
0.3277311 0.3529412
0.1157025 0.1074380
0.3277311 0.3781513
0.28 0.296
0.4710744 0.4049587
0.7024793 0.7190083
0.4032258 0.4677419
0.808 0.784
0.784 0.736
0.8319328 0.815126
0.264 0.296
0.1023622 0.09448819
0.08264463 0.09917355
0.8290598 0.7863248
0.2231405 0.2479339
0.6583333 0.6083333
0.06722689 0.05882353
0.4700855 0.4102564
0.3064516 0.2903226
0.2649573 0.2649573
0.5 0.5583333
0.064 0.08
0.825 0.7666667
0.12 0.096
0.6048387 0.4758065
0.8290598 0.7179487
0.7903226 0.8306452
0.08333333 0.09166667
0.792 0.776
0.8099174 0.8016529
0.256 0.176
0.825 0.7666667
0.02419355 0.02419355
0.8319328 0.815126
0.808 0.784
0.7008547 0.6068376
