0.006 0
0.1 0.066
0 0
0.002 0
0.116 0.116
0.002 0
0.06 0.03
0.058 0.076
0.012 0.008
0.006 0.004
0.348 0.324
0.082 0.076
0.004 0.006
0.02 0.008
0.154 0.114
0.24 0.248
0.016 0.03
0.006 0.01
0.014 0.03
0.02 0.014
0.03 0.032
0.162 0.12
0.004 0.002
0.112 0.102
0.25 0.27
0.082 0.034
0.3 0.256
0.016 0.018
0.508 0.544
0.112 0.104
0.49 0.516
0.08 0.084
0 0.004
0.022 0.004
0.016 0.01
0.504 0.52
0.286 0.254
0.282 0.256
0.01 0.002
0.008 0.006
0.136 0.166
0.04 0.038
0.054 0.066
0.026 0.018
0.208 0.224
0.028 0.014
0.016 0.002
0.218 0.222
0.002 0
0 0
0 0.004
0.046 0.028
0.004 0.008
0.544 0.554
0.168 0.174
0.066 0.078
0.024 0.04
0.258 0.288
0.33 0.328
0.004 0
0.024 0.018
0.022 0.022
0 0.006
0.09 0.064
0 0
0.064 0.07
0.198 0.176
0.022 0.02
0.164 0.182
0.01 0
0.198 0.182
0.036 0.03
0.004 0
0.002 0
0.002 0.002
0.01 0.008
0.002 0
0.146 0.118
0.014 0.022
0.018 0.016
0.006 0.006
0.274 0.286
0.02 0.01
0.05 0.034
0.382 0.352
0.678 0.62
0.404 0.392
0.168 0.182
0 0
0.044 0.018
0.054 0.048
0.104 0.1
0.024 0.006
0.022 0.006
0.034 0.016
0.138 0.158
0.014 0.012
0 0
0.018 0.008
0.32 0.34
0.124 0.112
0.284 0.262
0.154 0.13
0.192 0.176
0.058 0.068
0.002 0.01
0.126 0.096
0.002 0
0 0
0.002 0
0.116 0.13
0.288 0.276
0.466 0.484
0 0
0.24 0.216
0.016 0.01
0.47 0.438
0.062 0.052
0.166 0.134
0.218 0.17
0.044 0.028
0.47 0.462
0 0.002
0.332 0.368
0.02 0.032
0.006 0.002
0.01 0.014
0.222 0.222
0.002 0
0.018 0.014
0.188 0.2
0.002 0
0.448 0.41
0.004 0.002
0 0.004
0.042 0.044
