0 0.004
0.172 0.172
0.008 0.004
0.014 0.01
0.128 0.112
0 0
0.062 0.044
0.186 0.182
0.008 0.012
0.01 0.018
0.298 0.29
0.12 0.102
0.004 0.006
0.014 0.016
0.152 0.15
0.184 0.216
0.04 0.024
0.012 0.006
0.01 0.026
0.02 0.03
0.028 0.026
0.054 0.038
0.002 0.004
0.106 0.1
0.348 0.334
0.076 0.072
0.264 0.252
0.028 0.02
0.532 0.512
0.098 0.094
0.566 0.482
0.26 0.302
0.01 0.004
0.016 0.014
0.032 0.03
0.424 0.486
0.318 0.3
0.396 0.408
0.004 0
0.006 0.01
0.114 0.094
0.03 0.024
0.04 0.03
0.012 0.02
0.288 0.342
0.048 0.03
0.012 0.008
0.232 0.21
0.002 0.004
0 0
0 0.01
0.036 0.036
0.004 0.004
0.554 0.642
0.364 0.354
0.192 0.186
0.076 0.076
0.298 0.232
0.19 0.208
0 0.006
0.036 0.032
0.016 0.012
0.002 0
0.12 0.084
0 0.002
0.07 0.11
0.284 0.282
0.066 0.076
0.166 0.194
0.014 0.004
0.224 0.236
0.06 0.022
0 0
0.004 0.006
0 0
0.012 0.014
0.004 0.008
0.062 0.084
0.04 0.042
0.03 0.018
0.01 0.014
0.242 0.238
0.026 0.018
0.044 0.034
0.414 0.394
0.48 0.464
0.514 0.446
0.248 0.228
0 0
0.03 0.03
0.058 0.044
0.1 0.102
0.012 0.004
0.028 0.042
0.024 0.022
0.13 0.156
0.064 0.066
0 0.004
0.01 0.012
0.292 0.308
0.126 0.116
0.212 0.27
0.14 0.104
0.112 0.1
0.086 0.062
0.014 0.016
0.082 0.066
0 0
0 0
0 0
0.182 0.176
0.258 0.308
0.398 0.412
0.002 0.002
0.144 0.13
0.036 0.028
0.492 0.528
0.032 0.01
0.098 0.082
0.22 0.15
0.046 0.034
0.404 0.392
0.002 0
0.32 0.364
0.066 0.058
0.002 0.01
0 0.002
0.212 0.212
0 0
0.008 0.008
0.164 0.198
0 0
0.084 0.11
0.008 0.004
0.012 0.006
0.06 0.03
