0.7767857 0.8035714
0.4016393 0.3032787
0.816 0.768
0.5714286 0.7232143
0.3278689 0.3032787
0.7868852 0.7540984
0.5511811 0.503937
0.2131148 0.1475410
0.6583333 0.6166667
0.6062992 0.6377953
0.2053571 0.1517857
0.3416667 0.3083333
0.744 0.704
0.6083333 0.6916667
0.3015873 0.3333333
0.08196721 0.1229508
0.6666667 0.7222222
0.6311475 0.6803279
0.5793651 0.8333333
0.733871 0.6774194
0.547619 0.7222222
0.3278689 0.3442623
0.7622951 0.7704918
0.275 0.3166667
0.2 0.175
0.5916667 0.575
0.2410714 0.2767857
0.7166667 0.7666667
0.01785714 0.02678571
0.3114754 0.352459
0.007874016 0.007874016
0.25 0.1583333
0.8214286 0.8035714
0.7083333 0.7666667
0.6607143 0.75
0.01612903 0.02419355
0.1393443 0.1147541
0.1833333 0.2
0.7903226 0.7016129
0.7589286 0.8035714
0.2704918 0.3032787
0.5238095 0.4523810
0.5 0.4435484
0.733871 0.7016129
0.232 0.192
0.6967213 0.6885246
0.7868852 0.7540984
0.192 0.24
0.8214286 0.8035714
0.7868852 0.7540984
0.7868852 0.7540984
0.3858268 0.503937
0.8083333 0.7666667
0.01785714 0.02678571
0.08730159 0.06349206
0.3228346 0.2519685
0.5714286 0.5803571
0.2333333 0.225
0.275 0.225
0.7868852 0.7540984
0.5714286 0.7232143
0.5245902 0.3852459
0.8095238 0.8174603
0.5 0.4285714
0.7936508 0.8333333
0.6416667 0.6916667
0.2539683 0.2142857
0.376 0.408
0.275 0.2666667
0.775 0.825
0.2622951 0.2377049
0.5793651 0.7142857
0.8666667 0.825
0.7767857 0.8035714
0.8095238 0.8174603
0.6333333 0.7666667
0.7868852 0.7540984
0.3125 0.4107143
0.3770492 0.352459
0.5793651 0.6031746
0.7622951 0.6885246
0.1229508 0.1311475
0.6333333 0.6916667
0.6746032 0.5793651
0.1071429 0.09821429
0 0.008
0.05 0.09166667
0.09016393 0.08196721
0.8666667 0.825
0.5 0.5
0.584 0.64
0.3951613 0.4193548
0.775 0.825
0.515873 0.515873
0.6083333 0.4833333
0.1339286 0.1517857
0.6129032 0.5403226
0.8083333 0.7666667
0.4919355 0.4919355
0.008196721 0.01639344
0.4 0.3666667
0.1507937 0.1269841
0.3385827 0.3070866
0.2698413 0.2698413
0.384 0.352
0.75 0.8306452
0.328 0.336
0.7903226 0.8306452
0.8214286 0.8035714
0.8666667 0.825
0.2142857 0.2232143
0.1269841 0.08730159
0.1065574 0.08196721
0.8666667 0.825
0.2053571 0.1339286
0.4583333 0.4833333
0.075 0.08333333
0.4047619 0.4047619
0.25 0.3125
0.2741935 0.25
0.6929134 0.6535433
0.0483871 0.05645161
0.8214286 0.8035714
0.1428571 0.1964286
0.7795276 0.7559055
0.816 0.688
0.6967213 0.7540984
0.0625 0.08035714
0.8095238 0.8174603
0.775 0.725
0.2786885 0.2704918
0.7795276 0.7559055
0.04761905 0.06349206
0.8666667 0.825
0.752 0.704
0.5983607 0.6229508
