0.7213115 0.6721311
0.3145161 0.3548387
0.8119658 0.7863248
0.6440678 0.559322
0.3548387 0.3548387
0.8974359 0.7863248
0.484375 0.4921875
0.6393443 0.5737705
0.5645161 0.6370968
0.7265625 0.8125
0.1565217 0.2086957
0.2764228 0.2926829
0.8119658 0.6581197
0.6311475 0.557377
0.4590164 0.5409836
0.07627119 0.08474576
0.6484375 0.7109375
0.6173913 0.7043478
0.6173913 0.6086957
0.6744186 0.5736434
0.6097561 0.7642276
0.2857143 0.2936508
0.8347826 0.7913043
0.3170732 0.3333333
0.08730159 0.1349206
0.5245902 0.4918033
0.2295082 0.2459016
0.6525424 0.6440678
0.01694915 0.02542373
0.3652174 0.3130435
0 0.01709402
0.1709402 0.1880342
0.8294574 0.7131783
0.6393443 0.6639344
0.5897436 0.6581197
0.02608696 0.02608696
0.08547009 0.1538462
0.1147541 0.09836066
0.8032787 0.7377049
0.8474576 0.7542373
0.3225806 0.2661290
0.4672131 0.4590164
0.5 0.484375
0.6923077 0.7264957
0.1880342 0.2051282
0.704918 0.6393443
0.6803279 0.6639344
0.2295082 0.2459016
0.8974359 0.7863248
0.8203125 0.8125
0.8347826 0.7913043
0.4344262 0.4754098
0.8032787 0.7377049
0.008695652 0.008695652
0.06837607 0.01709402
0.300813 0.2764228
0.5322581 0.5080645
0.1025641 0.1709402
0.1739130 0.1130435
0.7016129 0.766129
0.704918 0.6721311
0.5581395 0.5813953
0.8032787 0.7377049
0.3474576 0.4745763
0.8294574 0.7906977
0.5241935 0.4516129
0.1885246 0.2049180
0.3253968 0.3571429
0.2521739 0.2347826
0.7317073 0.6747967
0.08730159 0.0952381
0.5491803 0.4918033
0.8211382 0.8373984
0.782258 0.766129
0.8211382 0.8373984
0.7118644 0.6525424
0.8203125 0.8125
0.2777778 0.2857143
0.8032787 0.7377049
0.5967742 0.5887097
0.6521739 0.6608696
0.1440678 0.1694915
0.6956522 0.6521739
0.5241935 0.5645161
0.08196721 0.1229508
0 0
0.03389831 0.04237288
0.2015504 0.2403101
0.7936508 0.7936508
0.4491525 0.5169492
0.6209677 0.5080645
0.3644068 0.3813559
0.8211382 0.8373984
0.6086957 0.6086957
0.5737705 0.6721311
0.1984127 0.1507937
0.6260163 0.6747967
0.8347826 0.7913043
0.4661017 0.4745763
0.1025641 0.1538462
0.2380952 0.2301587
0.1709402 0.1880342
0.3178295 0.3410853
0.1709402 0.1880342
0.3739130 0.3130435
0.7094017 0.7179487
0.3644068 0.3220339
0.8032787 0.7377049
0.8347826 0.7913043
0.8347826 0.7913043
0.3135593 0.279661
0.07377049 0.07377049
0.02608696 0.03478261
0.8032787 0.7377049
0.2063492 0.1349206
0.5655738 0.557377
0.1779661 0.2457627
0.3305085 0.3983051
0.2372881 0.279661
0.1904762 0.1904762
0.4956522 0.4695652
0.1025641 0.1794872
0.8119658 0.7863248
0.07317073 0.07317073
0.6046512 0.6666667
0.7217391 0.7043478
0.8211382 0.8373984
0.1196581 0.1538462
0.8474576 0.7542373
0.7265625 0.65625
0.4344262 0.4098361
0.8278689 0.7213115
0.02608696 0.008695652
0.8203125 0.8125
0.8211382 0.7642276
0.6097561 0.7560976
