0.01 0.02
0.196 0.202
0 0.01
0.01 0.004
0.272 0.28
0 0.002
0.096 0.088
0.152 0.142
0.018 0.022
0.032 0.022
0.166 0.146
0.078 0.11
0 0.006
0.008 0.024
0.13 0.12
0.296 0.342
0.072 0.066
0.004 0.006
0.024 0.004
0.034 0.028
0.054 0.03
0.102 0.06
0.014 0.004
0.414 0.426
0.314 0.22
0.224 0.202
0.08 0.066
0.052 0.066
0.724 0.726
0.102 0.098
0.436 0.438
0.086 0.044
0.354 0.38
0.024 0.024
0.018 0.016
0.002 0.006
0.396 0.414
0.232 0.222
0.202 0.186
0.018 0.02
0.002 0.006
0.198 0.214
0.012 0.032
0.01 0.008
0.362 0.392
0.078 0.056
0.004 0.01
0.366 0.364
0.002 0
0 0
0.016 0.024
0.05 0.028
0.002 0
0.22 0.278
0.16 0.176
0.192 0.248
0.066 0.044
0.258 0.202
0.352 0.378
0.006 0.008
0.046 0.036
0.042 0.066
0.02 0.014
0.096 0.08
0 0.002
0.072 0.094
0.268 0.274
0.106 0.12
0.006 0.002
0.16 0.158
0.044 0.012
0.004 0.012
0.04 0.042
0.012 0.004
0.018 0.01
0 0.004
0.03 0.038
0.014 0.02
0.006 0.006
0.106 0.1
0.014 0.012
0.048 0.032
0.248 0.18
0.304 0.332
0.32 0.348
0.072 0.076
0.004 0.004
0.142 0.136
0.034 0.064
0.144 0.104
0.01 0.006
0.08 0.08
0.034 0.046
0.294 0.278
0.076 0.054
0.008 0.002
0.298 0.258
0.164 0.164
0.044 0.032
0.092 0.074
0.238 0.206
0.084 0.058
0.02 0.02
0.02 0.012
0.072 0.072
0.002 0
0 0.002
0 0
0.17 0.12
0.146 0.174
0.496 0.486
0 0
0.18 0.202
0.106 0.056
0.384 0.358
0.068 0.05
0.146 0.162
0.088 0.076
0.05 0.036
0.284 0.272
0.022 0.006
0.224 0.176
0.028 0.056
0.002 0.006
0.02 0.02
0.324 0.264
0 0
0.006 0.004
0.022 0.046
0.152 0.184
0.004 0
0.282 0.28
0.004 0.004
0.01 0.014
0.02 0.038
