0.8203125 0.8515625
0.2844828 0.3017241
0.8695652 0.8347826
0.7768595 0.8512397
0.1721311 0.1803279
0.8695652 0.8347826
0.3913043 0.4260870
0.525 0.4583333
0.4409449 0.5748031
0.7083333 0.775
0.3913043 0.4
0.7155172 0.8362069
0.7083333 0.7166667
0.6198347 0.5785124
0.2926829 0.2764228
0.03278689 0.05737705
0.4545455 0.5702479
0.8695652 0.8347826
0.6206897 0.5775862
0.4827586 0.5344828
0.3739130 0.4260870
0.3666667 0.3833333
0.8362069 0.8362069
0.2764228 0.2682927
0.1666667 0.1333333
0.2416667 0.2083333
0.3833333 0.3166667
0.5166667 0.4083333
0 0
0.4416667 0.3916667
0.1487603 0.1074380
0.3821138 0.4065041
0.1229508 0.1147541
0.5354331 0.5826772
0.8278689 0.7540984
0.7165354 0.6141732
0 0
0.1102362 0.09448819
0.2892562 0.2975207
0.773913 0.6521739
0.8110236 0.7637795
0.175 0.1333333
0.3130435 0.3304348
0.6869565 0.6521739
0.03333333 0.03333333
0.3495935 0.3902439
0.9186992 0.7560976
0.0625 0.03125
0.9186992 0.8373984
0.9137931 0.8362069
0.8130081 0.699187
0.4137931 0.5603448
0.8362069 0.8362069
0.01626016 0.008130081
0.01626016 0.03252033
0.3149606 0.2519685
0.45 0.5
0.1463415 0.2032520
0.1333333 0.1333333
0.7083333 0.85
0.515625 0.5234375
0.6033058 0.6942149
0.8278689 0.8196721
0.425 0.3916667
0.8677686 0.8512397
0.3666667 0.3166667
0.3359375 0.2890625
0.3739130 0.3478261
0.8695652 0.8347826
0.1206897 0.0862069
0.3934426 0.5819672
0.8278689 0.8196721
0.8103448 0.8362069
0.7154472 0.7560976
0.7155172 0.7068966
0.8833333 0.8166667
0.3916667 0.3916667
0.8278689 0.8196721
0.9137931 0.8362069
0.1293103 0.1810345
0.6147541 0.7213115
0.5867769 0.6115702
0.02362205 0.03937008
0.08695652 0.09565217
0.1967213 0.1967213
0.3333333 0.3170732
0.7768595 0.768595
0.3913043 0.4086957
0.5702479 0.5206612
0.3666667 0.4083333
0.8083333 0.775
0.5833333 0.7416667
0.5365854 0.601626
0.109375 0.0546875
0.3706897 0.3793103
0.8130081 0.8373984
0.203125 0.1796875
0.2926829 0.2764228
0.5565217 0.6086957
0.3089431 0.3170732
0.3203125 0.2890625
0.3739130 0.3565217
0.6434783 0.6086957
0.6833333 0.8166667
0.3189655 0.3534483
0.9137931 0.8362069
0.9137931 0.8362069
0.8373984 0.8536585
0.2975207 0.2975207
0.04347826 0.04347826
0.008333333 0.008333333
0.9137931 0.8362069
0.2672414 0.2327586
0.4015748 0.4566929
0.1056911 0.07317073
0.4416667 0.4416667
0.3442623 0.3442623
0.2682927 0.300813
0.5565217 0.5652174
0.15 0.1583333
0.8 0.8347826
0.1788618 0.2357724
0.5245902 0.5163934
0.7768595 0.7603306
0.6910569 0.7317073
0.1913043 0.2173913
0.8833333 0.8166667
0.7768595 0.8512397
0.8278689 0.7131148
0.2032520 0.2032520
0.8833333 0.8166667
0.04132231 0.04958678
0.8130081 0.8373984
0.8166667 0.7833333
0.65 0.7
