0.8067227 0.8739496
0.2439024 0.1707317
0.8050847 0.8559322
0.8050847 0.6779661
0.125 0.125
0.8644068 0.8559322
0.5 0.5983607
0.2173913 0.1739130
0.4956522 0.5478261
0.7804878 0.7154472
0.2295082 0.2786885
0.3644068 0.3898305
0.808 0.904
0.5304348 0.4260870
0.338843 0.3305785
0.04958678 0.07438017
0.4869565 0.5826087
0.7983193 0.7983193
0.6347826 0.6347826
0.4590164 0.4508197
0.3278689 0.3852459
0.3913043 0.3478261
0.8907563 0.8739496
0.0909091 0.07438017
0.1732283 0.1653543
0.1583333 0.2333333
0.677686 0.4628099
0.425 0.425
0 0
0.512605 0.3613445
0.05042017 0.09243697
0.4237288 0.4745763
0.1 0.075
0.7165354 0.7165354
0.7520661 0.8347107
0.7391304 0.6347826
0.02479339 0.02479339
0.1496063 0.1732283
0.216 0.184
0.7235772 0.7154472
0.7652174 0.7565217
0.2627119 0.2627119
0.4453782 0.4033613
0.712 0.72
0.04347826 0.06086957
0.4552846 0.4715447
0.7652174 0.7478261
0.05833333 0.025
0.8032787 0.795082
0.8907563 0.8739496
0.664 0.64
0.4836066 0.5081967
0.5833333 0.6166667
0.08333333 0.05
0.1 0.04166667
0.2314050 0.1983471
0.576 0.552
0.12 0.144
0.1 0.075
0.8032787 0.795082
0.6134454 0.6638655
0.5853659 0.5934959
0.7583333 0.775
0.3652174 0.3913043
0.8644068 0.8559322
0.5354331 0.4488189
0.2520325 0.2439024
0.4453782 0.3613445
0.8 0.775
0.1913043 0.2260870
0.376 0.392
0.8110236 0.8425197
0.7520661 0.661157
0.736 0.824
0.7416667 0.875
0.8110236 0.8425197
0.408 0.392
0.6859504 0.8347107
0.6355932 0.6779661
0.216 0.208
0.7652174 0.8782609
0.6065574 0.6393443
0.04201681 0.09243697
0.2260870 0.2347826
0.3913043 0.3913043
0.398374 0.398374
0.7804878 0.8780488
0.4 0.4173913
0.6355932 0.6864407
0.3130435 0.4869565
0.808 0.824
0.576 0.552
0.5630252 0.6302521
0.03389831 0.04237288
0.36 0.392
0.7804878 0.8780488
0.1475410 0.2377049
0.2231405 0.2892562
0.6585366 0.6260163
0.3770492 0.3688525
0.3813559 0.3305085
0.3307087 0.3622047
0.6355932 0.5677966
0.7058824 0.7142857
0.4380165 0.5371901
0.8907563 0.8739496
0.8110236 0.8425197
0.8644068 0.8559322
0.2 0.1739130
0.08333333 0.03333333
0.008474576 0.008474576
0.736 0.72
0.2372881 0.2033898
0.3636364 0.4049587
0.1311475 0.1065574
0.5042017 0.5630252
0.338843 0.2975207
0.3934426 0.3688525
0.6434783 0.6
0.1219512 0.1626016
0.808 0.824
0.264 0.248
0.5083333 0.4666667
0.720339 0.6864407
0.7804878 0.6829268
0.2213115 0.2213115
0.8521739 0.8782609
0.8644068 0.8559322
0.7983193 0.697479
0.48 0.416
0.8595041 0.8347107
0.104 0.112
0.744 0.648
0.872 0.904
0.65 0.6166667
