0.8130081 0.8536585
0.2260870 0.2086957
0.9262295 0.852459
0.7258065 0.8145161
0.1111111 0.1031746
0.8608696 0.8956522
0.3913043 0.3739130
0.1818182 0.2148760
0.5867769 0.5454545
0.7096774 0.6854839
0.3252033 0.3902439
0.4782609 0.4173913
0.8709677 0.8548387
0.6393443 0.7377049
0.2727273 0.2231405
0.09836066 0.1229508
0.4710744 0.4628099
0.8130081 0.8536585
0.6666667 0.6166667
0.5123967 0.4793388
0.3913043 0.3739130
0.3412698 0.3174603
0.8833333 0.7333333
0.06557377 0.08196721
0.1735537 0.1900826
0.1693548 0.2338710
0.4596774 0.3951613
0.4956522 0.4173913
0 0
0.4453782 0.4285714
0.0661157 0.0661157
0.4166667 0.4166667
0.1913043 0.1391304
0.7024793 0.6859504
0.7 0.7333333
0.7304348 0.626087
0.07258065 0.08064516
0.1532258 0.1612903
0.2260870 0.2521739
0.7933884 0.8347107
0.8130081 0.796748
0.4958678 0.4132231
0.3064516 0.3225806
0.6869565 0.6956522
0.1913043 0.09565217
0.5714286 0.6111111
0.7833333 0.7916667
0.04201681 0.04201681
0.8429752 0.8595041
0.8608696 0.8956522
0.8833333 0.7916667
0.4435484 0.4758065
0.6722689 0.5546218
0.2222222 0.1507937
0.1652174 0.09565217
0.2142857 0.1746032
0.5391304 0.5391304
0.4369748 0.5042017
0.1557377 0.09836066
0.9262295 0.852459
0.6147541 0.6147541
0.5391304 0.4695652
0.8780488 0.8536585
0.4065041 0.4227642
0.8833333 0.7916667
0.3658537 0.3577236
0.275 0.2416667
0.4260870 0.3913043
0.9126984 0.8809524
0.1209677 0.1774194
0.3613445 0.4537815
0.768595 0.7438017
0.5123967 0.4710744
0.6722689 0.697479
0.7391304 0.7826087
0.8709677 0.8548387
0.3781513 0.3781513
0.6869565 0.7043478
0.8709677 0.8548387
0.1532258 0.1693548
0.6083333 0.5833333
0.5645161 0.6290323
0.06451613 0.06451613
0.0661157 0.07438017
0.4354839 0.4758065
0.3781513 0.4033613
0.882353 0.789916
0.4049587 0.3884298
0.5454545 0.5123967
0.2809917 0.3636364
0.9262295 0.852459
0.4416667 0.5583333
0.4758065 0.4758065
0.06722689 0.05882353
0.3913043 0.3739130
0.7478992 0.789916
0.1239669 0.1570248
0.2601626 0.2195122
0.6115702 0.5702479
0.3333333 0.3416667
0.2689076 0.2689076
0.3471074 0.4132231
0.5609756 0.6341463
0.7 0.7333333
0.3688525 0.4016393
0.8429752 0.8595041
0.9126984 0.8809524
0.9126984 0.8809524
0.2083333 0.2583333
0.0661157 0.07438017
0 0.01587302
0.9262295 0.852459
0.2741935 0.2983871
0.4677419 0.4274194
0.06451613 0.1048387
0.4260870 0.5391304
0.3277311 0.2773109
0.4796748 0.398374
0.6528926 0.6280992
0.1229508 0.1147541
0.8429752 0.8595041
0.2436975 0.2352941
0.4049587 0.4132231
0.6829268 0.7073171
0.8833333 0.7916667
0.2357724 0.2032520
0.8709677 0.8548387
0.8429752 0.8595041
0.8467742 0.8145161
0.2892562 0.2396694
0.8429752 0.8595041
0.1008403 0.1428571
0.882353 0.697479
0.8278689 0.7540984
0.625 0.6583333
