0.002 0.004
0.23 0.216
0 0.002
0.032 0.024
0.23 0.242
0 0
0.076 0.072
0.106 0.112
0.048 0.024
0.02 0.012
0.17 0.152
0.06 0.07
0.016 0.008
0.028 0.02
0.056 0.04
0.438 0.408
0.068 0.048
0.01 0.008
0.01 0.006
0.016 0.038
0.052 0.042
0.104 0.094
0.002 0.006
0.112 0.118
0.286 0.248
0.258 0.172
0.048 0.05
0.02 0.01
0.694 0.754
0.034 0.03
0.334 0.344
0.038 0.026
0.34 0.342
0.028 0.02
0.014 0.01
0.016 0.02
0.43 0.442
0.264 0.284
0.18 0.166
0.018 0.022
0.004 0.004
0.11 0.11
0.022 0.028
0.008 0.01
0.334 0.338
0.03 0.026
0.006 0.004
0.414 0.396
0 0.002
0 0
0.012 0.018
0.034 0.042
0.004 0.006
0.516 0.562
0.284 0.342
0.042 0.042
0.032 0.03
0.196 0.154
0.392 0.418
0 0.002
0.022 0.03
0.028 0.026
0.01 0.01
0.098 0.066
0 0
0.062 0.094
0.1 0.126
0.108 0.142
0.006 0
0.22 0.126
0.07 0.07
0.006 0.006
0.004 0.002
0.016 0.01
0.018 0.012
0 0.002
0.054 0.044
0.022 0.026
0.008 0.002
0.322 0.296
0.014 0.012
0.036 0.028
0.484 0.464
0.34 0.342
0.25 0.214
0.074 0.074
0.008 0.002
0.136 0.112
0.046 0.024
0.27 0.184
0.008 0.004
0.096 0.098
0.022 0.026
0.19 0.184
0.17 0.126
0.004 0
0.332 0.276
0.146 0.132
0.018 0.016
0.024 0.024
0.06 0.05
0.142 0.132
0.046 0.016
0.02 0.01
0.104 0.11
0 0.002
0 0
0.002 0
0.126 0.172
0.452 0.486
0.614 0.61
0.002 0.002
0.224 0.268
0.07 0.088
0.348 0.316
0.052 0.058
0.148 0.162
0.102 0.06
0.09 0.076
0.286 0.254
0.004 0
0.212 0.226
0.05 0.05
0.006 0.006
0.01 0.008
0.21 0.172
0.004 0.004
0.004 0.002
0 0
0.116 0.134
0 0.002
0.362 0.368
0.004 0.008
0.004 0.01
0.024 0.024
