0.8547009 0.8717949
0.3277311 0.3697479
0.8842975 0.8677686
0.8429752 0.8677686
0.2333333 0.2083333
0.8571429 0.8487395
0.3846154 0.4529915
0.3613445 0.3109244
0.5645161 0.5645161
0.5630252 0.7394958
0.2580645 0.3951613
0.4308943 0.4227642
0.8536585 0.8211382
0.6 0.7916667
0.4065041 0.4634146
0.075 0.05833333
0.5299145 0.5811966
0.8536585 0.8211382
0.7083333 0.8083333
0.5725806 0.483871
0.4112903 0.4274194
0.1854839 0.1532258
0.8547009 0.8717949
0.04166667 0.03333333
0.1404959 0.1735537
0.2820513 0.2564103
0.487395 0.4369748
0.5322581 0.4435484
0.01612903 0.01612903
0.448 0.376
0.1048387 0.08870968
0.3613445 0.3697479
0.08064516 0.0967742
0.7 0.7333333
0.8583333 0.7916667
0.6239316 0.5811966
0.05691057 0.03252033
0.1382114 0.08130081
0.2436975 0.2268908
0.75 0.6451613
0.8429752 0.8677686
0.2983871 0.2983871
0.3333333 0.3333333
0.7350427 0.7606838
0.08064516 0.0483871
0.504 0.496
0.8536585 0.7723577
0.1092437 0.1344538
0.8387097 0.8467742
0.8583333 0.8916667
0.7983193 0.6218487
0.3658537 0.4634146
0.656 0.696
0.04132231 0.02479339
0.112 0.08
0.2941176 0.2521008
0.504065 0.4065041
0.3846154 0.4188034
0.1451613 0.1290323
0.907563 0.8319328
0.6178862 0.5284553
0.568 0.568
0.7142857 0.8319328
0.3846154 0.4700855
0.8536585 0.8211382
0.4666667 0.475
0.3166667 0.35
0.3865546 0.4033613
0.8571429 0.8487395
0.2113821 0.2195122
0.4227642 0.4715447
0.7142857 0.8487395
0.6386555 0.5630252
0.8429752 0.7190083
0.6942149 0.7355372
0.784 0.76
0.3846154 0.3589744
0.697479 0.8319328
0.864 0.712
0.1382114 0.1138211
0.6239316 0.6752137
0.6198347 0.6363636
0.04201681 0.1344538
0.03225806 0.0483871
0.1935484 0.1451613
0.5080645 0.4435484
0.8547009 0.8717949
0.4117647 0.4201681
0.5299145 0.4529915
0.3140496 0.3305785
0.7983193 0.7478992
0.496 0.464
0.5798319 0.6218487
0.1 0.06666667
0.4390244 0.4471545
0.864 0.872
0.08870968 0.07258065
0.2682927 0.3170732
0.6806723 0.605042
0.2941176 0.2184874
0.1788618 0.2195122
0.3846154 0.3333333
0.5645161 0.6370968
0.5528455 0.6829268
0.3865546 0.4453782
0.8548387 0.7983871
0.8547009 0.8717949
0.8387097 0.8467742
0.3140496 0.2809917
0.144 0.08
0.02521008 0.07563025
0.8547009 0.8717949
0.2333333 0.2083333
0.4786325 0.4615385
0.0661157 0.1404959
0.4166667 0.4833333
0.3739837 0.3333333
0.4166667 0.3666667
0.6386555 0.6218487
0.2184874 0.1764706
0.8571429 0.8487395
0.1869919 0.1463415
0.5166667 0.425
0.8842975 0.785124
0.7815126 0.7478992
0.1129032 0.1290323
0.8842975 0.8677686
0.8571429 0.8487395
0.6470588 0.5378151
0.4786325 0.4529915
0.796748 0.7642276
0.04878049 0.03252033
0.8512397 0.8677686
0.8536585 0.8211382
0.7142857 0.6470588
