0.7107438 0.7520661
0.2735043 0.2564103
0.8740157 0.8503937
0.7008547 0.7094017
0.1869919 0.1463415
0.8536585 0.8536585
0.3937008 0.4015748
0.2276423 0.2520325
0.5245902 0.5655738
0.7008547 0.6752137
0.2 0.2583333
0.4621849 0.3445378
0.8034188 0.8461538
0.7394958 0.7983193
0.4273504 0.3589744
0.09243697 0.1344538
0.4700855 0.4529915
0.882353 0.907563
0.6885246 0.8278689
0.5702479 0.4710744
0.4666667 0.45
0.4132231 0.4132231
0.7094017 0.7863248
0.03333333 0.05
0.1680672 0.1848739
0.1880342 0.2905983
0.3666667 0.375
0.4793388 0.4132231
0 0
0.3305785 0.3305785
0.03100775 0.03875969
0.3931624 0.4871795
0.1219512 0.08130081
0.5853659 0.7642276
0.91453 0.6324786
0.677686 0.5867769
0.02564103 0.02564103
0.2 0.25
0.2649573 0.2820513
0.6410256 0.7863248
0.7008547 0.7094017
0.352459 0.3606557
0.4700855 0.5042735
0.8583333 0.675
0.07438017 0.03305785
0.4700855 0.4957265
0.8583333 0.7916667
0.06666667 0.075
0.91453 0.8461538
0.8278689 0.8278689
0.6666667 0.55
0.4471545 0.4390244
0.5950413 0.6115702
0.008333333 0.008333333
0.08527132 0.1085271
0.3109244 0.3277311
0.4330709 0.5354331
0.1666667 0.1916667
0.1259843 0.1102362
0.7094017 0.7094017
0.5462185 0.5882353
0.647541 0.6967213
0.7008547 0.7094017
0.3852459 0.4754098
0.8583333 0.8666667
0.3801653 0.3140496
0.3884298 0.3223140
0.4615385 0.4017094
0.7874016 0.7952756
0.1782946 0.1705426
0.4871795 0.5384615
0.7583333 0.7333333
0.6311475 0.704918
0.6829268 0.7642276
0.6302521 0.6386555
0.882353 0.7983193
0.4016393 0.5
0.6721311 0.7377049
0.7083333 0.6583333
0.1111111 0.0940171
0.4666667 0.6166667
0.5206612 0.5619835
0.07317073 0.1138211
0.07086614 0.09448819
0.15 0.1166667
0.4700855 0.4529915
0.7948718 0.8461538
0.3770492 0.3606557
0.4333333 0.35
0.2622951 0.2868852
0.7829457 0.7054264
0.35 0.4916667
0.4957265 0.4786325
0.1416667 0.1083333
0.4444444 0.4957265
0.7131783 0.8372093
0.09243697 0.1008403
0.2521008 0.2521008
0.5897436 0.6239316
0.3666667 0.35
0.2649573 0.2393162
0.4330709 0.3779528
0.6666667 0.5416667
0.6153846 0.6324786
0.4529915 0.4529915
0.8583333 0.8666667
0.883721 0.8372093
0.91453 0.8461538
0.3589744 0.2820513
0.125 0.1083333
0.05042017 0.08403361
0.882353 0.907563
0.05 0.06666667
0.4700855 0.4188034
0.0894309 0.1219512
0.4871795 0.4957265
0.3719008 0.3140496
0.3622047 0.4015748
0.6916667 0.6333333
0.1707317 0.1869919
0.8666667 0.8166667
0.2833333 0.2583333
0.512605 0.4453782
0.7583333 0.7083333
0.6410256 0.7435897
0.2051282 0.1452991
0.7540984 0.8278689
0.876033 0.876033
0.6666667 0.5
0.3083333 0.25
0.882353 0.907563
0.1074380 0.07438017
0.7983193 0.907563
0.8536585 0.8536585
0.6585366 0.6666667
