0.004 0.002
0.112 0.062
0.002 0
0.01 0.004
0.382 0.36
0 0
0.076 0.074
0.148 0.156
0.042 0.024
0.022 0.016
0.192 0.148
0.058 0.058
0.002 0.002
0.026 0.028
0.218 0.194
0.296 0.21
0.074 0.054
0.012 0.008
0.026 0.018
0.018 0.022
0.068 0.056
0.094 0.082
0.004 0
0.37 0.344
0.24 0.17
0.158 0.128
0.078 0.094
0.052 0.06
0.628 0.672
0.11 0.102
0.072 0.064
0.094 0.058
0.434 0.468
0.026 0.014
0.008 0.008
0.014 0.006
0.368 0.396
0.226 0.21
0.4 0.352
0.002 0
0.012 0.012
0.092 0.114
0.104 0.086
0.008 0.008
0.498 0.532
0.058 0.066
0 0.006
0.438 0.426
0.004 0
0.002 0.002
0.016 0.016
0.05 0.038
0.02 0.022
0.554 0.608
0.248 0.236
0.12 0.134
0.048 0.046
0.192 0.168
0.482 0.518
0.004 0.002
0.026 0.012
0.04 0.032
0.008 0.006
0.098 0.05
0 0
0.056 0.08
0.17 0.156
0.072 0.07
0.002 0.006
0.212 0.142
0.07 0.062
0.004 0.004
0.032 0.032
0.012 0.01
0.014 0.014
0.002 0.004
0.06 0.07
0.016 0.014
0.018 0.008
0.248 0.302
0.024 0.02
0.04 0.034
0.386 0.348
0.368 0.328
0.244 0.246
0.06 0.056
0.004 0
0.128 0.104
0.06 0.064
0.196 0.114
0.022 0.01
0.024 0.024
0.028 0.02
0.22 0.25
0.102 0.08
0 0
0.322 0.37
0.194 0.158
0.028 0.036
0.064 0.052
0.214 0.164
0.082 0.086
0.038 0.036
0.03 0.024
0.13 0.114
0 0
0 0.002
0 0
0.1 0.086
0.526 0.546
0.384 0.328
0.002 0.004
0.36 0.348
0.032 0.038
0.292 0.256
0.04 0.028
0.11 0.1
0.128 0.112
0.018 0.016
0.252 0.238
0.01 0.002
0.298 0.234
0.046 0.048
0.018 0.006
0.012 0.01
0.192 0.166
0 0
0.008 0
0.018 0.02
0.146 0.156
0.002 0.002
0.174 0.15
0.004 0.004
0.01 0.008
0.028 0.032
