0.86082 0.561378 0.2885965 0.1155141 0.05086972 0.01623941 0.003797485 0.001680347 0.0005134197 0.0001583004 5.898312e-05
0.9466045 0.9034932 0.8742432 0.6580235 0.3378079 0.1764377 0.04651511 0.009003373 0.002408446 0.0007901015 0.0002374653
0.8978143 0.774601 0.5465676 0.4074145 0.2385011 0.09481757 0.02615072 0.00658228 0.001946310 0.0005151911 0.0001931549
0.8648668 0.5850741 0.307208 0.1299312 0.04101913 0.01031257 0.004285529 0.001780582 0.0006243897 0.0001849967 5.818069e-05
0.8896742 0.6363438 0.3076257 0.1270797 0.06096516 0.02621940 0.00612674 0.002324112 0.0009252504 0.000282651 9.162636e-05
0.9069341 0.7304201 0.3381057 0.1078237 0.04586447 0.02003043 0.006503727 0.002176267 0.0007405713 0.0002772159 7.676437e-05
0.9466009 0.9029917 0.8910859 0.7779733 0.6595638 0.4173011 0.0943665 0.01316439 0.00352415 0.001125456 0.0003578152
0.9570265 0.9618896 0.9744181 0.9735437 0.866581 0.5959452 0.1221925 0.01689048 0.003312522 0.001054160 0.0003168131
0.9481138 0.9450023 0.9740507 0.9517989 0.875377 0.47138 0.1145940 0.01289443 0.003091304 0.0009426692 0.0002923623
0.9316722 0.8837069 0.8705466 0.8068372 0.5770559 0.2001007 0.04259907 0.006609575 0.00194672 0.0005551013 0.0001996667
0.9463055 0.9179835 0.885938 0.7106756 0.5726512 0.2360232 0.03418191 0.00774614 0.002111194 0.0007106496 0.0002215552
0.8891737 0.6813398 0.4857549 0.2512001 0.1132560 0.04824884 0.01236432 0.005118456 0.001535244 0.0005122561 0.0001761929
0.9405135 0.88331 0.8255416 0.7439523 0.3479550 0.1225665 0.02659585 0.006646251 0.001930048 0.0006136351 0.0002058655
0.9352181 0.8605527 0.7142947 0.4758833 0.3701000 0.08930723 0.02079606 0.004864606 0.001605683 0.0004749314 0.0001458517
0.9615972 0.9594405 0.9726664 0.9898373 0.9241069 0.8121404 0.2673407 0.02190453 0.003843319 0.001281303 0.0003925762
0.8567285 0.5668494 0.2396480 0.0996849 0.03631728 0.01543649 0.003908388 0.001811065 0.0005399532 0.0002031143 5.604345e-05
0.884669 0.6503135 0.3962693 0.2234235 0.0872695 0.02770691 0.00823257 0.003638994 0.001285547 0.0003831366 0.0001238455
0.9023218 0.7081382 0.5367941 0.3302106 0.1582165 0.04317063 0.01243927 0.003677731 0.001248043 0.0004352267 0.0001107901
0.8618592 0.608427 0.3550431 0.1783020 0.1138434 0.03192658 0.009815369 0.00289339 0.0009745314 0.0002974051 7.900708e-05
0.8318002 0.4766833 0.2154609 0.08479389 0.03117936 0.01243257 0.003394634 0.001569755 0.000450193 0.0001587816 4.621583e-05
0.947899 0.9479501 0.9771944 0.972327 0.9670678 0.7263859 0.2218232 0.01592516 0.003363729 0.001026357 0.000322356
0.9558809 0.9471488 0.9403345 0.939063 0.936689 0.6639041 0.1624933 0.01805208 0.003605889 0.001186361 0.0003701736
0.9480969 0.9480285 0.9780797 0.9933544 0.9520136 0.77554 0.1786232 0.01538655 0.003413606 0.001063877 0.0003259472
0.9379935 0.9017906 0.892778 0.9284068 0.9680279 0.418068 0.08987584 0.01180709 0.003509130 0.001189636 0.0003641183
0.9482466 0.9184148 0.8356094 0.6326184 0.2861639 0.1817925 0.04247079 0.01017625 0.002725626 0.0007965134 0.000265534
0.9561313 0.9597038 0.9867563 0.9984858 0.98268 0.8112805 0.2821171 0.01740668 0.003617533 0.001109046 0.0003487274
0.9157664 0.8295206 0.6784634 0.5878394 0.2682411 0.06788447 0.01732257 0.00555754 0.001773708 0.0006183486 0.0001861836
0.944345 0.9065606 0.8749448 0.7292755 0.6914083 0.1709996 0.03702397 0.008747213 0.002683719 0.0007755661 0.0002704346
0.9408942 0.9234371 0.9406234 0.9225253 0.7344179 0.2173542 0.06354748 0.01126503 0.002769046 0.00082326 0.0002670468
0.9576839 0.9670385 0.9919923 0.9868594 0.980774 0.865457 0.331931 0.02122444 0.003741662 0.001143215 0.000349829
0.9098879 0.7091724 0.3795795 0.1942047 0.07966964 0.03196834 0.009176521 0.003019381 0.001081248 0.0003712628 0.0001055623
0.8021996 0.5312426 0.3141102 0.1382761 0.06396892 0.02418258 0.006666688 0.002584790 0.001071721 0.0003029391 8.710036e-05
0.9441986 0.9262833 0.9457673 0.932293 0.8279542 0.5709068 0.1137828 0.01667013 0.003045974 0.001018688 0.0003145422
0.8735192 0.704222 0.5952135 0.3958416 0.2181305 0.04951144 0.01392805 0.004362878 0.001444136 0.0004506927 0.0001301634
0.9509326 0.946999 0.9627999 0.9655247 0.9718994 0.7878847 0.2712676 0.01766191 0.003772085 0.001147096 0.0003802908
0.9501452 0.9525595 0.9826377 0.98954 0.9774018 0.7907897 0.414102 0.02383348 0.00409974 0.001296215 0.0004063869
0.9550915 0.9576068 0.9821401 0.9944804 0.9704975 0.8968802 0.4468325 0.01891901 0.003632830 0.001116091 0.0003488532
0.8813161 0.746274 0.61641 0.4144943 0.1697736 0.1069901 0.02831415 0.007400118 0.002125853 0.0006012448 0.0002230577
0.7959135 0.4411128 0.1805763 0.08766266 0.05094159 0.01770233 0.00488391 0.00214493 0.0007960101 0.0002430318 7.207445e-05
0.8966322 0.7823789 0.72661 0.6117438 0.3973398 0.1238765 0.02273563 0.005258275 0.001593156 0.0004470473 0.0001589779
0.9276938 0.8659866 0.7661857 0.5520644 0.2832683 0.07737732 0.01561223 0.004910869 0.001417774 0.0004582106 0.0001417540
0.9340198 0.8808367 0.8772762 0.7578323 0.5268194 0.2883385 0.04008220 0.008208637 0.002230877 0.0007135654 0.0002518379
0.8406041 0.5894166 0.3978423 0.197478 0.07845446 0.02072217 0.004756694 0.002094261 0.000766684 0.0002364889 8.23025e-05
0.8825591 0.6365356 0.3262656 0.1767461 0.06432197 0.02201442 0.006534106 0.002813024 0.000851351 0.000255249 9.366101e-05
0.9294179 0.8657987 0.8231906 0.6883532 0.5332797 0.2430516 0.03294488 0.006179457 0.001797056 0.0006328152 0.0001947166
0.938193 0.8661013 0.7711723 0.5574949 0.2911912 0.1294798 0.02022161 0.006255345 0.001809998 0.0005685904 0.0001876796
0.9607664 0.9487317 0.9480987 0.9023909 0.6915709 0.2398405 0.06534518 0.01194770 0.003052376 0.001032272 0.0003172377
0.901326 0.7591023 0.6525614 0.3756761 0.2036736 0.1282801 0.04119544 0.008529874 0.002614025 0.0007877992 0.0002751782
0.839285 0.5305302 0.2984269 0.1407674 0.0731883 0.03111428 0.007265575 0.002379551 0.000774299 0.0002326489 8.15348e-05
0.935047 0.8517126 0.672768 0.4329776 0.2850763 0.0708106 0.01468588 0.004490063 0.001399190 0.0004398939 0.0001255107
0.9273892 0.8460605 0.7195221 0.5225596 0.2429142 0.0612339 0.01418869 0.004158562 0.001241664 0.000415907 0.0001245360
0.9413694 0.885792 0.8361494 0.5020778 0.2932396 0.06959003 0.02570380 0.00750181 0.001937371 0.0005640403 0.00020178
0.8892278 0.6835424 0.4140841 0.1946781 0.1055413 0.037603 0.009671575 0.004354255 0.001399835 0.0004702707 0.0001508076
0.9457523 0.8958381 0.863228 0.67873 0.4292211 0.07642064 0.01923306 0.005206106 0.001614180 0.0004816573 0.0001627147
0.9295333 0.8487733 0.7789749 0.5235227 0.2206037 0.07793261 0.01559416 0.005544829 0.001590917 0.0005878862 0.0001676988
0.9272039 0.8719965 0.8518286 0.8558442 0.8430702 0.3796769 0.08770429 0.01146695 0.003249207 0.001035023 0.0003158128
0.9063751 0.74786 0.5377966 0.3964405 0.3189821 0.08007045 0.01488991 0.005156606 0.001556597 0.0004822548 0.0001548960
0.9494461 0.9178177 0.8936436 0.6970638 0.4917255 0.2271162 0.04727677 0.009215935 0.002443367 0.0007959244 0.0002260589
0.8807852 0.6896502 0.5954185 0.4486649 0.2141815 0.06550104 0.01349549 0.004715696 0.001319881 0.0004366785 0.0001440821
0.915308 0.8174297 0.6458959 0.2949402 0.2160314 0.07275617 0.02239397 0.00691367 0.002214843 0.0006891302 0.0002173157
0.8913735 0.670878 0.3504638 0.1469939 0.07666185 0.02927649 0.007289208 0.002824242 0.001074191 0.0003336110 0.0001022045
0.8724509 0.615741 0.2382131 0.06840116 0.02321739 0.009254974 0.003572325 0.001580936 0.0005766842 0.0001793723 5.490363e-05
0.7630783 0.4239195 0.1938513 0.09870598 0.05477093 0.02725725 0.005275972 0.002009757 0.0007457515 0.0002185945 6.669861e-05
0.8413436 0.5383856 0.2892363 0.1134524 0.04624996 0.01767603 0.004481463 0.002302666 0.0007094553 0.0002543952 7.698469e-05
0.9213101 0.7826593 0.679604 0.569251 0.4221493 0.1552982 0.02161231 0.005904552 0.001961596 0.0006126143 0.0001992003
0.8535546 0.5383523 0.3385729 0.1955833 0.1241107 0.0308735 0.01098587 0.002677662 0.0008640845 0.0002835988 7.023634e-05
0.9428048 0.8973658 0.7925274 0.5572712 0.2571354 0.1411222 0.03644823 0.009550896 0.002636087 0.0007667536 0.0002658652
0.9088351 0.7696574 0.4677563 0.1850386 0.0724676 0.05540953 0.03618982 0.008722703 0.002359091 0.0007966343 0.0002370214
0.8458556 0.5364565 0.2975403 0.1289712 0.07635991 0.03177352 0.00824718 0.00252514 0.000823309 0.0002518654 8.649946e-05
0.9005063 0.7601257 0.6458416 0.5149092 0.3551819 0.1339830 0.02252833 0.005610605 0.001515831 0.0004957847 0.0001595718
0.8401416 0.5291553 0.2573271 0.1080333 0.04896903 0.01804983 0.004444423 0.00191189 0.0005889003 0.00021336 5.989821e-05
0.8518378 0.5439019 0.3350502 0.1567069 0.0726876 0.02462818 0.005830257 0.002535170 0.0008243253 0.0002340658 8.867097e-05
0.9145241 0.8160101 0.7037875 0.5489674 0.2399728 0.07949445 0.01637078 0.005125599 0.001529773 0.0004704824 0.0001442014
0.960228 0.9661314 0.9883849 0.9985482 1 0.9418633 0.3540399 0.01975582 0.003801062 0.001126386 0.0003647347
0.9498682 0.9228703 0.8864242 0.7201895 0.609348 0.2355255 0.06009478 0.009913144 0.002551026 0.0008407096 0.0002604669
0.9339752 0.8835402 0.8637133 0.6730049 0.5001757 0.2275945 0.03395018 0.007872342 0.001948666 0.0007125849 0.0002117828
0.9485349 0.945898 0.9767741 0.975432 0.9896274 0.6808352 0.2076577 0.01872480 0.003871945 0.001232862 0.0003929951
0.8263075 0.5117383 0.2410009 0.1062685 0.04500934 0.01528671 0.003446605 0.001412053 0.0005473641 0.0001598456 5.117911e-05
0.9449141 0.9321814 0.9463918 0.924652 0.8547902 0.7130043 0.1964872 0.01990529 0.003892222 0.001215888 0.0003825577
0.9520342 0.953152 0.9690986 0.9929173 0.9596508 0.9081004 0.3576105 0.01751667 0.003588979 0.001169575 0.0003538604
0.90772 0.7235821 0.5716972 0.4201749 0.2383122 0.07998636 0.01225213 0.004642964 0.001432182 0.0004538235 0.0001604050
0.9027052 0.7716886 0.696688 0.6671728 0.3154647 0.08994052 0.02266151 0.005361067 0.001747295 0.0005249978 0.0001668989
0.9595085 0.9632163 0.981132 0.9935969 0.9725029 0.6820456 0.2442415 0.01749199 0.003516735 0.001035176 0.0003379226
0.8483807 0.5452649 0.1879916 0.06470326 0.02755179 0.01218390 0.003770836 0.001383299 0.0005433565 0.0001550781 4.364158e-05
0.8910256 0.7210561 0.5593389 0.2720727 0.1809442 0.04208694 0.02134256 0.005518371 0.001724459 0.0005197555 0.0001592295
0.943366 0.9178993 0.9106256 0.822937 0.4376978 0.3861513 0.1007212 0.01196803 0.003151475 0.0009987234 0.0003103166
0.9623279 0.9624698 0.9754716 0.9817175 1 0.9824593 0.4125298 0.02131568 0.00383659 0.001263327 0.0003882088
0.8739154 0.5938202 0.2887155 0.1176597 0.05520599 0.02234226 0.00568105 0.002404890 0.0007840608 0.0002439958 8.617241e-05
0.8721225 0.6705322 0.5250387 0.3975129 0.2968342 0.1041194 0.01518436 0.003798431 0.001257357 0.0003654655 0.0001173174
0.9574017 0.9513607 0.9510283 0.9437766 0.9696322 0.8821842 0.3211348 0.02012747 0.003823247 0.001245058 0.0003841541
0.8591373 0.6743733 0.5217972 0.4118285 0.2179565 0.0728672 0.009823514 0.00541919 0.001687555 0.0005182208 0.0001566222
0.906255 0.7778528 0.5893623 0.2658906 0.1677634 0.05362838 0.01552245 0.005835599 0.002155658 0.000653542 0.0002041064
0.9254923 0.83391 0.6536356 0.457555 0.2816164 0.08099962 0.01602247 0.004875422 0.001522134 0.0004652526 0.0001383798
0.8881931 0.6820792 0.5227395 0.3625874 0.2623666 0.1047092 0.02558284 0.008639414 0.002419793 0.0007431274 0.0002312483
0.9260088 0.8162034 0.728603 0.5022754 0.2706866 0.0770724 0.02008215 0.005280422 0.001635749 0.0005225153 0.0001611340
0.857034 0.5463457 0.3346829 0.1817411 0.07809393 0.02740537 0.005423664 0.002303219 0.0007223732 0.0002194121 7.645517e-05
0.9510102 0.9507187 0.9806105 0.990978 0.9767708 0.9047851 0.3421614 0.0176945 0.003420626 0.001031691 0.0003306018
0.8985704 0.7681555 0.635783 0.4440121 0.2817455 0.0597151 0.01297018 0.005057512 0.00155906 0.000433433 0.0001582691
0.9131541 0.8069052 0.6513744 0.3465636 0.1542297 0.05164298 0.01246212 0.004610868 0.001417341 0.0005416753 0.0001612622
0.9620327 0.9624297 0.9774291 0.9942925 0.9880973 0.8069957 0.2428965 0.02035446 0.003670273 0.001246480 0.0003829833
0.873421 0.6624059 0.4889413 0.3378757 0.2037501 0.06054095 0.01000082 0.003577859 0.001279716 0.0003567178 0.0001069407
0.889697 0.6627199 0.3580401 0.1610422 0.1044158 0.03911626 0.008246515 0.002940497 0.001112307 0.0003452098 0.0001238766
0.9507985 0.9521397 0.9662805 0.9894476 0.9813212 0.7090231 0.2036144 0.01618816 0.003463631 0.001154797 0.0003491512
0.8999388 0.7744846 0.7070731 0.5482576 0.3928503 0.09964661 0.02105776 0.006110915 0.001807018 0.0005727722 0.0001637843
0.8253153 0.5442756 0.3145327 0.1552457 0.04904004 0.01663946 0.003950501 0.001977993 0.0005981286 0.0001920288 6.161271e-05
0.943118 0.910116 0.8925357 0.6545778 0.3990035 0.1379549 0.02663196 0.00650584 0.001726110 0.0006302518 0.0002047047
0.9564134 0.9571753 0.9734977 0.9809488 0.976149 0.8296157 0.3087752 0.01916358 0.003797164 0.001143408 0.0003721282
0.898443 0.7257241 0.5363416 0.2283015 0.09304102 0.03282445 0.008393712 0.003133529 0.00109386 0.0003320624 0.0001127148
0.932077 0.8793485 0.8653986 0.6134572 0.3113778 0.1012147 0.02429182 0.007530887 0.002065428 0.0006292474 0.0002120796
0.9413194 0.9018366 0.8639916 0.755713 0.3508463 0.1435697 0.03848445 0.008091219 0.002409338 0.0007066742 0.0002305735
0.9295568 0.8549095 0.8242405 0.7029175 0.4217436 0.1462065 0.03061405 0.008486441 0.002594195 0.0007767941 0.0002579458
0.8989168 0.7334662 0.6193953 0.3691240 0.1927031 0.1152874 0.03947469 0.008958202 0.002509245 0.0007904722 0.0002696494
0.9481818 0.944281 0.9648334 0.9674504 0.9622792 0.6175876 0.2079135 0.01676275 0.003523337 0.001151269 0.0003547230
0.949367 0.9433729 0.9808053 0.9783118 0.9560497 0.7122557 0.2129401 0.01850372 0.003454469 0.001092432 0.000338747
0.9534244 0.942751 0.9154342 0.8092754 0.5915725 0.2379820 0.06350957 0.01066597 0.002517745 0.0007551148 0.0002447131
0.947362 0.94326 0.954368 0.9620806 0.9744019 0.5897623 0.2451240 0.01554099 0.003129176 0.001088769 0.0003385739
0.9546015 0.939359 0.9173749 0.9409385 0.850265 0.6340109 0.2479643 0.01708242 0.003531721 0.001043728 0.0003440421
0.9380616 0.906794 0.9142188 0.939258 0.9671185 0.4697487 0.1086011 0.01218707 0.00367043 0.001226245 0.0003718403
0.8814609 0.759293 0.6773789 0.5134723 0.3634192 0.2069357 0.0527808 0.01151628 0.003004567 0.0009562635 0.0002868962
0.938689 0.8986336 0.8972094 0.7873364 0.609516 0.2408331 0.03882665 0.00941861 0.002945324 0.000872866 0.0002858935
0.8185083 0.4362602 0.2024752 0.08533645 0.02710533 0.008546124 0.003327607 0.001311168 0.0004594754 0.0001356830 4.427077e-05
0.8121019 0.4444095 0.2211212 0.1064623 0.0349267 0.01422716 0.004768488 0.001363776 0.0004239584 0.0001364624 4.131869e-05
0.9463881 0.8810834 0.7440942 0.5376459 0.2581955 0.1285511 0.03256660 0.006973912 0.001993679 0.0006750643 0.0002251548
0.931431 0.886322 0.8619056 0.7411877 0.3633388 0.1434149 0.02902802 0.00694042 0.002150010 0.0006147434 0.000206155
0.9572398 0.9642394 0.9790392 0.9386913 0.8748586 0.6870367 0.1440566 0.01875956 0.003260831 0.001040632 0.0003315784
0.8854377 0.7319202 0.6120488 0.3258128 0.2559147 0.05882314 0.01888724 0.00680622 0.002224922 0.0006393586 0.0001962754
0.9363626 0.886823 0.8782477 0.8463985 0.616275 0.2437650 0.04930841 0.008319968 0.002417651 0.0007380273 0.0002407902
0.7894972 0.4135021 0.1298607 0.06493022 0.03198433 0.01599460 0.00459846 0.001702201 0.0006702747 0.0002102598 6.082313e-05
0.9369877 0.8882163 0.849121 0.7067477 0.337315 0.1499362 0.03726482 0.007459129 0.002279141 0.0006796846 0.000212774
0.9549413 0.956388 0.982871 0.9985466 0.9891032 0.8384076 0.2433431 0.01822809 0.003644134 0.001141825 0.0003580054
0.9551592 0.9512297 0.9584864 0.921497 0.8630713 0.5503818 0.1748782 0.01750404 0.003159435 0.001050393 0.0003075996
0.887548 0.6738032 0.454842 0.2312490 0.0916037 0.03336174 0.01015577 0.004244094 0.001474794 0.0004687052 0.0001561932
0.9524441 0.9295422 0.91665 0.870604 0.6029822 0.1786574 0.04454737 0.01188491 0.002648063 0.0009664668 0.0002843115
0.9504089 0.9143434 0.9274212 0.8988575 0.9172176 0.5409153 0.1010687 0.01727636 0.003855092 0.001125709 0.0003755141
0.8685196 0.6101234 0.2989909 0.1477466 0.06438876 0.06479961 0.02202780 0.005084829 0.001760880 0.0004664839 0.0001705099
0.9329508 0.871524 0.7828147 0.4898157 0.2371986 0.07793174 0.02053803 0.007311072 0.002114399 0.0007503371 0.0002085942
0.8647909 0.6034826 0.3629901 0.1701496 0.08014335 0.02654651 0.005920297 0.002238840 0.0007577672 0.0002723542 8.432573e-05
0.9444843 0.9369564 0.9354727 0.9380542 0.92582 0.2928053 0.09713124 0.01164524 0.003201383 0.0009404465 0.0003074603
0.9063224 0.7570848 0.4349815 0.1885584 0.09257973 0.04640357 0.01298738 0.003722714 0.001240706 0.0004697825 0.0001310913
0.9503963 0.9491905 0.9691176 0.9742543 0.9891582 0.8280606 0.3016254 0.01943399 0.003917806 0.001226959 0.0003908788
0.8714235 0.6238133 0.3352283 0.1954335 0.1153538 0.03670360 0.01123833 0.003134787 0.0009439441 0.0003228179 9.1617e-05
0.9449518 0.9413058 0.9617501 0.972634 0.9793992 0.8136673 0.2701292 0.01535534 0.003148177 0.001061471 0.000334361
0.9468136 0.920186 0.8853593 0.6707357 0.5763305 0.1741025 0.03303412 0.00827064 0.002347069 0.0007072237 0.0002420732
0.9314971 0.8597006 0.8115448 0.7222304 0.4581768 0.1614146 0.03538871 0.007523865 0.002185459 0.0006555865 0.0002027239
0.8823314 0.6255437 0.303029 0.09607588 0.03221856 0.01049842 0.003955209 0.001747578 0.0005422151 0.0001845865 5.346309e-05
0.955395 0.9332684 0.8987987 0.8116227 0.4342381 0.4406965 0.169469 0.01485252 0.003571506 0.001212646 0.0003688426
0.9003893 0.7581298 0.468873 0.2101679 0.0824129 0.03426717 0.01152700 0.003635118 0.001161103 0.0003620316 0.0001122603
0.948335 0.9535629 0.9686746 0.9872372 0.9357895 0.8256308 0.2017193 0.01567463 0.003532548 0.001132846 0.0003470024
0.9336371 0.879467 0.756919 0.5616689 0.3982897 0.1326434 0.02259493 0.006744333 0.002102544 0.0007168493 0.0002133601
0.9483781 0.9149369 0.8367064 0.6075591 0.3725382 0.1117629 0.02667171 0.007298758 0.002062895 0.0005931388 0.0002173309
0.9378904 0.8899325 0.839956 0.7453038 0.3407982 0.1544308 0.03223781 0.00714165 0.002159233 0.0006774221 0.0002162820
