0.8802894 0.6232624 0.2940119 0.1151584 0.05043808 0.01455346 0.004473494 0.001835451 0.0005799327 0.0001894551 5.808892e-05
0.9520274 0.9190097 0.902102 0.7566438 0.6472115 0.2194653 0.04362002 0.01044221 0.002659038 0.0008418995 0.0002948735
0.9123544 0.7929874 0.6567433 0.4497212 0.3199133 0.1094009 0.02969659 0.007627304 0.002175205 0.0007457322 0.0002290032
0.8773585 0.59356 0.3430212 0.1330125 0.04040339 0.01261709 0.004658154 0.002212387 0.0006651425 0.0002254357 6.95981e-05
0.8796472 0.6627246 0.3821286 0.1561516 0.07457895 0.03193153 0.006416694 0.003124121 0.001065087 0.0003119527 0.0001073716
0.8915288 0.6329324 0.3017532 0.1030875 0.03691462 0.009282572 0.003794829 0.001442841 0.0005918535 0.0001883609 6.089107e-05
0.94377 0.9229306 0.8095587 0.8040208 0.6283493 0.2879196 0.07658267 0.01085121 0.003292866 0.0009865169 0.0003402682
0.9600568 0.96018 0.9637598 0.9674037 0.9693752 0.8650642 0.2789621 0.0240342 0.004151432 0.001261064 0.0004198679
0.9497423 0.956218 0.9819874 0.946264 0.7838563 0.5674712 0.1015670 0.01243602 0.002978533 0.0009445138 0.0002879749
0.9274506 0.8796909 0.7952276 0.8267213 0.5918431 0.2240680 0.0415166 0.006338902 0.00175119 0.0005997057 0.0001870972
0.9377831 0.8856695 0.7746489 0.6465564 0.3353907 0.1289714 0.02623269 0.006117722 0.001966854 0.000695175 0.0002112761
0.8853057 0.6891998 0.4118463 0.2048429 0.1129926 0.05115685 0.01075574 0.004781022 0.001660979 0.0005421437 0.0001783717
0.9355113 0.864027 0.8043217 0.5787158 0.231911 0.07138281 0.02017942 0.006099514 0.00163395 0.0005037849 0.0001727311
0.9403253 0.8933648 0.880244 0.6921293 0.3940799 0.2138396 0.04426495 0.008145681 0.002354563 0.0007361331 0.0002202237
0.961214 0.9612282 0.9873623 1 0.9580033 0.7126287 0.3824222 0.02391003 0.003758470 0.001256793 0.0003764658
0.8495171 0.5675377 0.2404279 0.09734513 0.03986411 0.01391283 0.004307357 0.001952257 0.0005370368 0.0001632988 5.564796e-05
0.8160007 0.4856089 0.2725851 0.115467 0.04842861 0.01567283 0.004293632 0.001669833 0.0005741739 0.0002244681 5.974718e-05
0.9134478 0.7621613 0.577662 0.3619945 0.1774516 0.07575063 0.01540867 0.004380467 0.001556267 0.0005235355 0.0001493324
0.8991675 0.6880083 0.4595 0.2585636 0.1291386 0.06102653 0.01390142 0.003702262 0.001110367 0.0003608478 0.0001178230
0.8465154 0.5073226 0.2469916 0.101495 0.0391144 0.01502268 0.003411119 0.001592542 0.000526433 0.0001464351 5.690439e-05
0.9550132 0.9639935 0.9749533 0.9782455 0.9273314 0.631407 0.1822520 0.01807041 0.003718876 0.001179304 0.0003808825
0.9489568 0.9437806 0.967424 0.9694433 0.9234125 0.4713904 0.1116604 0.01363214 0.003010168 0.0009665644 0.0003022343
0.9500873 0.9497078 0.961073 0.995382 0.993978 0.9660135 0.3544909 0.01706379 0.003607582 0.001110925 0.000339687
0.9297092 0.9069598 0.9221104 0.971259 0.8971013 0.5459755 0.1082808 0.01359898 0.003152523 0.001011877 0.0002973873
0.9345223 0.8941171 0.8389554 0.6950306 0.3123786 0.1728483 0.05001497 0.008505253 0.002360309 0.0007626261 0.0002200168
0.9574962 0.9683944 0.9730305 0.9824745 0.912891 0.437209 0.1724441 0.01740597 0.003566784 0.001156108 0.0003713344
0.9204159 0.8178048 0.6885537 0.4972524 0.2781512 0.1089777 0.01806498 0.005864325 0.001878446 0.0006193851 0.0002128383
0.9487021 0.917374 0.8964434 0.899604 0.6410612 0.1744270 0.03237105 0.007727987 0.002282892 0.0006864478 0.0002290777
0.9540253 0.9469412 0.9671591 0.9551184 0.7206701 0.4303343 0.08463194 0.01383302 0.003025304 0.0009978312 0.000314343
0.9527358 0.9681996 0.986902 0.9955195 0.9813472 0.9085547 0.2998727 0.01662470 0.003510614 0.001084195 0.0003272642
0.9057845 0.6749431 0.3908838 0.1861897 0.09183077 0.03768179 0.01010358 0.003232481 0.0009642059 0.0003134113 0.0001090905
0.826783 0.4855271 0.2377132 0.1008903 0.04487761 0.01900015 0.00453834 0.001779936 0.0006078352 0.0002213757 6.587742e-05
0.9416304 0.9324109 0.9549554 0.9222374 0.825217 0.5508447 0.1902426 0.01815785 0.003700979 0.001207160 0.0003787749
0.9133442 0.7985951 0.7040789 0.4931483 0.3387753 0.08583653 0.01915946 0.005348916 0.001727299 0.0004915793 0.0001613812
0.9475002 0.9500165 0.9654967 0.9929958 0.9711858 0.7460672 0.20882 0.01507842 0.003485674 0.001054571 0.0003447296
0.9547627 0.9590433 0.9797602 0.994825 0.9927963 0.9591122 0.5391664 0.01710488 0.003463488 0.001094072 0.0003417512
0.9496633 0.9488146 0.9610422 0.9983681 0.9701193 0.8794354 0.3473417 0.01851605 0.003627017 0.001111637 0.0003434641
0.8851516 0.72038 0.5874222 0.4194487 0.2171074 0.0951301 0.02891496 0.006366237 0.002013396 0.0006672698 0.0001948806
0.8449975 0.5139917 0.2181078 0.09296298 0.0416872 0.02988533 0.01287668 0.004282514 0.001990147 0.0005477809 0.0001723351
0.8964846 0.7674453 0.6507346 0.5721325 0.4493276 0.1604254 0.02533510 0.005496802 0.001604571 0.0005016516 0.0001626951
0.932916 0.8499316 0.7349305 0.4602734 0.2395251 0.09982665 0.02356176 0.005768225 0.001664653 0.0005234387 0.0001701649
0.9366525 0.8964237 0.8750444 0.828606 0.6896787 0.5440279 0.06967304 0.009063635 0.002526196 0.0007977928 0.0002181796
0.8317761 0.5271216 0.3059042 0.1257783 0.0556539 0.01710295 0.003926585 0.002250233 0.0007418546 0.0002096663 6.980455e-05
0.8911573 0.6880414 0.4211336 0.1871377 0.07766533 0.02607771 0.008311422 0.003112995 0.001123604 0.0003289386 0.0001187200
0.944315 0.8894363 0.8164259 0.7606286 0.5204046 0.3066981 0.04704148 0.007842305 0.002320755 0.0006783221 0.0002287706
0.9157116 0.8231223 0.7112445 0.586435 0.2749268 0.1039252 0.0204104 0.005494728 0.001639839 0.0005051488 0.0001574485
0.9555061 0.9501948 0.9316796 0.8860463 0.7043251 0.2226697 0.07069929 0.01107979 0.003248201 0.0009733425 0.0003294922
0.9054934 0.8106181 0.6462631 0.4310162 0.2631579 0.2294612 0.04357085 0.01189226 0.002846536 0.0008442627 0.0002549914
0.8524931 0.5543528 0.313029 0.1521573 0.07509021 0.02987059 0.007957914 0.002224168 0.0007309751 0.0002253501 7.77047e-05
0.937486 0.8742998 0.7720633 0.676684 0.3514803 0.1393321 0.02954759 0.006279394 0.001993838 0.0006364853 0.0002089873
0.9226658 0.8351488 0.7684702 0.5532054 0.3000145 0.06982767 0.01652216 0.005087403 0.001695993 0.0005155276 0.0001878324
0.9554894 0.915928 0.889029 0.6811587 0.3027486 0.1672432 0.06930894 0.01139751 0.002646507 0.000813233 0.0002497547
0.8395544 0.5086381 0.2438561 0.116886 0.0415529 0.01424518 0.004339566 0.001923963 0.0006245336 0.0001959583 5.971662e-05
0.9468061 0.9208938 0.8776297 0.7467452 0.4430165 0.1506477 0.02273613 0.006002956 0.001723905 0.0005450456 0.0001871183
0.9446618 0.8814444 0.7907278 0.6086688 0.3066915 0.1207273 0.03360553 0.006709442 0.001886979 0.0005636183 0.0001880315
0.9275637 0.8791296 0.8453566 0.8187885 0.7758395 0.4668972 0.09044082 0.01482754 0.003464052 0.001115958 0.000340945
0.9077194 0.7421952 0.5548143 0.4257554 0.3198984 0.07883166 0.01807384 0.005124253 0.001596236 0.000524542 0.0001513935
0.9429308 0.9101153 0.8064763 0.6991912 0.41389 0.1331134 0.03813096 0.007443917 0.001997609 0.0006067762 0.0002002195
0.8714005 0.6688025 0.5121281 0.4282487 0.2499513 0.05204674 0.01133557 0.004395636 0.001185374 0.0004010811 0.000130355
0.8888055 0.648982 0.2974391 0.1104041 0.06278128 0.02236952 0.006034496 0.002491011 0.000868812 0.0002498172 8.428808e-05
0.8554526 0.5941215 0.3098204 0.1476208 0.06208989 0.01877008 0.005213671 0.001912363 0.0007293267 0.0003000298 7.238002e-05
0.8749828 0.5961969 0.2649755 0.08728754 0.03458862 0.01187016 0.005408296 0.001939078 0.0007396721 0.0002289781 6.967726e-05
0.8000416 0.4914644 0.2539037 0.1545866 0.06511481 0.02318475 0.007304806 0.001948095 0.0006037579 0.0001877147 6.105364e-05
0.8364363 0.5198292 0.2630228 0.1114325 0.04732708 0.01802175 0.005627087 0.003029632 0.000733889 0.0002363394 7.470278e-05
0.9027486 0.7894372 0.6552665 0.5171516 0.2974728 0.1053506 0.01986950 0.005425082 0.001843631 0.0005582868 0.0001770309
0.8909877 0.6479911 0.5139222 0.3603945 0.2320728 0.0723104 0.01811866 0.004571109 0.001477158 0.0004378994 0.0001465164
0.9283135 0.847198 0.8043392 0.5945246 0.4030219 0.1228209 0.02733225 0.00865288 0.002331375 0.0007475283 0.0002717815
0.9094512 0.7601723 0.5409579 0.1864669 0.06965334 0.06750279 0.04114169 0.007436311 0.002370644 0.0008044216 0.0002597948
0.8481065 0.5411083 0.2905560 0.1493295 0.0787719 0.02660017 0.008892265 0.002167514 0.0007442554 0.0002962255 7.453902e-05
0.8964804 0.7620775 0.6438923 0.5713047 0.4239904 0.1503005 0.02500924 0.005496802 0.001604571 0.0005005485 0.0001626951
0.8249053 0.5378453 0.3089047 0.1210802 0.04667206 0.02003061 0.004650947 0.002007484 0.0007292458 0.0002191811 6.68152e-05
0.8277603 0.5134829 0.2694268 0.1144072 0.04747338 0.01892463 0.005279595 0.002922292 0.0006823134 0.0002370075 6.592733e-05
0.9255622 0.8294292 0.6700234 0.543262 0.3515499 0.08575594 0.02053416 0.005165855 0.001459004 0.0004889638 0.0001449795
0.9523129 0.9681438 0.9854772 0.9833119 1 0.8444987 0.2556571 0.01830188 0.003584286 0.0011322 0.0003506828
0.9435235 0.9195705 0.8570247 0.6924496 0.3502085 0.1896977 0.04151051 0.009022693 0.002540888 0.0008066376 0.0002607844
0.912167 0.8086925 0.6942 0.547643 0.2570891 0.1015371 0.02037505 0.0052834 0.001636691 0.0005371631 0.0001558220
0.9570168 0.9576922 0.9699216 0.9800394 0.984393 0.8731953 0.2561628 0.0176174 0.003881768 0.001253656 0.0003948625
0.8392258 0.5403037 0.298752 0.1370325 0.04852779 0.01850565 0.004580979 0.002092843 0.0006744759 0.0002188803 6.492134e-05
0.9464534 0.9452895 0.9647023 0.9783982 0.9461067 0.6829347 0.1939880 0.01574242 0.003503491 0.001038955 0.0003272248
0.958311 0.9640412 0.9792636 0.9912124 0.978051 0.85753 0.5245489 0.01795868 0.003586594 0.001144035 0.0003543625
0.8832862 0.7103144 0.5822727 0.4552037 0.2646820 0.0545441 0.01174107 0.004483847 0.001259806 0.0004150492 0.0001375247
0.9249796 0.8226265 0.7392463 0.591469 0.3980194 0.1021118 0.02398511 0.006178125 0.001878231 0.0005728543 0.0001850845
0.9550847 0.9598427 0.9635233 0.975337 0.8074752 0.5391061 0.1374955 0.01434752 0.003107083 0.0009995016 0.0003315642
0.8530304 0.555167 0.2334035 0.07747703 0.02914437 0.01267918 0.004530215 0.002228497 0.0006286387 0.0001981032 6.700762e-05
0.9037143 0.7866617 0.5958781 0.3442152 0.1514087 0.04734276 0.0155423 0.005566566 0.002419602 0.0006540674 0.0001991338
0.9534841 0.935659 0.9382029 0.8910225 0.5282085 0.5467968 0.1364372 0.01403869 0.00324753 0.001048759 0.0003325573
0.9605947 0.9622973 0.974219 0.9844897 1 0.9528063 0.5157889 0.02594161 0.004343022 0.001297209 0.00043025
0.8541092 0.5256205 0.2735136 0.1155775 0.05307307 0.02408207 0.005304254 0.002175085 0.0007223676 0.0001966953 7.584507e-05
0.9089236 0.8308772 0.7228824 0.6918386 0.3716869 0.2750627 0.03591382 0.005018269 0.001928031 0.000596458 0.0002065746
0.957702 0.9563778 0.964124 0.9487794 0.9046684 0.9127402 0.3671945 0.02133242 0.003964935 0.001282783 0.0003912638
0.8779127 0.6904536 0.5614826 0.4301869 0.2614471 0.0540389 0.01074765 0.004310174 0.001245623 0.0003967443 0.0001374927
0.8832501 0.6952948 0.4276836 0.1924141 0.08479847 0.04279635 0.01215857 0.005591421 0.001558384 0.0004188583 0.0001647095
0.9267002 0.8392044 0.6926784 0.4649057 0.2530699 0.07968248 0.01492877 0.005402726 0.001535385 0.0004866328 0.0001651965
0.8796546 0.6992977 0.5424392 0.3586088 0.2078029 0.08928815 0.03120125 0.008030649 0.002224333 0.0007739406 0.0002693082
0.9165882 0.7650325 0.6186227 0.441277 0.2108880 0.07941318 0.0160559 0.004852981 0.001409440 0.0004728276 0.0001517008
0.8509811 0.5276388 0.2893512 0.1498932 0.06052927 0.01869718 0.005401668 0.001860003 0.0007083657 0.0002508279 6.698603e-05
0.9602639 0.959491 0.9736084 0.9829521 0.9792388 0.934608 0.4159443 0.02657969 0.00426545 0.001276483 0.0004265097
0.8966989 0.7324447 0.5588712 0.3851231 0.1841517 0.06410834 0.01374659 0.004375171 0.001467143 0.0004554496 0.0001437150
0.9232154 0.831414 0.6922718 0.3987969 0.1842094 0.05968112 0.01360060 0.004443628 0.001605028 0.0005192517 0.0001816040
0.9573935 0.9585519 0.9744299 0.9830705 0.9743927 0.6966077 0.2617073 0.02198997 0.003916207 0.001243599 0.0003961083
0.908806 0.8035086 0.7159117 0.5966558 0.2568368 0.108055 0.01829944 0.004930729 0.00163431 0.0005665221 0.0001841825
0.8907688 0.6990038 0.3268382 0.1272805 0.05246567 0.03971211 0.01939248 0.005544564 0.002546022 0.0007276316 0.0002287967
0.95869 0.9501705 0.9558193 0.9775087 0.9513058 0.8077196 0.2307585 0.02274595 0.004210876 0.001254472 0.0004074369
0.897775 0.7489843 0.6023467 0.4644197 0.2692420 0.09156562 0.01943730 0.005234936 0.001956905 0.0006107834 0.0001874444
0.8428316 0.5939645 0.3888184 0.1963853 0.0717691 0.02210006 0.004494315 0.002077344 0.0006635586 0.0002226741 7.071128e-05
0.951853 0.9288585 0.9018354 0.7917406 0.5266041 0.2308926 0.03852494 0.009671065 0.002495803 0.0007366302 0.0002482297
0.9541788 0.9508213 0.956562 0.9261861 0.921324 0.7695664 0.1875062 0.0177755 0.003830006 0.001260023 0.0003954653
0.8962645 0.7263342 0.5488334 0.2356674 0.08456657 0.02862813 0.007787773 0.003436897 0.001239824 0.0003542967 0.0001227019
0.9394442 0.877841 0.8719064 0.7583674 0.3111747 0.0980468 0.02363371 0.006137789 0.001855503 0.0005746534 0.0001826024
0.9490428 0.9315638 0.924175 0.7923812 0.3823376 0.2668256 0.07053223 0.01014096 0.002592955 0.0008497974 0.0002468934
0.9089995 0.815882 0.7134492 0.5199222 0.2774161 0.0750766 0.01923373 0.005394554 0.001934217 0.0006284884 0.0002023855
0.9042362 0.7929608 0.698228 0.4417953 0.2003795 0.06745524 0.02074453 0.006059396 0.002612700 0.0008101295 0.0002329552
0.9499579 0.9540225 0.9746128 0.9958992 0.9654644 0.7042626 0.2258679 0.01581149 0.003627533 0.001102285 0.0003519715
0.950845 0.9615445 0.9757271 0.974364 0.9709064 0.6372636 0.2011657 0.01681348 0.003513515 0.001109384 0.0003434003
0.9428653 0.92109 0.849729 0.6981098 0.3491287 0.1279949 0.02651273 0.007294187 0.002268878 0.000678824 0.0002192485
0.9522462 0.9497366 0.969254 0.977301 0.9239251 0.8068674 0.273874 0.01475298 0.003290518 0.001048539 0.0003222771
0.9455106 0.9252195 0.9114879 0.8525662 0.8093018 0.3390752 0.1330320 0.01436185 0.003190847 0.001064589 0.0003186826
0.9336522 0.9213055 0.957669 0.9889569 0.861033 0.6647064 0.1615620 0.01472525 0.003407407 0.001016668 0.0003430741
0.899726 0.7650535 0.6482063 0.4915175 0.2760361 0.1222773 0.04336749 0.008273626 0.002873343 0.0008902711 0.0002616546
0.9201862 0.8412279 0.8065341 0.6827108 0.4529198 0.094188 0.02006405 0.005064808 0.001473076 0.0004867528 0.0001575580
0.8300911 0.4811382 0.2161904 0.08747457 0.03147068 0.007627548 0.002684275 0.001156573 0.0003894127 0.0001204216 4.319316e-05
0.8338919 0.5099174 0.2566126 0.1165619 0.05197044 0.01446419 0.005034016 0.001693887 0.0005241814 0.0001823635 5.730575e-05
0.9433334 0.873074 0.7832546 0.5520616 0.3821405 0.1090229 0.02014094 0.006114773 0.002043043 0.0006388913 0.0002268052
0.932899 0.8935038 0.818277 0.7923595 0.5676609 0.1309807 0.03797395 0.007195552 0.001953153 0.0006115083 0.0001839461
0.9501654 0.9505226 0.9621564 0.9878916 0.9239688 0.8485419 0.2578358 0.01859109 0.003565958 0.001084234 0.0003399959
0.889644 0.7373718 0.6211951 0.4772151 0.2509310 0.1081081 0.02490991 0.006966542 0.002398129 0.0008039429 0.0002392557
0.9306057 0.8844946 0.7615831 0.8072855 0.4563741 0.2341805 0.04729355 0.007445947 0.001967724 0.0006086334 0.0001990498
0.8603774 0.5375585 0.2828156 0.1141584 0.05562169 0.03034138 0.006462674 0.002282497 0.0008345495 0.0002289353 8.350746e-05
0.9445678 0.9045097 0.8723088 0.79496 0.4241930 0.1757972 0.03584204 0.007027037 0.002162652 0.0006420159 0.0002166774
0.9565021 0.95736 0.965379 0.9647065 0.9890964 0.8203672 0.2902349 0.01991954 0.003989907 0.001286911 0.0004027216
0.9504882 0.9538925 0.9795112 0.9743382 0.8267322 0.648315 0.1790883 0.01711855 0.003648223 0.001119855 0.0003403999
0.8347654 0.5165041 0.2509353 0.116955 0.05451956 0.01431723 0.004165581 0.001848086 0.0006696262 0.0002058051 6.5627e-05
0.9404669 0.8983463 0.8324626 0.7254098 0.3604651 0.1870196 0.03798745 0.009616777 0.002409128 0.0007853359 0.0002649961
0.9386199 0.9102993 0.9094384 0.9554845 0.8973835 0.4948042 0.1125335 0.01377336 0.003501362 0.001048301 0.0003276382
0.8537057 0.5854556 0.2979303 0.1243387 0.05671698 0.06520455 0.02181806 0.005652261 0.001806196 0.0005319731 0.0001776354
0.9419506 0.867703 0.7854944 0.5177076 0.1915700 0.08104557 0.02132620 0.005496845 0.001565929 0.0004897583 0.0001766152
0.8460554 0.536063 0.3541053 0.1642762 0.06553942 0.02708543 0.005208669 0.002242275 0.0007646069 0.0002286372 8.246376e-05
0.9513125 0.9368213 0.9368756 0.9507403 0.9425692 0.3308817 0.07990981 0.01202286 0.003111401 0.0009711008 0.000309283
0.8930652 0.6076619 0.3434257 0.1687594 0.08098137 0.0340834 0.008564192 0.003221819 0.0009734398 0.000323056 0.0001159000
0.94635 0.955823 0.9722794 0.983749 0.970654 0.9068601 0.2298474 0.01558334 0.003424021 0.001079448 0.0003296827
0.8622072 0.5918241 0.3241753 0.2249105 0.1142637 0.05573427 0.01251798 0.002403996 0.0007120403 0.0002558201 8.088058e-05
0.9429375 0.9360122 0.9533614 0.996534 1 0.6980394 0.2618328 0.01684328 0.003558191 0.001076798 0.0003332978
0.95226 0.9365779 0.9277722 0.8244567 0.4425507 0.3772048 0.06742609 0.01022771 0.002565625 0.0008395895 0.0002564843
0.9454527 0.8979592 0.8680085 0.8733908 0.6210299 0.1897683 0.04160565 0.007505544 0.002279809 0.0006875203 0.0002202504
0.8760844 0.5869418 0.3059882 0.1024098 0.03006420 0.01008163 0.004518959 0.001583002 0.0006011208 0.0002012730 5.758426e-05
0.9427678 0.9212883 0.875124 0.764969 0.3182318 0.1679676 0.03906295 0.008756084 0.00260697 0.000781209 0.0002702688
0.9113588 0.7201398 0.460153 0.2131826 0.1005431 0.04994018 0.01158513 0.003864862 0.001205394 0.0003701884 0.0001234920
0.9502859 0.9589457 0.9800072 0.9934106 0.959416 0.6263555 0.1591941 0.01490426 0.0034361 0.00106032 0.0003321946
0.9491318 0.907512 0.873059 0.7283643 0.5428152 0.1348809 0.02348907 0.006480375 0.002070749 0.0006654656 0.0002292354
0.9573408 0.9381684 0.8957314 0.7090694 0.4490642 0.2552617 0.06241318 0.009964816 0.002350889 0.0007323106 0.000238963
0.9438881 0.9207225 0.8715235 0.8425142 0.49376 0.2311605 0.0495373 0.008396812 0.002470044 0.0007945871 0.0002638468
