0.8757007 0.6431257 0.3140813 0.1220841 0.03884443 0.01546403 0.003973941 0.001824550 0.0005717991 0.0002016342 6.03782e-05
0.9393098 0.892411 0.8052237 0.6042225 0.3448964 0.1268470 0.039929 0.00939391 0.002257127 0.0006742694 0.0002123094
0.904802 0.79746 0.7115175 0.4870453 0.2947222 0.1325934 0.02897306 0.00833731 0.002202388 0.0007462359 0.0002529735
0.873097 0.6132211 0.344297 0.1063956 0.0330985 0.01062245 0.003685614 0.001519303 0.0005104942 0.0001394683 5.118967e-05
0.8833294 0.6170143 0.3652014 0.1626739 0.083384 0.03040231 0.006872212 0.002809383 0.0009856664 0.0003662880 0.0001255847
0.8837992 0.6546737 0.3394255 0.08967335 0.02849645 0.01105451 0.003823195 0.001535419 0.0005286789 0.0001471766 5.30724e-05
0.9409528 0.8964364 0.843946 0.73752 0.5789982 0.2487680 0.09799804 0.01166854 0.003212535 0.001028898 0.0003237762
0.9491017 0.94385 0.9483603 0.9385607 0.8155886 0.421059 0.1300866 0.01408576 0.003229868 0.0009854407 0.0003212157
0.9496365 0.9562117 0.9649734 0.982746 0.9306425 0.7143275 0.1501249 0.01733504 0.003507818 0.001043179 0.0003290234
0.9215692 0.874852 0.8763703 0.8329474 0.5734094 0.2749036 0.04711994 0.006459699 0.001933102 0.0006403141 0.0001987679
0.9335667 0.8540905 0.7037763 0.5357249 0.3654618 0.084387 0.01792256 0.005791012 0.001588287 0.0004854687 0.0001891898
0.8909104 0.7081439 0.4082728 0.2045491 0.1339377 0.05185236 0.01274923 0.004512741 0.001606949 0.0005417389 0.0001770652
0.9505765 0.93807 0.9492672 0.9296296 0.5588659 0.1679519 0.03727378 0.006807432 0.002201106 0.0006915183 0.0002370961
0.9388249 0.8468647 0.7283887 0.4869766 0.2316899 0.08244388 0.01902163 0.004940977 0.001683856 0.00053658 0.0001674603
0.9532077 0.9548055 0.9820827 0.9899002 0.958441 0.6754022 0.1978830 0.01917728 0.003607741 0.001137417 0.0003624131
0.8778032 0.5932523 0.2723794 0.1225048 0.04589101 0.01499139 0.005071973 0.002019324 0.0006780688 0.0002118419 6.882252e-05
0.8106365 0.476209 0.2565689 0.1047122 0.03941227 0.01536005 0.004839341 0.002180460 0.0008448493 0.0002375315 8.621417e-05
0.9155277 0.7438376 0.576137 0.4167665 0.1781538 0.06420582 0.01746702 0.004393203 0.001478969 0.0004893493 0.00013698
0.8787535 0.6506005 0.3764706 0.2017840 0.08927412 0.03405061 0.008787438 0.002873753 0.001120748 0.0003286964 0.0001033556
0.8574607 0.5320099 0.2413998 0.09695727 0.0423099 0.01605194 0.004890874 0.002072907 0.0006358366 0.0002160261 6.142657e-05
0.9500623 0.9493513 0.9631272 0.9922093 1 0.7616623 0.1844022 0.01690661 0.003446668 0.001074501 0.000335305
0.9454448 0.943413 0.9509146 0.9767412 0.9438364 0.5617551 0.1568109 0.01416573 0.003255610 0.001020504 0.0003170315
0.9537419 0.9700042 0.9841586 0.9933852 0.9595435 0.7159974 0.2242895 0.01855243 0.003813824 0.001192965 0.0003743536
0.9239302 0.8904332 0.9172809 0.9765763 0.9499495 0.7086919 0.1626397 0.01409691 0.003230978 0.001002405 0.0003024285
0.9366304 0.8652896 0.8041625 0.5293075 0.3478578 0.1377107 0.03853336 0.01055126 0.002540188 0.0009220675 0.0002715283
0.961201 0.9592127 0.9823089 0.9969046 0.9933001 0.8439322 0.3032860 0.01847868 0.00355638 0.001153717 0.0003695107
0.9242903 0.8381759 0.6385886 0.3954887 0.24684 0.0809838 0.01488322 0.004213605 0.001582957 0.0004754055 0.0001602320
0.939886 0.892665 0.8690117 0.6782087 0.4284112 0.1908941 0.03588732 0.01067499 0.002564334 0.0009311198 0.0002731079
0.9450326 0.9266102 0.9166667 0.8979915 0.6173362 0.2513853 0.09067007 0.01218315 0.003003977 0.0009053878 0.0002792261
0.9515341 0.9545506 0.984158 0.995936 1 0.9113714 0.3491398 0.01655921 0.003454978 0.001072447 0.0003379806
0.8888178 0.6109186 0.3322183 0.1698975 0.07922952 0.02853479 0.007586233 0.002927846 0.0009678905 0.0003125943 0.0001152358
0.8504933 0.5503216 0.3280513 0.1303788 0.06360748 0.02099705 0.005111066 0.002114971 0.0006959099 0.0002488388 9.201342e-05
0.9295711 0.8950873 0.9171862 0.951112 0.824301 0.8410248 0.2056432 0.01743547 0.00337821 0.001073211 0.0003326078
0.8818426 0.7121488 0.5792585 0.4011925 0.2658062 0.06036309 0.01723440 0.005270251 0.001938602 0.0005453213 0.0001649899
0.948258 0.9397121 0.9642747 0.9865706 0.9817827 0.8439397 0.2261279 0.01635290 0.003422530 0.001077226 0.0003272806
0.9533678 0.9556368 0.9848346 0.9961688 1 0.8048768 0.3351301 0.01897727 0.003667151 0.001146029 0.0003642757
0.9599251 0.9575238 0.982747 0.9926123 0.9869236 0.8944188 0.2996912 0.01880102 0.003521476 0.001147507 0.0003644048
0.905573 0.8109183 0.734547 0.4967226 0.2655572 0.1297094 0.03758339 0.009234053 0.002486260 0.000797581 0.000262984
0.8766168 0.6059817 0.3071295 0.1349605 0.05853673 0.01721390 0.005018008 0.002331078 0.000741292 0.0002351530 8.337128e-05
0.9053789 0.7496088 0.6891047 0.5800297 0.4347353 0.1480282 0.02351125 0.004723285 0.001423755 0.0004737963 0.0001360998
0.9204748 0.8344887 0.6915754 0.4460458 0.192275 0.05364413 0.01702122 0.006012813 0.001518332 0.0004456178 0.0001453381
0.926677 0.8609378 0.8140388 0.7944403 0.5584747 0.2080595 0.03145266 0.005876666 0.001587810 0.0005819063 0.0001977353
0.8322875 0.4930829 0.2874169 0.1215371 0.04491454 0.01374757 0.003725118 0.001699675 0.0005132471 0.0001704703 6.552226e-05
0.8754941 0.6306302 0.3454287 0.1558961 0.05696947 0.02174131 0.0059926 0.002801946 0.0008513121 0.0003180213 9.455761e-05
0.9191078 0.7727394 0.5496411 0.2906022 0.1595619 0.05851339 0.01578605 0.00544901 0.001745540 0.0006176952 0.0001651664
0.9156326 0.8445448 0.8306864 0.7089713 0.3225454 0.1196260 0.01978396 0.005664439 0.001613239 0.0005421747 0.0001551013
0.9634573 0.9548185 0.9534433 0.9221799 0.709582 0.3700017 0.1005927 0.01469748 0.003154805 0.001001325 0.0003339832
0.8903645 0.7552999 0.5854988 0.3519546 0.2013046 0.09012162 0.02501052 0.007621709 0.002176536 0.0007062153 0.0002116519
0.8607222 0.5657586 0.2866837 0.1286275 0.05068244 0.01686757 0.006616076 0.002114715 0.0007359372 0.0002453185 7.543337e-05
0.9404442 0.8385227 0.7015495 0.4421751 0.1852933 0.06787082 0.01547185 0.004398723 0.001628915 0.0005088863 0.0001611809
0.9236818 0.8298043 0.7431173 0.522668 0.2217491 0.05861412 0.01713473 0.0044324 0.001444866 0.0004147058 0.0001546717
0.9449707 0.8872286 0.8377469 0.5636522 0.3073814 0.09189184 0.02585274 0.007285294 0.002164292 0.0007366172 0.000221138
0.8683383 0.5988666 0.3577307 0.1601020 0.08164992 0.02874873 0.006821047 0.002875902 0.0009604524 0.0003295666 0.0001178706
0.9592756 0.9356652 0.9237624 0.7930696 0.3327543 0.1677180 0.02635160 0.006205868 0.002040421 0.0006567333 0.0001987959
0.9313928 0.8530947 0.7305857 0.5771055 0.3059103 0.0808888 0.01647533 0.005991978 0.001559102 0.0005039084 0.0001897650
0.912414 0.8022429 0.7394628 0.6285456 0.6461749 0.2228379 0.06260888 0.01130733 0.003065100 0.000946096 0.0003157683
0.9336318 0.856991 0.8033713 0.578717 0.322883 0.1583415 0.03793254 0.009464094 0.002347679 0.0009116713 0.0002608780
0.9621112 0.947587 0.940874 0.8127796 0.4149272 0.3014671 0.03862610 0.009232563 0.002626079 0.0008675168 0.0002635652
0.8758852 0.6917916 0.5081878 0.3939498 0.3075082 0.08671207 0.01742611 0.005488651 0.001616406 0.0005124511 0.0001644051
0.8871198 0.6645922 0.3255966 0.1224281 0.06888857 0.02214579 0.006327674 0.002759289 0.0009298827 0.0003048682 8.10007e-05
0.8472466 0.5581756 0.2637045 0.1347223 0.04976488 0.01959622 0.005392115 0.002023747 0.000716335 0.0002310824 7.388665e-05
0.8959197 0.650192 0.2666786 0.09221276 0.03607456 0.01227274 0.005594562 0.001806977 0.000632958 0.0002105161 6.66227e-05
0.8095541 0.4886137 0.2436573 0.1061922 0.05262374 0.01915055 0.005358582 0.001699622 0.000558874 0.0001948477 5.481331e-05
0.8453211 0.5487119 0.3506195 0.1682498 0.08056032 0.02674797 0.006004222 0.002430572 0.0008994779 0.0002926818 9.312334e-05
0.9145194 0.8199513 0.7066648 0.6816978 0.3619457 0.09294507 0.0201313 0.006689524 0.001918323 0.0005605812 0.0001696306
0.8667457 0.5502947 0.3323972 0.1566842 0.09775266 0.03444749 0.009557874 0.003361812 0.001201528 0.0003894897 0.0001186918
0.9265823 0.8566749 0.7522284 0.529035 0.2860429 0.09143687 0.02690896 0.00871858 0.002129137 0.0006180641 0.0001949630
0.9015461 0.7323474 0.6118016 0.4379376 0.2339619 0.09009981 0.02894562 0.006776798 0.001774543 0.0005879703 0.0002029541
0.8788174 0.5913999 0.3119444 0.1770252 0.1024275 0.03954614 0.009841461 0.002608148 0.0009871807 0.0003040784 0.0001086156
0.8931442 0.7694952 0.6301139 0.5237797 0.3903216 0.1198888 0.02912481 0.004792477 0.001622279 0.0005196099 0.0001617620
0.8537802 0.5595919 0.2656672 0.1098953 0.04260466 0.01589089 0.004969597 0.002057493 0.0007209589 0.0002333439 7.789076e-05
0.8797432 0.6131615 0.3492191 0.1685162 0.07918404 0.0261685 0.006166652 0.002623678 0.0009965322 0.0002960185 0.0001035618
0.9275428 0.834138 0.684984 0.5385151 0.3747104 0.09265327 0.0198967 0.005640392 0.001432099 0.0004924749 0.0001694542
0.9531406 0.9701667 0.9867397 0.9938511 0.955762 0.8098009 0.2300008 0.01935249 0.003797703 0.001190046 0.0003725598
0.9482478 0.906134 0.8642937 0.7207648 0.3568201 0.2160385 0.04076582 0.009664917 0.002383858 0.0007835775 0.0002313624
0.9255713 0.822067 0.6604284 0.422971 0.1977353 0.08679892 0.02160812 0.007268215 0.002193903 0.0007911177 0.0002272601
0.9496472 0.9483068 0.968626 0.9968198 0.9937932 0.7090653 0.1733001 0.01693551 0.003508401 0.001095624 0.0003357246
0.8376514 0.4479754 0.217567 0.090419 0.03231041 0.01336963 0.003860115 0.001773717 0.0005918513 0.0001883108 5.699638e-05
0.9647819 0.9612839 0.9801501 0.9770895 0.9631684 0.9385705 0.5404196 0.025903 0.004032284 0.001285891 0.0004107918
0.9618716 0.9638249 0.983258 0.9980565 0.9947528 0.9272896 0.4267619 0.01979483 0.003641287 0.001188563 0.0003789035
0.8996931 0.730487 0.5727197 0.3620518 0.2740082 0.0588612 0.01235325 0.004475368 0.001147724 0.000429006 0.0001326505
0.9083657 0.7882015 0.678678 0.4900327 0.4135377 0.09525842 0.02117455 0.005542277 0.001573073 0.0005851698 0.0001636287
0.9493547 0.9447393 0.9636619 0.9734026 0.9634937 0.7414391 0.1564369 0.01567356 0.00338441 0.001054903 0.000329502
0.881981 0.6138582 0.3005716 0.1241935 0.05293725 0.0201394 0.005872621 0.002390109 0.0008096261 0.0002571165 8.749893e-05
0.907481 0.7886595 0.7109506 0.5574838 0.2960075 0.09531366 0.03678286 0.01051632 0.002419710 0.0007917211 0.0002569443
0.95157 0.9280124 0.9165738 0.7643821 0.6751424 0.4607715 0.1171988 0.01491931 0.003513949 0.001145666 0.0003555369
0.953607 0.9534982 0.9832647 0.9943406 0.994158 0.8294274 0.3220601 0.01959084 0.003685970 0.001157004 0.0003661713
0.841138 0.5263131 0.233313 0.1007115 0.04145139 0.01421045 0.004321266 0.001790118 0.0005367601 0.0001829916 5.550474e-05
0.871912 0.6787643 0.4788781 0.2931791 0.2138811 0.1033731 0.02248399 0.004708988 0.001481961 0.0004962001 0.0001618555
0.9637861 0.9616987 0.9793998 0.9779914 0.9738237 0.970177 0.4702701 0.02244357 0.003979263 0.001287087 0.0004075038
0.8911766 0.6817373 0.5278083 0.4467725 0.2220858 0.0686545 0.01467384 0.004140298 0.001335606 0.0004167061 0.0001305260
0.876997 0.6970891 0.4452223 0.1837866 0.08663004 0.0415829 0.01166974 0.005241871 0.001366234 0.0004742316 0.0001446075
0.9216728 0.8393246 0.6758436 0.4730157 0.2673594 0.0933428 0.02039904 0.005812462 0.001779847 0.0005719003 0.0001835304
0.8527706 0.6198561 0.4425324 0.3410743 0.1934843 0.06998971 0.01125618 0.004245259 0.00203149 0.0006074389 0.0002166516
0.9358618 0.8792885 0.8111111 0.7530007 0.4720791 0.1358598 0.03215634 0.00600842 0.001887002 0.0006600019 0.0002155056
0.8818465 0.5962978 0.3478421 0.1775682 0.08081514 0.02855428 0.007267591 0.002536811 0.0009660189 0.0003057317 0.0001074692
0.9491123 0.9396671 0.9518372 0.9291618 0.9166278 0.9000645 0.399669 0.02483033 0.004238382 0.001383895 0.0004415751
0.9125698 0.7826573 0.6369052 0.505917 0.3109341 0.08216558 0.02028567 0.005174518 0.001806346 0.0005469415 0.0001816202
0.9318878 0.8483997 0.746988 0.469564 0.2624219 0.09021071 0.02823458 0.008508366 0.002212201 0.0008418748 0.0002535877
0.950843 0.9231354 0.9218811 0.7724102 0.5971112 0.4393414 0.1054186 0.01524399 0.003368418 0.001091919 0.0003382990
0.8794945 0.658895 0.4672249 0.2713315 0.1650039 0.0583924 0.01442444 0.004810469 0.001508713 0.0005041131 0.0001682359
0.9065961 0.8160247 0.7365647 0.4531599 0.259839 0.1146632 0.0375709 0.008787245 0.002562671 0.0008092849 0.0002735836
0.9544885 0.9499733 0.9711816 0.9717395 0.9149926 0.8469304 0.2728721 0.01716587 0.003453104 0.001082758 0.0003448311
0.921882 0.8456008 0.8217349 0.715696 0.5260335 0.1774368 0.03503025 0.007852506 0.002613705 0.0007798883 0.0002440882
0.857706 0.5806956 0.3364279 0.1828816 0.07260571 0.02037355 0.005268641 0.001989030 0.0007457687 0.0002513608 8.031052e-05
0.9473746 0.9197836 0.8933866 0.7822395 0.3594068 0.1125297 0.02723284 0.005942541 0.002001454 0.0006641498 0.0002090757
0.9512159 0.9497905 0.9557862 0.9580349 0.9141691 0.7191313 0.1664254 0.01736706 0.003661695 0.001133372 0.0003518208
0.9033451 0.7631605 0.5229657 0.2547575 0.1143616 0.03649625 0.00930006 0.00389763 0.001374506 0.0003580470 0.0001289223
0.943842 0.8958114 0.8803287 0.7397414 0.2198135 0.08791768 0.02608980 0.006279616 0.001893479 0.0005767286 0.0001734958
0.950056 0.9241236 0.8988255 0.7538804 0.4611914 0.2474572 0.05845384 0.01011414 0.002596112 0.0008109266 0.0002526808
0.9257703 0.8429734 0.7594365 0.4847976 0.2722054 0.08751637 0.02344966 0.008287293 0.002150539 0.0008243453 0.0002429062
0.8817386 0.6484102 0.4729523 0.3055886 0.183616 0.07480281 0.02044624 0.006142174 0.002038476 0.0006469128 0.0002104521
0.9531825 0.9687192 0.9858235 0.9882726 0.9835657 0.7983189 0.2650041 0.02045553 0.003769596 0.001191134 0.0003746143
0.9553181 0.9547582 0.968465 0.988549 0.9326453 0.8141724 0.2518927 0.02206694 0.003996985 0.001223549 0.0003805728
0.9523961 0.9458293 0.9189425 0.8704899 0.7151304 0.1865802 0.0516482 0.008803704 0.002424533 0.0007800779 0.0002415056
0.9468279 0.9424027 0.9573197 0.9748385 0.9936709 0.731407 0.1829764 0.01666202 0.003334086 0.001044877 0.0003204172
0.943122 0.91803 0.9110405 0.8968216 0.8391533 0.4892263 0.1163542 0.01410567 0.003207391 0.000992522 0.0003132343
0.9399769 0.9145605 0.9559459 0.9795182 0.979804 0.7275032 0.2202120 0.01599381 0.003311026 0.001077709 0.0003486639
0.882573 0.7375785 0.6637583 0.4781883 0.2709704 0.1383499 0.03774728 0.009602265 0.002551205 0.0008572 0.0002946277
0.9218083 0.8474892 0.7919453 0.6503949 0.4320157 0.09709287 0.02494637 0.00527705 0.001866743 0.0005906187 0.0001873478
0.8383177 0.4644371 0.1949206 0.08858645 0.03091364 0.008503269 0.003143224 0.001404272 0.0004590106 0.0001548255 4.183327e-05
0.8569446 0.5541608 0.254726 0.1025407 0.03398608 0.009716925 0.003322467 0.001460215 0.0004348131 0.0001258513 4.719767e-05
0.934624 0.8424818 0.7096774 0.5370683 0.2604207 0.08108001 0.02386143 0.004979068 0.001717204 0.0005024931 0.0001703405
0.9333483 0.867302 0.8406018 0.5910981 0.3769851 0.1627525 0.04546643 0.00983788 0.002375101 0.0008921557 0.0002641031
0.9535938 0.953315 0.9718807 0.9919322 0.9116045 0.92775 0.3199695 0.01905982 0.003559814 0.001116524 0.0003475296
0.89345 0.7681436 0.6302711 0.4399283 0.2942293 0.07234957 0.02612148 0.007180051 0.002565257 0.0008704224 0.0002516133
0.9309232 0.8644223 0.7951024 0.810171 0.5521872 0.1915700 0.04214827 0.007643665 0.001995015 0.0006263242 0.0002431105
0.7999784 0.3988001 0.1499213 0.05979801 0.02503789 0.01156912 0.003440221 0.001571852 0.000624382 0.0001854717 5.983528e-05
0.9442225 0.9008225 0.8623458 0.6074951 0.4729676 0.1557309 0.03215229 0.007493753 0.002184424 0.000703606 0.0002000970
0.950787 0.9506636 0.9791273 0.9898232 0.9530637 0.6857662 0.2166422 0.01528107 0.003357338 0.00104842 0.0003365331
0.94932 0.9442529 0.952636 0.93097 0.8322674 0.3882755 0.1522479 0.01459220 0.003295357 0.0009995349 0.0003236167
0.8445813 0.6188886 0.3425091 0.1616274 0.06813069 0.02676254 0.00801906 0.004186144 0.001324131 0.0004668693 0.0001387891
0.9390173 0.8930838 0.8623264 0.6742364 0.3625848 0.1040487 0.03285267 0.0098396 0.002195808 0.0006387701 0.0002089161
0.9407761 0.9159005 0.9477505 0.9583218 0.9237181 0.4862256 0.1346042 0.01437228 0.003574059 0.001110948 0.0003490103
0.8575233 0.5867155 0.2973510 0.1421836 0.05987837 0.0579669 0.0211442 0.005937925 0.001722823 0.0005768762 0.0001812892
0.9360634 0.8630588 0.7924176 0.4367287 0.2155395 0.07104587 0.02357692 0.006535784 0.001942888 0.0005748985 0.0001813413
0.7804627 0.3958202 0.2116104 0.08385694 0.0317242 0.01154764 0.003143133 0.001571683 0.0005530318 0.0001697286 5.442988e-05
0.9555382 0.9392042 0.9459155 0.9218102 0.914662 0.3631403 0.1098636 0.01146723 0.003087763 0.001006990 0.0003153644
0.8823956 0.6256109 0.3027816 0.1327410 0.0664498 0.02557001 0.005832563 0.002675494 0.0007291597 0.00030059 0.0001026079
0.9430139 0.9432846 0.980223 0.9850657 0.9666864 0.8836404 0.2808881 0.01766501 0.003526117 0.001118815 0.0003648288
0.8519765 0.5535731 0.2562805 0.1779356 0.1398867 0.06095411 0.01278939 0.002549012 0.0007524208 0.0002522303 7.544355e-05
0.9464962 0.9410803 0.966396 0.9937194 1 0.8017736 0.2583998 0.01650679 0.003379653 0.001049954 0.0003292728
0.9414688 0.9273073 0.8584028 0.7255503 0.4316424 0.1911509 0.05063238 0.007667799 0.002297227 0.0006841711 0.0002335992
0.9351702 0.8759562 0.7891814 0.5971214 0.3005842 0.09862944 0.02203430 0.005052597 0.001641306 0.0005325838 0.0001716646
0.876655 0.6183613 0.3115378 0.1017336 0.03530315 0.01040399 0.004120222 0.001995244 0.0005903194 0.0001813220 5.59381e-05
0.949471 0.9303079 0.901581 0.8049966 0.5470253 0.1872044 0.06517044 0.009313069 0.002585843 0.0008120103 0.0002577929
0.8910141 0.6929965 0.4462544 0.1338796 0.04545905 0.02033974 0.006104224 0.002699453 0.0009297526 0.00028735 9.203754e-05
0.9571162 0.9629253 0.9735403 0.9743359 0.9890554 0.642246 0.1926212 0.0221092 0.004100387 0.001262215 0.0004037386
0.9556693 0.926055 0.8778352 0.619157 0.2490568 0.1529575 0.02267361 0.005355674 0.001899293 0.0006256124 0.0001927448
0.942691 0.8878056 0.7627182 0.5585916 0.3331524 0.1011974 0.02505565 0.007501448 0.001936901 0.0006154 0.0002252314
0.9573655 0.9390388 0.9232416 0.8009256 0.4254874 0.4902634 0.1921013 0.01650913 0.003592183 0.001163914 0.0003737029
