0.871614 0.6275326 0.2797547 0.09833298 0.03686154 0.01200008 0.003211061 0.001484083 0.0004540987 0.0001274552 4.835871e-05
0.9409933 0.894162 0.797353 0.6016441 0.2836398 0.1582032 0.03499369 0.008115263 0.002363038 0.0006918581 0.000258043
0.9114553 0.7933198 0.6384503 0.4704545 0.3365167 0.08440328 0.02884595 0.008674416 0.002693918 0.0006574496 0.0002508565
0.8726215 0.658671 0.3370104 0.1307616 0.04428987 0.01350860 0.00550144 0.002035044 0.0006534348 0.0002465593 7.575325e-05
0.8435233 0.5318547 0.2277819 0.0974779 0.05315395 0.01969484 0.004926509 0.002113922 0.0007376126 0.0002441824 8.887811e-05
0.8655894 0.5761872 0.2346248 0.08047861 0.03002184 0.00982435 0.003894665 0.001735802 0.000587129 0.0001798313 5.5591e-05
0.9566973 0.9293418 0.9175114 0.7804601 0.5716977 0.3483162 0.08277316 0.01198483 0.003614019 0.001129601 0.0003549324
0.9629216 0.9603224 0.9860024 0.9877528 0.9241991 0.6316406 0.1835031 0.01677927 0.003499381 0.001168992 0.0003482272
0.9566665 0.9520502 0.9783824 0.9864123 0.9420821 0.9140205 0.2435020 0.02003024 0.003608693 0.001186904 0.0003813197
0.9373195 0.8969882 0.8941793 0.8273884 0.5613784 0.3106743 0.03598872 0.006908266 0.002207934 0.0006047957 0.0002221809
0.940235 0.8707477 0.7744743 0.5858445 0.2681402 0.1358712 0.02224132 0.005193372 0.001728494 0.0005569372 0.0001847675
0.8821486 0.7073217 0.4240059 0.1884943 0.1220081 0.04795503 0.01385418 0.004692946 0.001723919 0.000512547 0.0001779778
0.935151 0.884875 0.8455811 0.6140372 0.2350045 0.07840077 0.01856534 0.006097356 0.001598289 0.0005100329 0.0001787340
0.9341423 0.8698214 0.7481433 0.6333837 0.2738179 0.1311874 0.02402664 0.005420238 0.001762813 0.0005277781 0.0001894418
0.958019 0.9563351 0.9762596 0.990471 0.8686538 0.5934098 0.2466184 0.02008446 0.003828616 0.001202853 0.0003945642
0.86152 0.5407556 0.2685447 0.1118416 0.04156388 0.01801249 0.004398851 0.002258387 0.0006907643 0.0002241486 8.336837e-05
0.825495 0.5234275 0.2958747 0.1441217 0.04642023 0.01530288 0.004423131 0.002280397 0.0006748653 0.000237869 6.782667e-05
0.9136833 0.7427274 0.6051278 0.3681726 0.1809004 0.05791733 0.01483041 0.003714673 0.001515501 0.0004127835 0.0001542129
0.901202 0.7358356 0.5055291 0.2775697 0.1873933 0.0517453 0.01364797 0.004959503 0.001324601 0.0004344805 0.0001303249
0.8229437 0.4711353 0.1996519 0.07295447 0.03419749 0.01209948 0.002897601 0.001317241 0.0004099952 0.0001270394 3.862626e-05
0.9428682 0.9332836 0.9622068 0.9660002 0.9814838 0.7300152 0.1953877 0.01879762 0.003400609 0.001130982 0.0003549184
0.9498193 0.9526696 0.9598564 0.9689554 0.9519379 0.5900977 0.1365642 0.01442021 0.003561767 0.001077977 0.000342575
0.943014 0.9332184 0.9629769 0.9682139 0.9886886 0.7192957 0.1819529 0.01901021 0.003440472 0.001145358 0.0003560481
0.949234 0.9273877 0.9271913 0.9479123 0.9884536 0.708058 0.2070279 0.01735106 0.003522677 0.001109134 0.0003518634
0.9245245 0.8595246 0.7422686 0.5614888 0.2580517 0.08712099 0.04188906 0.0085286 0.002171289 0.0007252567 0.0002412139
0.9648746 0.9627928 0.982417 0.9891615 0.9752408 0.719017 0.1843973 0.01644742 0.003781475 0.001163016 0.0003787094
0.921738 0.7829763 0.7493311 0.5731614 0.3184021 0.08080687 0.02457696 0.005568097 0.001528382 0.0005506109 0.0001583093
0.9575088 0.9262559 0.926538 0.8287534 0.6664111 0.1995309 0.03151962 0.007702045 0.002516284 0.0007295148 0.0002409338
0.9524301 0.9405602 0.9209951 0.8729627 0.6902004 0.3743591 0.08730554 0.01638564 0.003272580 0.001117323 0.0003627921
0.9651633 0.9658117 0.987316 0.9946537 0.994113 0.8875978 0.3284817 0.01934392 0.004018210 0.001228356 0.0003866254
0.8594842 0.5823454 0.2349120 0.0929166 0.04924516 0.01950078 0.004610054 0.002175279 0.0006720261 0.0002142836 7.577467e-05
0.829255 0.5312371 0.3005275 0.1496621 0.05526304 0.01883942 0.004964116 0.00256441 0.0006510078 0.0002495195 7.607261e-05
0.9476555 0.9348225 0.9375182 0.9681055 0.9081887 0.4840205 0.1021555 0.01468954 0.003476722 0.001082955 0.0003341862
0.9116733 0.743402 0.5333953 0.3354712 0.2090918 0.06182095 0.01592425 0.005063517 0.001876507 0.0005282146 0.0001694798
0.9622837 0.9606002 0.9737179 0.9712763 0.9763595 0.837963 0.2322647 0.01664680 0.003837241 0.001167534 0.0003650347
0.9527214 0.964963 0.9790192 0.9945656 0.9934083 0.9439981 0.3030918 0.01884506 0.003763622 0.001175654 0.0003739415
0.9582541 0.9534358 0.977899 0.9893801 1 0.8376657 0.2295659 0.02058208 0.003672496 0.001189422 0.0003748373
0.883509 0.752921 0.6559748 0.3596547 0.2606124 0.1108627 0.02763132 0.007272233 0.002370045 0.0006891915 0.0002078359
0.8359962 0.509141 0.2274491 0.1081345 0.04682654 0.01835365 0.004713333 0.001957878 0.0007147684 0.0002379582 7.64385e-05
0.9030436 0.7717622 0.6794282 0.5417892 0.313193 0.09802838 0.02401598 0.004510866 0.001489297 0.000470733 0.0001594759
0.9317975 0.868817 0.8240268 0.6271564 0.3049794 0.1574276 0.02501036 0.00637396 0.001990461 0.0005566296 0.0002043762
0.9240395 0.8729264 0.8366887 0.7304165 0.4273705 0.2560419 0.02807931 0.005522955 0.001877660 0.0005390011 0.0001791211
0.8306732 0.5553022 0.4128715 0.2027228 0.07203083 0.01787579 0.004714732 0.002438947 0.0007298377 0.0002254437 7.80636e-05
0.8946188 0.6857831 0.3767449 0.1843493 0.0927767 0.03496973 0.007552767 0.003220659 0.001078989 0.0003402806 0.0001119602
0.9156827 0.7976508 0.6559086 0.5124639 0.4188363 0.1336353 0.02983367 0.005224706 0.001353620 0.0004904412 0.0001432549
0.9336035 0.8756328 0.8321317 0.6512707 0.3763628 0.1677433 0.0257635 0.006473491 0.001973739 0.0005588654 0.0002032759
0.9625198 0.9539747 0.9514456 0.9056967 0.6631923 0.2916445 0.05511536 0.01147836 0.003068638 0.0009805596 0.0003106758
0.9038555 0.796779 0.6647898 0.4374492 0.2703349 0.1303279 0.04149341 0.01031192 0.002658301 0.0008701278 0.0002851019
0.8279931 0.5124897 0.2563056 0.1266878 0.0549814 0.02320615 0.006912946 0.002561126 0.0007075845 0.0002306993 7.216033e-05
0.9330551 0.8304654 0.6887122 0.4489983 0.2300026 0.08255118 0.02116608 0.004550222 0.001505288 0.000473083 0.0001520997
0.9104443 0.7957181 0.6005741 0.3334556 0.1111664 0.03499606 0.007514543 0.003055554 0.0009447057 0.0002431079 9.205767e-05
0.9331338 0.865802 0.7275431 0.4951292 0.2083195 0.07973683 0.03190855 0.007079336 0.002027637 0.0006630617 0.0002160312
0.8468105 0.5650824 0.3280395 0.1274895 0.05805428 0.02228432 0.005834243 0.002470762 0.000726334 0.0002394944 7.951601e-05
0.9485652 0.9210066 0.919702 0.7610774 0.38276 0.1101630 0.02135282 0.006264637 0.001937044 0.0006009361 0.0001919523
0.9317164 0.8435116 0.7143247 0.5157414 0.2248373 0.08894102 0.02169799 0.004990208 0.001653258 0.0005405239 0.0001718637
0.926878 0.839504 0.8092819 0.6767014 0.779008 0.4513737 0.07230819 0.01265642 0.003315008 0.0009737494 0.0003066466
0.9049655 0.723521 0.5217663 0.3426001 0.2161208 0.06610723 0.01563660 0.005605603 0.001843514 0.0005298652 0.0001725940
0.943894 0.9080081 0.8055695 0.6835316 0.2918827 0.1824365 0.03564206 0.007657242 0.002152416 0.000672208 0.0002469683
0.8733555 0.6796079 0.5415343 0.328992 0.236825 0.07693495 0.01464384 0.005179724 0.001686847 0.0005135064 0.0001637464
0.9027396 0.7369172 0.4573218 0.2301084 0.1139822 0.05769787 0.01251713 0.004895098 0.001636013 0.0004878183 0.0001585845
0.8556262 0.5956802 0.324033 0.153641 0.06534264 0.02773284 0.008792421 0.003314718 0.001058620 0.0003332749 0.0001150072
0.8693102 0.5975391 0.2360199 0.07119014 0.03270101 0.01191028 0.005083287 0.001762174 0.0005724748 0.0001749898 6.381852e-05
0.8372814 0.5488213 0.2871384 0.1522978 0.07467988 0.03513476 0.007615201 0.002084146 0.0007620302 0.0002284415 7.552323e-05
0.8595894 0.5922542 0.2838430 0.1082786 0.04354027 0.01560284 0.004528889 0.001983157 0.0006559631 0.0002005253 6.177431e-05
0.9118364 0.8004391 0.6703726 0.5452552 0.4030985 0.1420373 0.0245435 0.005887049 0.001816194 0.0005481886 0.0001551664
0.8716377 0.6281521 0.4003319 0.1772790 0.1042540 0.02646777 0.009172507 0.003069226 0.001008074 0.0003294771 9.652623e-05
0.9401962 0.8803828 0.8462304 0.6625964 0.3941985 0.1293077 0.03423244 0.01053835 0.002273257 0.0008475366 0.0002414399
0.9118928 0.7560589 0.4309286 0.1551405 0.05982075 0.08551145 0.03130666 0.009534587 0.002374003 0.0007762328 0.0002616820
0.8492852 0.5827616 0.2915354 0.1421641 0.072959 0.02906168 0.008395664 0.00296498 0.000968569 0.0002905148 8.896987e-05
0.9081644 0.7569369 0.7127146 0.5464051 0.4390934 0.1289908 0.02390989 0.005842092 0.001577248 0.0004797785 0.0001634709
0.7937698 0.4801732 0.2369607 0.1008168 0.04651235 0.01755312 0.004083981 0.001879305 0.0006661052 0.0002077752 7.290459e-05
0.83185 0.5221221 0.2639432 0.1125211 0.05852721 0.02140885 0.004544966 0.002321908 0.0007315157 0.0002264319 8.167231e-05
0.92742 0.8354262 0.7014537 0.5783506 0.247285 0.1277481 0.02354261 0.004894408 0.001671049 0.0004763288 0.0001876488
0.9420137 0.9337265 0.9722618 0.967445 0.9819708 0.6852915 0.1754319 0.01907002 0.003439019 0.001126690 0.0003541869
0.9535196 0.9121606 0.8818756 0.6704129 0.4327702 0.3144234 0.07353747 0.01009012 0.002603915 0.0007780596 0.0002857032
0.9359828 0.87506 0.8284236 0.6363477 0.3654236 0.190351 0.03031163 0.007337992 0.00220151 0.000624332 0.0002173873
0.9511464 0.952954 0.977925 0.979681 0.980957 0.6424159 0.1803135 0.01564265 0.003562768 0.001095521 0.0003504314
0.8199461 0.4843938 0.2325388 0.09110618 0.03912996 0.01253779 0.003086541 0.001418583 0.0004322155 0.0001451074 4.968691e-05
0.9498884 0.9357124 0.9640858 0.9637266 0.939312 0.7330464 0.2322306 0.01743418 0.003660314 0.001130241 0.000352188
0.9612163 0.9657488 0.9851044 0.995662 0.9792601 0.8681564 0.5288625 0.02462681 0.004070457 0.001316843 0.0004061976
0.898797 0.7831263 0.6262326 0.4223343 0.2829332 0.06741965 0.01826239 0.004562853 0.001466848 0.000525167 0.0001706931
0.9067861 0.7632881 0.6832085 0.5094186 0.3231895 0.09209816 0.02150496 0.006316213 0.002170136 0.0006456998 0.0002072801
0.9413398 0.929393 0.9540865 0.944259 0.8798066 0.5615167 0.1814117 0.01605917 0.003274087 0.001113533 0.0003489419
0.8589995 0.5645457 0.2402225 0.07316442 0.02954807 0.01116721 0.004232300 0.002017289 0.0005978246 0.0002165832 6.643499e-05
0.895041 0.7582231 0.5474836 0.3479138 0.1871216 0.04985018 0.01886514 0.006748786 0.002018134 0.0005943803 0.0001998458
0.9376735 0.8996257 0.8697534 0.7301571 0.4609525 0.5435893 0.1130826 0.01480108 0.003349395 0.001130248 0.0003517601
0.9639616 0.963293 0.985284 0.983002 0.9815523 0.9611815 0.3460116 0.01844698 0.003905196 0.001187836 0.0003769119
0.85578 0.5385826 0.2419862 0.1055382 0.04895658 0.01882193 0.004194696 0.00182868 0.0006071352 0.0001958144 5.980372e-05
0.8933485 0.7341827 0.5372943 0.4588228 0.4047409 0.1738182 0.02643763 0.005676618 0.001827538 0.0005323243 0.0001607396
0.9628173 0.9596589 0.9741279 0.9777306 0.9651292 0.9418676 0.3163624 0.0178311 0.003895064 0.001180382 0.0003767748
0.8790395 0.7034256 0.5487261 0.4051183 0.230542 0.06722574 0.01588411 0.003969231 0.001327082 0.000434609 0.0001432469
0.8811504 0.6669821 0.3817284 0.1817964 0.0764642 0.0405702 0.009492537 0.004229248 0.001524272 0.0004294399 0.0001417717
0.9157154 0.78217 0.6292464 0.4190704 0.1760618 0.07815395 0.01560657 0.004830445 0.001404649 0.0004806404 0.0001529293
0.85824 0.6292917 0.4962148 0.2977489 0.250278 0.1116370 0.02773195 0.006355918 0.002160082 0.0006498807 0.0002105006
0.9198656 0.8154112 0.6733623 0.4153854 0.1576256 0.06063346 0.01123093 0.003954924 0.001248075 0.0003543807 0.0001238147
0.8568084 0.610515 0.3452416 0.1753067 0.07163834 0.02663173 0.008000032 0.003184645 0.001018317 0.0003087544 9.070888e-05
0.9527391 0.9593887 0.981775 0.9765971 0.9810826 0.8622225 0.2578509 0.01646484 0.003536056 0.001104028 0.0003451111
0.9118102 0.781334 0.6161688 0.3852072 0.2070576 0.06691157 0.01270533 0.003975428 0.001327161 0.0004351745 0.0001428192
0.9066018 0.7925502 0.6228086 0.3675916 0.1989610 0.05320831 0.01472695 0.004207098 0.001287536 0.0004565722 0.0001555979
0.9361757 0.8992381 0.8627923 0.7111346 0.4714915 0.3630224 0.09418377 0.0131587 0.003104975 0.001074447 0.000314282
0.8865325 0.7069592 0.5047755 0.3366455 0.2003672 0.04489280 0.01148948 0.004557154 0.00148529 0.0004729387 0.0001505481
0.8879486 0.6636353 0.3509159 0.1533854 0.07618795 0.03502541 0.008728344 0.003647556 0.001291482 0.0004122858 0.0001311836
0.963776 0.964031 0.9840997 0.9850503 0.9811602 0.8709751 0.2567148 0.01854432 0.003809265 0.001155509 0.000367904
0.9187172 0.8030091 0.7439214 0.5404108 0.3616207 0.09674633 0.02433630 0.006597749 0.002039606 0.000626974 0.000193522
0.8338175 0.532844 0.2875653 0.1171477 0.03963498 0.01332785 0.003622351 0.001568535 0.0004928182 0.0001638619 4.674528e-05
0.946803 0.8862238 0.8359241 0.6189753 0.3356949 0.1295568 0.02570620 0.006569171 0.002295555 0.0006143109 0.0002206436
0.9481685 0.9443932 0.9680845 0.9465904 0.9548537 0.5752865 0.1409119 0.01513557 0.003510892 0.001091377 0.0003473629
0.8961721 0.719285 0.5087922 0.2605163 0.09166927 0.02723479 0.009204014 0.003462876 0.001066232 0.0003176847 0.0001204093
0.9412358 0.8948346 0.831006 0.7889692 0.3582401 0.1399982 0.02546849 0.007569553 0.002031865 0.0006621333 0.0001925607
0.946792 0.9103042 0.8473146 0.6702114 0.3225499 0.1902785 0.04101825 0.007569793 0.002349220 0.0006832288 0.0002540203
0.926206 0.8391451 0.7192218 0.6304427 0.4169431 0.09401167 0.02210094 0.007141968 0.002356335 0.0006913181 0.0002305281
0.9029651 0.719896 0.556885 0.3126732 0.2731077 0.117854 0.04191178 0.007568775 0.002182757 0.0007018492 0.0002452018
0.9552533 0.9505284 0.9703802 0.9897581 0.9885737 0.8862868 0.3033942 0.01988412 0.0038853 0.001247986 0.0003895626
0.958205 0.9600298 0.975043 0.9843284 0.9689476 0.8794628 0.3851695 0.02092394 0.003816206 0.001227280 0.0003854899
0.9490202 0.9257781 0.8717194 0.7061263 0.4689059 0.2530657 0.03691583 0.00813762 0.002418799 0.0007531336 0.0002141935
0.9430879 0.9309372 0.968181 0.9285189 0.944375 0.7207414 0.1970485 0.01900559 0.003378477 0.001126491 0.0003456139
0.9392569 0.906688 0.9069992 0.8490003 0.8091407 0.4857724 0.1117002 0.01472319 0.003168995 0.001022032 0.0003278628
0.9368802 0.8989161 0.9589312 0.9794478 0.9340021 0.6220173 0.1645472 0.01709136 0.00351129 0.001114709 0.0003511840
0.8505691 0.6714539 0.5121785 0.3580306 0.2425333 0.05604102 0.01672336 0.00594519 0.002286549 0.00062953 0.0002179347
0.915188 0.8462888 0.7553128 0.5775897 0.3797215 0.0886189 0.02444606 0.004987564 0.001630248 0.0005741391 0.000199998
0.8361057 0.5242609 0.2642394 0.1242707 0.04698301 0.01149126 0.004227734 0.002321055 0.0009325533 0.0002853421 9.335791e-05
0.7929898 0.477678 0.2205831 0.09433005 0.03862906 0.01474532 0.006244119 0.001384709 0.0003971341 0.0001401009 3.998016e-05
0.9413428 0.8686325 0.6800553 0.4922145 0.3333709 0.1065584 0.02105248 0.006283263 0.001782493 0.0005783013 0.0001720232
0.9321665 0.88637 0.8584365 0.7410072 0.4458764 0.1722927 0.03421143 0.006234613 0.002010239 0.0006019213 0.0002034985
0.9626588 0.9627985 0.9894048 0.994436 0.9561 0.931516 0.5314705 0.02300018 0.003680496 0.001205658 0.0003748579
0.8963972 0.755693 0.6347696 0.4139276 0.1922014 0.09298205 0.02125225 0.006277853 0.002391647 0.0007398895 0.0002324126
0.942167 0.9052325 0.9002766 0.792769 0.5864506 0.3400576 0.05040592 0.007570168 0.002527898 0.0006848081 0.0002515416
0.8370088 0.5075986 0.2584797 0.1008262 0.0517372 0.02131500 0.008017936 0.002238633 0.000856181 0.0002411984 8.890507e-05
0.939981 0.9179485 0.8596028 0.7290215 0.5492372 0.198038 0.04054013 0.007902077 0.002168848 0.0006813584 0.0002193299
0.951282 0.9560256 0.9788344 0.9855553 0.9530813 0.6252774 0.1586621 0.01435081 0.003463793 0.001069961 0.0003441175
0.9578153 0.9572966 0.9648328 0.9882257 0.892013 0.5162595 0.1078142 0.01560450 0.003600441 0.001122590 0.0003443251
0.8372774 0.5393066 0.2823257 0.1170058 0.05429825 0.01836396 0.005755329 0.002483805 0.0008677103 0.0002441907 8.259098e-05
0.954318 0.9204013 0.923542 0.8448059 0.5004454 0.1474024 0.056431 0.01057602 0.002547359 0.0008281731 0.0002613385
0.9504517 0.9278597 0.9237523 0.9375037 0.9028873 0.4830796 0.1129019 0.01317161 0.003466300 0.001137138 0.0003659608
0.8490236 0.5878256 0.3046244 0.1294079 0.05394487 0.07751004 0.0244927 0.007881048 0.002402990 0.0007681673 0.0002188805
0.9450208 0.8790566 0.857251 0.5608361 0.258014 0.1126445 0.02393441 0.006850236 0.002253703 0.0006459856 0.0002146246
0.8220142 0.5421763 0.3421218 0.1540451 0.05168222 0.02236357 0.004863307 0.00236892 0.0007753748 0.0002464328 9.2254e-05
0.9510974 0.9343182 0.9633069 0.9694577 0.8228178 0.3024867 0.05318394 0.01090595 0.003024985 0.0009328417 0.0002894304
0.8732697 0.61267 0.3290187 0.1185308 0.06418549 0.0255751 0.006645014 0.002484451 0.000702774 0.0002601116 8.408412e-05
0.9603296 0.9550558 0.968771 0.9692867 0.9698018 0.871473 0.2469864 0.01725845 0.003867363 0.001183211 0.0003697576
0.8589275 0.5496897 0.3115767 0.1626763 0.08246747 0.02796208 0.01037592 0.003767993 0.00110158 0.0003322592 0.0001099121
0.9503959 0.9566322 0.9784409 0.9945615 0.988308 0.6801613 0.2121905 0.01777646 0.003677923 0.001130063 0.0003670214
0.9431011 0.9143023 0.8414888 0.7065097 0.4101821 0.1954482 0.03927165 0.008213221 0.002327911 0.0006980256 0.0002380904
0.9436014 0.905188 0.8500984 0.8486998 0.8463463 0.2997945 0.05411713 0.009112309 0.002495726 0.0008162483 0.0002667603
0.8693086 0.6369495 0.3229961 0.1033299 0.03641626 0.01084441 0.004775319 0.001728028 0.000592368 0.0001765041 5.548976e-05
0.9492501 0.910975 0.8326668 0.6346868 0.3885096 0.1421394 0.03939676 0.008873431 0.002638241 0.0008235454 0.0002687990
0.9071295 0.7234725 0.4459557 0.1928047 0.0893119 0.04014141 0.01450047 0.003371632 0.001163616 0.0003751888 0.0001213841
0.9508103 0.956251 0.9776499 0.9764144 0.9797352 0.6028581 0.1450271 0.01383999 0.003512266 0.001086508 0.0003419399
0.9336795 0.8538621 0.726482 0.6044653 0.2378059 0.1128130 0.01908975 0.00507739 0.001513479 0.0004695215 0.0001587264
0.955052 0.9170547 0.8275773 0.6862069 0.6048041 0.213642 0.03666530 0.009114419 0.002521340 0.0007953714 0.0002670278
0.9502634 0.918686 0.9289614 0.8009696 0.5137808 0.1810822 0.04424916 0.008942414 0.002245112 0.0007727116 0.0002354998
