0.8690345 0.5990141 0.3109315 0.1245953 0.05281576 0.02311855 0.004229513 0.001859669 0.000622531 0.0001750760 6.098776e-05
0.9496252 0.93374 0.9027168 0.7353991 0.459109 0.2245213 0.04467106 0.00948651 0.002556497 0.0008448592 0.0002614867
0.9021297 0.7719614 0.602703 0.3619521 0.1968417 0.08473321 0.02370209 0.006227007 0.002079981 0.0007646816 0.0002502969
0.8556109 0.5810491 0.2718887 0.1119800 0.03922066 0.01249495 0.004813098 0.001909367 0.0006543978 0.0002153741 6.316382e-05
0.9077616 0.7012175 0.4140315 0.1710781 0.1044450 0.03908767 0.01157286 0.003781338 0.001300911 0.000418464 0.0001235783
0.9041595 0.6577729 0.2906458 0.1043196 0.03867928 0.01810865 0.005097716 0.001740745 0.0006044758 0.0001830794 6.073616e-05
0.9450318 0.9175702 0.9013549 0.6932318 0.5110505 0.2534757 0.07903553 0.01149505 0.003226753 0.001015272 0.0003268062
0.949962 0.9484968 0.9627484 0.98551 0.9078356 0.5077063 0.1151482 0.01472864 0.003527405 0.001080485 0.0003360946
0.9509462 0.9482403 0.9813548 0.926658 0.7853761 0.4100127 0.1114189 0.01408848 0.003025985 0.0009415234 0.0002829103
0.9408997 0.9148853 0.9395942 0.8389251 0.5973028 0.3227790 0.0420561 0.007259896 0.002022912 0.000596401 0.0002075772
0.9437368 0.8797543 0.720005 0.5425798 0.2199457 0.1138452 0.02823348 0.006853723 0.001828798 0.0005868633 0.0002088316
0.873332 0.6711223 0.4258386 0.1598012 0.1062006 0.06783157 0.01559658 0.00547905 0.002001041 0.0006034687 0.0001728621
0.9338609 0.8792551 0.7976646 0.6689198 0.2368502 0.05588345 0.01661845 0.005014862 0.001756349 0.0005829097 0.0001747080
0.9367363 0.8729811 0.8214719 0.6546608 0.5428383 0.1568522 0.03667629 0.008171245 0.002184722 0.0006804444 0.0002257855
0.9592239 0.9634907 0.9772897 0.9874695 0.9279734 0.7986904 0.2332518 0.01937705 0.003854974 0.001185574 0.0003966471
0.8622748 0.606519 0.294805 0.1155162 0.03989638 0.01522044 0.003959528 0.00171266 0.0005396638 0.0001513305 5.46929e-05
0.839675 0.5309499 0.3263818 0.1516246 0.05547317 0.01719109 0.005899195 0.002728348 0.0008472412 0.0002775079 7.91048e-05
0.9149635 0.78238 0.5930464 0.3731215 0.2033765 0.05887063 0.01507473 0.004761821 0.001590179 0.000481086 0.0001495362
0.8917551 0.6611973 0.4189985 0.1957131 0.07782773 0.02987875 0.00954062 0.003374822 0.001221998 0.0003636548 0.0001136343
0.854468 0.5318425 0.2982008 0.1319270 0.05913783 0.02536356 0.007767278 0.002606404 0.0007640504 0.0002680102 7.944367e-05
0.9570688 0.9577185 0.9692428 0.973169 0.9891492 0.7431721 0.3963447 0.01975528 0.003714317 0.001227137 0.0003552067
0.9488126 0.945224 0.9727398 0.9846062 0.9838388 0.7949036 0.204859 0.01706529 0.003479452 0.001074906 0.0003371796
0.953591 0.9586532 0.9835637 0.9580372 0.9843531 0.8154538 0.3319981 0.01819883 0.003513458 0.001106253 0.0003520798
0.9256392 0.9027763 0.9327603 0.9751653 0.9040595 0.717668 0.1331465 0.01430169 0.003127122 0.001051511 0.0003135457
0.9506293 0.8985762 0.8975059 0.7317536 0.4929633 0.2000483 0.04775251 0.01027781 0.002754519 0.0008020254 0.0002715311
0.9569136 0.9541618 0.9621337 0.9726426 0.9769302 0.6173652 0.2896 0.0187823 0.003670291 0.001224405 0.0003609587
0.9243841 0.808446 0.7184434 0.5611524 0.3267494 0.09750948 0.01890312 0.006202794 0.001774490 0.0005872504 0.0001970936
0.9483119 0.9090402 0.8717021 0.7807656 0.6512252 0.2714568 0.04487911 0.009695181 0.002409195 0.0008872752 0.0002601648
0.9541177 0.9507253 0.9423531 0.9380206 0.811099 0.6257581 0.1319652 0.01512685 0.003507351 0.001158772 0.0003307335
0.9606415 0.9650158 0.9840041 0.9961027 0.9952516 0.9190262 0.5389263 0.02081115 0.003984371 0.001211517 0.0003960742
0.8936163 0.6622686 0.3258886 0.1227280 0.0542955 0.02601724 0.006236166 0.002965704 0.0009261791 0.0003079364 9.278614e-05
0.8374545 0.5847137 0.37363 0.1614669 0.06507143 0.02203741 0.006645136 0.002808969 0.0009942951 0.0003486339 9.125538e-05
0.9452874 0.9214103 0.9331269 0.9219257 0.7340593 0.3650671 0.0758056 0.01260395 0.003479993 0.001243124 0.0003516146
0.9012371 0.6935895 0.470624 0.2962288 0.1812377 0.03916581 0.01252031 0.003931875 0.001516688 0.0004453894 0.0001339960
0.952333 0.9444316 0.9628817 0.9858914 0.9868191 0.8626634 0.2281168 0.02202067 0.003929326 0.001190135 0.0003609315
0.9525867 0.9602604 0.9808024 1 0.9940767 0.9414231 0.3647911 0.01625852 0.003374911 0.001084386 0.0003392307
0.9576813 0.958294 0.9664074 0.9724647 0.9877687 0.8957214 0.463867 0.01945371 0.003680798 0.001227986 0.0003663133
0.89362 0.729264 0.6070353 0.3670952 0.1997532 0.102157 0.0280034 0.008364424 0.001931369 0.0007340264 0.0002343238
0.8810198 0.5758621 0.2832164 0.1260643 0.06035342 0.03345761 0.006005993 0.002602419 0.0009686428 0.0003105174 9.038804e-05
0.9077989 0.770792 0.6975781 0.5595121 0.4342002 0.1181961 0.02526171 0.00566026 0.001639938 0.0005146469 0.0001640764
0.934185 0.8616025 0.8332922 0.6609242 0.3886389 0.1109283 0.02590768 0.006173456 0.001879213 0.0006143918 0.0001838607
0.9347851 0.8799077 0.8500397 0.7480921 0.4090249 0.1927384 0.04740636 0.007428677 0.002074155 0.000696408 0.0002384217
0.842948 0.5586097 0.2923531 0.1304228 0.05675182 0.02082986 0.004505647 0.002243695 0.0008296778 0.0002320280 7.596627e-05
0.8922365 0.6910169 0.4482946 0.2194352 0.08826515 0.03013770 0.007192085 0.003290472 0.001044509 0.0003176399 0.0001073747
0.9126504 0.7640964 0.5711581 0.503863 0.305675 0.08993781 0.01789479 0.005151904 0.001459220 0.0005108196 0.0001600837
0.9200196 0.8618607 0.8041786 0.5323902 0.3848671 0.09381509 0.01566549 0.004860361 0.001547942 0.000464205 0.0001605138
0.956975 0.9586003 0.9408779 0.8808314 0.6618157 0.2789792 0.0769207 0.0113475 0.003110545 0.001070861 0.0003187439
0.898981 0.7571687 0.6516159 0.4355838 0.29783 0.1370254 0.03089577 0.007925039 0.002434973 0.0007985593 0.0002495727
0.8225658 0.5119423 0.2845686 0.1405046 0.0541852 0.02226708 0.007131333 0.002009434 0.0006099645 0.0001964816 6.919957e-05
0.9459862 0.8461639 0.7358675 0.5239051 0.3629374 0.09288598 0.02238325 0.005774764 0.001931557 0.0005725131 0.0001728245
0.9328179 0.830498 0.7003304 0.512166 0.1958850 0.05779722 0.01641669 0.004524258 0.001253713 0.0003956772 0.0001542922
0.9422178 0.890054 0.7849616 0.5367271 0.1775293 0.05927906 0.02025383 0.005980473 0.001821088 0.0006353893 0.0001822909
0.84877 0.5403675 0.239488 0.1020965 0.05374369 0.01641663 0.004886362 0.002121618 0.0007127484 0.0001993435 6.233178e-05
0.9465258 0.8970202 0.8161501 0.729981 0.3455817 0.1109685 0.02500303 0.006011375 0.001676833 0.0005415599 0.0001816413
0.9331127 0.8443198 0.6627715 0.4825594 0.2095534 0.06027588 0.01640570 0.004745235 0.001652695 0.0005634321 0.000166427
0.9264072 0.8233065 0.759388 0.7087194 0.6147183 0.2499487 0.06136076 0.01202793 0.003499407 0.001113825 0.0003372935
0.912216 0.7650044 0.5801172 0.4373475 0.2599229 0.0889632 0.01927772 0.005534183 0.001646761 0.0005254806 0.0001622578
0.9440197 0.9060826 0.8384986 0.6266964 0.2985285 0.1243098 0.03873111 0.007712166 0.002358598 0.0008276334 0.0002171936
0.8782305 0.6990021 0.5227026 0.3743377 0.2026595 0.05627346 0.01336095 0.00418955 0.001334503 0.0004484338 0.000131251
0.9048652 0.7016575 0.3604456 0.1167594 0.06696291 0.02525395 0.007884005 0.003411677 0.001356856 0.0004288942 0.0001110143
0.8776516 0.6634881 0.4415646 0.2081498 0.1066513 0.04200521 0.01177096 0.003701350 0.001238178 0.0003822436 0.0001212208
0.8756395 0.5802008 0.2265531 0.0752643 0.02406916 0.009508239 0.003683713 0.001469412 0.0005236829 0.0001759159 5.023204e-05
0.840701 0.534484 0.2938094 0.1265935 0.06671267 0.02602582 0.005299967 0.002732409 0.0009508086 0.0002972325 8.739787e-05
0.8354107 0.549762 0.2852622 0.1128724 0.05305117 0.0167799 0.004702303 0.001932222 0.0006780154 0.000191993 7.018708e-05
0.9069853 0.7687448 0.6645228 0.5390193 0.2739823 0.09350585 0.01607122 0.004851183 0.001558859 0.0004789932 0.0001663410
0.8748334 0.5948113 0.3118104 0.1966593 0.1181485 0.0303556 0.01031059 0.003658629 0.00139061 0.0003967149 0.0001184523
0.9283646 0.8598179 0.773176 0.5704087 0.2946037 0.1162173 0.02472342 0.008461798 0.002330451 0.0006914984 0.0001846371
0.8968182 0.7127259 0.3579944 0.1175443 0.04450788 0.06926468 0.02222861 0.007578776 0.002030166 0.0006427267 0.0001923823
0.846354 0.5202712 0.2815062 0.1344468 0.07560185 0.03423402 0.00767108 0.00216281 0.0008033074 0.0002137128 7.511238e-05
0.8897899 0.7742191 0.6675354 0.5954613 0.4650501 0.1421694 0.01825274 0.004813531 0.001547254 0.0004538262 0.0001548852
0.8316636 0.4976614 0.2517746 0.1073828 0.05165158 0.01911244 0.00452781 0.002281654 0.0007253806 0.0002292146 6.802347e-05
0.8730728 0.619917 0.3769936 0.1700571 0.0742545 0.03106875 0.006237857 0.003047419 0.001104134 0.0002883300 0.0001016777
0.9303787 0.8627517 0.8115273 0.657576 0.4787637 0.1334502 0.02562021 0.007935556 0.001990044 0.000664714 0.000218221
0.9530169 0.9563339 0.9815145 0.9865204 0.9764102 0.7898837 0.2049973 0.01448413 0.003206507 0.001055323 0.0003350807
0.9517149 0.9278625 0.8600172 0.6420345 0.2814209 0.3078208 0.1309175 0.01375619 0.003070117 0.0009259828 0.0002739365
0.9320746 0.8367906 0.6928638 0.5637908 0.2553251 0.1138291 0.02542900 0.006596614 0.001826198 0.0005876486 0.0001841121
0.9506199 0.9549582 0.9895035 0.9920754 1 0.7060051 0.2187886 0.01681455 0.00358114 0.001141090 0.0003595821
0.8680798 0.5769277 0.3153394 0.1369269 0.05863147 0.02409008 0.004356034 0.002038822 0.0006566083 0.0001976848 6.371743e-05
0.9467114 0.9373067 0.9514304 0.9725808 0.9659614 0.5479601 0.1948744 0.01387383 0.003175106 0.001094821 0.0003247348
0.960648 0.969673 0.9799459 0.9650726 0.9521462 0.8017526 0.3344871 0.02039205 0.004021157 0.001313655 0.0003817963
0.9047271 0.7193167 0.5184562 0.3971951 0.2799071 0.05522315 0.01452302 0.005454413 0.001639257 0.0005014611 0.0001534925
0.9195695 0.8203038 0.7424023 0.572097 0.3714315 0.329977 0.07262876 0.01295574 0.003322716 0.001013759 0.0003234713
0.9507555 0.9487616 0.9637605 0.9192784 0.7502492 0.3653459 0.1060202 0.0146314 0.003132712 0.0009364559 0.0003069076
0.8511126 0.5293501 0.2173375 0.06622736 0.03021613 0.01123383 0.004092161 0.001761383 0.0006651968 0.00020762 6.19789e-05
0.9056705 0.7541521 0.6152835 0.3326994 0.1822378 0.05780084 0.02317026 0.006950021 0.001894009 0.0006925303 0.0002159196
0.9520087 0.9397149 0.9376889 0.8377303 0.8242315 0.5368992 0.1509594 0.01467053 0.003710048 0.001169738 0.0003742886
0.9614841 0.964355 0.9837025 0.9906231 0.9928864 0.9674265 0.5209841 0.02578269 0.004137493 0.001259953 0.0004028182
0.8469975 0.5497196 0.2463668 0.1003972 0.04090991 0.01469429 0.004113727 0.001771302 0.0005379452 0.0001678330 5.943449e-05
0.9130226 0.8299079 0.7995385 0.6744428 0.6051966 0.239376 0.0265812 0.006485844 0.001847692 0.0006171109 0.0002094684
0.9601003 0.9598485 0.9820605 0.9884511 0.9786124 0.9349017 0.4722052 0.0241012 0.004104552 0.001256080 0.000399043
0.888545 0.7185496 0.5757449 0.4182692 0.2438482 0.0671253 0.01431204 0.004602976 0.001400658 0.000506977 0.0001401733
0.890631 0.688127 0.403971 0.1719434 0.1009178 0.03641345 0.00864376 0.003399421 0.001375702 0.0004040061 0.0001335038
0.9191385 0.8139067 0.6152115 0.3975937 0.1508768 0.05157798 0.01446843 0.004562453 0.001562119 0.0004596882 0.0001437905
0.8874687 0.757241 0.6686277 0.4755138 0.3361947 0.1805762 0.04050821 0.0101545 0.003295116 0.0009385552 0.0003135614
0.919341 0.8213586 0.7019691 0.4583405 0.3600959 0.07789175 0.01315174 0.00473238 0.001454993 0.0004629804 0.0001689329
0.8793816 0.6197573 0.386092 0.1819767 0.07952812 0.03013884 0.006309302 0.002595248 0.0007888872 0.0002430016 8.215596e-05
0.9577283 0.960297 0.9717844 0.9699378 0.994193 0.9283666 0.6219008 0.01990493 0.003790227 0.001245466 0.0003642659
0.921581 0.8002678 0.6607213 0.4662956 0.2674668 0.1098451 0.02742535 0.007060992 0.001975167 0.0006270711 0.0002083117
0.9322019 0.8263355 0.6560297 0.4419198 0.2272679 0.08095855 0.02098079 0.00749313 0.002076629 0.0007696532 0.0002246059
0.951851 0.9374755 0.9523706 0.9480269 0.8621432 0.6007546 0.1345138 0.01477769 0.003341893 0.001125716 0.000341192
0.9095152 0.7727067 0.6050969 0.4553581 0.2437709 0.1004463 0.01389332 0.006726938 0.001741187 0.0006718065 0.0001843174
0.8800027 0.6535195 0.3448499 0.1371160 0.06054416 0.06744947 0.02495007 0.006441674 0.002322995 0.0007818548 0.0002571947
0.9527311 0.9566113 0.970924 0.9799452 0.9704476 0.6035698 0.1801247 0.01393880 0.003210481 0.001073810 0.0003360792
0.9030605 0.773812 0.6194329 0.4339715 0.3212577 0.1007701 0.01886192 0.006082636 0.001945032 0.000549896 0.0001748832
0.8277276 0.5149365 0.3036971 0.1386628 0.05636002 0.02043981 0.003872063 0.001839708 0.0005973742 0.0001817983 5.681298e-05
0.951726 0.9025874 0.8737778 0.6738404 0.3045594 0.1157782 0.03084624 0.00600234 0.002038711 0.0006440192 0.0002062587
0.9519786 0.9482886 0.9583891 0.9513097 0.9826322 0.6357888 0.245729 0.01925197 0.003830846 0.001245639 0.0003678681
0.900561 0.7232674 0.503387 0.2145507 0.0969551 0.03039716 0.009051914 0.003347858 0.001307626 0.0004064621 0.0001163099
0.9361262 0.893987 0.8544959 0.7161953 0.302061 0.08542888 0.02669772 0.008261082 0.002090546 0.0005974019 0.0001881947
0.9461152 0.9368481 0.9468417 0.7546799 0.5294014 0.1792128 0.05102325 0.009635599 0.002571072 0.0007508804 0.0002405291
0.9154046 0.8298179 0.7614495 0.5865563 0.4103283 0.09171857 0.02304538 0.00745278 0.002057494 0.0006477109 0.0002169791
0.885965 0.7180512 0.5651223 0.3431817 0.2089800 0.08251272 0.02180999 0.006627521 0.002083643 0.0006957695 0.0002184565
0.9529225 0.9481811 0.9650644 0.9642639 0.9870627 0.6978597 0.2619336 0.01754000 0.003727497 0.001214032 0.0003636073
0.9528966 0.949488 0.9626984 0.9622908 0.9887586 0.706542 0.2754374 0.01716261 0.003636302 0.001189403 0.0003581307
0.9437546 0.9227123 0.914008 0.7078972 0.4260424 0.1367344 0.02650781 0.007583964 0.002030159 0.0006249025 0.0002059647
0.9505237 0.9526229 0.9838791 0.9892363 0.9160336 0.744493 0.2510023 0.01962413 0.003507286 0.001058528 0.000345949
0.9477991 0.9383276 0.9256056 0.8882762 0.849118 0.5065717 0.1192715 0.01423608 0.003402356 0.001042237 0.0003295852
0.9269707 0.9097298 0.9410427 0.9802632 0.9673333 0.5954212 0.1716480 0.01348562 0.003176248 0.001072245 0.0003232944
0.8707968 0.6766507 0.5513061 0.3533959 0.2254192 0.06769003 0.01870387 0.005609724 0.002284443 0.0008142504 0.0002589578
0.9186197 0.8396308 0.7271513 0.5255766 0.2605933 0.07858213 0.01374470 0.004450582 0.001453414 0.0004421708 0.0001533230
0.8424984 0.4790038 0.2431026 0.1082548 0.05356592 0.01061873 0.004084834 0.002016058 0.0009388422 0.0002774664 0.0001005561
0.8281548 0.5087439 0.2840845 0.1279886 0.04440143 0.01330177 0.006225403 0.001744372 0.0005552129 0.0001896331 5.504609e-05
0.9335492 0.8397234 0.7257614 0.4479884 0.3489263 0.1026575 0.01693242 0.005168905 0.001627861 0.0005277633 0.0001784957
0.9434134 0.898295 0.8953218 0.7503778 0.5629868 0.2145784 0.03440804 0.008108812 0.002289525 0.0007322389 0.0002264088
0.9578473 0.9605503 0.972372 0.9691875 0.9942137 0.980869 0.6055785 0.0215263 0.003919678 0.001265869 0.0003715619
0.89792 0.7669942 0.712648 0.4868194 0.3188271 0.1256477 0.03267822 0.007852057 0.002637942 0.0008742346 0.00027249
0.9446675 0.922654 0.9282358 0.8661752 0.5855842 0.3652423 0.09034242 0.008930964 0.002552948 0.0007737206 0.0002477602
0.8435448 0.52652 0.2275377 0.0785501 0.04977504 0.01483380 0.004610524 0.001890317 0.0007686922 0.0002093605 6.565092e-05
0.9445567 0.9019517 0.8602379 0.6186259 0.5032814 0.1772875 0.04037478 0.009295581 0.002654619 0.0008286723 0.0002604906
0.9564838 0.9568186 0.9743288 0.9656018 0.958975 0.8243119 0.3170844 0.01806791 0.003728726 0.001213931 0.0003520486
0.949233 0.9486105 0.963027 0.9697895 0.8740328 0.4881603 0.09151947 0.01417660 0.003491068 0.001057403 0.0003349431
0.873859 0.6742081 0.4366085 0.1659515 0.1093921 0.05068881 0.01306573 0.004880567 0.002188663 0.0006202989 0.0001754920
0.951441 0.9157819 0.9142636 0.8387113 0.4856886 0.1934860 0.03437442 0.008176134 0.002539139 0.0007774018 0.000242982
0.9479093 0.9140582 0.9197398 0.9240295 0.926588 0.4210335 0.09865666 0.01341575 0.00334253 0.00101039 0.0003246694
0.85613 0.5863787 0.3434508 0.1555047 0.0804964 0.08330356 0.03705092 0.006674661 0.002031140 0.0005978385 0.0002274561
0.9509564 0.8967058 0.8495001 0.6954877 0.3467751 0.1001652 0.02824008 0.00638034 0.002180938 0.0006607188 0.0002314315
0.81734 0.5426868 0.3429002 0.1527619 0.05825705 0.01654540 0.004818112 0.002013916 0.00073998 0.0002071687 6.383532e-05
0.9517596 0.945229 0.9583972 0.9779812 0.913783 0.3582898 0.08736287 0.01170559 0.003227580 0.001061055 0.0003429899
0.9003182 0.7039856 0.4508975 0.1939661 0.09820908 0.05111019 0.01183261 0.004812707 0.001629532 0.0004708475 0.0001573358
0.9449486 0.9371672 0.9723053 0.9609 0.9934803 0.7647759 0.2533618 0.01635684 0.003517034 0.001112557 0.0003597918
0.868969 0.6150699 0.3660901 0.2197859 0.1379784 0.0557907 0.01373364 0.003294144 0.0009238938 0.0003149322 8.866819e-05
0.9557135 0.9564006 0.9653257 0.954482 0.941507 0.6690858 0.2404794 0.01758904 0.003937691 0.001315732 0.0003822281
0.9456714 0.910606 0.8579559 0.6565975 0.3742151 0.1354113 0.03823527 0.006821055 0.002168106 0.0007172684 0.0001999971
0.9382394 0.8762776 0.7881608 0.7143342 0.468485 0.2332741 0.03509665 0.006935162 0.001861302 0.0006082803 0.0001893725
0.8801556 0.594562 0.2641546 0.08779513 0.03106554 0.01081653 0.004257935 0.00176717 0.000602347 0.0001687485 5.370213e-05
0.9479323 0.8996344 0.8032948 0.6169548 0.2233239 0.1604771 0.05116865 0.01058921 0.002507047 0.0008495753 0.0002463595
0.914231 0.7363196 0.4691616 0.1832509 0.08291556 0.04062905 0.01199688 0.003418245 0.001180053 0.0003831716 0.0001156466
0.9499607 0.9512979 0.979274 0.9936293 0.9887218 0.5729882 0.1373748 0.01555258 0.003623145 0.001111239 0.0003416485
0.9419996 0.8636209 0.7548965 0.7140796 0.5374898 0.1773925 0.03922484 0.007989106 0.002119725 0.0007443561 0.0002199522
0.952942 0.9404525 0.866401 0.648394 0.4090283 0.1549709 0.0348716 0.008293979 0.00228981 0.0007163287 0.0002218565
0.950782 0.9236908 0.8962237 0.7364341 0.3741821 0.2744175 0.08817516 0.00992283 0.002633946 0.0008251685 0.0002388868
