0.8610568 0.5906047 0.2891055 0.1096469 0.05148414 0.02021106 0.00431291 0.001986658 0.0006259249 0.0001801795 5.99223e-05
0.9532918 0.9243662 0.903479 0.7734252 0.4084517 0.1753227 0.05729902 0.008715263 0.002227434 0.0007132525 0.000241988
0.9035488 0.7977283 0.6259646 0.4283134 0.2253836 0.08034565 0.02490972 0.007880505 0.002185629 0.0007009142 0.000206362
0.8999006 0.7292943 0.5293977 0.2818378 0.09371377 0.03289629 0.009559825 0.00410581 0.001379142 0.0004211219 0.0001424211
0.8974902 0.6788097 0.3487371 0.1654391 0.08989025 0.03301099 0.008483086 0.003362267 0.001001850 0.0003753886 0.0001126238
0.8683357 0.5711689 0.2136006 0.07212158 0.02771804 0.009861845 0.003702532 0.001394392 0.0004656265 0.0001479654 4.329425e-05
0.9468979 0.9332337 0.9022284 0.8179795 0.6152531 0.3221547 0.1011263 0.01312306 0.003212035 0.001126876 0.0003417178
0.9448727 0.9446585 0.966934 0.9606321 0.8643806 0.6404167 0.2147492 0.01790586 0.003886784 0.001177168 0.0003742843
0.9591648 0.9550566 0.9647795 0.9649424 0.9372755 0.4007372 0.1414213 0.01442115 0.003251334 0.001044768 0.00032654
0.9379392 0.8950395 0.8544756 0.7225411 0.4348589 0.2099453 0.03284440 0.005952539 0.002005596 0.0006178686 0.0002093564
0.9496858 0.9110628 0.8250579 0.7171115 0.5834734 0.2005935 0.05742464 0.00844158 0.002474369 0.0008230715 0.0002586068
0.8846326 0.7520639 0.5547747 0.2357606 0.1080115 0.1768621 0.03911793 0.01125947 0.003511823 0.001089208 0.0003211611
0.9360151 0.8824702 0.8550839 0.654254 0.3848009 0.0842931 0.01827028 0.006124367 0.001875532 0.0005661633 0.0001823208
0.9291615 0.8418204 0.7644848 0.550154 0.4199527 0.1400655 0.02674714 0.00716535 0.002101763 0.0006420329 0.0002122449
0.950885 0.9508998 0.9614377 0.9709048 0.8983103 0.7649838 0.2650604 0.01918688 0.003500280 0.001153394 0.0003660714
0.880599 0.6351686 0.3675214 0.1470043 0.05346794 0.02053081 0.005199985 0.002412274 0.0007910904 0.0002453289 7.360192e-05
0.8042991 0.5069138 0.2385028 0.1167625 0.04354234 0.01318943 0.003411283 0.001637305 0.0004600325 0.0001297339 4.506257e-05
0.9148101 0.809784 0.6899548 0.4582812 0.2883316 0.08238159 0.02256352 0.006353858 0.002243289 0.000690182 0.0002180389
0.9009894 0.678091 0.4841974 0.2934569 0.1785051 0.04964216 0.01473874 0.003951442 0.001265120 0.0004025412 0.0001148844
0.8497053 0.5309576 0.2619709 0.1223482 0.04224606 0.01790719 0.004840344 0.002190488 0.000727815 0.0002231893 7.151042e-05
0.9535339 0.955591 0.9831616 0.9941455 0.9604917 0.8435767 0.2195058 0.01831313 0.003610218 0.001158181 0.000359171
0.9561734 0.9573867 0.9627376 0.9750522 0.8990017 0.4968105 0.1420318 0.01734826 0.003875673 0.001249733 0.0003794806
0.9520094 0.955613 0.981433 0.982684 0.9889766 0.8069622 0.2995043 0.01872942 0.003602434 0.001171216 0.0003677638
0.9365658 0.9149855 0.9527877 0.9643824 0.9829202 0.6522728 0.1468958 0.01518691 0.003280396 0.001034233 0.0003351528
0.9307934 0.8607658 0.7643072 0.4844215 0.3712291 0.1077949 0.03106498 0.008652698 0.002353494 0.000764502 0.0002406211
0.956573 0.956416 0.9671965 0.9865415 0.8216595 0.7035023 0.1682961 0.014895 0.003697493 0.001186825 0.0003738549
0.9139073 0.7786851 0.7007361 0.5270908 0.2717225 0.06237383 0.01485546 0.00561031 0.001545286 0.000545922 0.0001552778
0.9392529 0.8910082 0.8681028 0.760526 0.5627468 0.1726777 0.03140111 0.008592397 0.002420263 0.0007310778 0.0002387955
0.9515153 0.9408757 0.937136 0.9309426 0.6820725 0.4206341 0.1311983 0.01285481 0.003356787 0.001088340 0.0003503182
0.9589744 0.954755 0.9845704 0.9979909 0.9938796 0.9468804 0.4185527 0.01877668 0.004019911 0.001188517 0.000380063
0.870203 0.5991811 0.3028056 0.1282701 0.06148491 0.02343016 0.005669722 0.002508148 0.0007988332 0.0002206682 8.181783e-05
0.8429154 0.5724068 0.3713385 0.2000451 0.09526076 0.03505915 0.00866093 0.003420611 0.001076843 0.0003911717 0.0001218900
0.9448039 0.9289659 0.9394916 0.9377922 0.8805463 0.4997576 0.1376332 0.01413074 0.003178522 0.001006373 0.0003189091
0.9326213 0.8333518 0.7596207 0.6506003 0.3710457 0.1437239 0.02931830 0.007541949 0.002381468 0.0008062686 0.0002462554
0.9409249 0.9319718 0.9816337 0.9762514 0.943605 0.7461607 0.3000194 0.01917684 0.003932351 0.001217205 0.0003788981
0.9577919 0.9570728 0.9720187 0.989978 0.8433917 0.9799327 0.4006845 0.01650368 0.003821965 0.001222546 0.0003812794
0.9566145 0.9552706 0.9623448 0.9810168 0.8336452 0.8232658 0.2667252 0.01596327 0.003779756 0.001202145 0.0003735599
0.9010519 0.7566345 0.6326088 0.4058447 0.1767165 0.09790552 0.02169955 0.007776796 0.002294847 0.0005961083 0.0002095988
0.8159325 0.5099763 0.2419169 0.1063830 0.04889496 0.01570211 0.004635999 0.001852805 0.0005598883 0.000204396 5.850962e-05
0.8897631 0.7282878 0.5074627 0.3720763 0.1895762 0.0691595 0.01396883 0.003669508 0.001199935 0.0003683377 0.0001304063
0.9334485 0.871324 0.7927 0.5250899 0.3018564 0.09672746 0.01652928 0.004506767 0.001385998 0.0004791646 0.0001503966
0.938937 0.902718 0.9125393 0.7774449 0.6637749 0.264298 0.0414443 0.007124038 0.002188822 0.0007045655 0.0002035835
0.8406478 0.5782914 0.4046402 0.2006668 0.09822471 0.02786 0.006184478 0.003040431 0.000962554 0.0003585066 0.0001105895
0.8764718 0.6374347 0.3635767 0.1561653 0.05926674 0.02218911 0.005681647 0.002691287 0.000909136 0.0002717430 8.536536e-05
0.9183094 0.8449798 0.7827553 0.7022774 0.3916854 0.2074618 0.03366616 0.005895038 0.001789105 0.0005635519 0.0002000274
0.9224347 0.8695711 0.8122376 0.7309785 0.4310574 0.2271868 0.02920384 0.006343397 0.001817407 0.0005930603 0.0002147376
0.9549935 0.9411123 0.930682 0.8919954 0.5464766 0.2925870 0.07092047 0.009758227 0.003124054 0.001001478 0.0003214454
0.9178991 0.8219546 0.7290152 0.4619876 0.1990535 0.2070996 0.05135319 0.01076049 0.002852629 0.0008411964 0.0002934582
0.8332149 0.4936146 0.2551484 0.1175489 0.05707777 0.01863308 0.005269991 0.002013672 0.0007574776 0.0002133741 6.679219e-05
0.9419466 0.8782843 0.773999 0.5368943 0.2752505 0.08286354 0.02305835 0.006222825 0.001797405 0.0006525619 0.0001791806
0.9182577 0.8403344 0.7849302 0.6277533 0.2068260 0.09388873 0.01863209 0.004754755 0.001392665 0.0005097707 0.000183107
0.9474323 0.90954 0.8779367 0.6518508 0.2951575 0.1023827 0.03580227 0.007047133 0.002048708 0.0006050459 0.0002157016
0.8497503 0.5459043 0.2626775 0.1009345 0.04302328 0.01474891 0.004372307 0.002044816 0.0007130247 0.0002218356 7.01818e-05
0.947023 0.919515 0.876057 0.7305647 0.4195926 0.1222433 0.02901827 0.007767977 0.002194762 0.0007205444 0.0002211943
0.9392303 0.8572907 0.6842071 0.5070423 0.3113243 0.08245853 0.01871071 0.006023357 0.001755769 0.0005204702 0.000172637
0.9160401 0.8481771 0.7979405 0.717577 0.7106394 0.4141189 0.0848263 0.01242051 0.003187252 0.0009981474 0.000313612
0.8883587 0.6514776 0.3807057 0.2483238 0.1328124 0.04204792 0.01094520 0.003041293 0.0009724967 0.0003137783 0.0001135505
0.9477459 0.9216048 0.8742913 0.8515127 0.3595542 0.1567029 0.04461676 0.00904718 0.002232802 0.0006869732 0.0002133929
0.8688625 0.6364713 0.3787152 0.2601649 0.1179821 0.04086907 0.0091092 0.003282089 0.001054004 0.0003289779 0.0001113726
0.8891753 0.6858641 0.3511599 0.1297016 0.06062082 0.02725037 0.007017646 0.002411125 0.001118971 0.0003351079 0.0001010824
0.8555235 0.6029594 0.3206924 0.1435723 0.05281914 0.02108788 0.0055312 0.002292905 0.0007000639 0.0002637996 6.631472e-05
0.868988 0.5950327 0.2067595 0.07246257 0.02861945 0.01074399 0.003697642 0.001630469 0.0005197786 0.0001764367 5.491682e-05
0.8059942 0.4961962 0.2569946 0.1213351 0.05245647 0.02456132 0.00569939 0.001710567 0.0005157687 0.0001944411 5.813091e-05
0.8525504 0.5642693 0.310726 0.1577746 0.05226089 0.01997004 0.005713441 0.002368322 0.00085339 0.0002439083 7.799804e-05
0.8908796 0.7105817 0.4871635 0.3212377 0.1752936 0.05269421 0.01395378 0.003590134 0.001150645 0.000344992 0.0001174697
0.8948124 0.7322114 0.6035203 0.4245142 0.2478901 0.07824446 0.01519191 0.005309994 0.001546752 0.0004960871 0.0001624296
0.9264517 0.8671542 0.8187369 0.7462766 0.4402619 0.2396785 0.04276013 0.009347203 0.002318164 0.0007582746 0.0002558041
0.9016676 0.7486655 0.4904163 0.1666987 0.0536244 0.0789087 0.0363423 0.009178846 0.002476322 0.0008074811 0.0002367265
0.8788513 0.5916118 0.3221317 0.1946042 0.1143939 0.05296221 0.009362808 0.002947979 0.0009070366 0.0003103388 9.956971e-05
0.8897631 0.7249728 0.5005404 0.3660444 0.1780796 0.06614022 0.01392339 0.003669508 0.001199512 0.0003677 0.0001304063
0.8315896 0.5135779 0.2492971 0.1140166 0.03794217 0.01637942 0.004332164 0.002218019 0.000708867 0.0002229295 7.118782e-05
0.8435324 0.5491618 0.2672542 0.1288779 0.0585254 0.02080963 0.004971669 0.002193657 0.0006742787 0.0002207412 8.352581e-05
0.923388 0.8261229 0.7434076 0.6117712 0.2603914 0.08353554 0.0203029 0.00535247 0.001464447 0.0004996684 0.0001465358
0.9577712 0.9602578 0.9722824 0.9897796 1 0.8583018 0.1936044 0.01683814 0.003520415 0.001129705 0.0003720764
0.9476607 0.9020854 0.7864858 0.6068646 0.4506878 0.1765 0.03613008 0.008688412 0.002210616 0.0007363515 0.0002344966
0.9297952 0.8351041 0.741716 0.7192594 0.3005957 0.1074737 0.02359598 0.006095343 0.001623765 0.0005732237 0.0001617438
0.9622633 0.9646392 0.9886107 0.9970223 1 0.8242082 0.2638046 0.01988431 0.003839528 0.001212286 0.0003942244
0.872624 0.5743485 0.2691041 0.1367170 0.06397538 0.02620097 0.004905152 0.002049646 0.0006531089 0.0002113507 6.504582e-05
0.9489904 0.9405233 0.9780244 0.97397 0.9209159 0.6324753 0.1945446 0.01699772 0.003495193 0.001130684 0.0003479283
0.9578465 0.9588092 0.9712681 0.9728647 0.841021 0.8540142 0.2864485 0.01608740 0.003805245 0.001221241 0.0003841769
0.878253 0.6294723 0.3815131 0.2583695 0.1266963 0.03543361 0.008782221 0.002805947 0.000877746 0.0002715374 9.870914e-05
0.8973261 0.7286111 0.5017133 0.3933537 0.2046906 0.1991232 0.05329614 0.008181487 0.002460145 0.0008400696 0.0002762573
0.9529476 0.9500276 0.9798519 0.9785184 0.8267205 0.5376312 0.195318 0.01645763 0.003371287 0.0009910256 0.0003480693
0.8519084 0.5227315 0.2211905 0.0632949 0.02404837 0.007662619 0.002875564 0.001165587 0.0003669611 0.0001285830 3.550152e-05
0.8916517 0.773041 0.5293469 0.3332467 0.1921034 0.06559465 0.02033100 0.006741984 0.002362478 0.0006645705 0.0002420826
0.9600085 0.9600335 0.9677276 0.989557 0.9401609 0.5585015 0.2115822 0.01632037 0.00353566 0.001111751 0.0003674046
0.9571997 0.9558028 0.9704531 0.9881235 0.8253051 0.9410561 0.3277482 0.01638112 0.003835163 0.001221738 0.0003815312
0.842256 0.5349874 0.2464088 0.1107255 0.05856778 0.01993919 0.004642202 0.002210327 0.0006437677 0.0002036632 7.129766e-05
0.888269 0.699756 0.5468107 0.3726562 0.2615456 0.1254246 0.01736174 0.004608568 0.001439020 0.0004635503 0.0001629948
0.9572815 0.9665075 0.978657 0.9916422 0.9615647 0.7693302 0.3441915 0.02562386 0.004394059 0.001385092 0.0004267282
0.8895963 0.738758 0.5555292 0.4921948 0.3408333 0.07997994 0.01550482 0.005140943 0.001389132 0.0004628822 0.0001555698
0.9075057 0.7385442 0.5510563 0.2732084 0.1198995 0.06361475 0.01814262 0.006614374 0.001848628 0.0006258275 0.0001928140
0.925663 0.8167002 0.6243497 0.445568 0.2209011 0.0609089 0.01495803 0.005162142 0.001550885 0.000450481 0.0001499082
0.874291 0.7071142 0.5474472 0.44868 0.1641511 0.07501794 0.0236015 0.007618757 0.002171374 0.0007295034 0.0002519459
0.92408 0.7887606 0.5781058 0.3909151 0.2256778 0.06398552 0.01764321 0.00610616 0.001671999 0.0005384487 0.0001797961
0.8774036 0.5791949 0.2972649 0.1732938 0.08029455 0.03226106 0.005768866 0.002233176 0.0007105146 0.0002321875 7.424716e-05
0.9534306 0.9608786 0.9805299 0.9930221 0.9948845 0.9486984 0.3632834 0.02030065 0.003629859 0.001193448 0.0003646854
0.9053989 0.768587 0.6026567 0.4366148 0.2477931 0.05863459 0.01192791 0.004845354 0.001455494 0.0004183078 0.0001396919
0.9309416 0.8367462 0.6975268 0.4874283 0.2174238 0.07633659 0.02370947 0.006305389 0.002224890 0.0007835059 0.0002216275
0.9481951 0.9327545 0.9484102 0.8360842 0.5727509 0.5464618 0.1149197 0.01560221 0.003405036 0.001125971 0.0003479313
0.9166106 0.7817578 0.5923423 0.3763979 0.2502932 0.05953968 0.01236255 0.004634738 0.001508499 0.0004846016 0.0001515741
0.8806572 0.6543422 0.3169536 0.1413896 0.06388848 0.02444936 0.008172191 0.002798072 0.0007562742 0.0003260223 8.969925e-05
0.957622 0.9458593 0.973635 0.9891742 0.987335 0.8238968 0.2553396 0.01709311 0.003862943 0.001148062 0.0003631567
0.9061695 0.7875129 0.6548269 0.4971957 0.3918584 0.1040362 0.02917939 0.005960286 0.002126365 0.0007455343 0.0002411167
0.799697 0.5085797 0.2687295 0.1159756 0.04224014 0.01389767 0.003683164 0.001788671 0.0005045507 0.0001927541 5.142754e-05
0.9404956 0.9039504 0.8504943 0.6112989 0.2881794 0.1319603 0.02744172 0.006318695 0.001767983 0.0005958399 0.0002111984
0.95667 0.9504237 0.9730804 0.9674965 0.860033 0.7230137 0.2084868 0.01887010 0.003788004 0.001210502 0.0003931393
0.9137813 0.7702926 0.5335828 0.2668532 0.1432374 0.04958689 0.01156005 0.004595077 0.001441703 0.0004927722 0.0001517216
0.9436186 0.8997298 0.8938305 0.7188269 0.3315815 0.1376991 0.03729944 0.007599887 0.002134922 0.0006354635 0.0002341571
0.9452642 0.9265942 0.8919792 0.78484 0.543371 0.1820229 0.04944836 0.00974697 0.00267106 0.0008684428 0.0002454221
0.9091668 0.8170339 0.7131886 0.4457356 0.2590647 0.06453175 0.01861641 0.006383602 0.002058234 0.0006311996 0.0001996917
0.884654 0.7148337 0.5216976 0.3897092 0.1707727 0.0930599 0.02546556 0.007904144 0.002275271 0.0007790177 0.0002483687
0.9583695 0.9545176 0.9781682 0.9782634 0.9292512 0.7280978 0.247358 0.01965276 0.003876009 0.001211353 0.0003912302
0.9470281 0.9549008 0.984712 0.9834027 0.9785196 0.7633056 0.2458349 0.01724351 0.003733588 0.001178835 0.0003695125
0.9493289 0.9085745 0.8041315 0.6582769 0.4563781 0.1347965 0.02768830 0.007097269 0.001789763 0.000584162 0.0001792932
0.9535723 0.9527064 0.9754897 0.9859862 0.9501348 0.814156 0.3055118 0.01828136 0.003483041 0.001068036 0.0003540080
0.9521666 0.925641 0.9247553 0.8574693 0.7755568 0.6851642 0.1488526 0.01477465 0.003584798 0.001095034 0.0003367377
0.932446 0.8973322 0.9410787 0.9419776 0.9710172 0.7514917 0.3023025 0.01582295 0.003417269 0.001108875 0.0003331623
0.870253 0.6868927 0.5796566 0.3871561 0.2241199 0.09300729 0.02555365 0.008396534 0.002249748 0.0007668965 0.0002061513
0.9277935 0.8350912 0.7559345 0.665315 0.4121947 0.09517443 0.02013941 0.005043504 0.001622829 0.000513409 0.0001633231
0.8190564 0.4779195 0.2205870 0.09493758 0.03382061 0.01022709 0.003656259 0.001561665 0.0005715869 0.0001762257 5.174716e-05
0.8283106 0.5118501 0.2492192 0.1129092 0.0476026 0.02171153 0.006501556 0.002190558 0.0008531188 0.0002409312 7.338409e-05
0.9367787 0.8495305 0.723325 0.5978643 0.2031202 0.08504574 0.02547494 0.005442583 0.001606268 0.0004862914 0.0001570430
0.9305733 0.8888046 0.845527 0.8229042 0.5399101 0.3055784 0.03556635 0.0076615 0.002301118 0.0006905627 0.0002387085
0.9612328 0.9652939 0.9898046 0.9919064 0.9359034 1 0.5037225 0.02136512 0.003828894 0.001215757 0.0003946492
0.913078 0.8327835 0.767472 0.7211269 0.4916484 0.2703536 0.04309326 0.01206092 0.003540090 0.001124802 0.0003400974
0.9409619 0.9058998 0.9061365 0.7560363 0.6659234 0.3284337 0.05475591 0.007717663 0.002392296 0.0008642431 0.0002518437
0.8374522 0.5283874 0.2461976 0.09260678 0.03831897 0.01530477 0.004429869 0.001950686 0.0006942998 0.0002195619 7.290144e-05
0.9512337 0.9141531 0.8991022 0.7321439 0.4445158 0.1783749 0.03918847 0.007559427 0.002007715 0.0006576687 0.0002290804
0.9573544 0.9587958 0.9708233 0.97053 0.8352364 0.8841769 0.2699931 0.01645512 0.00375216 0.001190920 0.0003835968
0.95336 0.9516406 0.9740025 0.9490539 0.8684672 0.4314525 0.143846 0.01601224 0.003360458 0.001002539 0.0003414889
0.8524684 0.5484152 0.2803521 0.1539805 0.06743446 0.02328742 0.005506839 0.002771535 0.001040920 0.0002707702 0.0001012107
0.9493443 0.9190698 0.9226568 0.8249482 0.5339056 0.2020547 0.05496187 0.01131024 0.002916328 0.0009478061 0.0002903594
0.9459525 0.9056785 0.8903011 0.8379479 0.8469104 0.2844808 0.08412114 0.01219145 0.003190975 0.0009576396 0.0003073629
0.889772 0.6489734 0.3944002 0.1962557 0.1072016 0.09688876 0.03572302 0.006849744 0.002511491 0.000799126 0.0002403554
0.9375157 0.8597181 0.7007611 0.4270256 0.1938127 0.04956488 0.01768839 0.005845805 0.001754846 0.0004569839 0.0001623424
0.823094 0.5049484 0.2708201 0.1389004 0.05487379 0.01820044 0.003922642 0.001763141 0.0005667916 0.0002055444 6.849285e-05
0.9561178 0.9522158 0.9530137 0.9362643 0.7638669 0.4518315 0.1273945 0.01132299 0.003506317 0.001068422 0.0003569024
0.8690346 0.6022348 0.2826458 0.1264709 0.05076356 0.02145301 0.005203241 0.002477358 0.0008951129 0.00026517 7.771953e-05
0.953679 0.9362073 0.9651515 0.9765914 0.9583309 0.9118114 0.3084444 0.01624852 0.003743922 0.001126447 0.0003618866
0.8651675 0.570475 0.3458898 0.2394912 0.1211286 0.04739905 0.01204817 0.003350192 0.0007978046 0.00028176 8.351213e-05
0.950927 0.9526767 0.9849624 0.9931144 0.9945086 0.8344828 0.3446407 0.01811621 0.003437311 0.001165584 0.0003497979
0.9498385 0.9202176 0.8793032 0.89543 0.4108238 0.1667682 0.04649976 0.008633447 0.002109143 0.0006937265 0.0002203661
0.9358996 0.8740031 0.7645503 0.6338323 0.4275743 0.1474141 0.02344213 0.005473352 0.001674989 0.0004905875 0.0001557367
0.886289 0.6741494 0.3594434 0.1302631 0.03992542 0.01505620 0.005306809 0.002419774 0.0008696123 0.0002474594 7.336881e-05
0.937068 0.8753402 0.7715144 0.533472 0.40985 0.1191159 0.03542772 0.008635204 0.002563614 0.0007894722 0.0002333066
0.9079748 0.7408966 0.5153264 0.2176135 0.06595878 0.05120968 0.01251174 0.005559237 0.001680915 0.0004622395 0.0001513475
0.9528688 0.9562063 0.9829402 0.9713043 0.9210602 0.7653814 0.1438229 0.01732838 0.003479276 0.001113159 0.0003529054
0.938715 0.8858462 0.7805447 0.6521835 0.4742224 0.1042323 0.02413531 0.006549564 0.001713355 0.000568766 0.0001807428
0.95265 0.903772 0.752654 0.5214604 0.3237117 0.09558853 0.02377786 0.006716533 0.001890756 0.0005627845 0.0001751847
0.9546328 0.9466416 0.9483098 0.8882325 0.4547696 0.4726197 0.1490168 0.01532091 0.003654937 0.001216638 0.0003691758
