0.8682062 0.5983727 0.2850359 0.0992005 0.04314766 0.01683128 0.004317088 0.001897594 0.0006226968 0.0001906083 6.262837e-05
0.9542718 0.9206463 0.9040286 0.7972745 0.5149577 0.2007517 0.0441895 0.009161023 0.002562228 0.0007952142 0.0002469609
0.9202073 0.8201242 0.6945013 0.4662397 0.2310944 0.1107447 0.03087863 0.008702891 0.001948807 0.0007585716 0.0002320464
0.8635172 0.6205486 0.3058593 0.1290061 0.04044929 0.01338383 0.004872608 0.002286572 0.0007119877 0.0002156196 6.22456e-05
0.8675424 0.5893771 0.2821840 0.1342616 0.06866876 0.02340039 0.00729366 0.002868824 0.0009969233 0.0002945898 8.28714e-05
0.8801165 0.641402 0.3131879 0.1053036 0.04928429 0.01898957 0.00485274 0.001903922 0.0006208763 0.0002083544 6.13179e-05
0.9489344 0.9148116 0.8995627 0.6915846 0.5157985 0.2923949 0.07982461 0.01136496 0.003292605 0.0009732123 0.0003240294
0.9562523 0.9652817 0.974754 0.9762863 0.9526095 0.5440525 0.1382288 0.01234352 0.002774413 0.000987985 0.0002930234
0.954248 0.9442565 0.965045 0.9591787 0.8348781 0.6567943 0.1585414 0.01836997 0.003496941 0.001185018 0.0003573613
0.937941 0.88038 0.9318558 0.9492154 0.7232086 0.3428976 0.07220688 0.007430753 0.002411898 0.0007857976 0.0002272328
0.9368564 0.885305 0.7664363 0.6461922 0.2575397 0.08610096 0.01721800 0.004720648 0.001707602 0.0005161364 0.0001578098
0.8859893 0.6670205 0.3841859 0.1719117 0.08867777 0.03699897 0.009216111 0.004046718 0.001424499 0.0005106407 0.00016055
0.9379444 0.8861937 0.8296826 0.627541 0.3073782 0.08271495 0.02520944 0.00546729 0.001803611 0.0005562154 0.0001962662
0.9344153 0.885159 0.8381571 0.6992331 0.3397141 0.1521109 0.02789782 0.005704953 0.001966844 0.0005630677 0.0001696974
0.96066 0.9587376 0.9798554 0.9959772 0.9744505 0.9400142 0.3478887 0.02936194 0.004306565 0.001294389 0.0004173516
0.8551374 0.56287 0.2433642 0.1010905 0.0483383 0.01342011 0.003597590 0.001388644 0.000535756 0.0001995809 5.710423e-05
0.833369 0.538349 0.3372197 0.1702939 0.05946232 0.02060838 0.0062556 0.002773056 0.0009964097 0.0002912057 7.554233e-05
0.8931384 0.735048 0.4866568 0.3224447 0.1842177 0.04349020 0.01721378 0.005320163 0.001906952 0.000629219 0.0001802562
0.8905455 0.6660414 0.4306533 0.2499276 0.1714357 0.04674252 0.01022624 0.003876090 0.001178498 0.0003550497 0.0001189444
0.8400083 0.4975988 0.2283225 0.0918476 0.03396863 0.01466768 0.003977602 0.001683815 0.0004892834 0.0001824451 5.634253e-05
0.9513033 0.95356 0.9796076 0.984636 0.9710703 0.7361429 0.1503230 0.01685865 0.003538802 0.001045295 0.0003385955
0.9547226 0.9451376 0.9443205 0.9542572 0.960811 0.7432967 0.1693518 0.01614471 0.003506008 0.001213967 0.0003708635
0.95316 0.9460889 0.9726752 0.942633 0.982873 0.7603919 0.2648802 0.02020704 0.003797886 0.001260298 0.0003896558
0.93478 0.9061569 0.9213274 0.9390711 0.9408112 0.6019957 0.06534692 0.01345920 0.003152151 0.0009922973 0.0003001454
0.9482305 0.92071 0.8241073 0.6629339 0.3697771 0.4465285 0.2034433 0.01838766 0.003697653 0.001239216 0.0003875532
0.9600969 0.968201 0.9826163 1 0.9463853 0.725779 0.2283624 0.01893968 0.003551709 0.001119539 0.0003580958
0.926481 0.8405496 0.73075 0.5781221 0.2499079 0.07512165 0.01155467 0.004164659 0.001464915 0.0005355146 0.0001581979
0.9491451 0.9244394 0.8799954 0.8029206 0.6284474 0.1971491 0.04310770 0.007804573 0.002007498 0.0007106338 0.0002224855
0.9510132 0.9388156 0.9346395 0.9452798 0.7935762 0.2741323 0.07502857 0.01258582 0.003078089 0.0009682574 0.0003010831
0.9511735 0.9539908 0.9873338 0.993404 0.9947618 0.8734331 0.204303 0.01655621 0.003466909 0.001018276 0.0003326137
0.8889475 0.6163111 0.2711754 0.1350246 0.04409207 0.01939530 0.005375561 0.002295081 0.0007731943 0.0002487048 7.772607e-05
0.8098525 0.5231986 0.28932 0.1301439 0.05042684 0.01566728 0.004797507 0.001808752 0.0006968819 0.0002055724 6.297252e-05
0.931537 0.8974482 0.9026863 0.893597 0.806933 0.4190484 0.1021700 0.01568908 0.003260355 0.000985745 0.0003080557
0.9193003 0.7756547 0.6573571 0.4969167 0.2719569 0.07877696 0.01629662 0.004776805 0.001633354 0.000537152 0.0001591313
0.9497763 0.9457123 0.9661725 0.9891144 0.9563235 0.831847 0.2462818 0.01813132 0.003640117 0.001148768 0.0003636744
0.9615952 0.9692215 0.9808243 0.990877 1 0.949208 0.3380808 0.02036388 0.003770310 0.001275729 0.0003914276
0.9627107 0.9698148 0.9751445 0.9924605 0.9839373 0.9052828 0.3120517 0.02079819 0.00369987 0.001249405 0.0003866554
0.9046882 0.7670753 0.6663341 0.5146341 0.3338748 0.1880465 0.03407708 0.01035602 0.002428559 0.000814679 0.0002544440
0.8844241 0.6720883 0.3959054 0.1813367 0.08501838 0.02589088 0.006602594 0.002989056 0.001035071 0.0003563819 0.0001053584
0.892669 0.7890805 0.7438107 0.5516589 0.5355282 0.1771244 0.01962900 0.005267069 0.001413412 0.0004611231 0.0001568030
0.9251199 0.8504783 0.7232194 0.5077739 0.2656842 0.08663334 0.01850586 0.005270019 0.001495592 0.0004724571 0.0001539734
0.9218016 0.8834502 0.8937016 0.9011397 0.4462968 0.1957125 0.02856705 0.005053247 0.001926408 0.0005611244 0.0001773322
0.7923414 0.4829293 0.2835039 0.1283934 0.04720577 0.01225388 0.003385859 0.001661050 0.000599145 0.0001773443 5.686463e-05
0.8915573 0.6558391 0.3819649 0.179716 0.0774747 0.03025671 0.006529137 0.003153256 0.0009421003 0.0003293802 9.495732e-05
0.9124937 0.7659548 0.6582267 0.572678 0.4685543 0.1687743 0.0255757 0.005296164 0.001609139 0.0004995721 0.000164019
0.9334858 0.8693309 0.8949088 0.853211 0.489069 0.1948929 0.03223438 0.00756533 0.002309302 0.0007515112 0.0002225717
0.9582769 0.9448186 0.9388463 0.8870565 0.6869701 0.3513637 0.09273136 0.01359891 0.003437707 0.001140053 0.0003585485
0.8904052 0.7544463 0.5974233 0.4218158 0.2351496 0.1053188 0.02558304 0.007982695 0.002293887 0.0006438193 0.0002409137
0.8513704 0.5463911 0.290965 0.1490299 0.08511434 0.02784818 0.007174757 0.002032345 0.0007362195 0.0002259794 8.070167e-05
0.9438371 0.8652158 0.8419004 0.7002022 0.369458 0.1560786 0.02607182 0.007553539 0.00223621 0.0006998969 0.0001992672
0.925361 0.8545427 0.7350756 0.5162729 0.240625 0.06797221 0.01535514 0.00488278 0.001501992 0.0004273014 0.0001424643
0.9466884 0.9115333 0.8568034 0.6465756 0.3240756 0.1190549 0.04840324 0.009359177 0.002099022 0.0007483687 0.000227678
0.8908102 0.6501482 0.4048956 0.1772896 0.0782692 0.03036435 0.00795998 0.003998654 0.001557221 0.0004397258 0.0001427859
0.9479775 0.9131085 0.8247999 0.6563287 0.3384516 0.0887248 0.02864703 0.005739422 0.001636680 0.0005697376 0.0001753270
0.9331214 0.8650026 0.7814632 0.6857271 0.2571257 0.07610337 0.02015462 0.005159523 0.001702820 0.000524479 0.0001655843
0.9113051 0.8279098 0.764012 0.7203363 0.6598032 0.4007107 0.06991327 0.01009174 0.002809599 0.0008946734 0.0002760424
0.9028473 0.7221015 0.4808034 0.348203 0.2608907 0.07170888 0.01429554 0.004613348 0.001442836 0.0004935796 0.0001351851
0.9446915 0.8778775 0.7886072 0.633637 0.405234 0.1012418 0.03593457 0.00835936 0.002471794 0.0008432423 0.000248357
0.8682121 0.6711365 0.4884482 0.3312102 0.1561414 0.05718469 0.009998942 0.004112207 0.001330673 0.0004208325 0.0001353800
0.8966961 0.7038534 0.350565 0.1550343 0.0931414 0.03699011 0.006863107 0.003451458 0.001248986 0.0003297168 0.0001153093
0.82936 0.5318601 0.2808148 0.1227704 0.05250581 0.01601826 0.004332921 0.001785821 0.0006684991 0.0002198698 7.127853e-05
0.8547018 0.5881673 0.2084418 0.06803187 0.02477878 0.008584277 0.002990933 0.001436387 0.0004890403 0.0001700409 4.960341e-05
0.7842962 0.4496365 0.2006007 0.09740272 0.03962004 0.01821460 0.005816089 0.001523024 0.0004960621 0.0001345987 4.824234e-05
0.8491395 0.5190938 0.2796901 0.1188394 0.04822214 0.02008512 0.004814257 0.002316279 0.0008393036 0.0002378028 8.61776e-05
0.9237683 0.8164499 0.7571868 0.6702251 0.5011779 0.1392348 0.02469766 0.006567349 0.002140787 0.0007973754 0.0002202267
0.9126952 0.7642218 0.6252595 0.4685399 0.3237571 0.08303471 0.01812986 0.005644099 0.001992084 0.0005748968 0.0001729251
0.9230085 0.8602329 0.8106777 0.6252911 0.2998996 0.1282686 0.02943958 0.007692459 0.002387197 0.0007057443 0.0002159712
0.8999891 0.7413324 0.5977333 0.4479452 0.2199162 0.09174735 0.02682197 0.006822048 0.001914241 0.0006754309 0.0001966888
0.8343257 0.5043642 0.3108274 0.1376721 0.09325206 0.03777809 0.007481003 0.002783203 0.0008149826 0.0002590020 8.566673e-05
0.9210574 0.8070133 0.6955944 0.6149091 0.444575 0.1009593 0.02123695 0.005354054 0.001822017 0.0005716466 0.0001823814
0.83476 0.5743046 0.2697884 0.1064419 0.04997505 0.01950539 0.005629137 0.002504019 0.0008894573 0.0002823188 8.79055e-05
0.8439574 0.5462324 0.2844422 0.1254740 0.04836105 0.02053203 0.005001326 0.002481092 0.0008214757 0.0002714135 8.318501e-05
0.9447687 0.901351 0.851187 0.6659956 0.4819211 0.1572906 0.03263405 0.008186461 0.002227602 0.0006728956 0.0002255163
0.9558124 0.9541403 0.9748366 0.9575494 0.9807934 0.6732278 0.2369698 0.02056273 0.003724533 0.001175996 0.0003773633
0.9503397 0.9251343 0.9062987 0.7592871 0.6223578 0.2463623 0.05454625 0.01040590 0.002756060 0.0008203827 0.0002790616
0.9294743 0.852947 0.729131 0.5309351 0.2533959 0.10635 0.01634252 0.005418812 0.001696806 0.000620813 0.0001846161
0.9515797 0.95194 0.9785591 0.9899887 0.994793 0.705555 0.1564386 0.01765596 0.003542698 0.001088813 0.0003423877
0.85068 0.5802364 0.3049303 0.1122039 0.04877387 0.01901940 0.00474958 0.002218135 0.000776468 0.0002253334 7.288558e-05
0.9469517 0.935915 0.9507415 0.9556403 0.9575328 0.7866895 0.1516147 0.01680038 0.003419034 0.001059650 0.0003313895
0.9554777 0.965561 0.9819378 1 0.9867994 0.7856057 0.2729985 0.02043407 0.003792975 0.001143296 0.0003476861
0.8922849 0.7289686 0.5394036 0.3898281 0.2724086 0.05797974 0.01340127 0.004318164 0.001386409 0.0004649412 0.0001325702
0.8998466 0.765413 0.6425621 0.5374595 0.4181469 0.1138184 0.01978374 0.006040976 0.001920961 0.0006158505 0.0001956785
0.9527487 0.9617144 0.9781584 0.9686125 0.8645992 0.799083 0.2068479 0.01779204 0.003326307 0.001021398 0.0003365402
0.8484755 0.4945141 0.1804619 0.06718121 0.02303602 0.008004723 0.003374777 0.001311524 0.0004536836 0.0001489497 4.646633e-05
0.9134344 0.8238821 0.7606564 0.4761391 0.2457689 0.1524138 0.04077276 0.01039246 0.002529698 0.0008207323 0.0003059014
0.9572075 0.950184 0.9652155 0.9235478 0.7780891 0.5482791 0.1751178 0.01852658 0.003755009 0.001192687 0.0003925699
0.9600931 0.9625278 0.9859622 0.9931126 0.9943445 0.9826944 0.5416863 0.01998262 0.003993622 0.001228561 0.0004132292
0.845897 0.5562144 0.2445533 0.1115630 0.0413535 0.01708190 0.00393066 0.001873189 0.00062232 0.0002154024 6.390005e-05
0.8789717 0.676621 0.4830084 0.3735789 0.2990837 0.1116888 0.01257985 0.004618118 0.001424028 0.0004830979 0.0001552330
0.9546018 0.9667544 0.9849383 0.9837498 0.9754655 0.943826 0.3976204 0.01840055 0.003533979 0.001136371 0.0003517026
0.9179583 0.796663 0.6632884 0.529729 0.3832851 0.1080459 0.02005712 0.005643841 0.001948795 0.0006668764 0.0002041319
0.9116207 0.7596856 0.5733663 0.2760677 0.1466129 0.05568227 0.01629613 0.006084912 0.002154977 0.0006501401 0.0002094208
0.9243442 0.8159036 0.640116 0.4941823 0.2793021 0.07965742 0.01632578 0.005346602 0.001624572 0.0005099777 0.0001606926
0.8839185 0.7545198 0.5701942 0.4022737 0.2046309 0.08061606 0.02946646 0.00955467 0.002462958 0.0008895443 0.0002496861
0.9229564 0.818459 0.7085198 0.5717382 0.1637998 0.05879763 0.01324327 0.003861425 0.001368911 0.0003870938 0.0001309358
0.8679505 0.606815 0.3301265 0.1617370 0.08365137 0.02900034 0.006182446 0.002395495 0.0008872653 0.0002331558 8.43316e-05
0.9511312 0.9537834 0.9771994 0.9868311 0.976636 0.9079866 0.2979445 0.01813185 0.003588273 0.001095279 0.0003525157
0.903275 0.7929117 0.6495963 0.4107681 0.2295098 0.07969657 0.01397045 0.005450303 0.001446300 0.0004974191 0.0001624665
0.9243942 0.8329855 0.6802504 0.4340842 0.2439662 0.05858357 0.01529761 0.004862869 0.001411048 0.0004114392 0.0001463392
0.9451831 0.9302639 0.9421472 0.871075 0.5058066 0.5974726 0.1252717 0.01440909 0.003477512 0.0009985924 0.0003358275
0.9154295 0.7895526 0.6771492 0.5744277 0.3726446 0.1119201 0.02106363 0.00610603 0.002004389 0.0007391791 0.0002134161
0.8837246 0.6416342 0.317409 0.1200265 0.0567039 0.0257988 0.007928684 0.00286644 0.001134388 0.0003071143 0.0001029967
0.9580813 0.9549254 0.9761954 0.9579603 0.970171 0.6731134 0.4210147 0.02013992 0.003799328 0.001215066 0.0003899352
0.9291638 0.8347726 0.7533187 0.6325678 0.4075894 0.1337014 0.02759433 0.007294908 0.002530396 0.0008231718 0.0002188943
0.8475138 0.6138562 0.3491531 0.1571824 0.06536542 0.01936178 0.005663933 0.00245204 0.0008556521 0.000324977 9.060451e-05
0.9485748 0.8911742 0.8753188 0.7265647 0.3455878 0.09518015 0.02538614 0.007370946 0.002202293 0.0006892986 0.0002093908
0.9457888 0.9453025 0.9663445 0.9731659 0.9377646 0.664779 0.1708547 0.01680810 0.003701082 0.00111953 0.0003580543
0.9059158 0.763695 0.5579476 0.3100220 0.124954 0.04747406 0.01003870 0.004411195 0.001312568 0.0004460977 0.0001261913
0.9334952 0.8975542 0.890231 0.6618426 0.2779518 0.08552961 0.02221111 0.005607942 0.001717831 0.0005564689 0.0001652434
0.9488961 0.9266428 0.8980263 0.7066552 0.4949044 0.1796965 0.05496679 0.01060702 0.002865548 0.0008769277 0.0002523202
0.9155577 0.7869555 0.6576821 0.5065222 0.2518831 0.06017674 0.01603067 0.00559552 0.001810113 0.0006365112 0.0001900184
0.890486 0.7234772 0.549269 0.379132 0.2474928 0.1184386 0.03075179 0.006432656 0.002055580 0.0006732056 0.0002112076
0.960517 0.9665617 0.9781334 0.9924829 0.994439 0.9194162 0.2428993 0.01927126 0.003747136 0.001271367 0.0003866505
0.9458357 0.945239 0.9664269 0.9802717 0.9682088 0.7428856 0.2139865 0.01607941 0.003579043 0.001094784 0.0003443717
0.9468881 0.9253614 0.8639585 0.6258783 0.4826381 0.1076715 0.02922047 0.006550771 0.001981055 0.0007187413 0.0001991192
0.9487199 0.9477263 0.9708655 0.9805641 0.969223 0.785035 0.1908498 0.01637457 0.003451644 0.001024375 0.0003246642
0.9536506 0.9430089 0.9293388 0.9411537 0.8952709 0.4408948 0.1347314 0.01549474 0.003269345 0.001068017 0.0003238063
0.9288788 0.8997287 0.9506128 0.9391082 0.9417633 0.78616 0.1439671 0.01543490 0.003445196 0.001045884 0.0003264433
0.8930761 0.7550578 0.6507284 0.4588949 0.2274151 0.09605662 0.0257733 0.007944198 0.001983606 0.0007158574 0.0002171768
0.9451535 0.9140464 0.8787347 0.7430504 0.5420094 0.144013 0.0285578 0.00833491 0.002887932 0.0008484284 0.0002802022
0.855529 0.5890829 0.2685627 0.1231120 0.04377198 0.01253489 0.004141801 0.001582603 0.0005149122 0.0001694144 5.16943e-05
0.7839055 0.4298724 0.2193956 0.1080899 0.04294929 0.01377772 0.005189648 0.001462174 0.0004407961 0.0001317139 4.634529e-05
0.9466228 0.8728164 0.764885 0.6240758 0.3990902 0.1270833 0.02497214 0.0065162 0.002082919 0.0006044156 0.0002052464
0.9388815 0.894847 0.9058287 0.7850317 0.617154 0.2826059 0.05803586 0.01109445 0.002946143 0.0009085646 0.0002766258
0.9487849 0.9505955 0.9641415 0.9571617 0.8926747 0.8627429 0.2306807 0.01667227 0.00332511 0.001062311 0.0003451004
0.8944136 0.7641587 0.6426962 0.4235399 0.1999743 0.1142347 0.02957468 0.008464316 0.00276992 0.0008840812 0.0002582825
0.932813 0.8925755 0.8299295 0.7424443 0.7244554 0.2173044 0.03848717 0.007718672 0.002007811 0.0007174853 0.0002263661
0.8043258 0.4284213 0.1507320 0.05760844 0.02078971 0.00932188 0.002790274 0.001265505 0.0004086667 0.0001199177 3.731633e-05
0.9530912 0.929302 0.877555 0.7384562 0.479541 0.1706297 0.02609088 0.007675625 0.002269644 0.000769192 0.0002252986
0.9620958 0.966979 0.9836008 0.9896049 0.9893143 0.9351717 0.2622316 0.02197891 0.00385705 0.001292306 0.0004022701
0.9572191 0.9679843 0.9880773 0.9926999 0.9815723 0.8778137 0.2855089 0.01861730 0.00357478 0.001154524 0.0003594874
0.8468475 0.5478272 0.2762056 0.1331239 0.05653063 0.01904337 0.004025551 0.002112161 0.0006958194 0.0002508826 8.181622e-05
0.9432759 0.869207 0.8218282 0.7169357 0.5404876 0.1163307 0.02901603 0.00791484 0.002418721 0.0008088328 0.000240917
0.938577 0.9223055 0.9363354 0.9565072 0.9428867 0.4001471 0.1174214 0.01258702 0.003229357 0.001042452 0.00032427
0.8713252 0.6142099 0.3270233 0.1245080 0.05610398 0.04166254 0.02069092 0.007813685 0.002008674 0.0007166985 0.0002097065
0.929306 0.8628585 0.7861192 0.4223566 0.1725076 0.05201346 0.01526263 0.004763368 0.001506445 0.0004938473 0.0001394474
0.8447643 0.5815252 0.3779323 0.2087216 0.06247967 0.02244622 0.005705873 0.002591875 0.0008375251 0.0002969384 8.44219e-05
0.9513261 0.9312937 0.9217706 0.921633 0.9126442 0.4178921 0.06621162 0.01111437 0.003105257 0.0009395995 0.0003159752
0.8802886 0.5957588 0.3092874 0.1391280 0.0614364 0.01969440 0.005914292 0.00223228 0.0007759975 0.0002540189 7.863397e-05
0.9517968 0.959305 0.9752029 0.9737242 0.9802837 0.8482115 0.1767721 0.01695648 0.003450445 0.001101572 0.0003382491
0.8480283 0.5643878 0.3056751 0.1764583 0.1046717 0.04052955 0.01103582 0.003048948 0.000904563 0.0002961882 9.709658e-05
0.953737 0.9476107 0.9540459 0.972964 0.9723456 0.8592938 0.2789704 0.01706821 0.003612343 0.001210965 0.0003754052
0.9572765 0.9389172 0.939724 0.889873 0.7756 0.2987406 0.05719187 0.009966698 0.002931507 0.000866407 0.0002624767
0.9323896 0.8642552 0.797537 0.681439 0.5723312 0.2455428 0.04037334 0.007178359 0.002387673 0.0006620973 0.000223525
0.8851596 0.6566198 0.3543357 0.1244058 0.04463879 0.01435154 0.007965357 0.002993192 0.0009029168 0.0003120305 9.695715e-05
0.9587018 0.9642291 0.9708738 0.9848143 0.9694418 0.733501 0.1684546 0.01603536 0.003543469 0.001168756 0.0003636109
0.8888664 0.6943392 0.4335542 0.1605079 0.09180851 0.03729665 0.008499163 0.003871177 0.001111538 0.0003398833 0.0001120879
0.9486084 0.9533397 0.974982 0.9799723 0.9522994 0.7302817 0.1706648 0.01593266 0.003515117 0.001084631 0.0003515218
0.9484206 0.9016225 0.7782096 0.5300115 0.2464962 0.09384773 0.01671528 0.005780866 0.001886753 0.0006213419 0.0001902462
0.9494065 0.9148834 0.8450189 0.602489 0.3325464 0.1252258 0.03192101 0.00741219 0.002182128 0.000708263 0.0002088551
0.950877 0.9229071 0.8699246 0.8129267 0.5215916 0.5264242 0.1513752 0.01632902 0.003697881 0.001255793 0.0003888493
