0.9021949 0.6830831 0.3506964 0.1366278 0.05342666 0.01923305 0.004762188 0.002167259 0.00072135 0.0002213573 6.40477e-05
0.9501612 0.9114792 0.8163367 0.652012 0.490197 0.1695198 0.05073557 0.00966918 0.002591232 0.0008092958 0.0002529677
0.9126874 0.8202461 0.6966615 0.4820896 0.2293639 0.1764033 0.04422474 0.009822365 0.002692028 0.0009045208 0.0002578965
0.9218022 0.7698344 0.6458757 0.3460451 0.12935 0.05083808 0.01512647 0.004972297 0.001617869 0.000651627 0.0001731398
0.9016588 0.7004016 0.401089 0.1841403 0.07790452 0.03444229 0.00794378 0.003419314 0.001346092 0.000374443 0.0001171373
0.8625954 0.5921672 0.2442373 0.07507658 0.02558891 0.00990783 0.003656257 0.001665919 0.0005924246 0.0001582845 5.167535e-05
0.9488816 0.9195456 0.890722 0.8748543 0.5926262 0.3054510 0.07680642 0.01284575 0.003374964 0.001023153 0.0003309492
0.9539831 0.9573291 0.9540695 0.9776657 0.8420971 0.6252554 0.1550673 0.01523416 0.003310935 0.001033099 0.0003479015
0.9510848 0.949852 0.9712207 0.994965 0.9122699 0.7335983 0.220748 0.02078115 0.00360584 0.001183597 0.0003602523
0.9367365 0.8973817 0.938117 0.8792352 0.830455 0.3263626 0.03906371 0.008164842 0.002528830 0.0007549736 0.0002367312
0.9468462 0.8911702 0.7519925 0.4748813 0.3043102 0.0943759 0.02298496 0.005750886 0.001640823 0.0005264197 0.0001928885
0.8527291 0.6287421 0.356096 0.1851915 0.1043154 0.05307228 0.01091176 0.003336447 0.001636517 0.0004521499 0.0001609462
0.930393 0.865011 0.775273 0.519389 0.1969102 0.07763485 0.01773546 0.005752813 0.001613959 0.0005137583 0.0001654708
0.9357816 0.8782226 0.7955394 0.6342066 0.4379294 0.1168230 0.02399542 0.006373827 0.001646544 0.000599893 0.0001735089
0.971497 0.9675426 0.9865236 0.9777848 0.975064 0.8585658 0.6196892 0.02776867 0.0043085 0.001387079 0.0004388724
0.871981 0.5757544 0.2518889 0.09074796 0.03515952 0.01218395 0.004092549 0.001637066 0.0006519444 0.0001941436 6.208582e-05
0.8264422 0.5492155 0.340726 0.1645182 0.06785172 0.03113884 0.006317481 0.002709112 0.001056033 0.0003180113 0.0001050878
0.8875372 0.690958 0.47971 0.3021428 0.1614149 0.03994906 0.01017984 0.003786141 0.001206210 0.0004263783 0.0001241504
0.8937474 0.6744725 0.3875107 0.1941293 0.1089793 0.04127783 0.009249982 0.003533768 0.001239808 0.0003494388 0.0001259851
0.8487494 0.5167996 0.2174461 0.07582369 0.02638075 0.009154984 0.003250331 0.001245255 0.0004542438 0.0001354208 4.559265e-05
0.9494376 0.9505667 0.9810056 0.9042445 0.9737063 0.6594015 0.172981 0.01671628 0.00352909 0.001109750 0.0003453562
0.9458854 0.9341247 0.9640708 0.9654491 0.8516215 0.4876097 0.1443630 0.01785952 0.003530456 0.001179169 0.0003565042
0.9563696 0.9657418 0.9884393 0.9950305 0.9543955 0.8008716 0.2837327 0.02089283 0.003725045 0.001199123 0.0003759353
0.9338848 0.8915848 0.9453972 0.976957 0.9816122 0.5963752 0.1661728 0.01436974 0.003371294 0.001086697 0.0003314691
0.9391458 0.8985395 0.8292297 0.6912969 0.4214705 0.1535796 0.03865297 0.008568635 0.002228122 0.0007592398 0.0002306720
0.9490045 0.952785 0.9773667 0.9739928 0.980691 0.730207 0.1609808 0.01479790 0.003338971 0.001061862 0.0003296316
0.9111853 0.7774512 0.6602125 0.5178919 0.2612197 0.08967192 0.01880218 0.005571226 0.001671085 0.0004746959 0.0001719945
0.943629 0.9059985 0.8870787 0.8676548 0.4711779 0.1420066 0.02562523 0.007152742 0.002164682 0.0007327825 0.0002259301
0.938891 0.9241025 0.9219959 0.9237434 0.6974919 0.3836566 0.07155706 0.01183723 0.00280376 0.0008539414 0.0002838200
0.9706898 0.9684761 0.9859626 0.9779427 0.9940879 0.9665143 0.5170702 0.02340643 0.004154806 0.001330512 0.0004158131
0.8678402 0.609845 0.3047869 0.1396763 0.06559604 0.02208081 0.005260372 0.003026437 0.0009131326 0.0002576044 7.55134e-05
0.8340206 0.5725668 0.3614889 0.1661301 0.07265108 0.03555464 0.0067978 0.002658039 0.0009915772 0.0003137519 0.000100909
0.92872 0.9083505 0.9390802 0.8804735 0.8229501 0.535018 0.1012600 0.01384980 0.002996426 0.000923657 0.0003067629
0.8938956 0.7294054 0.5911914 0.3932351 0.1939865 0.05801188 0.01783566 0.004933388 0.001626830 0.0004867635 0.0001444026
0.9425214 0.9402291 0.9561528 0.9723692 0.9583153 0.6425036 0.1497455 0.01487172 0.003339926 0.001033018 0.0003203233
0.959341 0.9614188 0.9850447 0.9928098 0.988024 0.928728 0.421373 0.01764672 0.003715782 0.001187201 0.0003699939
0.955833 0.9505438 0.9767959 0.9920813 0.9244043 0.8699393 0.342801 0.02047942 0.0037804 0.001200005 0.0003715564
0.9326095 0.8453036 0.7798531 0.6134559 0.3890427 0.233994 0.03290386 0.00792059 0.002396626 0.000916886 0.0002706488
0.8537683 0.6401124 0.3861201 0.1847469 0.09459189 0.03822808 0.00723715 0.002819647 0.001113429 0.0003474593 0.0001065241
0.8967677 0.7597572 0.674448 0.5793113 0.3997649 0.1071669 0.02221615 0.004643511 0.001428961 0.0004689588 0.0001417058
0.928711 0.8280731 0.6787146 0.3717002 0.1907320 0.04826813 0.01141953 0.004307134 0.001216203 0.0003773016 0.0001238400
0.9310753 0.8896087 0.9021819 0.8719326 0.7024543 0.2641388 0.03560493 0.006412752 0.001989185 0.0007349214 0.0002000733
0.8797486 0.6614929 0.5305052 0.2663155 0.1131165 0.03251603 0.006672774 0.003482068 0.001265109 0.0004248029 0.0001168403
0.9253266 0.7503511 0.5246503 0.2926742 0.1215880 0.07639537 0.02042214 0.004795522 0.001459811 0.0005437373 0.0001792050
0.9238225 0.7852572 0.6515139 0.4625726 0.3025883 0.08825345 0.01915527 0.004832199 0.001338040 0.0004204229 0.0001498590
0.9193838 0.8208098 0.7502343 0.6311831 0.3407243 0.1064642 0.01758009 0.005729493 0.001556525 0.0005390573 0.0001501764
0.9694152 0.9552691 0.9438747 0.9029676 0.8769297 0.3158829 0.09498583 0.01304592 0.003242282 0.001017461 0.0003372524
0.924668 0.824071 0.7163026 0.52382 0.3236837 0.2198770 0.04346267 0.01201988 0.003284433 0.0009614431 0.0003078870
0.8260148 0.5087968 0.2635831 0.1375644 0.05670882 0.01975799 0.005229436 0.00204454 0.0007475982 0.0002263305 7.288795e-05
0.9341256 0.8590613 0.7598406 0.5391647 0.2511967 0.08316372 0.01642503 0.004782929 0.001551457 0.0004887638 0.0001576308
0.923903 0.8372198 0.6985743 0.4768435 0.1714132 0.07689613 0.01306653 0.004042643 0.001171671 0.0003691481 0.0001239895
0.9436579 0.890731 0.7629729 0.5997638 0.3017473 0.1146349 0.02703041 0.008082668 0.002165477 0.0007498571 0.0002222954
0.8635916 0.5896271 0.2438822 0.1097801 0.04320006 0.01596749 0.005141355 0.002377349 0.0008934386 0.0002786509 9.044723e-05
0.9420624 0.8943296 0.8439918 0.7443502 0.3837506 0.1104294 0.02161915 0.006372569 0.001661652 0.0005577349 0.0001843818
0.9469181 0.901786 0.8303358 0.6106156 0.3509842 0.1001081 0.02738491 0.006065573 0.001690819 0.000547705 0.0001896209
0.9266523 0.8715168 0.8193265 0.8091598 0.8270552 0.2620884 0.07838595 0.01268515 0.003335181 0.001053601 0.0003138903
0.8871229 0.7087686 0.4822965 0.3511552 0.2644590 0.08536797 0.01439289 0.004506882 0.001396599 0.0004894094 0.0001339463
0.942521 0.9206978 0.9001992 0.7439323 0.4136841 0.2415955 0.03699638 0.008877354 0.002253526 0.0007125862 0.0002256271
0.8825472 0.707908 0.5124265 0.3572218 0.2273796 0.06355485 0.01489160 0.004434652 0.001388621 0.0004683686 0.0001286393
0.8808934 0.6369296 0.3357401 0.1223285 0.05397182 0.02237167 0.005468294 0.002431279 0.0007602496 0.0002396944 8.289313e-05
0.856021 0.6209276 0.3549051 0.1866502 0.08324049 0.04198107 0.007521956 0.002786703 0.001327989 0.000355072 0.0001336535
0.8845999 0.6068734 0.2318949 0.07405632 0.02750760 0.009768883 0.003312048 0.001440963 0.000583793 0.0001700280 5.581555e-05
0.8339253 0.5731562 0.2875177 0.1373874 0.06031496 0.02407979 0.005358746 0.002133942 0.0008395406 0.0002333153 7.68159e-05
0.8328037 0.5005601 0.2893813 0.09704128 0.04544390 0.01657491 0.004069033 0.002211754 0.0006371059 0.0002346713 6.318554e-05
0.923418 0.8527645 0.7740748 0.715585 0.5413734 0.1533602 0.02483678 0.006672889 0.001925747 0.0006744177 0.0001935613
0.8407939 0.5750064 0.3460949 0.2245173 0.1293837 0.03531984 0.01041802 0.003084901 0.001014735 0.000335134 8.639042e-05
0.9305357 0.8813495 0.8625932 0.7780655 0.3786276 0.1423771 0.028722 0.007840265 0.002277604 0.0007938468 0.0002486504
0.8894728 0.686443 0.3134633 0.1099742 0.03802916 0.05943758 0.02170806 0.006309276 0.001879998 0.0005437637 0.0001900101
0.8807428 0.6058208 0.3796422 0.1969843 0.08374233 0.0449141 0.008188333 0.002920883 0.0008531936 0.0002677994 8.314634e-05
0.9088503 0.7660116 0.6782807 0.4695388 0.3134317 0.09945602 0.01684742 0.004940656 0.0014404 0.0004396763 0.0001488114
0.8148442 0.5255671 0.2614812 0.1061134 0.04091036 0.01667019 0.004297056 0.002215466 0.0006770398 0.0002130446 6.887643e-05
0.823353 0.4906817 0.2807651 0.097313 0.04724135 0.01706349 0.003820754 0.002194891 0.0006637501 0.0002417739 6.212585e-05
0.9258093 0.8435901 0.7242574 0.6114265 0.3103317 0.1229402 0.02139727 0.005698647 0.001747132 0.0005130577 0.0001611176
0.9495234 0.9517661 0.9812754 0.9036274 0.9737534 0.7308111 0.2142634 0.0174337 0.00351599 0.001117244 0.0003467194
0.9489372 0.9276281 0.8566771 0.6817408 0.4904153 0.2061567 0.04194924 0.00889964 0.002346924 0.0007988654 0.0002416479
0.9332817 0.8521033 0.7427201 0.5515436 0.4063061 0.1266205 0.02918973 0.007275889 0.002240081 0.0006187295 0.0002097343
0.95499 0.9587255 0.9641949 0.9857588 0.976952 0.8323675 0.2106908 0.01857847 0.003789043 0.001178614 0.0003790712
0.904376 0.6789624 0.4705469 0.2972853 0.1199479 0.07177608 0.01636923 0.004418857 0.001358523 0.0005017988 0.0001632734
0.9548296 0.9460812 0.961226 0.9677724 0.9821269 0.7095494 0.2602714 0.0164777 0.003644262 0.001163657 0.0003581893
0.9720983 0.9698112 0.9867786 0.9802468 0.995252 0.8885568 0.6253155 0.02829511 0.004360636 0.001394916 0.0004412457
0.9060558 0.7822311 0.6103802 0.4428893 0.2534257 0.06746649 0.01334109 0.004587257 0.001326099 0.0004205627 0.0001338937
0.9169533 0.7875135 0.6882322 0.4937996 0.2738453 0.1105674 0.02432864 0.005743455 0.001924893 0.0006141814 0.0001783028
0.9520023 0.9574989 0.9570952 0.9896895 0.8812623 0.7570025 0.2086754 0.01915081 0.003347315 0.001067369 0.0003401698
0.8254501 0.4683662 0.1684314 0.0606181 0.01932155 0.00752179 0.003174485 0.001279798 0.0004553517 0.0001338866 4.228953e-05
0.903332 0.7805074 0.631925 0.3792053 0.2299851 0.06507911 0.020565 0.006740245 0.002317730 0.0006534006 0.0002433015
0.9457136 0.9338776 0.9484055 0.8473253 0.7879018 0.6019996 0.1286867 0.01385379 0.003436321 0.001064623 0.0003338871
0.9517013 0.9571558 0.9835972 0.9115543 0.9776897 0.9624494 0.3368512 0.01779765 0.003567228 0.001145337 0.0003537093
0.869597 0.6030685 0.3043105 0.1220347 0.05639475 0.024959 0.005793268 0.002728617 0.001053204 0.0003077946 9.275314e-05
0.8725279 0.6945439 0.5539277 0.5381909 0.3698375 0.1314196 0.02246027 0.004744406 0.001391147 0.0004439088 0.0001361567
0.9557735 0.9643055 0.9890316 0.9859199 0.9607947 0.8943638 0.3143969 0.02198332 0.003737743 0.001188252 0.0003750343
0.8983595 0.6693315 0.4466081 0.364017 0.2297594 0.08705454 0.008632509 0.004597151 0.001759993 0.0005714905 0.0001869341
0.91734 0.7520803 0.5441694 0.260982 0.1364252 0.06691637 0.01948124 0.005285811 0.001841232 0.0006610287 0.0001831255
0.9092237 0.7508732 0.5963786 0.4763206 0.2522728 0.07736331 0.01373238 0.005149685 0.001531233 0.0004991539 0.0001451302
0.8725724 0.6768093 0.5567332 0.3924309 0.2012897 0.1280729 0.03256187 0.008291904 0.002321714 0.0007411652 0.0002205461
0.9307382 0.8607452 0.7879424 0.6865688 0.3328161 0.1113438 0.01832176 0.005294077 0.001742121 0.0005910849 0.0001875763
0.9107429 0.6765152 0.4186084 0.2759645 0.1263298 0.07897929 0.02006052 0.004825892 0.001579339 0.0005567125 0.0001786867
0.9559087 0.9610055 0.9864947 0.9931241 0.9433134 0.9623613 0.3060371 0.02187536 0.003690966 0.001161060 0.0003647546
0.909763 0.7997831 0.6297456 0.554549 0.2549508 0.1007181 0.01740650 0.00508535 0.001682890 0.0005005667 0.0001642587
0.9179771 0.805045 0.6456069 0.4448131 0.1978875 0.07136619 0.01519931 0.005168983 0.001241525 0.0004980819 0.0001350856
0.9487366 0.9015592 0.8577024 0.6630763 0.3950305 0.5164251 0.1676012 0.01404862 0.003366843 0.001070196 0.0003353583
0.8805904 0.748899 0.5956673 0.4457546 0.2174368 0.04756431 0.01071413 0.004096921 0.001281796 0.0003779097 0.0001213488
0.8753211 0.6199357 0.3275583 0.1264372 0.05309468 0.02360376 0.00583191 0.002673253 0.0007979256 0.0002526301 8.502086e-05
0.9539013 0.950422 0.961656 0.9753474 0.9134282 0.737692 0.2167880 0.01782337 0.003563748 0.001142070 0.0003626658
0.8924897 0.7794995 0.6850148 0.545196 0.4009796 0.1509005 0.02257669 0.005864712 0.001931100 0.0006252056 0.000191909
0.823513 0.5421158 0.3490346 0.1557369 0.06674615 0.02408453 0.004436791 0.001870196 0.0006659029 0.0002133375 6.702914e-05
0.9432302 0.9043119 0.8860404 0.6721982 0.2920921 0.1207303 0.01993032 0.005823124 0.001839999 0.0005599659 0.0002006504
0.9504474 0.9466085 0.9706859 0.9895183 0.9662652 0.8298212 0.2491704 0.02044906 0.004081272 0.001215098 0.0003873026
0.912882 0.7646405 0.5568962 0.290818 0.1260310 0.04640918 0.01132941 0.004368823 0.001640052 0.0004672071 0.0001480036
0.9456706 0.9035055 0.8626468 0.7392034 0.4379349 0.1530111 0.04124294 0.008110041 0.002487693 0.0007484379 0.000243778
0.951693 0.9176024 0.8389872 0.6607555 0.5143006 0.1668356 0.05002279 0.009680325 0.002445951 0.00074205 0.0002390377
0.9262015 0.865289 0.786365 0.6779939 0.4078542 0.1309424 0.02231298 0.007348882 0.002635727 0.0006644377 0.0002119803
0.8791792 0.7295428 0.5374626 0.2798153 0.1735139 0.07947373 0.02354055 0.006246153 0.002091877 0.0006323642 0.0002026823
0.953131 0.9627396 0.9791201 0.9960782 0.9757282 0.6809607 0.2460062 0.01967782 0.003688281 0.001132842 0.0003651679
0.9473866 0.9388089 0.9687738 0.987071 0.9303527 0.5129501 0.1580422 0.01987527 0.00371895 0.001222827 0.0003813272
0.9705773 0.960411 0.9683387 0.9309536 0.6663569 0.4454674 0.1231756 0.01152034 0.002992475 0.001019765 0.0003211395
0.9541535 0.9605224 0.9721247 0.9886364 0.9500526 0.9616681 0.4568128 0.0197508 0.003737998 0.001173244 0.0003722549
0.9485423 0.9375349 0.923682 0.9022664 0.875586 0.5358102 0.1546862 0.01741046 0.003416993 0.001058999 0.0003261507
0.9548735 0.9244559 0.9235897 0.9198804 0.8516905 0.5934157 0.1275164 0.01559562 0.0040957 0.001302352 0.0004021324
0.8635372 0.7042005 0.5998872 0.3922102 0.2079954 0.1085934 0.025817 0.009252466 0.002231698 0.0006653042 0.0002071944
0.907414 0.8152773 0.7175252 0.5982295 0.3568955 0.1029253 0.01723621 0.004369664 0.001402914 0.0004891049 0.0001495003
0.8479464 0.5732965 0.2669938 0.1265293 0.04243744 0.00935478 0.004218185 0.001845720 0.0007172287 0.000207327 6.330469e-05
0.8200774 0.5078159 0.2618958 0.1049484 0.04108532 0.009849333 0.003608122 0.001596624 0.0005150702 0.0001608852 4.533299e-05
0.9370397 0.857929 0.6819143 0.5186372 0.2104809 0.1075686 0.01968458 0.004835889 0.001373708 0.0004543172 0.0001477302
0.9334233 0.920255 0.9057176 0.7805187 0.586637 0.2056642 0.03129254 0.00703147 0.002084781 0.0006907495 0.0002138546
0.9545838 0.9574118 0.9644756 0.982705 0.8125698 0.8177286 0.2383784 0.01708572 0.003494650 0.001093581 0.0003609282
0.8891731 0.7664109 0.564368 0.3972663 0.2399353 0.0880864 0.02455666 0.008091578 0.002321173 0.0007236225 0.0002179224
0.938234 0.8817498 0.8432619 0.6601285 0.6029762 0.2218199 0.04223611 0.00892731 0.002454896 0.000782389 0.0002533197
0.8514612 0.5649526 0.2435131 0.09581774 0.04342197 0.01544481 0.004969219 0.002050149 0.0009112263 0.0002554498 8.501353e-05
0.9420112 0.8699051 0.7935911 0.520723 0.2760376 0.1527594 0.03689267 0.007532405 0.002172853 0.0006610398 0.0002037017
0.9506505 0.9557658 0.9799979 0.9026307 0.9830984 0.6557252 0.2176926 0.01688159 0.003524341 0.001118244 0.0003500902
0.9550844 0.9567798 0.9622662 0.9450679 0.6215003 0.4315202 0.1390601 0.01763781 0.003184128 0.001103248 0.0003065593
0.8231244 0.5482813 0.2636206 0.1499524 0.04254222 0.01271673 0.004492873 0.002271397 0.0007308441 0.0002635185 6.81168e-05
0.9637533 0.9415258 0.9367539 0.902451 0.716837 0.2265351 0.04629459 0.01044492 0.002744511 0.0009097445 0.0002834083
0.947962 0.9221623 0.9378008 0.937808 0.9477323 0.6331703 0.1430691 0.01625889 0.003813510 0.001164777 0.0003644665
0.8874958 0.6347502 0.4258958 0.20113 0.08235637 0.0794035 0.03525277 0.009126978 0.002991968 0.0008152806 0.0002580384
0.931707 0.854648 0.7072639 0.3992091 0.1526068 0.0655237 0.01863982 0.005583631 0.001567629 0.0005131469 0.0001601919
0.8407399 0.5951261 0.360534 0.1575595 0.05771965 0.02026653 0.005114645 0.002648500 0.0009117984 0.0002773669 8.595738e-05
0.953227 0.9485314 0.9311485 0.9382244 0.8111434 0.3826783 0.08157395 0.01099251 0.003372705 0.0009721375 0.0003313666
0.888071 0.6031485 0.2844395 0.1156088 0.0447628 0.01898225 0.005018883 0.002067128 0.0006651183 0.0001992360 6.257108e-05
0.966289 0.9488208 0.9650042 0.9700882 0.968336 0.7690688 0.1300479 0.0220295 0.004252442 0.001349809 0.0004337201
0.8281954 0.5394279 0.3090926 0.1889009 0.1232071 0.03998428 0.01487925 0.002686308 0.0007964248 0.0002565687 7.757582e-05
0.9424943 0.9438083 0.9715613 0.9711017 0.9583774 0.7316906 0.1994954 0.01566683 0.003365153 0.001079094 0.0003308046
0.948834 0.9253903 0.9076222 0.8127243 0.4924242 0.1856118 0.03031195 0.007773759 0.002228117 0.0007471432 0.0002314203
0.9269943 0.8600449 0.79683 0.6239135 0.4423095 0.2148753 0.03037073 0.006479127 0.001821466 0.0006132467 0.0001848794
0.875912 0.6332964 0.2997952 0.1066171 0.03074564 0.01099159 0.004458131 0.001743924 0.0005464053 0.0001817284 5.534653e-05
0.9489513 0.9279754 0.8664872 0.7284327 0.3735398 0.1763550 0.04213672 0.006835205 0.002085483 0.0006264662 0.0002398801
0.9307493 0.8141064 0.6729472 0.3693226 0.1433150 0.08835894 0.02242459 0.006025133 0.001978396 0.0007265097 0.0002139206
0.9487507 0.9482564 0.9756424 0.9936454 1 0.7435541 0.2421301 0.02157856 0.003715308 0.001207134 0.0003838467
0.9392338 0.8721176 0.7788131 0.6802858 0.4292346 0.1341382 0.02327141 0.006192771 0.002039892 0.0006077785 0.0001973540
0.9461353 0.9026345 0.7870671 0.6474203 0.3373637 0.1297299 0.02627814 0.007177823 0.001979166 0.0006200619 0.0001837063
0.943144 0.8780138 0.785718 0.5541809 0.3314071 0.1598780 0.03964668 0.008171853 0.002252692 0.0007072194 0.0002174804
