0.8844452 0.6159399 0.2594148 0.09938731 0.04024738 0.01496856 0.004105887 0.001682152 0.0005965725 0.0001693828 4.800646e-05
0.958517 0.9514037 0.9180586 0.8767747 0.4197159 0.3543833 0.06302694 0.01010490 0.002935967 0.0008665558 0.0002880213
0.9127137 0.8220993 0.6644757 0.5055011 0.2531828 0.07290823 0.02376746 0.007110423 0.002671356 0.0007935135 0.0002568607
0.8811695 0.6511616 0.3794888 0.1556052 0.0642561 0.02121818 0.006804452 0.002554718 0.0007346811 0.0002558268 8.882572e-05
0.8650882 0.6048086 0.2590455 0.1248127 0.06285212 0.02535120 0.005635264 0.002642955 0.0009010786 0.0003084136 9.55045e-05
0.8675759 0.5793005 0.2343297 0.08036034 0.0281278 0.00938703 0.003642698 0.001477838 0.0005489943 0.0001504076 4.83241e-05
0.945651 0.9083246 0.8715816 0.7023635 0.5289469 0.2604469 0.09366583 0.01063170 0.003276205 0.001078140 0.0003336383
0.9613082 0.9684956 0.982152 0.979569 0.9668312 0.5684764 0.1603802 0.01410294 0.003384192 0.001060245 0.0003393632
0.9520037 0.9390113 0.9639222 0.9546412 0.8113374 0.5784896 0.1229809 0.01519901 0.003294006 0.001048918 0.0003155638
0.9331947 0.8790164 0.8645038 0.7767246 0.5628956 0.1974499 0.02883832 0.006093749 0.001935748 0.0005262056 0.0001844431
0.9486245 0.9116627 0.8041739 0.7159878 0.611093 0.1855425 0.03742693 0.007045254 0.002256229 0.0006875438 0.0002407123
0.8811266 0.6650333 0.4326970 0.2021286 0.1179948 0.06022272 0.01204882 0.005115006 0.002007016 0.0006273155 0.0001914800
0.9398343 0.8717654 0.8395959 0.687176 0.2922701 0.1064279 0.02279401 0.006938401 0.002170163 0.0006453399 0.0002025959
0.9442122 0.8968981 0.8885634 0.6329547 0.4351919 0.1576566 0.02557818 0.006885786 0.001996459 0.0005852632 0.0001824809
0.9617232 0.9701612 0.9871659 0.9936033 0.9844009 0.7437059 0.3771257 0.02024257 0.003765739 0.001184742 0.0003812727
0.8602062 0.5786204 0.2526547 0.1011324 0.03744433 0.01413002 0.003993454 0.001633307 0.0005437177 0.0001695316 5.025449e-05
0.8413866 0.5752059 0.3541548 0.1910286 0.06862713 0.02436887 0.005604612 0.002683874 0.0008811342 0.0003200623 8.759996e-05
0.9231686 0.8294633 0.7206203 0.5120354 0.2507227 0.06402538 0.02133825 0.007588683 0.002158246 0.000628982 0.0001975302
0.896715 0.6930019 0.4797429 0.3643163 0.2828705 0.06742353 0.02128475 0.004504681 0.001581550 0.0004719875 0.000160841
0.8358928 0.4608017 0.2303145 0.08848552 0.03890131 0.01958095 0.005646603 0.002146557 0.0006717462 0.0002537736 7.802156e-05
0.9550271 0.954048 0.9765935 0.9023778 0.9281856 0.848571 0.2864640 0.01764339 0.003655241 0.00107955 0.0003627411
0.959182 0.9576778 0.9771388 0.9849217 0.9680851 0.7645887 0.1628172 0.01634544 0.003412985 0.001082176 0.0003316145
0.9522353 0.9540593 0.99036 0.9943607 0.9787123 0.8341687 0.2861383 0.01661971 0.003380866 0.001121191 0.0003360439
0.9449613 0.9146633 0.9422816 0.9708831 0.9169414 0.483437 0.08217243 0.01502583 0.003338511 0.001041017 0.0003128244
0.935962 0.8650096 0.7850536 0.6012862 0.2993086 0.08831075 0.02707135 0.01033529 0.002587219 0.0007353143 0.0002469914
0.9508836 0.9421836 0.9770752 0.9885446 0.978198 0.6532268 0.2381315 0.01689602 0.003519787 0.001087953 0.0003479159
0.9167998 0.7773508 0.6816633 0.5310961 0.2480405 0.08938307 0.02357117 0.006101441 0.001772651 0.000539975 0.0001680882
0.94015 0.8955297 0.8980694 0.8894812 0.5111083 0.1934957 0.02449862 0.007542684 0.002324142 0.000689116 0.000210344
0.9445766 0.9175948 0.9266331 0.9256873 0.7491953 0.4445108 0.0967234 0.01273085 0.003174928 0.0009909112 0.0003037099
0.9511583 0.9431414 0.9783407 0.9884573 0.9752106 0.755508 0.2773552 0.0175642 0.003675385 0.001133382 0.0003594053
0.877567 0.6314425 0.3245389 0.1230749 0.0421724 0.01646548 0.004640752 0.002511603 0.0008562886 0.00025812 8.168468e-05
0.8619112 0.6616405 0.4637624 0.2116324 0.09819132 0.04544621 0.01043821 0.004062561 0.001238892 0.0004238593 0.0001314743
0.9398776 0.9082758 0.937173 0.9356535 0.9134637 0.646874 0.1780295 0.01574323 0.003306221 0.001086848 0.0003380761
0.918149 0.7543762 0.6010877 0.3612860 0.2162201 0.07199913 0.01742962 0.005290923 0.001588806 0.0005377889 0.0001577415
0.946966 0.925282 0.9615837 0.981529 0.979359 0.708162 0.2013771 0.01786854 0.003593895 0.001120111 0.0003465463
0.9558115 0.9541102 0.9842055 0.9684904 0.969852 0.9433126 0.4141572 0.01784161 0.003592859 0.001094146 0.0003643359
0.9503176 0.9392197 0.9735054 0.9778193 0.9523125 0.7216122 0.3279277 0.01833595 0.003613402 0.001131894 0.0003577056
0.9006388 0.7802606 0.6365341 0.424857 0.2735122 0.1045193 0.03323511 0.00859468 0.002374843 0.0007627303 0.0002262370
0.824194 0.4737702 0.2197997 0.1024293 0.04665573 0.06859135 0.01792791 0.005000552 0.001775730 0.000567243 0.0001909349
0.8993633 0.7401211 0.6069245 0.4834506 0.3385444 0.1025852 0.01710847 0.004554002 0.001344512 0.0004049829 0.0001346305
0.9236871 0.835951 0.6958622 0.4808915 0.201179 0.05819229 0.01861381 0.00722672 0.001854243 0.0005655172 0.0001851454
0.9304425 0.877288 0.8357891 0.701634 0.3195215 0.1453530 0.03175146 0.007066526 0.002165293 0.0006871488 0.0002001986
0.8298918 0.5392678 0.3804512 0.1590411 0.05999188 0.01624805 0.005133809 0.002115141 0.0008811426 0.0002588375 8.231249e-05
0.8886902 0.6499928 0.3657766 0.1783116 0.09133768 0.03195672 0.006291047 0.003297257 0.0008443081 0.0002701248 9.070799e-05
0.9217523 0.7793386 0.5990999 0.4348793 0.2587218 0.07467428 0.01437382 0.004255812 0.001214214 0.0003659188 0.0001235594
0.9344095 0.877385 0.8607508 0.761957 0.4042918 0.1491083 0.02782004 0.006817224 0.002041308 0.0006524326 0.0001956353
0.9595061 0.9612494 0.9438947 0.9115802 0.6736491 0.3424935 0.07169579 0.01205833 0.003384195 0.001022988 0.0003072758
0.9088096 0.8295688 0.7444893 0.4841516 0.3624471 0.2375243 0.05542557 0.009386757 0.002699870 0.0009222035 0.0002549909
0.831503 0.5179724 0.2798116 0.1463806 0.06170825 0.02341240 0.006764928 0.002339438 0.0007787422 0.0002261674 7.569879e-05
0.9341354 0.8628883 0.7708822 0.6271084 0.2925870 0.09777087 0.023153 0.005962154 0.001916745 0.0005565938 0.0001918235
0.9141445 0.7807305 0.6321134 0.4350962 0.1375528 0.04870835 0.01058889 0.003867792 0.001187093 0.0003509876 0.0001155092
0.951972 0.9293675 0.8618086 0.6784737 0.2419164 0.1898761 0.0367712 0.00860471 0.002656005 0.0007195588 0.0002554509
0.8775049 0.6219 0.2911930 0.1279506 0.05031323 0.01980198 0.005809132 0.002462786 0.0008422965 0.0002628976 7.66678e-05
0.9552003 0.9444444 0.9144207 0.8050955 0.4109726 0.1558544 0.03246999 0.00666584 0.002204202 0.0006714235 0.0002308531
0.9476243 0.90096 0.854498 0.6474097 0.3453676 0.1481177 0.02694938 0.006331502 0.001851335 0.0005346731 0.0001789618
0.9157388 0.822252 0.7303348 0.6526234 0.642337 0.3140165 0.08168306 0.01061668 0.002957926 0.0008956286 0.0002750186
0.9014956 0.7277703 0.4987432 0.3990382 0.2690799 0.08236572 0.01546139 0.005588568 0.001604992 0.0004739156 0.0001400831
0.9441961 0.8885041 0.884122 0.7524056 0.3521084 0.1575438 0.03532833 0.008085265 0.002604039 0.000743308 0.0002541385
0.8830579 0.7121313 0.5822383 0.4398032 0.2742676 0.08409074 0.01640147 0.004708067 0.001559532 0.0004785247 0.0001539904
0.9025847 0.7044672 0.3993657 0.1617123 0.0886965 0.03331356 0.006765411 0.003606710 0.0009451995 0.0003183489 0.0001013165
0.8798923 0.6807409 0.3406296 0.154016 0.06954959 0.02431006 0.00609236 0.002496678 0.000811311 0.0002803143 9.21564e-05
0.8727567 0.6160518 0.2384067 0.0613063 0.02464969 0.01033472 0.004369848 0.002047858 0.0007507514 0.0002044457 7.023008e-05
0.8076076 0.4674336 0.2959939 0.1391705 0.07543413 0.04565089 0.007929735 0.002506108 0.0009373335 0.0003116231 9.404783e-05
0.8537576 0.5246324 0.3502671 0.1545047 0.07655209 0.03323192 0.006982526 0.003161215 0.000968935 0.0003793683 0.0001061610
0.9166888 0.8361883 0.8120875 0.7187189 0.4318839 0.1278143 0.02898719 0.006300473 0.001898234 0.0006012907 0.0002145217
0.8788681 0.6320653 0.4252066 0.3306031 0.1725425 0.04816515 0.01607229 0.003989229 0.00122105 0.0003685136 0.0001194816
0.9342218 0.8789408 0.8310026 0.6004335 0.3291172 0.1421315 0.03645988 0.00825486 0.002312641 0.0006766978 0.0002184414
0.8896498 0.6742443 0.3211058 0.1247411 0.03744379 0.06853071 0.02799162 0.006428473 0.002082829 0.0006253374 0.0002045826
0.8584579 0.5766863 0.308034 0.1535221 0.07441555 0.03492950 0.007019734 0.002370415 0.0008160993 0.0002123471 6.827115e-05
0.9169316 0.7784708 0.7027733 0.6289626 0.4432286 0.1632090 0.03173297 0.005819176 0.001836657 0.0005835806 0.0001681621
0.8341654 0.5414585 0.3002881 0.1553047 0.07460194 0.02377594 0.005133101 0.002394789 0.0006749617 0.000223291 7.268606e-05
0.8617029 0.5978663 0.3618542 0.1775932 0.09815433 0.03292446 0.007001068 0.003642295 0.000986966 0.0002969614 9.618892e-05
0.9305286 0.8652513 0.7643777 0.5701334 0.3429587 0.1175004 0.02961397 0.006240461 0.001857479 0.0005984437 0.0001895139
0.9504583 0.9386495 0.9666731 0.9985887 0.9834814 0.8262384 0.2241693 0.01855768 0.003938885 0.001192205 0.0003797262
0.956358 0.9452366 0.9078203 0.8242424 0.6270178 0.3965818 0.1077176 0.01291895 0.002936274 0.0009764129 0.0002981101
0.9175025 0.8242322 0.7377132 0.5804103 0.3259262 0.1328024 0.02409445 0.005824112 0.001768490 0.0005312134 0.0001684889
0.9533908 0.9516778 0.9801359 0.9613325 0.993777 0.878898 0.2357214 0.01781121 0.003568265 0.001174962 0.0003733217
0.8673653 0.5549855 0.2382528 0.1031014 0.04164782 0.01502804 0.004058169 0.001810970 0.000582509 0.0001764485 5.165902e-05
0.947933 0.9307317 0.962353 0.950746 0.9670097 0.5281564 0.214706 0.01716941 0.003581022 0.001155280 0.0003509554
0.9567604 0.95814 0.9830093 0.9560717 0.9936554 0.8550418 0.3125252 0.01849181 0.003653116 0.001110970 0.0003682839
0.8914333 0.703175 0.5148349 0.3303175 0.1911896 0.066811 0.01291238 0.004072015 0.001266351 0.0003810794 0.0001245066
0.9098553 0.7606424 0.6849826 0.489783 0.3364154 0.2987027 0.06092905 0.01049278 0.002828055 0.0008708104 0.0002946272
0.9568728 0.9635976 0.976012 0.9945105 0.9112801 0.5266736 0.2237985 0.0186228 0.003581878 0.001176947 0.0003569757
0.8497748 0.5309257 0.2053893 0.06536386 0.02530066 0.00837272 0.003513547 0.001482964 0.0005471933 0.0001609018 5.263971e-05
0.9041394 0.7933627 0.668792 0.4878124 0.2420494 0.08242945 0.03423320 0.008255075 0.002918767 0.0008838571 0.0002489886
0.9478278 0.9237587 0.9414228 0.835002 0.5699146 0.4218083 0.1345060 0.01615375 0.003581077 0.001112736 0.0003443530
0.9537345 0.9524625 0.9868655 1 0.9189951 0.966676 0.5981847 0.02298345 0.003939318 0.001251654 0.0004006688
0.872746 0.5918012 0.2591342 0.1101031 0.04784117 0.01926210 0.004973259 0.002151406 0.0007471464 0.0002366673 6.542174e-05
0.8961902 0.7436923 0.5692647 0.4605796 0.2499875 0.08521406 0.01853755 0.005380293 0.001647407 0.0005215208 0.0001681645
0.9491198 0.9383379 0.9732235 0.9844862 0.994625 0.9129491 0.3885277 0.02047347 0.003941452 0.001232328 0.0003839077
0.8879109 0.7048018 0.5207578 0.3753799 0.2279516 0.06228817 0.01423365 0.004214244 0.001373426 0.0004253013 0.0001516641
0.8708787 0.6467475 0.3380327 0.1481093 0.06791846 0.01976458 0.006477515 0.003042909 0.001077196 0.0003338077 0.0001100236
0.9261771 0.8045182 0.6755185 0.5144846 0.3816292 0.1118596 0.02305582 0.006179707 0.002050361 0.0006633278 0.0002072142
0.8725603 0.6946933 0.4981564 0.3330515 0.2244863 0.1028596 0.03245395 0.006368388 0.002013801 0.0006316599 0.0001989821
0.92643 0.8397483 0.6993907 0.552599 0.2522746 0.06610113 0.01659401 0.006144813 0.001749236 0.0005099547 0.0001645424
0.8749521 0.5887115 0.2862674 0.1461484 0.05576334 0.01983936 0.005777664 0.002171319 0.0007221974 0.0002210656 6.836978e-05
0.954882 0.948946 0.9777767 1 0.9086871 0.8407578 0.3208164 0.02132949 0.003793711 0.001221233 0.0003926995
0.9114622 0.7969738 0.6540384 0.4918298 0.2676056 0.09619307 0.01687059 0.004596094 0.00167097 0.0005570853 0.000189082
0.9063096 0.7798369 0.6276554 0.3682192 0.1777852 0.05444279 0.01196010 0.003894939 0.001378332 0.000371122 0.0001277343
0.9550546 0.9490266 0.9216489 0.9017443 0.7570468 0.4902176 0.1342024 0.01509116 0.003259788 0.001142915 0.0003550636
0.8922115 0.7259434 0.5330507 0.3358491 0.1672811 0.04903873 0.01138292 0.003647504 0.001253109 0.0003928223 0.0001329573
0.889841 0.635455 0.3243192 0.1475389 0.07230256 0.02841338 0.007963639 0.003709081 0.001109065 0.0003571209 0.0001094542
0.951356 0.9500524 0.9836826 0.9965084 0.9627293 0.6644496 0.254563 0.01628646 0.003398301 0.001119116 0.0003402249
0.913416 0.7910265 0.7123095 0.5677276 0.3828397 0.1050568 0.02388926 0.00606183 0.002221470 0.0006490575 0.0001998359
0.8354952 0.5734045 0.2689502 0.1294646 0.05395887 0.01694579 0.004330678 0.001919351 0.0005535998 0.0001832549 6.406626e-05
0.9433368 0.897885 0.8549936 0.75779 0.327127 0.08909905 0.02600464 0.00731191 0.002115306 0.0006713274 0.0002057055
0.9626741 0.9707245 0.97747 0.987096 0.970571 0.8553015 0.2959052 0.02159629 0.004086834 0.001266946 0.0003946937
0.8937991 0.7239225 0.4735885 0.2383958 0.09382351 0.0342539 0.00787205 0.003059860 0.001192112 0.0003250168 9.827706e-05
0.9444822 0.9001685 0.9360383 0.8260122 0.4486790 0.1396534 0.02789505 0.008000565 0.002252087 0.0006864088 0.0002022413
0.95261 0.9272195 0.91569 0.716623 0.47793 0.5783469 0.2173068 0.01653281 0.003628404 0.001083559 0.0003626500
0.917044 0.8255937 0.7484447 0.5115231 0.2511340 0.05803984 0.01894593 0.00723969 0.001934331 0.0005586593 0.0001837277
0.9014117 0.780348 0.6402303 0.3883044 0.3215048 0.1739681 0.05284915 0.00866828 0.002666198 0.000859971 0.0002528234
0.949322 0.945368 0.977007 0.9941672 0.9879161 0.7607356 0.2176561 0.01684744 0.003428507 0.001135674 0.0003451199
0.9479833 0.9319428 0.9603347 0.966944 0.9585273 0.5995495 0.2255199 0.01596455 0.003537163 0.001127174 0.0003488039
0.9482025 0.9098293 0.8982259 0.6299373 0.3680349 0.1523290 0.0290785 0.007335267 0.002135789 0.000618674 0.0001939356
0.9508913 0.9452769 0.983476 0.967231 0.9655751 0.8758391 0.2153440 0.01651636 0.003186112 0.001116212 0.0003171324
0.9447126 0.9199074 0.9342607 0.903502 0.9125366 0.6036575 0.1884158 0.01508809 0.003248707 0.001077239 0.0003278839
0.9369647 0.9118614 0.9512716 0.9460545 0.9567006 0.6968613 0.2467080 0.01519327 0.003414616 0.001061140 0.0003450263
0.8804596 0.7181097 0.6350419 0.4774283 0.3056738 0.1569359 0.03244423 0.007252695 0.002469909 0.0007479852 0.0002493389
0.9202834 0.8470853 0.7524125 0.6408374 0.3848437 0.09920683 0.01938162 0.005015844 0.001591133 0.0004546048 0.0001555040
0.815464 0.4695373 0.2026163 0.08756946 0.03560894 0.00752328 0.003609733 0.001665331 0.0007077985 0.0002291087 7.259453e-05
0.8014768 0.4491376 0.2142622 0.08851646 0.03783784 0.01508465 0.004399944 0.001350280 0.000460427 0.0001378493 4.520111e-05
0.9287924 0.8117768 0.6625204 0.4787663 0.2095498 0.06925156 0.01809988 0.0048087 0.001534726 0.0005215832 0.0001642660
0.938757 0.9153604 0.8806176 0.89741 0.5270341 0.2143971 0.03435238 0.0079256 0.002313516 0.000698475 0.0002233904
0.9539928 0.9511668 0.978373 0.9571264 0.940425 0.7771237 0.2327454 0.01825036 0.003499115 0.001100009 0.0003459793
0.9023972 0.7834216 0.651848 0.4832552 0.3264806 0.1302327 0.02873614 0.006548151 0.00249812 0.0008072374 0.0002528540
0.9319643 0.86708 0.8356936 0.7985724 0.526173 0.1811641 0.04711334 0.008824041 0.002462481 0.0007245495 0.0002453455
0.8190816 0.4851948 0.1654313 0.05784548 0.02497588 0.009643317 0.002643644 0.001288177 0.0004045684 0.0001313271 4.547353e-05
0.9411334 0.8893914 0.8619627 0.7879183 0.398078 0.1661826 0.04319987 0.008309107 0.00249947 0.0007967952 0.0002757329
0.9618395 0.9684695 0.984082 0.995081 0.965382 0.7232804 0.2390903 0.01815003 0.003732181 0.001163066 0.0003799761
0.9504248 0.9427877 0.9643916 0.9729161 0.9548973 0.5854173 0.2260687 0.01915022 0.00375236 0.001156008 0.000366245
0.8433212 0.5585437 0.3425309 0.169944 0.0682189 0.01535894 0.00466228 0.00253082 0.001134939 0.0003545978 0.0001070768
0.9379525 0.8793326 0.876195 0.7072911 0.4192919 0.09524026 0.02801776 0.009101158 0.002427585 0.0006777779 0.0002299602
0.9426596 0.901206 0.9270982 0.9232452 0.9043205 0.3573962 0.08886698 0.01217682 0.003285342 0.001057445 0.0003280575
0.8629634 0.6253757 0.3217216 0.1528310 0.07540287 0.1095403 0.02784785 0.007770311 0.001994389 0.0007673087 0.0002320612
0.9320827 0.8542168 0.719488 0.4216683 0.1677022 0.0657833 0.02214030 0.005509366 0.001672547 0.0005235973 0.0001803103
0.8130803 0.5295622 0.3264799 0.1373942 0.04930361 0.01326163 0.003986387 0.001818528 0.0005440076 0.0001870378 6.126161e-05
0.9536828 0.9383182 0.9407169 0.9111279 0.9335293 0.3937665 0.1048207 0.01242924 0.003311989 0.00103073 0.000325329
0.8898836 0.6731237 0.3179899 0.1480989 0.07345219 0.02522319 0.007318895 0.002914189 0.0009348389 0.0002988017 0.0001030361
0.9472566 0.9408614 0.9689316 0.9904009 0.9890704 0.94281 0.2497438 0.01574093 0.003381493 0.001078583 0.000332549
0.8666176 0.6140508 0.3918616 0.2209558 0.1403049 0.04069268 0.01429343 0.003148636 0.000820152 0.0002832758 9.312549e-05
0.9600436 0.9580479 0.9709977 0.9736858 1 0.6618274 0.218816 0.01905847 0.003958573 0.001238717 0.0003887988
0.9469007 0.9191224 0.9176796 0.7664296 0.4654009 0.2129234 0.04125375 0.008405505 0.002462766 0.000825976 0.0002347742
0.9228641 0.8273689 0.7724456 0.6471196 0.3661709 0.1489390 0.02888474 0.006783725 0.001904875 0.0005779265 0.000177207
0.896841 0.7033632 0.427185 0.1603597 0.04913389 0.01496758 0.005684095 0.002464879 0.0007454216 0.0002375771 6.85647e-05
0.958485 0.9421732 0.9022576 0.7845686 0.4735657 0.3956536 0.1759387 0.01605055 0.003896654 0.001196907 0.0003766095
0.894487 0.6899516 0.4890049 0.2058141 0.08383756 0.04421823 0.0110428 0.004120709 0.001312664 0.0004738585 0.0001361298
0.950927 0.9419568 0.9688152 0.9968353 0.9832431 0.7688924 0.1836806 0.01775695 0.003900712 0.001204176 0.0003776166
0.933204 0.8632187 0.7712639 0.5937255 0.4357171 0.1840107 0.02774807 0.005997095 0.001804407 0.0005725316 0.0001795382
0.9432434 0.8885142 0.8235537 0.6928835 0.3312413 0.09520074 0.0313555 0.009667692 0.002283211 0.0006694274 0.0002351009
0.939167 0.8667594 0.8458406 0.7125916 0.3359623 0.1436474 0.03159794 0.007676684 0.002212719 0.0006871238 0.0002265513
