0.8553383 0.5533215 0.2483892 0.08612256 0.0369398 0.01417394 0.003576514 0.001496323 0.0005126837 0.0001810768 5.251554e-05
0.9441296 0.9206817 0.843724 0.7318 0.4646422 0.2019063 0.04596446 0.008678622 0.002432822 0.000808512 0.0002473949
0.9063156 0.7772038 0.6609165 0.4244245 0.1900470 0.1171694 0.02578084 0.006623593 0.002059694 0.0007132674 0.0002219458
0.860397 0.5765832 0.2863994 0.1016000 0.03936141 0.01073537 0.004581629 0.001754141 0.0006039389 0.0002023329 6.940271e-05
0.8706301 0.6042371 0.284673 0.1294644 0.05977908 0.02108442 0.005623801 0.002710899 0.0008805919 0.0002666597 8.602762e-05
0.8937073 0.6976145 0.3377997 0.1183856 0.03862725 0.01615972 0.006334774 0.002744628 0.0009751052 0.0002691115 9.15432e-05
0.9509902 0.9071199 0.8715958 0.8319376 0.4218253 0.3405271 0.08314427 0.01241718 0.003430074 0.001098255 0.0003447119
0.951819 0.9446642 0.9442103 0.940712 0.8421084 0.470641 0.0934241 0.01345053 0.002980415 0.0009028904 0.0002893547
0.950222 0.9512568 0.968504 0.9813527 0.9596866 0.4826664 0.1480351 0.01451369 0.003321850 0.001042182 0.0003223149
0.935239 0.8704753 0.8729264 0.8797077 0.4099084 0.2509356 0.04838242 0.006992368 0.002092295 0.0006541347 0.0002008639
0.9384388 0.874265 0.7263384 0.5249109 0.3309998 0.1278109 0.02064620 0.006431642 0.001995072 0.0006010602 0.000204901
0.8708032 0.6715514 0.3855415 0.1871507 0.1111995 0.05146629 0.01252976 0.004299079 0.001720586 0.0005329193 0.0001778804
0.9433886 0.8967248 0.8010011 0.5071559 0.1838426 0.07333585 0.01842284 0.006007241 0.001899063 0.0005685879 0.0002062438
0.9477118 0.8888889 0.8697387 0.7277693 0.505367 0.2645547 0.05296009 0.009101682 0.002454574 0.0008489073 0.0002641135
0.9500912 0.9504922 0.9778364 0.951478 0.8835257 0.7848212 0.2091123 0.01715836 0.003525817 0.001141693 0.0003345640
0.8911269 0.6126126 0.3133734 0.1418872 0.066093 0.02268843 0.00546084 0.002336936 0.0006785504 0.0002036693 6.45327e-05
0.8408308 0.5743633 0.3659441 0.1489737 0.07454213 0.02497185 0.006277247 0.002540314 0.0008883161 0.0002944148 9.465198e-05
0.9074758 0.7253461 0.5889149 0.3554658 0.1522208 0.05264207 0.01319693 0.004211969 0.001618483 0.0005014351 0.0001591472
0.8920784 0.6985616 0.4524702 0.2508835 0.1484586 0.05402956 0.01508157 0.005105727 0.001444293 0.0004198656 0.0001499543
0.8354112 0.473997 0.2231057 0.08415242 0.0327004 0.01281496 0.003825944 0.001700761 0.0005198521 0.0001810662 5.049892e-05
0.9517063 0.959952 0.981288 0.9800976 0.9881955 0.7966921 0.2235686 0.01696509 0.003358491 0.001080060 0.0003506965
0.9610774 0.9552976 0.9724036 0.9589048 0.925554 0.6104776 0.1898301 0.01930750 0.003756694 0.001181090 0.0003668671
0.9501292 0.9592838 0.9867597 0.981615 0.9823458 0.856038 0.2461283 0.01684159 0.003364860 0.001076665 0.0003452836
0.9328048 0.8993931 0.9445803 0.9661424 0.9545158 0.7977295 0.1223706 0.01493815 0.003177054 0.0009858101 0.0003202667
0.9420204 0.8775689 0.7736723 0.5969796 0.4392721 0.1332836 0.04673172 0.01043219 0.002598542 0.0008349544 0.0002481253
0.9559048 0.9547156 0.9739595 0.9804192 0.9923674 0.8669277 0.2660447 0.01645159 0.003418561 0.001088231 0.0003387175
0.918544 0.7886957 0.7148052 0.5796893 0.2892302 0.08721189 0.01617064 0.005504877 0.001644929 0.0004911144 0.0001565306
0.9528042 0.9214955 0.9202304 0.8294943 0.6830005 0.2685427 0.04117854 0.009152643 0.002425682 0.0008318168 0.0002568758
0.9492636 0.9270975 0.9081145 0.9067673 0.7671642 0.5052378 0.1086901 0.01496722 0.003434590 0.001074286 0.0003259682
0.9541668 0.9497034 0.9713231 0.980508 1 0.9487106 0.4056055 0.0199047 0.003616133 0.001244848 0.0003930662
0.8671521 0.585682 0.2725995 0.1042735 0.05732873 0.02235221 0.004567438 0.001975393 0.0006579698 0.0002197676 7.03997e-05
0.8158171 0.467587 0.2352277 0.08685152 0.04049183 0.01310689 0.003873015 0.001711309 0.0005340905 0.0001912618 5.551582e-05
0.9373854 0.9164536 0.9232935 0.908329 0.7851691 0.5241971 0.1156368 0.0142179 0.003111290 0.0009889198 0.0003191582
0.8803292 0.6638062 0.4387991 0.2992893 0.1562155 0.04314881 0.01316243 0.004470777 0.001430525 0.0004140679 0.0001363635
0.9468692 0.9500944 0.9782933 0.969705 0.9807775 0.8106668 0.2147354 0.01692477 0.003354604 0.001069131 0.000344961
0.9583078 0.9611978 0.9868047 0.9933292 0.988806 0.944729 0.324848 0.01777467 0.003591008 0.001105457 0.0003644046
0.9511293 0.958359 0.9865864 0.9707738 0.9829304 0.8742692 0.2715800 0.01784885 0.003352676 0.001079358 0.0003507085
0.8898592 0.6823036 0.4915378 0.3297938 0.2017770 0.09651249 0.02062949 0.006207046 0.001729235 0.000533059 0.0001614096
0.8111063 0.4832183 0.2391515 0.1021060 0.04353762 0.01664085 0.004031954 0.001849627 0.0006606502 0.0002115987 6.572017e-05
0.9081248 0.7772715 0.659757 0.6189752 0.4843407 0.1995594 0.03320497 0.005724625 0.001755703 0.0005902414 0.0002006186
0.929543 0.86777 0.842665 0.6941024 0.376714 0.1550424 0.02842318 0.006938996 0.001993750 0.0006711432 0.0002249871
0.9408103 0.8929208 0.8641294 0.6485297 0.3611631 0.2504376 0.03729282 0.006353009 0.002117583 0.0006162831 0.0002011789
0.7955178 0.4318031 0.1992991 0.0749927 0.03188193 0.01015506 0.00289258 0.00143678 0.0004205614 0.0001481964 4.59358e-05
0.870013 0.627348 0.3338110 0.1734624 0.0784974 0.02429898 0.005580307 0.002720869 0.0007731617 0.0002789607 9.272894e-05
0.9002273 0.7731781 0.6607846 0.6042176 0.4346102 0.1186278 0.02319798 0.004909994 0.001470991 0.0004345775 0.0001478889
0.9314161 0.8524066 0.7921408 0.6388512 0.2670409 0.09511196 0.02080964 0.006142331 0.001892064 0.0005907841 0.0001787839
0.9612334 0.95777 0.9580976 0.8902258 0.684564 0.3900503 0.08009817 0.01190621 0.003161572 0.001020697 0.0003215621
0.9138653 0.8082838 0.6786086 0.5162285 0.3459164 0.1480180 0.04480002 0.01052154 0.002808815 0.0009055009 0.000312693
0.8096226 0.4937892 0.2892566 0.1190595 0.0512942 0.02504416 0.005513287 0.002086899 0.0006761761 0.0002287191 7.55993e-05
0.9384563 0.8683921 0.7383615 0.4273481 0.1899948 0.06449047 0.01702489 0.005263831 0.001543478 0.0004706593 0.0001380874
0.9177412 0.796665 0.6971042 0.4104819 0.1983907 0.05989701 0.01206906 0.004256718 0.001400663 0.0004393897 0.0001418476
0.947186 0.9176578 0.8329178 0.533541 0.2799006 0.1080318 0.03492359 0.008129036 0.002203804 0.0007103295 0.0002110740
0.8497251 0.5928992 0.316066 0.1229236 0.06186123 0.02350302 0.005116159 0.002234894 0.0007844062 0.0002486818 8.63039e-05
0.937267 0.9141304 0.8577411 0.7532693 0.3711546 0.1123421 0.02122093 0.005457647 0.001772892 0.000559431 0.0001653716
0.937554 0.8489037 0.7726166 0.5488855 0.1992887 0.1083355 0.01904458 0.005801718 0.001702920 0.0005472672 0.0001756383
0.9035682 0.7690394 0.6689168 0.6373773 0.4915175 0.1734728 0.04026253 0.009794173 0.002742153 0.0008596594 0.0002636354
0.8963352 0.7282725 0.5097588 0.3383847 0.2562660 0.06817829 0.01238214 0.004258134 0.001443899 0.0003908371 0.0001371267
0.94387 0.9106118 0.8385774 0.6004978 0.4068603 0.1654447 0.03008561 0.00722697 0.002073912 0.0006072855 0.0002089046
0.8742168 0.6898934 0.5230895 0.4519939 0.2828846 0.08734456 0.01259285 0.004992296 0.001498679 0.0004682678 0.0001504476
0.9005018 0.7677151 0.484085 0.1730135 0.07917539 0.07789713 0.03315863 0.00973063 0.002242792 0.00085676 0.0002814765
0.8535199 0.5952408 0.2880755 0.1017995 0.04380631 0.01287930 0.004685557 0.001929860 0.0006509474 0.0002184835 7.216276e-05
0.9051332 0.686887 0.3599935 0.1112138 0.04483511 0.02186608 0.007594887 0.002989636 0.0009026111 0.0002724008 9.37767e-05
0.8122341 0.4690741 0.2454474 0.1290016 0.04803766 0.02313987 0.007206551 0.002132381 0.0006909869 0.0002033497 5.75992e-05
0.8439324 0.5751839 0.3080933 0.1370850 0.06626162 0.02361084 0.006010141 0.002327614 0.0008430355 0.0002542714 8.360103e-05
0.8983384 0.7477208 0.6315671 0.4591218 0.2419075 0.1159842 0.01536038 0.004992129 0.001544389 0.0004974939 0.0001450314
0.9028432 0.7559564 0.6106774 0.465448 0.2231332 0.07051707 0.01773623 0.004340641 0.001501245 0.0004424525 0.0001601875
0.9194283 0.8602896 0.8055042 0.6201839 0.3918385 0.1040937 0.03237939 0.007445432 0.00217707 0.0007051112 0.0002143838
0.8860287 0.691817 0.378447 0.1489432 0.05603559 0.06245023 0.02915825 0.008316667 0.001983948 0.000729004 0.0002165720
0.8640233 0.5648366 0.303195 0.1323279 0.06439776 0.02920902 0.008717349 0.003078270 0.0009613482 0.0003097548 8.932431e-05
0.9092131 0.7854864 0.5894675 0.4130768 0.2618865 0.09056718 0.01729662 0.004387127 0.001360811 0.0004265621 0.0001374932
0.845337 0.5576032 0.2870505 0.1124505 0.04791008 0.02112238 0.00470181 0.002436696 0.0007663607 0.0002328456 7.24936e-05
0.8461203 0.5537212 0.3309356 0.1563424 0.06681077 0.0244384 0.005972193 0.002684621 0.000781111 0.0002912223 9.004935e-05
0.9412284 0.8651653 0.8375569 0.685946 0.4522018 0.1720484 0.03269639 0.007407936 0.002077894 0.0007452409 0.0002273556
0.9622215 0.9673767 0.9856976 0.9602056 0.8863037 0.8950027 0.2704715 0.02059259 0.003634336 0.001195851 0.0003975979
0.946697 0.9118143 0.7834032 0.5668394 0.3083272 0.1355765 0.04441126 0.009850125 0.002578039 0.0009464709 0.0003061591
0.9210648 0.8440911 0.759638 0.7063818 0.4807306 0.1269628 0.02050872 0.005959547 0.001675321 0.0005426743 0.0001685727
0.9533515 0.9450049 0.9718447 0.987775 0.9952309 0.8229599 0.3022548 0.02062240 0.003888804 0.001312491 0.0004105438
0.8229395 0.4421288 0.2164355 0.08797988 0.03076481 0.01152621 0.00326247 0.001544670 0.0004997239 0.0001612115 4.581065e-05
0.9487886 0.936106 0.9558171 0.959734 0.9244148 0.5788387 0.1920146 0.01601416 0.003242262 0.001056033 0.0003156425
0.9582758 0.9547338 0.9821488 0.994226 0.9487122 0.8590808 0.2861435 0.02063093 0.003748249 0.001206790 0.0003792081
0.8995916 0.7145564 0.5148361 0.3292303 0.1440834 0.05259958 0.01105245 0.003887651 0.001130892 0.0003865085 0.0001143286
0.9048883 0.7509712 0.6437274 0.472693 0.2419168 0.2994021 0.06277853 0.01020003 0.002941097 0.0008748616 0.0002864902
0.9502265 0.9494017 0.9750206 0.9686503 0.9764692 0.6153065 0.2301248 0.01569438 0.00348267 0.001073783 0.0003248322
0.8519006 0.5662065 0.2366476 0.06347279 0.02990314 0.01063221 0.004344918 0.001871284 0.000680841 0.0002193181 7.442338e-05
0.9023948 0.7740665 0.6384669 0.4190031 0.2245456 0.08335352 0.0243876 0.006836864 0.002341061 0.0008230282 0.0002683080
0.9560516 0.948862 0.9555644 0.896968 0.6882389 0.5219384 0.08764157 0.01281433 0.003083992 0.0009593863 0.0003158565
0.9575071 0.969419 0.9833144 1 0.9445001 0.9350987 0.5130239 0.02061584 0.003910018 0.001247153 0.000408291
0.8338956 0.5515711 0.2661882 0.1055310 0.0492924 0.01833426 0.004760733 0.001861350 0.0006712576 0.0002153795 6.713046e-05
0.8887882 0.7258567 0.5583216 0.5067721 0.3851223 0.1362643 0.02498047 0.004593604 0.001331288 0.0004765133 0.0001392929
0.9633512 0.9626297 0.9782056 0.9680869 0.9644682 0.9131559 0.3549947 0.02101033 0.003751266 0.001221019 0.000407357
0.8955977 0.7230327 0.5382377 0.4394922 0.3134272 0.1173603 0.01927584 0.006051933 0.001809246 0.0006597124 0.0002028608
0.8984398 0.7056087 0.4911481 0.2680540 0.1315034 0.05428629 0.01216945 0.004155038 0.001376071 0.0004613301 0.0001422302
0.912326 0.7989589 0.650796 0.4696419 0.2397370 0.08012059 0.01692597 0.004587886 0.001410918 0.0005100388 0.0001470438
0.8902109 0.7089924 0.543867 0.3551567 0.1890614 0.1074580 0.02977021 0.007590861 0.002303491 0.0006856983 0.0002435625
0.9342373 0.8692162 0.7119553 0.5933768 0.2887634 0.1024672 0.02121672 0.00582777 0.001868461 0.0006495648 0.0001918097
0.8636515 0.5890696 0.3619063 0.1624675 0.05669442 0.02580423 0.006361792 0.002602489 0.0008503586 0.0002759781 8.225633e-05
0.9527293 0.9602952 0.989594 0.9815496 0.988751 0.9056886 0.2626582 0.01780460 0.003380203 0.001083813 0.0003507886
0.9155624 0.7831173 0.6633852 0.5511089 0.3920614 0.1109401 0.02094507 0.006111738 0.001879881 0.0006593558 0.0002149286
0.9309635 0.8409998 0.6385155 0.3824965 0.1864962 0.05964126 0.01922322 0.006092185 0.001936848 0.0005879035 0.0001836631
0.9478977 0.9339512 0.8931165 0.7411364 0.6960475 0.4555251 0.09464174 0.01205356 0.003170876 0.000953426 0.0003108335
0.9033991 0.7611143 0.6405644 0.5238705 0.3395406 0.07303092 0.01475604 0.004528392 0.001547085 0.0005299067 0.0001475706
0.8896239 0.6582516 0.3033479 0.1185683 0.05534359 0.03085663 0.008514732 0.003387380 0.001187575 0.0004520330 0.0001205236
0.9633244 0.9669243 0.9864101 0.9617856 0.8626813 0.9124513 0.3385628 0.02177889 0.003697056 0.001191734 0.0003980476
0.8988317 0.739401 0.5794451 0.4809377 0.2624408 0.07904708 0.01674154 0.005352483 0.001714107 0.0005234175 0.0001553903
0.8327305 0.481177 0.2428845 0.1168732 0.04762464 0.01723986 0.003259312 0.001442731 0.0004859775 0.0001370925 4.297283e-05
0.9513993 0.913142 0.8955911 0.6844414 0.4191874 0.1178686 0.02872358 0.007205058 0.002073462 0.0006648867 0.0002245647
0.9615094 0.963028 0.982858 0.9563515 0.8836528 0.819114 0.221782 0.02029521 0.003734451 0.001220336 0.0004054678
0.8961605 0.7307583 0.5001065 0.2452775 0.08831493 0.02805563 0.008721996 0.003350765 0.00118866 0.0004154844 0.0001185247
0.9474411 0.9109362 0.880031 0.6728421 0.2940333 0.1679469 0.03706956 0.009374616 0.002461024 0.000714024 0.0002323357
0.9424592 0.913866 0.8834317 0.7188614 0.5046382 0.1677723 0.0461311 0.008115826 0.002327204 0.0007429585 0.0002262866
0.9136155 0.8470078 0.6977905 0.5544757 0.2497515 0.07097926 0.02189729 0.005824841 0.002006137 0.0005710859 0.000203898
0.8926322 0.7301766 0.5700355 0.3390678 0.2745931 0.1382162 0.03200999 0.007069774 0.002294448 0.0007436856 0.0002378593
0.9560836 0.9550923 0.981123 0.9892243 0.9716198 0.7788784 0.2027561 0.01706106 0.003514543 0.001089095 0.0003581999
0.9471584 0.9382041 0.961399 0.9436522 0.9184843 0.5591696 0.1818591 0.01570069 0.003320915 0.001057278 0.0003220535
0.942468 0.9162804 0.8475242 0.632252 0.4807745 0.1491990 0.02402837 0.006364188 0.002013011 0.0005893729 0.0002022542
0.9571337 0.9682683 0.983583 0.99213 1 0.8178655 0.4836227 0.01953962 0.003754421 0.001242641 0.0004012647
0.9406486 0.9065165 0.849863 0.7867757 0.6817489 0.3255215 0.0707719 0.01151994 0.002642161 0.000815463 0.0002484754
0.9324774 0.9115016 0.946853 0.9685551 0.9510104 0.7506148 0.1572732 0.01522776 0.003357670 0.001033825 0.0003288903
0.8849182 0.72938 0.6115225 0.4496082 0.2363081 0.07910287 0.01872260 0.006059837 0.002518128 0.0008479936 0.0002593889
0.9193185 0.8432883 0.6854325 0.6645828 0.3745796 0.08249686 0.01528331 0.004799917 0.001608628 0.0004742945 0.0001614401
0.843774 0.499146 0.2542262 0.1142399 0.03730921 0.01006689 0.004049962 0.001574614 0.000609195 0.0001714726 5.162584e-05
0.77394 0.4432976 0.1992608 0.07971862 0.02918738 0.01276450 0.004057506 0.001397544 0.0003919545 0.0001376311 3.914795e-05
0.9383757 0.8657446 0.6693983 0.5371952 0.2529524 0.09242324 0.02052882 0.006092454 0.001811710 0.0006228528 0.0002072788
0.9358452 0.8795203 0.806525 0.6718467 0.5459631 0.1709308 0.04358443 0.009417142 0.002498385 0.000769185 0.0002248618
0.9581092 0.9545562 0.9762953 0.97199 0.8583 0.8384783 0.2149100 0.01921388 0.003551493 0.001142896 0.0003613454
0.8966769 0.7113669 0.5500253 0.3649749 0.2767721 0.1594247 0.03045811 0.007554874 0.002328570 0.0008061426 0.0002507842
0.9363113 0.9035065 0.8443891 0.7613267 0.4773216 0.2910276 0.05337153 0.008077033 0.002506657 0.0008144357 0.0002803863
0.8181257 0.4580852 0.1946369 0.07936994 0.03656136 0.01391543 0.003356044 0.001415585 0.0004568132 0.0001543659 5.005093e-05
0.95455 0.928135 0.8998902 0.6554581 0.3493192 0.267511 0.05336903 0.008730059 0.002623771 0.0007260544 0.0002462217
0.957515 0.9581787 0.9756006 0.993209 0.9751496 0.8226807 0.3100524 0.01729770 0.003458889 0.001106052 0.0003481050
0.9555327 0.9547215 0.9745456 0.9859414 0.917075 0.8116832 0.2600013 0.02006827 0.003790502 0.001180407 0.0003813898
0.8181335 0.4838136 0.2412318 0.09724309 0.04407063 0.01057286 0.0030993 0.001612477 0.0005546029 0.0001797917 6.485392e-05
0.9474864 0.9109833 0.8674397 0.727248 0.4785895 0.1528199 0.03854179 0.009175105 0.00215849 0.0007506332 0.0002347803
0.9454928 0.9262279 0.9519119 0.941802 0.8922044 0.4173804 0.08364204 0.01358501 0.003237251 0.000988067 0.0003339469
0.8446735 0.5856135 0.3261527 0.1348029 0.05936414 0.09456801 0.02161211 0.005538156 0.001878562 0.00061844 0.0001931946
0.9432233 0.8597294 0.727911 0.4678322 0.216694 0.05768262 0.02810897 0.006492517 0.001942902 0.000576761 0.0001928432
0.829908 0.5603723 0.3490396 0.1609137 0.0739609 0.02275237 0.00548528 0.002201986 0.0007882755 0.0002483182 7.894775e-05
0.9477965 0.9345518 0.9494138 0.9430573 0.9478297 0.2528374 0.08265156 0.01142511 0.003280352 0.001032565 0.0003170292
0.893601 0.6255403 0.3283917 0.1529750 0.06020781 0.02615909 0.006297338 0.002692774 0.000839522 0.0002535312 8.025714e-05
0.942429 0.9221601 0.9404166 0.9502272 0.9055246 0.6439347 0.1556249 0.01529764 0.003305283 0.001061701 0.0003234998
0.864972 0.6100817 0.3774409 0.2561130 0.1443624 0.03897091 0.01027438 0.003020641 0.0009059552 0.0002486248 8.690848e-05
0.9543095 0.9490278 0.9766299 0.98347 0.9941032 0.841418 0.4066964 0.02196122 0.003732681 0.001196776 0.000382446
0.9510024 0.951871 0.9210849 0.9005855 0.6789427 0.2189972 0.04670031 0.009681664 0.002597916 0.0009144314 0.0003002456
0.9177754 0.852098 0.756096 0.6184839 0.4464074 0.1007021 0.02171496 0.00520069 0.001749704 0.00051816 0.0001501249
0.8751993 0.5691236 0.2466707 0.07448889 0.02578272 0.009674387 0.003614726 0.001452587 0.0004133457 0.0001599731 4.907519e-05
0.9361357 0.8872334 0.8666667 0.7027908 0.3673659 0.1521478 0.0394997 0.008386024 0.002269315 0.000738061 0.0002116483
0.896086 0.6873748 0.3817942 0.1476069 0.06471466 0.03205336 0.009324837 0.003589862 0.001012056 0.0003305561 9.967683e-05
0.9591832 0.9595812 0.978032 0.9803268 0.9611886 0.6947096 0.1674644 0.01727098 0.003464176 0.001085671 0.0003637215
0.9423866 0.8977698 0.8494132 0.7421313 0.4285204 0.1613093 0.0274749 0.006872882 0.001714370 0.0005929702 0.0001741571
0.9457668 0.9093858 0.8067844 0.6240398 0.3188992 0.1115228 0.02373142 0.007138845 0.002023264 0.0005717336 0.0002174343
0.9562779 0.9304115 0.895209 0.6414725 0.3159074 0.2384659 0.04841041 0.008885174 0.002544227 0.0007467375 0.0002297808
