0.8873268 0.6374712 0.3137536 0.1361821 0.06266418 0.02197365 0.005161482 0.002194139 0.0008017024 0.0002288507 8.147249e-05
0.9280363 0.871346 0.8004884 0.6140213 0.3510595 0.1421362 0.0452535 0.00733505 0.002247349 0.0007052858 0.0002432172
0.894063 0.7764347 0.5629928 0.4054538 0.1698939 0.07057916 0.02580299 0.006404802 0.00209676 0.0006720128 0.00019678
0.858174 0.6020061 0.3155788 0.1407026 0.03542785 0.009651482 0.004227138 0.001965028 0.0006644058 0.0001973666 6.130315e-05
0.8940123 0.6411238 0.3574826 0.1708909 0.0838388 0.03144731 0.0085292 0.003426458 0.001084684 0.0004123137 0.0001142676
0.8919478 0.6512507 0.291396 0.09182278 0.04261380 0.01320585 0.005382294 0.002251404 0.0007549682 0.0002406207 7.179011e-05
0.9470145 0.9109095 0.861168 0.7039801 0.3928068 0.2324261 0.06818168 0.01114606 0.003269694 0.0009618818 0.0003210817
0.954474 0.9427791 0.9644449 0.9434643 0.8922011 0.8489526 0.2683728 0.02258943 0.003866101 0.001224216 0.0003924298
0.937538 0.9157577 0.944469 0.9529412 0.8270996 0.4527014 0.09570286 0.01280883 0.003219200 0.0009799313 0.0003156489
0.9362259 0.8716597 0.8268101 0.8728324 0.5249218 0.3074069 0.03735603 0.006784935 0.00216371 0.0006585931 0.0002182298
0.9529094 0.9316702 0.8197714 0.5862808 0.4051164 0.1662898 0.0329477 0.006997279 0.002205607 0.0008038893 0.0002365339
0.8890826 0.695148 0.4300902 0.1945434 0.1095697 0.0406038 0.01029258 0.004059087 0.001536511 0.0004798531 0.0001600212
0.95092 0.9163014 0.8910236 0.8236466 0.3942933 0.09925426 0.02559988 0.006595326 0.002142206 0.0006637376 0.0002056089
0.9290952 0.8385564 0.7601512 0.4649079 0.3316719 0.1246745 0.02760658 0.005877378 0.001881079 0.0005290669 0.0001659925
0.9618003 0.9675848 0.9826044 0.9741606 0.979421 0.9449883 0.2906942 0.02123954 0.003885627 0.001277187 0.0003906055
0.8719819 0.5928091 0.2552097 0.1044874 0.04276874 0.01269124 0.004062011 0.001842676 0.0005374281 0.0001815382 6.422003e-05
0.8108178 0.5209476 0.2838241 0.1244490 0.05165642 0.01734762 0.003698685 0.001812315 0.000581177 0.0001691557 5.529281e-05
0.9198605 0.7841535 0.5466851 0.3937351 0.1892675 0.05870838 0.01660009 0.005461324 0.001923246 0.0006006355 0.0001862208
0.8789011 0.6684583 0.3665209 0.1568194 0.0724003 0.02563961 0.007335043 0.003218085 0.001016230 0.0003304594 0.0001045253
0.8328846 0.5109056 0.2305044 0.08601186 0.03065612 0.00963939 0.003100645 0.001146207 0.0004242849 0.0001371756 4.391210e-05
0.9372654 0.9210273 0.9626119 0.9954378 0.967879 0.6313042 0.1337871 0.01362415 0.003406616 0.001032863 0.0003273767
0.948903 0.942418 0.9558342 0.9738554 0.9312287 0.4159031 0.09097564 0.01358028 0.003186849 0.0009895964 0.0003127133
0.9555115 0.9482664 0.9687342 0.9489272 0.9791311 0.9490422 0.3352337 0.02217722 0.003952076 0.001194971 0.0003956874
0.940121 0.9157617 0.949374 0.9492344 0.9129218 0.7045172 0.205813 0.01607848 0.003473749 0.001061226 0.0003496877
0.9254834 0.8567554 0.7546167 0.5130765 0.2514025 0.09595344 0.03306105 0.007626676 0.002287092 0.0007005462 0.000232224
0.940216 0.926628 0.97016 0.9953071 0.9359844 0.6469398 0.1446157 0.01404653 0.003338402 0.001023736 0.000326234
0.9154316 0.7899426 0.7748807 0.6430818 0.4078318 0.1280583 0.03045132 0.007624755 0.002203144 0.0007143325 0.0001965180
0.9447742 0.9177198 0.9173644 0.8919376 0.4850475 0.1818431 0.03720948 0.007352859 0.002277433 0.0007052409 0.0002086787
0.9474045 0.9241688 0.9406337 0.8675173 0.6772485 0.3399000 0.08455787 0.01240422 0.003207154 0.0009595525 0.0002982642
0.9397391 0.9284747 0.9777819 0.9950423 0.9499106 0.7781241 0.2544435 0.01495584 0.003385242 0.001026617 0.000328912
0.8980304 0.6653207 0.3684969 0.1692179 0.06925125 0.02750984 0.007029411 0.003049885 0.0009483543 0.0003389861 0.0001026729
0.8201439 0.5498661 0.263704 0.1073763 0.04090665 0.01210840 0.004386277 0.001863986 0.0005612172 0.0002053168 6.101229e-05
0.9399163 0.8943458 0.9207022 0.9531307 0.8899734 0.656677 0.1620335 0.01774349 0.003549319 0.001133976 0.0003498345
0.906985 0.7683944 0.6261986 0.4362949 0.2322624 0.05036124 0.01422097 0.005825168 0.001655502 0.000509518 0.0001535891
0.9427714 0.9254651 0.9721546 0.9382924 0.9492888 0.7208415 0.2048189 0.01750207 0.003748808 0.001175719 0.0003684476
0.9628646 0.9688943 0.984252 0.9776477 0.9835393 0.9615317 0.5137088 0.02022924 0.003809264 0.001248962 0.0003876592
0.9566287 0.9591759 0.9876661 0.9939912 0.9831147 0.8832167 0.4313429 0.01954125 0.003757168 0.001143627 0.0003691822
0.878002 0.7156918 0.5514649 0.3685168 0.1475201 0.06013531 0.02398489 0.005588029 0.00204621 0.0006236203 0.0001896466
0.8199604 0.4919228 0.2090334 0.07218491 0.03527229 0.008880103 0.003523017 0.001623906 0.0004500834 0.0001581868 5.104122e-05
0.90053 0.7505583 0.6760779 0.5462687 0.3577242 0.1026415 0.01847216 0.004619517 0.001583189 0.0004754247 0.0001470144
0.9339811 0.8637065 0.7851182 0.4888644 0.2393713 0.09310915 0.0210773 0.006185485 0.001730538 0.0004817529 0.0001722117
0.9288811 0.8956748 0.8700786 0.7387396 0.4854743 0.2539527 0.0426914 0.007047362 0.002023126 0.0006241079 0.000191458
0.8219598 0.5125184 0.2634346 0.1241868 0.04932071 0.01318842 0.003692768 0.001914405 0.0005473742 0.0001989775 6.434371e-05
0.8816715 0.6330291 0.3676574 0.1635558 0.06885452 0.02864235 0.007255059 0.002828109 0.0008560556 0.0002673823 9.299955e-05
0.9181962 0.7704653 0.6101491 0.5111629 0.2956217 0.1147599 0.02180113 0.004479518 0.001486909 0.0004309887 0.0001426715
0.9255637 0.8363037 0.7786747 0.6205246 0.2883646 0.1038822 0.01982597 0.006425614 0.001966242 0.0006112969 0.0001921240
0.9588871 0.954281 0.9385527 0.8838279 0.7155881 0.3365987 0.1011305 0.01295072 0.003459292 0.001093690 0.0003391888
0.9064277 0.8036062 0.6381542 0.511601 0.2765396 0.1529536 0.03284937 0.009510024 0.002539716 0.0008417231 0.0002300678
0.8185202 0.5052352 0.2581511 0.1193534 0.07059676 0.03452637 0.008456614 0.002855919 0.0008996526 0.0002598904 8.189675e-05
0.930161 0.8278018 0.7223715 0.4296859 0.2643765 0.09901767 0.02439725 0.005314535 0.001785172 0.0004978457 0.0001527305
0.9362308 0.8771775 0.7324293 0.5469061 0.2789079 0.09289971 0.02355642 0.005670488 0.001850563 0.0006417288 0.0001793037
0.9486365 0.8987461 0.822986 0.5428647 0.2754700 0.123839 0.02961669 0.008057734 0.002205113 0.000654951 0.0002228963
0.8569708 0.5808597 0.3178987 0.1263010 0.06051087 0.02217630 0.005908623 0.002661821 0.0008366745 0.0002644945 8.253058e-05
0.9431307 0.9091052 0.8876687 0.7717942 0.3279036 0.1085267 0.02558662 0.005769388 0.001744711 0.0005585744 0.0001754016
0.9347878 0.8779826 0.7594953 0.6031755 0.2506720 0.1003565 0.01851568 0.006552245 0.001794262 0.0005677414 0.0001859529
0.9222432 0.8544269 0.8341976 0.7700745 0.7195116 0.4103364 0.09655455 0.01001885 0.003078784 0.0009604403 0.0003265778
0.893541 0.7250653 0.4563337 0.2716205 0.1862298 0.0584198 0.01139078 0.003879277 0.00114541 0.0004171599 0.0001167169
0.9289613 0.8665865 0.7880544 0.5732934 0.2515302 0.1065507 0.03461519 0.007272974 0.002182027 0.0006973276 0.0002305084
0.887203 0.6925795 0.5611203 0.4300515 0.2262693 0.07269915 0.01530262 0.004350179 0.001421455 0.0004195506 0.0001411980
0.9188518 0.812675 0.4860613 0.1798087 0.09654631 0.04893562 0.01693662 0.006111666 0.001638302 0.0005257361 0.0001467802
0.8429007 0.5821413 0.2927487 0.1198356 0.03982842 0.01217990 0.004769723 0.001665502 0.0005453242 0.0002130369 6.25453e-05
0.8874983 0.6393123 0.2429516 0.0844769 0.03293899 0.01150295 0.003947668 0.001669024 0.0006426502 0.0001894158 5.709839e-05
0.7951868 0.4735477 0.2028574 0.09389975 0.03879103 0.01465851 0.005078958 0.001523945 0.0004212118 0.0001493294 4.726243e-05
0.8489115 0.5369614 0.2291359 0.1157216 0.04644752 0.01409185 0.004373322 0.002050084 0.0006181784 0.0002069567 6.92435e-05
0.9199047 0.8424405 0.771636 0.7094001 0.4295435 0.1232456 0.02169207 0.006864198 0.002010898 0.0006194584 0.0001941147
0.8746667 0.6029387 0.3792001 0.2026955 0.1551858 0.04715666 0.01419739 0.004309923 0.00145686 0.0004096264 0.0001186587
0.941582 0.9019289 0.7902124 0.645693 0.4420743 0.1627321 0.03596793 0.007712841 0.002302709 0.000818794 0.0002228961
0.8872913 0.6967562 0.3333169 0.1210408 0.05222584 0.08500441 0.02487389 0.007376188 0.00216973 0.0006650432 0.0002069793
0.8531335 0.5646161 0.3099324 0.1617503 0.07692488 0.02584103 0.008520686 0.002749021 0.0008036583 0.0002658405 8.300557e-05
0.9005703 0.748686 0.6739038 0.5394952 0.3525825 0.09518874 0.01825367 0.004614081 0.001583189 0.0004754247 0.0001470144
0.8527584 0.5675963 0.3005864 0.1428727 0.06443444 0.02166841 0.00512629 0.002457288 0.0007783091 0.0002703952 7.874633e-05
0.8408605 0.5323888 0.2961867 0.1334965 0.05021359 0.01716023 0.004405986 0.002217684 0.0006397044 0.0002174503 6.533539e-05
0.9230636 0.8373152 0.744725 0.4472406 0.301593 0.1143017 0.02399216 0.005265784 0.001794660 0.0005288319 0.000156402
0.9459804 0.9358215 0.9825775 0.9749025 1 0.8471236 0.2777496 0.01784995 0.00378064 0.001184298 0.0003674314
0.944019 0.9054104 0.8497961 0.6137282 0.3432744 0.1544249 0.03485387 0.009523405 0.002330101 0.0007982516 0.0002362788
0.9331612 0.858551 0.7502763 0.6061997 0.3258035 0.09966227 0.0189461 0.006561822 0.001882110 0.0005648147 0.0001835465
0.9562509 0.955371 0.9725262 0.989037 0.9697516 0.8418859 0.2218937 0.02087124 0.003953699 0.001245419 0.0003971393
0.8172178 0.4727881 0.2281932 0.09224343 0.05051769 0.02168549 0.005381702 0.002310038 0.0006821278 0.0002278366 6.979817e-05
0.9416167 0.9183414 0.9568487 0.9195052 0.9357268 0.632134 0.1889626 0.01814906 0.003784668 0.001200554 0.0003667293
0.9589785 0.962996 0.9890132 0.9984448 0.970607 0.9119357 0.4319657 0.01854142 0.003747006 0.001156706 0.0003812661
0.8892808 0.6969087 0.520336 0.3785231 0.2361629 0.06454582 0.008106069 0.004671258 0.001641143 0.0004855399 0.000167018
0.9109869 0.805605 0.654205 0.5294726 0.3183966 0.3916771 0.05916767 0.01107394 0.003025750 0.0009240816 0.0002961164
0.960672 0.9652986 0.9808885 0.975271 0.9550581 0.727044 0.3073087 0.01999462 0.003809684 0.001261608 0.0003880264
0.8653832 0.5471562 0.2635513 0.08887983 0.0285144 0.01312957 0.005064325 0.002133175 0.0006358859 0.0002183769 7.697003e-05
0.9085257 0.7900253 0.6901373 0.4050016 0.2863023 0.1597733 0.03916449 0.009509477 0.002809273 0.0008046129 0.0002761924
0.961253 0.9640697 0.9802895 0.9802024 0.9499041 0.7693544 0.2080732 0.01905327 0.003754023 0.001269245 0.0003859315
0.938814 0.9281183 0.9771486 0.9930208 1 0.8663929 0.2927587 0.01554659 0.003453624 0.001047295 0.0003428038
0.8665276 0.5914564 0.281889 0.1257053 0.0631598 0.02244334 0.005081905 0.002204173 0.0008027124 0.0002125444 7.803406e-05
0.89408 0.7198 0.5662548 0.4377746 0.2596413 0.1114295 0.01908525 0.00448384 0.001438706 0.0004441715 0.0001451943
0.960762 0.9644478 0.9775055 0.9647316 0.9678444 0.963259 0.464082 0.01940380 0.003805287 0.001233661 0.0003837411
0.9019758 0.7930686 0.698497 0.5667159 0.3227513 0.0913941 0.0200218 0.005071073 0.001577919 0.0005083 0.0001795927
0.8923254 0.6867562 0.4591126 0.2177448 0.1040718 0.05005592 0.01338436 0.004588901 0.001652762 0.0005564316 0.0001751317
0.9137705 0.7536268 0.6077101 0.3689331 0.2196395 0.06682758 0.01572394 0.005092064 0.001569223 0.0004970856 0.0001663240
0.851753 0.6254868 0.5076529 0.3438829 0.2059299 0.0883257 0.02134057 0.005039647 0.001996826 0.0005330193 0.0001895018
0.933322 0.8590342 0.8023088 0.6112221 0.2741133 0.1405475 0.02236384 0.005559377 0.001743988 0.0006090377 0.0001880751
0.8690427 0.5786288 0.3662233 0.1711177 0.08450979 0.0334976 0.00645456 0.002716493 0.0008127516 0.0002872085 8.203397e-05
0.9554684 0.948059 0.9666713 0.9449226 0.9227706 0.9665673 0.3801914 0.02469182 0.003821058 0.001222776 0.0003893782
0.9037055 0.7520727 0.6448212 0.4461257 0.2369822 0.06453566 0.01684551 0.004606956 0.001608012 0.0004858449 0.0001581567
0.9161728 0.808404 0.6258475 0.3867914 0.1802295 0.06224413 0.01463713 0.005215788 0.001361420 0.0004373274 0.0001421887
0.9621938 0.9482405 0.9757282 0.9722862 0.8552298 0.6855753 0.3022657 0.02033449 0.003844588 0.001190986 0.0003704102
0.88606 0.6725026 0.4731132 0.3206114 0.2017799 0.05007762 0.007169387 0.004191083 0.001405687 0.0004313072 0.0001337074
0.8974157 0.6978732 0.3375642 0.1443052 0.06163335 0.07656945 0.02774817 0.006111469 0.002491557 0.0006473408 0.0002278677
0.9554652 0.960263 0.9820557 0.9895453 0.9713655 0.7814405 0.2843349 0.01983868 0.003701707 0.001169190 0.0003682779
0.9227005 0.840667 0.8112088 0.664654 0.5022946 0.1846244 0.02588106 0.006578648 0.002051165 0.0007346895 0.000219676
0.8676413 0.5967389 0.3641176 0.1712565 0.07099924 0.02078669 0.004490916 0.002115003 0.000680301 0.0002386858 7.442481e-05
0.945403 0.9086175 0.896618 0.6094845 0.2886835 0.1373319 0.02863095 0.006914048 0.002016903 0.0006438762 0.0001883599
0.9339406 0.9175494 0.951362 0.9471884 0.9432124 0.55619 0.1084347 0.01423017 0.003444776 0.001041736 0.0003301621
0.9124944 0.8247 0.6185067 0.2973648 0.1442973 0.05209567 0.01865181 0.005474858 0.001632799 0.0004671252 0.0001444749
0.9441893 0.9102651 0.901781 0.7829798 0.4763964 0.1420242 0.03706692 0.007341559 0.002059133 0.0006698446 0.0001965173
0.9455002 0.917407 0.8659418 0.6979483 0.4512673 0.1492059 0.03691875 0.009543921 0.002388332 0.0008503325 0.0002447128
0.9008814 0.7863787 0.6742702 0.4679740 0.2131092 0.06295414 0.01681899 0.004787827 0.001462459 0.0004797203 0.0001646796
0.8647804 0.7083013 0.5046164 0.2831320 0.1514134 0.05391468 0.01986462 0.005969015 0.001820373 0.0006062768 0.0001785974
0.9612361 0.9635212 0.9754622 0.9762746 0.9779395 0.9425174 0.3689387 0.01974788 0.003831702 0.001233767 0.0003781503
0.9544984 0.9431967 0.9651484 0.9832246 0.9603059 0.7807822 0.1798935 0.01837555 0.003795364 0.001188904 0.0003675709
0.9295569 0.8748687 0.7887781 0.6096925 0.3396209 0.1336846 0.03061444 0.006823144 0.002033126 0.0006750425 0.0002216529
0.955498 0.955597 0.9772075 0.9943238 0.9629155 0.8821992 0.3136510 0.02043771 0.003704310 0.001193066 0.0003692424
0.946991 0.9358236 0.9083668 0.8813438 0.8035425 0.5931127 0.1246271 0.01382719 0.003055939 0.0009879761 0.0003039839
0.9383387 0.920163 0.9644652 0.957831 0.9270126 0.7417104 0.2208350 0.01677995 0.003630635 0.001105283 0.0003641904
0.8868566 0.6911747 0.6060084 0.4534411 0.2562887 0.09518485 0.02095058 0.005483723 0.002627375 0.0006878141 0.0002508645
0.9261316 0.8552166 0.8083074 0.680424 0.4367068 0.1470779 0.02258105 0.005242171 0.001780199 0.0005847726 0.0001813307
0.82966 0.4726129 0.185488 0.08317355 0.02593032 0.007041631 0.002684378 0.001320940 0.000393044 0.0001237533 4.084486e-05
0.8091128 0.5036239 0.2194869 0.1018588 0.03700497 0.01236668 0.004728539 0.001368689 0.0003907258 0.0001277203 3.98049e-05
0.9352805 0.8553802 0.6735751 0.4664177 0.2464925 0.0780145 0.01469175 0.005266742 0.001544647 0.0005021916 0.0001564938
0.9364528 0.8992573 0.894657 0.7268441 0.4738037 0.2427077 0.03788772 0.007709981 0.002320600 0.0006623026 0.0002232032
0.946507 0.9314464 0.9655877 0.9580177 0.8776347 0.6671455 0.1284817 0.01830621 0.003486548 0.001086954 0.0003324221
0.8736285 0.7593815 0.6844342 0.4021313 0.2516718 0.05328631 0.01920762 0.006618731 0.002362174 0.0006821204 0.0002239435
0.9363079 0.8909659 0.87004 0.7782086 0.6051459 0.2881645 0.05585789 0.009119205 0.002412809 0.0007573143 0.0002324024
0.8016075 0.4380205 0.1267898 0.04586912 0.01888810 0.005955551 0.00274812 0.001048771 0.0003179877 0.0001097165 3.380917e-05
0.9260102 0.8520823 0.7193203 0.5088959 0.2289538 0.1138155 0.03244827 0.006964586 0.002226368 0.0006846436 0.0002313072
0.95799 0.9664171 0.9839609 0.9971514 0.9930287 0.8473164 0.3064329 0.02100378 0.003837585 0.001223878 0.0003851637
0.9358637 0.9133691 0.9406447 0.9273289 0.7466727 0.5007837 0.09940314 0.01290999 0.003332580 0.0009814966 0.000308996
0.8433127 0.5231372 0.2282968 0.1255083 0.04381135 0.01256597 0.003914754 0.001979326 0.0007028716 0.0002338372 8.137932e-05
0.9293068 0.8654548 0.8662811 0.7004891 0.3320773 0.1341479 0.02703194 0.006774011 0.00189438 0.0006537809 0.0001976271
0.9410645 0.9221296 0.9109962 0.9353499 0.8863089 0.4112457 0.09519294 0.01154613 0.003018761 0.001012584 0.0003056249
0.8922173 0.680861 0.4089901 0.1793698 0.08974312 0.08079044 0.02641903 0.006023861 0.002094811 0.0005583936 0.0001951847
0.9468228 0.9085205 0.7746926 0.4966334 0.1944617 0.06020545 0.01945077 0.00741325 0.002273996 0.0008211738 0.0002423513
0.8148069 0.5591762 0.3936286 0.1751996 0.08856059 0.02781803 0.005570253 0.002799824 0.0009275164 0.0002971322 9.082167e-05
0.9438202 0.9171793 0.9403856 0.9341604 0.933305 0.4018257 0.07824924 0.01291187 0.003187895 0.0009669474 0.0003196013
0.8942203 0.6568376 0.3281096 0.1549787 0.0655749 0.02437469 0.007387507 0.002947373 0.0008168737 0.0003116982 9.543426e-05
0.936489 0.9238782 0.9731436 0.9950343 1 0.8350594 0.2847391 0.01529991 0.003435152 0.001035765 0.0003353985
0.8628912 0.6038876 0.38161 0.2049379 0.1363485 0.05025021 0.01276027 0.003429024 0.000935167 0.000268297 9.263785e-05
0.9496516 0.954116 0.9743887 0.9828391 1 0.8301177 0.2881714 0.01826960 0.003605213 0.001128134 0.0003499293
0.9484728 0.9151828 0.8829517 0.6836168 0.4729831 0.2971941 0.04360557 0.009022257 0.002309287 0.0007454612 0.0002287910
0.9224525 0.8530514 0.7621684 0.7003073 0.4233474 0.1712966 0.03047188 0.006288306 0.001979289 0.0006177706 0.0002144675
0.8669783 0.6001962 0.2691684 0.09967507 0.02825158 0.008358679 0.003711568 0.001682576 0.0005126074 0.0001662049 4.859857e-05
0.9454494 0.899702 0.8304487 0.5946682 0.3919788 0.1442714 0.04161086 0.008374403 0.002350743 0.0007658288 0.0002433295
0.9115353 0.7904899 0.4536148 0.1563522 0.07710054 0.04094559 0.01192616 0.004327132 0.001197273 0.0003826899 0.0001092818
0.9367363 0.922617 0.9584328 0.989404 0.9312166 0.5656904 0.09393197 0.0133392 0.00333105 0.001035411 0.000321041
0.952107 0.8809482 0.775319 0.5906833 0.2917534 0.1184109 0.02730889 0.006231984 0.001910586 0.0005820032 0.0001942932
0.9326974 0.8695111 0.7573971 0.575997 0.3270837 0.1081734 0.03118947 0.006998671 0.002038388 0.0006389713 0.0002238762
0.9557383 0.933299 0.8453268 0.6826766 0.5485401 0.1915557 0.04767102 0.007761064 0.00240574 0.0008707957 0.0002405031
