0.8679364 0.6278488 0.2763099 0.1121194 0.05551125 0.01765497 0.004523615 0.001897550 0.0006014817 0.0002004462 5.683072e-05
0.9421418 0.9138944 0.8264468 0.6151566 0.3688835 0.2388037 0.05918611 0.009438559 0.002372153 0.0007694519 0.0002265683
0.9070044 0.7987686 0.6726483 0.540609 0.3843761 0.1238236 0.03107173 0.009129992 0.002721015 0.0007716406 0.0002482223
0.8774542 0.6982684 0.4117250 0.1940411 0.07541095 0.01831862 0.007965362 0.002888987 0.0009839656 0.0003143215 9.818853e-05
0.8775491 0.6260666 0.3286083 0.1458338 0.06730209 0.02542866 0.005445027 0.002600644 0.0008288893 0.0002863498 8.32069e-05
0.8808263 0.6011653 0.2741413 0.08322708 0.02753945 0.008273499 0.00347155 0.001301401 0.0005113653 0.0001597019 4.731766e-05
0.9485993 0.904325 0.8692785 0.6718448 0.5160484 0.3216682 0.07519444 0.01191890 0.003129173 0.001035288 0.0003135722
0.9573326 0.9613596 0.958139 0.9914452 0.8987817 0.6629725 0.2111012 0.01551354 0.003367419 0.001068495 0.0003287427
0.9606878 0.9640844 0.9834246 0.9969478 0.9425247 0.7646501 0.1713017 0.01644284 0.003284306 0.001055358 0.0003277798
0.9414503 0.9025624 0.8894493 0.8314723 0.6796859 0.4243317 0.04928964 0.007200343 0.002168753 0.0007072334 0.0002324795
0.9332037 0.8561569 0.7447075 0.4649645 0.2512036 0.1145970 0.02152347 0.005912784 0.00163389 0.0005417258 0.0001649607
0.8698934 0.6856584 0.3732192 0.1586628 0.09419823 0.03587016 0.01044961 0.00444044 0.001528469 0.0005118595 0.0001508978
0.9442001 0.8856362 0.7912521 0.6205362 0.2483104 0.0707018 0.01888732 0.005990896 0.002048090 0.0006276083 0.0002133746
0.931326 0.874176 0.7634578 0.5864588 0.3667797 0.1347773 0.02245709 0.005804431 0.001716882 0.000579193 0.0001716508
0.9485023 0.939785 0.969288 0.8673775 0.8829142 0.6272302 0.2791250 0.0174381 0.003372942 0.001106933 0.0003519573
0.8668158 0.6056227 0.2749147 0.1216113 0.06939189 0.02172664 0.004794025 0.002067091 0.0007014962 0.0002213611 6.289605e-05
0.8327878 0.56239 0.3690081 0.1504259 0.04955815 0.01437531 0.003757186 0.001993190 0.0006885361 0.0002027186 7.196634e-05
0.9221942 0.8440604 0.6749242 0.4399751 0.316134 0.09096368 0.02213257 0.007015002 0.002123373 0.0007666745 0.0001864209
0.9013398 0.6917016 0.4411893 0.2297426 0.1445898 0.05604804 0.01550941 0.005522429 0.001559502 0.000486281 0.0001694659
0.8470588 0.5256564 0.2612257 0.1137983 0.05032206 0.01998297 0.007121359 0.002421644 0.0007845319 0.0002349120 7.669665e-05
0.952718 0.9588752 0.9836798 0.99252 0.9555636 0.7346161 0.2116793 0.01606478 0.003685358 0.001135751 0.0003623399
0.9394533 0.9191794 0.9636407 0.9508862 0.9646602 0.7129543 0.1376303 0.01565258 0.003445051 0.001054950 0.0003394263
0.948435 0.9428532 0.9805153 0.9005876 0.8990478 0.7536153 0.2757688 0.01660072 0.003371264 0.001101426 0.0003552702
0.931349 0.9014583 0.937091 0.9672932 0.956463 0.5430057 0.1578813 0.01579117 0.003180232 0.0009792414 0.000319263
0.932197 0.8646968 0.7531873 0.5113694 0.2839420 0.118046 0.02712093 0.007045101 0.002117708 0.0005827067 0.0001879995
0.9582697 0.9620902 0.9882974 0.9946508 0.9937092 0.7601806 0.4070357 0.01755172 0.003603633 0.001155755 0.0003432197
0.9089193 0.7725832 0.6925151 0.5302165 0.2646824 0.0901088 0.01837539 0.005899868 0.001891112 0.0005487233 0.0001623501
0.9349178 0.8806735 0.8719955 0.8094691 0.4048093 0.1195282 0.02384654 0.006649518 0.001982835 0.0005615095 0.0001844069
0.9498458 0.9437639 0.9332136 0.9576015 0.7706108 0.4408031 0.06979587 0.01217008 0.002799032 0.0009539568 0.0002968503
0.953099 0.968677 0.9872543 1 0.9882434 0.9003886 0.5037956 0.02118418 0.003993003 0.001199319 0.0003869043
0.889963 0.6423757 0.2774693 0.1065536 0.04237477 0.01677935 0.004800285 0.002105296 0.0006773632 0.000239438 6.939871e-05
0.8362453 0.5205606 0.2785436 0.1180254 0.0435036 0.01869114 0.004055891 0.001592812 0.0006233525 0.0001949298 6.690357e-05
0.935707 0.910072 0.9414118 0.9518177 0.9239585 0.6717028 0.1590512 0.01707752 0.003575671 0.001109923 0.0003297087
0.8927912 0.6965381 0.5764657 0.3798474 0.1580922 0.05173801 0.01267521 0.003896075 0.00135798 0.0004059305 0.0001094742
0.9465605 0.9362798 0.9685095 0.9275984 0.8916448 0.737165 0.3083019 0.01515826 0.003413190 0.001084881 0.0003536516
0.9513812 0.966616 0.9880865 1 0.9885083 0.9037087 0.5763632 0.02099714 0.004048502 0.001224431 0.0004016519
0.947128 0.9445067 0.9768678 0.9881534 0.9810154 0.9052839 0.3291321 0.01982805 0.003551158 0.001076994 0.0003437439
0.8879208 0.7565725 0.5553318 0.3936978 0.2812020 0.1097520 0.03126486 0.008322691 0.001991007 0.0005884565 0.0001858746
0.8652676 0.5867985 0.3194638 0.1431500 0.07440362 0.02671602 0.006454678 0.002651947 0.001068587 0.0003047243 0.0001000760
0.898519 0.7437869 0.5643767 0.4790622 0.3673344 0.1210194 0.02278930 0.005102245 0.001609823 0.0005541849 0.0001701581
0.9287011 0.8664518 0.7169478 0.4673479 0.2689593 0.08514487 0.02003181 0.007123009 0.002007835 0.0006931836 0.0001985939
0.9250914 0.871162 0.8582653 0.8205606 0.4435977 0.2565431 0.0325065 0.00574595 0.001830250 0.0005464158 0.0001662931
0.8628102 0.6358603 0.411408 0.2248474 0.08705164 0.02735812 0.005730537 0.003100087 0.0009174935 0.0003170955 9.399462e-05
0.865739 0.6083738 0.2935561 0.1319248 0.07353718 0.02526958 0.005811922 0.002288286 0.0007643247 0.0002586306 7.326146e-05
0.9108695 0.7719879 0.6081306 0.4939447 0.2613411 0.0941685 0.02113983 0.005443728 0.001615079 0.0005141343 0.0001672546
0.9228152 0.8438731 0.8223065 0.76583 0.4130921 0.1479482 0.03512899 0.007147334 0.00207518 0.000662939 0.0002273089
0.9568271 0.9618348 0.954828 0.9278868 0.8268212 0.3868299 0.08057894 0.01306961 0.003382009 0.001111077 0.0003488046
0.8930688 0.7604161 0.6382045 0.3860619 0.2819406 0.1343845 0.033063 0.00901491 0.002259003 0.000770131 0.0002474636
0.8136033 0.4894481 0.2584675 0.1180751 0.06274001 0.02616130 0.006083796 0.002157142 0.0005754415 0.0002078077 6.305387e-05
0.9381768 0.8793157 0.7920973 0.7228141 0.4550671 0.1745406 0.02936880 0.007398003 0.002027421 0.0007101054 0.0002151338
0.9327771 0.8642082 0.8267624 0.698612 0.3013741 0.0948895 0.0225498 0.005144695 0.001674173 0.0005648632 0.0001770055
0.9405385 0.8751946 0.7352387 0.3968092 0.2082086 0.09535465 0.03607504 0.007930415 0.002024465 0.0006423484 0.0002221846
0.8547832 0.5551829 0.2403323 0.1051974 0.04833757 0.01758784 0.004438699 0.002178457 0.0006360074 0.000212908 6.919924e-05
0.9432084 0.9151345 0.8607856 0.6850527 0.3661819 0.1356519 0.02850630 0.00812335 0.002421987 0.0007333463 0.0002304627
0.952041 0.9240987 0.8729472 0.677841 0.4893395 0.1904830 0.02698582 0.00732932 0.002078579 0.0006915842 0.0002309181
0.91922 0.857519 0.8435161 0.8289293 0.8192093 0.450625 0.1107218 0.01246020 0.002983956 0.001070255 0.0003250042
0.8844246 0.7027566 0.4958967 0.3834531 0.2467022 0.0918979 0.01366618 0.005716206 0.001681351 0.0005519179 0.0001761999
0.9441169 0.9166322 0.8599649 0.6695927 0.3705405 0.1734731 0.03517217 0.008770267 0.002351261 0.000763392 0.0002442213
0.8633414 0.6782301 0.4930233 0.3673255 0.2228612 0.1041937 0.01194734 0.005351298 0.001524158 0.0005241346 0.0001612935
0.8793421 0.6471144 0.2769039 0.1148246 0.05974718 0.01857701 0.005354195 0.00234872 0.00078819 0.0002607933 9.190968e-05
0.8617638 0.6052074 0.3188955 0.1634587 0.06802596 0.02364738 0.005152783 0.002379812 0.0008567586 0.0002362839 7.822122e-05
0.890889 0.6591568 0.2781868 0.082458 0.03040564 0.01142431 0.004128986 0.001776117 0.0006237936 0.0002044831 5.929092e-05
0.8061704 0.4886609 0.2301225 0.1133481 0.04832512 0.01754463 0.005294879 0.001581311 0.0005388872 0.0001561679 5.781526e-05
0.8403786 0.5228729 0.2839992 0.1083389 0.049183 0.01681236 0.004635802 0.002353646 0.0007487566 0.0002223221 7.23945e-05
0.9087488 0.7735656 0.6224545 0.4714925 0.2319483 0.09741388 0.01629299 0.005041492 0.001675761 0.0004996647 0.0001808320
0.878354 0.6438471 0.4365245 0.3269542 0.1227351 0.03481369 0.01012520 0.003150907 0.001004439 0.0002874378 8.323912e-05
0.9338937 0.8937618 0.7976129 0.6029732 0.3101637 0.1448810 0.04544816 0.01031012 0.002706301 0.0009070884 0.0002836069
0.9003163 0.73117 0.4083775 0.1464724 0.05628657 0.05365376 0.02070246 0.005378834 0.002200129 0.0007102791 0.000203717
0.8664337 0.6127634 0.3230951 0.1201582 0.05914217 0.02840542 0.007429631 0.00242081 0.0008018942 0.0002889236 7.738496e-05
0.9011278 0.7907163 0.6907666 0.542431 0.3333333 0.1123214 0.01854964 0.005482355 0.001619385 0.0005320872 0.0001612496
0.8259249 0.530496 0.2764238 0.1232950 0.0523652 0.02058253 0.004384001 0.002450175 0.0007346765 0.000222928 7.981775e-05
0.8339088 0.5334836 0.2719442 0.1051956 0.05121549 0.02096726 0.004609651 0.002228118 0.0005804465 0.0002191209 6.602985e-05
0.921214 0.8474984 0.7206905 0.655238 0.2903782 0.08661028 0.01845389 0.005132137 0.001544452 0.0004603151 0.0001517893
0.9583013 0.965802 0.985565 0.998034 0.9885571 0.837054 0.439758 0.01925155 0.003781677 0.001168304 0.0003506566
0.9420808 0.8924622 0.7997449 0.5213268 0.3286938 0.1592614 0.03740735 0.007725225 0.002230264 0.0006739546 0.0002237906
0.9236928 0.8026991 0.7101969 0.4784352 0.2998737 0.1236012 0.02210101 0.006673764 0.001718673 0.000596074 0.0001591019
0.9506721 0.9642078 0.9834251 0.9979685 0.9095318 0.8560227 0.3141297 0.02063919 0.004056721 0.001239253 0.0004063592
0.8321524 0.498535 0.2518966 0.1290418 0.0646725 0.01973545 0.004617384 0.001857482 0.0006656481 0.0002105499 6.136914e-05
0.9470606 0.9311172 0.9592073 0.8578811 0.840591 0.5989231 0.332628 0.01589237 0.003396603 0.001079736 0.0003559333
0.9638727 0.971219 0.9868903 1 1 0.8057036 0.3076111 0.01780084 0.003746692 0.001162803 0.0003591824
0.9086542 0.7806842 0.6207676 0.4937241 0.3166972 0.08927586 0.01563531 0.004985307 0.001466799 0.000520578 0.0001549284
0.8973776 0.7662654 0.6828974 0.5474115 0.3892748 0.1168978 0.02007201 0.006562898 0.002044756 0.000719959 0.0002170401
0.959115 0.9703935 0.979703 0.992714 0.925314 0.6997924 0.1925067 0.02007667 0.003821369 0.001252105 0.0004008839
0.836587 0.4977378 0.1714844 0.05793731 0.02114255 0.007168583 0.002992178 0.001217204 0.0003977251 0.0001253786 4.035385e-05
0.9067487 0.7949306 0.6879052 0.4382874 0.2354859 0.09015303 0.02693276 0.00942815 0.002658996 0.0008588093 0.0002469884
0.9456018 0.9188944 0.8966403 0.747074 0.5829526 0.5878687 0.1646723 0.01643261 0.003511026 0.001110329 0.0003574409
0.9580996 0.964512 0.9879312 0.998015 0.9880148 0.9112894 0.6739424 0.02059473 0.003814965 0.001193146 0.0003608936
0.8429568 0.5758755 0.2620637 0.1207241 0.05271308 0.01920495 0.004452598 0.001970652 0.0006716799 0.0001912899 6.29636e-05
0.9218704 0.8370347 0.7769877 0.7148279 0.5355829 0.2401832 0.0396805 0.006443755 0.001874534 0.0006387834 0.0001864631
0.948447 0.9389398 0.9691543 0.8653506 0.8360602 0.8144853 0.3964578 0.01686298 0.003449399 0.001115615 0.0003520664
0.876899 0.671504 0.4769783 0.3594716 0.2463093 0.07424424 0.01773899 0.005228364 0.001601722 0.0005432707 0.0001683181
0.8987139 0.6882207 0.4314883 0.1915294 0.09363035 0.03879762 0.01490180 0.004998476 0.001664441 0.0005663254 0.0001595349
0.9137054 0.7698947 0.6332616 0.3741911 0.2015961 0.07093853 0.01474611 0.004451653 0.001458341 0.0004684012 0.0001509592
0.8745161 0.6954951 0.5504662 0.3681745 0.2028964 0.1027007 0.02298853 0.006917511 0.002227488 0.0006752989 0.000228753
0.921719 0.8221878 0.7307374 0.5640114 0.2178293 0.06598875 0.01423737 0.004669124 0.001395927 0.000396867 0.0001406692
0.8737877 0.6001458 0.3760036 0.1771105 0.0603149 0.02653455 0.006186922 0.002509351 0.0008950559 0.000272875 8.667843e-05
0.9562544 0.962669 0.9817626 0.9954425 0.9800654 0.9249578 0.3600248 0.01921080 0.003749843 0.00118692 0.0003657574
0.9021862 0.7394273 0.6269932 0.3871579 0.2771838 0.07896981 0.01605808 0.004502595 0.001431437 0.0004757822 0.0001485807
0.9158834 0.78881 0.6356387 0.3784493 0.1650362 0.05725932 0.01399895 0.004393018 0.001172939 0.0004126287 0.0001327637
0.9500222 0.92737 0.9394864 0.7454023 0.6994527 0.5838021 0.2117561 0.01702005 0.003547381 0.001173320 0.0003640256
0.8682107 0.6551882 0.4619394 0.3077260 0.1583452 0.0539147 0.008629652 0.004326657 0.001259296 0.0004081449 0.0001328478
0.8705125 0.6253893 0.273642 0.1166151 0.05699879 0.01828352 0.005319856 0.002154164 0.0007948806 0.0002567994 8.26142e-05
0.9463957 0.9379862 0.966869 0.9751588 0.952444 0.7831826 0.1843630 0.01842239 0.003555884 0.001078800 0.0003400687
0.9205127 0.8741016 0.7751898 0.6415378 0.3670988 0.1210093 0.02690273 0.006857217 0.002053133 0.0006795351 0.0001939608
0.8563417 0.5405387 0.2982913 0.1298105 0.05226646 0.01586929 0.004326789 0.002257737 0.000559757 0.0001938081 6.624333e-05
0.9505448 0.9093507 0.9071967 0.8134141 0.3783183 0.1504578 0.04200782 0.007627476 0.002065594 0.0007159193 0.0002293715
0.9451384 0.9327818 0.9706614 0.9176236 0.9081506 0.58097 0.1303642 0.01624498 0.00352005 0.001088781 0.0003504509
0.8980353 0.7626239 0.5179116 0.2578449 0.1377580 0.04604122 0.01144263 0.004095504 0.001372733 0.000460401 0.0001222174
0.9517184 0.9208507 0.9188197 0.8770145 0.5396197 0.1901628 0.05068661 0.00827101 0.002139472 0.0007202941 0.0002382890
0.9424037 0.9102426 0.8758241 0.7851448 0.3784567 0.1781961 0.0469324 0.00936653 0.002366724 0.0006824699 0.0002297249
0.9234634 0.8447991 0.7681852 0.6494497 0.3643685 0.09269647 0.02391753 0.00707389 0.002035266 0.0007161327 0.0002238422
0.8920186 0.761576 0.6413211 0.4542377 0.2931445 0.1349849 0.0399338 0.008714853 0.00276351 0.000939582 0.0002704686
0.9587712 0.9644681 0.97646 0.9928126 0.9814113 0.801563 0.2948311 0.01701347 0.003551674 0.001124930 0.0003463607
0.9511647 0.9469489 0.9823818 0.9891297 0.97553 0.806666 0.2043943 0.01717609 0.003465382 0.001174762 0.0003604389
0.9377668 0.889536 0.8455212 0.6577711 0.2825719 0.1220617 0.02338974 0.006263616 0.001851227 0.0005411286 0.0001794757
0.9442195 0.9362178 0.9596986 0.97914 0.9705307 0.7830796 0.2655513 0.01876952 0.003306029 0.001030257 0.0003287909
0.955387 0.965144 0.958864 0.9480738 0.8865587 0.5344165 0.1256798 0.01477795 0.003633432 0.001211256 0.0003851484
0.9251004 0.8954077 0.9396898 0.9143449 0.9270394 0.6364661 0.1327197 0.01365491 0.003332871 0.001009121 0.0003194294
0.8679121 0.6808498 0.586216 0.4073328 0.2217370 0.1043798 0.02279755 0.00669542 0.002128912 0.0006917479 0.0002329915
0.9116498 0.8115378 0.7206257 0.6244774 0.3808113 0.09178249 0.01780418 0.005840848 0.001731047 0.0006313481 0.000195504
0.841634 0.5355779 0.2118952 0.09765062 0.03233926 0.01038476 0.003418581 0.001606400 0.000522441 0.0001673251 5.291884e-05
0.8132181 0.4874929 0.2099181 0.08193225 0.03742646 0.01147765 0.003448163 0.001305463 0.0003909175 0.0001512063 4.055814e-05
0.9337395 0.8608983 0.7388793 0.5828718 0.2118049 0.0918116 0.02090648 0.005476225 0.001497035 0.000462405 0.0001552295
0.9336658 0.8780596 0.855042 0.691463 0.4910928 0.2200406 0.04191583 0.006619128 0.002095017 0.0006716592 0.0002042135
0.9498959 0.9396828 0.964716 0.8222806 0.843116 0.6408988 0.2651818 0.01733715 0.003379213 0.001117478 0.0003488411
0.8826448 0.7414612 0.598377 0.3638951 0.1804425 0.07021 0.01896065 0.006192261 0.002044006 0.0007504794 0.0002278255
0.931563 0.8689799 0.8420148 0.7249263 0.5180363 0.2903625 0.04428151 0.006761605 0.002175076 0.0007131838 0.0002141163
0.8366949 0.5259477 0.2554494 0.08470174 0.03628163 0.01438055 0.003967435 0.002224911 0.0006898898 0.000229492 6.782075e-05
0.9381833 0.8912353 0.8429895 0.7228588 0.3307074 0.1783533 0.03356879 0.007381843 0.002097854 0.0005946578 0.0001998116
0.9485278 0.9429156 0.978373 0.895106 0.8881707 0.7278908 0.2640295 0.01606525 0.003342737 0.001096020 0.0003553812
0.9495125 0.9383608 0.9573815 0.9181901 0.8853585 0.6843739 0.1790047 0.01777152 0.003479788 0.001086424 0.0003555695
0.8386659 0.5328102 0.2362809 0.09813111 0.04505693 0.01259507 0.003874958 0.001857043 0.0006823228 0.0002371534 7.015649e-05
0.9486947 0.9009265 0.8274877 0.6527854 0.3702064 0.1085336 0.02703922 0.008526443 0.002436814 0.000724296 0.0002364752
0.9529995 0.9343667 0.9418406 0.9571556 0.9516441 0.4128487 0.09873355 0.01301515 0.003131853 0.001001605 0.0003112046
0.8676755 0.6288821 0.3434241 0.1693166 0.1008693 0.09633797 0.03205744 0.007356104 0.002064428 0.000603036 0.0001940478
0.9270557 0.8265372 0.6869668 0.4586236 0.1316531 0.04506264 0.01436648 0.004734423 0.001410263 0.0003934976 0.0001407511
0.8168555 0.5136758 0.3496605 0.1574507 0.05905578 0.02049994 0.004475488 0.002039532 0.0005747763 0.0002209578 6.38009e-05
0.9576819 0.9474932 0.9621035 0.9743959 0.936286 0.4336644 0.08664451 0.01291168 0.003196037 0.001013947 0.0003114584
0.8751278 0.6264807 0.3057319 0.1498791 0.06852914 0.02569673 0.006099634 0.002912319 0.0009605074 0.0002541343 8.334421e-05
0.9497116 0.946827 0.9656429 0.9559597 0.9793022 0.9355912 0.4241497 0.02519049 0.004294113 0.001310211 0.0004272396
0.8756257 0.6032432 0.3113728 0.1819564 0.109099 0.04542563 0.01090249 0.003006430 0.0009920833 0.0003335355 0.0001048388
0.9420385 0.9288124 0.9658139 0.9957922 1 0.74924 0.2246322 0.01584825 0.003403250 0.001062162 0.0003412468
0.9418552 0.9022936 0.8450377 0.5478026 0.3979903 0.1667070 0.03458242 0.007958922 0.002130629 0.0006693028 0.0002149279
0.924848 0.8425499 0.7749868 0.690708 0.2982311 0.1216610 0.01897554 0.005225942 0.001581121 0.0004697038 0.0001427528
0.893281 0.6489167 0.3189540 0.09179141 0.03338272 0.01138741 0.005328725 0.001935277 0.0007280254 0.000234897 7.156671e-05
0.9355451 0.8828836 0.7814418 0.5227411 0.2975328 0.1385101 0.03468457 0.00667227 0.002022658 0.0006342687 0.0001827181
0.8959938 0.7071903 0.408157 0.1879703 0.09174504 0.04056669 0.01151136 0.003761894 0.001167726 0.0003539790 0.0001106832
0.9519017 0.959178 0.979321 0.9800932 0.9337393 0.6293801 0.1579695 0.01416072 0.003630447 0.001136737 0.0003564091
0.932461 0.848957 0.7284542 0.5801971 0.3267263 0.1092479 0.02083076 0.005801432 0.001647657 0.0005048838 0.0001529118
0.955316 0.9438688 0.8844236 0.7499038 0.400717 0.1663993 0.03825967 0.00906705 0.002551144 0.0008361057 0.000274147
0.9385405 0.8806692 0.8369281 0.593728 0.5167515 0.1813119 0.03611672 0.00761039 0.002074954 0.0006515787 0.0002073741
