0.8828647 0.6646565 0.3633603 0.1442214 0.06642624 0.02616543 0.008132233 0.002619484 0.0008614899 0.0002667932 7.86597e-05
0.9439948 0.9216842 0.8642545 0.6097729 0.4126395 0.1983502 0.05540191 0.00859285 0.002508129 0.000727622 0.0002302975
0.9151065 0.80736 0.6569466 0.5159014 0.2493383 0.1614647 0.02929603 0.007425936 0.002459178 0.0007569803 0.0002424949
0.8691491 0.6148926 0.3192837 0.1345490 0.03960396 0.01255401 0.00441646 0.00164683 0.0005560573 0.0001754041 6.088621e-05
0.895087 0.6513523 0.3444353 0.1583648 0.07991624 0.03150195 0.006910211 0.002765384 0.0008889075 0.0003265967 9.390577e-05
0.8795251 0.6306393 0.2653005 0.07798823 0.02751336 0.01083891 0.003742400 0.002084009 0.0006896422 0.0002301556 6.268438e-05
0.956788 0.9482902 0.9678119 0.9527445 0.946348 0.7711227 0.1632693 0.01431603 0.003711129 0.001177750 0.0003692284
0.9535899 0.9626976 0.971964 0.9752538 0.9636742 0.6763465 0.2504261 0.01536889 0.003323891 0.001073394 0.0003364692
0.9532601 0.9589357 0.9793655 0.9582474 0.963142 0.6629109 0.16059 0.01522647 0.003282259 0.001052237 0.0003067562
0.9268848 0.8827477 0.9199934 0.8594643 0.6920787 0.3453672 0.04973065 0.00699653 0.002048694 0.0007090016 0.0002103128
0.9488113 0.9160506 0.8595159 0.7167262 0.2633670 0.1738907 0.03729593 0.006936021 0.002591938 0.00074435 0.000258642
0.8829153 0.6897866 0.4346641 0.2143066 0.1159537 0.1325966 0.02939419 0.00881213 0.002243256 0.0007531439 0.0002291916
0.9379655 0.8811859 0.8415716 0.6069302 0.3947046 0.1114083 0.02137809 0.005980961 0.001773098 0.0005997639 0.0001661092
0.9266 0.8595374 0.7432934 0.524542 0.2623322 0.07926577 0.02174663 0.005181335 0.001411537 0.0004728255 0.0001302112
0.9571327 0.9512418 0.979037 0.9781197 0.9888793 0.9070678 0.3023143 0.01950998 0.003899469 0.001249415 0.0003902604
0.8631818 0.5432879 0.2100968 0.08748376 0.03498538 0.01172403 0.003278425 0.001794736 0.000595439 0.0001608746 5.445232e-05
0.8616167 0.6672263 0.4685234 0.2722369 0.1098852 0.0322767 0.007199366 0.003500030 0.001186197 0.0003553518 0.0001076677
0.907859 0.7503855 0.6115818 0.4286399 0.206025 0.03720487 0.01267770 0.003958633 0.001172555 0.0003809761 0.0001157042
0.889958 0.6846543 0.4163402 0.2533146 0.1613139 0.04509977 0.01157382 0.003487805 0.001108157 0.0003752277 0.0001137029
0.8322565 0.4875008 0.2668243 0.09859505 0.04191126 0.01422357 0.003639814 0.001699373 0.0004740556 0.0001683139 5.374246e-05
0.9543381 0.9575154 0.975739 0.9499025 0.9700713 0.8799787 0.3221961 0.02525075 0.004003455 0.001264445 0.0004067509
0.9537212 0.9473121 0.9662432 0.9549112 0.973078 0.7530088 0.1999376 0.0169594 0.003711215 0.001167588 0.0003584853
0.957366 0.9533371 0.982312 0.9875318 0.9833448 0.9055572 0.3488217 0.01910344 0.003840642 0.001227843 0.0003850927
0.9297932 0.894589 0.923607 0.9567417 0.9352365 0.6000758 0.1595421 0.01489898 0.003389123 0.001145005 0.0003232139
0.9362866 0.8979872 0.8308445 0.5419204 0.3379826 0.1257762 0.0422239 0.007470161 0.002356529 0.000673545 0.0002132101
0.9548092 0.959641 0.975506 0.9798589 0.9855967 0.8090507 0.3161442 0.02535246 0.003950216 0.001257226 0.0004013393
0.9262456 0.8157656 0.7027457 0.6361734 0.2841525 0.08988877 0.01775866 0.006220644 0.001849155 0.0006204214 0.0001807825
0.9377853 0.897583 0.9027331 0.7951643 0.4200987 0.09894904 0.02157537 0.006097362 0.001752392 0.0005913503 0.00015803
0.9510054 0.9408566 0.9504353 0.9538281 0.8899336 0.6205763 0.1236867 0.01567489 0.003261683 0.001121445 0.0003282757
0.9581245 0.9562324 0.9821728 0.9960973 1 0.893131 0.3330276 0.01825672 0.003833681 0.001237726 0.0003789504
0.8745651 0.6408669 0.3062201 0.1271292 0.05167694 0.01941947 0.005130619 0.002210383 0.0007461319 0.0002419987 8.661268e-05
0.8702124 0.6350413 0.3800669 0.1892434 0.06384469 0.0289992 0.007405075 0.002774704 0.0009436855 0.0003300469 0.0001111737
0.9412037 0.9197348 0.927351 0.9076026 0.8330929 0.4588476 0.1298479 0.01440847 0.003427824 0.000964701 0.0003309245
0.9060238 0.7414914 0.5721137 0.4250322 0.2081448 0.05113805 0.01281863 0.005167963 0.001408671 0.0004873732 0.0001491105
0.9476557 0.9332101 0.9535803 0.9817554 0.9921556 0.6935047 0.1935169 0.01979120 0.003701283 0.001096143 0.000350493
0.9525023 0.9483473 0.9772659 0.991536 1 0.8149388 0.4121015 0.01823665 0.003721817 0.001212331 0.0003593791
0.9515036 0.9460183 0.9690415 0.9828187 0.9834032 0.6726185 0.2750059 0.01816242 0.003596350 0.001180642 0.0003525399
0.8968642 0.7805829 0.6021183 0.3641672 0.2400335 0.1310563 0.03958830 0.007973789 0.002576699 0.0007843888 0.0002288223
0.8716554 0.6241478 0.3214632 0.1458075 0.0566545 0.02015495 0.004972918 0.002262305 0.0008159613 0.0002804304 8.415717e-05
0.9075563 0.7928218 0.7336812 0.659873 0.4385515 0.1761480 0.02009933 0.005663691 0.001758679 0.0005857111 0.0001861987
0.9232526 0.8600008 0.8710606 0.6456946 0.3708882 0.1328416 0.02547477 0.006081461 0.001771434 0.0006247495 0.0001813487
0.922387 0.8796305 0.8576464 0.7358319 0.5480168 0.2245072 0.03253168 0.006103686 0.001810585 0.0006353491 0.0001678967
0.8621684 0.6186943 0.3978091 0.2011334 0.06040817 0.02336516 0.005235842 0.002504310 0.0007545745 0.0002722859 8.899157e-05
0.88179 0.6418343 0.3891292 0.1780058 0.08065988 0.03193914 0.007108482 0.003276876 0.001030740 0.0003272856 0.0001084688
0.9192816 0.768483 0.6281889 0.5109525 0.4052854 0.1570803 0.03070210 0.006116513 0.001801587 0.0005368799 0.0001617359
0.9310118 0.851565 0.6905096 0.4544859 0.3375395 0.1053292 0.02424489 0.006347576 0.002125455 0.0006693199 0.0002185240
0.9552622 0.9391471 0.9267052 0.884235 0.7301087 0.2826698 0.06374678 0.01080742 0.003244958 0.001017041 0.000306878
0.8860876 0.7344675 0.5546814 0.3676506 0.2046209 0.07920595 0.02942435 0.007946597 0.002229978 0.0007689387 0.0002136779
0.8227778 0.5356913 0.2565078 0.139164 0.05181684 0.01490627 0.004577267 0.002008438 0.0006459035 0.0002275661 6.837555e-05
0.9293614 0.8674349 0.7313693 0.4761468 0.2557221 0.07592767 0.01915541 0.004893642 0.001529392 0.0004688585 0.0001582343
0.9183117 0.8395029 0.817805 0.5895979 0.2644967 0.07320963 0.01749106 0.004622919 0.001483104 0.0004897354 0.0001390303
0.947008 0.8966903 0.83165 0.5811145 0.2240653 0.06925518 0.02501417 0.00666832 0.001745941 0.0006446051 0.0001688124
0.8555622 0.5654485 0.2521896 0.1022200 0.05422027 0.02354728 0.005073587 0.002686596 0.0008693625 0.0002677670 8.127902e-05
0.9423876 0.8944857 0.762647 0.621697 0.4469739 0.1407085 0.03093624 0.007656871 0.002497611 0.0007033518 0.0002363835
0.9307707 0.8700104 0.7912368 0.4935562 0.2751876 0.09396514 0.0195482 0.005520613 0.001758664 0.0004947555 0.0001798458
0.9285778 0.8785482 0.7933939 0.7530274 0.7186721 0.2654820 0.05941111 0.01097385 0.003354846 0.001071646 0.0003292967
0.9060407 0.75861 0.5318983 0.3858043 0.2846293 0.07350161 0.01603910 0.005001986 0.001437775 0.0004607269 0.0001351245
0.9496187 0.9108173 0.8637877 0.6818943 0.5502229 0.2047497 0.03850242 0.008758935 0.002191099 0.0006886373 0.0002115436
0.867023 0.6600861 0.4630629 0.3256122 0.1990545 0.05191713 0.01235723 0.004191771 0.001241975 0.0003884425 0.0001161359
0.9088055 0.7219659 0.3461292 0.131613 0.07941902 0.03752182 0.008727465 0.003957242 0.001528579 0.0003850703 0.0001281252
0.8750456 0.6500677 0.4062935 0.1844316 0.08039847 0.03647149 0.01081018 0.003637073 0.001079591 0.0003870234 0.0001070224
0.8792235 0.6151289 0.2737143 0.08722253 0.02883591 0.01157686 0.004349978 0.001584167 0.0005679153 0.0001670853 5.630932e-05
0.7978986 0.4965606 0.2628758 0.1301592 0.06965774 0.02460219 0.006150166 0.002092627 0.0006042397 0.0001995905 6.235725e-05
0.8445122 0.5349857 0.2350410 0.09968363 0.0388805 0.01282599 0.003434098 0.002002246 0.0007382318 0.0001930978 6.463319e-05
0.8911264 0.7514214 0.6785911 0.5206153 0.355962 0.08416821 0.02003882 0.005133806 0.001532617 0.0005091886 0.0001393416
0.8830977 0.6389672 0.4266836 0.2474013 0.1508579 0.0472133 0.01416151 0.004013054 0.001381621 0.0004385608 0.0001253876
0.9369347 0.8637288 0.8166419 0.5669054 0.4706501 0.1736162 0.03618659 0.00964843 0.002323458 0.0007254715 0.000229424
0.8860249 0.6819566 0.3855629 0.1565693 0.04990745 0.09939058 0.02996233 0.006526115 0.002191918 0.0006779032 0.0002195861
0.8321567 0.4933488 0.2209542 0.1078860 0.04658475 0.0186602 0.005428654 0.001973792 0.0007013074 0.0001831852 6.06195e-05
0.8886602 0.7559128 0.722227 0.5877134 0.3872934 0.1300877 0.01980724 0.004842227 0.001572775 0.0004607937 0.0001602533
0.8461343 0.574408 0.3179477 0.1348587 0.0509624 0.02216569 0.005389562 0.002299760 0.0007377639 0.0002631350 8.680267e-05
0.832245 0.5296943 0.2490875 0.1161198 0.04487835 0.0172335 0.004747592 0.001783614 0.0006074123 0.0001866104 5.810499e-05
0.9273975 0.8295783 0.6887994 0.4955297 0.3415739 0.08977255 0.01957506 0.006054751 0.001561411 0.0005304912 0.0001530967
0.9570699 0.9532978 0.9805009 0.9877663 0.9775652 0.909708 0.2913711 0.01853339 0.003823575 0.001227672 0.0003847598
0.949571 0.9279106 0.9224802 0.7311727 0.481628 0.3033684 0.08360177 0.01233122 0.002921841 0.0009562062 0.0002729631
0.9331342 0.8705922 0.7623479 0.7491852 0.3701645 0.1214408 0.02147742 0.006276712 0.001779700 0.0005731985 0.0001753210
0.9569222 0.9582911 0.9859102 0.998708 0.9637116 0.8658382 0.2615213 0.01921144 0.003648556 0.001125613 0.0003694874
0.8240058 0.4348976 0.1862484 0.08074993 0.03107306 0.01127854 0.002775369 0.001626560 0.0005568264 0.0001568074 5.202072e-05
0.9504872 0.9416728 0.9664418 0.9566986 0.9818758 0.7119155 0.2102919 0.01767319 0.003696625 0.001103432 0.0003524284
0.9531209 0.948083 0.9680476 0.9817326 0.9457547 0.693448 0.2210979 0.01983464 0.003734315 0.001130615 0.0003668419
0.9169377 0.8049548 0.6519168 0.5543102 0.3573964 0.1227161 0.02353549 0.006664516 0.002075404 0.0005939393 0.0001871416
0.9323492 0.8789517 0.802814 0.7662941 0.5893707 0.2505463 0.04504996 0.007997133 0.002657105 0.0008337434 0.0002481324
0.9512016 0.945118 0.9726062 0.9370985 0.8784902 0.8222369 0.2465479 0.01638797 0.003518944 0.001107339 0.0003304492
0.8676346 0.597778 0.2540681 0.07431079 0.03160999 0.01214520 0.004578365 0.001796153 0.0006710379 0.0002071756 5.773791e-05
0.8992312 0.8035662 0.6382412 0.4236795 0.2104095 0.1071093 0.0348232 0.01051076 0.002681626 0.0008434016 0.0002589099
0.9539736 0.9413856 0.955799 0.8139955 0.7431219 0.6434402 0.1845533 0.01607292 0.003862323 0.00119225 0.0003756941
0.9526207 0.9522553 0.9709907 0.9895477 0.9555964 0.8091063 0.3396832 0.02139082 0.003804205 0.001141795 0.0003662920
0.8566825 0.5902771 0.3143376 0.1280417 0.05032668 0.02014880 0.00446277 0.001861239 0.0005756975 0.0002147937 6.908347e-05
0.8703187 0.6715805 0.4371276 0.3287319 0.2394146 0.103076 0.01763958 0.00424364 0.001249544 0.0004108323 0.0001142416
0.9552583 0.9564979 0.984998 0.998335 1 0.9039366 0.4146542 0.02027990 0.003876272 0.001164857 0.0003776367
0.8989745 0.7592148 0.6513916 0.5323039 0.3690608 0.09667801 0.01810590 0.005613861 0.001635541 0.0005181944 0.0001776777
0.8951687 0.7109895 0.4355776 0.1766509 0.0918808 0.03493635 0.0120759 0.005253867 0.001660935 0.0005073287 0.0001446001
0.9114524 0.7834632 0.5914781 0.3730923 0.1629092 0.05055666 0.01391963 0.004702055 0.001310589 0.0004631288 0.0001296695
0.8581195 0.6548475 0.4397625 0.3343315 0.1631467 0.06619667 0.02517622 0.006566849 0.001998179 0.0006215072 0.0001846457
0.919586 0.8201008 0.7014716 0.4478686 0.2199564 0.07072277 0.01509216 0.004263188 0.001417896 0.0004476616 0.0001384445
0.8713222 0.613499 0.3556747 0.1895194 0.08817593 0.03694524 0.01045283 0.003279182 0.001079739 0.0003397699 0.0001079344
0.9533182 0.9490468 0.9701334 0.987774 0.9797443 0.8828888 0.2843739 0.02381739 0.003810391 0.001133019 0.0003695329
0.9011309 0.7448718 0.5447867 0.3960381 0.1841307 0.04781713 0.01165879 0.004542219 0.001353831 0.0004432002 0.0001290194
0.9224792 0.7937706 0.6169475 0.4464461 0.2088475 0.07128207 0.01701226 0.005500333 0.001647158 0.0005213185 0.0001570066
0.9498633 0.9310678 0.9652479 0.8698696 0.5148168 0.6142798 0.1959648 0.01669067 0.003455215 0.001167445 0.0003524405
0.9260115 0.8319255 0.70867 0.5564401 0.4349783 0.1143931 0.02450996 0.006071656 0.002142779 0.0006724972 0.0002056954
0.8921251 0.6950999 0.3678953 0.1579132 0.05962583 0.06846176 0.02308360 0.007620174 0.002501343 0.0006893934 0.0002437846
0.9571635 0.9538257 0.9775732 0.9749194 0.988694 0.943498 0.3193105 0.01882784 0.003864554 0.001235460 0.0003866460
0.9067096 0.7596635 0.6735655 0.5439625 0.3344157 0.09772492 0.02724814 0.006124829 0.001939974 0.0006362406 0.0002013791
0.8619252 0.60486 0.3356742 0.1603494 0.07893244 0.02507693 0.005144109 0.002137589 0.0006723152 0.0002333592 7.663008e-05
0.9385402 0.8974125 0.888675 0.6153231 0.3819945 0.1290565 0.03199306 0.00665775 0.001836292 0.0006409681 0.0002084310
0.9537769 0.9521258 0.9760113 0.9782991 0.8972985 0.7586734 0.1865947 0.01848335 0.003630763 0.001141505 0.0003705305
0.9026367 0.7631057 0.529667 0.2855272 0.1215548 0.0441674 0.009988582 0.004153561 0.00152772 0.0004240691 0.0001259526
0.946035 0.8968505 0.8997847 0.762816 0.4430935 0.1181258 0.03114534 0.007881078 0.002163343 0.000679842 0.0002170758
0.9496127 0.9330336 0.923445 0.7772193 0.4772397 0.3169785 0.07974002 0.01176582 0.002858960 0.0009202964 0.0002610761
0.9222104 0.8116891 0.6689288 0.4384181 0.2815324 0.06691309 0.02021470 0.005552211 0.002089818 0.0006600108 0.0002015387
0.9135731 0.7632491 0.6101545 0.4130341 0.2760835 0.1994738 0.03775601 0.01038256 0.00269226 0.0008726504 0.0002589596
0.9563789 0.953271 0.9818594 0.9965835 0.9763436 0.7241364 0.2116809 0.01784776 0.003630191 0.001118910 0.0003720638
0.9524884 0.9563745 0.9795567 0.99428 0.9938185 0.8649791 0.3226616 0.01834857 0.003661163 0.001210142 0.0003619912
0.9469272 0.9099779 0.890685 0.6517484 0.4264339 0.2017495 0.02519313 0.006680122 0.00203495 0.0006484377 0.0002112307
0.9574077 0.9544024 0.9826786 0.984701 0.9675313 0.7574958 0.2101157 0.01830966 0.003607634 0.001090242 0.0003595236
0.9453348 0.9351527 0.918344 0.9192847 0.8767225 0.6496639 0.1406403 0.01681507 0.003514182 0.001154806 0.0003431214
0.9380982 0.9209252 0.9594429 0.9513616 0.9522543 0.743936 0.2275053 0.01566908 0.003697728 0.001091606 0.0003524793
0.8809974 0.7345307 0.5938911 0.465141 0.2345215 0.1289918 0.02600957 0.007515732 0.002567534 0.0007658639 0.0002479344
0.9335135 0.8817776 0.7807632 0.695828 0.4361445 0.1146022 0.02745601 0.006380213 0.002380545 0.0006786774 0.0002081796
0.8748152 0.5791829 0.2672837 0.1227074 0.05574732 0.01471263 0.005349323 0.00222102 0.0008588216 0.0003015021 8.7656e-05
0.8206695 0.4933513 0.2340478 0.09379235 0.04070082 0.01421363 0.004956389 0.001246541 0.0003878582 0.0001348023 4.755964e-05
0.941388 0.8801458 0.7554558 0.6283199 0.2948269 0.1427955 0.0378499 0.008750665 0.002138331 0.0006423986 0.0002293579
0.937614 0.9048091 0.9183273 0.826115 0.4871161 0.2759265 0.05265497 0.009354086 0.002533863 0.0008299947 0.0002336013
0.954429 0.9631432 0.9782473 0.9738263 0.9880307 0.9488798 0.4696394 0.02241240 0.003752665 0.001240089 0.0003821001
0.8872232 0.7546008 0.6233255 0.4109697 0.2095903 0.09351167 0.03474501 0.009325127 0.002774453 0.0008424703 0.0002695524
0.9371761 0.8795008 0.8764193 0.7557629 0.6075837 0.3792114 0.04328433 0.007513487 0.002235744 0.0007069627 0.0002351379
0.8011126 0.4339988 0.1496894 0.06092938 0.02601464 0.01033056 0.002745181 0.001130847 0.0004295648 0.0001261415 3.574644e-05
0.9436887 0.9146824 0.8518352 0.6039225 0.4171312 0.2169735 0.04276196 0.006403351 0.002071929 0.000705825 0.0002021114
0.95381 0.9645031 0.9763201 0.9926088 0.9846719 0.7851139 0.2777992 0.01897876 0.003627017 0.001165094 0.0003546759
0.9515806 0.9446524 0.9664897 0.9356797 0.9024217 0.6698702 0.1750696 0.01687991 0.003674126 0.001144278 0.0003433787
0.8474936 0.5406653 0.2910879 0.1345513 0.04732524 0.01435473 0.003761571 0.001748532 0.0005968289 0.0002084207 6.865895e-05
0.9472937 0.907026 0.868316 0.7445365 0.3939345 0.1147185 0.03024076 0.007965798 0.00235073 0.0008029455 0.0002599189
0.946774 0.9335386 0.9436316 0.9319043 0.8973625 0.3786842 0.1204874 0.01217058 0.003310569 0.001072971 0.0003218395
0.9049784 0.714493 0.4711880 0.2436752 0.1241215 0.1186597 0.03820373 0.00784883 0.002429395 0.0007318204 0.0002407069
0.9339738 0.8538024 0.7429684 0.4668906 0.1466575 0.05602662 0.01793293 0.004879093 0.001449364 0.0004919798 0.0001634020
0.8466726 0.5697045 0.3728162 0.1806434 0.06201791 0.01843082 0.005058678 0.0028585 0.0009913398 0.000266397 8.30708e-05
0.9527166 0.9476384 0.9582614 0.9735541 0.782066 0.2861075 0.0777113 0.01154799 0.003416925 0.001030852 0.0003163103
0.9036105 0.6746018 0.3664785 0.1647839 0.08842811 0.06340021 0.01581104 0.005012029 0.001627799 0.0005160965 0.0001874948
0.948415 0.9371454 0.957123 0.9796434 0.9855091 0.909847 0.2919855 0.02282663 0.003794404 0.001119477 0.0003621286
0.8544473 0.5830412 0.3711158 0.2251595 0.1195360 0.03688870 0.01068848 0.002776823 0.0008092815 0.0002506859 8.491498e-05
0.9491103 0.9376789 0.9548997 0.9877854 0.993879 0.7807171 0.2465551 0.02067616 0.003698929 0.001078271 0.000352661
0.9447476 0.91651 0.91876 0.7337521 0.4967602 0.2759025 0.05831786 0.009145245 0.002478557 0.0009101926 0.0002435701
0.9268329 0.8773619 0.8200708 0.6654424 0.3785547 0.1395207 0.02840729 0.005169382 0.001777254 0.0005168921 0.0001693399
0.8759928 0.6028511 0.3248635 0.1031462 0.03167846 0.008781797 0.003902241 0.001647989 0.0004812574 0.0001616484 5.094749e-05
0.9410275 0.8906942 0.8286158 0.5811092 0.326294 0.1807186 0.03741123 0.007604658 0.002167152 0.0007084597 0.0002316268
0.9005364 0.7371021 0.462639 0.1854132 0.0868234 0.03579325 0.01094847 0.004241945 0.001240028 0.0004286287 0.0001335825
0.9538782 0.9583711 0.9805537 0.979367 0.9795135 0.8058189 0.2019786 0.02417634 0.003931564 0.001256577 0.0004002410
0.9401762 0.888977 0.8388847 0.710771 0.4047063 0.1857966 0.03785194 0.007268971 0.002138002 0.0006810926 0.0002012125
0.9528643 0.9242816 0.8554117 0.7353676 0.2973752 0.1402033 0.03467863 0.007358714 0.002269191 0.0007654842 0.0002477846
0.9452725 0.9176766 0.9031833 0.7356735 0.5451775 0.2880957 0.05522256 0.00862416 0.002417579 0.0008676344 0.0002481086
