0.8427377 0.5433707 0.2306175 0.08208553 0.03142239 0.01078575 0.00262714 0.001276949 0.0004387553 0.0001358105 4.179283e-05
0.953636 0.9122992 0.8669994 0.7377558 0.6634449 0.2652285 0.05944347 0.007520011 0.001790618 0.0006190617 0.0002083801
0.9180776 0.8230928 0.6655017 0.4877139 0.3431192 0.1881564 0.04351639 0.01044557 0.002694876 0.0008120453 0.0002692849
0.8508617 0.5753966 0.2687106 0.1153371 0.03582337 0.01192976 0.004764823 0.001801158 0.000638762 0.0002078370 6.319107e-05
0.873485 0.6166694 0.3226848 0.1289999 0.06077026 0.0201948 0.004711862 0.00252042 0.001008614 0.0002862277 9.115832e-05
0.8828404 0.6520308 0.2752320 0.09084232 0.03421145 0.01064277 0.003731543 0.001808617 0.0006175701 0.0001940739 6.198702e-05
0.9441968 0.9105321 0.8854691 0.7747671 0.5215821 0.2697325 0.08470137 0.01326955 0.003255309 0.001028597 0.0003392986
0.9491978 0.9558649 0.9733533 0.9709783 0.9648812 0.7318745 0.2548854 0.0191962 0.003583824 0.001187539 0.0003548514
0.9490831 0.9534259 0.9700161 0.9322218 0.8102112 0.4239108 0.1253442 0.01256329 0.003121138 0.0009961416 0.0003214447
0.9293938 0.8827406 0.8485039 0.86867 0.6214842 0.2481286 0.03745891 0.007656794 0.001974478 0.0006595269 0.0002137933
0.9505903 0.8878234 0.8010639 0.5293152 0.2728075 0.1331345 0.02744304 0.004844856 0.001409342 0.0004398692 0.0001496108
0.890057 0.7331265 0.4798474 0.2883282 0.1377543 0.05807027 0.01178422 0.004531357 0.001482186 0.00055256 0.0001690333
0.9411862 0.869737 0.7931098 0.6206415 0.3625105 0.0970181 0.02509457 0.006459749 0.001809428 0.0006545131 0.0002090203
0.9388069 0.881302 0.8666966 0.6268338 0.4612255 0.1393210 0.02771197 0.006704358 0.001834361 0.0005990622 0.0001818518
0.9579279 0.9397024 0.9781716 0.9735506 0.9670916 0.6900976 0.508646 0.01430095 0.002657387 0.0009199904 0.0002935717
0.8780512 0.6203837 0.3117955 0.1724355 0.0786081 0.02279105 0.005394545 0.002097840 0.0007011979 0.0002138212 7.975964e-05
0.8256823 0.5420494 0.3029522 0.1477846 0.04803382 0.01489720 0.004417046 0.002140811 0.0006404742 0.0002342688 6.729419e-05
0.9178507 0.7650305 0.5873984 0.4136437 0.2183051 0.05788438 0.01495905 0.004580084 0.001584225 0.0005726498 0.0001605308
0.9029866 0.6963045 0.3991874 0.2003388 0.1157942 0.0402342 0.01309545 0.003704340 0.001271660 0.0004351821 0.0001219944
0.8222437 0.4817635 0.2205534 0.0795088 0.02980478 0.01031039 0.003034543 0.001324141 0.0004168962 0.0001329868 4.118057e-05
0.9515282 0.9601395 0.9766094 0.9951771 0.9946894 0.8079582 0.2117245 0.01814181 0.003578947 0.001159533 0.0003700313
0.9518443 0.9549748 0.9239731 0.923404 0.8050352 0.555041 0.1853578 0.01357105 0.003209326 0.001031312 0.0003282709
0.9577939 0.9676712 0.9833662 0.9807965 0.9947117 0.8713004 0.2650664 0.02008251 0.003726476 0.001175995 0.0003626758
0.9402233 0.9125763 0.9079587 0.9078682 0.9573958 0.3992525 0.09893087 0.01219386 0.003858494 0.001154712 0.0003849277
0.9411132 0.8948073 0.8265654 0.6579292 0.3700969 0.1314475 0.0417173 0.008169654 0.002238656 0.0007661323 0.0002368613
0.9587357 0.9680336 0.9780684 0.9897745 0.9936709 0.8540142 0.2893251 0.02031502 0.003732017 0.001190219 0.0003737967
0.9270939 0.8209507 0.6282801 0.4366197 0.2382759 0.09458853 0.01784093 0.004941592 0.001585356 0.0006165912 0.0001849842
0.9536396 0.925029 0.89639 0.8196432 0.481369 0.1581692 0.03052629 0.00778681 0.002380293 0.0007337732 0.0002401764
0.9539758 0.9307157 0.954044 0.9824388 0.9058613 0.4783965 0.1177831 0.01018727 0.002123737 0.0006974794 0.0002378038
0.9607047 0.9477934 0.9929638 0.993487 0.9943942 0.8952006 0.7056777 0.01770507 0.002839129 0.000934985 0.0002989601
0.8817214 0.6321529 0.2889374 0.1188346 0.0544703 0.02064591 0.004753983 0.002035046 0.000882048 0.0002429847 7.933704e-05
0.812931 0.5439286 0.2760498 0.1323748 0.05691673 0.01730981 0.005793223 0.002043374 0.000803615 0.0002307031 7.638644e-05
0.9437074 0.9417893 0.9198777 0.9155886 0.7428726 0.5691316 0.1914057 0.01434212 0.003175633 0.001051402 0.0003322604
0.8979416 0.7078274 0.6029815 0.3855695 0.1838514 0.04299185 0.01381375 0.00389042 0.001118435 0.0003879908 0.0001221689
0.9472923 0.9537084 0.968986 0.9788851 0.9876976 0.9329652 0.2243019 0.01739868 0.003481337 0.001128720 0.0003562985
0.958515 0.9645013 0.9870882 0.987971 0.9935524 0.9458652 0.374575 0.02040547 0.003686433 0.001154923 0.0003608929
0.9499445 0.9605427 0.9801655 0.9955055 1 0.9446638 0.4049365 0.02032355 0.003626197 0.001189308 0.0003523186
0.889768 0.7805485 0.6079178 0.3918788 0.2669097 0.09103311 0.03128344 0.007848345 0.002549381 0.0007726227 0.0002248434
0.8707187 0.6271082 0.3178788 0.1205812 0.07054453 0.02646775 0.00575994 0.002698206 0.001056000 0.000371404 0.0001017044
0.8998562 0.7961509 0.7214988 0.6050059 0.3635111 0.1524272 0.0243859 0.005390769 0.001666480 0.0005393248 0.0001641306
0.9196552 0.8278198 0.724612 0.5069802 0.2048435 0.08812 0.01881176 0.004757632 0.001486616 0.0004985971 0.0001669607
0.926469 0.8747024 0.8691754 0.8335928 0.6177615 0.2367535 0.03504661 0.006456397 0.001826294 0.0006111865 0.0001894745
0.796925 0.5087455 0.2587941 0.1140217 0.04568524 0.01453810 0.004187549 0.001875414 0.0005935983 0.0001845451 5.901514e-05
0.888415 0.6423619 0.4081911 0.200045 0.089059 0.03354096 0.008644488 0.002962781 0.000925897 0.0003116994 9.384661e-05
0.91055 0.7730702 0.611584 0.540605 0.3419471 0.1326085 0.02606639 0.005949991 0.001598983 0.0005214061 0.0001653084
0.9245935 0.8579859 0.6802887 0.5851411 0.2986278 0.1012882 0.01937599 0.005279908 0.001604697 0.0004882246 0.0001582890
0.9658367 0.9579273 0.9576923 0.9311342 0.5877152 0.2957840 0.07706528 0.01251033 0.003590116 0.0009633426 0.0003401370
0.894663 0.7761276 0.663056 0.4623939 0.3188741 0.1216112 0.02999619 0.00856364 0.002673166 0.0008030381 0.0002669066
0.8413274 0.5412299 0.3122332 0.1506547 0.07226468 0.02672015 0.006036473 0.002453494 0.0007938153 0.0002362854 7.432162e-05
0.9386543 0.8723903 0.8262678 0.5632158 0.3446478 0.0834399 0.02233247 0.005617534 0.001731545 0.0005343579 0.0001621009
0.9328 0.8511761 0.7407963 0.4886011 0.2282771 0.06560335 0.01609851 0.005213962 0.001442033 0.0004666134 0.0001426498
0.9397386 0.8620241 0.7371104 0.4314071 0.1601090 0.05941881 0.02112804 0.004789538 0.00153504 0.0005200717 0.0001428565
0.8648235 0.5918624 0.2769274 0.1007964 0.05251588 0.01815483 0.00469554 0.002164624 0.0007738059 0.0002380412 7.071475e-05
0.946304 0.9155267 0.854707 0.7501479 0.3912249 0.1077780 0.02342256 0.00553136 0.001652126 0.0006061536 0.0001835455
0.9422025 0.8882076 0.8804078 0.6839626 0.3696405 0.1513536 0.02771872 0.006387275 0.002020694 0.000636025 0.0001814167
0.9243276 0.8604345 0.7272957 0.633057 0.5613978 0.2905332 0.0953964 0.01200910 0.003564072 0.0009943194 0.0003261585
0.9402298 0.859594 0.7445343 0.5338329 0.3614353 0.1189304 0.02696832 0.005183163 0.001517437 0.0004801754 0.0001680732
0.9431541 0.9175326 0.9003066 0.7256509 0.5530125 0.2023612 0.04843612 0.009344762 0.002374860 0.0008687482 0.0002545762
0.919364 0.8008737 0.6661006 0.4759473 0.3323267 0.0940459 0.02008039 0.003983043 0.001289457 0.0003964296 0.0001285534
0.8968106 0.6491163 0.3081277 0.1252591 0.0615755 0.02862353 0.01213949 0.004563471 0.001375513 0.0005307701 0.0001541458
0.8625259 0.6116521 0.2828581 0.1198486 0.05622562 0.01824527 0.007293113 0.002145951 0.0006589951 0.0002193017 6.868363e-05
0.90487 0.7191807 0.3434606 0.1122476 0.04039674 0.01288453 0.004435605 0.001951740 0.0006481116 0.0002037017 6.862436e-05
0.8364807 0.5869302 0.326857 0.1521894 0.07765843 0.03298265 0.006398523 0.002371304 0.0007811959 0.0002443913 7.438925e-05
0.8564067 0.5696097 0.3181951 0.1241584 0.06434378 0.02003455 0.004892325 0.002383732 0.0008775257 0.0002829171 7.588461e-05
0.9116698 0.8214377 0.7866889 0.6430822 0.3707232 0.2170669 0.02442248 0.006550624 0.001934398 0.0006188689 0.0002063829
0.9212457 0.8039492 0.6432281 0.4776071 0.2995451 0.07848767 0.01480786 0.003795331 0.001260000 0.0003986441 0.0001359884
0.9356605 0.8674401 0.7637194 0.5617408 0.447536 0.1622012 0.03545135 0.008524712 0.002586882 0.0008216026 0.0002567944
0.89813 0.7433279 0.4168853 0.1594841 0.06276003 0.0516439 0.0210323 0.005406456 0.001554312 0.000544198 0.0001695749
0.8536414 0.5634196 0.2940351 0.1269025 0.0569988 0.02282355 0.005892905 0.002500213 0.0008055611 0.0002941212 7.957478e-05
0.9029676 0.7693787 0.7152836 0.6155357 0.4778169 0.1182385 0.01818675 0.005008095 0.001522915 0.0005121556 0.0001554545
0.8497271 0.6181537 0.4030279 0.2395168 0.1005616 0.04696078 0.00892761 0.003288329 0.001033627 0.0003859576 0.0001150968
0.8465858 0.5682515 0.3136985 0.1217690 0.06256266 0.02282135 0.004906934 0.002491389 0.0008270965 0.0002360957 7.842715e-05
0.9285714 0.8298172 0.7443614 0.4893198 0.3039896 0.08637687 0.01986667 0.004986933 0.001591260 0.0004920176 0.0001552486
0.9596278 0.9640755 0.9800459 0.9943545 0.9943213 0.6828155 0.1840327 0.01778526 0.003620254 0.001129777 0.0003642977
0.9461525 0.9057413 0.876421 0.6261756 0.3704884 0.2056382 0.05028547 0.009032733 0.002565579 0.0007667771 0.0002376755
0.9322471 0.8719434 0.8014682 0.7049463 0.3556372 0.1613645 0.04556222 0.00706604 0.001944535 0.0007086654 0.0002228123
0.9525887 0.9540727 0.964126 0.9826865 0.9765447 0.8294864 0.2470568 0.01895181 0.003600814 0.001122006 0.0003581176
0.83694 0.4922064 0.1770639 0.07856572 0.03461239 0.01276041 0.005344206 0.001664074 0.0005211804 0.000159567 5.133485e-05
0.946124 0.943266 0.9676488 0.9449884 0.9699927 0.8025082 0.2302269 0.01989543 0.003587247 0.001167763 0.0003504983
0.9610501 0.9450325 0.9837342 0.9767633 0.9846632 0.7302697 0.4069003 0.01666316 0.002802113 0.0009326728 0.0003039830
0.9249316 0.8350326 0.7195836 0.536687 0.3841886 0.1102016 0.02147261 0.004236811 0.001306008 0.0004146113 0.0001381734
0.9240449 0.8642503 0.8244637 0.7166138 0.5449441 0.2018653 0.03291356 0.006691545 0.002220329 0.0007335164 0.0002153299
0.951883 0.9557246 0.9322855 0.924834 0.75419 0.6267572 0.2065044 0.01423417 0.003293392 0.001074633 0.0003428716
0.8586856 0.5115655 0.1922087 0.06059121 0.02265576 0.01018725 0.003574655 0.001620916 0.000591169 0.0001726744 5.759665e-05
0.888376 0.7518285 0.6486253 0.3752092 0.2596384 0.07450341 0.02740512 0.00786928 0.002509315 0.0007281042 0.0002640791
0.9468674 0.9136829 0.8355637 0.6134998 0.3489656 0.2751795 0.09883604 0.009979597 0.003035891 0.0009551364 0.0003050877
0.956475 0.9601448 0.9772762 0.9934272 0.947777 0.8548025 0.2612595 0.01996977 0.003838297 0.001183055 0.0003821275
0.8539688 0.5642853 0.2686418 0.1016672 0.05414071 0.01922645 0.004242328 0.002173995 0.00068452 0.0002178489 6.583926e-05
0.8909214 0.729158 0.5610623 0.4718429 0.2732411 0.1207394 0.02377032 0.004712423 0.001573678 0.0004805648 0.0001507477
0.9568567 0.941388 0.9739732 0.9863696 1 0.8508007 0.7620268 0.01729166 0.002908849 0.0009654462 0.0003137369
0.9241886 0.8251535 0.7121111 0.5301576 0.3517451 0.1036551 0.02097994 0.004529544 0.001411035 0.0004538636 0.0001521777
0.8875794 0.7020694 0.4186252 0.2081174 0.1066643 0.0540614 0.01182335 0.005052016 0.001360157 0.000597118 0.0001758999
0.9158317 0.8087114 0.6144096 0.3793497 0.2098441 0.06766041 0.01640025 0.004531019 0.001523900 0.0004561441 0.0001509607
0.8453495 0.654774 0.5457382 0.3804031 0.2288454 0.09007906 0.02432534 0.007927975 0.002252409 0.0007112473 0.0001996411
0.9286584 0.8522912 0.7083661 0.6045318 0.2566095 0.09208242 0.02494942 0.004692653 0.001767539 0.0005877108 0.0001821228
0.8640163 0.564945 0.2929809 0.1733263 0.08282621 0.02380166 0.005660755 0.002126054 0.0007541568 0.0002191922 8.197741e-05
0.9558715 0.963382 0.9575715 0.969413 0.9289617 0.9635058 0.5033452 0.01903692 0.00362563 0.001163739 0.0003688006
0.8883131 0.7609112 0.5410267 0.4514816 0.2794171 0.07925988 0.01701449 0.005304883 0.001610928 0.000489362 0.000163171
0.933347 0.8515083 0.759136 0.5590038 0.4181179 0.1146219 0.02268448 0.004411499 0.001306010 0.000414163 0.0001410913
0.9671026 0.964886 0.9760953 0.9498658 0.873026 0.7713118 0.2463026 0.01929999 0.003904348 0.001152791 0.0003909206
0.8858963 0.7188786 0.4885848 0.3572403 0.1892375 0.05107172 0.01091373 0.003416293 0.001253019 0.0003541755 0.0001100507
0.8799712 0.6439102 0.2770057 0.1094344 0.06235952 0.02140518 0.005945308 0.002636175 0.000942652 0.0002884602 0.0001029877
0.9518254 0.9504237 0.9574133 0.9676057 0.9221424 0.8048358 0.2232484 0.01811643 0.003581445 0.001112260 0.0003607526
0.9107163 0.8193177 0.7046724 0.6046058 0.4036183 0.14532 0.02396198 0.007190779 0.002154651 0.0006889886 0.0002283664
0.8550602 0.662548 0.4626889 0.3068113 0.1155196 0.05021633 0.009941561 0.003734721 0.001116824 0.0004416289 0.0001274177
0.935924 0.865169 0.8098181 0.5969948 0.2779889 0.1270737 0.03306636 0.006317165 0.001749334 0.0006704726 0.0001983969
0.9490528 0.9454047 0.9537017 0.9449628 0.9714445 0.7089235 0.1528919 0.0167734 0.003658586 0.001129848 0.0003624582
0.9053567 0.7394316 0.494949 0.3114225 0.1097506 0.04230059 0.01017739 0.003494317 0.001185782 0.00041222 0.0001028892
0.940091 0.8782943 0.8366218 0.6800093 0.3275662 0.1618358 0.03828184 0.007459558 0.002112638 0.0007861974 0.0002300945
0.948812 0.9193997 0.8422647 0.7217666 0.4090023 0.2175685 0.04875424 0.008780937 0.002323856 0.000846078 0.0002529401
0.927306 0.8425018 0.7485256 0.5862288 0.4154027 0.1036285 0.02193058 0.004724124 0.001365643 0.0004383089 0.0001499870
0.8970291 0.7278815 0.5429515 0.3445149 0.1676762 0.1098561 0.03202704 0.006694151 0.001676961 0.0006313076 0.0001801982
0.9536539 0.9597346 0.9553733 0.9647018 0.918714 0.8377587 0.3234714 0.01750203 0.003507696 0.001126191 0.0003571735
0.9539649 0.9506143 0.9632288 0.9792182 0.9695088 0.7464257 0.1681976 0.01720813 0.00367207 0.001150215 0.0003650923
0.9420437 0.8857453 0.753924 0.4917138 0.2214649 0.08240748 0.02187717 0.004812611 0.001606151 0.0005654962 0.0001644219
0.9497116 0.9606895 0.9748193 0.9704517 0.972976 0.6447151 0.2665343 0.01894282 0.003398220 0.001087395 0.0003502986
0.9493152 0.9220104 0.9203556 0.903066 0.8002462 0.5681792 0.1088055 0.01504689 0.003495778 0.001082932 0.0003493659
0.9370608 0.9102056 0.9564631 0.942461 0.9503125 0.6868558 0.2069397 0.01558462 0.003534977 0.001075264 0.0003365964
0.873318 0.7123708 0.6203183 0.3654219 0.2999599 0.1693232 0.04174897 0.009429495 0.002586967 0.0009242692 0.0002835164
0.924571 0.8310868 0.7927005 0.6194696 0.402359 0.0886673 0.01811186 0.004994249 0.001570664 0.0005155268 0.0001555761
0.8488666 0.5085642 0.2502967 0.09875906 0.03429611 0.01064570 0.003495481 0.001501563 0.0005117793 0.0001649326 4.454281e-05
0.8359134 0.5538789 0.3004464 0.1391419 0.04430663 0.01236448 0.004915338 0.001825747 0.0005246386 0.0002121432 5.730994e-05
0.9372098 0.8396672 0.731192 0.6453707 0.3011036 0.1000403 0.02380834 0.005608569 0.001604365 0.000554359 0.0001715954
0.9359858 0.9018235 0.8876356 0.929176 0.633014 0.4260956 0.06498203 0.01067551 0.002674695 0.000882883 0.0002799915
0.9525738 0.9504342 0.9654653 0.972231 0.904506 0.805945 0.1969592 0.01878111 0.003422184 0.001060133 0.0003419021
0.9016594 0.7716909 0.6522525 0.501208 0.3591240 0.1209743 0.02240945 0.008359544 0.002781914 0.0008867557 0.0002946913
0.9317775 0.8940225 0.8632718 0.8879155 0.480514 0.2713026 0.03966732 0.0081612 0.002207353 0.0006985371 0.0002147801
0.8177481 0.4675683 0.1890992 0.05877613 0.02889884 0.009685183 0.003017566 0.001442321 0.0004576060 0.0001623508 4.451433e-05
0.944702 0.9057765 0.913151 0.78239 0.5188467 0.2614748 0.04033354 0.007980359 0.002213272 0.0007460614 0.0002120581
0.95437 0.9605826 0.9540512 0.9599914 0.8960932 0.8224107 0.2310409 0.01611745 0.003575274 0.001152105 0.0003702153
0.9528114 0.947142 0.9501035 0.8888142 0.7878953 0.595695 0.1443359 0.01522114 0.003379723 0.001035560 0.0003526389
0.841688 0.5519769 0.2565807 0.1284184 0.05719584 0.01462472 0.003912243 0.002124962 0.0006535186 0.0002278085 7.365644e-05
0.9463625 0.90183 0.8345265 0.7477207 0.5154311 0.1170122 0.02960071 0.008591699 0.002220736 0.0007750857 0.0002421641
0.9454826 0.9205929 0.9289571 0.942941 0.8209105 0.2599828 0.08426188 0.01196529 0.003056916 0.0009231569 0.0003028798
0.853532 0.5965527 0.3370515 0.1432158 0.0712089 0.06265457 0.02121008 0.0058927 0.001841644 0.0006182509 0.0001776767
0.9390852 0.874245 0.7814331 0.5102306 0.2293551 0.06840825 0.02024288 0.005301306 0.001676589 0.0005926438 0.0001904485
0.8658475 0.6622893 0.4786557 0.3160014 0.1311868 0.05247108 0.009283591 0.003779645 0.001180982 0.0004369845 0.0001290788
0.9530812 0.9303165 0.9360417 0.945701 0.84139 0.3032115 0.07377608 0.01084253 0.003135683 0.0009511435 0.0003104403
0.8666186 0.6172636 0.3059607 0.1405967 0.07195665 0.02173487 0.006608817 0.002594409 0.0009132651 0.0002619168 9.55884e-05
0.9504988 0.9447145 0.9584777 0.9819593 0.9879635 0.9819302 0.2942225 0.01939508 0.003631673 0.001116223 0.0003525183
0.8652309 0.5937886 0.3082056 0.2147270 0.1442015 0.05055051 0.01472436 0.002644395 0.0008113035 0.0002656511 8.769823e-05
0.9509396 0.9467405 0.9664333 0.9640715 1 0.8221352 0.352096 0.01778044 0.003528454 0.001076442 0.0003513341
0.9523867 0.9304801 0.8777213 0.7279251 0.6154013 0.2368467 0.04568635 0.008699191 0.002250169 0.0007923465 0.0002290582
0.9293792 0.8587495 0.7522355 0.5394845 0.2531756 0.09248896 0.02091523 0.004899324 0.001620035 0.0005642818 0.0001708976
0.8689039 0.5966951 0.2823617 0.1008437 0.02423753 0.009079214 0.003434271 0.001793876 0.0005036914 0.0001607665 5.111349e-05
0.9452232 0.9124424 0.8295542 0.7275367 0.3960314 0.2130004 0.06749055 0.00839684 0.002286487 0.000829166 0.0002463594
0.8927504 0.6862883 0.3377137 0.1121336 0.04682692 0.01911041 0.007778745 0.00231605 0.0006842033 0.0002141743 7.044706e-05
0.949991 0.960132 0.9724572 0.991683 0.986924 0.7685988 0.2162825 0.01793097 0.003578851 0.001178673 0.0003507802
0.936339 0.8751755 0.7590986 0.6041428 0.3020539 0.09115942 0.02131888 0.005085027 0.001658254 0.0005568329 0.0001688166
0.9490602 0.9064897 0.812419 0.658471 0.4033414 0.1168830 0.03028535 0.006683705 0.002054248 0.0006645315 0.0002179642
0.947266 0.9042629 0.8223444 0.6932725 0.3990759 0.1870902 0.04702454 0.007197547 0.002142737 0.0007806509 0.0002383756
