0.9002473 0.6961983 0.3389328 0.1151018 0.05081061 0.01852473 0.00458537 0.00202135 0.00071304 0.0002105923 6.756674e-05
0.9485974 0.9099589 0.8719856 0.6197341 0.5072958 0.2016759 0.03726020 0.009528166 0.002624035 0.000740246 0.0002331019
0.8960038 0.7608542 0.5898959 0.3789975 0.282605 0.1445140 0.02861008 0.00750089 0.002395095 0.0007458968 0.0002185043
0.850053 0.5661199 0.2773652 0.1213071 0.03389202 0.01229221 0.004695481 0.001644390 0.000671922 0.0001875745 6.510154e-05
0.8860087 0.6667231 0.3740784 0.1719697 0.07815411 0.03407509 0.00786914 0.003503744 0.001173183 0.0004021368 0.0001203448
0.8649832 0.5835493 0.2569366 0.08302319 0.03122831 0.01091554 0.003604831 0.0016488 0.0006180152 0.0001719046 5.536741e-05
0.9465284 0.918868 0.8512764 0.77807 0.6866294 0.2260148 0.07173727 0.01187338 0.003373901 0.001089792 0.0003260766
0.9514305 0.9499624 0.9632086 0.9829381 0.8638312 0.691048 0.1602221 0.01394098 0.003282155 0.0009886017 0.0003161700
0.9552601 0.9560651 0.9749295 0.9823778 0.9136641 0.6132771 0.1314803 0.01501349 0.003329282 0.001016903 0.0003199026
0.928181 0.8604365 0.7765363 0.6385718 0.4578429 0.1579113 0.03292444 0.005938265 0.001799521 0.0006112638 0.0001915581
0.9400282 0.8778704 0.7547263 0.610292 0.3775506 0.1180233 0.02147421 0.005840016 0.001726557 0.0005481474 0.0001747552
0.8777226 0.7114536 0.4312136 0.170229 0.09598782 0.1461331 0.03153378 0.008987741 0.003339195 0.000977133 0.0002785242
0.9353505 0.8832977 0.8284042 0.776431 0.3580734 0.1283049 0.03350698 0.007697548 0.001796822 0.0006910049 0.0002124499
0.9354239 0.874344 0.7992044 0.6340126 0.3625808 0.08751213 0.02433337 0.005691654 0.001616151 0.0005547561 0.0001561691
0.9555947 0.9572714 0.9725988 0.9858194 0.9299163 0.8580515 0.2572432 0.01943148 0.003747985 0.001184933 0.0003774973
0.862964 0.5891029 0.2756963 0.1150130 0.04277924 0.01713303 0.00433401 0.001783409 0.0006249864 0.0001855669 5.878351e-05
0.8207879 0.5223604 0.3046796 0.1526669 0.0655959 0.01957042 0.004869379 0.002339856 0.0008135852 0.0002493871 7.24096e-05
0.9180427 0.7744241 0.5498566 0.3537946 0.1968362 0.06705324 0.01381033 0.005172535 0.001816647 0.0006325407 0.0002018201
0.9040852 0.6932398 0.4696920 0.3155776 0.1700266 0.04823708 0.01402236 0.003812045 0.001220567 0.0003934016 0.0001211403
0.8533361 0.5087628 0.2617253 0.1071734 0.04317816 0.01735789 0.004206458 0.00205079 0.0006958682 0.0002290940 6.902346e-05
0.9507083 0.946583 0.9677934 0.98074 1 0.8839333 0.2000813 0.02140079 0.003845096 0.001185408 0.0003889055
0.9491095 0.9442885 0.9672171 0.9827575 0.9340707 0.5674797 0.1395197 0.0130301 0.003329267 0.000994357 0.0003233009
0.959136 0.965395 0.984406 0.971758 0.9517256 0.7602276 0.2547779 0.01987393 0.003850791 0.001241478 0.0003933277
0.9385611 0.8930395 0.8814636 0.9288837 0.9471328 0.6442757 0.0976915 0.01583072 0.003623127 0.001109103 0.0003710088
0.9431044 0.8940847 0.8143221 0.7337537 0.3155519 0.1633732 0.03679976 0.008485834 0.001922247 0.0006944563 0.000216819
0.9517626 0.9467277 0.9737152 0.9686497 0.9940719 0.8820917 0.2277021 0.02064885 0.003736586 0.001167608 0.0003851384
0.9272084 0.8737662 0.8602263 0.8336792 0.4534942 0.1917802 0.02909948 0.007834173 0.002300009 0.0005944716 0.0001805336
0.940577 0.8876169 0.8844199 0.8941056 0.502471 0.1210712 0.02274326 0.006994417 0.001814177 0.00067563 0.0001773341
0.9507686 0.9220291 0.9088765 0.8415371 0.7368236 0.4296237 0.0930844 0.01482034 0.003488742 0.001049175 0.0003675005
0.9622569 0.9689585 0.983766 0.986526 0.9414497 0.7769076 0.3189314 0.0211546 0.004018661 0.001236340 0.0003932155
0.884419 0.6301943 0.2982653 0.125408 0.05436038 0.0229291 0.004638948 0.002342779 0.000721311 0.0002430078 7.422457e-05
0.8080084 0.5079754 0.2677530 0.1166603 0.04384288 0.01619269 0.00430259 0.001743760 0.0007323264 0.0002079716 6.611146e-05
0.9370389 0.9053494 0.9074365 0.8439136 0.7144547 0.289588 0.05271623 0.01042375 0.003550906 0.001074282 0.0003670641
0.9152033 0.757077 0.5941127 0.3851437 0.2305342 0.07157774 0.02427682 0.005505909 0.002019155 0.0005745742 0.0001699077
0.9583978 0.96229 0.9785675 0.9816755 0.9885943 0.8348237 0.2778403 0.01908526 0.003983072 0.001218326 0.0003983767
0.957185 0.9573244 0.9892634 0.9949632 0.9939078 0.9292035 0.4435155 0.01762955 0.003542236 0.001143086 0.0003457236
0.956642 0.9552007 0.9862276 0.9935154 0.9816793 0.8309997 0.3663371 0.01739180 0.003453449 0.001119657 0.0003370716
0.9130496 0.7988726 0.6490957 0.4231519 0.2832882 0.1246105 0.02886989 0.008894408 0.002535610 0.000756375 0.0002131737
0.8774096 0.6337536 0.2927381 0.1504920 0.05580524 0.02883552 0.01792879 0.006927782 0.002312235 0.0008351181 0.0002079468
0.8927964 0.7652452 0.6066829 0.4961923 0.3313187 0.1006726 0.01810201 0.00454518 0.001328243 0.000472265 0.0001436237
0.926465 0.842897 0.7847435 0.712898 0.3078843 0.1183069 0.02354962 0.006591978 0.001680931 0.0005353922 0.0001742495
0.9299564 0.8779894 0.858717 0.8261728 0.5405173 0.2313665 0.03371636 0.006618609 0.001807506 0.0006095919 0.0001712676
0.8486458 0.5445016 0.2390205 0.09629524 0.03589838 0.01127528 0.003022251 0.001656084 0.0005559153 0.0001600512 5.073813e-05
0.8575143 0.6073448 0.3477487 0.1689694 0.07773961 0.03024569 0.006639244 0.003224433 0.001028988 0.0003118710 9.34592e-05
0.9149304 0.7823859 0.663985 0.4873591 0.3221095 0.1210430 0.02665832 0.004852845 0.001479979 0.000442793 0.0001418586
0.9184027 0.855534 0.7740971 0.6619243 0.3408308 0.1102627 0.01940836 0.006192255 0.001676635 0.0005212828 0.0001811448
0.9533413 0.928496 0.9064966 0.8084076 0.6515939 0.258542 0.05319728 0.01092264 0.003370783 0.0009741184 0.0003385757
0.8934816 0.736274 0.5732063 0.3621373 0.2784159 0.1410102 0.03034885 0.007700219 0.002338731 0.0007596601 0.0002294066
0.8448224 0.4968337 0.2981557 0.1436988 0.06537025 0.02786361 0.007133915 0.002288371 0.0008255131 0.0002519414 8.176293e-05
0.9371137 0.8427135 0.7256221 0.4149684 0.2185315 0.06482108 0.01710037 0.00490623 0.001353246 0.000520198 0.0001583176
0.9223994 0.8410372 0.7621612 0.6062724 0.2421821 0.08131266 0.01728248 0.005062291 0.001600907 0.0004999282 0.0001551106
0.953759 0.9364405 0.918803 0.77647 0.5386523 0.2523755 0.05124867 0.009907523 0.002672755 0.0009144034 0.0002619
0.8709616 0.6063246 0.2732689 0.1421596 0.05857732 0.02420488 0.006681416 0.002667218 0.0009263067 0.0002951814 9.649079e-05
0.9533873 0.9337597 0.9186257 0.8183312 0.517431 0.1752590 0.03611229 0.007380961 0.001920630 0.0006585283 0.0001967812
0.9347314 0.8368707 0.7134947 0.4554092 0.2217711 0.07153262 0.01766477 0.005718606 0.001678560 0.000588892 0.0001892310
0.9255613 0.8496265 0.7896498 0.7304572 0.7589231 0.4331731 0.07306312 0.01147512 0.003100458 0.001010000 0.0002943277
0.9142604 0.7378635 0.5272447 0.3865167 0.3717931 0.08144683 0.01527717 0.004638327 0.001561678 0.0004824498 0.0001391003
0.9512744 0.9282814 0.9122504 0.8686658 0.5785927 0.209113 0.06340056 0.009120086 0.002671852 0.0008069264 0.0002643053
0.8717426 0.7100853 0.5375205 0.4555119 0.2799719 0.08640787 0.01419923 0.005305078 0.001415529 0.0004219284 0.0001539496
0.9248328 0.8357926 0.6363531 0.3475131 0.1925180 0.07113719 0.01630385 0.006129423 0.001836806 0.0006226518 0.0002128836
0.8673966 0.5970283 0.3034038 0.1332442 0.04978657 0.01441139 0.004383969 0.001750967 0.0006980605 0.0002199458 7.047352e-05
0.885563 0.63505 0.257504 0.0822092 0.02903791 0.01165357 0.004155507 0.001595148 0.0005641436 0.0001773782 4.960721e-05
0.8218645 0.4839938 0.2667458 0.1258254 0.0613378 0.03170240 0.007166977 0.002358780 0.0007886506 0.0002499462 8.297273e-05
0.8420426 0.5475453 0.2852063 0.1368539 0.05946379 0.02355109 0.005512297 0.002548326 0.000897989 0.0002412857 7.0402e-05
0.9189384 0.8297586 0.7034148 0.5012613 0.3409447 0.1368530 0.02341218 0.005203542 0.001767075 0.0005274062 0.000192109
0.8599341 0.6005796 0.4071564 0.2724813 0.1554152 0.03541311 0.01155936 0.003287363 0.001041442 0.0003053764 9.502272e-05
0.931206 0.8755715 0.82547 0.675262 0.4212656 0.1180711 0.03495584 0.007696145 0.002140304 0.0007207132 0.0002269033
0.8977482 0.7078448 0.3410576 0.1308564 0.04435941 0.04299004 0.02660079 0.008441914 0.002274383 0.0008129071 0.0002106322
0.8495854 0.5333061 0.2939068 0.1437185 0.07382222 0.03414075 0.008232145 0.002544052 0.0008210115 0.0002399701 8.087148e-05
0.9060099 0.79544 0.6767426 0.5742574 0.4578355 0.1752690 0.02879555 0.005677054 0.001589548 0.0005344446 0.0001700157
0.8381295 0.535513 0.2449503 0.101543 0.03945413 0.01327845 0.004132436 0.001930129 0.0006495157 0.0002049641 7.211515e-05
0.833543 0.5424339 0.3360183 0.1558162 0.06451219 0.02513305 0.005921533 0.002947156 0.001021602 0.0002959281 9.163934e-05
0.9202338 0.8355934 0.6972893 0.6026759 0.3052853 0.1012099 0.02214136 0.005416762 0.001404368 0.0004837106 0.0001434132
0.9499768 0.9341534 0.9911837 0.9694656 1 0.6391875 0.2676192 0.02058756 0.003886655 0.00128884 0.0004053957
0.9556015 0.9413383 0.949078 0.9026563 0.5195581 0.3765432 0.1209747 0.01226672 0.00314302 0.0009734715 0.0002966558
0.9290691 0.8418617 0.8198243 0.7651696 0.4658242 0.1230402 0.02835627 0.006075784 0.001888345 0.000568635 0.0001767357
0.9510173 0.945549 0.9761739 0.980938 1 0.8529882 0.2338639 0.02098751 0.003889438 0.001210502 0.0003900431
0.8447701 0.4931553 0.2230762 0.1202777 0.05451352 0.02352365 0.007193481 0.002307427 0.0007996526 0.0002429687 8.1542e-05
0.9490702 0.9249603 0.9746326 0.8685458 0.8609413 0.5021147 0.203933 0.02082596 0.003857999 0.001293485 0.000408595
0.9581604 0.9631956 0.9834044 0.9901497 0.9884767 0.829653 0.3105623 0.01947072 0.003735997 0.001182324 0.00038043
0.9078097 0.7556886 0.5952342 0.4460252 0.3599529 0.1089960 0.01805591 0.00546473 0.001592478 0.0005305433 0.0001655144
0.9040036 0.766303 0.682859 0.554268 0.3549357 0.08945074 0.01839288 0.005366251 0.00156497 0.0005444906 0.0001411367
0.9581406 0.9516803 0.9529607 0.8895193 0.869212 0.5585576 0.1379641 0.01726833 0.003676064 0.001132316 0.0003878236
0.8834541 0.6342662 0.2520524 0.08785742 0.03367089 0.01168734 0.00425585 0.001562287 0.0005494087 0.0001761759 5.595685e-05
0.8881921 0.727912 0.5313982 0.2858055 0.1834829 0.06140823 0.02178815 0.006282744 0.002051865 0.0006530135 0.0002089293
0.950689 0.9302636 0.9035237 0.9645438 0.7053323 0.4567516 0.173732 0.01302673 0.003350419 0.001061966 0.0003285993
0.9575447 0.9601386 0.989423 0.9918658 0.993964 0.9637754 0.4246772 0.01915635 0.003693393 0.001151323 0.0003666812
0.8591924 0.59509 0.3277115 0.1322418 0.06127774 0.02418039 0.005737257 0.002437434 0.0007560372 0.0002498069 7.874278e-05
0.9006625 0.7474457 0.6543686 0.4887892 0.3829861 0.1365197 0.02791473 0.004674712 0.001582861 0.000496174 0.0001524922
0.9537969 0.9578902 0.975787 0.9887394 1 0.9474688 0.4381615 0.02030866 0.003858875 0.001231546 0.0003789697
0.876673 0.7 0.5490396 0.4705882 0.2409458 0.08322055 0.01557001 0.005376607 0.001424367 0.0004739677 0.0001471712
0.9045633 0.7680198 0.5877899 0.3168913 0.1435465 0.04507103 0.01073187 0.00477351 0.001696220 0.0005231078 0.0001772423
0.9234682 0.7750527 0.5433434 0.346977 0.2124031 0.07475363 0.02100505 0.005204232 0.001605188 0.0005845971 0.0001638782
0.8511571 0.6695963 0.5386764 0.3563302 0.2478739 0.08415803 0.02520982 0.007241841 0.002182102 0.0006392812 0.0001806997
0.9230077 0.8160403 0.6308215 0.4092716 0.1816420 0.04860027 0.01195242 0.004355841 0.001384274 0.0004498789 0.0001561048
0.908671 0.7528803 0.5081895 0.2538717 0.1038475 0.04071328 0.009335816 0.003541442 0.001225774 0.0003738521 0.0001214783
0.9533847 0.9549478 0.977478 0.9934584 0.9745174 0.9235708 0.3371583 0.01544241 0.003397552 0.001051678 0.0003382064
0.9106068 0.7723377 0.6388694 0.4702453 0.2818737 0.06507658 0.01850867 0.004396751 0.001458982 0.0004341576 0.0001495947
0.9140792 0.7840476 0.6743211 0.4025273 0.2336333 0.0809542 0.01585643 0.00472125 0.001551779 0.0004648114 0.0001659123
0.9497152 0.9404789 0.8994596 0.9124883 0.8210329 0.3503536 0.1242947 0.01399748 0.003573544 0.001110048 0.000329571
0.8926846 0.7340883 0.515113 0.2977178 0.1589010 0.05221226 0.009678176 0.003711384 0.001167380 0.0003879057 0.0001315580
0.8795623 0.6342996 0.2859025 0.1252928 0.05657511 0.02313693 0.006670371 0.002716004 0.000873563 0.0002596603 8.753889e-05
0.9578193 0.9585577 0.972501 0.9388907 0.9804442 0.7178979 0.2444462 0.02067520 0.003662367 0.001143705 0.0003779283
0.8983924 0.7517124 0.64262 0.4887011 0.3419517 0.08439809 0.02004624 0.005722952 0.001749868 0.0006118498 0.0001571145
0.8517995 0.5872193 0.2807918 0.1187269 0.04556557 0.01528434 0.003858192 0.001717407 0.0006053512 0.0001636183 6.169067e-05
0.954283 0.9343206 0.9209613 0.7562128 0.3504138 0.1422602 0.02842942 0.00706628 0.002215291 0.0006421834 0.0002024257
0.9497048 0.9433044 0.9561784 0.9690178 0.9394091 0.7428355 0.1624877 0.01406415 0.003373324 0.001073151 0.0003371835
0.9191275 0.811973 0.6262585 0.3306927 0.1186947 0.04540832 0.009925114 0.004076369 0.001506922 0.0004576083 0.0001446516
0.9411945 0.8966438 0.8474714 0.7619367 0.4037835 0.1242825 0.03126135 0.00698419 0.002423502 0.0006482336 0.0002019457
0.9476579 0.9194316 0.8832973 0.8400514 0.4486709 0.2392646 0.05160037 0.008763454 0.002080431 0.000736985 0.0002358454
0.9257657 0.8254254 0.6883746 0.501465 0.323081 0.08073969 0.02253645 0.006107139 0.002214733 0.0007135151 0.0002094396
0.9028785 0.7463883 0.5930634 0.4012392 0.2530236 0.1310911 0.03838193 0.007438666 0.002385326 0.0008219608 0.0002711112
0.9611503 0.9667396 0.9812464 0.9850472 0.9831988 0.8789587 0.4716267 0.02285737 0.004081142 0.001248505 0.000407053
0.9566657 0.9559353 0.9796961 0.9747397 0.9722777 0.8119511 0.3616927 0.0180146 0.003804064 0.001224346 0.0003833891
0.9447056 0.9239646 0.8563279 0.7425297 0.4887562 0.134516 0.03017928 0.008064436 0.002139642 0.0006337932 0.0002238727
0.957709 0.9640508 0.975877 0.9657131 0.9866584 0.882881 0.3357115 0.01999246 0.003418201 0.001082005 0.0003651047
0.9492255 0.9165525 0.9402236 0.8539788 0.8870097 0.5067614 0.1947931 0.02114454 0.003675789 0.001271820 0.0003924618
0.9333568 0.8899017 0.884746 0.9509153 0.941601 0.643879 0.1881145 0.01765100 0.003663616 0.001168521 0.0003730491
0.8607828 0.6799301 0.5642778 0.321877 0.2030872 0.09659239 0.02194401 0.007925324 0.002235191 0.0007414866 0.0002313439
0.9350873 0.869518 0.787319 0.6221588 0.4953642 0.1122139 0.02637724 0.006185281 0.002387623 0.000715032 0.0002210213
0.8477017 0.5156017 0.1976672 0.06997455 0.02314853 0.006750146 0.002777864 0.001064164 0.0003510782 0.0001194084 3.570046e-05
0.8319617 0.5330975 0.2489127 0.1107662 0.04807193 0.02076950 0.005499084 0.001745668 0.0006319991 0.0002006818 6.1585e-05
0.9339414 0.8216264 0.622415 0.4703853 0.2682406 0.09611524 0.02766943 0.005482397 0.001826422 0.0006054482 0.0001861801
0.9356441 0.9010835 0.8833344 0.7076014 0.5813291 0.1757807 0.02833456 0.007154494 0.002070746 0.0006225468 0.0001962733
0.9586672 0.9575266 0.9548196 0.8998965 0.862895 0.5126808 0.1493549 0.01577626 0.003320284 0.001049153 0.0003340549
0.9034172 0.8251012 0.761387 0.5900244 0.3595542 0.1993139 0.03949362 0.008244325 0.003333751 0.000982073 0.0002914189
0.9357729 0.8772941 0.7945817 0.5970588 0.4775384 0.1398871 0.05053302 0.00729701 0.002346003 0.000740959 0.0002097229
0.798192 0.4567886 0.1926224 0.07779571 0.0319069 0.01185461 0.003140093 0.001299154 0.0004673091 0.0001502741 4.737576e-05
0.946017 0.9024466 0.860485 0.6008206 0.4996733 0.2068636 0.03061438 0.007258123 0.002214425 0.0006489505 0.0002159772
0.9596481 0.969533 0.9891866 0.9878363 0.9930354 0.7612025 0.2844588 0.02156392 0.003798016 0.001178658 0.0003888229
0.9589661 0.955074 0.9637204 0.8858295 0.7749222 0.5650535 0.1149633 0.01701972 0.003680139 0.001137840 0.0003876259
0.8550218 0.5783597 0.2745878 0.1140279 0.04199884 0.01429652 0.003520581 0.001778467 0.0006728744 0.0001871426 6.928256e-05
0.9437167 0.889678 0.8935172 0.799359 0.3899245 0.1231106 0.02647927 0.00797978 0.001991989 0.0007197251 0.0001924051
0.94431 0.9256132 0.9236778 0.9466848 0.8407742 0.3463625 0.0876774 0.01281052 0.003329359 0.001072240 0.000320815
0.8460632 0.5776276 0.2822423 0.1390009 0.06204982 0.08165264 0.02581801 0.00579178 0.001900508 0.0006764153 0.0001954926
0.9462955 0.8891841 0.7888418 0.5738423 0.2708761 0.096 0.03181466 0.006905861 0.001983634 0.0006270391 0.0001917116
0.8027655 0.4981674 0.2925214 0.1477783 0.06336416 0.01962409 0.004329879 0.002066201 0.000694028 0.0002141494 6.472152e-05
0.9508374 0.9363525 0.9337412 0.9593115 0.8852459 0.3446828 0.07909533 0.01116928 0.003128154 0.001027500 0.0003083135
0.9121049 0.7686739 0.4676142 0.2029496 0.09167255 0.04451603 0.01043705 0.004232908 0.001369075 0.0004183164 0.0001342716
0.9467126 0.9438832 0.9700303 0.9799222 0.9698665 0.8582677 0.2731376 0.01439306 0.003422331 0.001055178 0.0003334973
0.8996152 0.7358787 0.4973497 0.3001637 0.1819703 0.07435507 0.01935423 0.004116006 0.001379403 0.0004042336 0.0001477009
0.948908 0.9344425 0.965604 0.970115 0.9821157 0.8382474 0.348291 0.02022160 0.0037586 0.001167720 0.0003719133
0.9468867 0.912499 0.8793516 0.859388 0.4847078 0.1859049 0.03564849 0.007672483 0.002110929 0.0007365061 0.0002048417
0.9415012 0.8877692 0.8347683 0.6770891 0.4767743 0.2229066 0.0407865 0.007072562 0.002156418 0.0006433026 0.0002194400
0.8947432 0.6471128 0.3457202 0.1290698 0.04091705 0.01483675 0.005319799 0.002446574 0.0008142842 0.0002714862 7.858019e-05
0.9546588 0.9439093 0.8934664 0.7000844 0.3815648 0.5764831 0.2029665 0.0174323 0.003894463 0.001173647 0.0003770106
0.9076685 0.7658829 0.488773 0.2050915 0.08146727 0.04095178 0.01446387 0.003682643 0.001357494 0.0004081231 0.0001398900
0.9573528 0.9571867 0.9873257 0.9842244 0.9820124 0.7670578 0.1480292 0.01529932 0.003569570 0.001114014 0.0003465934
0.9378248 0.8787852 0.7755718 0.6150469 0.3610962 0.1291179 0.02072291 0.00627667 0.001679506 0.0005246342 0.0001862905
0.9571576 0.9508166 0.948963 0.8733126 0.5203706 0.2867811 0.06358585 0.009902926 0.002726014 0.0008416034 0.0002597012
0.951116 0.9182213 0.8502621 0.6449503 0.3907687 0.5106924 0.1413292 0.01646995 0.003827279 0.001126171 0.0003815265
