0.8922335 0.6357102 0.2725864 0.09896371 0.04566764 0.01771039 0.003627688 0.001532633 0.0005862209 0.0001655501 5.595457e-05
0.949903 0.9236428 0.8679356 0.7186465 0.3946308 0.25542 0.06182036 0.01008083 0.002628152 0.0008264132 0.0002607450
0.9175678 0.8111975 0.6375316 0.4832179 0.3139812 0.1671336 0.03405036 0.009975165 0.002785758 0.0008639786 0.0002694973
0.8459766 0.5666178 0.2999849 0.1288410 0.03967645 0.01254367 0.005144044 0.001954746 0.0006035081 0.0001893877 5.456079e-05
0.89824 0.6622851 0.3530389 0.1652319 0.0808074 0.0404134 0.008002701 0.003501692 0.001197883 0.0003582181 0.0001102489
0.8900841 0.6661249 0.2838797 0.1040520 0.03761288 0.01344871 0.006120788 0.002055659 0.0008025673 0.0002767579 7.929927e-05
0.9474905 0.9114325 0.869959 0.8171674 0.5680562 0.3044857 0.075529 0.01164856 0.00314579 0.0009928865 0.0003314448
0.9523446 0.9574468 0.9802534 0.9846124 0.8335145 0.5202457 0.1433230 0.01473383 0.003282978 0.001022832 0.0003199099
0.9599921 0.9463567 0.9689432 0.9733988 0.994878 0.7276448 0.2422498 0.01961975 0.003745096 0.001110884 0.0003779619
0.9360326 0.9090952 0.8974485 0.8704566 0.7825258 0.4001849 0.04830944 0.007452205 0.002135608 0.0006415957 0.0002281632
0.9484953 0.9253907 0.802191 0.5814414 0.3132909 0.1202230 0.02308509 0.005914984 0.002149772 0.0006264084 0.000202951
0.9035454 0.7582446 0.5761599 0.2693327 0.1802281 0.0876554 0.01557421 0.006036815 0.002058402 0.0006735767 0.0002244365
0.9417461 0.904498 0.8910061 0.6875064 0.3286451 0.1146773 0.02826228 0.006104592 0.001841438 0.0006251106 0.0002031311
0.9451613 0.9009447 0.8807588 0.655184 0.4170995 0.1932526 0.04656966 0.008939406 0.002383894 0.0007459335 0.0002507947
0.953439 0.9517957 0.9795 0.9935446 0.8580324 0.7807507 0.2514275 0.01785441 0.003606988 0.001218458 0.0003943307
0.8650167 0.5873617 0.2574291 0.1235682 0.05732344 0.02421904 0.005151248 0.002280051 0.000788854 0.0002383180 8.580734e-05
0.8437412 0.5845521 0.3891209 0.1968780 0.06873287 0.01815818 0.00578168 0.00253416 0.0008124656 0.0002672345 7.49187e-05
0.904539 0.7414821 0.600746 0.3855958 0.1726632 0.05569176 0.01345716 0.003897233 0.001444027 0.000437849 0.0001413744
0.866349 0.6083368 0.3909052 0.2006265 0.1124248 0.03532728 0.01061209 0.003762867 0.001023445 0.0003339038 0.0001015059
0.8281688 0.5020998 0.2593589 0.1234523 0.05328637 0.01612698 0.004598955 0.001619172 0.0005343738 0.0001752041 5.329084e-05
0.9529521 0.9588457 0.9876625 0.985259 0.9648766 0.7863131 0.2618174 0.01601486 0.003413965 0.001106039 0.0003337526
0.9480567 0.9446184 0.968103 0.9863588 0.843258 0.7160335 0.1263498 0.01429641 0.003289123 0.0009977516 0.0002992384
0.9530198 0.9533336 0.9720425 0.9733198 0.8799135 0.7098448 0.2065849 0.01685028 0.0036018 0.001203003 0.0003912154
0.932586 0.9040799 0.9340214 0.9491751 0.9634949 0.5775286 0.1414800 0.01752707 0.003276392 0.001087346 0.000310801
0.9447301 0.8961618 0.7579252 0.5986951 0.3795749 0.1410691 0.03760182 0.007834452 0.00245065 0.0007712905 0.0002306487
0.951843 0.9582575 0.9748515 0.9800269 0.9943133 0.7784966 0.2547357 0.01689946 0.003749756 0.001150269 0.000347096
0.915131 0.7824005 0.7078551 0.46877 0.2264407 0.05868989 0.02003763 0.005093534 0.001721652 0.0005879723 0.0001766445
0.9425336 0.912493 0.9227628 0.8189932 0.4133846 0.1396760 0.02869855 0.007862258 0.002165732 0.0006884273 0.0002022925
0.9469954 0.940496 0.9340145 0.9092351 0.6089798 0.3667600 0.07938435 0.01293426 0.003182488 0.000980429 0.0002830661
0.9490133 0.9559608 0.9875612 1 0.993565 0.8356839 0.3317494 0.01905343 0.003775608 0.001150769 0.0003695482
0.8741537 0.618371 0.2933934 0.1012523 0.040189 0.01567908 0.004200995 0.001985733 0.000689653 0.0002237151 6.56533e-05
0.8496691 0.6457871 0.4385225 0.2006989 0.08165975 0.03267886 0.006623597 0.002879112 0.001034084 0.0002633102 0.0001022271
0.9397063 0.9154432 0.902516 0.9342105 0.7728696 0.3061611 0.07618411 0.01077195 0.003585371 0.001178487 0.0003593045
0.8919334 0.7157292 0.6572114 0.4722052 0.2509476 0.06437027 0.01386061 0.004642073 0.001440243 0.0003867562 0.0001301392
0.9520558 0.9457847 0.9615919 0.9695604 0.9711654 0.712526 0.1788610 0.01784661 0.003421949 0.001131462 0.0003476207
0.9503645 0.9544536 0.9734392 0.9637277 0.9767117 0.9290145 0.4584097 0.01901993 0.003846554 0.001179060 0.0003606173
0.9547009 0.9590947 0.988516 0.998576 0.9772233 0.8475304 0.3028942 0.01610537 0.003507372 0.001102658 0.0003373908
0.8661512 0.7072028 0.5505042 0.3554072 0.1540832 0.0575462 0.01778085 0.005889981 0.001662310 0.0005221619 0.0001470374
0.7944705 0.4665 0.2450376 0.1278073 0.06815683 0.01623505 0.004609339 0.001612628 0.0006231038 0.0002030281 5.435281e-05
0.9048585 0.752495 0.6125276 0.474904 0.3436947 0.1120176 0.01829673 0.005158169 0.001397279 0.0004761713 0.0001327954
0.9174971 0.8387349 0.7608574 0.5650743 0.231414 0.09506036 0.01892047 0.00669679 0.001815068 0.0006429885 0.0001913491
0.9310682 0.8830226 0.8737701 0.682294 0.3687303 0.2081996 0.04511714 0.007531978 0.002251111 0.0006843781 0.0002074866
0.8222243 0.4741983 0.1891969 0.08182775 0.03527407 0.01352456 0.002837282 0.001400165 0.0005092169 0.0001470473 5.082467e-05
0.898244 0.6837485 0.3759115 0.2065262 0.1021848 0.03631936 0.007391409 0.00355415 0.001004570 0.0003227395 9.058132e-05
0.9038776 0.7864496 0.6257853 0.5247509 0.3486708 0.08966528 0.02113392 0.004244528 0.001338929 0.0004405101 0.000142699
0.921443 0.8600164 0.814372 0.6783566 0.3346066 0.1180852 0.02222465 0.007668306 0.001897894 0.000689755 0.0002225381
0.9573697 0.9537192 0.927857 0.9078547 0.5760835 0.2159258 0.05575769 0.01108321 0.003087249 0.000969395 0.0003205391
0.8718035 0.724587 0.5341105 0.3245996 0.1654078 0.06862797 0.01913550 0.006606614 0.001736449 0.0005715148 0.0001725420
0.8189037 0.486623 0.2505736 0.1254278 0.08308872 0.03505299 0.006747773 0.002159708 0.0007495731 0.0002370372 7.978543e-05
0.9303286 0.8614873 0.7738697 0.6664686 0.3767265 0.1799867 0.02603422 0.006504414 0.001778476 0.0006516397 0.0001779871
0.9286373 0.8441958 0.798107 0.5589895 0.2428228 0.07594714 0.01816085 0.005132833 0.001531863 0.0004150615 0.0001373937
0.944344 0.8774275 0.8008188 0.5265197 0.1718779 0.06992871 0.02177863 0.005516843 0.001922170 0.0006243976 0.0001833850
0.8876404 0.6775609 0.4447904 0.218248 0.1052890 0.0486556 0.009435219 0.004185987 0.001653508 0.0005258337 0.0001897401
0.947374 0.9159437 0.877822 0.5702534 0.2630448 0.07687829 0.01715923 0.005259592 0.001522474 0.0005197059 0.0001531844
0.9342221 0.8913587 0.8380186 0.728818 0.4161238 0.1832088 0.03003067 0.007017918 0.002076307 0.0006869418 0.0002161006
0.9203802 0.8258052 0.7653312 0.7122137 0.6015557 0.2779368 0.06516238 0.01166060 0.003152173 0.001030866 0.0003120608
0.8918292 0.7103444 0.5148642 0.3730133 0.2301629 0.06517742 0.01339187 0.004387859 0.001257080 0.0004188338 0.0001285416
0.9500895 0.925675 0.8701422 0.5960575 0.3047277 0.2099229 0.04238224 0.00843259 0.002278930 0.0007211478 0.0002188895
0.8819556 0.7501752 0.6847419 0.5313932 0.357217 0.1112773 0.01672761 0.005360049 0.001663109 0.0004980446 0.0001748109
0.9009726 0.7085592 0.344462 0.1302967 0.05747875 0.02432161 0.007565567 0.003331553 0.001208623 0.0003813558 0.0001144408
0.835649 0.5209633 0.2645201 0.1034697 0.03790527 0.01334938 0.003769118 0.001816426 0.0005982755 0.0002224910 5.994123e-05
0.8784179 0.6174487 0.244556 0.08235003 0.03425585 0.01311146 0.004978891 0.002048743 0.0006107136 0.0002334822 7.479313e-05
0.8142996 0.4703369 0.1995524 0.09018112 0.0494096 0.02483235 0.005399094 0.001399113 0.0005197823 0.0001493232 5.29544e-05
0.830352 0.5136868 0.2687248 0.1007399 0.03658402 0.01376398 0.003938016 0.001963987 0.0006323482 0.0002299313 6.643655e-05
0.9166107 0.8299718 0.8185468 0.653473 0.4036000 0.1859704 0.03320352 0.006605294 0.002159245 0.0006477281 0.0002088333
0.8799657 0.7267729 0.6454736 0.4766944 0.2386303 0.0842466 0.01972349 0.004711102 0.0013839 0.0004934977 0.0001314344
0.9247465 0.8574302 0.8180796 0.5670098 0.3867026 0.1740936 0.05184975 0.01044788 0.002743941 0.0008366162 0.0002566019
0.9226754 0.8375148 0.6227211 0.3206208 0.1050303 0.08369028 0.04223662 0.01044396 0.00267425 0.0007982755 0.0002788728
0.812511 0.4963661 0.2928554 0.1507872 0.06848753 0.024837 0.006198777 0.002510318 0.0007503288 0.0002523680 7.347375e-05
0.9048585 0.7519264 0.6076297 0.4522482 0.3408547 0.1085614 0.01775218 0.005098347 0.001397279 0.0004761713 0.0001327954
0.8518604 0.564923 0.303153 0.1600918 0.08475537 0.02322603 0.005464602 0.002518053 0.0007688648 0.0002458311 6.799422e-05
0.8491538 0.5449987 0.3258784 0.1416919 0.0489971 0.02129239 0.006882042 0.00265169 0.0007304619 0.0002295808 7.310429e-05
0.9208795 0.8301471 0.7178218 0.5335148 0.2819065 0.08093325 0.01726648 0.00509539 0.001493493 0.0004900262 0.0001487677
0.959407 0.9651656 0.965327 0.9960282 0.9036817 0.8700374 0.2560098 0.01929123 0.003833970 0.001255438 0.0003879959
0.952241 0.9147026 0.8618006 0.5878682 0.2883225 0.2373736 0.05829126 0.009538342 0.002505128 0.000794505 0.0002461286
0.9284317 0.8418246 0.7362058 0.5238067 0.2453360 0.1068534 0.02459007 0.006342071 0.001766239 0.0005670126 0.0001733919
0.9524919 0.9604286 0.97547 0.9809726 1 0.6805142 0.2617949 0.01735275 0.003898025 0.001145499 0.0003715798
0.878564 0.599867 0.3461557 0.1917502 0.09379166 0.02754375 0.006379733 0.003257014 0.0008635596 0.0002944385 8.272912e-05
0.9515471 0.943758 0.959767 0.953724 0.8563111 0.737599 0.2467422 0.01831142 0.003597137 0.001185523 0.000379414
0.9553183 0.9612147 0.9819157 0.9959056 0.9939065 0.7507959 0.2614722 0.01823500 0.003784803 0.001251955 0.000397859
0.9068757 0.7882573 0.6189893 0.4054605 0.2701442 0.08808596 0.01365066 0.004961131 0.001559584 0.000510638 0.0001447241
0.8904821 0.7597796 0.6217668 0.5429714 0.3364223 0.1069305 0.01922402 0.005588881 0.001695706 0.0005453381 0.0001614573
0.9504657 0.9590343 0.9674738 0.9366796 0.7920522 0.5689549 0.1349448 0.01477428 0.003491867 0.001069195 0.0003306934
0.8163175 0.4736528 0.1712657 0.05312945 0.02273568 0.006939989 0.002959388 0.001123740 0.0003639264 0.0001149215 3.2012e-05
0.9169948 0.8030735 0.693133 0.4724319 0.3421296 0.1468298 0.03333025 0.009999095 0.002661214 0.0008631298 0.000236653
0.9565501 0.9434222 0.9492392 0.8708194 0.5661744 0.356566 0.1509873 0.01434683 0.003604034 0.001079147 0.0003530286
0.9514686 0.9600612 0.9775352 0.9805968 1 0.9472533 0.5051474 0.01979783 0.003903739 0.001209032 0.000364824
0.8335256 0.5449075 0.2694224 0.1146314 0.05120491 0.02217519 0.004001633 0.002151020 0.0006860508 0.0002011024 7.447854e-05
0.8976433 0.7491809 0.5398815 0.444912 0.2800574 0.1188423 0.02330546 0.004727581 0.001428287 0.0005037366 0.0001427231
0.9513097 0.958999 0.9898355 0.9912798 0.9278668 0.8902086 0.3971288 0.01694443 0.003553135 0.001096432 0.0003420095
0.889426 0.7168679 0.5779691 0.4623021 0.2653677 0.08950198 0.01514821 0.005304413 0.001695853 0.0005169753 0.0001788107
0.8958415 0.6972795 0.5084167 0.1989083 0.08840348 0.05523093 0.01068163 0.004530575 0.001547512 0.0004097630 0.0001576039
0.9157747 0.7775901 0.6549885 0.4186148 0.2404268 0.09026183 0.01995024 0.005535378 0.001511632 0.0005372252 0.0001468718
0.8753365 0.6979622 0.5874193 0.3828548 0.2224253 0.1060979 0.03172226 0.006877029 0.002184085 0.000685797 0.0002426737
0.9236382 0.8350749 0.7664234 0.5516377 0.3140541 0.07552609 0.01475818 0.005422736 0.001492248 0.0004378936 0.0001453740
0.9093708 0.7442488 0.5254115 0.2875399 0.1138027 0.03842593 0.009799116 0.004096064 0.001356213 0.0003748088 0.0001264652
0.9641145 0.9620354 0.9889932 0.9964524 0.9939127 0.949978 0.3406743 0.02151814 0.003649387 0.001160670 0.0003636574
0.898574 0.8017247 0.5668456 0.4170854 0.2025841 0.07171611 0.01204251 0.004148042 0.001604164 0.0004436105 0.0001321633
0.9166382 0.8171379 0.6537705 0.3804963 0.1711789 0.06028511 0.01673122 0.004960673 0.001529377 0.0005105489 0.0001439467
0.9553393 0.9223281 0.9004475 0.7659352 0.4540065 0.2080601 0.093934 0.01528008 0.003119362 0.001038131 0.0003295369
0.9156925 0.8210018 0.6981879 0.4828263 0.3222895 0.07384965 0.01449596 0.004981908 0.001616675 0.0005152032 0.0001584468
0.8590221 0.6190073 0.3133997 0.1375196 0.06556429 0.02191726 0.005478607 0.003085194 0.0008382285 0.0002862423 8.821674e-05
0.961278 0.9549708 0.976012 0.9917188 0.9661333 0.9127196 0.3176993 0.02170343 0.003918693 0.001206543 0.0003835525
0.8911903 0.765613 0.6292988 0.5198466 0.2867948 0.08823028 0.01850008 0.005606584 0.001858736 0.0005694998 0.0001792359
0.8217422 0.4897113 0.2959871 0.1246962 0.04641581 0.01801036 0.003320076 0.001569553 0.000551278 0.0001600149 5.018151e-05
0.9463946 0.9129456 0.8967038 0.7598577 0.3441482 0.2087745 0.03628206 0.007893469 0.002110993 0.0007116936 0.0002177469
0.9586396 0.9483817 0.965058 0.9599955 0.9374345 0.7891205 0.334497 0.02040251 0.004031854 0.001248311 0.0004059595
0.8963967 0.7228134 0.4844979 0.2486012 0.08470837 0.02646995 0.008233354 0.003022532 0.001062255 0.0003756022 0.0001079363
0.9500266 0.8902037 0.8444516 0.815875 0.3972338 0.1290659 0.03789028 0.01001408 0.002421779 0.0007604538 0.0002400440
0.9559565 0.94794 0.8365916 0.6699084 0.4860487 0.4857116 0.2355152 0.01725305 0.003848725 0.001240251 0.0003905225
0.9044131 0.8085352 0.7183843 0.4998278 0.2581493 0.08578412 0.02307557 0.006497823 0.001839269 0.000645367 0.0001804321
0.9007314 0.7421626 0.5793439 0.3508254 0.2103224 0.1160708 0.03361184 0.006993453 0.002026209 0.0005801074 0.0001820354
0.9512858 0.9452293 0.9691992 0.9622892 0.948217 0.6580028 0.3012807 0.01827499 0.00350684 0.001146094 0.0003489547
0.9601166 0.9590024 0.9815393 0.9959342 0.9820892 0.8534913 0.2790852 0.01813886 0.003526621 0.001133850 0.0003594471
0.9533398 0.9148301 0.8943415 0.7770924 0.4355701 0.1318069 0.02432279 0.006762063 0.002009311 0.0006372296 0.0001887293
0.9599484 0.9597117 0.9722727 0.9884815 0.9550358 0.8512011 0.3496855 0.01965820 0.003558123 0.001165073 0.0003542631
0.9480177 0.9280234 0.9131018 0.8599395 0.7302807 0.5412517 0.1608527 0.01695624 0.003135270 0.0009825474 0.0003312193
0.9321496 0.896582 0.9532838 0.9905137 0.9372264 0.7607767 0.1986644 0.01481906 0.003713958 0.001133533 0.0003643891
0.853053 0.6998382 0.5522571 0.3656806 0.1782982 0.07427514 0.02355229 0.007038809 0.001928316 0.000610426 0.0001943817
0.9211929 0.8417804 0.6779217 0.4912416 0.2618146 0.0860744 0.01695992 0.004812979 0.001684618 0.000480839 0.0001524571
0.850175 0.5100597 0.2214577 0.0927758 0.03404239 0.01027835 0.003748349 0.001461927 0.000479557 0.0001462238 4.614199e-05
0.8350017 0.5359068 0.2969319 0.1475195 0.06463705 0.02292753 0.007972784 0.002377964 0.000836445 0.0002544881 8.866151e-05
0.933772 0.8572002 0.7703989 0.6018335 0.2553169 0.1028551 0.02114353 0.005652345 0.001554270 0.0005976224 0.0001799866
0.9358803 0.8989837 0.8738363 0.7285486 0.4401761 0.2231714 0.04988243 0.008617534 0.002503204 0.0007279677 0.0002222466
0.9536851 0.952681 0.9583851 0.9160124 0.8198473 0.5900171 0.2464504 0.01794015 0.003271922 0.001006891 0.0003439589
0.867268 0.7052358 0.5559636 0.3414375 0.1700092 0.05080124 0.01784668 0.00646591 0.001970316 0.0005920355 0.0001859682
0.9388391 0.8964354 0.9293081 0.8140023 0.6282952 0.5439983 0.07940552 0.009277173 0.002582767 0.0008449702 0.0002527435
0.8111037 0.4749337 0.2086103 0.08960516 0.0348012 0.01354138 0.003325232 0.001816141 0.0005984484 0.0001902556 5.65999e-05
0.9500918 0.9138521 0.8967342 0.7061777 0.426516 0.2408571 0.03874663 0.007804752 0.002284896 0.0007451947 0.0002081523
0.9593448 0.9648241 0.9710164 0.9951707 0.88135 0.8648804 0.3113263 0.01863411 0.003852811 0.001244225 0.0003924763
0.9492142 0.9507839 0.9723768 0.9938992 0.9296552 0.7634142 0.1839609 0.01831524 0.003737663 0.001162226 0.0003774483
0.8989252 0.7412437 0.5362253 0.2879531 0.1475497 0.05981618 0.01118837 0.004431331 0.001939775 0.0006663492 0.00022612
0.9361855 0.9101735 0.867979 0.7957907 0.5060295 0.1802091 0.03492149 0.008621932 0.002046778 0.0007647463 0.0002210966
0.9451515 0.92453 0.9195116 0.905841 0.8133765 0.467413 0.09348686 0.01277833 0.003169045 0.0009697437 0.0003189529
0.8710225 0.5806353 0.2985384 0.1393818 0.05664548 0.04992918 0.02397656 0.004944294 0.001773460 0.000552924 0.0002009307
0.9364244 0.8382031 0.7604103 0.3915089 0.1508562 0.04899388 0.0176579 0.004878394 0.001504748 0.0004455149 0.0001495617
0.8438448 0.5287843 0.3422247 0.1533605 0.05506606 0.01836890 0.005267415 0.002527316 0.000635338 0.0001995563 6.18504e-05
0.9587372 0.9579575 0.9593253 0.9698841 0.7936676 0.5382354 0.0947877 0.01346957 0.003503245 0.001121274 0.0003577923
0.918044 0.8327467 0.6167697 0.3096762 0.1422018 0.06764665 0.01814601 0.005456461 0.001635877 0.0004944165 0.0001670821
0.9477453 0.9452185 0.9648649 0.9681984 0.9028773 0.8660866 0.2867107 0.01774365 0.003741393 0.001217044 0.0003793124
0.882358 0.7317979 0.5940594 0.3906322 0.1862135 0.06867368 0.01685074 0.003875297 0.001263718 0.0004471819 0.0001196374
0.9533351 0.9513167 0.9825636 0.9943113 0.921928 0.8004717 0.2865439 0.01864761 0.003630001 0.001216759 0.0003820075
0.9514005 0.935684 0.8463554 0.6527813 0.4869348 0.2839178 0.04064788 0.008177583 0.002626292 0.0007607076 0.0002400612
0.9315089 0.8647477 0.7845233 0.5793144 0.2896303 0.1127900 0.02031755 0.006361321 0.001746206 0.0005657112 0.0001569014
0.92124 0.8272071 0.5987818 0.2478485 0.07965594 0.03803417 0.01288539 0.005496942 0.00149235 0.0004725952 0.0001522259
0.9433327 0.902439 0.8620553 0.6493117 0.3525821 0.1388815 0.04161733 0.008869596 0.002136937 0.0007031244 0.0002149469
0.8944088 0.6932113 0.4100558 0.1551760 0.05980366 0.02686897 0.009367975 0.003237592 0.000884383 0.0002599314 8.405212e-05
0.9517811 0.960491 0.9751128 0.9817608 0.9945434 0.6439039 0.1879552 0.01552509 0.003779782 0.001103608 0.0003573694
0.9339322 0.877459 0.8313165 0.6259223 0.4619599 0.1417521 0.02422913 0.006283584 0.001898909 0.0005785405 0.0002082548
0.9578055 0.9211237 0.8801285 0.6844616 0.3435178 0.1355394 0.03241302 0.007147952 0.002219297 0.0006913486 0.0002056264
0.941978 0.9096891 0.8782988 0.7317991 0.478699 0.2054861 0.04787542 0.008657407 0.002317853 0.0006870955 0.0002449525
