0.8644216 0.5441237 0.2418265 0.09071377 0.03952947 0.01437419 0.003431587 0.001439619 0.0004289119 0.0001475841 5.105098e-05
0.951831 0.9265773 0.8858575 0.7085994 0.5084554 0.3888971 0.06210804 0.01164152 0.002919611 0.0009494635 0.0002879454
0.8915735 0.7924711 0.6180116 0.3719467 0.1818986 0.09792615 0.02594481 0.007539821 0.001953326 0.0007082143 0.00022497
0.864661 0.584448 0.3159844 0.1193365 0.04133658 0.01309662 0.004838044 0.001761814 0.0005787738 0.0001967814 5.671784e-05
0.878215 0.6045745 0.2847106 0.1232831 0.05329252 0.02205689 0.006649901 0.002501939 0.0009328864 0.0003060347 8.75195e-05
0.8891421 0.6167993 0.2468203 0.07413109 0.02963024 0.01080085 0.004884805 0.001841729 0.0006348072 0.0001999350 6.448067e-05
0.9394924 0.9130476 0.8663411 0.7643095 0.4150518 0.3035296 0.09066693 0.01110535 0.003197926 0.000994443 0.0003056463
0.9508208 0.9427154 0.9588692 0.9502024 0.7886497 0.5196923 0.1585157 0.01554856 0.003386305 0.001102223 0.0003116385
0.9581215 0.953961 0.972891 0.9728059 0.9282045 0.6588477 0.1314576 0.01635304 0.003461499 0.001063618 0.0003692331
0.9179569 0.8751236 0.8402985 0.7736859 0.3709671 0.2119889 0.03089753 0.00579984 0.001728255 0.0005620258 0.0001821831
0.941765 0.8779812 0.8222257 0.5216548 0.3293392 0.1530949 0.02672616 0.007371788 0.002192026 0.0007823549 0.0002395000
0.8591805 0.6460322 0.3594775 0.2046391 0.1135807 0.04460236 0.01166205 0.004003654 0.001614813 0.0005414055 0.0001713011
0.9238274 0.8756788 0.7947714 0.6178621 0.2343297 0.06882977 0.01808293 0.005792628 0.00157835 0.0005354816 0.0001737386
0.9309662 0.8605179 0.706473 0.4678117 0.2008895 0.07796995 0.02632782 0.00593317 0.001608127 0.0004863202 0.0001615367
0.9599853 0.9601728 0.9752742 0.988562 0.9876033 0.8718805 0.2836207 0.02196211 0.003865325 0.001275997 0.0003971852
0.8536937 0.5663946 0.2404188 0.1021834 0.03872453 0.01433236 0.003945358 0.001663255 0.0005435631 0.0001742940 4.957297e-05
0.836919 0.5405341 0.2705225 0.1126518 0.03895286 0.01193942 0.00433802 0.001757877 0.0006079816 0.0001935469 6.289788e-05
0.9255971 0.7793646 0.5568094 0.3570095 0.208903 0.07042265 0.01714629 0.00480598 0.001679807 0.0005862504 0.0001860703
0.8958739 0.6509085 0.4139714 0.2563294 0.1529726 0.04716641 0.01200573 0.00351653 0.001141692 0.0003856873 0.0001052754
0.85149 0.5193049 0.2581114 0.1006831 0.04364714 0.01533690 0.004468645 0.001769411 0.0005226867 0.0001778211 6.076529e-05
0.9622235 0.9636616 0.9771045 0.9966433 0.9071565 0.963682 0.3340086 0.01925270 0.003611785 0.001125541 0.0003663685
0.9442916 0.9308356 0.9697918 0.9630996 0.8558506 0.5530505 0.1435527 0.01447337 0.003273365 0.001054381 0.000319415
0.9618786 0.9634262 0.9833704 0.9909778 0.89319 0.8001585 0.3183497 0.01823886 0.003544749 0.001123319 0.000370809
0.940751 0.9071115 0.9361883 0.960264 0.8892248 0.7256159 0.088972 0.01545377 0.003443468 0.001027533 0.0003320429
0.9356391 0.8538161 0.723691 0.5057247 0.1940755 0.09000948 0.03314537 0.007612029 0.001917468 0.0005607028 0.0001942625
0.9557915 0.9599758 0.9796637 0.9880195 0.96998 0.7829576 0.2272021 0.01562435 0.003580826 0.00115524 0.0003511904
0.9123809 0.789906 0.7353015 0.6010144 0.3042394 0.08895035 0.02094508 0.006349092 0.001680854 0.0005697862 0.0001567650
0.9334445 0.9164963 0.8957746 0.7589112 0.4574592 0.1154355 0.02260887 0.006366245 0.002050272 0.0006542233 0.0001942248
0.9560838 0.9353988 0.9394642 0.9230222 0.7291333 0.4934802 0.06626704 0.01176479 0.002869475 0.0008658457 0.0002856519
0.9524416 0.9522668 0.988108 0.993799 1 0.9136552 0.2573097 0.01697599 0.003450995 0.001124144 0.0003308685
0.8712837 0.5992762 0.3056938 0.1253272 0.06314324 0.01956190 0.006191812 0.002768322 0.0008333976 0.0002760628 8.703445e-05
0.8307563 0.5866762 0.36877 0.1744551 0.06782971 0.02456768 0.006593225 0.002402381 0.0008664657 0.000308592 9.105334e-05
0.947087 0.9262407 0.9400012 0.948253 0.8573755 0.8787179 0.1860489 0.01783557 0.003477132 0.001075094 0.0003361463
0.8996634 0.6892846 0.5221484 0.3601902 0.1832842 0.04331533 0.01423505 0.004226494 0.001359157 0.00045299 0.0001197475
0.948996 0.9353904 0.9562375 0.965613 0.9608833 0.7989652 0.1731294 0.01911251 0.003828688 0.001188253 0.0003743912
0.950237 0.9447844 0.9814205 0.993742 0.9941587 0.9637132 0.3335781 0.01777371 0.003550412 0.001155927 0.0003352606
0.9619604 0.9602754 0.9836515 0.9861062 0.9067238 0.851754 0.4120151 0.01973826 0.00358262 0.001121608 0.0003568376
0.9016212 0.7841062 0.6197492 0.4469922 0.2709453 0.1820133 0.03991510 0.009193441 0.002892508 0.0007976728 0.0002609859
0.8286315 0.5106612 0.2419541 0.1082587 0.05103568 0.03882143 0.01511132 0.004963355 0.001752952 0.0006231696 0.0002156221
0.8930366 0.7487056 0.6954714 0.61971 0.5177583 0.1050784 0.02152231 0.005072319 0.001524015 0.0004879709 0.0001521409
0.9208011 0.811538 0.662993 0.415842 0.1703381 0.06808438 0.01901839 0.005667375 0.001450093 0.0004612522 0.0001658314
0.9251838 0.8414842 0.7665287 0.54941 0.2434005 0.1002978 0.02616381 0.005744199 0.001710098 0.0005308396 0.0001761757
0.8249371 0.5379391 0.2812173 0.1194623 0.04099304 0.01241741 0.004099398 0.001671106 0.0005477674 0.0001875808 6.10639e-05
0.8774157 0.610214 0.3229454 0.1484349 0.06826919 0.02451164 0.005931019 0.003115834 0.000903487 0.0002833014 9.003658e-05
0.9224738 0.7797922 0.6530059 0.5941185 0.3607826 0.1449954 0.02097086 0.005030469 0.001530860 0.0004734396 0.0001425448
0.9328309 0.8471286 0.7976469 0.5191926 0.2534928 0.1012772 0.01816568 0.005070284 0.001612099 0.0005434638 0.0001778024
0.962892 0.9545038 0.946466 0.8788767 0.6815207 0.3258149 0.0669537 0.01217729 0.003453411 0.001064867 0.0003190476
0.9078575 0.8055923 0.6200585 0.3782947 0.2409869 0.1136348 0.03472637 0.009482477 0.002516223 0.000825813 0.0002571184
0.8598375 0.5800214 0.3449997 0.1688365 0.06904556 0.03315854 0.008024028 0.002467153 0.0008712614 0.0002628700 8.34857e-05
0.9388903 0.8576205 0.747414 0.5703246 0.2872436 0.07989562 0.01701938 0.005569407 0.001461488 0.000506126 0.0001676077
0.915173 0.8086762 0.6775653 0.3779791 0.1346313 0.04395856 0.01342727 0.003917873 0.001103654 0.0003480728 9.929324e-05
0.9513889 0.9263715 0.8752837 0.6583968 0.3923966 0.1871562 0.04372591 0.009858405 0.002714996 0.0009320154 0.0002807296
0.8580414 0.561305 0.299233 0.1252316 0.05003981 0.02041046 0.004517916 0.002260193 0.0006873941 0.0002236429 7.468566e-05
0.95037 0.9164978 0.9132697 0.8860786 0.5531185 0.1741900 0.03679943 0.007258904 0.002170206 0.0007035128 0.0002190322
0.9409248 0.8522902 0.7797769 0.5311421 0.2482041 0.0924693 0.02095658 0.005266258 0.001875624 0.0006174999 0.0002045114
0.9273868 0.8540738 0.7801912 0.745614 0.6789334 0.4174569 0.08931834 0.01268056 0.003432824 0.001046255 0.0003313432
0.9024132 0.7518826 0.6310447 0.3993424 0.2267199 0.1080347 0.02253476 0.005270182 0.001748574 0.0005601494 0.000171393
0.9508744 0.9188965 0.8851204 0.6025132 0.3833502 0.1821319 0.03678249 0.009251418 0.002549501 0.0008788594 0.0002654549
0.9076633 0.8005409 0.7297423 0.5844459 0.4218858 0.1464269 0.02164067 0.00621611 0.001875841 0.0006496576 0.0001988603
0.8853592 0.6571307 0.2985805 0.1269099 0.05991797 0.02149748 0.006319792 0.002372233 0.0007588607 0.0002410777 9.172872e-05
0.8472937 0.5684138 0.3185704 0.1277075 0.05574461 0.01877974 0.005222027 0.002116172 0.0007373178 0.0002270611 8.282496e-05
0.8995119 0.697388 0.2708545 0.08093128 0.0355909 0.01826377 0.007693941 0.003317979 0.001020328 0.0003157496 0.0001086382
0.7969452 0.4627523 0.2440941 0.1401752 0.07094917 0.02201669 0.005975769 0.002051107 0.0006582368 0.0002248975 6.489309e-05
0.8570952 0.5944235 0.3485798 0.1463191 0.06193428 0.02347287 0.005331969 0.002349149 0.000808992 0.0002548057 8.885772e-05
0.9191817 0.8301527 0.7975107 0.7253065 0.4499315 0.1442068 0.02766505 0.006440825 0.00196122 0.000640142 0.0001959996
0.9082821 0.7346655 0.4934688 0.3066177 0.2031082 0.07674977 0.01585960 0.004469916 0.001377402 0.0004582397 0.0001430726
0.91699 0.8672278 0.8006892 0.6040336 0.2876708 0.09654849 0.02636833 0.007046213 0.002082552 0.0006792692 0.0002077782
0.8905488 0.6779728 0.3141029 0.1111045 0.04723898 0.05894871 0.0291513 0.007982783 0.002135869 0.0007220741 0.0002315885
0.8405858 0.5032809 0.2838067 0.1294794 0.05668399 0.02832484 0.006449162 0.001949538 0.0006251623 0.0001977446 6.915587e-05
0.8839031 0.7737495 0.7056484 0.6128657 0.3170741 0.09278653 0.02131746 0.005081199 0.001398923 0.0004494348 0.0001398112
0.8124317 0.4921043 0.2318970 0.09234385 0.03539861 0.01351894 0.003806108 0.001894789 0.0006174129 0.0001878612 6.777326e-05
0.8366672 0.5606342 0.2874147 0.1237962 0.05374723 0.01831300 0.005757536 0.002625485 0.0007909709 0.0002528865 8.520425e-05
0.9170424 0.8480536 0.7281964 0.592607 0.2627501 0.0752773 0.01595438 0.005024672 0.001565571 0.0004940788 0.0001494532
0.9513243 0.9468908 0.9726215 0.9927621 1 0.8519426 0.2631134 0.01996524 0.003787395 0.001167998 0.0003760196
0.9572501 0.919562 0.8830798 0.6561737 0.4154599 0.2262566 0.04674269 0.008788238 0.002376247 0.0008003274 0.0002570646
0.924386 0.8393596 0.7699077 0.7068789 0.4643077 0.1088561 0.02278499 0.006565576 0.001806413 0.0005608355 0.0001718577
0.9466448 0.9532557 0.9857746 0.9956487 0.9923617 0.6611868 0.1998266 0.01635047 0.003429858 0.001060716 0.0003434546
0.83523 0.5237686 0.2778627 0.1111320 0.04786239 0.01537367 0.004145518 0.001748886 0.0006596429 0.0001771767 6.47371e-05
0.9527868 0.9501155 0.9581006 0.9543663 0.9590922 0.6809474 0.2426482 0.02044403 0.003976731 0.001239532 0.000380977
0.9499479 0.9568082 0.9857944 0.9982668 0.9693491 0.6103653 0.2351044 0.01669 0.003429079 0.001033984 0.0003394249
0.8884821 0.7330697 0.6856603 0.4929086 0.3244628 0.09638253 0.02195016 0.004844169 0.001573276 0.0005243175 0.0001686091
0.912681 0.7970082 0.6394993 0.4759161 0.1929898 0.07363067 0.02255337 0.005356113 0.001667125 0.0005117066 0.0001610094
0.9642259 0.9669845 0.9720339 0.9593208 0.899398 0.7123524 0.2115346 0.01812367 0.003903799 0.001221475 0.0003897629
0.859375 0.519817 0.2079124 0.06176198 0.02537479 0.009749355 0.004295866 0.001951001 0.0006194666 0.0001813454 6.173538e-05
0.892095 0.7753697 0.565182 0.3666219 0.2728785 0.07208726 0.02261032 0.007676793 0.002577843 0.0006548264 0.0002096753
0.9428326 0.9071498 0.8324883 0.6165576 0.2868803 0.5604172 0.1430823 0.01431575 0.003412708 0.001070234 0.0003291392
0.9580373 0.9618568 0.9801925 0.9832152 0.9959744 0.9625086 0.4044105 0.02202292 0.004093399 0.001270744 0.0004011765
0.8703308 0.5852466 0.2686843 0.09973286 0.04399339 0.01869225 0.005054541 0.002339006 0.0007136787 0.0002257270 7.298595e-05
0.8898693 0.7293669 0.5833262 0.4442613 0.3313684 0.1366906 0.01894631 0.004848625 0.001571596 0.0004583944 0.0001516986
0.9486245 0.9405015 0.9795381 0.9825622 0.993997 0.9640676 0.3103448 0.01805428 0.003585986 0.001167111 0.0003370701
0.9100531 0.7473861 0.5471477 0.4477424 0.2813020 0.08545735 0.01647988 0.005139654 0.001542299 0.0004957951 0.0001668702
0.89782 0.7279416 0.4997587 0.2135815 0.1146221 0.05938331 0.01163444 0.005085027 0.001752164 0.0004969171 0.0001667753
0.9285825 0.8371768 0.7341491 0.4378296 0.1895342 0.07312865 0.01578254 0.004826063 0.001647108 0.0005030385 0.0001772592
0.8510556 0.6691724 0.5175221 0.3066110 0.1933711 0.1006604 0.02719537 0.006326742 0.001909746 0.0006890459 0.0001864985
0.9144124 0.812879 0.6456213 0.4571398 0.1779576 0.05283948 0.01388943 0.004163608 0.001202155 0.0003932087 0.0001215375
0.8488212 0.561142 0.3173391 0.1502023 0.07317865 0.02229722 0.005945902 0.002256238 0.0007770834 0.0002215006 8.36134e-05
0.9541954 0.9482026 0.9739854 0.982828 0.993386 0.8855819 0.2826335 0.02152111 0.003902641 0.001184656 0.0003855266
0.915567 0.8063518 0.6590688 0.5022351 0.2814903 0.0936004 0.01710576 0.005347844 0.001550128 0.0005369886 0.0001774306
0.927502 0.8209698 0.6571916 0.3873324 0.1710205 0.06264933 0.01606804 0.005371401 0.001455841 0.0004869943 0.0001388640
0.9556434 0.9419107 0.9198176 0.8405296 0.5462215 0.2965653 0.09086074 0.01331148 0.00308269 0.0009924275 0.0003408839
0.9183589 0.826793 0.7233101 0.5641323 0.3051908 0.09696872 0.01748302 0.005358254 0.001634684 0.0005482677 0.0001889389
0.887883 0.6771933 0.3548934 0.1353932 0.0813411 0.02478740 0.006653816 0.002647481 0.001012203 0.0003116043 0.0001019427
0.9593498 0.9582384 0.9758698 0.977433 0.9763902 0.8981308 0.3481042 0.02059481 0.003822727 0.001208751 0.0003797846
0.9316807 0.8553634 0.8075591 0.792647 0.5372496 0.1858762 0.04388076 0.007743127 0.002301690 0.0007549765 0.0002599159
0.82905 0.506412 0.3033993 0.1322579 0.06848103 0.02633856 0.003693979 0.001982035 0.0006542392 0.0002168990 6.924627e-05
0.948653 0.9136003 0.9127831 0.813014 0.5440269 0.1784619 0.02811604 0.007583698 0.002119316 0.0006915554 0.0002556527
0.9441268 0.9449173 0.9747449 0.935982 0.9617008 0.4627721 0.1361971 0.01550312 0.003375049 0.001038097 0.0003370402
0.9037185 0.7381571 0.5430275 0.2588867 0.112611 0.03326564 0.00918209 0.003713727 0.001249082 0.0004085443 0.0001244365
0.9321916 0.865242 0.7878737 0.539179 0.2361046 0.08900611 0.02598166 0.006937684 0.001959448 0.0005736454 0.0001788766
0.9600077 0.9384992 0.8867136 0.696901 0.4362864 0.4307544 0.1977751 0.01951703 0.004030949 0.001296346 0.0004107818
0.9210436 0.8283514 0.7194432 0.5783586 0.3356583 0.09861373 0.02454525 0.006916326 0.002240366 0.0007277289 0.0002314024
0.8985716 0.7652483 0.6472312 0.4819647 0.2606272 0.1544243 0.04218914 0.01159164 0.002988234 0.0009044597 0.0002819045
0.9599797 0.9563787 0.9809742 0.9840686 1 0.7127933 0.2886248 0.01928285 0.003840302 0.001220991 0.0003789726
0.9520359 0.9556495 0.984871 0.9939423 0.9822211 0.8674414 0.3150325 0.02171533 0.003913019 0.001258459 0.0003861435
0.9512117 0.8983785 0.8445448 0.5695563 0.3064242 0.1162229 0.02628037 0.005766539 0.0018052 0.0005999143 0.0002007484
0.9510604 0.9377694 0.9708537 0.957885 0.9479941 0.7405526 0.2699419 0.02021891 0.003786725 0.001140957 0.0003636041
0.9543016 0.9534486 0.9679235 0.9588581 0.9718681 0.8493136 0.2113143 0.02050728 0.003798261 0.001213833 0.0003832750
0.9391186 0.915788 0.9645859 0.9716575 0.9937954 0.6973149 0.2154924 0.01499942 0.003571516 0.001119763 0.0003456373
0.856217 0.7109663 0.5861883 0.3561662 0.1820594 0.1011744 0.02463364 0.007240556 0.002115384 0.0007124506 0.0002243633
0.918696 0.8178548 0.73762 0.5349104 0.2799445 0.08591043 0.01565571 0.004714698 0.001660021 0.0005215413 0.0001595948
0.850958 0.4902182 0.2491627 0.09111043 0.03963355 0.01243367 0.00368854 0.001589144 0.0005138421 0.0001596828 5.355455e-05
0.8080194 0.4556132 0.2354289 0.1352560 0.05722808 0.01476942 0.005299941 0.002053499 0.0006955836 0.0002083247 6.715446e-05
0.9241876 0.843854 0.6742353 0.5049555 0.1812767 0.06645927 0.01824371 0.004171853 0.001266999 0.0004631203 0.0001435246
0.9291801 0.8850205 0.889446 0.8524624 0.608344 0.1482945 0.03893244 0.007687835 0.002081973 0.0006415865 0.0001988625
0.95639 0.9565354 0.976678 0.9704059 0.9726705 0.8967213 0.2825370 0.02190066 0.003939876 0.001263935 0.000394368
0.9026515 0.7911814 0.6503665 0.4169798 0.2490418 0.105155 0.02424191 0.007317827 0.002574929 0.0008587532 0.0002642469
0.9406028 0.8900125 0.8402965 0.7188478 0.5060899 0.2135296 0.04088135 0.006578524 0.002192666 0.0006653417 0.0002349514
0.8227664 0.4721329 0.2249428 0.0976798 0.03781226 0.01427719 0.003875172 0.001841546 0.000641291 0.0002154735 6.63399e-05
0.9400925 0.9006692 0.8543633 0.6446047 0.3367910 0.1732541 0.05204062 0.007791183 0.002280612 0.0007326108 0.0002440585
0.95806 0.9598957 0.9783095 0.992393 0.9939245 0.8980827 0.2544176 0.02100754 0.004018468 0.001241328 0.0003867023
0.9536937 0.9560244 0.9745534 0.9791704 0.9661715 0.7998825 0.2019029 0.01777217 0.003771429 0.001218328 0.0003617672
0.8481975 0.5428184 0.2732509 0.136769 0.04413138 0.01321283 0.004808053 0.001852822 0.0007455275 0.0002087904 7.469385e-05
0.9494913 0.912529 0.8971856 0.8717105 0.5961738 0.1812166 0.05450411 0.009867812 0.002545498 0.0008382044 0.0002582141
0.9413376 0.9192748 0.9484033 0.9143006 0.8874128 0.3781811 0.1052936 0.01378843 0.003221963 0.001023351 0.0003178936
0.8423064 0.59174 0.2920993 0.1328771 0.05340215 0.07185394 0.02012722 0.006045857 0.001824857 0.000615463 0.0001877565
0.9318163 0.8655282 0.7257733 0.472675 0.1705952 0.0565483 0.02353225 0.005752815 0.001628332 0.0005417759 0.0001743256
0.8286195 0.5624923 0.2992399 0.1248845 0.04660287 0.01586657 0.004776278 0.002309963 0.0007596414 0.0002339846 8.362971e-05
0.9525418 0.9274882 0.9466754 0.9303962 0.921065 0.5287167 0.08180295 0.01194334 0.003277788 0.001025229 0.0003249426
0.8714333 0.5797129 0.2969369 0.1224574 0.05673362 0.02111618 0.005499201 0.002181541 0.0007002582 0.0002201447 7.541065e-05
0.9586573 0.9503588 0.9779791 0.9806297 0.9011834 0.8969578 0.1719545 0.0181615 0.003691525 0.001123 0.0003536695
0.8501403 0.6060005 0.3295984 0.2199413 0.1205360 0.03087265 0.009998327 0.002566155 0.0008010789 0.0002478276 7.456962e-05
0.9441392 0.9288767 0.9705517 0.975501 1 0.9455364 0.2846005 0.01682487 0.003376757 0.001119310 0.0003257436
0.9442498 0.9199908 0.8784825 0.6522478 0.3536091 0.1929768 0.04899879 0.007394776 0.002059045 0.000708235 0.0002150478
0.9340892 0.852918 0.7791983 0.54359 0.2927002 0.105953 0.01959603 0.004882369 0.001573912 0.0005235035 0.0001835513
0.8659769 0.6069779 0.2898746 0.0861334 0.03041505 0.009917871 0.003649924 0.001511288 0.0005037132 0.0001627490 5.004343e-05
0.9454574 0.917642 0.8564638 0.6763238 0.3017375 0.1733498 0.04308891 0.008241966 0.002196539 0.000764383 0.0002207930
0.910414 0.7157434 0.4712138 0.2085316 0.1063250 0.05182331 0.01176583 0.003536753 0.001079812 0.000342232 0.0001202506
0.9469874 0.9419332 0.9851619 0.9901278 0.949133 0.739533 0.2219097 0.01592164 0.003529714 0.001104483 0.0003292372
0.9410342 0.8845128 0.8064612 0.708795 0.4517552 0.1273382 0.02237056 0.006099562 0.001749810 0.0005707365 0.0001946957
0.9492462 0.9115973 0.850145 0.6831219 0.4021021 0.1198822 0.04027235 0.007863414 0.002219121 0.0006466006 0.0002170329
0.9403507 0.8763222 0.7694181 0.5648826 0.2327738 0.1186286 0.03519387 0.007518088 0.001906805 0.0005778114 0.0001943661
