0.8495569 0.5607269 0.2239100 0.07625963 0.03091369 0.01018061 0.003194651 0.001167517 0.0004192927 0.0001403897 3.748619e-05
0.9430447 0.9001349 0.8529826 0.740664 0.3886798 0.2753948 0.07273945 0.01236712 0.002832121 0.0009193292 0.0002730737
0.912355 0.812272 0.6622597 0.4236514 0.3335167 0.1586695 0.02952206 0.007768276 0.002419306 0.0008692178 0.0002627652
0.8608059 0.5643553 0.2648063 0.1053551 0.02833631 0.009150072 0.004122248 0.001571215 0.0005194239 0.0001807991 6.235747e-05
0.9018195 0.7520225 0.4879241 0.2160655 0.1278868 0.05159175 0.009958795 0.004429819 0.001711257 0.0004922094 0.0001348648
0.877056 0.5984435 0.2328106 0.07501169 0.02672858 0.008831443 0.003501214 0.001605201 0.0006266271 0.0001777768 5.818994e-05
0.9473548 0.8979743 0.8729227 0.7193839 0.4563192 0.3693207 0.07617598 0.01050675 0.003200564 0.001044539 0.0003236266
0.9573485 0.9612165 0.97574 0.9921792 0.9838066 0.6407951 0.1547899 0.01665727 0.003414571 0.001084554 0.0003686714
0.9549666 0.955169 0.9677939 0.9662429 0.891451 0.5087654 0.1343965 0.01129371 0.003126715 0.000951236 0.0003042972
0.9321711 0.8805351 0.874745 0.773629 0.5747773 0.1712170 0.03099125 0.006069766 0.002014914 0.000608907 0.0001952492
0.9398865 0.8745484 0.8118377 0.63212 0.389205 0.1589626 0.02620976 0.006881444 0.001965267 0.0005854692 0.0002098621
0.896065 0.7583355 0.558278 0.2600702 0.1387464 0.05339423 0.01711763 0.005250419 0.001850021 0.0006223668 0.0001739193
0.9385564 0.8561442 0.8486594 0.6295685 0.2825558 0.1119381 0.02299188 0.006902223 0.001921072 0.0006082642 0.0001919726
0.936547 0.8896797 0.8252135 0.6340574 0.520745 0.1923485 0.03700762 0.0089078 0.002546496 0.0007828082 0.0002630847
0.9596298 0.962484 0.974276 0.9752843 0.9633174 0.7165259 0.2377192 0.02195334 0.003900803 0.00123193 0.0003805528
0.8712726 0.5837563 0.2940487 0.1404966 0.0557423 0.02059571 0.007024145 0.002500783 0.00075525 0.0002633114 7.693749e-05
0.818495 0.5088296 0.252511 0.1196866 0.04481034 0.01692069 0.004939776 0.001830854 0.0006369555 0.0001990652 7.146176e-05
0.9175313 0.765062 0.5545364 0.3416515 0.1850437 0.04202542 0.01089471 0.003832669 0.001220475 0.0004508627 0.0001392951
0.8895546 0.6681863 0.4002208 0.2552782 0.1308025 0.0461784 0.01025638 0.003550232 0.001014760 0.0002959368 0.000114695
0.8556246 0.5619717 0.3565792 0.1618808 0.07656825 0.02849215 0.006183279 0.002568748 0.0009511045 0.0002853624 8.070678e-05
0.954906 0.9503123 0.9711729 1 0.9419463 0.8612634 0.2546753 0.01669554 0.003588203 0.001115379 0.0003492059
0.9471327 0.9476361 0.9738137 0.9877633 0.970065 0.8464753 0.2801215 0.01719414 0.003553061 0.001149504 0.0003600495
0.9548619 0.9517061 0.9776929 0.9985916 0.9708516 0.8138342 0.2255434 0.01692608 0.003477477 0.001117724 0.0003474666
0.9357716 0.8956683 0.9167808 0.913581 0.8935108 0.324742 0.07221367 0.01048921 0.003386329 0.001108347 0.0003546794
0.9470035 0.9247047 0.9020355 0.8141756 0.5597021 0.2190608 0.04177105 0.01200355 0.002841112 0.0009021739 0.0002933635
0.9510692 0.9586067 0.987432 0.9958662 0.9478946 0.6554576 0.1829571 0.01662650 0.003437581 0.001082085 0.0003413865
0.9240769 0.811884 0.7333137 0.5908306 0.3830223 0.09270152 0.01908159 0.005752818 0.002055582 0.0005977612 0.0001969828
0.9360377 0.8708107 0.855867 0.7458368 0.5322574 0.1909287 0.02994115 0.0089832 0.002375368 0.0007630682 0.0002424988
0.9544304 0.9448672 0.939595 0.84577 0.7156229 0.4585657 0.09774817 0.01314292 0.003187910 0.001015240 0.0003301370
0.956238 0.9515783 0.9800805 0.9982574 0.9937064 0.8954802 0.2061504 0.01631644 0.003393942 0.001104506 0.0003462406
0.8630758 0.5574208 0.2475079 0.0883951 0.03600101 0.01352532 0.004012422 0.001673302 0.0005807159 0.0002103348 5.90238e-05
0.826146 0.5225929 0.268667 0.1107835 0.06081179 0.02231517 0.004828108 0.002354646 0.0007218805 0.0002188837 7.947513e-05
0.9350189 0.8934885 0.8978941 0.8119726 0.720709 0.2670755 0.05637487 0.01025324 0.003146022 0.001052722 0.0003258852
0.8682825 0.6121117 0.4493088 0.2715068 0.1239600 0.04066854 0.01080497 0.003564389 0.00121264 0.0003315529 0.0001138762
0.9573067 0.9562505 0.9778298 0.9507306 0.9885196 0.7450222 0.2571572 0.01472565 0.003503796 0.001135040 0.0003677228
0.9634988 0.9637657 0.97966 0.9906355 1 0.880013 0.3424984 0.02071768 0.003564497 0.001141501 0.0003670336
0.9487847 0.9353358 0.9711377 1 0.977561 0.7042613 0.4173037 0.02198799 0.003964649 0.001215005 0.0003735712
0.8920413 0.7612882 0.6078644 0.3402625 0.1621248 0.07851594 0.03017649 0.006498814 0.002215515 0.0006324445 0.0002089284
0.8155335 0.4913434 0.2186012 0.09233585 0.05365578 0.01765937 0.004176879 0.001966867 0.0006369352 0.0001881946 6.915809e-05
0.9001345 0.7730867 0.6057714 0.3935886 0.2609269 0.09522567 0.01350786 0.004802221 0.001637503 0.0004801408 0.0001596667
0.9274369 0.8797168 0.8552817 0.7399077 0.463292 0.1533289 0.02005625 0.007030559 0.001943081 0.0006589164 0.0002072017
0.9293434 0.8823158 0.8808068 0.7721013 0.4738006 0.1551092 0.03359007 0.006532505 0.001989178 0.0006005206 0.0001682779
0.7971788 0.4656142 0.2359455 0.1000614 0.05196978 0.01665150 0.00377105 0.00184265 0.0005985137 0.0001857247 6.26006e-05
0.8899626 0.7007356 0.4426419 0.2127918 0.1366051 0.04547513 0.008824377 0.003769137 0.001373504 0.0004146012 0.0001245904
0.9111688 0.747448 0.6425041 0.4872299 0.3148602 0.1003853 0.01830063 0.004419647 0.001488034 0.000477324 0.0001374092
0.9236297 0.846669 0.7382253 0.5795275 0.2119538 0.0877303 0.01659817 0.00516458 0.001581358 0.0005053574 0.0001528850
0.9569996 0.9501828 0.9456417 0.7660365 0.6235546 0.2602408 0.05890184 0.0099531 0.002832874 0.0009232525 0.0002733897
0.906204 0.7957734 0.6910742 0.521625 0.3406736 0.1287901 0.04653044 0.00999053 0.002440398 0.0007633425 0.0002452448
0.8231255 0.492993 0.3056857 0.1616061 0.07225058 0.02972166 0.009081196 0.002660691 0.0008295364 0.0002682954 8.376023e-05
0.9369497 0.8838721 0.8001628 0.5898206 0.4457281 0.2240018 0.03605359 0.008511058 0.002244097 0.0007702571 0.0002341049
0.9183891 0.8082616 0.7280349 0.4458527 0.1562145 0.05031101 0.01346391 0.004083897 0.001036889 0.0003651281 0.0001110212
0.9613678 0.9380164 0.9150807 0.7710436 0.377517 0.2173495 0.06426374 0.01284997 0.003113815 0.0009541444 0.0003050737
0.876132 0.6138056 0.3304723 0.1617562 0.06153165 0.02167257 0.006265959 0.003105629 0.000967576 0.000319976 9.92504e-05
0.9535589 0.9379396 0.914988 0.8110693 0.4556479 0.1483373 0.03493397 0.007302815 0.002126113 0.0006884881 0.0002216338
0.9398278 0.8755142 0.7616826 0.6030509 0.3265285 0.1375310 0.02963181 0.006868732 0.001977867 0.0006469777 0.0001993503
0.9171446 0.806867 0.697362 0.7591638 0.8154312 0.2656629 0.06697668 0.01043075 0.002849513 0.0008839661 0.0003007057
0.8860934 0.6861217 0.4679582 0.3232373 0.2038685 0.08736345 0.01590253 0.004621319 0.001355117 0.0003993116 0.0001495283
0.9540001 0.9285926 0.8605127 0.7763875 0.4056871 0.2335015 0.0396893 0.007593677 0.002022462 0.0007065267 0.0002345588
0.8855389 0.7167474 0.5147504 0.3569729 0.2351708 0.09901385 0.01332767 0.004727367 0.001559233 0.000457835 0.0001487333
0.884874 0.6622557 0.3128175 0.1075286 0.05762343 0.01707780 0.006923477 0.002106057 0.000923223 0.0002986391 8.449693e-05
0.8441592 0.5588084 0.3457629 0.1733717 0.07554734 0.02831442 0.008381825 0.003208416 0.0009654241 0.0003299476 0.0001000029
0.8987186 0.6545708 0.2920965 0.0980328 0.04356517 0.01681621 0.005426202 0.001841112 0.0005666545 0.0001795821 5.437783e-05
0.800393 0.4813641 0.2095772 0.1018299 0.04437364 0.01760918 0.005248322 0.001354854 0.0004808908 0.0001641672 4.633188e-05
0.8390056 0.5331456 0.2612627 0.1177222 0.04732984 0.01858692 0.005386466 0.002170537 0.0007612436 0.0002262711 7.88549e-05
0.9071527 0.7884641 0.725511 0.5349289 0.4013377 0.1281381 0.02496616 0.00572193 0.001607720 0.0005302761 0.0001706493
0.8719798 0.6538802 0.4270436 0.2311061 0.1422691 0.04966091 0.01157138 0.005187479 0.001497572 0.0004781370 0.0001520487
0.9350725 0.8977915 0.7922942 0.4916062 0.3168843 0.1395883 0.03234516 0.00805788 0.002244518 0.0007111659 0.0002213600
0.9038363 0.6918689 0.4035860 0.1820639 0.07194574 0.07802114 0.04131713 0.007996703 0.002131839 0.000796208 0.0002448643
0.833764 0.5260714 0.2471126 0.1073394 0.05187095 0.02159720 0.007098947 0.001681078 0.0006263485 0.0002039359 5.871741e-05
0.9001345 0.769923 0.6062133 0.3926572 0.258542 0.09448801 0.01335180 0.004799123 0.001615621 0.0004722381 0.0001581252
0.8243726 0.5133122 0.2477044 0.1154852 0.05446299 0.01942634 0.003874375 0.001912358 0.0006686791 0.0002094644 6.574226e-05
0.863181 0.5937761 0.3102684 0.1218499 0.04946609 0.01953438 0.005538609 0.002714116 0.0008384072 0.0002859252 7.884521e-05
0.9336333 0.8621966 0.7566003 0.6336179 0.3162756 0.1708711 0.03147669 0.00786321 0.002184992 0.0007258395 0.0002133454
0.9601552 0.958831 0.975559 0.9259024 0.9820239 0.8392641 0.2331442 0.01582845 0.00348151 0.001122645 0.0003717154
0.9472193 0.9134086 0.8819293 0.7178474 0.4689364 0.2701875 0.05335699 0.01003827 0.002640874 0.000784391 0.0002595066
0.9337035 0.8631599 0.7399706 0.4534864 0.3008286 0.1190211 0.02197163 0.00585328 0.001872365 0.0005871779 0.0001743473
0.9604723 0.9606117 0.9783094 0.9328 0.9821484 0.7672846 0.2497213 0.01624317 0.003526924 0.001163177 0.0003807606
0.8067843 0.463112 0.2318196 0.1050983 0.04707515 0.01824569 0.003988963 0.001687824 0.0006097088 0.0001714054 5.871035e-05
0.9569306 0.9558095 0.9684362 0.8718903 0.964308 0.8009926 0.248607 0.01679202 0.003458353 0.001146868 0.0003716711
0.9612358 0.9640145 0.9834134 0.9937092 0.9782755 0.8696821 0.3478327 0.02191469 0.003966051 0.001237722 0.0003878305
0.9243018 0.8542779 0.774132 0.599308 0.4473503 0.1222186 0.02252291 0.006446687 0.002070279 0.0006465241 0.0002063470
0.9201611 0.8040827 0.7260013 0.5539224 0.3499249 0.3003551 0.05443972 0.01011978 0.002903801 0.0009525386 0.0002813873
0.9489738 0.9553749 0.9750412 0.9360733 0.8216147 0.5841886 0.1482010 0.01633906 0.003379657 0.0009789813 0.0003377385
0.8441683 0.4740901 0.1715421 0.05393914 0.01956717 0.007499788 0.003093 0.001150533 0.0003762167 0.0001234289 4.508757e-05
0.9175778 0.8349843 0.6802829 0.4970423 0.3547028 0.1296733 0.03823022 0.009938075 0.002654541 0.00087268 0.0002550556
0.9476549 0.929731 0.9113896 0.706592 0.6088434 0.6284427 0.1219105 0.01522979 0.003470999 0.001020369 0.0003357287
0.961299 0.961488 0.983761 0.9599326 0.9946477 0.8425111 0.3975576 0.0167977 0.003564023 0.001154795 0.0003780248
0.8623317 0.5933205 0.2855895 0.1159894 0.04522543 0.01614673 0.005160115 0.001861436 0.0006413376 0.0002174010 7.338436e-05
0.8944024 0.734627 0.600114 0.4800388 0.2859885 0.1134456 0.01959122 0.004434406 0.001614560 0.0004737219 0.0001401826
0.9521695 0.9566172 0.9708257 0.9983264 0.9490544 0.9459124 0.4219098 0.02290056 0.003776507 0.001207230 0.0003779105
0.9294232 0.8645455 0.821325 0.6211196 0.4663241 0.1666048 0.03047206 0.007941226 0.002310754 0.0007864769 0.0002543525
0.9081575 0.7998177 0.5774454 0.2812435 0.1634663 0.08576465 0.01317005 0.005640786 0.002255151 0.0005986407 0.0002004845
0.9135574 0.8042963 0.6198681 0.4685329 0.2111419 0.0792571 0.01788017 0.005150527 0.001751156 0.0005420955 0.000161685
0.8831876 0.6925577 0.5342682 0.3800889 0.2879701 0.1097939 0.02528357 0.007955012 0.002125492 0.0006782096 0.0002473747
0.9172363 0.7857984 0.5597038 0.3747855 0.2225442 0.07058317 0.01362272 0.005013326 0.001531307 0.0005488782 0.0001600416
0.878909 0.6317201 0.3734759 0.1898721 0.0954397 0.03367167 0.007603391 0.00306272 0.0009021316 0.0003026731 9.484388e-05
0.9564031 0.9520666 0.9780653 0.9906115 0.9705918 0.9278285 0.292916 0.01763343 0.003592172 0.001146681 0.0003523236
0.9030837 0.761749 0.5148335 0.3709759 0.2095527 0.08044335 0.01655480 0.0055383 0.001513128 0.0005761373 0.0001715697
0.9228223 0.8281578 0.7028981 0.4130487 0.2010962 0.07653906 0.01860415 0.005505479 0.001446795 0.0005069498 0.0001760089
0.9614254 0.9632638 0.9786673 0.928056 0.9095503 0.8701952 0.1905061 0.01582188 0.003438441 0.001147658 0.0003667842
0.8933711 0.7470715 0.5054645 0.345841 0.2128263 0.07322522 0.01236678 0.004602106 0.001575968 0.0004561583 0.0001440665
0.8846692 0.646775 0.3166125 0.1221024 0.05498609 0.02157541 0.006342901 0.002448489 0.0009188528 0.0002936310 9.004883e-05
0.9567865 0.9565666 0.9739547 0.9797456 0.9582487 0.8065693 0.3209620 0.01882859 0.003632996 0.001179136 0.000373965
0.9238847 0.8366106 0.7923692 0.6591529 0.4438997 0.1747732 0.03054466 0.006993084 0.002339233 0.0007834177 0.0002170734
0.865583 0.6107279 0.3802258 0.1775862 0.06537883 0.02119831 0.006419943 0.002470725 0.000875215 0.0003419283 8.890825e-05
0.9451072 0.9100234 0.8883367 0.7833887 0.4069385 0.1413383 0.0225954 0.007955366 0.002067656 0.0007100345 0.0002080488
0.953139 0.9478407 0.9665378 0.9680042 0.9244268 0.815493 0.1853108 0.01656252 0.003602568 0.001120490 0.0003477062
0.895305 0.7276497 0.5228198 0.2319017 0.1006304 0.03347269 0.008736295 0.003362067 0.001224442 0.0003689707 0.0001240803
0.9404727 0.851501 0.8779693 0.8263568 0.2932827 0.09878496 0.02688238 0.006757219 0.002059791 0.0006529048 0.0001897520
0.9614258 0.951066 0.9440004 0.9103659 0.7694554 0.3143398 0.08198832 0.01244299 0.002841911 0.000912992 0.0002951578
0.9285127 0.8462382 0.82532 0.6457171 0.4344334 0.1393582 0.03009973 0.008472403 0.002422904 0.0008026966 0.0002530161
0.878719 0.662946 0.4686499 0.2961159 0.1775958 0.100874 0.03107646 0.005872189 0.001964313 0.0006418935 0.0002167576
0.9579876 0.9511403 0.973549 0.992585 0.9880039 0.6670692 0.1828755 0.01795549 0.003499344 0.001131838 0.0003634232
0.9453571 0.9257994 0.9609842 0.978406 0.9642 0.6248567 0.1770206 0.01923874 0.003999181 0.001198690 0.0003745004
0.9439696 0.9153919 0.8037584 0.5196472 0.3440665 0.1337278 0.0217015 0.006026567 0.001822547 0.0005882675 0.0001972945
0.946963 0.9528528 0.9852512 0.9666901 0.959292 0.7702668 0.3281486 0.01794139 0.003499857 0.001104272 0.0003474845
0.9473735 0.9441513 0.9421853 0.8884243 0.8876854 0.4818182 0.1440160 0.01585241 0.003531101 0.001120664 0.0003425476
0.931169 0.8914408 0.9252412 0.9642947 0.9389404 0.618146 0.1821536 0.01808868 0.003855946 0.001169012 0.0003620699
0.8864612 0.739146 0.6574803 0.5300648 0.3809420 0.1849173 0.04180681 0.01081022 0.002966381 0.0009638039 0.0002955546
0.9296144 0.8661858 0.79984 0.7751994 0.6563023 0.1235029 0.02267162 0.005951003 0.002270513 0.0006596098 0.0002136272
0.8521293 0.5071725 0.2428995 0.09728115 0.03969174 0.01045960 0.003617935 0.001322706 0.0004498627 0.0001316618 4.869783e-05
0.8030863 0.4559178 0.1969386 0.08762814 0.04055277 0.01359469 0.005876836 0.001330993 0.0004515075 0.0001459071 4.44781e-05
0.9502678 0.9217825 0.863132 0.7751759 0.5548222 0.1713085 0.03075669 0.007559471 0.002134138 0.0007052698 0.0002196407
0.9321737 0.884201 0.817047 0.745098 0.4059788 0.1732725 0.02765647 0.006684857 0.001999187 0.0006425201 0.000203745
0.953885 0.956234 0.974264 0.9909905 0.8850797 0.8039685 0.2176634 0.02025669 0.003516445 0.001163349 0.0003598737
0.8799246 0.7701452 0.5641687 0.3810906 0.2064493 0.08367685 0.02619107 0.007347044 0.002208368 0.0007923555 0.0002309087
0.9344337 0.8707374 0.7913022 0.734373 0.5987732 0.2581347 0.045094 0.00686405 0.002004268 0.0007034326 0.0002418181
0.8442132 0.5321652 0.2445038 0.1090196 0.05068021 0.01785837 0.003632194 0.001687357 0.0005789866 0.0001675261 5.654823e-05
0.939745 0.8996573 0.8432156 0.6440176 0.4369618 0.1774580 0.03379360 0.00864393 0.002620898 0.000832467 0.0002691231
0.952552 0.9623463 0.9798066 0.9882696 0.988641 0.7846257 0.2679061 0.02097592 0.004097789 0.001276981 0.0004057017
0.9489698 0.9521586 0.9652024 0.9326764 0.768018 0.515564 0.1278350 0.01628415 0.003394362 0.0009936834 0.0003407285
0.8629938 0.5910893 0.2799904 0.1340781 0.04219217 0.01501527 0.004388347 0.001969199 0.0008378287 0.0002640437 8.917334e-05
0.9418784 0.8990423 0.8033169 0.6255006 0.3512285 0.1584509 0.03089075 0.007558276 0.002174179 0.0007105905 0.0002101520
0.9414213 0.9278594 0.9263647 0.9515127 0.9413124 0.3179321 0.08045534 0.009532323 0.002962123 0.0009409158 0.00027422
0.852331 0.5483955 0.2772404 0.136097 0.06392361 0.08620216 0.02955764 0.005041481 0.00198087 0.0005719444 0.0002004705
0.934183 0.8579844 0.7963054 0.4429169 0.2140206 0.07913279 0.02193238 0.005509743 0.001714356 0.0005469128 0.0001609698
0.8022683 0.5152499 0.3400131 0.1468527 0.06624754 0.02293117 0.005259078 0.002156562 0.000764568 0.0002029374 6.84345e-05
0.9484871 0.9446337 0.9320977 0.9128168 0.8197163 0.379001 0.08060969 0.01342336 0.003649803 0.001123964 0.000346362
0.8850045 0.627191 0.3335898 0.1454705 0.07998496 0.02698908 0.007493901 0.003155130 0.001092601 0.0003077625 0.0001027851
0.9501011 0.949259 0.9760395 0.9835063 0.9529049 0.8939681 0.1912064 0.01691318 0.003526789 0.001146428 0.0003574763
0.8405615 0.5428432 0.2796151 0.1975315 0.1645843 0.04764793 0.01617350 0.003006728 0.0008360697 0.0002468961 9.867702e-05
0.9599162 0.9531688 0.9738114 0.9889072 0.9943895 0.7672547 0.2422135 0.01732343 0.003409875 0.001074831 0.0003481124
0.9531784 0.9415207 0.9206363 0.8262815 0.6646046 0.3028442 0.03589156 0.01077133 0.002747563 0.0008925842 0.000274061
0.9303425 0.8674437 0.7882525 0.6569029 0.4830135 0.1684674 0.02952864 0.006373814 0.001990269 0.0006610299 0.0001966971
0.8760467 0.6177174 0.2637890 0.08741126 0.02486657 0.009418058 0.004202782 0.001618606 0.0005260154 0.0001633045 5.426337e-05
0.9429315 0.8951188 0.840239 0.5642291 0.3389024 0.2898493 0.1854294 0.01727569 0.003652883 0.001164513 0.0003563051
0.9032924 0.6948046 0.4241909 0.1922213 0.075648 0.03457331 0.01147039 0.003924449 0.001123389 0.0003806094 0.0001211307
0.9495957 0.9546731 0.9811192 0.979556 0.9474775 0.6229552 0.1350882 0.01618414 0.003450147 0.001080271 0.0003471736
0.9403 0.8770157 0.8153925 0.6122111 0.4672108 0.1495348 0.02410854 0.006202941 0.001893711 0.0005541995 0.0001980019
0.9595436 0.9369706 0.8501995 0.7919083 0.4291717 0.1575366 0.03435535 0.008922557 0.002271828 0.0007030281 0.0002265874
0.9473017 0.908929 0.893093 0.7822638 0.4794867 0.2061858 0.04215495 0.007034811 0.002284742 0.0007048766 0.0002103680
