0.024 0.026
0.046 0.028
0.01 0.008
0.022 0.022
0.438 0.456
0.002 0.008
0.144 0.096
0.2 0.198
0.012 0.012
0.02 0.004
0.254 0.212
0.004 0.004
0.038 0.048
0.034 0.04
0.024 0.026
0.162 0.114
0.04 0.044
0.058 0.03
0.118 0.142
0.088 0.062
0.03 0.05
0.04 0.042
0.002 0.006
0.058 0.066
0.222 0.25
0.04 0.026
0.152 0.16
0.098 0.092
0.356 0.336
0.374 0.376
0.404 0.41
0.168 0.164
0.068 0.066
0.028 0.03
0.044 0.038
0.416 0.37
0.152 0.178
0.274 0.222
0.018 0.02
0.008 0.002
0.354 0.374
0.054 0.056
0.11 0.084
0.036 0.03
0.308 0.258
0.054 0.066
0.036 0.024
0.268 0.294
0.004 0.004
0.014 0.008
0.022 0.026
0.072 0.032
0.026 0.018
0.314 0.272
0.264 0.226
0.066 0.086
0.204 0.218
0.266 0.244
0.214 0.264
0.018 0.014
0.088 0.128
0.07 0.082
0.006 0.006
0.1 0.1
0.004 0
0.246 0.258
0.146 0.172
0.06 0.07
0.058 0.048
0.042 0.04
0.038 0.036
0.076 0.074
0.004 0.002
0.004 0.004
0.004 0.01
0.01 0.008
0.018 0.016
0.112 0.112
0.036 0.028
0.02 0.018
0.074 0.054
0.416 0.43
0.016 0.014
0.084 0.09
0.23 0.204
0.09 0.064
0.122 0.148
0.074 0.086
0.014 0.014
0.08 0.058
0.028 0.03
0.078 0.072
0.006 0.008
0.048 0.046
0.01 0.012
0.336 0.358
0.134 0.088
0.018 0.014
0.2 0.176
0.4 0.458
0.112 0.082
0.048 0.062
0.198 0.138
0.05 0.048
0.2 0.248
0.022 0.008
0.232 0.214
0.004 0.004
0.012 0
0.012 0.008
0.234 0.322
0.248 0.226
0.222 0.162
0.006 0.004
0.154 0.146
0.06 0.028
0.148 0.09
0.166 0.15
0.044 0.05
0.06 0.046
0.022 0.01
0.198 0.23
0.012 0.022
0.04 0.048
0.104 0.108
0.082 0.058
0.03 0.03
0.562 0.524
0 0.004
0.02 0.012
0.278 0.296
0.012 0.002
0.282 0.32
0.006 0.002
0.06 0.076
0.04 0.018
