0.038 0.016
0.052 0.04
0.006 0.008
0.052 0.074
0.258 0.292
0.01 0.006
0.156 0.138
0.04 0.036
0.02 0.024
0.006 0.012
0.23 0.236
0.016 0.022
0.018 0.032
0.022 0.014
0.086 0.058
0.038 0.074
0.01 0
0.008 0.002
0.016 0.014
0.058 0.026
0.102 0.14
0.042 0.022
0.014 0.01
0.124 0.12
0.386 0.458
0.076 0.06
0.306 0.314
0.04 0.032
0.526 0.582
0.19 0.208
0.15 0.148
0.102 0.15
0.048 0.036
0.084 0.062
0.006 0.004
0.28 0.32
0.064 0.05
0.146 0.146
0.008 0.002
0 0.004
0.036 0.042
0.07 0.102
0.102 0.092
0.116 0.104
0.312 0.304
0.04 0.026
0.05 0.05
0.202 0.198
0.008 0
0.012 0.016
0.042 0.03
0.048 0.054
0.034 0.038
0.412 0.37
0.422 0.38
0.152 0.152
0.134 0.13
0.448 0.422
0.344 0.342
0.018 0.024
0.028 0.032
0.094 0.098
0.026 0.01
0.066 0.054
0.004 0
0.048 0.04
0.264 0.28
0.032 0.052
0.316 0.394
0.024 0.038
0.144 0.122
0.18 0.222
0.01 0.002
0.034 0.038
0.006 0.01
0.026 0.024
0.012 0.006
0.148 0.108
0.064 0.044
0.074 0.106
0.034 0.042
0.206 0.176
0.032 0.046
0.088 0.06
0.244 0.258
0.08 0.056
0.132 0.096
0.09 0.074
0.014 0.004
0.032 0.038
0.1 0.144
0.062 0.058
0.006 0.004
0.064 0.046
0.008 0.01
0.27 0.312
0.034 0.018
0.02 0.02
0.09 0.092
0.142 0.114
0.176 0.206
0.3 0.294
0.11 0.084
0.172 0.176
0.098 0.112
0.058 0.054
0.088 0.096
0.006 0.004
0.018 0.008
0.008 0.016
0.286 0.29
0.34 0.338
0.176 0.138
0.006 0.016
0.304 0.35
0.07 0.074
0.21 0.176
0.1 0.126
0.044 0.07
0.096 0.068
0.12 0.128
0.088 0.078
0.014 0.024
0.136 0.142
0.088 0.082
0.058 0.102
0.012 0.028
0.124 0.124
0.002 0.004
0.04 0.024
0.154 0.134
0.004 0.004
0.06 0.05
0.006 0
0.05 0.048
0.076 0.074
