0.064 0.104
0.076 0.058
0.026 0.026
0.062 0.068
0.17 0.156
0.002 0.002
0.13 0.126
0.094 0.132
0.012 0.01
0.04 0.04
0.206 0.238
0.014 0.014
0.016 0.03
0.072 0.062
0.246 0.294
0.182 0.158
0.03 0.024
0.008 0.002
0.064 0.064
0.118 0.102
0.052 0.072
0.114 0.098
0.002 0.002
0.118 0.096
0.206 0.148
0.026 0.036
0.572 0.596
0.046 0.042
0.554 0.638
0.048 0.036
0.26 0.192
0.254 0.31
0.02 0.012
0.122 0.128
0.024 0.034
0.39 0.424
0.194 0.166
0.53 0.548
0.026 0.038
0.008 0.01
0.162 0.164
0.124 0.068
0.108 0.098
0.07 0.058
0.542 0.572
0.044 0.024
0.04 0.026
0.142 0.122
0 0
0.012 0.006
0.042 0.038
0.026 0.012
0.022 0.008
0.278 0.3
0.178 0.18
0.168 0.174
0.048 0.052
0.304 0.316
0.348 0.294
0.046 0.028
0.126 0.09
0.068 0.066
0.006 0.006
0.09 0.088
0.002 0.004
0.072 0.058
0.198 0.216
0.156 0.136
0.212 0.22
0.03 0.036
0.182 0.194
0.07 0.04
0.008 0.006
0.028 0.024
0.036 0.012
0.01 0.01
0.004 0.004
0.03 0.05
0.082 0.108
0.034 0.03
0.054 0.058
0.182 0.162
0.038 0.028
0.048 0.03
0.316 0.27
0.208 0.21
0.212 0.24
0.156 0.172
0 0.008
0.092 0.082
0.046 0.058
0.174 0.172
0.008 0.004
0.036 0.042
0.052 0.056
0.324 0.384
0.114 0.09
0.012 0.006
0.09 0.094
0.212 0.222
0.088 0.074
0.06 0.052
0.15 0.152
0.166 0.18
0.104 0.148
0.054 0.034
0.04 0.026
0.006 0
0.006 0.002
0.006 0.008
0.156 0.144
0.416 0.446
0.054 0.038
0.008 0.002
0.124 0.156
0.054 0.058
0.202 0.19
0.142 0.128
0.188 0.194
0.146 0.146
0.074 0.094
0.234 0.162
0.022 0.02
0.268 0.26
0.124 0.13
0.05 0.048
0.022 0.014
0.264 0.174
0.01 0.006
0.042 0.044
0.142 0.098
0.002 0.006
0.248 0.24
0.008 0.004
0.048 0.02
0.034 0.022
