0.4140625 0.4296875
0.5546218 0.5714286
0.675 0.7333333
0.5083333 0.425
0.1428571 0.1428571
0.9512195 0.8536585
0.1565217 0.2086957
0.5210084 0.5882353
0.7154472 0.7723577
0.8086957 0.6347826
0.1428571 0.1176471
0.5798319 0.6470588
0.519685 0.5590551
0.4634146 0.504065
0.1304348 0.1304348
0.1219512 0.04878049
0.5546218 0.6722689
0.9043478 0.8782609
0.4201681 0.4369748
0.3361345 0.3277311
0.6666667 0.6124031
0.557377 0.5901639
0.7868852 0.909836
0.1652174 0.2782609
0.2016807 0.1176471
0.852459 0.704918
0.04201681 0.07563025
0.5390625 0.578125
0.02459016 0.01639344
0.4094488 0.3779528
0.05833333 0.05833333
0.0546875 0.0390625
0.7622951 0.7213115
0.5691057 0.6341463
0.7815126 0.7983193
0.03333333 0.04166667
0.4754098 0.5737705
0.2868852 0.3196721
0.7322835 0.6220472
0.6347826 0.5826087
0.1166667 0.1
0.1475410 0.1475410
0.6744186 0.7674419
0.5210084 0.5714286
0.1138211 0.04878049
0.8347826 0.8086957
0.9411765 0.9159664
0.2605042 0.3697479
0.9043478 0.9304348
0.8347826 0.8782609
0.6890756 0.6722689
0.5210084 0.5042017
0.6885246 0.5737705
0.04651163 0.04651163
0.1496063 0.1102362
0.625 0.475
0.5819672 0.6229508
0.05217391 0.09565217
0.275 0.175
0.9105691 0.8617886
0.4695652 0.5478261
0.3934426 0.4508197
0.5819672 0.6721311
0.3478261 0.3565217
0.852459 0.8770492
0.2622951 0.1967213
0.3865546 0.2184874
0.3953488 0.4651163
0.1583333 0.2166667
0.8442623 0.8852459
0.28125 0.3671875
0.2184874 0.2352941
0.925 0.8333333
0.9043478 0.7913043
0.9666667 0.9333333
0.7833333 0.7916667
0.6782609 0.6086957
0.3414634 0.2764228
0.573913 0.4347826
0.7786885 0.8196721
0.8347826 0.6956522
0.296875 0.25
0.6639344 0.7459016
0.7142857 0.6890756
0.1217391 0.1652174
0.2605042 0.4285714
0.1338583 0.1259843
0.2166667 0.2416667
0.7704918 0.8770492
0.647541 0.6967213
0.5042017 0.5630252
0.4705882 0.5630252
0.9826087 0.9304348
0.5116279 0.5426357
0.7786885 0.6885246
0.2434783 0.2782609
0.5163934 0.5409836
0.7322835 0.5905512
0.2845528 0.2845528
0.03278689 0.04098361
0.1764706 0.2184874
0.7421875 0.6875
0.5581395 0.5658915
0.1967213 0.1803279
0.7058824 0.6722689
0.9166667 0.8833333
0.2857143 0.2605042
0.925 0.8416667
0.9672131 0.9344262
0.9512195 0.9674797
0.2598425 0.2519685
0.1639344 0.1967213
0.1640625 0.15625
0.9105691 0.9674797
0.1344538 0.05882353
0.7833333 0.7916667
0.1764706 0.1596639
0.6422764 0.6666667
0.1596639 0.2268908
0.4496124 0.5348837
0.2598425 0.2519685
0.1512605 0.2016807
0.6638655 0.6722689
0.06956522 0.08695652
0.5294118 0.697479
0.3529412 0.4033613
0.7265625 0.609375
0.1417323 0.1259843
0.9672131 0.8852459
0.5327869 0.4590164
0.2605042 0.3277311
0.9826087 0.9304348
0.4836066 0.5737705
0.9105691 0.9674797
0.5583333 0.4333333
0.512605 0.6218487
