0.046 0.056
0.056 0.064
0.056 0.04
0.112 0.096
0.136 0.1
0.006 0.002
0.078 0.04
0.102 0.098
0.014 0.028
0.024 0.008
0.21 0.18
0.116 0.134
0.092 0.082
0.118 0.084
0.198 0.214
0.098 0.074
0.124 0.086
0.018 0.012
0.058 0.054
0.05 0.044
0.178 0.22
0.144 0.17
0.01 0.002
0.102 0.06
0.516 0.498
0.072 0.09
0.2 0.208
0.042 0.042
0.256 0.234
0.142 0.154
0.186 0.126
0.292 0.314
0.02 0.028
0.082 0.092
0.026 0.026
0.266 0.296
0.126 0.09
0.58 0.536
0.014 0.028
0.012 0.008
0.162 0.17
0.034 0.034
0.078 0.034
0.138 0.138
0.32 0.33
0.066 0.056
0.014 0.03
0.256 0.272
0.004 0
0.012 0.016
0.012 0.012
0.026 0.018
0.022 0.024
0.142 0.2
0.28 0.308
0.222 0.222
0.132 0.15
0.22 0.246
0.314 0.31
0.004 0.002
0.132 0.108
0.058 0.056
0.002 0
0.072 0.076
0.006 0.008
0.208 0.256
0.318 0.348
0.194 0.14
0.312 0.34
0.038 0.042
0.096 0.1
0.04 0.036
0.01 0.01
0.034 0.042
0.004 0.01
0.022 0.024
0.006 0.014
0.064 0.05
0.02 0.012
0.03 0.012
0.062 0.078
0.28 0.286
0.088 0.066
0.036 0.052
0.142 0.116
0.268 0.26
0.192 0.208
0.066 0.064
0.026 0.026
0.058 0.038
0.152 0.14
0.212 0.174
0.004 0.004
0.036 0.03
0.038 0.026
0.338 0.382
0.05 0.03
0.01 0.016
0.12 0.12
0.1 0.11
0.182 0.188
0.19 0.196
0.26 0.254
0.108 0.09
0.092 0.078
0.054 0.034
0.046 0.036
0.004 0.01
0.008 0.006
0.008 0.006
0.056 0.064
0.36 0.332
0.406 0.438
0.004 0
0.318 0.336
0.036 0.034
0.106 0.086
0.028 0.016
0.142 0.144
0.086 0.074
0.14 0.13
0.316 0.33
0.044 0.056
0.322 0.35
0.142 0.13
0.066 0.07
0.044 0.04
0.272 0.27
0.014 0.006
0.024 0.014
0.206 0.206
0.008 0
0.144 0.142
0 0.002
0.052 0.066
0.068 0.048
