0.7217391 0.7913043
0.7647059 0.7142857
0.7815126 0.7983193
0.487395 0.5042017
0.3770492 0.4180328
0.9674797 0.9349593
0.6218487 0.6722689
0.296 0.272
0.7642276 0.7886179
0.848 0.896
0.28 0.48
0.300813 0.4146341
0.6311475 0.5737705
0.6935484 0.6532258
0.3043478 0.3304348
0.7815126 0.7983193
0.4715447 0.4471545
0.8278689 0.8360656
0.4146341 0.398374
0.6048387 0.5725806
0.416 0.56
0.5080645 0.5322581
0.8548387 0.9032258
0.302521 0.3361345
0.06451613 0.04032258
0.4956522 0.6347826
0.3170732 0.2601626
0.7913043 0.8
0.09565217 0.1043478
0.1565217 0.1826087
0.05691057 0.04878049
0.1217391 0.1478261
0.6341463 0.6585366
0.3089431 0.3577236
0.766129 0.8548387
0.016 0.056
0.2195122 0.2113821
0.096 0.104
0.9565217 0.9043478
0.7815126 0.7983193
0.2539683 0.2222222
0.6666667 0.6747967
0.5652174 0.5913043
0.4435484 0.3709677
0.032 0.024
0.4434783 0.4173913
0.7398374 0.7642276
0.09565217 0.09565217
0.852459 0.8360656
0.8869565 0.8521739
0.75 0.6612903
0.4112903 0.4274194
0.9327731 0.8991597
0.06086957 0.02608696
0.1138211 0.1219512
0.2380952 0.1984127
0.6470588 0.5042017
0.352459 0.3114754
0.04065041 0.04065041
0.7857143 0.8492063
0.5609756 0.5772358
0.5772358 0.4796748
0.7580645 0.8387097
0.495935 0.5447154
0.8225806 0.967742
0.1391304 0.1130435
0.1544715 0.2032520
0.2622951 0.2622951
0.6747967 0.6097561
0.7580645 0.8387097
0.7815126 0.7226891
0.2868852 0.3688525
0.894309 0.902439
0.608 0.592
0.8373984 0.902439
0.7652174 0.7652174
0.8548387 0.9032258
0.2903226 0.3709677
0.6587302 0.7619048
0.5691057 0.6829268
0.4761905 0.5793651
0.2869565 0.3304348
0.5365854 0.6260163
0.7380952 0.6825397
0.4033613 0.4621849
0.1707317 0.2195122
0.04201681 0.08403361
0.3478261 0.4173913
0.8548387 0.9032258
0.516129 0.5806452
0.6470588 0.6722689
0.1512605 0.1344538
0.8869565 0.8521739
0.6341463 0.6585366
0.804878 0.7642276
0.06451613 0.04032258
0.4444444 0.547619
0.920635 0.8809524
0.352 0.36
0.07377049 0.06557377
0.5284553 0.504065
0.5483871 0.5322581
0.4344262 0.4098361
0.1913043 0.1739130
0.3387097 0.2580645
0.7317073 0.7398374
0.4869565 0.5304348
0.9344262 0.9344262
0.852459 0.8360656
0.920635 0.8809524
0.1565217 0.1565217
0.1344538 0.09243697
0.5798319 0.4537815
0.8455285 0.902439
0.07258065 0.0483871
0.576 0.48
0.3571429 0.4761905
0.5121951 0.601626
0.2276423 0.2195122
0.25 0.1854839
0.3252033 0.3089431
0.1951220 0.3089431
0.7398374 0.7723577
0.06504065 0.08130081
0.52 0.48
0.601626 0.6097561
0.7213115 0.647541
0.1138211 0.1382114
0.9327731 0.8991597
0.7580645 0.8387097
0.1869919 0.1707317
0.8790323 0.8629032
0.2704918 0.3032787
0.9349593 0.9349593
0.5737705 0.5163934
0.516129 0.4032258
