0.9338843 0.9256198
0.3706897 0.4741379
0.6779661 0.5508475
0.8548387 0.8790323
0.3203125 0.328125
0.8951613 0.9193548
0.3719008 0.2809917
0.35 0.275
0.6299213 0.7637795
0.7881356 0.6694915
0.3064516 0.2983871
0.592 0.624
0.3706897 0.3965517
0.3636364 0.2479339
0.4310345 0.4396552
0.2416667 0.1833333
0.5371901 0.6115702
0.7542373 0.8644068
0.4435484 0.3870968
0.2396694 0.2148760
0.7438017 0.6528926
0.1637931 0.2844828
0.8474576 0.8898305
0.2148760 0.2561983
0.05172414 0.09482759
0.3636364 0.4380165
0.008064516 0.008064516
0.7844828 0.775862
0.05084746 0.05084746
0.05645161 0.02419355
0.05932203 0.05084746
0.072 0.12
0.5416667 0.5416667
0.6528926 0.7603306
0.6982759 0.775862
0.1271186 0.09322034
0.3793103 0.387931
0.1416667 0.15
0.7438017 0.8429752
0.875 0.921875
0.5785124 0.677686
0.4482759 0.3965517
0.559322 0.5677966
0.5702479 0.6115702
0.0967742 0.1209677
0.2881356 0.3474576
0.808 0.752
0.1652893 0.2231405
0.925 0.9333333
0.8275862 0.8448276
0.7107438 0.7107438
0.576 0.592
0.8833333 0.9166667
0.25 0.2661290
0.519685 0.6299213
0.05785124 0.0661157
0.5785124 0.5041322
0.3467742 0.3629032
0.00862069 0.00862069
0.7741935 0.9112903
0.45 0.525
0.6209677 0.6290323
0.8346457 0.9370079
0.6774194 0.6612903
0.944 0.904
0.2734375 0.2578125
0.06034483 0.0775862
0.5984252 0.7559055
0.1083333 0.1083333
0.6779661 0.7966102
0.3057851 0.3966942
0.4876033 0.4545455
0.7457627 0.8644068
0.4913793 0.5603448
0.776 0.808
0.8709677 0.717742
0.7333333 0.7083333
0.296875 0.28125
0.3793103 0.3275862
0.7480315 0.8661417
0.4482759 0.3189655
0.04237288 0.008474576
0.9322034 0.8474576
0.2 0.2916667
0.496 0.552
0.032 0.024
0.1935484 0.1774194
0.4876033 0.4380165
0.785124 0.8677686
0.5984252 0.6535433
0.4380165 0.6033058
0.4741379 0.5431034
0.8898305 0.8474576
0.5625 0.6640625
0.7768595 0.6694215
0.2578125 0.1640625
0.1074380 0.1570248
0.7480315 0.7086614
0.3145161 0.3790323
0.1416667 0.1583333
0.1982759 0.1293103
0.1322314 0.1487603
0.6779661 0.6694915
0.3813559 0.3474576
0.6 0.575
0.7416667 0.7083333
0.1900826 0.2148760
0.872 0.904
0.9322034 0.9322034
0.9338843 0.9256198
0.4310345 0.4310345
0.1935484 0.2580645
0.25 0.2661290
0.8347107 0.8429752
0.0483871 0.05645161
0.625 0.6015625
0.7 0.675
0.3870968 0.5
0.3464567 0.4330709
0.01694915 0.008474576
0.5390625 0.5859375
0.1333333 0.1416667
0.808 0.688
0.04032258 0.0483871
0.6206897 0.6465517
0.5241935 0.5080645
0.5517241 0.5775862
0.04132231 0.05785124
0.9338843 0.9256198
0.9370079 0.9370079
0.5206612 0.6528926
0.8709677 0.9193548
0.232 0.168
0.9516129 0.9354839
0.717742 0.7983871
0.6333333 0.6916667
