0.553719 0.5289256
0.2844828 0.3275862
0.8534483 0.9051724
0.4958678 0.5206612
0.1229508 0.1475410
0.8103448 0.8448276
0.3189655 0.3965517
0.553719 0.5206612
0.6528926 0.785124
0.8360656 0.8196721
0.3606557 0.352459
0.5041322 0.5371901
0.8688525 0.8360656
0.661157 0.6446281
0.1465517 0.2241379
0.1311475 0.1475410
0.3360656 0.4754098
0.8114754 0.7868852
0.4628099 0.4876033
0.4262295 0.4426230
0.5289256 0.6115702
0.2586207 0.3103448
0.896 0.864
0.515625 0.609375
0.06034483 0.04310345
0.6967213 0.6721311
0.04761905 0.03968254
0.6614173 0.6692913
0.008196721 0.008196721
0.1889764 0.1811024
0.07142857 0.1111111
0.06896552 0.04310345
0.8275862 0.8275862
0.661157 0.6033058
0.7438017 0.8016529
0.01652893 0.01652893
0.352459 0.4426230
0.07438017 0.1735537
0.8114754 0.8442623
0.7155172 0.637931
0.04 0.04
0.3515625 0.2890625
0.7222222 0.6507937
0.5689655 0.5689655
0.1206897 0.09482759
0.421875 0.4296875
0.6810345 0.6465517
0.0952381 0.1507937
0.9224138 0.9310345
0.9568966 0.974138
0.6428571 0.6428571
0.5714286 0.6507937
0.8512397 0.677686
0.2844828 0.387931
0.07142857 0.07142857
0.125 0.1171875
0.2479339 0.2479339
0.2460317 0.2142857
0.02586207 0.01724138
0.872 0.84
0.7165354 0.7874016
0.5867769 0.4793388
0.8110236 0.8897638
0.4672131 0.4426230
0.8196721 0.909836
0.2950820 0.3360656
0.2992126 0.2440945
0.338843 0.3801653
0.3884298 0.4545455
0.872 0.944
0.6206897 0.6465517
0.3189655 0.3189655
0.896 0.864
0.724138 0.7413793
0.8842975 0.8429752
0.8103448 0.6982759
0.8534483 0.9051724
0.2950820 0.3606557
0.2672414 0.3275862
0.632 0.52
0.552 0.52
0.4568966 0.4913793
0.5775862 0.5948276
0.6982759 0.6034483
0.3700787 0.5905512
0.1328125 0.109375
0.2868852 0.2868852
0.5371901 0.4876033
0.8842975 0.7603306
0.6528926 0.661157
0.5819672 0.4754098
0.2672414 0.2586207
0.9137931 0.9051724
0.704918 0.8114754
0.5702479 0.5950413
0.06034483 0.04310345
0.1475410 0.2459016
0.8512397 0.8016529
0.4918033 0.5163934
0.08264463 0.08264463
0.1206897 0.1034483
0.04 0.056
0.3189655 0.1810345
0.3606557 0.3852459
0.5289256 0.5950413
0.5948276 0.4568966
0.5163934 0.4426230
0.9508197 0.909836
0.9590164 0.909836
0.862069 0.974138
0.3606557 0.3114754
0.1810345 0.1206897
0.03448276 0.0775862
0.928 0.864
0.264 0.24
0.6896552 0.5948276
0.234375 0.3203125
0.6528926 0.5702479
0.2540984 0.3360656
0.05737705 0.04918033
0.2758621 0.2844828
0.1120690 0.1551724
0.6942149 0.7438017
0.140625 0.1328125
0.4876033 0.5041322
0.768 0.744
0.9224138 0.9224138
0.3333333 0.2619048
0.8818898 0.8897638
0.7559055 0.7086614
0.1953125 0.1796875
0.7698413 0.8095238
0.3228346 0.3700787
0.9173554 0.9173554
0.8275862 0.7844828
0.4793388 0.5702479
