0.026 0.024
0.296 0.294
0.016 0.002
0.048 0.016
0.13 0.116
0.002 0.002
0.088 0.054
0.186 0.156
0.014 0.02
0.026 0.012
0.17 0.182
0.092 0.094
0.06 0.046
0.08 0.066
0.226 0.202
0.338 0.364
0.096 0.086
0.01 0.006
0.038 0.056
0.234 0.29
0.066 0.086
0.188 0.184
0.016 0.008
0.204 0.232
0.358 0.33
0.222 0.198
0.114 0.124
0.032 0.048
0.334 0.34
0.298 0.274
0.096 0.11
0.048 0.058
0.278 0.38
0.016 0.01
0.034 0.072
0.04 0.044
0.318 0.302
0.108 0.094
0.176 0.126
0.036 0.034
0.02 0.018
0.256 0.302
0.242 0.274
0.128 0.142
0.096 0.14
0.104 0.118
0.012 0.012
0.14 0.118
0.006 0.002
0.01 0.004
0.118 0.132
0.026 0.022
0.072 0.084
0.356 0.47
0.286 0.272
0.062 0.048
0.13 0.15
0.08 0.054
0.37 0.382
0.014 0.006
0.046 0.044
0.056 0.09
0.014 0.006
0.136 0.118
0.01 0.008
0.194 0.234
0.268 0.226
0.096 0.1
0.018 0.012
0.064 0.07
0.056 0.058
0.006 0.006
0.012 0.008
0.002 0.004
0.048 0.034
0.058 0.036
0.064 0.054
0.09 0.1
0.044 0.068
0.208 0.204
0.026 0.022
0.082 0.096
0.298 0.356
0.208 0.24
0.166 0.144
0.08 0.086
0.004 0.014
0.044 0.042
0.374 0.396
0.202 0.146
0.014 0.022
0.082 0.042
0.04 0.04
0.142 0.182
0.046 0.042
0.006 0.006
0.218 0.252
0.07 0.066
0.084 0.048
0.122 0.144
0.2 0.206
0.162 0.166
0.016 0.034
0.058 0.026
0.144 0.15
0.026 0.004
0.01 0.002
0.004 0.004
0.166 0.156
0.382 0.392
0.296 0.318
0.004 0.006
0.286 0.29
0.1 0.154
0.28 0.274
0.03 0.038
0.158 0.248
0.2 0.196
0.082 0.06
0.262 0.244
0.024 0.032
0.29 0.274
0.052 0.046
0.054 0.056
0.016 0.028
0.314 0.318
0.016 0.038
0.018 0.008
0.012 0.012
0.23 0.306
0.006 0.006
0.088 0.12
0.008 0
0.012 0.012
0.022 0.024
