0.675 0.725
0.2605042 0.2857143
0.7154472 0.7560976
0.815126 0.8571429
0.1525424 0.09322034
0.8709677 0.9435484
0.338843 0.3884298
0.4745763 0.4915254
0.661017 0.6694915
0.8455285 0.8617886
0.06451613 0.1129032
0.7560976 0.6666667
0.7398374 0.699187
0.5583333 0.6333333
0.5121951 0.5284553
0.008403361 0.04201681
0.5508475 0.5084746
0.9416667 0.8666667
0.4132231 0.3223140
0.2479339 0.2727273
0.7235772 0.804878
0.1864407 0.1694915
0.8292683 0.9105691
0.2520325 0.2439024
0.5714286 0.6722689
0.1833333 0.175
0.5284553 0.5691057
0.6829268 0.6910569
0.03305785 0.02479339
0.09756098 0.1869919
0.0909091 0.05785124
0.5423729 0.6016949
0.2314050 0.1735537
0.7457627 0.7372881
0.3666667 0.4083333
0.7723577 0.7560976
0.008403361 0.008403361
0.2881356 0.279661
0.1525424 0.1779661
0.6935484 0.75
0.8016529 0.8181818
0.300813 0.3170732
0.516129 0.4516129
0.8181818 0.7272727
0.07317073 0.04065041
0.2644628 0.3223140
0.6829268 0.6910569
0.06722689 0.1176471
0.9512195 0.9186992
0.9008264 0.9173554
0.2764228 0.2032520
0.5691057 0.4796748
0.7542373 0.7627119
0.1209677 0.1129032
0 0
0.375 0.275
0.3801653 0.2314050
0.1157025 0.1157025
0.05691057 0.01626016
0.6101695 0.5254237
0.7563025 0.815126
0.7235772 0.7804878
0.7235772 0.7560976
0.4576271 0.3644068
0.8292683 0.902439
0.1788618 0.1138211
0.07317073 0.1544715
0.4796748 0.4146341
0.8455285 0.804878
0.338843 0.4214876
0.65 0.6416667
0.796748 0.8292683
0.1322314 0.1239669
0.8780488 0.9105691
0.6666667 0.6747967
0.8099174 0.8016529
0.55 0.6833333
0.6209677 0.6774194
0.8790323 0.8387097
0.7479675 0.699187
0.6446281 0.6528926
0.8292683 0.7804878
0 0.008130081
0.4552846 0.4715447
0.6829268 0.6747967
0.2764228 0.2601626
0.9193548 0.9435484
0.2682927 0.2601626
0.3109244 0.2521008
0.2926829 0.4308943
0.8583333 0.8083333
0.4745763 0.5508475
0.601626 0.6260163
0.2833333 0.2583333
0.1900826 0.3884298
0.8319328 0.8067227
0.3553719 0.2479339
0.398374 0.4471545
0.7154472 0.796748
0.08130081 0.09756098
0.1138211 0.08130081
0.4380165 0.2892562
0.5041322 0.5289256
0.7419355 0.8387097
0.1864407 0.1525424
0.9237288 0.8728814
0.9669421 0.9504132
0.9411765 0.9411765
0.3636364 0.5041322
0.375 0.4083333
0.04958678 0.05785124
0.8512397 0.9173554
0.05084746 0.01694915
0.3870968 0.3145161
0.5284553 0.504065
0.2689076 0.3865546
0.4715447 0.4227642
0.2439024 0.2439024
0.7647059 0.7394958
0.2166667 0.2916667
0.5609756 0.5691057
0.3666667 0.3666667
0.5806452 0.4596774
0.75 0.7416667
0.7142857 0.6470588
0.6115702 0.5619835
0.8512397 0.9421488
0.75 0.7666667
0.5934959 0.6260163
0.07438017 0.04132231
0.9411765 0.907563
0.05785124 0.08264463
0.9411765 0.907563
0.7235772 0.7804878
0.5882353 0.6722689
