0.7317073 0.6341463
0.3529412 0.3445378
0.725 0.8583333
0.6953125 0.6484375
0.008130081 0.008130081
0.9669421 0.9504132
0.5528455 0.5284553
0.4876033 0.4297521
0.605042 0.6386555
0.902439 0.8536585
0.225 0.375
0.5934959 0.5284553
0.7731092 0.7563025
0.3333333 0.4227642
0.6302521 0.697479
0.2096774 0.1935484
0.6890756 0.7310924
0.8362069 0.9568966
0.2682927 0.3252033
0.4715447 0.3495935
0.5762712 0.6355932
0.6178862 0.6260163
0.828125 0.8125
0.0909091 0.09917355
0.2396694 0.1404959
0.1666667 0.1666667
0.4453782 0.5210084
0.4 0.3166667
0.1016949 0.09322034
0.1271186 0.1016949
0.1293103 0.1465517
0.7288136 0.8644068
0.3089431 0.4065041
0.724138 0.6982759
0.7083333 0.6333333
0.6129032 0.6048387
0 0
0.4516129 0.5241935
0.2016129 0.2016129
0.8203125 0.8515625
0.5762712 0.720339
0.06722689 0.1260504
0.1176471 0.1596639
0.6129032 0.5322581
0.03389831 0.05084746
0.5086207 0.5775862
0.7931034 0.7844828
0.3445378 0.3613445
0.8559322 0.9152542
0.8559322 0.8644068
0.5619835 0.4710744
0.504065 0.6097561
0.5625 0.5703125
0.09756098 0.1382114
0.3534483 0.3448276
0.5853659 0.4878049
0.5785124 0.5371901
0.2016807 0.1764706
0.02419355 0.01612903
0.8362069 0.7155172
0.8347107 0.8677686
0.2682927 0.2113821
0.8362069 0.8534483
0.504065 0.4878049
0.9669421 0.9504132
0.2276423 0.2276423
0.1186441 0.09322034
0.359375 0.3125
0.7327586 0.6982759
0.2520325 0.2601626
0.5762712 0.5847458
0.9256198 0.9504132
0.2890625 0.2734375
0.8629032 0.8387097
0.8130081 0.8211382
0.902439 0.9349593
0.4741379 0.3706897
0.637931 0.612069
0.7226891 0.7310924
0.2118644 0.1949153
0.6554622 0.697479
0.7627119 0.6525424
0.04132231 0.08264463
0.0862069 0.06896552
0.05785124 0.1157025
0.0661157 0.04958678
0.9333333 0.8583333
0.398374 0.4552846
0.5203252 0.504065
0.4516129 0.3145161
0.9416667 0.8833333
0.5762712 0.6355932
0.5378151 0.6386555
0.08064516 0.04032258
0.2520325 0.3333333
0.8617886 0.8536585
0.4482759 0.387931
0.3658537 0.3658537
0.7398374 0.6910569
0.4796748 0.4227642
0.1034483 0.1206897
0.4396552 0.4655172
0.6033058 0.5371901
0.8211382 0.699187
0.5725806 0.5967742
0.902439 0.9349593
0.9430894 0.9268293
0.9322034 0.9152542
0.3 0.3833333
0.008064516 0.008064516
0.05882353 0.06722689
0.9568966 0.9568966
0.1 0.1416667
0.35 0.4166667
0.04310345 0.04310345
0.4390244 0.5203252
0.1951220 0.2276423
0.1788618 0.1707317
0.7317073 0.7642276
0.2457627 0.2542373
0.6271186 0.5932203
0.398374 0.3170732
0.45 0.375
0.724138 0.5862069
0.4537815 0.3781513
0.425 0.3833333
0.6890756 0.697479
0.9593496 0.902439
0.6724138 0.5517241
0.2457627 0.2627119
0.9916667 0.9416667
0.3083333 0.3833333
0.8671875 0.8828125
0.7603306 0.6363636
0.6916667 0.725
