0.022 0.01
0.364 0.38
0.018 0.016
0.068 0.076
0.166 0.164
0.01 0
0.1 0.088
0.126 0.166
0.048 0.038
0.01 0.018
0.208 0.202
0.064 0.082
0.068 0.056
0.052 0.042
0.152 0.162
0.172 0.136
0.144 0.196
0.022 0.012
0.124 0.126
0.086 0.078
0.06 0.052
0.16 0.14
0.016 0.022
0.176 0.202
0.322 0.262
0.062 0.074
0.224 0.23
0.108 0.076
0.516 0.538
0.156 0.142
0.04 0.034
0.094 0.06
0.452 0.462
0.016 0.012
0.076 0.064
0.034 0.02
0.318 0.336
0.204 0.216
0.23 0.19
0.014 0.012
0.052 0.052
0.16 0.126
0.296 0.292
0.17 0.182
0.14 0.132
0.038 0.024
0.016 0.016
0.29 0.268
0 0.008
0.006 0.012
0.022 0.03
0.052 0.048
0.048 0.046
0.316 0.27
0.228 0.286
0.044 0.034
0.1 0.084
0.14 0.112
0.482 0.534
0.022 0.02
0.054 0.066
0.082 0.074
0.022 0.02
0.116 0.066
0.012 0.004
0.138 0.146
0.492 0.604
0.096 0.106
0.042 0.054
0.2 0.158
0.172 0.178
0.002 0
0.056 0.064
0.022 0.01
0.034 0.016
0.006 0.006
0.11 0.13
0.054 0.064
0.026 0.032
0.146 0.158
0.028 0.022
0.084 0.082
0.136 0.09
0.102 0.068
0.072 0.092
0.108 0.104
0.006 0
0.244 0.278
0.11 0.116
0.14 0.074
0.014 0.004
0.07 0.046
0.016 0.012
0.142 0.16
0.152 0.1
0.018 0.026
0.22 0.238
0.18 0.14
0.02 0.012
0.118 0.104
0.12 0.108
0.064 0.066
0.06 0.048
0.02 0.006
0.152 0.204
0.002 0.002
0.014 0.002
0.018 0.02
0.196 0.214
0.384 0.442
0.312 0.306
0.018 0.008
0.14 0.186
0.094 0.106
0.18 0.158
0.15 0.146
0.098 0.09
0.316 0.282
0.044 0.038
0.254 0.216
0.04 0.058
0.148 0.156
0.022 0.022
0.054 0.044
0.004 0.014
0.178 0.158
0.004 0
0.01 0.01
0.042 0.062
0.084 0.076
0.006 0.002
0.224 0.208
0.05 0.038
0.028 0.016
0.024 0.026
