0.7903226 0.8064516
0.4871795 0.5042735
0.8278689 0.8688525
0.3675214 0.3931624
0.3675214 0.4017094
0.9344262 0.8688525
0.4262295 0.4754098
0.2735043 0.2136752
0.816 0.784
0.696 0.888
0.5384615 0.4957265
0.6504065 0.7479675
0.5811966 0.4957265
0.4117647 0.4453782
0.394958 0.4705882
0.1764706 0.2605042
0.4583333 0.4333333
0.84 0.792
0.5714286 0.5882353
0.2704918 0.2622951
0.816 0.856
0.4871795 0.4273504
0.8547009 0.8632479
0.2258065 0.2258065
0.1544715 0.2520325
0.184 0.192
0.325 0.225
0.3739837 0.3658537
0.01612903 0.0483871
0.352459 0.3278689
0.2820513 0.1623932
0.5470085 0.6666667
0.3277311 0.3529412
0.7479675 0.8455285
0.487395 0.487395
0.4188034 0.4102564
0.01666667 0.008333333
0.3675214 0.3076923
0.296 0.336
0.8290598 0.7948718
0.872 0.792
0.1788618 0.1626016
0.1025641 0.05982906
0.5726496 0.3675214
0.008403361 0
0.2393162 0.2820513
0.6666667 0.7094017
0.1788618 0.1951220
0.8803419 0.948718
0.882353 0.8991597
0.3361345 0.2605042
0.6935484 0.8145161
0.488 0.44
0.5555556 0.4871795
0.5982906 0.5982906
0.1932773 0.1680672
0.375 0.3583333
0.504 0.512
0.05982906 0.05128205
0.7295082 0.6885246
0.6752137 0.6495726
0.2357724 0.2520325
0.8934426 0.8114754
0.568 0.632
0.936 0.896
0.6721311 0.5819672
0.01612903 0.01612903
0.4416667 0.3416667
0.8278689 0.7213115
0.1774194 0.1935484
0.5403226 0.5887097
0.9349593 0.8617886
0.2833333 0.2916667
0.8833333 0.95
0.768 0.696
0.875 0.95
0.6916667 0.6833333
0.575 0.7583333
0.8034188 0.8632479
0.416 0.424
0.6721311 0.5901639
0.3675214 0.3418803
0.016 0.008
0.1300813 0.1626016
0.06837607 0.07692308
0.3333333 0.3846154
0.9354839 0.8064516
0.3193277 0.3781513
0.1788618 0.1626016
0.1932773 0.2605042
0.91453 0.8632479
0.4796748 0.6504065
0.6666667 0.6747967
0.3252033 0.2926829
0.3162393 0.4786325
0.882353 0.97479
0.1138211 0.1219512
0.1219512 0.3333333
0.4416667 0.5416667
0.1463415 0.1544715
0.4878049 0.4715447
0.296 0.312
0.6068376 0.7179487
0.6065574 0.6065574
0.3846154 0.4358974
0.936 0.968
0.984 0.952
0.9105691 0.9349593
0.5982906 0.5982906
0.2333333 0.175
0.01666667 0.01666667
0.9354839 0.8064516
0.2436975 0.2268908
0.6581197 0.5811966
0.15 0.1083333
0.688 0.696
0.1048387 0.07258065
0.2113821 0.2601626
0.6147541 0.5901639
0.2276423 0.2682927
0.697479 0.7394958
0.1300813 0.1138211
0.616 0.528
0.2520325 0.1707317
0.7583333 0.8083333
0.2032520 0.1626016
0.789916 0.8487395
0.91453 0.8547009
0.6068376 0.6666667
0.04065041 0.07317073
0.7903226 0.733871
0.02459016 0.03278689
0.952 0.968
0.5641026 0.5384615
0.4957265 0.4358974
