0.7024793 0.6942149
0.487395 0.5714286
0.6349206 0.7380952
0.7916667 0.7416667
0.2820513 0.3333333
0.9193548 0.9596774
0.3109244 0.4537815
0.3902439 0.3252033
0.6581197 0.6837607
0.9504132 0.8512397
0.2268908 0.1680672
0.6269841 0.7301587
0.882353 0.9831933
0.3162393 0.3589744
0.5384615 0.5555556
0.0909091 0.0909091
0.3902439 0.4552846
0.6916667 0.8
0.3333333 0.4666667
0.03252033 0.01626016
0.4957983 0.512605
0.1794872 0.3589744
0.7948718 0.8205128
0.3361345 0.2941176
0.04032258 0.08064516
0.4033613 0.5714286
0.2833333 0.25
0.6916667 0.7333333
0.2393162 0.2307692
0.6507937 0.7063492
0.5555556 0.6111111
0.4705882 0.5714286
0.03252033 0.02439024
0.7563025 0.815126
0.5 0.45
0.4715447 0.4634146
0.1428571 0.1428571
0.3140496 0.2396694
0 0.008130081
0.7903226 0.8629032
0.7916667 0.9
0.1008403 0.07563025
0.2564103 0.2307692
0.2314050 0.2148760
0.09243697 0.05882353
0.7380952 0.6746032
0.9112903 0.9274194
0.4049587 0.6859504
0.97479 0.9495798
0.8916667 0.9
0.4621849 0.3193277
0.484127 0.5793651
0.2833333 0.1833333
0.03333333 0.025
0.35 0.375
0.3548387 0.2983871
0.6166667 0.7333333
0.25 0.15
0.07692308 0.02564103
0.796748 0.796748
0.5887097 0.6774194
0.1788618 0.1382114
0.923077 0.7264957
0.5555556 0.6825397
0.9327731 0.9831933
0.1111111 0.05128205
0.2666667 0.2166667
0.1764706 0.1596639
0.8916667 0.875
0.3361345 0.3865546
0.4188034 0.4700855
0.8991597 0.8235294
0.5952381 0.5079365
0.7333333 0.8583333
0.6048387 0.6854839
0.7857143 0.8253968
0.5403226 0.5080645
0.487395 0.4621849
0.5952381 0.6111111
0.4583333 0.525
0.5641026 0.7264957
0.8547009 0.8888889
0.02439024 0.01626016
0.05833333 0.075
0.09756098 0.1138211
0.6532258 0.6370968
0.9416667 0.875
0.5641026 0.5470085
0.6302521 0.5714286
0.3833333 0.5166667
0.882353 0.815126
0.5083333 0.6666667
0.6333333 0.6083333
0.5916667 0.475
0.2857143 0.3529412
0.9761905 0.9047619
0.3083333 0.2666667
0.1984127 0.2142857
0.4920635 0.5793651
0.2314050 0.2479339
0.3666667 0.2583333
0.7936508 0.7301587
0.6859504 0.6198347
0.7310924 0.7310924
0.446281 0.2809917
0.9327731 0.9495798
0.9663866 0.9831933
0.97479 0.9495798
0.4583333 0.625
0.008264463 0
0.1833333 0.2583333
0.8548387 0.9274194
0.5714286 0.7058824
0.375 0.275
0.3361345 0.2941176
0.5793651 0.5634921
0.1176471 0.1680672
0.1111111 0.1507937
0.3361345 0.2941176
0.2352941 0.2268908
0.7692308 0.5811966
0.125 0.15
0.2820513 0.2051282
0.7096774 0.6774194
0.7355372 0.7024793
0.3361345 0.3193277
0.8842975 0.8512397
0.8888889 0.8888889
0.6585366 0.6829268
0.2682927 0.2195122
0.9504132 0.9008264
0.2698413 0.3412698
0.7916667 0.875
0.5882353 0.6134454
0.5454545 0.6363636
