0.12 0.106
0.108 0.128
0.008 0.012
0.022 0.036
0.118 0.076
0.008 0.002
0.184 0.136
0.046 0.028
0.03 0.018
0.01 0.006
0.272 0.23
0.064 0.084
0.032 0.03
0.06 0.04
0.052 0.05
0.25 0.214
0.046 0.05
0.014 0.008
0.12 0.13
0.24 0.224
0.146 0.108
0.082 0.096
0.022 0.016
0.044 0.034
0.034 0.034
0.1 0.088
0.25 0.256
0.028 0.032
0.396 0.398
0.038 0.028
0.222 0.282
0.126 0.088
0.176 0.214
0.032 0.008
0.042 0.048
0.12 0.09
0.268 0.28
0.128 0.108
0.472 0.514
0.046 0.016
0.002 0.008
0.264 0.258
0.176 0.166
0.126 0.136
0.202 0.242
0.076 0.062
0.028 0.032
0.244 0.202
0.006 0.006
0.014 0.006
0.066 0.04
0.034 0.034
0.12 0.148
0.386 0.41
0.09 0.068
0.202 0.25
0.054 0.036
0.066 0.058
0.134 0.106
0.05 0.028
0.038 0.036
0.124 0.164
0.012 0.006
0.124 0.136
0.004 0.01
0.066 0.062
0.398 0.482
0.144 0.172
0.034 0.034
0.202 0.156
0.14 0.134
0.022 0.022
0.07 0.08
0.014 0.02
0.02 0.028
0.04 0.042
0.02 0.024
0.038 0.012
0.05 0.046
0.17 0.162
0.048 0.034
0.03 0.006
0.314 0.32
0.278 0.328
0.028 0.038
0.134 0.122
0.012 0.012
0.032 0.072
0.134 0.156
0.098 0.074
0.022 0.014
0.024 0.016
0.018 0.02
0.286 0.304
0.058 0.06
0.02 0.004
0.216 0.188
0.114 0.106
0.036 0.034
0.152 0.146
0.17 0.162
0.15 0.132
0.044 0.036
0.016 0.034
0.144 0.118
0.022 0.006
0.004 0
0.006 0.01
0.172 0.176
0.168 0.19
0.132 0.13
0.01 0.012
0.202 0.246
0.052 0.03
0.23 0.18
0.156 0.092
0.2 0.152
0.12 0.12
0.034 0.012
0.344 0.346
0.044 0.048
0.238 0.254
0.074 0.072
0.182 0.152
0.024 0.018
0.208 0.224
0.026 0.018
0.006 0.002
0.03 0.008
0.272 0.296
0.002 0.008
0.136 0.116
0.002 0.006
0.062 0.038
0.108 0.076
