0.038 0.036
0.292 0.286
0.038 0.034
0.048 0.066
0.29 0.318
0 0.002
0.03 0.038
0.072 0.064
0.012 0.01
0.044 0.014
0.164 0.156
0.098 0.102
0.026 0.02
0.018 0.024
0.242 0.23
0.258 0.264
0.044 0.036
0.026 0.02
0.118 0.136
0.058 0.04
0.188 0.186
0.202 0.162
0.016 0.014
0.438 0.432
0.12 0.12
0.084 0.076
0.068 0.066
0.026 0.018
0.33 0.31
0.24 0.282
0.394 0.416
0.058 0.038
0.06 0.046
0.056 0.044
0.102 0.096
0.174 0.174
0.384 0.384
0.188 0.162
0.17 0.12
0.074 0.054
0.014 0.012
0.164 0.196
0.316 0.328
0.038 0.032
0.128 0.128
0.028 0.008
0.044 0.02
0.28 0.278
0.014 0.012
0.006 0.014
0.144 0.174
0.014 0.01
0.008 0.018
0.53 0.566
0.12 0.12
0.21 0.208
0.252 0.232
0.194 0.18
0.134 0.124
0.038 0.02
0.042 0.03
0.184 0.204
0.002 0.004
0.076 0.076
0.004 0.004
0.15 0.106
0.282 0.318
0.034 0.044
0.112 0.08
0.092 0.074
0.058 0.05
0.008 0.01
0.004 0.016
0.016 0.018
0.044 0.032
0.02 0.006
0.116 0.128
0.044 0.026
0.096 0.084
0.14 0.124
0.024 0.03
0.032 0.032
0.46 0.464
0.196 0.152
0.138 0.112
0.038 0.036
0.016 0.01
0.11 0.094
0.05 0.064
0.076 0.068
0.006 0.004
0.06 0.058
0.058 0.08
0.13 0.128
0.058 0.032
0.012 0.01
0.278 0.24
0.254 0.202
0.05 0.03
0.256 0.27
0.024 0.014
0.152 0.138
0.022 0.016
0.008 0.016
0.04 0.028
0.008 0.006
0.008 0.002
0.002 0
0.16 0.16
0.172 0.198
0.354 0.388
0.002 0.002
0.308 0.35
0.148 0.158
0.33 0.258
0.128 0.104
0.174 0.132
0.316 0.33
0.012 0.018
0.212 0.23
0.008 0.016
0.06 0.05
0.02 0.02
0.134 0.16
0.028 0.022
0.172 0.218
0.02 0.014
0.002 0.002
0.152 0.154
0.024 0.03
0 0
0.216 0.208
0.002 0.002
0.014 0.022
0.054 0.036
