0.8064516 0.8145161
0.2457627 0.2542373
0.7217391 0.7478261
0.894309 0.8699187
0.1391304 0.1043478
0.9745763 0.9322034
0.5454545 0.5371901
0.5169492 0.5338983
0.7603306 0.7355372
0.7741935 0.8951613
0.1487603 0.1487603
0.5470085 0.4273504
0.9430894 0.9105691
0.4957265 0.7094017
0.07438017 0.09917355
0.1322314 0.1322314
0.338843 0.446281
0.7716535 0.7716535
0.3636364 0.3057851
0.4615385 0.4358974
0.3070866 0.3543307
0.2983871 0.2741935
0.6859504 0.6528926
0.01709402 0.05128205
0.09756098 0.1219512
0.2357724 0.2601626
0.03174603 0.03968254
0.3478261 0.2869565
0.08695652 0.07826087
0.2032520 0.1382114
0.09756098 0.1707317
0.3228346 0.496063
0.1271186 0.06779661
0.6747967 0.7479675
0.6869565 0.573913
0.3813559 0.4322034
0.2521739 0.1304348
0.3217391 0.4
0.3217391 0.4173913
0.7355372 0.5867769
0.6260163 0.8536585
0.06779661 0.04237288
0.1487603 0.1322314
0.5691057 0.3821138
0.2051282 0.1025641
0.1196581 0.05128205
0.6525424 0.6779661
0.04958678 0.04958678
0.8512397 0.8677686
0.9105691 0.804878
0.5454545 0.4214876
0.5748031 0.5275591
0.2936508 0.2936508
0.2983871 0.3629032
0.6324786 0.7179487
0.1709402 0.1367521
0.3983051 0.4491525
0.3826087 0.3565217
0.04237288 0.06779661
0.7317073 0.8455285
0.7033898 0.8050847
0.3412698 0.2698413
0.8512397 0.785124
0.3223140 0.2644628
0.773913 0.8434783
0.4603175 0.3730159
0.6178862 0.5447154
0.3387097 0.2741935
0.7948718 0.7179487
0.5213675 0.6495726
0.6956522 0.6521739
0.8608696 0.8782609
0.5454545 0.4628099
0.8267717 0.8976378
0.8110236 0.7322835
0.957265 0.931624
0.3220339 0.3474576
0.7130435 0.6869565
0.5785124 0.6363636
0.1889764 0.1653543
0.398374 0.5853659
0.5555556 0.5555556
0.2956522 0.2260870
0.1282051 0.1709402
0.0894309 0.09756098
0.1610169 0.1440678
0.7539683 0.7301587
0.6774194 0.5806452
0.7355372 0.768595
0.3089431 0.3252033
0.9430894 0.9105691
0.4878049 0.699187
0.8717949 0.7606838
0.2956522 0.3130435
0.6782609 0.573913
0.8974359 0.91453
0.07438017 0.07438017
0.3968254 0.4126984
0.6935484 0.7016129
0.661157 0.7024793
0.1322314 0.1735537
0.4545455 0.4876033
0.4661017 0.3898305
0.7741935 0.7419355
0.6363636 0.677686
0.9516129 0.8951613
0.9130435 0.9826087
0.8717949 0.8290598
0.2881356 0.3813559
0.0940171 0.05128205
0.04347826 0.05217391
0.9652174 0.9826087
0.05511811 0.05511811
0.4032258 0.483871
0.05217391 0.04347826
0.5785124 0.5785124
0.7033898 0.6440678
0.07438017 0.1157025
0.6864407 0.6694915
0.5042735 0.5042735
0.5238095 0.5714286
0.3305785 0.4380165
0.5254237 0.5508475
0.4132231 0.4876033
0.8130081 0.6747967
0.2682927 0.2601626
0.8699187 0.8699187
0.9756098 0.9674797
0.2682927 0.2113821
0.008130081 0.01626016
0.9756098 0.9674797
0.1282051 0.2905983
0.8629032 0.9516129
0.7539683 0.6825397
0.5702479 0.5867769
