0.014 0.006
0.052 0.046
0 0
0.028 0.022
0.186 0.178
0.004 0
0.052 0.028
0.082 0.098
0.012 0.004
0.004 0.002
0.152 0.152
0.028 0.048
0.014 0.012
0.03 0.044
0.18 0.206
0.142 0.132
0.034 0.016
0.018 0.008
0.018 0.012
0.02 0.022
0.04 0.024
0.074 0.08
0.004 0
0.064 0.044
0.264 0.282
0.052 0.036
0.242 0.298
0.02 0.002
0.466 0.488
0.252 0.256
0.404 0.402
0.248 0.268
0.002 0.006
0.04 0.026
0.012 0.014
0.426 0.424
0.044 0.04
0.228 0.206
0.022 0.016
0.024 0.01
0.034 0.02
0.062 0.094
0.048 0.024
0.01 0.016
0.53 0.608
0.016 0.016
0.036 0.032
0.344 0.28
0 0
0 0
0.02 0.006
0.098 0.048
0.002 0.002
0.292 0.262
0.42 0.414
0.176 0.164
0.076 0.072
0.228 0.208
0.396 0.402
0.002 0.006
0.056 0.05
0.016 0.024
0.024 0.014
0.06 0.032
0 0.002
0.116 0.128
0.166 0.152
0.06 0.052
0.226 0.22
0.006 0.002
0.222 0.226
0.046 0.032
0.006 0.002
0.002 0.002
0.006 0.01
0.004 0.006
0.002 0
0.098 0.068
0.1 0.076
0.026 0.03
0.056 0.06
0.256 0.226
0.018 0.006
0.022 0.04
0.412 0.432
0.1 0.076
0.104 0.084
0.066 0.064
0.01 0.004
0.07 0.04
0.086 0.068
0.148 0.108
0.002 0
0.072 0.038
0.012 0.01
0.332 0.354
0.068 0.038
0.02 0
0.11 0.078
0.368 0.388
0.186 0.138
0.162 0.196
0.158 0.156
0.166 0.138
0.012 0.01
0.018 0.012
0.08 0.062
0.002 0.002
0.002 0.006
0.002 0
0.272 0.284
0.29 0.274
0.41 0.436
0.006 0
0.134 0.156
0.018 0.016
0.314 0.236
0.076 0.054
0.03 0.028
0.044 0.024
0.06 0.07
0.098 0.074
0.004 0.008
0.134 0.178
0.044 0.054
0.004 0.006
0.004 0.004
0.256 0.276
0 0
0.04 0.024
0.15 0.164
0.018 0.006
0.094 0.094
0.006 0.002
0.006 0.022
0.056 0.048
