0.032 0.02
0.152 0.12
0.004 0.002
0.032 0.034
0.146 0.134
0.002 0
0.228 0.18
0.044 0.062
0.006 0.004
0.01 0.004
0.166 0.138
0.018 0.002
0.018 0.02
0.048 0.018
0.132 0.156
0.084 0.094
0.03 0.01
0.004 0
0.036 0.04
0.002 0.012
0.03 0.024
0.024 0.034
0.004 0.002
0.116 0.06
0.176 0.15
0.074 0.042
0.49 0.496
0.042 0.048
0.21 0.198
0.166 0.19
0.446 0.49
0.47 0.464
0.006 0
0.042 0.024
0.02 0.016
0.53 0.564
0.096 0.126
0.284 0.322
0.002 0.014
0.004 0
0.234 0.276
0.032 0.044
0.074 0.092
0.04 0.052
0.454 0.424
0.068 0.038
0.022 0.012
0.296 0.312
0.004 0
0 0
0.008 0.01
0.042 0.052
0.02 0.03
0.338 0.342
0.34 0.38
0.124 0.194
0.03 0.036
0.274 0.204
0.242 0.304
0.006 0.014
0.032 0.01
0.07 0.06
0.008 0.014
0.038 0.046
0.002 0
0.102 0.106
0.118 0.12
0.14 0.12
0.172 0.15
0.018 0.014
0.076 0.072
0.016 0.03
0.004 0.004
0.004 0
0.008 0.004
0.012 0.008
0.004 0
0.072 0.066
0.072 0.078
0.052 0.046
0.002 0.014
0.16 0.194
0.018 0.01
0.032 0.024
0.452 0.414
0.402 0.4
0.35 0.332
0.04 0.03
0 0.004
0.036 0.03
0.026 0.04
0.09 0.086
0.006 0
0.042 0.02
0.024 0.018
0.238 0.244
0.086 0.044
0.01 0.002
0.106 0.094
0.578 0.574
0.18 0.142
0.056 0.068
0.19 0.202
0.074 0.09
0.108 0.124
0.022 0.028
0.082 0.082
0 0
0 0
0 0
0.118 0.126
0.34 0.388
0.326 0.336
0 0
0.292 0.388
0.028 0.026
0.204 0.184
0.038 0.044
0.058 0.06
0.174 0.138
0.04 0.048
0.402 0.372
0.008 0.008
0.168 0.172
0.046 0.058
0.006 0.01
0 0.002
0.22 0.26
0.002 0
0.014 0.02
0.132 0.134
0 0.002
0.414 0.452
0.006 0.006
0.022 0.016
0.018 0.02
