0.006 0.008
0.108 0.074
0.004 0.006
0.02 0.03
0.406 0.38
0.002 0
0.114 0.096
0.03 0.028
0.012 0.004
0.034 0.024
0.142 0.086
0.018 0.026
0.014 0.008
0.038 0.04
0.206 0.21
0.298 0.294
0.01 0.014
0.004 0.004
0.022 0.016
0.006 0.006
0.04 0.026
0.106 0.142
0.004 0.004
0.07 0.06
0.318 0.326
0.044 0.03
0.246 0.236
0.01 0.006
0.484 0.494
0.16 0.204
0.256 0.192
0.364 0.466
0.006 0.004
0.018 0.012
0.054 0.04
0.386 0.446
0.186 0.18
0.524 0.52
0.004 0.006
0.02 0.004
0.102 0.102
0.044 0.046
0.05 0.046
0.008 0.006
0.482 0.5
0.06 0.032
0.012 0.014
0.078 0.082
0 0
0.002 0
0.004 0.002
0.026 0.01
0.012 0.006
0.158 0.204
0.032 0.046
0.308 0.394
0.132 0.126
0.446 0.43
0.262 0.296
0.01 0.004
0.028 0.024
0.022 0.028
0.002 0.002
0.04 0.04
0.002 0
0.036 0.042
0.356 0.378
0.014 0.01
0.168 0.186
0.002 0.002
0.096 0.08
0.092 0.088
0.002 0.002
0.004 0.008
0.004 0.006
0.004 0.006
0.002 0
0.064 0.048
0.024 0.032
0.026 0.052
0.016 0.028
0.212 0.234
0.004 0.014
0.024 0.018
0.306 0.244
0.512 0.536
0.276 0.284
0.036 0.044
0.004 0.004
0.076 0.084
0.048 0.066
0.09 0.046
0.006 0.004
0.08 0.092
0.028 0.032
0.19 0.188
0.062 0.044
0.004 0.002
0.032 0.064
0.512 0.546
0.058 0.044
0.226 0.264
0.05 0.052
0.066 0.098
0.11 0.092
0.022 0.006
0.104 0.082
0.002 0
0.004 0
0.002 0
0.278 0.328
0.358 0.382
0.416 0.364
0 0
0.23 0.25
0.032 0.022
0.148 0.098
0.222 0.246
0.082 0.052
0.174 0.202
0.046 0.052
0.3 0.252
0.004 0
0.26 0.172
0.064 0.082
0.026 0.034
0.01 0.012
0.23 0.24
0 0
0 0.004
0.278 0.308
0.002 0
0.18 0.178
0.006 0
0.016 0.012
0.034 0.034
