0.7142857 0.6904762
0.6299213 0.6377953
0.8655462 0.8739496
0.6638655 0.6386555
0.3565891 0.3255814
0.8347107 0.785124
0.4047619 0.4603175
0.2592593 0.1851852
0.5206612 0.6446281
0.7016129 0.7741935
0.4031008 0.372093
0.3225806 0.4354839
0.6574074 0.6111111
0.6774194 0.6048387
0.3425926 0.2685185
0.1203704 0.1296296
0.6203704 0.5555556
0.8888889 0.8425926
0.4957983 0.487395
0.7165354 0.7322835
0.4354839 0.4354839
0.4214876 0.3801653
0.9105691 0.8861789
0.2396694 0.1818182
0.05555556 0.07407407
0.2698413 0.2698413
0.1008403 0.1008403
0.6203704 0.5925926
0.008130081 0.01626016
0.1596639 0.1428571
0.1496063 0.1496063
0.1018519 0.08333333
0.8292683 0.8861789
0.5241935 0.6048387
0.5 0.5
0 0
0.2276423 0.2845528
0.1239669 0.1239669
0.8347107 0.6528926
0.8518519 0.8425926
0.5447154 0.4796748
0.4919355 0.4919355
0.3565891 0.5426357
0.4628099 0.3801653
0.01652893 0.03305785
0.5882353 0.5798319
0.7154472 0.8861789
0.07407407 0.1296296
0.8709677 0.9032258
0.8536585 0.8861789
0.787037 0.75
0.3719008 0.3801653
0.75 0.766129
0.02521008 0.04201681
0.09917355 0.08264463
0.06481481 0.05555556
0.6574074 0.6296296
0.3613445 0.394958
0.08661417 0.07086614
0.7560976 0.7479675
0.4722222 0.6111111
0.7419355 0.7741935
0.9105691 0.8861789
0.1851852 0.2407407
0.8347107 0.785124
0.512605 0.487395
0.1596639 0.1428571
0.5483871 0.6290323
0.4435484 0.4516129
0.6722689 0.6302521
0.2016807 0.1848739
0.5528455 0.5365854
0.8790323 0.8145161
0.6774194 0.5887097
0.7984496 0.7596899
0.547619 0.6111111
0.787037 0.8425926
0.2685185 0.2870370
0.2698413 0.3333333
0.487395 0.394958
0.4634146 0.4796748
0.06976744 0.1007752
0.5322581 0.6693548
0.7016129 0.5887097
0.06481481 0.0925926
0.03968254 0.04761905
0.2419355 0.2741935
0.4628099 0.4380165
0.8211382 0.8861789
0.8292683 0.8861789
0.6722689 0.5630252
0.248062 0.2868217
0.8655462 0.8739496
0.5925926 0.6111111
0.5925926 0.6944444
0.484127 0.4285714
0.5555556 0.6296296
0.8655462 0.789916
0.4285714 0.3333333
0 0
0.1481481 0.1851852
0.1811024 0.1889764
0.2258065 0.2338710
0.7804878 0.6178862
0.620155 0.5271318
0.4722222 0.4074074
0.3089431 0.2601626
0.9105691 0.8861789
0.8790323 0.8145161
0.8347107 0.785124
0.1653543 0.1811024
0.02419355 0.03225806
0.398374 0.4471545
0.8790323 0.8145161
0.1759259 0.1574074
0.4471545 0.5528455
0.03149606 0.03149606
0.6280992 0.785124
0.5952381 0.547619
0.4227642 0.3739837
0.2195122 0.2032520
0.2016129 0.2016129
0.8455285 0.7886179
0.1296296 0.1296296
0.3148148 0.2592593
0.5967742 0.5322581
0.7419355 0.766129
0.1219512 0.1300813
0.9055118 0.8425197
0.8130081 0.8861789
0.2283465 0.1811024
0.8790323 0.8145161
0.3884298 0.3801653
0.8617886 0.8861789
0.6574074 0.6111111
0.3193277 0.3193277
