0.6290323 0.7903226
0.3162393 0.3589744
0.8688525 0.8770492
0.632 0.592
0.1653543 0.1811024
0.7692308 0.8290598
0.3333333 0.4188034
0.3145161 0.3548387
0.8688525 0.8770492
0.6528926 0.7603306
0.3360656 0.352459
0.7086614 0.5826772
0.8974359 0.7008547
0.84 0.656
0.2479339 0.2479339
0.192 0.192
0.64 0.64
0.84 0.84
0.6612903 0.6451613
0.6068376 0.5897436
0.4297521 0.4380165
0.3149606 0.3700787
0.7983871 0.8629032
0.3145161 0.3629032
0.1532258 0.1129032
0.64 0.736
0.1322314 0.09917355
0.6528926 0.7438017
0.008064516 0.02419355
0.2478632 0.2735043
0 0.008264463
0.05511811 0.03149606
0.8688525 0.7459016
0.5327869 0.5491803
0.8547009 0.7777778
0.04 0.04
0.2148760 0.2479339
0.07692308 0.1452991
0.792 0.872
0.785124 0.8595041
0.3076923 0.2564103
0.5213675 0.5042735
0.4017094 0.4102564
0.677686 0.677686
0.1532258 0.1854839
0.5555556 0.5726496
0.64 0.592
0.064 0.056
0.896 0.872
0.8790323 0.8629032
0.856 0.688
0.4017094 0.4700855
0.8974359 0.8290598
0.1818182 0.1652893
0.06837607 0.07692308
0.2478632 0.2307692
0.5081967 0.4754098
0.07377049 0.09016393
0.03418803 0.01709402
0.8976378 0.7401575
0.6311475 0.5983607
0.664 0.584
0.7692308 0.7008547
0.446281 0.446281
0.904 0.88
0.2396694 0.2066116
0.2479339 0.2479339
0.3223140 0.4545455
0.3675214 0.3504274
0.8842975 0.8595041
0.1338583 0.1417323
0.338843 0.4132231
0.792 0.776
0.8595041 0.8347107
0.8688525 0.7295082
0.736 0.88
0.7768595 0.8595041
0.4628099 0.5206612
0.5041322 0.4545455
0.5645161 0.7741935
0.784 0.584
0.144 0.192
0.7559055 0.8346457
0.6324786 0.6495726
0.1196581 0.1538462
0.016 0.032
0.048 0.088
0.5299145 0.3846154
0.8547009 0.8632479
0.4876033 0.5785124
0.5299145 0.5299145
0.192 0.216
0.8790323 0.8629032
0.5327869 0.5819672
0.8974359 0.7008547
0.136 0.12
0.536 0.584
0.8547009 0.8632479
0.424 0.488
0.02459016 0.008196721
0.2478632 0.3504274
0.2561983 0.1983471
0.3140496 0.2809917
0.2393162 0.2222222
0.4132231 0.4380165
0.6068376 0.6581197
0.4919355 0.5322581
0.904 0.84
0.8974359 0.8290598
0.7637795 0.8346457
0.2396694 0.1983471
0.05982906 0.05982906
0.192 0.184
0.8974359 0.8290598
0.0661157 0.0661157
0.5785124 0.6363636
0.104 0.12
0.3504274 0.4273504
0.4344262 0.3852459
0.28 0.288
0.432 0.424
0.2148760 0.2727273
0.904 0.784
0.2913386 0.3307087
0.7692308 0.6495726
0.7094017 0.6239316
0.8974359 0.8290598
0.3278689 0.3032787
0.8595041 0.8347107
0.7868852 0.8770492
0.208 0.208
0.7692308 0.8290598
0.3076923 0.2820513
0.904 0.88
0.56 0.608
0.5123967 0.5041322
