0.5702479 0.5702479
0.25 0.3275862
0.8706897 0.8362069
0.6363636 0.5867769
0.2295082 0.2622951
0.8706897 0.8362069
0.4741379 0.4655172
0.5371901 0.4876033
0.6363636 0.7438017
0.8606557 0.909836
0.4836066 0.3934426
0.553719 0.5371901
0.7459016 0.6967213
0.5454545 0.5950413
0.1810345 0.2758621
0.2786885 0.2377049
0.5983607 0.6065574
0.7868852 0.909836
0.5867769 0.553719
0.5819672 0.5737705
0.4876033 0.4545455
0.25 0.3103448
0.768 0.864
0.3828125 0.375
0.03448276 0.06896552
0.6967213 0.6229508
0.03968254 0.02380952
0.6850394 0.6062992
0.008196721 0.008196721
0.4094488 0.2834646
0.1587302 0.1666667
0.09482759 0.09482759
0.7672414 0.8189655
0.5950413 0.6033058
0.677686 0.892562
0.2975207 0.3719008
0.3196721 0.3360656
0.2231405 0.2644628
0.7540984 0.8114754
0.724138 0.7931034
0.184 0.176
0.4375 0.421875
0.4206349 0.4365079
0.6896552 0.7931034
0.2068966 0.2413793
0.3984375 0.4296875
0.8103448 0.75
0.03174603 0.03968254
0.887931 0.887931
0.887931 0.887931
0.6825397 0.7301587
0.5079365 0.5952381
0.7107438 0.661157
0.0862069 0.0862069
0.007936508 0.01587302
0.0390625 0.0546875
0.4545455 0.3719008
0.2222222 0.2857143
0.1810345 0.2155172
0.848 0.68
0.4015748 0.4094488
0.7272727 0.6363636
0.8740157 0.8425197
0.3360656 0.3934426
0.942623 0.8442623
0.2786885 0.2622951
0.2440945 0.2362205
0.338843 0.3884298
0.1900826 0.1983471
0.848 0.784
0.5431034 0.4396552
0.4224138 0.4137931
0.904 0.864
0.8189655 0.887931
0.768595 0.7438017
0.6724138 0.6724138
0.8706897 0.8362069
0.4016393 0.4754098
0.4482759 0.3793103
0.768 0.664
0.696 0.632
0.1120690 0.1034483
0.8103448 0.887931
0.6206897 0.5258621
0.1181102 0.1811024
0.0234375 0.0546875
0.2540984 0.1885246
0.5041322 0.4876033
0.8595041 0.892562
0.6115702 0.6363636
0.5819672 0.5163934
0.4051724 0.4396552
0.7844828 0.7931034
0.5655738 0.647541
0.677686 0.6694215
0.09482759 0.06896552
0.3442623 0.3770492
0.892562 0.768595
0.3032787 0.2950820
0.1818182 0.1983471
0.1810345 0.1724138
0.192 0.208
0.2931034 0.2413793
0.4836066 0.4098361
0.446281 0.3719008
0.6206897 0.5862069
0.3688525 0.3934426
0.9344262 0.909836
0.942623 0.8442623
0.887931 0.8189655
0.1229508 0.1147541
0.1120690 0.1120690
0.06896552 0.0862069
0.904 0.864
0.024 0.056
0.6896552 0.6724138
0.0625 0.109375
0.446281 0.4545455
0.4016393 0.3852459
0.5081967 0.3770492
0.5517241 0.4827586
0.06034483 0.01724138
0.8512397 0.8264463
0.1171875 0.09375
0.5454545 0.4710744
0.76 0.72
0.8103448 0.8189655
0.1269841 0.1190476
0.8740157 0.8425197
0.8188976 0.7637795
0.109375 0.09375
0.8968254 0.8888889
0.1889764 0.1811024
0.8099174 0.8677686
0.5344828 0.4741379
0.4958678 0.5371901
