0.7118644 0.6101695
0.4344262 0.3770492
0.7583333 0.7166667
0.785124 0.6942149
0.4067797 0.3474576
0.9008264 0.8264463
0.2 0.275
0.3015873 0.2619048
0.7868852 0.8196721
0.9344262 0.8606557
0.2711864 0.2457627
0.4661017 0.4152542
0.6639344 0.7213115
0.625 0.575
0.4416667 0.3916667
0.125 0.09166667
0.6311475 0.4918033
0.852459 0.8606557
0.6218487 0.7058824
0.4754098 0.4262295
0.4206349 0.4126984
0.487395 0.4201681
0.696 0.816
0.2542373 0.2457627
0.3671875 0.3828125
0.4508197 0.5081967
0.1596639 0.1176471
0.6 0.576
0.06722689 0.06722689
0.2142857 0.1507937
0.01694915 0.008474576
0.3442623 0.2786885
0.8934426 0.7540984
0.5932203 0.6101695
0.6806723 0.7142857
0.008130081 0
0.275 0.2833333
0.032 0.04
0.7583333 0.8
0.785124 0.7520661
0.096 0.064
0.5609756 0.5203252
0.375 0.4609375
0.9008264 0.6942149
0.1382114 0.1463415
0.5371901 0.553719
0.795082 0.8196721
0.3658537 0.4390244
0.8474576 0.838983
0.9344262 0.8606557
0.875 0.8125
0.416 0.472
0.78125 0.8125
0.05785124 0.05785124
0.04761905 0.03174603
0.072 0.064
0.302521 0.2605042
0.1694915 0.1610169
0.04132231 0.02479339
0.7868852 0.7540984
0.6033058 0.6033058
0.4444444 0.5
0.8833333 0.725
0.3359375 0.3515625
0.8536585 0.8373984
0.384 0.312
0.1610169 0.1949153
0.4710744 0.4710744
0.1680672 0.1008403
0.848 0.728
0.2016807 0.2184874
0.3833333 0.325
0.7723577 0.8373984
0.6829268 0.6747967
0.8474576 0.7288136
0.8655462 0.7310924
0.7966102 0.838983
0.5491803 0.5737705
0.4833333 0.4666667
0.625 0.6796875
0.6440678 0.6016949
0.3833333 0.325
0.8655462 0.7983193
0.661017 0.5932203
0.1393443 0.2131148
0.03278689 0.03278689
0.2352941 0.2100840
0.4098361 0.4016393
0.7731092 0.7983193
0.696 0.68
0.6218487 0.7310924
0.32 0.296
0.852459 0.8606557
0.5934959 0.6666667
0.647541 0.7213115
0.1825397 0.1507937
0.4710744 0.4793388
0.8536585 0.7723577
0.2276423 0.3577236
0.05882353 0.05882353
0.3529412 0.4285714
0.192 0.184
0.4296875 0.3515625
0.2521008 0.2436975
0.175 0.1833333
0.675 0.6833333
0.352459 0.3852459
0.8474576 0.838983
0.9344262 0.8606557
0.9344262 0.8606557
0.1788618 0.1707317
0.08264463 0.07438017
0.03968254 0.03968254
0.9008264 0.8264463
0.2 0.25
0.6311475 0.5983607
0.05555556 0.1111111
0.4344262 0.3770492
0.4523810 0.5238095
0.3852459 0.4344262
0.5934959 0.495935
0.2066116 0.2148760
0.7723577 0.8373984
0.075 0.08333333
0.5163934 0.4672131
0.6949153 0.7288136
0.725 0.7166667
0.1157025 0.1404959
0.8360656 0.8606557
0.8174603 0.7698413
0.1932773 0.1428571
0.8934426 0.8196721
0.2288136 0.220339
0.9008264 0.8264463
0.6525424 0.6101695
0.4609375 0.46875
