0.1417910 0.1119403
0.2074074 0.2074074
0.4402985 0.3358209
0.2805755 0.2014388
0.125 0.1176471
0.2558140 0.6666667
0.2325581 0.2248062
0.124031 0.124031
0.1510791 0.1510791
0.5970149 0.3880597
0.323741 0.4676259
0.1716418 0.1567164
0.4244604 0.3884892
0.2910448 0.4477612
0.7333333 0.8518519
0.1567164 0.1567164
0.1176471 0.1397059
0.3565891 0.4418605
0.2518519 0.2740741
0.2592593 0.3259259
0.562963 0.5037037
0.1510791 0.1510791
0.1470588 0.1838235
0.1407407 0.1259259
0.1119403 0.1119403
0.125 0.1102941
0.2518519 0.3481481
0.5116279 0.3488372
0.2058824 0.3382353
0.1777778 0.1629630
0.1119403 0.1119403
0.1544118 0.1691176
0.1726619 0.1654676
0.4666667 0.4222222
0.1716418 0.1716418
0.3529412 0.375
0.2222222 0.2
0.1619718 0.1478873
0.589928 0.3381295
0.1417910 0.1268657
0.4031008 0.4108527
0.1937984 0.1782946
0.125 0.1176471
0.3161765 0.2279412
0.2635659 0.2170543
0.1294964 0.1294964
0.5294118 0.4779412
0.5970149 0.6641791
0.4172662 0.5035971
0.2518519 0.2222222
0.1481481 0.1925926
0.2816901 0.2816901
0.3565891 0.5581395
0.4029851 0.2910448
0.1870504 0.1366906
0.1940299 0.3432836
0.1791045 0.2761194
0.5820896 0.6641791
0.2 0.2148148
0.1343284 0.1268657
0.5220588 0.7058824
0.4172662 0.4748201
0.9552239 0.9925373
0.4148148 0.5259259
0.1111111 0.1111111
0.7867647 0.8014706
0.1417910 0.1268657
0.738806 0.5447761
0.2573529 0.4485294
0.496124 0.4031008
0.2205882 0.2205882
0.1716418 0.1791045
0.4244604 0.4460432
0.1343284 0.1268657
0.3235294 0.1691176
0.6865672 0.4925373
0.3629630 0.3777778
0.4014085 0.471831
0.1782946 0.1395349
0.4806202 0.4806202
0.1407407 0.1777778
0.6865672 0.5522388
0.1395349 0.1627907
0.3381295 0.3597122
0.4883721 0.3023256
0.125 0.1470588
0.1029412 0.125
0.1395349 0.1472868
0.5107914 0.618705
0.6115108 0.6690647
0.2313433 0.1641791
0.1617647 0.2867647
0.1343284 0.1268657
0.1417910 0.3059701
0.1777778 0.2074074
0.4666667 0.437037
0.1860465 0.1627907
0.1119403 0.1119403
0.1029412 0.3235294
0.1102941 0.1102941
0.6296296 0.6666667
0.1102941 0.1102941
0.2666667 0.2370370
0.3134328 0.2835821
0.4929577 0.5774648
0.6296296 0.5555556
0.9084507 0.8239437
0.1119403 0.1044776
0.3093525 0.3741007
0.4850746 0.5373134
0.125 0.1470588
0.874074 0.7777778
0.1726619 0.1798561
0.1417910 0.1343284
0.2941176 0.4411765
0.1619718 0.2112676
0.2248062 0.1860465
0.2647059 0.1911765
0.3884892 0.3884892
0.1985294 0.3529412
0.2661871 0.2230216
0.1333333 0.1259259
0.2 0.2148148
0.5597015 0.3208955
0.1937984 0.1782946
0.124031 0.124031
0.6906475 0.5035971
0.1925926 0.2148148
0.6074074 0.5407407
0.1197183 0.1267606
0.3185185 0.3333333
0.1911765 0.1544118
0.2426471 0.2647059
0.3798450 0.4496124
0.2444444 0.2370370
0.2325581 0.2248062
0.1691176 0.1617647
0.3259259 0.4
0.4388489 0.3956835
0.1343284 0.1268657
0.2302158 0.1726619
0.1317829 0.124031
0.2426471 0.1691176
0.1760563 0.1760563
0.1726619 0.2446043
0.1851852 0.2
0.6940299 0.6492537
0.2302158 0.1942446
0.2720588 0.375
0.1338028 0.1478873
0.4074074 0.3333333
