0.8345324 0.7482014
0.1162791 0.1085271
0.3453237 0.5683453
0.4492754 0.3405797
0.1510791 0.1438849
0.7101449 0.4347826
0.2230216 0.1726619
0.1212121 0.1212121
0.8712121 0.8560606
0.1470588 0.1323529
0.1605839 0.1970803
0.1417910 0.1119403
0.4318182 0.3863636
0.3503650 0.3576642
0.1605839 0.1386861
0.1259259 0.1185185
0.1176471 0.125
0.2790698 0.2713178
0.1386861 0.1386861
0.1666667 0.1594203
0.4852941 0.4191176
0.6666667 0.4090909
0.1162791 0.1162791
0.4341085 0.2558140
0.1111111 0.1185185
0.1550388 0.1395349
0.4044118 0.3161765
0.3043478 0.1594203
0.1162791 0.1472868
0.1428571 0.1285714
0.1167883 0.1167883
0.4626866 0.4552239
0.3956835 0.5683453
0.4263566 0.5348837
0.6834532 0.5683453
0.1268657 0.1791045
0.1449275 0.1159420
0.1212121 0.1212121
0.1386861 0.1386861
0.2558140 0.2403101
0.3208955 0.1865672
0.1294964 0.1438849
0.530303 0.6666667
0.1666667 0.1666667
0.4565217 0.4637681
0.3884892 0.2805755
0.2573529 0.1985294
0.3309353 0.1726619
0.2 0.2148148
0.3798450 0.2868217
0.1438849 0.1366906
0.2611940 0.1865672
0.3453237 0.2877698
0.2071429 0.2142857
0.3065693 0.3430657
0.1791045 0.1865672
0.2647059 0.4558824
0.874074 0.7777778
0.5357143 0.2785714
0.7101449 0.4855072
0.8 0.85
0.1550388 0.1317829
0.125 0.125
0.2878788 0.2424242
0.1472868 0.1550388
0.2835821 0.2910448
0.7259259 0.8444444
0.1605839 0.1459854
0.496124 0.5271318
0.2878788 0.2121212
0.1176471 0.1176471
0.437037 0.3407407
0.6511628 0.4418605
0.1162791 0.1317829
0.1691176 0.2058824
0.837037 0.7481481
0.1582734 0.1223022
0.1162791 0.1085271
0.442029 0.2971014
0.2248062 0.2170543
0.1397059 0.1323529
0.2835821 0.3208955
0.1395349 0.1317829
0.2727273 0.1742424
0.8623188 0.7753623
0.5182482 0.5547445
0.1212121 0.1212121
0.2089552 0.2014925
0.1357143 0.1357143
0.2446043 0.2805755
0.35 0.3
0.1716418 0.1268657
0.4402985 0.3358209
0.1167883 0.1167883
0.2814815 0.2222222
0.5107914 0.6978417
0.4740741 0.3333333
0.1214286 0.1214286
0.1742424 0.2121212
0.1185185 0.1111111
0.1571429 0.2142857
0.09701493 0.09701493
0.3453237 0.1798561
0.3481481 0.2444444
0.3656716 0.2388060
0.1641791 0.1119403
0.1357143 0.1285714
0.1119403 0.1119403
0.1666667 0.1439394
0.2352941 0.2205882
0.2370370 0.2666667
0.2558140 0.2325581
0.2805755 0.3669065
0.1294964 0.1223022
0.3161765 0.4191176
0.1956522 0.1159420
0.1240876 0.1386861
0.2086331 0.1726619
0.3939394 0.3560606
0.620438 0.4452555
0.2348485 0.1893939
0.3560606 0.4393939
0.1294964 0.1366906
0.1366906 0.1582734
0.3863636 0.4090909
0.2558140 0.1550388
0.5746269 0.4029851
0.3602941 0.4191176
0.6115108 0.352518
0.1654676 0.1438849
0.3059701 0.3358209
0.1214286 0.1214286
0.8768116 0.8913043
0.2740741 0.1925926
0.1798561 0.1366906
0.1085271 0.1007752
0.1151079 0.1151079
0.1555556 0.1407407
0.2898551 0.2536232
0.7883212 0.6861314
0.7777778 0.5481481
0.1785714 0.15
0.2878788 0.2727273
0.1363636 0.1287879
0.1472868 0.1550388
0.637037 0.5185185
0.3488372 0.2868217
0.9852941 0.9191176
0.1521739 0.1521739
0.6838235 0.7279412
0.2335766 0.3722628
