0.2463768 0.384058
0.1194030 0.1119403
0.2042254 0.2323944
0.1221374 0.1832061
0.1832061 0.2061069
0.3649635 0.3211679
0.1102941 0.1102941
0.1167883 0.1167883
0.1323529 0.1176471
0.1481481 0.1333333
0.1716418 0.1492537
0.1268657 0.1119403
0.1374046 0.1679389
0.1617647 0.1911765
0.1197183 0.1056338
0.1353383 0.1654135
0.1313869 0.1824818
0.4045802 0.3206107
0.2746479 0.2183099
0.1221374 0.1145038
0.2290076 0.1908397
0.2556391 0.3082707
0.1014493 0.1014493
0.1449275 0.2028986
0.1221374 0.1755725
0.1194030 0.1194030
0.1386861 0.2554745
0.733813 0.6834532
0.1185185 0.1185185
0.1691176 0.1470588
0.1159420 0.1086957
0.1942446 0.2589928
0.2556391 0.3082707
0.1481481 0.1333333
0.4222222 0.4962963
0.1716418 0.1641791
0.1338028 0.1267606
0.1167883 0.1167883
0.3656716 0.3208955
0.1870504 0.1654676
0.3587786 0.2519084
0.1221374 0.1832061
0.4057971 0.4855072
0.4580153 0.648855
0.3481481 0.2962963
0.1654676 0.1726619
0.2518519 0.1407407
0.4135338 0.4285714
0.3432836 0.380597
0.1194030 0.1119403
0.1221374 0.1450382
0.2074074 0.1777778
0.4135338 0.443609
0.5522388 0.3358209
0.7913669 0.5179856
0.2302158 0.2230216
0.3014706 0.4485294
0.5877863 0.7633588
0.3816794 0.4122137
0.1259259 0.1333333
0.3984962 0.3759398
0.2985075 0.2611940
0.3357664 0.3503650
0.3661972 0.471831
0.1343284 0.1417910
0.4850746 0.5074627
0.4202899 0.5072464
0.1544118 0.1544118
0.2748092 0.2900763
0.2323944 0.3380282
0.1014493 0.1014493
0.25 0.2132353
0.6044776 0.641791
0.1223022 0.1223022
0.5112782 0.406015
0.6240602 0.7443609
0.3358209 0.4925373
0.4087591 0.3503650
0.2686567 0.2388060
0.4087591 0.4087591
0.1492537 0.1194030
0.3432836 0.3507463
0.1056338 0.1056338
0.1678832 0.1532847
0.4402985 0.3656716
0.7826087 0.5652174
0.1449275 0.1666667
0.3014706 0.3897059
0.1366906 0.1438849
0.1259259 0.1185185
0.3358209 0.2611940
0.3582090 0.3507463
0.2910448 0.5522388
0.1481481 0.1259259
0.1832061 0.389313
0.2835821 0.2313433
0.5808824 0.617647
0.1119403 0.1119403
0.1777778 0.1333333
0.1865672 0.1641791
0.4360902 0.3458647
0.1470588 0.1544118
0.1954887 0.2180451
0.6521739 0.4275362
0.4029851 0.380597
0.3450704 0.2816901
0.2 0.1407407
0.1185185 0.1185185
0.4460432 0.4892086
0.2740741 0.2
0.2671756 0.1908397
0.3014706 0.4191176
0.2706767 0.2406015
0.1510791 0.2014388
0.4202899 0.2681159
0.2463768 0.4275362
0.1240876 0.1167883
0.4477612 0.5074627
0.1343284 0.1417910
0.1791045 0.1641791
0.6616541 0.5338346
0.6044776 0.6343284
0.1167883 0.1167883
0.4135338 0.3834586
0.519084 0.3969466
0.09923664 0.09923664
0.6934307 0.6423358
0.7593985 0.5037594
0.4518519 0.6666667
0.3282443 0.2977099
0.1417910 0.1343284
0.1366906 0.1223022
0.5714286 0.3308271
0.3656716 0.2537313
0.1119403 0.1119403
0.1690141 0.1549296
0.1102941 0.1102941
0.3211679 0.3065693
0.3357664 0.3503650
0.7238806 0.5298507
0.3161765 0.2132353
0.406015 0.2857143
0.3884892 0.3597122
0.1259259 0.1185185
0.1397059 0.1764706
0.5942029 0.731884
0.3007519 0.3007519
0.2180451 0.2406015
0.1764706 0.1470588
0.3816794 0.2519084
0.1716418 0.1492537
