0.1450382 0.1450382
0.1231884 0.1231884
0.970803 0.8686131
0.8029197 0.7226277
0.1176471 0.125
0.4782609 0.5507246
0.1764706 0.1397059
0.3357664 0.2335766
0.5036496 0.5328467
0.1021898 0.1021898
0.4580153 0.3664122
0.1532847 0.1313869
0.5851852 0.4296296
0.2137405 0.2137405
0.5112782 0.443609
0.1629630 0.1629630
0.1603053 0.3053435
0.1984733 0.1984733
0.7777778 0.874074
0.5588235 0.5073529
0.5555556 0.4296296
0.3358779 0.2137405
0.1629630 0.1629630
0.3206107 0.3282443
0.1127820 0.1127820
0.1221374 0.1221374
0.129771 0.1374046
0.1755725 0.1832061
0.1376812 0.1231884
0.1386861 0.1313869
0.1231884 0.1231884
0.6390977 0.6466165
0.7480916 0.5877863
0.1386861 0.1313869
0.3664122 0.4122137
0.1167883 0.1240876
0.2116788 0.1751825
0.1127820 0.1127820
0.3357664 0.2846715
0.2137405 0.1908397
0.7007299 0.5109489
0.1629630 0.1555556
0.3511450 0.3053435
0.6029412 0.5147059
0.2366412 0.1526718
0.6715328 0.6131387
0.7557252 0.648855
0.3587786 0.3816794
0.5801527 0.5038168
0.1127820 0.1127820
0.1167883 0.1824818
0.3868613 0.3430657
0.4296296 0.5481481
0.4427481 0.4656489
0.8759124 0.7445255
0.6740741 0.6666667
0.09489051 0.1021898
0.6350365 0.6423358
0.3629630 0.4148148
0.1313869 0.1240876
0.1374046 0.1374046
0.1278195 0.1127820
0.1832061 0.1832061
0.2083333 0.1597222
0.1832061 0.1984733
0.3664122 0.2442748
0.3970588 0.7867647
0.2189781 0.270073
0.481203 0.5639098
0.4927536 0.5217391
0.1605839 0.1313869
0.4338235 0.2941176
0.5912409 0.8321168
0.1221374 0.1832061
0.1127820 0.1127820
0.5367647 0.5147059
0.1751825 0.1751825
0.4444444 0.4962963
0.5338346 0.6541353
0.7894737 0.7142857
0.1221374 0.1374046
0.6444444 0.6518519
0.1313869 0.1313869
0.2481752 0.3284672
0.2708333 0.3194444
0.3816794 0.4122137
0.1127820 0.1127820
0.1111111 0.1111111
0.4122137 0.4122137
0.2481203 0.3684211
0.3868613 0.3211679
0.1532847 0.1897810
0.3382353 0.4044118
0.1374046 0.1603053
0.1526718 0.1679389
0.2627737 0.3065693
0.5109489 0.5547445
0.1231884 0.1231884
0.09489051 0.1167883
0.3235294 0.4117647
0.270073 0.2773723
0.1127820 0.1127820
0.610687 0.4732824
0.9264706 0.8382353
0.2638889 0.2291667
0.3722628 0.4233577
0.4347826 0.4202899
0.1127820 0.1127820
0.4 0.4
0.3623188 0.4347826
0.1203008 0.1127820
0.4274809 0.4122137
0.3284672 0.4233577
0.1231884 0.1231884
0.3611111 0.5416667
0.1458333 0.1527778
0.1221374 0.1221374
0.4580153 0.3053435
0.2137405 0.2366412
0.3284672 0.2116788
0.649635 0.5474453
0.1176471 0.1176471
0.1021898 0.1240876
0.1764706 0.1691176
0.5267176 0.5343511
0.1617647 0.2132353
0.1804511 0.1578947
0.1323529 0.125
0.3235294 0.2573529
0.3282443 0.3435115
0.1021898 0.1459854
0.1374046 0.1374046
0.4890511 0.5255474
0.6030534 0.648855
0.4652778 0.5138889
0.1231884 0.1231884
0.1167883 0.1532847
0.6917293 0.8045113
0.9565217 0.7971014
0.1526718 0.1450382
0.3333333 0.2753623
0.1221374 0.1221374
0.2592593 0.2592593
0.1231884 0.1231884
0.1897810 0.2846715
0.3851852 0.4740741
0.3138686 0.2919708
0.2554745 0.2846715
0.6962963 0.5481481
0.6466165 0.4736842
0.2361111 0.2013889
