0.1376812 0.1376812
0.1353383 0.1428571
0.1353383 0.1428571
0.3741007 0.5467626
0.1119403 0.1119403
0.2538462 0.2538462
0.1278195 0.1353383
0.1449275 0.1376812
0.2765957 0.3687943
0.1159420 0.1376812
0.2695035 0.3546099
0.1729323 0.1503759
0.1729323 0.2255639
0.2686567 0.5820896
0.3082707 0.2706767
0.1366906 0.1294964
0.1307692 0.1230769
0.8057554 0.8057554
0.1353383 0.1578947
0.3157895 0.2255639
0.2805755 0.2733813
0.2781955 0.2180451
0.1231884 0.1231884
0.2761194 0.2835821
0.2153846 0.4076923
0.1153846 0.1076923
0.4511278 0.5639098
0.3007519 0.3458647
0.1428571 0.1278195
0.1151079 0.1151079
0.1119403 0.1119403
0.3684211 0.406015
0.1376812 0.1376812
0.2765957 0.3546099
0.5615385 0.2769231
0.1879699 0.1879699
0.1151079 0.1366906
0.3007519 0.2406015
0.1376812 0.1376812
0.2153846 0.2076923
0.2446043 0.2446043
0.1307692 0.1230769
0.1510791 0.2733813
0.3684211 0.2706767
0.1879699 0.1654135
0.5434783 0.557971
0.4104478 0.2686567
0.7194245 0.8417266
0.4710145 0.3188406
0.1716418 0.1716418
0.1127820 0.1052632
0.1654135 0.1879699
0.6791045 0.4104478
0.1956522 0.2753623
0.1729323 0.1729323
0.4769231 0.4692308
0.589928 0.5971223
0.5789474 0.6691729
0.3834586 0.4511278
0.1127820 0.1278195
0.6466165 0.3533835
0.294964 0.2086331
0.4676259 0.5611511
0.2538462 0.2230769
0.1294964 0.1294964
0.4179104 0.3432836
0.5488722 0.6541353
0.5769231 0.3538462
0.2446043 0.2374101
0.7293233 0.7669173
0.1127820 0.1203008
0.2517986 0.3381295
0.323741 0.5539568
0.3021583 0.2589928
0.8270677 0.7443609
0.2631579 0.6541353
0.3741007 0.5107914
0.6241135 0.5177305
0.2446043 0.2446043
0.1702128 0.1489362
0.1879699 0.1954887
0.5827338 0.6690647
0.1119403 0.1119403
0.3758865 0.4539007
0.4736842 0.4210526
0.3230769 0.2076923
0.1119403 0.1268657
0.1203008 0.1278195
0.6616541 0.3609023
0.2014388 0.2230216
0.2153846 0.1230769
0.1119403 0.1119403
0.9208633 0.8489209
0.1276596 0.1418440
0.1153846 0.1153846
0.1729323 0.1729323
0.5639098 0.2857143
0.1007194 0.1007194
0.2302158 0.1798561
0.2164179 0.1865672
0.2692308 0.2076923
0.1230769 0.1230769
0.5886525 0.4751773
0.5746269 0.3656716
0.1729323 0.2481203
0.2330827 0.2857143
0.647482 0.6546763
0.2246377 0.2173913
0.2781955 0.1879699
0.2517986 0.2374101
0.1879699 0.1203008
0.2631579 0.1879699
0.2446043 0.1726619
0.1804511 0.2180451
0.2631579 0.1879699
0.1203008 0.1278195
0.1449275 0.1811594
0.4615385 0.3153846
0.2374101 0.2086331
0.7913669 0.8129496
0.2538462 0.2538462
0.1582734 0.1510791
0.1153846 0.1076923
0.1268657 0.1268657
0.5864662 0.4511278
0.1366906 0.1079137
0.5112782 0.5037594
0.2462687 0.1865672
0.3120567 0.1843972
0.443609 0.3157895
0.1159420 0.1159420
0.1203008 0.1278195
0.4661654 0.5037594
0.6115108 0.6834532
0.6541353 0.7669173
0.1578947 0.1804511
0.2105263 0.1954887
0.294964 0.2302158
0.4850746 0.7164179
0.7923077 0.5076923
0.3383459 0.5263158
0.1294964 0.1223022
0.1954887 0.1278195
0.1294964 0.1438849
0.1052632 0.09774436
0.7753623 0.7971014
0.1702128 0.2340426
0.3076923 0.2769231
0.676259 0.3597122
0.4 0.2538462
0.8955224 0.8880597
