0.1958042 0.2447552
0.1627907 0.1860465
0.6076923 0.7538462
0.1824818 0.1824818
0.2132353 0.1764706
0.3461538 0.3846154
0.1230769 0.1230769
0.1492537 0.1716418
0.6428571 0.5214286
0.09848485 0.1060606
0.1307692 0.1307692
0.1162791 0.1162791
0.6044776 0.5895522
0.5839416 0.729927
0.1007194 0.1007194
0.125 0.125
0.1459854 0.1459854
0.3 0.2615385
0.2325581 0.4418605
0.2403101 0.1860465
0.2384615 0.2538462
0.3484848 0.1893939
0.1162791 0.1782946
0.5107914 0.7122302
0.1417910 0.1641791
0.2424242 0.1969697
0.3181818 0.5530303
0.4402985 0.3358209
0.1223022 0.1007194
0.1268657 0.1268657
0.1021898 0.1021898
0.676259 0.4532374
0.617647 0.3970588
0.5928571 0.75
0.4485294 0.5147059
0.1071429 0.1428571
0.09848485 0.1060606
0.1428571 0.1214286
0.2992701 0.3357664
0.1615385 0.1846154
0.2357143 0.35
0.09848485 0.1287879
0.2461538 0.2230769
0.1384615 0.1307692
0.2045455 0.1818182
0.3453237 0.4388489
0.2877698 0.2374101
0.2587413 0.2167832
0.3741007 0.3453237
0.1317829 0.1550388
0.1007194 0.1007194
0.4186047 0.3100775
0.2325581 0.2713178
0.381295 0.2374101
0.2661871 0.3884892
0.4714286 0.35
0.09848485 0.1287879
0.4892086 0.5251799
0.09848485 0.1060606
0.25 0.1893939
0.2867133 0.2517483
0.1240876 0.1459854
0.2352941 0.2573529
0.5074627 0.5
0.2992701 0.4744526
0.5757576 0.689394
0.4475524 0.2517483
0.2769231 0.2923077
0.6307692 0.6384615
0.1550388 0.2093023
0.1617647 0.1764706
0.9779412 0.882353
0.1317829 0.1395349
0.1007194 0.1007194
0.5658915 0.4108527
0.2313433 0.3059701
0.1268657 0.1268657
0.1911765 0.2058824
0.4573643 0.248062
0.2015504 0.2170543
0.1764706 0.1764706
0.1459854 0.1605839
0.1071429 0.1071429
0.3923077 0.4384615
0.3382353 0.3382353
0.618705 0.6330935
0.1459854 0.1459854
0.1538462 0.1615385
0.9635036 0.7737226
0.2424242 0.2954545
0.2045455 0.1590909
0.3560606 0.2727273
0.1438849 0.1007194
0.1958042 0.1888112
0.2945736 0.3100775
0.1438849 0.1294964
0.4545455 0.5454545
0.1007194 0.1223022
0.1461538 0.1615385
0.1151079 0.1151079
0.6993007 0.8041958
0.1769231 0.3615385
0.2769231 0.1923077
0.7089552 0.4029851
0.6434109 0.503876
0.2015504 0.1860465
0.5813953 0.5116279
0.5251799 0.3956835
0.459854 0.4744526
0.1538462 0.1461538
0.7462687 0.7686567
0.1782946 0.1860465
0.3643411 0.3255814
0.1071429 0.1071429
0.1438849 0.1654676
0.1716418 0.1716418
0.1470588 0.1617647
0.2086331 0.2517986
0.3076923 0.2076923
0.8208955 0.6044776
0.2307692 0.2076923
0.3669065 0.2517986
0.125 0.125
0.1459854 0.1459854
0.8201439 0.8489209
0.1615385 0.1538462
0.5895522 0.5820896
0.1167883 0.1386861
0.125 0.125
0.3381295 0.4532374
0.4552239 0.4850746
0.1021898 0.1021898
0.2374101 0.4028777
0.1742424 0.2272727
0.1865672 0.2462687
0.1764706 0.1838235
0.1060606 0.09848485
0.1911765 0.1838235
0.1428571 0.1214286
0.7651515 0.5909091
0.1212121 0.1212121
0.1716418 0.1716418
0.25 0.1714286
0.1162791 0.124031
0.1071429 0.1071429
0.1307692 0.1307692
0.2313433 0.2686567
0.4195804 0.3426573
0.1162791 0.1472868
0.7121212 0.3560606
0.3023256 0.2403101
