0.1940299 0.1791045
0.1470588 0.1470588
0.3533835 0.3759398
0.2222222 0.2222222
0.1176471 0.1176471
0.3382353 0.1985294
0.1127820 0.1127820
0.3823529 0.3897059
0.2888889 0.2370370
0.1407407 0.1185185
0.4179104 0.4328358
0.2537313 0.2388060
0.4444444 0.5851852
0.8296296 0.5037037
0.3356643 0.2587413
0.1791045 0.1567164
0.1397059 0.1176471
0.6766917 0.556391
0.2647059 0.1838235
0.1333333 0.1851852
0.1751825 0.2262774
0.562963 0.4592593
0.2014925 0.1716418
0.1203008 0.1203008
0.2444444 0.1925926
0.125 0.1470588
0.4360902 0.3834586
0.375 0.375
0.1111111 0.1259259
0.1470588 0.1470588
0.1851852 0.1407407
0.6934307 0.5839416
0.4328358 0.5970149
0.1428571 0.1353383
0.7132353 0.5661765
0.2761194 0.3880597
0.1185185 0.1037037
0.1044776 0.1044776
0.2781955 0.2631579
0.2027972 0.1958042
0.6617647 0.6397059
0.1044776 0.1044776
0.4558824 0.3382353
0.4552239 0.380597
0.3629630 0.437037
0.2573529 0.1838235
0.1617647 0.1617647
0.2313433 0.2686567
0.4074074 0.3185185
0.1268657 0.1194030
0.1278195 0.1353383
0.6838235 0.7132353
0.8455882 0.7352941
0.3382353 0.2720588
0.4615385 0.4615385
0.7832168 0.7622378
0.5955882 0.4705882
0.6119403 0.5447761
0.3283582 0.2910448
0.1323529 0.1323529
0.6029412 0.6691176
0.8970588 0.867647
0.1940299 0.2164179
0.2014925 0.2910448
0.1323529 0.1323529
0.2666667 0.2
0.2941176 0.2941176
0.4850746 0.6044776
0.1691176 0.1838235
0.1503759 0.1578947
0.1578947 0.1278195
0.2647059 0.3676471
0.4477612 0.2238806
0.1629630 0.1259259
0.562963 0.3629630
0.380597 0.3731343
0.4328358 0.4328358
0.5037037 0.5185185
0.1203008 0.1278195
0.2444444 0.1703704
0.1203008 0.1203008
0.5944056 0.6923077
0.1194030 0.1194030
0.5777778 0.5851852
0.1044776 0.1343284
0.5037037 0.4740741
0.1386861 0.1386861
0.1278195 0.1278195
0.3382353 0.3529412
0.1176471 0.1176471
0.1323529 0.1323529
0.1176471 0.1176471
0.2666667 0.2296296
0.1470588 0.1470588
0.1777778 0.1851852
0.3897059 0.4705882
0.270073 0.3284672
0.1407407 0.1111111
0.3897059 0.3897059
0.1194030 0.1194030
0.3722628 0.3284672
0.3582090 0.2686567
0.3333333 0.2370370
0.1865672 0.1641791
0.1777778 0.1703704
0.4525547 0.5109489
0.2074074 0.6296296
0.2238806 0.2388060
0.7185185 0.6962963
0.4475524 0.4265734
0.3059701 0.2611940
0.8507463 0.6492537
0.1751825 0.2773723
0.2205882 0.1764706
0.2205882 0.1764706
0.1268657 0.1194030
0.1167883 0.1386861
0.2296296 0.2148148
0.6015038 0.7293233
0.5185185 0.5925926
0.2058824 0.1470588
0.1729323 0.1578947
0.1925926 0.1555556
0.7593985 0.5037594
0.2116788 0.3503650
0.1037037 0.1037037
0.6934307 0.649635
0.481203 0.7593985
0.3138686 0.4890511
0.7342657 0.6153846
0.1176471 0.1176471
0.1470588 0.1470588
0.2794118 0.1838235
0.3382353 0.5441176
0.2132353 0.2426471
0.1386861 0.1386861
0.1278195 0.1578947
0.270073 0.2773723
0.1716418 0.2761194
0.4 0.5111111
0.4338235 0.5220588
0.1176471 0.1176471
0.2761194 0.2611940
0.1118881 0.1118881
0.4850746 0.3283582
0.3065693 0.2992701
0.2720588 0.3676471
0.1397059 0.1470588
0.1764706 0.1470588
0.2089552 0.1716418
0.1791045 0.1716418
