0.6328125 0.6796875
0.1870504 0.2086331
0.2578125 0.2578125
0.15625 0.140625
0.1007194 0.1007194
0.2014925 0.1940299
0.1185185 0.1185185
0.1185185 0.1185185
0.2898551 0.2971014
0.1221374 0.129771
0.1492537 0.1417910
0.1294964 0.1223022
0.2391304 0.2536232
0.1333333 0.1333333
0.3165468 0.4028777
0.1764706 0.2867647
0.1007194 0.1007194
0.6717557 0.778626
0.2296296 0.1481481
0.4244604 0.2589928
0.3188406 0.384058
0.5251799 0.4316547
0.2296296 0.1333333
0.3283582 0.5
0.1544118 0.1397059
0.1221374 0.1221374
0.1851852 0.1851852
0.4888889 0.5777778
0.1221374 0.1221374
0.3985507 0.2536232
0.1484375 0.1328125
0.480916 0.5572519
0.3165468 0.2302158
0.3969466 0.389313
0.2014388 0.2014388
0.1014493 0.1376812
0.2463768 0.1666667
0.1526718 0.1526718
0.1484375 0.171875
0.3687943 0.2624113
0.1832061 0.2137405
0.1773050 0.1489362
0.4852941 0.4191176
0.4626866 0.5223881
0.2370370 0.2888889
0.1640625 0.203125
0.1594203 0.1376812
0.4347826 0.4492754
0.8828125 0.8515625
0.1374046 0.1374046
0.1221374 0.1221374
0.4191176 0.2867647
0.3455882 0.3014706
0.9927536 0.9710145
0.7734375 0.8046875
0.3206107 0.4198473
0.8550725 0.8695652
0.1631206 0.1276596
0.3695652 0.4347826
0.1343284 0.1417910
0.5820896 0.6865672
0.4888889 0.4814815
0.1185185 0.1185185
0.3453237 0.4532374
0.2318841 0.1884058
0.375 0.2734375
0.4558824 0.4117647
0.3185185 0.6222222
0.4852941 0.5441176
0.7375887 0.7021277
0.2014925 0.1492537
0.2238806 0.3059701
0.5 0.6231884
0.1521739 0.2536232
0.421875 0.453125
0.1417910 0.1417910
0.789855 0.6811594
0.2442748 0.2290076
0.2205882 0.2573529
0.1481481 0.1629630
0.1171875 0.1171875
0.1079137 0.1079137
0.1798561 0.1582734
0.1764706 0.1176471
0.1328125 0.125
0.1870504 0.1438849
0.1521739 0.1521739
0.1641791 0.1417910
0.129771 0.129771
0.2826087 0.3333333
0.7122302 0.6834532
0.125 0.125
0.7910448 0.7985075
0.1221374 0.1221374
0.1870504 0.1726619
0.5319149 0.4326241
0.1343284 0.1417910
0.2205882 0.2647059
0.1328125 0.125
0.125 0.125
0.9236641 0.9847328
0.1489362 0.1560284
0.546875 0.3359375
0.4609375 0.3515625
0.2985075 0.380597
0.4492754 0.3695652
0.6617647 0.6764706
0.1151079 0.1079137
0.1870504 0.1726619
0.375 0.5703125
0.6641791 0.6044776
0.15625 0.1328125
0.3897059 0.4926471
0.1764706 0.1617647
0.1739130 0.1449275
0.1185185 0.1185185
0.1221374 0.1221374
0.2446043 0.2086331
0.2753623 0.2536232
0.7910448 0.9477612
0.8913043 0.7028986
0.1014493 0.1014493
0.1641791 0.1791045
0.5434783 0.5217391
0.2391304 0.1521739
0.1764706 0.1470588
0.2608696 0.2028986
0.2578125 0.2890625
0.5859375 0.765625
0.4460432 0.3956835
0.1194030 0.1268657
0.1063830 0.1063830
0.3741007 0.294964
0.2411348 0.1985816
0.4351145 0.4274809
0.1985816 0.1631206
0.1063830 0.1063830
0.3381295 0.3165468
0.1374046 0.1374046
0.203125 0.203125
0.4926471 0.4044118
0.1294964 0.1223022
0.6546763 0.6690647
0.1333333 0.1333333
0.1328125 0.1328125
0.7769784 0.7841727
0.4074074 0.437037
0.3206107 0.4045802
0.1231884 0.1086957
0.5725191 0.4045802
0.3185185 0.2962963
