0.08088235 0.2426471 0.1029412 0.03676471 0.01470588 0.007352941 0.02205882 0.01470588 0.02205882 0.01470588 0.01470588
0.7744361 0.7894737 0.8270677 0.8195489 0.8345865 0.81203 0.8045113 0.8421053 0.8796992 0.887218 0.9022556
0.4202899 0.4347826 0.384058 0.3260870 0.3260870 0.2971014 0.3260870 0.2608696 0.2681159 0.2898551 0.2753623
0.7744361 0.7819549 0.7593985 0.8345865 0.7593985 0.7593985 0.81203 0.8421053 0.8195489 0.7593985 0.7518797
0.9166667 0.8787879 0.939394 0.9242424 0.9015152 0.9621212 0.9166667 0.9090909 0.8863636 0.8333333 0.75
0.3357664 0.3795620 0.4014599 0.3503650 0.4014599 0.3941606 0.4452555 0.4233577 0.4306569 0.4160584 0.4379562
0.6296296 0.5555556 0.562963 0.6148148 0.7185185 0.7037037 0.7111111 0.8296296 0.8148148 0.8296296 0.8148148
0.6287879 0.5909091 0.6818182 0.6363636 0.7045455 0.689394 0.7651515 0.8409091 0.9621212 0.9166667 0.9772727
0.4015152 0.3030303 0.3560606 0.4242424 0.4924242 0.5378788 0.4924242 0.5 0.5681818 0.4848485 0.5606061
0.4275362 0.5 0.5507246 0.5144928 0.3768116 0.384058 0.3405797 0.3333333 0.2246377 0.2391304 0.2391304
0.7518248 0.7591241 0.7445255 0.7737226 0.7956204 0.7664234 0.6569343 0.8467153 0.7883212 0.7810219 0.7372263
0.7883212 0.7226277 0.7226277 0.7445255 0.7810219 0.729927 0.8175182 0.6715328 0.8540146 0.8613139 0.8613139
0.2173913 0.1739130 0.1594203 0.2318841 0.3550725 0.3695652 0.442029 0.4927536 0.5217391 0.5869565 0.5217391
0.6838235 0.7205882 0.757353 0.757353 0.7647059 0.7279412 0.6838235 0.7720588 0.8088235 0.6764706 0.7647059
0.8175182 0.7737226 0.8175182 0.8540146 0.7372263 0.6788321 0.6569343 0.6058394 0.5985401 0.4890511 0.4233577
0.1804511 0.1954887 0.1729323 0.2105263 0.2105263 0.3308271 0.3759398 0.3082707 0.3383459 0.3233083 0.2481203
0.3409091 0.3106061 0.3257576 0.3409091 0.2727273 0.2803030 0.3333333 0.25 0.2121212 0.2045455 0.25
0.1911765 0.2426471 0.1617647 0.1691176 0.1470588 0.08088235 0.0882353 0.1176471 0.08088235 0.0882353 0.1176471
0.4029851 0.3656716 0.4104478 0.3955224 0.4402985 0.5671642 0.5074627 0.5895522 0.6940299 0.7537313 0.8880597
0.7555556 0.6592593 0.637037 0.6148148 0.6888889 0.7259259 0.6666667 0.7111111 0.7185185 0.7259259 0.762963
0.3597122 0.2230216 0.294964 0.3381295 0.3453237 0.3741007 0.3741007 0.3309353 0.323741 0.3597122 0.294964
0.6060606 0.4090909 0.5151515 0.5757576 0.4772727 0.5681818 0.4772727 0.530303 0.5454545 0.4621212 0.530303
0.3430657 0.2919708 0.3941606 0.3430657 0.3795620 0.4087591 0.3941606 0.4306569 0.459854 0.459854 0.4160584
0.9492754 0.9855072 1 0.9855072 0.9855072 0.9710145 0.9927536 0.9710145 0.9927536 0.9710145 0.9855072
0.1804511 0.1278195 0.07518797 0.2030075 0.2030075 0.2631579 0.3308271 0.2481203 0.2481203 0.2781955 0.2481203
0.1985294 0.2794118 0.2352941 0.1691176 0.1102941 0.05147059 0.07352941 0.07352941 0.05882353 0.0882353 0.08088235
0.4748201 0.4460432 0.4820144 0.3884892 0.5179856 0.5683453 0.4892086 0.5755396 0.6258993 0.8417266 0.7841727
0.3597122 0.5395683 0.4748201 0.352518 0.1294964 0.07194245 0.05755396 0.05035971 0.04316547 0.02877698 0.007194245
0.3582090 0.2388060 0.2462687 0.3731343 0.4402985 0.4776119 0.5746269 0.5895522 0.6044776 0.7164179 0.6044776
0.07971014 0.05072464 0.07971014 0.07246377 0.0942029 0.07246377 0.08695652 0.07246377 0.07246377 0.07971014 0.1376812
0.5333333 0.5333333 0.5333333 0.5111111 0.5037037 0.4740741 0.437037 0.4222222 0.4296296 0.3333333 0.3259259
0.75 0.75 0.8257576 0.7272727 0.8030303 0.780303 0.7954545 0.8636364 0.8863636 0.939394 0.9166667
0.03731343 0.09701493 0.03731343 0 0 0 0.01492537 0.007462687 0 0.03731343 0.02238806
0.5681818 0.5984848 0.5378788 0.4621212 0.3484848 0.2878788 0.2045455 0.1590909 0.1060606 0.1439394 0.1060606
0.2941176 0.3308824 0.3970588 0.3161765 0.2794118 0.2941176 0.3676471 0.3823529 0.3970588 0.4779412 0.5367647
0.08695652 0.05072464 0.06521739 0.1014493 0.1086957 0.1376812 0.08695652 0.1739130 0.1666667 0.1231884 0.1666667
0.481203 0.2932331 0.3909774 0.4661654 0.5037594 0.481203 0.5037594 0.518797 0.556391 0.556391 0.6541353
0.3636364 0.530303 0.4545455 0.3181818 0.2348485 0.1287879 0.06060606 0.06060606 0.03030303 0.03787879 0.03030303
0.25 0.3409091 0.25 0.2424242 0.2196970 0.1515152 0.1666667 0.2575758 0.2424242 0.3409091 0.2424242
0.2773723 0.2408759 0.3211679 0.2481752 0.3284672 0.2919708 0.3211679 0.3430657 0.3795620 0.3868613 0.3868613
0.6296296 0.6444444 0.6888889 0.6444444 0.6888889 0.6074074 0.5407407 0.4814815 0.4296296 0.437037 0.3703704
0.8478261 0.8478261 0.8623188 0.8405797 0.8550725 0.8768116 0.8478261 0.8623188 0.8188406 0.826087 0.884058
0.1897810 0.2554745 0.2773723 0.2481752 0.1532847 0.09489051 0.08759124 0.06569343 0.08759124 0.08029197 0.1094891
0.1407407 0.2888889 0.3111111 0.2444444 0.1555556 0.1555556 0.1333333 0.1185185 0.0962963 0.0962963 0.08888889
0.6376812 0.6449275 0.6521739 0.615942 0.6376812 0.615942 0.6086957 0.6884058 0.6811594 0.6231884 0.5869565
0.5447761 0.4626866 0.5373134 0.5597015 0.5820896 0.6268657 0.6641791 0.738806 0.738806 0.8283582 0.7761194
0.05755396 0.04316547 0.07194245 0.05755396 0.05035971 0.04316547 0.04316547 0.05755396 0.05035971 0.04316547 0.04316547
0.5714286 0.593985 0.5413534 0.6165414 0.5864662 0.631579 0.5864662 0.6015038 0.6015038 0.6390977 0.6917293
0.7753623 0.7826087 0.7173913 0.7536232 0.7536232 0.7391304 0.7173913 0.6666667 0.5942029 0.6014493 0.5144928
0.8731343 0.9477612 0.902985 0.902985 0.880597 0.902985 0.9477612 0.8880597 0.8283582 0.7537313 0.7835821
0.4388489 0.3669065 0.4676259 0.3884892 0.4604317 0.4316547 0.4604317 0.4748201 0.5035971 0.4964029 0.5611511
0.4379562 0.4306569 0.4525547 0.5109489 0.4890511 0.5182482 0.5328467 0.5766423 0.6788321 0.729927 0.6861314
0.9924242 0.9545455 0.9772727 0.8787879 0.9242424 0.8939394 0.9545455 0.8636364 0.9772727 0.9621212 0.939394
0.9854015 0.9781022 0.9781022 0.970803 0.970803 0.9416058 0.970803 0.970803 0.9489051 0.890511 0.7956204
0.75 0.7727273 0.8030303 0.7424242 0.7272727 0.689394 0.6666667 0.7878788 0.6590909 0.6515152 0.6060606
0.5073529 0.5367647 0.5661765 0.5294118 0.5 0.4632353 0.4705882 0.4264706 0.3823529 0.375 0.3455882
0.8955224 0.8880597 0.902985 0.9179104 0.9626866 0.9402985 0.9552239 0.9477612 0.9701493 0.9179104 0.9626866
0.007462687 0.03731343 0.01492537 0 0 0 0 0 0 0 0
0.3357664 0.3649635 0.3357664 0.2116788 0.1459854 0.09489051 0.05109489 0.05839416 0.01459854 0.02919708 0.02919708
0.0909091 0.0909091 0.09848485 0.1666667 0.1666667 0.1363636 0.1439394 0.1287879 0.1136364 0.06818182 0.1287879
0.4360902 0.6015038 0.5263158 0.4887218 0.3082707 0.2631579 0.06015038 0.06015038 0.08270677 0.06015038 0.06015038
0.4388489 0.4820144 0.4532374 0.4748201 0.323741 0.4316547 0.4532374 0.4172662 0.4316547 0.4532374 0.4604317
0.540146 0.5985401 0.4817518 0.4014599 0.3576642 0.2262774 0.1459854 0.08759124 0.08029197 0.1021898 0.09489051
0.7727273 0.7045455 0.7424242 0.8560606 0.8484848 0.9545455 0.9015152 0.9090909 0.9469697 0.8409091 0.6590909
0.9130435 0.8695652 0.9347826 0.8768116 0.9057971 0.9130435 0.8695652 0.9130435 0.8985507 0.8913043 0.731884
0.07246377 0.05072464 0.08695652 0.05797101 0.02898551 0.01449275 0.02173913 0.04347826 0.1014493 0.07246377 0.07971014
0.8768116 0.8985507 0.8623188 0.826087 0.8333333 0.8043478 0.8115942 0.7463768 0.768116 0.8333333 0.768116
0.1014493 0.1014493 0.1014493 0.1014493 0.1014493 0.07246377 0.08695652 0.1159420 0.1014493 0.07971014 0.08695652
0.9347826 0.9637681 0.942029 0.9275362 0.8623188 0.9130435 0.8695652 0.884058 0.8550725 0.8333333 0.8115942
0.4222222 0.5037037 0.5185185 0.4074074 0.4222222 0.3777778 0.3333333 0.3259259 0.2888889 0.3111111 0.3111111
0.5073529 0.4926471 0.5735294 0.5441176 0.4411765 0.4485294 0.4852941 0.4264706 0.3823529 0.4191176 0.4191176
0.3623188 0.3913043 0.4202899 0.3043478 0.3333333 0.3043478 0.3260870 0.2753623 0.2463768 0.2173913 0.1811594
0.08208955 0.1641791 0.1716418 0.1567164 0.1044776 0.1417910 0.1417910 0.1716418 0.1940299 0.2388060 0.2985075
0.9130435 0.9855072 0.8768116 0.8623188 0.9057971 0.9710145 0.884058 0.9130435 0.9130435 0.8550725 0.7608696
0.08029197 0.1021898 0.1532847 0.09489051 0.1021898 0.1605839 0.1313869 0.1167883 0.1459854 0.1240876 0.1386861
0.4518519 0.4148148 0.3259259 0.4444444 0.4 0.4740741 0.5481481 0.5407407 0.437037 0.5333333 0.5555556
0.9044118 0.9044118 0.8970588 0.9117647 0.8897059 0.9264706 0.9264706 0.9485294 0.9044118 0.9264706 0.8897059
0.839416 0.7591241 0.7956204 0.8467153 0.8540146 0.8686131 0.839416 0.8467153 0.8467153 0.8613139 0.7956204
0.9781022 0.9781022 0.9635036 0.970803 0.970803 0.9489051 0.9854015 0.9927007 0.9781022 1 0.9854015
0.6014493 0.5289855 0.5724638 0.5797101 0.6376812 0.7101449 0.673913 0.7173913 0.7101449 0.7608696 0.8115942
0.3407407 0.3851852 0.3037037 0.3407407 0.3629630 0.4296296 0.3555556 0.3925926 0.437037 0.437037 0.4888889
0.00729927 0.01459854 0.00729927 0.00729927 0.04379562 0.06569343 0.1605839 0.2846715 0.2627737 0.3138686 0.4452555
0.589928 0.6258993 0.6043165 0.5683453 0.5035971 0.5611511 0.5467626 0.4964029 0.4748201 0.5107914 0.5395683
0.733813 0.6690647 0.7266187 0.6546763 0.8129496 0.8489209 0.733813 0.7841727 0.7553957 0.8920863 0.9064748
0.4379562 0.3649635 0.4525547 0.459854 0.5109489 0.4890511 0.6277372 0.6058394 0.7080292 0.8467153 0.839416
0.7194245 0.7697842 0.7266187 0.76259 0.7194245 0.7697842 0.6906475 0.589928 0.5467626 0.5035971 0.4532374
0.4014599 0.4890511 0.3138686 0.4014599 0.2554745 0.2335766 0.2189781 0.1824818 0.1897810 0.1824818 0.2043796
0.8188406 0.8115942 0.8115942 0.8478261 0.7971014 0.8333333 0.8695652 0.7826087 0.8188406 0.8333333 0.8115942
0.8421053 0.8646617 0.8646617 0.887218 0.8421053 0.8270677 0.8345865 0.8421053 0.8195489 0.887218 0.924812
0.05072464 0.007246377 0.02898551 0.05797101 0.07246377 0.1159420 0.2536232 0.3333333 0.3405797 0.3333333 0.3550725
0.1102941 0.2352941 0.1102941 0.05147059 0 0 0.007352941 0.01470588 0.02205882 0.01470588 0.01470588
0.7121212 0.6439394 0.6969697 0.6590909 0.6363636 0.5984848 0.5833333 0.6818182 0.530303 0.5075758 0.5227273
0.2335766 0.1459854 0.1824818 0.2043796 0.2992701 0.3357664 0.2846715 0.3430657 0.3576642 0.3649635 0.4233577
0.742647 0.75 0.757353 0.7352941 0.7647059 0.8088235 0.8088235 0.6985294 0.7279412 0.617647 0.7794118
0.9328358 0.9477612 0.902985 0.9701493 0.9626866 0.9477612 0.9179104 0.9477612 0.8283582 0.8731343 0.7761194
0.4360902 0.4135338 0.443609 0.4887218 0.5037594 0.4887218 0.5864662 0.6015038 0.6917293 0.6917293 0.7518797
0.1791045 0.3134328 0.2164179 0.2686567 0.2164179 0.2089552 0.2313433 0.2164179 0.2537313 0.2313433 0.3134328
0.2971014 0.3115942 0.2608696 0.2826087 0.2898551 0.4275362 0.3913043 0.384058 0.4130435 0.3985507 0.4202899
0.789855 0.731884 0.8043478 0.826087 0.8478261 0.7826087 0.826087 0.7971014 0.8188406 0.9130435 0.9347826
0.1294964 0.1007194 0.09352518 0.08633094 0.1079137 0.2517986 0.2805755 0.2805755 0.3381295 0.323741 0.2446043
0.919708 0.890511 0.8613139 0.9416058 0.9635036 0.9854015 0.9562044 0.9781022 0.9489051 0.9489051 0.9562044
0.4148148 0.3259259 0.3555556 0.3851852 0.4444444 0.4 0.2740741 0.3185185 0.2740741 0.2592593 0.1925926
0.738806 0.8059701 0.7686567 0.7537313 0.7835821 0.7238806 0.6716418 0.5671642 0.5895522 0.4776119 0.4328358
0.1605839 0.2408759 0.2481752 0.2262774 0.1970803 0.2043796 0.1897810 0.1897810 0.1605839 0.2116788 0.1751825
0.8712121 0.8181818 0.8409091 0.8333333 0.8484848 0.7954545 0.719697 0.6969697 0.5681818 0.5833333 0.5757576
0.3636364 0.3787879 0.3939394 0.3333333 0.3333333 0.3030303 0.3560606 0.3863636 0.4242424 0.3939394 0.4621212
0.8880597 0.9477612 0.902985 0.9179104 0.880597 0.9477612 0.902985 0.8656716 0.8208955 0.7238806 0.6716418
0.481203 0.4736842 0.5037594 0.5413534 0.5037594 0.5037594 0.481203 0.5413534 0.5338346 0.5338346 0.5263158
0.1555556 0.3111111 0.3185185 0.2518519 0.1851852 0.3037037 0.2074074 0.2370370 0.2370370 0.2296296 0.1777778
0.4926471 0.4191176 0.5808824 0.5661765 0.5147059 0.625 0.5955882 0.6617647 0.7720588 0.6470588 0.7794118
0.6567164 0.7238806 0.738806 0.7164179 0.6567164 0.6343284 0.5895522 0.5298507 0.5597015 0.5223881 0.5820896
0.2089552 0.1641791 0.1194030 0.1641791 0.2164179 0.1865672 0.2313433 0.1865672 0.1791045 0.1716418 0.1119403
0.3636364 0.2727273 0.3409091 0.3409091 0.4015152 0.3409091 0.3787879 0.3484848 0.3030303 0.2878788 0.25
0.1386861 0.1094891 0.09489051 0.1605839 0.1751825 0.270073 0.2408759 0.2992701 0.3138686 0.3138686 0.3576642
0.2028986 0.1159420 0.2101449 0.2753623 0.3188406 0.3550725 0.4347826 0.442029 0.4275362 0.4130435 0.4130435
0.6541353 0.7218045 0.6842105 0.6541353 0.6165414 0.6240602 0.6165414 0.556391 0.5413534 0.6015038 0.593985
0.4748201 0.4460432 0.4604317 0.4172662 0.4964029 0.4748201 0.4604317 0.4676259 0.4460432 0.4964029 0.4532374
0.9856115 1 0.971223 0.9928058 0.9784173 0.9928058 0.9640288 0.9856115 0.9640288 0.8920863 0.8057554
0.1052632 0.04511278 0.03759398 0.1127820 0.1052632 0.2631579 0.2406015 0.1954887 0.1954887 0.1879699 0.1503759
0.867647 0.882353 0.8602941 0.9044118 0.8602941 0.8602941 0.742647 0.7720588 0.7205882 0.625 0.6764706
0.9057971 0.9637681 0.9855072 0.9275362 0.9202899 0.9130435 0.8695652 0.826087 0.8188406 0.8333333 0.8115942
0.6617647 0.6985294 0.6617647 0.7058824 0.6838235 0.6838235 0.6544118 0.6470588 0.7279412 0.6470588 0.8088235
0.1605839 0.09489051 0.1532847 0.1751825 0.2408759 0.3795620 0.3211679 0.4233577 0.4671533 0.459854 0.6058394
0.1323529 0.2426471 0.1617647 0.1617647 0.1029412 0.1029412 0.03676471 0.07352941 0.05882353 0.05882353 0.05882353
0.1052632 0.08270677 0.08270677 0.08270677 0.05263158 0.05263158 0.06766917 0.07518797 0.1654135 0.09022556 0.1353383
0.6592593 0.6888889 0.7185185 0.7185185 0.7185185 0.7185185 0.637037 0.7407407 0.762963 0.7259259 0.8074074
0.9555556 0.9333333 0.9555556 0.8888889 0.9481481 0.9481481 0.962963 0.9407407 0.8962963 0.8962963 0.8962963
0.2279412 0.3455882 0.3970588 0.3161765 0.3676471 0.2794118 0.2647059 0.1911765 0.1617647 0.1544118 0.1323529
0.4347826 0.442029 0.4927536 0.5434783 0.5652174 0.5797101 0.5942029 0.673913 0.6449275 0.7028986 0.7101449
0.0962963 0.1629630 0.2370370 0.1555556 0.2148148 0.1407407 0.1851852 0.1555556 0.2148148 0.1555556 0.1629630
0.7819549 0.7368421 0.8270677 0.8195489 0.7518797 0.7894737 0.7744361 0.6992481 0.7894737 0.6466165 0.6090226
0.1111111 0.1037037 0.1111111 0.1925926 0.2592593 0.3259259 0.3703704 0.4296296 0.5185185 0.5555556 0.7851852
0.007518797 0.007518797 0.007518797 0.01503759 0.01503759 0.05263158 0.06015038 0.1278195 0.1654135 0.2180451 0.2180451
0.4817518 0.4890511 0.4525547 0.4890511 0.459854 0.4233577 0.3795620 0.3795620 0.3649635 0.2919708 0.3211679
0.5413534 0.4360902 0.4962406 0.4962406 0.5037594 0.481203 0.5263158 0.518797 0.5338346 0.4962406 0.5714286
0.03731343 0.09701493 0.07462687 0.1492537 0.1194030 0.09701493 0.1268657 0.08955224 0.1641791 0.2238806 0.2388060
0.1969697 0.2727273 0.25 0.1136364 0.1136364 0.08333333 0.0530303 0.06060606 0.03787879 0.06060606 0.06818182
0.6014493 0.5434783 0.5652174 0.5652174 0.6014493 0.6521739 0.6376812 0.6594203 0.6884058 0.6956522 0.6811594
0.1678832 0.270073 0.2554745 0.2189781 0.1751825 0.2919708 0.2335766 0.2481752 0.2262774 0.2408759 0.1897810
0.6917293 0.7368421 0.7067669 0.6992481 0.7218045 0.6842105 0.6766917 0.6240602 0.6466165 0.6165414 0.6165414
0.1629630 0.08888889 0.1185185 0.1629630 0.3111111 0.2148148 0.2814815 0.2962963 0.2666667 0.2370370 0.2074074
0.5333333 0.5481481 0.5407407 0.5925926 0.5037037 0.5111111 0.4592593 0.4296296 0.3555556 0.3629630 0.3851852
0.6956522 0.7536232 0.6884058 0.6594203 0.6811594 0.6449275 0.6594203 0.6086957 0.557971 0.5217391 0.4710145
0.8467153 0.8175182 0.839416 0.7810219 0.8613139 0.839416 0.7226277 0.7153285 0.649635 0.5620438 0.6277372
0.3181818 0.2196970 0.2954545 0.2575758 0.3257576 0.3484848 0.3409091 0.4772727 0.4393939 0.469697 0.4393939
0.3430657 0.2554745 0.3211679 0.3649635 0.4306569 0.4087591 0.4744526 0.4671533 0.4963504 0.5766423 0.7372263
0.4014599 0.2335766 0.3576642 0.5036496 0.4817518 0.5328467 0.4671533 0.5766423 0.5255474 0.5109489 0.4890511
0.6567164 0.7761194 0.7686567 0.6641791 0.6119403 0.5597015 0.4850746 0.4402985 0.3432836 0.3283582 0.3358209
0.6865672 0.7238806 0.7313433 0.6865672 0.6865672 0.6641791 0.619403 0.641791 0.6343284 0.619403 0.6865672
0.8421053 0.7894737 0.8345865 0.849624 0.8421053 0.8270677 0.849624 0.9323308 0.8721805 0.9022556 0.9022556
0.8613139 0.7956204 0.8467153 0.7737226 0.7883212 0.7810219 0.6861314 0.540146 0.5255474 0.4817518 0.4087591
