0.394 0.422 0.512 0.55 0.586 0.608 0.63 0.708 0.7 0.724 0.732
0.072 0.088 0.074 0.078 0.058 0.068 0.056 0.044 0.024 0.03 0.028
0.328 0.33 0.374 0.376 0.374 0.374 0.37 0.41 0.388 0.38 0.374
0.092 0.1 0.094 0.06 0.078 0.088 0.054 0.046 0.042 0.056 0.054
0.042 0.046 0.038 0.036 0.044 0.032 0.04 0.038 0.044 0.058 0.058
0.336 0.326 0.332 0.334 0.298 0.29 0.256 0.25 0.238 0.196 0.17
0.228 0.188 0.188 0.154 0.11 0.11 0.098 0.062 0.064 0.05 0.048
0.228 0.186 0.132 0.136 0.102 0.104 0.076 0.058 0.032 0.036 0.012
0.434 0.366 0.318 0.274 0.224 0.198 0.174 0.166 0.12 0.164 0.106
0.228 0.25 0.224 0.248 0.352 0.344 0.384 0.368 0.452 0.462 0.46
0.092 0.108 0.11 0.092 0.088 0.09 0.124 0.068 0.074 0.064 0.072
0.132 0.116 0.104 0.102 0.084 0.09 0.068 0.1 0.052 0.042 0.036
0.58 0.524 0.526 0.466 0.394 0.348 0.266 0.188 0.172 0.106 0.142
0.102 0.114 0.09 0.086 0.088 0.086 0.112 0.072 0.064 0.084 0.062
0.074 0.096 0.078 0.066 0.1 0.108 0.114 0.126 0.122 0.172 0.21
0.494 0.5 0.476 0.458 0.45 0.378 0.344 0.396 0.348 0.334 0.424
0.324 0.362 0.35 0.314 0.352 0.346 0.31 0.39 0.388 0.374 0.342
0.396 0.416 0.466 0.462 0.466 0.524 0.516 0.494 0.52 0.516 0.53
0.428 0.378 0.334 0.332 0.306 0.196 0.206 0.134 0.094 0.066 0.036
0.134 0.124 0.146 0.154 0.122 0.098 0.116 0.094 0.086 0.078 0.066
0.474 0.454 0.404 0.372 0.362 0.338 0.328 0.334 0.352 0.282 0.35
0.204 0.278 0.218 0.194 0.228 0.182 0.188 0.148 0.132 0.172 0.124
0.33 0.336 0.31 0.318 0.312 0.278 0.276 0.226 0.206 0.204 0.222
0.026 0.02 0.014 0.012 0.016 0.024 0.01 0.022 0.006 0.012 0.006
0.55 0.542 0.576 0.46 0.458 0.416 0.366 0.432 0.408 0.408 0.424
0.354 0.398 0.44 0.44 0.506 0.548 0.518 0.56 0.564 0.538 0.56
0.326 0.328 0.274 0.32 0.234 0.188 0.204 0.136 0.12 0.048 0.058
0.202 0.24 0.28 0.356 0.478 0.55 0.606 0.64 0.672 0.744 0.756
0.412 0.442 0.43 0.34 0.306 0.24 0.17 0.132 0.132 0.08 0.118
0.606 0.592 0.552 0.59 0.56 0.576 0.558 0.604 0.608 0.604 0.512
0.224 0.228 0.232 0.226 0.228 0.234 0.232 0.226 0.216 0.282 0.292
0.116 0.106 0.08 0.096 0.072 0.074 0.07 0.05 0.044 0.03 0.03
0.566 0.59 0.636 0.642 0.678 0.708 0.692 0.76 0.766 0.706 0.732
0.188 0.178 0.212 0.25 0.3 0.34 0.406 0.438 0.498 0.458 0.514
0.348 0.378 0.332 0.346 0.382 0.378 0.31 0.266 0.226 0.164 0.146
0.61 0.608 0.566 0.542 0.542 0.502 0.544 0.496 0.48 0.532 0.482
0.472 0.414 0.36 0.308 0.266 0.252 0.204 0.192 0.146 0.136 0.092
0.19 0.224 0.254 0.348 0.376 0.476 0.556 0.57 0.638 0.628 0.66
0.356 0.332 0.396 0.418 0.396 0.452 0.45 0.366 0.374 0.294 0.35
0.388 0.434 0.372 0.384 0.338 0.372 0.318 0.31 0.254 0.222 0.212
0.102 0.132 0.122 0.136 0.122 0.146 0.182 0.198 0.222 0.192 0.24
0.06 0.07 0.058 0.064 0.078 0.048 0.064 0.06 0.062 0.052 0.038
0.392 0.402 0.392 0.394 0.46 0.508 0.546 0.568 0.584 0.586 0.556
0.378 0.404 0.37 0.422 0.46 0.468 0.47 0.498 0.51 0.526 0.536
0.192 0.17 0.164 0.172 0.156 0.148 0.14 0.104 0.096 0.106 0.114
0.302 0.3 0.26 0.208 0.186 0.138 0.108 0.092 0.084 0.054 0.064
0.628 0.616 0.58 0.554 0.6 0.62 0.622 0.616 0.648 0.676 0.686
0.22 0.218 0.25 0.182 0.18 0.148 0.164 0.14 0.112 0.1 0.082
0.076 0.072 0.094 0.072 0.066 0.058 0.058 0.084 0.124 0.09 0.146
0.022 0.032 0.042 0.044 0.052 0.046 0.036 0.048 0.064 0.07 0.062
0.39 0.364 0.282 0.326 0.282 0.276 0.234 0.214 0.184 0.184 0.142
0.296 0.264 0.266 0.224 0.248 0.198 0.18 0.142 0.086 0.068 0.084
0.036 0.032 0.024 0.044 0.03 0.046 0.026 0.046 0.022 0.024 0.026
0.014 0.012 0.016 0.022 0.028 0.028 0.02 0.028 0.03 0.038 0.05
0.084 0.1 0.086 0.094 0.094 0.1 0.096 0.08 0.09 0.104 0.09
0.2 0.226 0.23 0.24 0.246 0.222 0.222 0.222 0.25 0.266 0.262
0.054 0.05 0.036 0.038 0.028 0.03 0.034 0.026 0.02 0.03 0.018
0.594 0.644 0.65 0.71 0.704 0.728 0.776 0.774 0.836 0.786 0.79
0.296 0.296 0.338 0.392 0.458 0.494 0.578 0.598 0.636 0.644 0.656
0.488 0.512 0.496 0.448 0.442 0.47 0.472 0.478 0.47 0.54 0.476
0.206 0.21 0.266 0.298 0.386 0.42 0.556 0.574 0.576 0.636 0.642
0.326 0.276 0.306 0.274 0.37 0.29 0.246 0.252 0.234 0.218 0.192
0.174 0.186 0.242 0.288 0.328 0.388 0.466 0.508 0.516 0.508 0.548
0.19 0.122 0.106 0.064 0.054 0.034 0.048 0.038 0.036 0.056 0.078
0.046 0.058 0.04 0.048 0.042 0.044 0.058 0.046 0.042 0.038 0.074
0.546 0.61 0.582 0.618 0.636 0.682 0.67 0.64 0.548 0.612 0.61
0.026 0.018 0.024 0.03 0.02 0.03 0.016 0.03 0.02 0.004 0.006
0.496 0.548 0.534 0.53 0.554 0.57 0.552 0.544 0.566 0.602 0.588
0.02 0.006 0.006 0.008 0.012 0.006 0.006 0 0.004 0 0
0.268 0.254 0.244 0.28 0.292 0.332 0.318 0.338 0.35 0.318 0.308
0.228 0.254 0.228 0.216 0.284 0.23 0.214 0.218 0.254 0.19 0.194
0.35 0.358 0.34 0.384 0.366 0.372 0.368 0.394 0.418 0.456 0.45
0.458 0.534 0.526 0.522 0.536 0.534 0.534 0.516 0.492 0.42 0.356
0.026 0.02 0.054 0.052 0.038 0.026 0.054 0.044 0.04 0.046 0.064
0.506 0.498 0.458 0.52 0.484 0.44 0.474 0.492 0.448 0.482 0.452
0.286 0.302 0.352 0.256 0.314 0.242 0.174 0.18 0.196 0.148 0.122
0.042 0.032 0.036 0.03 0.038 0.03 0.034 0.018 0.038 0.028 0.034
0.09 0.106 0.08 0.062 0.062 0.064 0.066 0.064 0.062 0.048 0.054
0.038 0.012 0.018 0.02 0.022 0.024 0.008 0.012 0.016 0.006 0.01
0.292 0.226 0.192 0.17 0.14 0.084 0.084 0.048 0.04 0.014 0.002
0.382 0.33 0.374 0.352 0.336 0.298 0.298 0.258 0.2 0.19 0.16
0.794 0.738 0.686 0.686 0.584 0.528 0.456 0.336 0.334 0.294 0.194
0.22 0.184 0.192 0.202 0.254 0.198 0.174 0.2 0.194 0.162 0.148
0.19 0.162 0.104 0.136 0.082 0.058 0.09 0.07 0.074 0.04 0.028
0.27 0.296 0.276 0.266 0.202 0.218 0.124 0.126 0.076 0.046 0.042
0.124 0.112 0.106 0.096 0.11 0.086 0.108 0.124 0.156 0.176 0.196
0.306 0.272 0.376 0.312 0.37 0.402 0.414 0.442 0.442 0.442 0.402
0.078 0.058 0.04 0.024 0.034 0.022 0.006 0.016 0.01 0.002 0
0.034 0.042 0.046 0.044 0.048 0.048 0.05 0.044 0.042 0.036 0.024
0.738 0.716 0.664 0.624 0.58 0.526 0.452 0.378 0.384 0.366 0.322
0.354 0.428 0.498 0.528 0.646 0.666 0.668 0.686 0.686 0.726 0.746
0.108 0.138 0.122 0.126 0.126 0.144 0.124 0.1 0.144 0.156 0.132
0.382 0.448 0.416 0.404 0.358 0.332 0.334 0.292 0.256 0.254 0.212
0.07 0.094 0.088 0.096 0.088 0.068 0.068 0.098 0.082 0.108 0.06
0.016 0.032 0.038 0.016 0.03 0.028 0.042 0.028 0.062 0.046 0.064
0.354 0.344 0.32 0.296 0.262 0.246 0.156 0.136 0.08 0.07 0.054
0.426 0.392 0.468 0.418 0.448 0.466 0.45 0.456 0.418 0.432 0.35
0.404 0.42 0.452 0.4 0.394 0.302 0.312 0.304 0.26 0.258 0.238
0.102 0.114 0.088 0.076 0.082 0.08 0.066 0.072 0.06 0.03 0.03
0.572 0.568 0.56 0.536 0.514 0.422 0.398 0.388 0.322 0.354 0.404
0.032 0.046 0.052 0.034 0.03 0.014 0.022 0.018 0.018 0.02 0.012
0.462 0.378 0.34 0.294 0.27 0.322 0.352 0.34 0.364 0.374 0.418
0.09 0.076 0.102 0.092 0.092 0.094 0.106 0.14 0.14 0.17 0.206
0.44 0.42 0.408 0.41 0.414 0.428 0.444 0.434 0.452 0.42 0.426
0.054 0.072 0.064 0.07 0.056 0.07 0.084 0.096 0.116 0.126 0.1
0.298 0.308 0.29 0.326 0.31 0.324 0.276 0.254 0.208 0.234 0.172
0.038 0.032 0.036 0.038 0.05 0.026 0.048 0.062 0.068 0.078 0.088
0.318 0.3 0.286 0.248 0.264 0.242 0.226 0.162 0.158 0.15 0.15
0.41 0.388 0.366 0.412 0.442 0.372 0.414 0.392 0.414 0.398 0.43
0.332 0.292 0.226 0.204 0.234 0.16 0.162 0.112 0.072 0.092 0.06
0.15 0.136 0.13 0.118 0.142 0.136 0.164 0.16 0.154 0.148 0.138
0.54 0.536 0.56 0.518 0.45 0.492 0.454 0.508 0.506 0.508 0.538
0.44 0.404 0.334 0.314 0.284 0.296 0.262 0.276 0.32 0.318 0.338
0.494 0.506 0.52 0.476 0.444 0.388 0.384 0.354 0.304 0.296 0.268
0.568 0.576 0.486 0.44 0.4 0.362 0.268 0.23 0.236 0.244 0.25
0.12 0.134 0.154 0.148 0.156 0.156 0.138 0.152 0.15 0.122 0.134
0.364 0.328 0.286 0.296 0.26 0.254 0.236 0.216 0.212 0.184 0.21
0.022 0.008 0.008 0.008 0.008 0.008 0.016 0.01 0.016 0.04 0.054
0.634 0.622 0.622 0.528 0.51 0.414 0.424 0.468 0.466 0.49 0.524
0.04 0.038 0.052 0.032 0.046 0.054 0.088 0.072 0.088 0.104 0.086
0.018 0.006 0.002 0.008 0.008 0.006 0.006 0.008 0.008 0 0
0.138 0.14 0.154 0.116 0.124 0.12 0.128 0.12 0.084 0.094 0.054
0.532 0.538 0.454 0.456 0.388 0.312 0.308 0.24 0.2 0.174 0.128
0.444 0.422 0.474 0.466 0.512 0.486 0.594 0.56 0.556 0.58 0.612
0.52 0.578 0.57 0.56 0.564 0.594 0.542 0.562 0.51 0.592 0.548
0.138 0.116 0.108 0.108 0.116 0.1 0.128 0.086 0.074 0.078 0.05
0.028 0.038 0.028 0.046 0.03 0.032 0.03 0.028 0.04 0.038 0.034
0.306 0.356 0.338 0.344 0.342 0.386 0.408 0.432 0.47 0.466 0.494
0.284 0.324 0.282 0.232 0.208 0.194 0.152 0.078 0.082 0.04 0.026
0.534 0.49 0.42 0.474 0.428 0.482 0.43 0.464 0.438 0.456 0.444
0.1 0.116 0.074 0.076 0.088 0.082 0.064 0.084 0.058 0.086 0.114
0.55 0.54 0.524 0.452 0.39 0.36 0.288 0.224 0.146 0.136 0.058
0.71 0.728 0.7 0.67 0.64 0.596 0.564 0.518 0.51 0.46 0.454
0.24 0.24 0.246 0.254 0.266 0.252 0.29 0.264 0.25 0.308 0.288
0.346 0.318 0.29 0.286 0.256 0.256 0.19 0.192 0.162 0.18 0.138
0.602 0.584 0.598 0.542 0.524 0.562 0.556 0.574 0.516 0.452 0.422
0.43 0.406 0.39 0.478 0.476 0.514 0.56 0.574 0.612 0.576 0.576
0.226 0.212 0.206 0.198 0.17 0.132 0.112 0.09 0.066 0.05 0.036
0.39 0.388 0.406 0.414 0.444 0.374 0.402 0.398 0.414 0.382 0.414
0.084 0.118 0.132 0.124 0.098 0.114 0.102 0.11 0.1 0.114 0.106
0.526 0.552 0.518 0.466 0.37 0.424 0.338 0.374 0.39 0.392 0.384
0.188 0.198 0.22 0.172 0.232 0.204 0.21 0.218 0.292 0.242 0.234
0.116 0.1 0.122 0.13 0.126 0.132 0.104 0.122 0.136 0.152 0.178
0.038 0.068 0.064 0.076 0.06 0.078 0.1 0.098 0.104 0.124 0.116
0.488 0.43 0.372 0.406 0.32 0.292 0.302 0.194 0.204 0.17 0.194
0.416 0.398 0.372 0.328 0.278 0.278 0.228 0.198 0.166 0.112 0.068
0.352 0.374 0.328 0.24 0.258 0.188 0.214 0.134 0.158 0.162 0.164
0.088 0.096 0.108 0.144 0.164 0.204 0.24 0.272 0.318 0.33 0.316
0.186 0.124 0.14 0.132 0.122 0.124 0.138 0.114 0.12 0.11 0.086
0.116 0.086 0.064 0.056 0.054 0.048 0.044 0.026 0.026 0.026 0.028
0.08 0.08 0.066 0.086 0.08 0.076 0.098 0.164 0.16 0.192 0.234
