0.44 0.488 0.512 0.544 0.612 0.648 0.708 0.762 0.742 0.804 0.806
0.082 0.058 0.1 0.11 0.07 0.072 0.066 0.054 0.056 0.064 0.046
0.34 0.36 0.366 0.384 0.39 0.432 0.404 0.41 0.42 0.426 0.402
0.082 0.106 0.09 0.08 0.07 0.07 0.058 0.06 0.04 0.05 0.056
0.046 0.04 0.04 0.032 0.032 0.038 0.022 0.048 0.06 0.09 0.104
0.36 0.354 0.4 0.336 0.406 0.358 0.368 0.36 0.324 0.412 0.4
0.23 0.222 0.174 0.17 0.122 0.128 0.094 0.08 0.09 0.064 0.076
0.232 0.174 0.15 0.108 0.078 0.062 0.036 0.026 0.01 0.004 0.014
0.482 0.398 0.316 0.284 0.23 0.194 0.166 0.124 0.11 0.132 0.162
0.202 0.236 0.218 0.218 0.256 0.312 0.28 0.352 0.358 0.342 0.392
0.108 0.11 0.086 0.102 0.078 0.084 0.062 0.086 0.074 0.074 0.08
0.178 0.176 0.128 0.122 0.12 0.104 0.082 0.098 0.076 0.096 0.07
0.62 0.568 0.518 0.446 0.33 0.328 0.274 0.262 0.198 0.164 0.158
0.138 0.11 0.124 0.14 0.108 0.128 0.088 0.118 0.092 0.084 0.116
0.066 0.05 0.064 0.072 0.05 0.058 0.068 0.084 0.09 0.138 0.122
0.52 0.482 0.462 0.49 0.466 0.418 0.388 0.356 0.402 0.372 0.398
0.382 0.4 0.404 0.484 0.482 0.5 0.484 0.496 0.488 0.516 0.454
0.398 0.388 0.414 0.496 0.45 0.444 0.542 0.478 0.51 0.504 0.522
0.302 0.346 0.266 0.278 0.206 0.128 0.12 0.082 0.048 0.014 0.008
0.092 0.086 0.088 0.08 0.09 0.064 0.072 0.068 0.052 0.054 0.04
0.496 0.472 0.414 0.392 0.37 0.324 0.326 0.384 0.346 0.344 0.39
0.202 0.184 0.184 0.158 0.182 0.146 0.134 0.096 0.116 0.138 0.118
0.282 0.304 0.282 0.3 0.334 0.272 0.29 0.26 0.286 0.222 0.27
0.024 0.024 0.024 0.016 0.012 0.016 0.014 0.008 0.01 0.012 0.014
0.462 0.45 0.422 0.394 0.386 0.332 0.296 0.3 0.324 0.27 0.312
0.314 0.344 0.388 0.41 0.446 0.458 0.536 0.568 0.56 0.576 0.586
0.362 0.288 0.34 0.292 0.246 0.206 0.164 0.11 0.102 0.08 0.08
0.186 0.206 0.268 0.338 0.422 0.502 0.648 0.66 0.748 0.742 0.744
0.36 0.372 0.348 0.384 0.326 0.288 0.222 0.19 0.148 0.13 0.082
0.486 0.502 0.448 0.448 0.432 0.484 0.468 0.442 0.426 0.5 0.46
0.232 0.212 0.214 0.216 0.18 0.25 0.22 0.252 0.258 0.23 0.272
0.126 0.112 0.078 0.102 0.082 0.062 0.05 0.04 0.034 0.036 0.04
0.574 0.578 0.612 0.626 0.584 0.588 0.54 0.492 0.454 0.404 0.344
0.168 0.22 0.268 0.292 0.38 0.394 0.48 0.502 0.522 0.582 0.588
0.446 0.406 0.416 0.438 0.428 0.394 0.29 0.276 0.186 0.118 0.092
0.642 0.63 0.616 0.576 0.52 0.468 0.392 0.36 0.328 0.394 0.312
0.256 0.228 0.188 0.13 0.122 0.142 0.128 0.11 0.102 0.056 0.068
0.178 0.214 0.264 0.364 0.422 0.508 0.568 0.626 0.642 0.684 0.69
0.316 0.348 0.338 0.384 0.374 0.392 0.33 0.348 0.312 0.244 0.284
0.438 0.476 0.464 0.416 0.4 0.404 0.34 0.304 0.308 0.266 0.252
0.108 0.14 0.132 0.16 0.146 0.156 0.14 0.142 0.13 0.17 0.144
0.082 0.066 0.076 0.04 0.066 0.064 0.06 0.064 0.066 0.05 0.048
0.356 0.37 0.406 0.38 0.474 0.484 0.548 0.572 0.53 0.566 0.544
0.366 0.358 0.386 0.412 0.446 0.458 0.526 0.536 0.526 0.532 0.518
0.188 0.194 0.176 0.154 0.16 0.128 0.132 0.128 0.092 0.1 0.116
0.33 0.276 0.26 0.224 0.202 0.134 0.146 0.142 0.08 0.07 0.08
0.592 0.576 0.576 0.564 0.526 0.558 0.574 0.556 0.612 0.612 0.646
0.16 0.198 0.17 0.166 0.132 0.136 0.11 0.074 0.086 0.052 0.084
0.1 0.088 0.128 0.132 0.084 0.112 0.098 0.108 0.128 0.16 0.224
0.038 0.048 0.04 0.02 0.038 0.032 0.04 0.062 0.056 0.052 0.036
0.268 0.318 0.248 0.252 0.26 0.196 0.186 0.136 0.12 0.086 0.07
0.3 0.284 0.276 0.238 0.24 0.216 0.244 0.192 0.174 0.172 0.14
0.024 0.006 0.014 0.006 0 0.002 0 0 0.004 0 0
0.028 0.028 0.034 0.036 0.024 0.048 0.046 0.046 0.042 0.092 0.09
0.062 0.082 0.086 0.08 0.116 0.11 0.092 0.094 0.07 0.084 0.074
0.184 0.178 0.188 0.166 0.166 0.176 0.138 0.21 0.172 0.202 0.206
0.038 0.054 0.068 0.052 0.046 0.048 0.052 0.048 0.046 0.066 0.05
0.534 0.57 0.58 0.684 0.682 0.736 0.78 0.744 0.796 0.73 0.724
0.248 0.28 0.322 0.392 0.434 0.504 0.558 0.588 0.616 0.662 0.666
0.668 0.694 0.674 0.614 0.608 0.576 0.63 0.596 0.648 0.648 0.642
0.162 0.164 0.198 0.248 0.258 0.364 0.41 0.478 0.54 0.59 0.6
0.422 0.502 0.516 0.492 0.538 0.514 0.43 0.388 0.336 0.284 0.244
0.144 0.16 0.206 0.278 0.328 0.37 0.42 0.476 0.498 0.49 0.52
0.322 0.216 0.184 0.122 0.088 0.068 0.054 0.046 0.046 0.07 0.066
0.038 0.044 0.026 0.026 0.024 0.036 0.028 0.022 0.02 0.03 0.038
0.614 0.578 0.55 0.582 0.586 0.562 0.536 0.598 0.55 0.514 0.446
0.034 0.02 0.034 0.028 0.036 0.036 0.046 0.038 0.02 0.03 0.03
0.448 0.466 0.484 0.522 0.524 0.536 0.51 0.546 0.58 0.57 0.548
0.328 0.322 0.33 0.304 0.336 0.31 0.284 0.29 0.262 0.288 0.322
0.234 0.256 0.272 0.276 0.31 0.316 0.356 0.35 0.36 0.338 0.328
0.198 0.242 0.22 0.25 0.222 0.202 0.166 0.168 0.216 0.158 0.176
0.344 0.384 0.33 0.364 0.366 0.338 0.346 0.3 0.354 0.356 0.342
0.368 0.416 0.452 0.454 0.452 0.556 0.47 0.466 0.404 0.374 0.322
0.052 0.026 0.042 0.044 0.042 0.056 0.048 0.068 0.048 0.052 0.044
0.544 0.472 0.498 0.442 0.426 0.47 0.42 0.408 0.412 0.39 0.424
0.32 0.324 0.264 0.262 0.25 0.254 0.2 0.188 0.176 0.172 0.14
0.048 0.05 0.046 0.068 0.034 0.056 0.038 0.046 0.042 0.042 0.05
0.102 0.094 0.11 0.084 0.098 0.06 0.064 0.06 0.066 0.092 0.096
0.04 0.048 0.026 0.014 0.032 0.008 0.016 0.012 0.006 0.02 0.008
0.232 0.22 0.17 0.158 0.156 0.11 0.104 0.072 0.056 0.024 0.016
0.424 0.38 0.332 0.358 0.308 0.324 0.27 0.274 0.242 0.186 0.134
0.774 0.74 0.664 0.606 0.528 0.5 0.45 0.368 0.318 0.214 0.266
0.22 0.228 0.228 0.21 0.246 0.248 0.254 0.252 0.294 0.232 0.236
0.256 0.214 0.138 0.148 0.09 0.076 0.08 0.058 0.062 0.058 0.042
0.374 0.322 0.326 0.282 0.25 0.21 0.192 0.136 0.114 0.08 0.086
0.084 0.098 0.08 0.118 0.102 0.092 0.1 0.096 0.092 0.104 0.102
0.262 0.276 0.294 0.316 0.336 0.406 0.498 0.476 0.494 0.488 0.47
0.052 0.044 0.052 0.026 0.038 0.028 0.024 0.014 0.018 0.004 0.004
0.05 0.032 0.04 0.044 0.044 0.052 0.048 0.052 0.042 0.044 0.036
0.746 0.69 0.648 0.592 0.522 0.53 0.48 0.42 0.422 0.376 0.344
0.37 0.402 0.484 0.504 0.568 0.648 0.642 0.668 0.714 0.718 0.74
0.114 0.094 0.108 0.144 0.14 0.148 0.148 0.118 0.15 0.156 0.14
0.51 0.48 0.488 0.538 0.45 0.478 0.454 0.43 0.434 0.39 0.406
0.116 0.12 0.116 0.092 0.128 0.096 0.112 0.118 0.092 0.094 0.092
0.016 0.02 0.024 0.018 0.02 0.038 0.024 0.046 0.054 0.058 0.05
0.386 0.356 0.372 0.278 0.302 0.192 0.158 0.138 0.082 0.042 0.03
0.392 0.418 0.446 0.43 0.428 0.46 0.432 0.394 0.412 0.332 0.36
0.382 0.336 0.344 0.344 0.312 0.334 0.284 0.262 0.244 0.21 0.232
0.104 0.13 0.092 0.09 0.098 0.08 0.102 0.104 0.058 0.048 0.032
0.504 0.522 0.538 0.48 0.444 0.41 0.382 0.364 0.336 0.278 0.298
0.034 0.024 0.036 0.046 0.038 0.03 0.038 0.034 0.026 0.02 0.022
0.428 0.418 0.326 0.338 0.308 0.342 0.34 0.396 0.4 0.434 0.442
0.082 0.108 0.09 0.102 0.116 0.098 0.13 0.152 0.17 0.22 0.246
0.47 0.504 0.466 0.448 0.402 0.384 0.37 0.374 0.412 0.43 0.422
0.076 0.058 0.074 0.07 0.07 0.056 0.086 0.082 0.1 0.11 0.118
0.336 0.418 0.408 0.35 0.34 0.31 0.284 0.236 0.24 0.188 0.206
0.036 0.034 0.026 0.048 0.032 0.038 0.04 0.034 0.032 0.046 0.082
0.204 0.224 0.232 0.212 0.174 0.142 0.166 0.128 0.094 0.086 0.106
0.412 0.414 0.418 0.432 0.47 0.466 0.506 0.492 0.506 0.48 0.484
0.272 0.238 0.24 0.23 0.212 0.152 0.082 0.088 0.058 0.072 0.044
0.076 0.086 0.074 0.094 0.098 0.098 0.116 0.09 0.132 0.11 0.122
0.596 0.646 0.6 0.568 0.558 0.564 0.592 0.588 0.626 0.626 0.636
0.466 0.44 0.366 0.378 0.374 0.346 0.35 0.378 0.398 0.418 0.392
0.492 0.514 0.488 0.502 0.484 0.456 0.412 0.44 0.418 0.386 0.454
0.538 0.52 0.474 0.446 0.358 0.276 0.272 0.282 0.246 0.21 0.204
0.152 0.146 0.156 0.118 0.158 0.174 0.146 0.158 0.154 0.186 0.186
0.248 0.298 0.25 0.298 0.246 0.226 0.208 0.188 0.204 0.228 0.202
0.03 0.02 0.024 0.01 0.01 0.004 0.004 0.004 0.022 0.032 0.044
0.614 0.63 0.574 0.534 0.492 0.488 0.466 0.382 0.482 0.442 0.458
0.028 0.04 0.036 0.064 0.036 0.056 0.06 0.074 0.062 0.08 0.088
0.01 0.01 0.012 0 0.006 0.008 0.002 0.004 0.004 0.002 0
0.124 0.116 0.134 0.152 0.11 0.142 0.098 0.082 0.088 0.072 0.054
0.578 0.576 0.536 0.488 0.416 0.352 0.28 0.212 0.164 0.13 0.052
0.382 0.398 0.4 0.464 0.452 0.508 0.512 0.57 0.6 0.616 0.656
0.512 0.516 0.532 0.544 0.506 0.528 0.548 0.542 0.524 0.498 0.496
0.138 0.122 0.12 0.122 0.094 0.128 0.12 0.088 0.102 0.138 0.112
0.018 0.014 0.03 0.02 0.034 0.028 0.038 0.024 0.02 0.03 0.022
0.296 0.284 0.314 0.308 0.3 0.324 0.334 0.402 0.412 0.402 0.422
0.31 0.304 0.242 0.21 0.21 0.164 0.146 0.106 0.066 0.044 0.036
0.53 0.536 0.516 0.486 0.468 0.442 0.372 0.406 0.374 0.362 0.356
0.092 0.068 0.056 0.076 0.064 0.066 0.072 0.092 0.07 0.09 0.112
0.542 0.56 0.528 0.422 0.35 0.294 0.236 0.18 0.136 0.098 0.066
0.534 0.524 0.482 0.418 0.414 0.378 0.328 0.296 0.232 0.186 0.174
0.242 0.208 0.228 0.224 0.236 0.276 0.252 0.234 0.21 0.21 0.24
0.22 0.192 0.176 0.182 0.176 0.15 0.192 0.13 0.16 0.148 0.136
0.542 0.536 0.508 0.474 0.482 0.48 0.4 0.39 0.464 0.402 0.348
0.372 0.352 0.408 0.44 0.424 0.474 0.476 0.42 0.472 0.472 0.484
0.214 0.224 0.194 0.178 0.142 0.158 0.092 0.084 0.044 0.04 0.038
0.452 0.498 0.424 0.438 0.43 0.394 0.312 0.338 0.358 0.268 0.322
0.04 0.056 0.074 0.08 0.076 0.102 0.084 0.072 0.128 0.138 0.142
0.61 0.52 0.442 0.406 0.374 0.332 0.346 0.312 0.33 0.346 0.362
0.23 0.212 0.25 0.256 0.258 0.25 0.26 0.282 0.318 0.292 0.308
0.14 0.156 0.15 0.17 0.154 0.146 0.148 0.148 0.168 0.154 0.146
0.086 0.07 0.072 0.08 0.09 0.078 0.092 0.122 0.106 0.154 0.146
0.492 0.504 0.436 0.378 0.398 0.342 0.3 0.252 0.212 0.19 0.146
0.38 0.4 0.404 0.322 0.288 0.268 0.222 0.214 0.164 0.13 0.092
0.368 0.342 0.308 0.288 0.226 0.226 0.16 0.168 0.166 0.158 0.17
0.082 0.09 0.1 0.138 0.156 0.212 0.272 0.298 0.352 0.418 0.466
0.182 0.142 0.134 0.12 0.094 0.116 0.094 0.122 0.11 0.082 0.068
0.064 0.056 0.056 0.05 0.054 0.046 0.04 0.016 0.034 0.022 0.024
0.042 0.044 0.032 0.04 0.046 0.08 0.06 0.074 0.106 0.148 0.176
