0.02898551 0.1594203 0.06521739 0.02898551 0.007246377 0.01449275 0.007246377 0.007246377 0.007246377 0.007246377 0
0.7941176 0.6764706 0.7352941 0.6985294 0.7647059 0.757353 0.8088235 0.7720588 0.8088235 0.6911765 0.8014706
0.328125 0.3984375 0.3203125 0.421875 0.2890625 0.203125 0.1953125 0.125 0.1328125 0.1171875 0.171875
0.8175182 0.890511 0.8613139 0.9124088 0.9051095 0.9489051 0.9051095 0.8613139 0.9343066 0.8759124 0.9489051
0.9609375 0.9609375 0.9609375 0.96875 0.984375 0.921875 0.984375 0.953125 0.9921875 0.921875 0.8984375
0.2340426 0.3404255 0.2978723 0.2553191 0.2695035 0.2411348 0.3049645 0.2907801 0.3262411 0.2695035 0.2482270
0.6470588 0.6470588 0.6397059 0.6691176 0.6617647 0.6617647 0.7058824 0.742647 0.6985294 0.757353 0.632353
0.6296296 0.5037037 0.5259259 0.5703704 0.6296296 0.7259259 0.8148148 0.837037 0.8296296 0.925926 0.8962963
0.5777778 0.5111111 0.562963 0.5703704 0.6148148 0.6074074 0.637037 0.6740741 0.6 0.6666667 0.637037
0.4926471 0.5661765 0.4264706 0.4485294 0.4338235 0.3823529 0.3382353 0.3235294 0.3014706 0.2647059 0.2573529
0.6888889 0.6518519 0.6814815 0.6888889 0.7407407 0.7111111 0.8222222 0.7407407 0.762963 0.7111111 0.6740741
0.8074074 0.7851852 0.837037 0.8814815 0.9111111 0.9037037 0.9333333 0.925926 0.9777778 0.925926 0.9777778
0.2127660 0.09219858 0.1560284 0.1773050 0.2978723 0.3404255 0.3900709 0.4113475 0.4255319 0.4893617 0.4255319
0.6917293 0.6992481 0.6240602 0.6766917 0.6766917 0.6917293 0.7368421 0.6917293 0.7368421 0.6992481 0.6616541
0.8088235 0.757353 0.7720588 0.7058824 0.8382353 0.7941176 0.8161765 0.757353 0.7941176 0.5735294 0.6470588
0.1015625 0.109375 0.0625 0.09375 0.109375 0.15625 0.1875 0.1796875 0.1640625 0.1953125 0.171875
0.2556391 0.2781955 0.2406015 0.2706767 0.2180451 0.2556391 0.2406015 0.2180451 0.2030075 0.2180451 0.2255639
0.2928571 0.3071429 0.2642857 0.2857143 0.2428571 0.2 0.1714286 0.1285714 0.1928571 0.1428571 0.1785714
0.4202899 0.3623188 0.3478261 0.4637681 0.5289855 0.557971 0.6304348 0.7028986 0.826087 0.9565217 0.8985507
0.8071429 0.8214286 0.8071429 0.8357143 0.8428571 0.8 0.7785714 0.8142857 0.7857143 0.9071429 0.8642857
0.4 0.2888889 0.3629630 0.3703704 0.437037 0.4296296 0.3777778 0.3259259 0.2962963 0.3111111 0.2666667
0.5869565 0.5362319 0.5869565 0.557971 0.5797101 0.5869565 0.6304348 0.5942029 0.6231884 0.4855072 0.5942029
0.3851852 0.4074074 0.4148148 0.4148148 0.437037 0.4444444 0.4592593 0.437037 0.4518519 0.4888889 0.4592593
0.96875 0.9609375 0.96875 0.96875 0.9765625 0.9453125 0.96875 0.9765625 1 1 1
0.1470588 0.07352941 0.1323529 0.1691176 0.2205882 0.2132353 0.2573529 0.2205882 0.2573529 0.2426471 0.1838235
0.3555556 0.5259259 0.4888889 0.2814815 0.2296296 0.1629630 0.1185185 0.1259259 0.1481481 0.1629630 0.1481481
0.4962963 0.4962963 0.4962963 0.5333333 0.5333333 0.5851852 0.5777778 0.6074074 0.637037 0.6666667 0.762963
0.07518797 0.2781955 0.1578947 0.06766917 0.02255639 0.03007519 0.007518797 0 0 0 0
0.3157895 0.2781955 0.3759398 0.3007519 0.406015 0.4135338 0.5037594 0.631579 0.7142857 0.7443609 0.7669173
0.1617647 0.07352941 0.1176471 0.1102941 0.1102941 0.1102941 0.1029412 0.1397059 0.1102941 0.1544118 0.1544118
0.5474453 0.5766423 0.5839416 0.5328467 0.5036496 0.5109489 0.4306569 0.4525547 0.3722628 0.3649635 0.3430657
0.6666667 0.5851852 0.6296296 0.6888889 0.6962963 0.7037037 0.7555556 0.8074074 0.7777778 0.7111111 0.7111111
0.02941176 0.0882353 0.07352941 0.02941176 0.02941176 0.02941176 0.04411765 0.05147059 0.02941176 0.03676471 0.02941176
0.4921875 0.609375 0.578125 0.4453125 0.453125 0.3671875 0.203125 0.1875 0.1328125 0.140625 0.109375
0.2919708 0.2846715 0.2262774 0.2481752 0.3503650 0.3649635 0.3503650 0.4744526 0.5620438 0.6277372 0.6715328
0.1231884 0.06521739 0.07971014 0.08695652 0.1086957 0.2753623 0.2246377 0.1956522 0.2463768 0.2536232 0.2391304
0.4468085 0.4255319 0.4255319 0.4964539 0.5177305 0.4680851 0.5035461 0.5319149 0.5390071 0.6524823 0.6453901
0.2666667 0.4740741 0.3851852 0.2888889 0.1407407 0.06666667 0.03703704 0.02962963 0.03703704 0.02222222 0.01481481
0.1328125 0.1484375 0.1328125 0.1015625 0.171875 0.1328125 0.1953125 0.21875 0.25 0.2421875 0.296875
0.2734375 0.234375 0.1953125 0.2578125 0.2265625 0.3359375 0.3984375 0.375 0.3515625 0.3515625 0.4140625
0.5642857 0.5571429 0.6214286 0.5 0.4785714 0.55 0.4714286 0.4214286 0.4 0.4071429 0.3857143
0.7941176 0.8235294 0.8602941 0.75 0.742647 0.8235294 0.8382353 0.7794118 0.7205882 0.7205882 0.7279412
0.1428571 0.2556391 0.2330827 0.1428571 0.1052632 0.08270677 0.07518797 0.08270677 0.08270677 0.08270677 0.05263158
0.2428571 0.3714286 0.4071429 0.2785714 0.2642857 0.15 0.1714286 0.1571429 0.1214286 0.1214286 0.07857143
0.6240602 0.6842105 0.6240602 0.6691729 0.593985 0.6165414 0.631579 0.6691729 0.556391 0.593985 0.6541353
0.5955882 0.5808824 0.6397059 0.5955882 0.6985294 0.6544118 0.7132353 0.7794118 0.8014706 0.7647059 0.8235294
0.3262411 0.3475177 0.2482270 0.2695035 0.2978723 0.2198582 0.2624113 0.1560284 0.1985816 0.1773050 0.1702128
0.6642857 0.6857143 0.6714286 0.6928571 0.7357143 0.7357143 0.7571429 0.8428571 0.7571429 0.8071429 0.8785714
0.762963 0.7407407 0.7185185 0.7481481 0.8074074 0.7777778 0.7851852 0.762963 0.7925926 0.8 0.6666667
0.9214286 0.95 0.8928571 0.9071429 0.8714286 0.9 0.8071429 0.8642857 0.7928571 0.7428571 0.7785714
0.5703125 0.609375 0.5390625 0.53125 0.59375 0.484375 0.4921875 0.5234375 0.5546875 0.515625 0.5546875
0.4714286 0.3928571 0.5142857 0.4285714 0.5071429 0.4857143 0.4928571 0.4857143 0.5071429 0.5214286 0.5285714
0.9562044 0.9635036 0.9489051 0.9124088 0.9416058 0.9343066 0.9124088 0.919708 0.9270073 0.8759124 0.9051095
0.9710145 0.9782609 0.9637681 0.9057971 0.942029 0.9057971 0.8913043 0.9565217 0.9130435 0.8695652 0.8115942
0.7744361 0.8421053 0.7969925 0.8270677 0.8571429 0.7518797 0.7368421 0.7293233 0.7218045 0.7443609 0.7293233
0.65625 0.640625 0.609375 0.671875 0.6328125 0.6484375 0.6015625 0.5546875 0.5625 0.515625 0.5
0.9609375 0.9375 0.9765625 0.9609375 0.9609375 0.921875 0.96875 0.953125 0.9765625 0.9765625 0.9609375
0.02255639 0.04511278 0.02255639 0.01503759 0.02255639 0.02255639 0 0.01503759 0.007518797 0 0.03007519
0.3828125 0.4609375 0.40625 0.375 0.25 0.2265625 0.1171875 0.125 0.1015625 0.0703125 0.09375
0.0859375 0.1328125 0.171875 0.125 0.09375 0.1796875 0.1875 0.125 0.109375 0.140625 0.109375
0.484375 0.6328125 0.5390625 0.4375 0.2890625 0.2421875 0.125 0.1015625 0.0625 0.046875 0.0546875
0.125 0.1323529 0.1176471 0.1691176 0.1029412 0.125 0.1764706 0.1985294 0.2794118 0.3161765 0.3382353
0.4740741 0.5851852 0.5407407 0.4814815 0.3185185 0.2518519 0.1629630 0.0962963 0.0962963 0.08148148 0.1111111
0.7279412 0.5808824 0.7132353 0.75 0.7647059 0.8897059 0.8455882 0.9338235 0.875 0.8088235 0.6691176
0.9117647 0.9338235 0.9632353 0.9485294 0.9852941 0.9264706 0.9485294 0.9338235 0.9264706 0.9044118 0.8602941
0.01459854 0.06569343 0.01459854 0.01459854 0.00729927 0.01459854 0.03649635 0.02919708 0.08029197 0.05839416 0.09489051
0.884058 0.8405797 0.8695652 0.8333333 0.8623188 0.8188406 0.8333333 0.8115942 0.6884058 0.7101449 0.7536232
0.1167883 0.1678832 0.1313869 0.06569343 0.06569343 0.06569343 0.08029197 0.1021898 0.1094891 0.08029197 0.09489051
0.4044118 0.4485294 0.4191176 0.4044118 0.3897059 0.4044118 0.375 0.3382353 0.3823529 0.3529412 0.3382353
0.5 0.4852941 0.5367647 0.4705882 0.4852941 0.3897059 0.3897059 0.3602941 0.3161765 0.3235294 0.2867647
0.5985401 0.5693431 0.5839416 0.5839416 0.540146 0.5547445 0.5620438 0.5328467 0.5182482 0.5693431 0.4671533
0.421875 0.53125 0.4375 0.4453125 0.4453125 0.3984375 0.3046875 0.3515625 0.2734375 0.203125 0.2109375
0.1111111 0.2296296 0.1777778 0.1333333 0.0962963 0.1333333 0.1407407 0.1851852 0.2 0.2222222 0.3037037
0.9214286 0.8285714 0.8357143 0.8928571 0.8285714 0.8428571 0.7714286 0.8071429 0.8 0.7357143 0.8357143
0.125 0.0882353 0.0882353 0.1691176 0.1985294 0.1985294 0.1838235 0.2794118 0.2132353 0.2058824 0.2205882
0.3550725 0.4275362 0.4130435 0.3695652 0.4637681 0.4855072 0.4637681 0.4855072 0.5724638 0.5434783 0.6014493
0.953125 0.9375 0.890625 0.90625 0.953125 0.9453125 0.984375 0.96875 0.96875 0.9765625 0.984375
0.890511 0.839416 0.9489051 0.8540146 0.8540146 0.919708 0.890511 0.8686131 0.9124088 0.8321168 0.810219
0.9609375 0.9453125 0.9296875 0.9609375 0.9609375 0.9453125 0.984375 0.96875 1 0.984375 0.9921875
0.6328125 0.453125 0.5703125 0.6171875 0.6875 0.703125 0.6796875 0.671875 0.8046875 0.8046875 0.828125
0.3382353 0.3161765 0.3161765 0.3823529 0.4411765 0.3676471 0.3676471 0.4117647 0.4558824 0.5 0.5955882
0.02222222 0.007407407 0.007407407 0.02222222 0.05925926 0.1259259 0.2814815 0.3407407 0.4 0.4296296 0.437037
0.6842105 0.6541353 0.6541353 0.5639098 0.5789474 0.5789474 0.5488722 0.5338346 0.5037594 0.5112782 0.443609
0.6740741 0.6148148 0.6444444 0.6814815 0.6666667 0.637037 0.6518519 0.6074074 0.6222222 0.6666667 0.5925926
0.3795620 0.2335766 0.3941606 0.4452555 0.4014599 0.5036496 0.5255474 0.5328467 0.5912409 0.6277372 0.8029197
0.7571429 0.7857143 0.7285714 0.7214286 0.7357143 0.6571429 0.6428571 0.6 0.5 0.4714286 0.45
0.2222222 0.3259259 0.2370370 0.2370370 0.2888889 0.1703704 0.1037037 0.07407407 0.08148148 0.1037037 0.1185185
0.8074074 0.7555556 0.7407407 0.8148148 0.8814815 0.7851852 0.9111111 0.925926 0.874074 0.9555556 0.9333333
0.8071429 0.8285714 0.8142857 0.7 0.7071429 0.65 0.6785714 0.6571429 0.5571429 0.5785714 0.65
0.06015038 0.02255639 0.02255639 0.09022556 0.09022556 0.2406015 0.2406015 0.2631579 0.2781955 0.3233083 0.2932331
0.05797101 0.1521739 0.1014493 0.05072464 0.01449275 0.01449275 0.01449275 0.02173913 0.007246377 0.007246377 0
0.617647 0.6617647 0.5808824 0.5955882 0.6029412 0.5955882 0.5882353 0.625 0.5808824 0.6764706 0.5294118
0.1617647 0.1838235 0.1617647 0.1323529 0.1102941 0.2279412 0.1617647 0.2426471 0.2426471 0.2867647 0.2720588
0.7205882 0.757353 0.7720588 0.6911765 0.7794118 0.7720588 0.75 0.75 0.7941176 0.7205882 0.632353
0.9407407 0.9925926 1 0.9111111 0.9407407 0.874074 0.7851852 0.8296296 0.874074 0.7259259 0.6518519
0.3481481 0.3703704 0.3185185 0.4444444 0.4444444 0.5185185 0.5407407 0.6222222 0.6592593 0.762963 0.8296296
0.1838235 0.3529412 0.25 0.1911765 0.25 0.2058824 0.2205882 0.2426471 0.3235294 0.3088235 0.3161765
0.5248227 0.5248227 0.4326241 0.5390071 0.5248227 0.5531915 0.4751773 0.5602837 0.4822695 0.5531915 0.5531915
0.7132353 0.7058824 0.7867647 0.75 0.7205882 0.6764706 0.7132353 0.7794118 0.8529412 0.7647059 0.8014706
0.1015625 0.109375 0.1015625 0.1328125 0.2109375 0.203125 0.265625 0.3046875 0.2734375 0.3359375 0.2734375
0.9473684 0.9849624 0.9849624 0.9548872 0.9849624 0.9849624 0.9548872 0.9774436 0.9774436 0.9548872 0.9323308
0.3115942 0.1884058 0.3188406 0.2391304 0.3405797 0.3115942 0.2246377 0.2681159 0.2463768 0.1956522 0.2101449
0.8235294 0.8308824 0.7720588 0.8529412 0.7647059 0.757353 0.6102941 0.4705882 0.5073529 0.4485294 0.3529412
0.2296296 0.2444444 0.2222222 0.2666667 0.3111111 0.2814815 0.3037037 0.3407407 0.2740741 0.2666667 0.2740741
0.8814815 0.962963 0.8666667 0.8814815 0.8962963 0.874074 0.8444444 0.7925926 0.874074 0.8518519 0.6962963
0.2556391 0.1879699 0.2180451 0.2406015 0.2781955 0.2706767 0.2857143 0.3308271 0.3458647 0.3909774 0.3533835
0.8296296 0.8666667 0.8444444 0.9407407 0.8814815 0.8296296 0.8814815 0.7481481 0.7851852 0.6814815 0.6740741
0.5639098 0.5413534 0.5714286 0.518797 0.5714286 0.556391 0.5488722 0.6015038 0.6240602 0.5789474 0.6616541
0.1276596 0.2836879 0.2269504 0.2198582 0.2198582 0.1843972 0.1418440 0.1560284 0.2553191 0.2765957 0.2482270
0.3834586 0.3533835 0.3759398 0.4210526 0.3834586 0.4285714 0.4736842 0.5338346 0.5037594 0.6015038 0.6390977
0.734375 0.734375 0.78125 0.6953125 0.7109375 0.6953125 0.6484375 0.6015625 0.59375 0.5546875 0.5546875
0.4518519 0.3629630 0.4666667 0.4888889 0.4666667 0.4814815 0.5111111 0.4888889 0.4518519 0.4962963 0.4666667
0.3529412 0.3088235 0.2867647 0.3308824 0.3897059 0.3382353 0.375 0.3676471 0.3823529 0.3382353 0.3529412
0.1015625 0.140625 0.1640625 0.1328125 0.046875 0.15625 0.1484375 0.125 0.1015625 0.1171875 0.1640625
0.1328125 0.0625 0.09375 0.140625 0.2578125 0.375 0.4296875 0.5234375 0.5390625 0.5 0.53125
0.7777778 0.762963 0.762963 0.762963 0.7333333 0.7333333 0.6962963 0.7555556 0.7111111 0.7037037 0.6592593
0.4751773 0.4751773 0.4326241 0.5035461 0.4822695 0.4680851 0.4822695 0.4609929 0.4893617 0.4680851 0.4751773
1 0.9632353 0.9632353 0.9632353 0.9779412 0.9558824 0.9705882 0.9338235 0.8970588 0.7720588 0.75
0.08888889 0.02222222 0.02962963 0.07407407 0.1259259 0.1333333 0.1481481 0.1777778 0.1481481 0.1703704 0.1777778
0.8088235 0.8382353 0.9191176 0.8382353 0.9044118 0.8088235 0.8014706 0.7205882 0.8014706 0.7205882 0.625
0.9407407 0.9185185 0.8962963 0.9481481 0.9407407 0.837037 0.8518519 0.9407407 0.9333333 0.8962963 0.9185185
0.6397059 0.6617647 0.7352941 0.6764706 0.6691176 0.6617647 0.6397059 0.6691176 0.7279412 0.6029412 0.6397059
0.1428571 0.07518797 0.1428571 0.2180451 0.3157895 0.3383459 0.3909774 0.4210526 0.5037594 0.556391 0.631579
0.08888889 0.2148148 0.2296296 0.1851852 0.0962963 0.1111111 0.05925926 0.08148148 0.05925926 0.07407407 0.08148148
0.04347826 0.06521739 0.05797101 0.02898551 0.02898551 0.02898551 0.05797101 0.05072464 0.05072464 0.07246377 0.04347826
0.6569343 0.6934307 0.6642336 0.6861314 0.649635 0.6642336 0.6569343 0.5620438 0.5766423 0.5693431 0.5036496
0.9407407 0.962963 1 0.9037037 0.9407407 0.9481481 0.9333333 0.8814815 0.874074 0.8962963 0.874074
0.3503650 0.4233577 0.3138686 0.3649635 0.3430657 0.2773723 0.2335766 0.2189781 0.2189781 0.1824818 0.1459854
0.649635 0.620438 0.5985401 0.6131387 0.6569343 0.6788321 0.7591241 0.7591241 0.8613139 0.9270073 0.8832117
0.1985294 0.1691176 0.1470588 0.1911765 0.2573529 0.2941176 0.2794118 0.3014706 0.3235294 0.3088235 0.3382353
0.7481481 0.6888889 0.7851852 0.762963 0.7111111 0.7407407 0.7703704 0.7555556 0.6740741 0.6888889 0.6740741
0.1617647 0.0882353 0.08088235 0.1102941 0.1911765 0.3382353 0.375 0.4411765 0.4117647 0.5294118 0.5955882
0.171875 0.1484375 0.1953125 0.1640625 0.2734375 0.3984375 0.4296875 0.4453125 0.390625 0.4140625 0.5078125
0.540146 0.5620438 0.5693431 0.5328467 0.540146 0.5109489 0.4525547 0.4890511 0.459854 0.4306569 0.3868613
0.4964539 0.4680851 0.4468085 0.5035461 0.4822695 0.4609929 0.4822695 0.4751773 0.4964539 0.5673759 0.4822695
0.1594203 0.1594203 0.1376812 0.2101449 0.1666667 0.2391304 0.3260870 0.3550725 0.3115942 0.3043478 0.3115942
0.1503759 0.2481203 0.1729323 0.2330827 0.1052632 0.1052632 0.08270677 0.1203008 0.1578947 0.1729323 0.1353383
0.5642857 0.6214286 0.6285714 0.6285714 0.6357143 0.7071429 0.7285714 0.7214286 0.7928571 0.8571429 0.9142857
0.2518519 0.2888889 0.2962963 0.2814815 0.2592593 0.2814815 0.2740741 0.2962963 0.2740741 0.3037037 0.3037037
0.8333333 0.8333333 0.826087 0.826087 0.789855 0.789855 0.7753623 0.7391304 0.6086957 0.6304348 0.5144928
0.2624113 0.2269504 0.2482270 0.2340426 0.2695035 0.2411348 0.3120567 0.3191489 0.3120567 0.2765957 0.2482270
0.5673759 0.5390071 0.5815603 0.5460993 0.4964539 0.5248227 0.4822695 0.4326241 0.4468085 0.4255319 0.3687943
0.6015625 0.640625 0.625 0.625 0.59375 0.546875 0.484375 0.515625 0.46875 0.4140625 0.4140625
0.7777778 0.8 0.8074074 0.8518519 0.8666667 0.7703704 0.8888889 0.7185185 0.8074074 0.8074074 0.6296296
0.1811594 0.05797101 0.08695652 0.1884058 0.1159420 0.2753623 0.3260870 0.3333333 0.384058 0.4347826 0.4347826
0.3082707 0.2556391 0.3458647 0.3233083 0.3684211 0.3909774 0.406015 0.443609 0.5037594 0.5338346 0.6541353
0.5147059 0.4852941 0.4926471 0.5294118 0.5735294 0.5220588 0.5588235 0.5955882 0.6029412 0.6911765 0.6029412
0.7941176 0.8308824 0.8088235 0.7794118 0.742647 0.625 0.5882353 0.4558824 0.3970588 0.3235294 0.3161765
0.6788321 0.729927 0.7080292 0.6569343 0.6642336 0.6569343 0.7080292 0.6350365 0.649635 0.7007299 0.8029197
0.8947368 0.9172932 0.924812 0.8270677 0.8947368 0.887218 0.8947368 0.8721805 0.9172932 0.9398496 0.887218
0.8296296 0.9333333 0.9407407 0.9481481 0.8814815 0.8 0.7777778 0.6444444 0.7037037 0.4962963 0.4814815
