0.1060606 0.2121212 0.1666667 0.0909091 0.03030303 0.007575758 0 0 0 0.007575758 0
0.7969925 0.7894737 0.8195489 0.7518797 0.7669173 0.7969925 0.8421053 0.8045113 0.8045113 0.8195489 0.7819549
0.3741007 0.4388489 0.4532374 0.4028777 0.3453237 0.3381295 0.2302158 0.2661871 0.2446043 0.294964 0.352518
0.887218 0.7969925 0.8270677 0.8421053 0.9097744 0.7969925 0.924812 0.924812 0.9097744 0.8947368 0.81203
0.9208633 0.8992806 0.9856115 0.9496403 0.971223 0.9640288 0.9352518 0.9568345 0.942446 0.8417266 0.7266187
0.3059701 0.3507463 0.3507463 0.2611940 0.3358209 0.2761194 0.3358209 0.2910448 0.3059701 0.2835821 0.3134328
0.6296296 0.5703704 0.6222222 0.6296296 0.6888889 0.6666667 0.7259259 0.8222222 0.8 0.874074 0.8666667
0.6492537 0.5895522 0.6044776 0.619403 0.6641791 0.7164179 0.7537313 0.8731343 0.9104478 0.9402985 0.9253731
0.4285714 0.3214286 0.3714286 0.4714286 0.4857143 0.5357143 0.5357143 0.5571429 0.5428571 0.4857143 0.4785714
0.3731343 0.4776119 0.380597 0.4179104 0.3208955 0.2835821 0.1417910 0.1268657 0.07462687 0.1119403 0.1044776
0.8257576 0.7878788 0.810606 0.7727273 0.8181818 0.8484848 0.8257576 0.7954545 0.7651515 0.7651515 0.7651515
0.7697842 0.676259 0.76259 0.76259 0.7769784 0.7913669 0.8776978 0.7913669 0.7841727 0.9064748 0.913669
0.1824818 0.04379562 0.09489051 0.3138686 0.3065693 0.3138686 0.4452555 0.4817518 0.5036496 0.5474453 0.4963504
0.6740741 0.7037037 0.7407407 0.637037 0.7481481 0.6518519 0.7111111 0.6740741 0.5925926 0.5777778 0.6814815
0.880597 0.8208955 0.8656716 0.8358209 0.8432836 0.8432836 0.7835821 0.8432836 0.6268657 0.641791 0.5970149
0.2928571 0.1714286 0.2142857 0.2785714 0.2785714 0.2714286 0.3285714 0.2214286 0.2571429 0.2142857 0.2142857
0.2910448 0.3208955 0.3208955 0.2910448 0.2686567 0.3134328 0.3134328 0.3507463 0.380597 0.3955224 0.4179104
0.2592593 0.2888889 0.2148148 0.2296296 0.2518519 0.1333333 0.1629630 0.1185185 0.1111111 0.08888889 0.1333333
0.2272727 0.1818182 0.2348485 0.3636364 0.3484848 0.469697 0.530303 0.5757576 0.780303 0.9015152 0.9621212
0.7293233 0.7518797 0.7744361 0.7969925 0.7669173 0.7669173 0.8947368 0.849624 0.8947368 0.9398496 0.9323308
0.3582090 0.2014925 0.2910448 0.380597 0.3507463 0.3432836 0.3208955 0.2985075 0.2164179 0.2388060 0.2537313
0.6423358 0.6277372 0.5985401 0.6569343 0.5912409 0.6277372 0.6642336 0.6131387 0.649635 0.6350365 0.6715328
0.4242424 0.4090909 0.4166667 0.4393939 0.3939394 0.4166667 0.4242424 0.4242424 0.4545455 0.5833333 0.4924242
0.9568345 0.913669 0.9928058 0.9856115 0.9928058 0.9784173 0.9640288 0.9856115 0.9784173 0.9784173 0.9784173
0.2313433 0.2238806 0.3059701 0.2761194 0.2388060 0.1567164 0.2014925 0.1865672 0.1641791 0.1492537 0.1268657
0.4701493 0.4029851 0.3656716 0.4029851 0.3208955 0.3507463 0.3656716 0.4701493 0.4179104 0.4552239 0.5074627
0.481203 0.4511278 0.443609 0.4962406 0.4962406 0.5263158 0.5263158 0.5639098 0.6766917 0.6090226 0.7518797
0.1865672 0.4552239 0.3208955 0.2686567 0.1119403 0.05970149 0.03731343 0.02238806 0.01492537 0 0.01492537
0.3111111 0.2444444 0.2444444 0.3407407 0.4 0.4740741 0.4888889 0.4888889 0.5333333 0.5851852 0.6888889
0.1127820 0.1353383 0.1278195 0.1278195 0.1578947 0.1127820 0.06766917 0.09022556 0.09022556 0.1278195 0.1578947
0.5378788 0.530303 0.5530303 0.5227273 0.5075758 0.4621212 0.4318182 0.3712121 0.3484848 0.3030303 0.2878788
0.7686567 0.6940299 0.7089552 0.738806 0.761194 0.8358209 0.8134328 0.8656716 0.9253731 0.9179104 0.8880597
0.07518797 0.1879699 0.1578947 0.06766917 0.03007519 0.03007519 0.02255639 0.01503759 0.03759398 0.03007519 0.03759398
0.5681818 0.6136364 0.5151515 0.5681818 0.3636364 0.3257576 0.2878788 0.1893939 0.2348485 0.1515152 0.1287879
0.2611940 0.2835821 0.1716418 0.2761194 0.2388060 0.3134328 0.3432836 0.3432836 0.4253731 0.4925373 0.4701493
0.03787879 0.02272727 0.04545455 0.01515152 0.1287879 0.09848485 0.1515152 0.1515152 0.1666667 0.1818182 0.1287879
0.6363636 0.5227273 0.6742424 0.6742424 0.719697 0.8484848 0.8333333 0.8636364 0.9015152 0.969697 0.9545455
0.2781955 0.556391 0.4135338 0.2556391 0.1879699 0.03759398 0.03759398 0.02255639 0.03007519 0.02255639 0.02255639
0.1515152 0.2424242 0.1666667 0.1060606 0.1212121 0.1893939 0.2272727 0.2348485 0.2575758 0.2878788 0.3257576
0.3358209 0.3731343 0.3507463 0.4253731 0.3507463 0.3955224 0.4029851 0.4179104 0.4402985 0.4850746 0.5671642
0.5789474 0.6616541 0.6165414 0.5714286 0.5488722 0.5112782 0.4511278 0.4511278 0.4511278 0.406015 0.4285714
0.8257576 0.8863636 0.8409091 0.8409091 0.8181818 0.75 0.7727273 0.8712121 0.8636364 0.810606 0.8257576
0.3076923 0.3566434 0.3286713 0.2797203 0.2097902 0.1678322 0.1188811 0.1538462 0.0909091 0.0979021 0.0909091
0.3533835 0.3984962 0.4135338 0.3082707 0.3007519 0.2631579 0.1654135 0.1879699 0.1428571 0.1203008 0.1654135
0.6716418 0.6791045 0.6567164 0.6492537 0.6567164 0.7089552 0.6268657 0.6641791 0.5820896 0.6567164 0.5970149
0.5757576 0.5454545 0.5681818 0.5681818 0.6287879 0.5909091 0.6666667 0.7727273 0.719697 0.7575758 0.7272727
0.06993007 0.02097902 0.04195804 0.05594406 0.02797203 0.04895105 0.03496503 0.04895105 0.04895105 0.04195804 0.06993007
0.6641791 0.7462687 0.7089552 0.7014925 0.7313433 0.7014925 0.7835821 0.8059701 0.7985075 0.7537313 0.6492537
0.7285714 0.7285714 0.6857143 0.7357143 0.7142857 0.7285714 0.7 0.6642857 0.65 0.5214286 0.5285714
0.9328358 0.9179104 0.902985 0.9402985 0.9179104 0.9253731 0.9253731 0.8880597 0.8731343 0.8059701 0.7761194
0.5447761 0.4850746 0.5447761 0.5671642 0.5223881 0.5373134 0.5373134 0.4925373 0.5820896 0.5447761 0.5970149
0.4402985 0.4328358 0.4552239 0.4776119 0.5 0.5149254 0.4776119 0.4701493 0.4776119 0.4776119 0.4925373
0.9402985 0.880597 0.9402985 0.9328358 0.9477612 0.9328358 0.9402985 0.9701493 0.9626866 0.9552239 0.9179104
0.9548872 1 0.9849624 0.9699248 0.9473684 0.9398496 0.9548872 0.9323308 0.9172932 0.8721805 0.9022556
0.6742424 0.6969697 0.7348485 0.689394 0.689394 0.6969697 0.6439394 0.7348485 0.6666667 0.6590909 0.6515152
0.6888889 0.637037 0.6888889 0.7185185 0.6296296 0.6518519 0.6444444 0.637037 0.6666667 0.6814815 0.6148148
0.880597 0.8507463 0.8507463 0.8955224 0.9253731 0.9253731 0.9328358 0.9253731 0.9104478 0.9179104 0.9402985
0.01515152 0.03030303 0.007575758 0.01515152 0.007575758 0 0 0 0 0.007575758 0
0.2919708 0.4160584 0.3284672 0.2116788 0.1094891 0.06569343 0.06569343 0.05839416 0.04379562 0.05109489 0.03649635
0.08888889 0.08888889 0.08888889 0.1111111 0.1037037 0.1629630 0.08148148 0.08888889 0.07407407 0.08888889 0.06666667
0.4166667 0.5606061 0.4848485 0.4393939 0.3787879 0.1969697 0.1136364 0.0530303 0.04545455 0.03787879 0.03030303
0.2045455 0.2954545 0.2651515 0.2348485 0.2803030 0.1818182 0.2803030 0.2803030 0.3181818 0.3636364 0.3787879
0.4335664 0.6153846 0.5244755 0.4545455 0.3776224 0.2657343 0.2517483 0.1538462 0.1748252 0.1538462 0.1258741
0.6350365 0.4160584 0.5985401 0.6569343 0.6642336 0.8029197 0.8978102 0.9124088 0.729927 0.8321168 0.6715328
0.9090909 0.916084 0.8811189 0.9090909 0.8951049 0.944056 0.972028 0.965035 0.8671329 0.923077 0.8461538
0.01515152 0.0530303 0.04545455 0.007575758 0.01515152 0.01515152 0.01515152 0.06060606 0.0530303 0.08333333 0.07575758
0.9097744 0.8721805 0.849624 0.8721805 0.7969925 0.7969925 0.7293233 0.7443609 0.7518797 0.6616541 0.7969925
0.04477612 0.1268657 0.1492537 0.09701493 0.07462687 0.08955224 0.1194030 0.06716418 0.1044776 0.1044776 0.08208955
0.2846715 0.2773723 0.2846715 0.3211679 0.3430657 0.3357664 0.3430657 0.3649635 0.3795620 0.3576642 0.3576642
0.4428571 0.4214286 0.4642857 0.3857143 0.4285714 0.3928571 0.3357143 0.3285714 0.3285714 0.35 0.3428571
0.5214286 0.5571429 0.5285714 0.5428571 0.4857143 0.4857143 0.5285714 0.5214286 0.5 0.4857143 0.4285714
0.4318182 0.4242424 0.4545455 0.4393939 0.3939394 0.3257576 0.3333333 0.2803030 0.2727273 0.2803030 0.2727273
0.1532847 0.3503650 0.2408759 0.1532847 0.1094891 0.1021898 0.1970803 0.2554745 0.2919708 0.3357664 0.3576642
0.9621212 0.8939394 0.8409091 0.9015152 0.8409091 0.8712121 0.8939394 0.8863636 0.8181818 0.9015152 0.8257576
0.1188811 0.0909091 0.06993007 0.1538462 0.0979021 0.1328671 0.1188811 0.1048951 0.1398601 0.1538462 0.1398601
0.4532374 0.3956835 0.4316547 0.4748201 0.4604317 0.4532374 0.5179856 0.4748201 0.4748201 0.589928 0.589928
0.9357143 0.9 0.9285714 0.9071429 0.95 0.8928571 0.9428571 0.9285714 0.9571429 0.95 0.9285714
0.8296296 0.7925926 0.7703704 0.7777778 0.7925926 0.7925926 0.762963 0.8296296 0.8444444 0.8222222 0.8666667
0.939394 0.9318182 0.9924242 0.939394 0.969697 0.969697 0.939394 0.8863636 0.9090909 0.9090909 0.9015152
0.469697 0.3863636 0.4848485 0.5151515 0.5454545 0.5984848 0.7045455 0.689394 0.719697 0.8636364 0.9242424
0.3283582 0.3507463 0.3507463 0.4179104 0.3955224 0.3656716 0.3432836 0.4179104 0.4402985 0.4402985 0.4701493
0.007518797 0.007518797 0.007518797 0.007518797 0.03007519 0.1127820 0.1804511 0.2255639 0.2631579 0.3383459 0.3984962
0.5777778 0.6074074 0.6222222 0.6148148 0.5481481 0.5333333 0.4888889 0.5185185 0.5185185 0.5111111 0.4888889
0.7202797 0.6363636 0.7062937 0.7412587 0.7342657 0.8811189 0.7762238 0.8391608 0.8321678 0.8951049 0.9020979
0.5107914 0.3741007 0.4532374 0.5035971 0.4964029 0.6115108 0.5971223 0.589928 0.7482014 0.8417266 0.8201439
0.6287879 0.6666667 0.6742424 0.689394 0.6060606 0.6363636 0.5530303 0.5227273 0.5227273 0.4924242 0.4166667
0.3787879 0.4393939 0.4469697 0.4090909 0.3333333 0.2878788 0.2878788 0.25 0.2272727 0.2348485 0.2727273
0.8863636 0.8787879 0.8636364 0.9545455 0.9772727 0.9166667 0.939394 0.9772727 0.9015152 0.9090909 0.9545455
0.8296296 0.8296296 0.8592593 0.7777778 0.8296296 0.7777778 0.762963 0.7703704 0.7259259 0.8 0.8148148
0.01515152 0.007575758 0.007575758 0.01515152 0.03030303 0.09848485 0.1212121 0.1893939 0.2651515 0.25 0.3030303
0.0647482 0.2446043 0.1007194 0.1007194 0.03597122 0.02158273 0.02158273 0.01438849 0.007194245 0.007194245 0.01438849
0.6492537 0.6492537 0.6044776 0.5970149 0.5820896 0.5597015 0.5074627 0.4701493 0.4253731 0.4552239 0.4626866
0.08759124 0.1532847 0.1021898 0.1021898 0.1386861 0.2335766 0.1313869 0.2262774 0.2189781 0.2408759 0.2554745
0.8181818 0.7424242 0.7272727 0.7727273 0.810606 0.8257576 0.7424242 0.7727273 0.7954545 0.719697 0.7121212
0.9850746 0.9925373 0.9925373 1 0.9701493 0.9626866 0.9104478 0.8731343 0.902985 0.7835821 0.8358209
0.5142857 0.5 0.4928571 0.5428571 0.5642857 0.5785714 0.6357143 0.7071429 0.8214286 0.9142857 0.8571429
0.3106061 0.3863636 0.3636364 0.3560606 0.2803030 0.2121212 0.1666667 0.2424242 0.2272727 0.2348485 0.2727273
0.3560606 0.2954545 0.3257576 0.3409091 0.4090909 0.4166667 0.4090909 0.4242424 0.3863636 0.3787879 0.3636364
0.7686567 0.738806 0.7537313 0.7462687 0.7835821 0.8134328 0.8134328 0.880597 0.9477612 0.8731343 0.9477612
0.1818182 0.2196970 0.1515152 0.25 0.3333333 0.4090909 0.4166667 0.4015152 0.4621212 0.4772727 0.4848485
0.9552239 0.9850746 0.9477612 0.9701493 0.9850746 0.9477612 0.977612 0.9552239 0.977612 0.977612 0.9626866
0.3629630 0.3185185 0.3777778 0.4148148 0.3777778 0.3629630 0.3703704 0.2888889 0.1925926 0.1703704 0.1629630
0.8175182 0.7664234 0.7810219 0.7956204 0.8029197 0.7518248 0.7153285 0.620438 0.6131387 0.459854 0.459854
0.2272727 0.2878788 0.2727273 0.3181818 0.2878788 0.4015152 0.2575758 0.3181818 0.2954545 0.2727273 0.2954545
0.7985075 0.7835821 0.7537313 0.7462687 0.7835821 0.7835821 0.738806 0.6343284 0.7089552 0.5671642 0.5671642
0.3059701 0.3283582 0.3507463 0.2686567 0.3880597 0.3059701 0.3358209 0.380597 0.3656716 0.3955224 0.4179104
0.9166667 0.9090909 0.8636364 0.8409091 0.8333333 0.8939394 0.8409091 0.7954545 0.7954545 0.7651515 0.689394
0.5185185 0.5185185 0.5185185 0.5037037 0.5407407 0.5851852 0.4888889 0.5185185 0.5259259 0.5481481 0.5111111
0.2167832 0.2657343 0.3076923 0.1818182 0.1678322 0.1818182 0.2307692 0.2167832 0.2447552 0.2447552 0.2237762
0.4242424 0.3333333 0.3636364 0.4469697 0.4090909 0.4469697 0.5227273 0.5075758 0.5378788 0.5757576 0.5909091
0.6716418 0.738806 0.7014925 0.7238806 0.6940299 0.6791045 0.619403 0.4925373 0.5298507 0.4776119 0.5298507
0.1804511 0.08270677 0.2105263 0.1879699 0.1879699 0.2180451 0.1127820 0.1954887 0.1127820 0.1278195 0.1203008
0.3714286 0.3785714 0.4 0.4285714 0.4428571 0.4 0.4142857 0.4214286 0.4071429 0.3642857 0.3714286
0.1111111 0.1037037 0.2 0.1111111 0.1703704 0.1333333 0.2296296 0.1555556 0.1629630 0.1703704 0.2074074
0.1870504 0.1223022 0.1438849 0.2230216 0.3453237 0.3093525 0.3956835 0.3884892 0.4172662 0.4172662 0.5035971
0.6423358 0.6423358 0.6569343 0.6569343 0.6277372 0.6058394 0.6277372 0.5693431 0.5474453 0.540146 0.4963504
0.4850746 0.5298507 0.5149254 0.5298507 0.4850746 0.5149254 0.4925373 0.4701493 0.4925373 0.4552239 0.4701493
0.9925373 1 1 1 0.9850746 0.9701493 0.977612 0.9701493 0.9626866 0.9477612 0.8358209
0.06060606 0.03030303 0.01515152 0.04545455 0.1136364 0.1363636 0.2045455 0.2045455 0.2272727 0.1818182 0.1742424
0.9925926 0.9703704 0.9185185 0.874074 0.9333333 0.8962963 0.8814815 0.925926 0.9481481 0.874074 0.9111111
0.8148148 0.8814815 0.874074 0.874074 0.9333333 0.837037 0.8148148 0.925926 0.9481481 0.874074 0.8666667
0.5474453 0.5839416 0.5766423 0.5912409 0.5620438 0.5547445 0.5547445 0.5109489 0.5985401 0.6569343 0.7007299
0.1136364 0.06818182 0.08333333 0.1287879 0.2727273 0.3257576 0.3257576 0.4015152 0.4318182 0.530303 0.5833333
0.2537313 0.3208955 0.3507463 0.2761194 0.1940299 0.1492537 0.08955224 0.08208955 0.08208955 0.05970149 0.05970149
0.01515152 0.0530303 0.007575758 0.007575758 0.04545455 0.06818182 0.04545455 0.1136364 0.0909091 0.1060606 0.1212121
0.631579 0.6766917 0.6466165 0.6766917 0.6992481 0.6090226 0.6466165 0.6691729 0.6165414 0.593985 0.5639098
0.9568345 0.9352518 0.9856115 0.9496403 0.942446 0.9496403 0.9352518 0.9496403 0.9640288 0.9280576 0.942446
0.2517986 0.3381295 0.2446043 0.3669065 0.2158273 0.2158273 0.1366906 0.1726619 0.1294964 0.07913669 0.1726619
0.5642857 0.4857143 0.55 0.5285714 0.5928571 0.5714286 0.6642857 0.65 0.8142857 0.75 0.9142857
0.08633094 0.07913669 0.09352518 0.09352518 0.1151079 0.1726619 0.1654676 0.2086331 0.1870504 0.2158273 0.2230216
0.7037037 0.7259259 0.7037037 0.7703704 0.7111111 0.7407407 0.6888889 0.6888889 0.7185185 0.7481481 0.6814815
0.07518797 0.03007519 0.01503759 0.06766917 0.1578947 0.2706767 0.2781955 0.3909774 0.406015 0.4285714 0.518797
0.03731343 0.03731343 0.02985075 0.03731343 0.08955224 0.08955224 0.1641791 0.2089552 0.2835821 0.2910448 0.3134328
0.4736842 0.5413534 0.5112782 0.4962406 0.5413534 0.4210526 0.4285714 0.4285714 0.3458647 0.4360902 0.3533835
0.6060606 0.7121212 0.6590909 0.6287879 0.6060606 0.6363636 0.5833333 0.5757576 0.6742424 0.6590909 0.5530303
0.06569343 0.04379562 0.05839416 0.08029197 0.05109489 0.06569343 0.1313869 0.1897810 0.2262774 0.2481752 0.2189781
0.1363636 0.1818182 0.1363636 0.0909091 0.03787879 0.03030303 0.04545455 0.06818182 0.07575758 0.06060606 0.08333333
0.6287879 0.5984848 0.5606061 0.6515152 0.6742424 0.75 0.8787879 0.9015152 0.9318182 0.9772727 0.9924242
0.1928571 0.1785714 0.1928571 0.1785714 0.15 0.1357143 0.1071429 0.1142857 0.1071429 0.1 0.1571429
0.8832117 0.8321168 0.8321168 0.8321168 0.8029197 0.810219 0.8175182 0.7226277 0.6715328 0.6131387 0.6715328
0.2222222 0.1111111 0.2 0.2666667 0.2740741 0.2888889 0.3037037 0.2888889 0.3185185 0.2666667 0.2666667
0.5104895 0.5314685 0.5104895 0.5034965 0.4685315 0.4615385 0.3846154 0.3916084 0.3496503 0.3006993 0.2937063
0.7164179 0.7537313 0.6716418 0.7164179 0.7686567 0.6641791 0.619403 0.6343284 0.5298507 0.4850746 0.4701493
0.8633094 0.8057554 0.8129496 0.8273381 0.8273381 0.8201439 0.8201439 0.6546763 0.6258993 0.5827338 0.5539568
0.3 0.2 0.2214286 0.35 0.3214286 0.3071429 0.4142857 0.3857143 0.4 0.4357143 0.4571429
0.1970803 0.1751825 0.2262774 0.2481752 0.2627737 0.2846715 0.3430657 0.4087591 0.4671533 0.5474453 0.5839416
0.4736842 0.3909774 0.4962406 0.443609 0.518797 0.4962406 0.5263158 0.5263158 0.556391 0.4661654 0.5338346
0.6641791 0.7313433 0.6567164 0.6492537 0.5820896 0.5223881 0.3582090 0.3059701 0.1865672 0.1940299 0.2164179
0.6842105 0.7142857 0.7293233 0.7218045 0.6466165 0.6616541 0.6691729 0.6165414 0.6616541 0.6090226 0.7067669
0.9270073 0.839416 0.9416058 0.9051095 0.8759124 0.8759124 0.919708 0.8978102 0.9051095 0.9635036 0.9562044
0.7651515 0.810606 0.810606 0.8333333 0.810606 0.780303 0.8181818 0.6363636 0.5454545 0.4166667 0.4242424
