0.486 0.534 0.61 0.604 0.69 0.722 0.77 0.782 0.838 0.828 0.846
0.082 0.09 0.092 0.096 0.08 0.064 0.07 0.086 0.058 0.038 0.028
0.388 0.352 0.424 0.44 0.392 0.446 0.47 0.454 0.482 0.522 0.472
0.072 0.066 0.078 0.076 0.066 0.04 0.034 0.04 0.054 0.036 0.034
0.018 0.026 0.03 0.016 0.014 0.012 0.024 0.018 0.01 0.034 0.048
0.372 0.364 0.39 0.39 0.364 0.386 0.376 0.394 0.404 0.38 0.37
0.184 0.158 0.126 0.14 0.108 0.112 0.092 0.082 0.064 0.07 0.056
0.244 0.23 0.164 0.142 0.12 0.102 0.09 0.048 0.07 0.034 0.014
0.418 0.362 0.28 0.244 0.224 0.19 0.158 0.134 0.132 0.128 0.102
0.158 0.184 0.158 0.19 0.178 0.244 0.294 0.35 0.388 0.358 0.398
0.146 0.142 0.13 0.094 0.114 0.07 0.104 0.058 0.076 0.08 0.084
0.156 0.154 0.15 0.11 0.096 0.082 0.08 0.084 0.08 0.058 0.06
0.544 0.494 0.442 0.39 0.334 0.266 0.224 0.198 0.202 0.146 0.158
0.026 0.034 0.022 0.022 0.022 0.022 0.02 0.018 0.012 0.02 0.018
0.052 0.036 0.058 0.034 0.038 0.056 0.052 0.052 0.05 0.092 0.09
0.462 0.4 0.386 0.406 0.334 0.354 0.37 0.316 0.33 0.328 0.342
0.312 0.312 0.306 0.3 0.304 0.292 0.342 0.272 0.328 0.308 0.33
0.478 0.474 0.462 0.532 0.534 0.596 0.58 0.622 0.574 0.564 0.572
0.324 0.336 0.32 0.246 0.204 0.204 0.15 0.086 0.066 0.042 0.032
0.108 0.094 0.078 0.108 0.08 0.08 0.074 0.084 0.062 0.026 0.038
0.406 0.458 0.4 0.398 0.3 0.346 0.358 0.368 0.4 0.394 0.432
0.254 0.196 0.214 0.2 0.194 0.19 0.152 0.142 0.124 0.12 0.144
0.334 0.328 0.334 0.326 0.266 0.274 0.22 0.22 0.198 0.172 0.182
0.036 0.026 0.034 0.016 0.018 0.01 0.018 0.004 0.006 0.01 0.008
0.52 0.582 0.468 0.48 0.43 0.452 0.408 0.342 0.386 0.394 0.404
0.244 0.282 0.374 0.404 0.486 0.486 0.538 0.566 0.538 0.528 0.522
0.3 0.294 0.272 0.226 0.264 0.2 0.192 0.13 0.1 0.082 0.096
0.252 0.236 0.312 0.392 0.492 0.54 0.606 0.658 0.674 0.72 0.734
0.426 0.44 0.388 0.428 0.39 0.302 0.236 0.248 0.192 0.162 0.1
0.592 0.568 0.532 0.532 0.52 0.592 0.56 0.55 0.58 0.566 0.55
0.168 0.182 0.174 0.182 0.19 0.19 0.196 0.226 0.24 0.218 0.262
0.102 0.092 0.084 0.078 0.03 0.042 0.026 0.032 0.012 0.016 0.004
0.556 0.594 0.592 0.628 0.65 0.686 0.724 0.674 0.686 0.69 0.718
0.192 0.248 0.272 0.332 0.34 0.406 0.408 0.486 0.522 0.552 0.548
0.41 0.444 0.428 0.438 0.438 0.362 0.288 0.298 0.196 0.196 0.184
0.686 0.726 0.714 0.712 0.664 0.626 0.612 0.602 0.63 0.596 0.548
0.318 0.264 0.218 0.188 0.192 0.158 0.126 0.1 0.07 0.102 0.052
0.19 0.228 0.33 0.388 0.458 0.566 0.616 0.68 0.686 0.728 0.736
0.306 0.366 0.356 0.368 0.4 0.388 0.392 0.328 0.36 0.292 0.328
0.41 0.37 0.396 0.448 0.36 0.352 0.35 0.286 0.252 0.226 0.162
0.178 0.164 0.186 0.162 0.202 0.24 0.23 0.23 0.226 0.274 0.248
0.056 0.074 0.08 0.078 0.094 0.082 0.076 0.09 0.094 0.078 0.072
0.39 0.338 0.356 0.434 0.414 0.45 0.496 0.52 0.54 0.514 0.552
0.53 0.616 0.586 0.636 0.65 0.628 0.63 0.672 0.626 0.682 0.642
0.172 0.194 0.154 0.154 0.164 0.136 0.11 0.1 0.144 0.116 0.078
0.258 0.254 0.194 0.194 0.166 0.11 0.1 0.078 0.066 0.058 0.036
0.572 0.614 0.586 0.638 0.578 0.632 0.654 0.654 0.664 0.61 0.63
0.13 0.102 0.12 0.156 0.114 0.076 0.068 0.064 0.038 0.038 0.026
0.098 0.116 0.094 0.088 0.104 0.088 0.086 0.108 0.13 0.156 0.14
0.042 0.052 0.048 0.062 0.05 0.054 0.08 0.058 0.066 0.076 0.06
0.27 0.26 0.258 0.26 0.276 0.226 0.206 0.196 0.2 0.164 0.106
0.366 0.384 0.368 0.358 0.322 0.304 0.286 0.284 0.234 0.208 0.214
0.032 0.032 0.03 0.04 0.026 0.032 0.034 0.042 0.042 0.056 0.03
0.018 0.036 0.03 0.034 0.022 0.01 0.028 0.032 0.038 0.058 0.064
0.172 0.184 0.2 0.19 0.15 0.144 0.158 0.108 0.136 0.11 0.152
0.166 0.152 0.126 0.144 0.138 0.14 0.146 0.12 0.152 0.176 0.158
0.032 0.044 0.03 0.03 0.028 0.026 0.038 0.028 0.036 0.036 0.05
0.494 0.552 0.566 0.65 0.716 0.734 0.778 0.772 0.784 0.786 0.802
0.4 0.402 0.436 0.506 0.51 0.566 0.606 0.678 0.75 0.754 0.774
0.486 0.446 0.476 0.424 0.464 0.456 0.428 0.476 0.472 0.48 0.458
0.112 0.136 0.128 0.264 0.288 0.368 0.492 0.514 0.604 0.634 0.626
0.318 0.346 0.414 0.412 0.45 0.452 0.41 0.382 0.302 0.272 0.206
0.106 0.122 0.138 0.198 0.224 0.278 0.324 0.396 0.406 0.444 0.45
0.2 0.21 0.124 0.102 0.062 0.056 0.02 0.016 0.008 0.02 0.01
0.036 0.042 0.056 0.032 0.036 0.03 0.034 0.034 0.056 0.062 0.048
0.512 0.504 0.52 0.506 0.562 0.562 0.572 0.594 0.526 0.488 0.504
0.048 0.04 0.056 0.058 0.044 0.07 0.078 0.084 0.062 0.088 0.046
0.372 0.398 0.404 0.494 0.47 0.474 0.522 0.512 0.57 0.586 0.59
0.332 0.376 0.31 0.3 0.348 0.29 0.274 0.286 0.268 0.282 0.264
0.318 0.324 0.336 0.346 0.358 0.38 0.362 0.366 0.428 0.394 0.422
0.222 0.196 0.242 0.224 0.218 0.22 0.19 0.144 0.142 0.154 0.182
0.238 0.274 0.234 0.24 0.268 0.282 0.228 0.276 0.286 0.28 0.27
0.434 0.45 0.508 0.548 0.518 0.536 0.516 0.478 0.426 0.382 0.33
0.036 0.026 0.036 0.062 0.042 0.074 0.052 0.048 0.084 0.068 0.086
0.63 0.586 0.514 0.502 0.46 0.474 0.49 0.498 0.452 0.46 0.48
0.28 0.288 0.32 0.266 0.26 0.262 0.216 0.178 0.144 0.148 0.108
0.042 0.044 0.04 0.048 0.05 0.03 0.034 0.036 0.034 0.052 0.03
0.028 0.04 0.042 0.04 0.044 0.028 0.04 0.034 0.044 0.026 0.046
0.036 0.02 0.014 0.024 0.012 0.008 0.006 0.016 0.012 0.014 0.01
0.256 0.238 0.142 0.116 0.084 0.044 0.044 0.044 0.038 0.018 0.046
0.512 0.492 0.42 0.422 0.408 0.35 0.36 0.336 0.262 0.234 0.218
0.73 0.682 0.67 0.538 0.47 0.46 0.37 0.282 0.286 0.2 0.154
0.132 0.16 0.126 0.17 0.148 0.162 0.214 0.226 0.208 0.156 0.154
0.126 0.126 0.078 0.086 0.056 0.066 0.05 0.052 0.056 0.032 0.022
0.29 0.268 0.262 0.238 0.252 0.186 0.156 0.134 0.122 0.118 0.042
0.072 0.06 0.086 0.084 0.118 0.124 0.106 0.118 0.166 0.154 0.182
0.2 0.22 0.254 0.254 0.298 0.318 0.35 0.428 0.402 0.434 0.37
0.03 0.026 0.026 0.024 0.032 0.02 0.014 0.022 0.012 0.014 0.012
0.088 0.07 0.11 0.068 0.114 0.148 0.152 0.146 0.124 0.172 0.126
0.714 0.688 0.67 0.566 0.52 0.426 0.384 0.306 0.276 0.246 0.174
0.402 0.42 0.484 0.506 0.588 0.602 0.68 0.676 0.698 0.742 0.726
0.062 0.086 0.082 0.098 0.118 0.112 0.112 0.112 0.096 0.116 0.148
0.506 0.45 0.432 0.458 0.468 0.444 0.468 0.478 0.44 0.434 0.386
0.07 0.058 0.076 0.06 0.074 0.092 0.076 0.084 0.086 0.084 0.096
0.018 0.024 0.036 0.026 0.032 0.038 0.042 0.032 0.046 0.05 0.042
0.398 0.384 0.374 0.318 0.264 0.234 0.216 0.144 0.122 0.078 0.058
0.436 0.446 0.462 0.47 0.482 0.478 0.448 0.478 0.388 0.402 0.382
0.45 0.376 0.37 0.346 0.296 0.28 0.296 0.244 0.242 0.236 0.264
0.102 0.076 0.126 0.106 0.108 0.098 0.08 0.094 0.092 0.058 0.044
0.508 0.508 0.438 0.464 0.402 0.404 0.35 0.348 0.328 0.374 0.292
0.028 0.024 0.018 0.024 0.016 0.004 0.012 0.008 0.018 0.01 0.006
0.374 0.342 0.284 0.25 0.272 0.27 0.324 0.328 0.394 0.39 0.378
0.078 0.096 0.112 0.122 0.138 0.112 0.122 0.134 0.176 0.22 0.24
0.404 0.406 0.374 0.364 0.326 0.318 0.302 0.322 0.286 0.31 0.27
0.092 0.086 0.11 0.1 0.104 0.112 0.146 0.112 0.136 0.116 0.152
0.372 0.412 0.382 0.382 0.38 0.394 0.338 0.276 0.316 0.246 0.216
0.028 0.022 0.038 0.034 0.038 0.03 0.036 0.026 0.036 0.042 0.052
0.248 0.25 0.258 0.27 0.256 0.24 0.166 0.182 0.136 0.136 0.142
0.34 0.396 0.402 0.402 0.432 0.47 0.444 0.49 0.464 0.426 0.434
0.296 0.276 0.28 0.216 0.184 0.192 0.15 0.098 0.118 0.088 0.056
0.07 0.096 0.092 0.086 0.066 0.088 0.108 0.112 0.094 0.11 0.104
0.514 0.49 0.474 0.482 0.496 0.488 0.442 0.488 0.494 0.488 0.528
0.356 0.348 0.35 0.3 0.32 0.312 0.292 0.286 0.35 0.32 0.328
0.556 0.566 0.552 0.56 0.594 0.56 0.53 0.51 0.508 0.49 0.446
0.61 0.596 0.512 0.472 0.42 0.35 0.268 0.364 0.284 0.278 0.27
0.062 0.066 0.056 0.05 0.066 0.062 0.042 0.064 0.056 0.056 0.034
0.284 0.278 0.298 0.26 0.222 0.22 0.228 0.264 0.192 0.194 0.2
0.01 0.016 0.01 0.022 0.014 0.024 0.016 0.016 0.024 0.06 0.072
0.73 0.626 0.668 0.636 0.51 0.586 0.51 0.476 0.518 0.53 0.486
0.06 0.086 0.086 0.098 0.076 0.086 0.122 0.11 0.098 0.108 0.096
0.014 0.012 0.008 0.01 0.002 0.002 0.01 0.002 0.004 0 0
0.118 0.13 0.104 0.096 0.098 0.094 0.11 0.09 0.076 0.05 0.028
0.658 0.592 0.458 0.476 0.454 0.31 0.274 0.196 0.144 0.1 0.098
0.696 0.74 0.73 0.758 0.78 0.752 0.78 0.792 0.816 0.812 0.784
0.508 0.54 0.572 0.564 0.594 0.556 0.534 0.558 0.542 0.534 0.532
0.188 0.182 0.148 0.196 0.122 0.13 0.118 0.108 0.13 0.114 0.14
0.036 0.048 0.058 0.054 0.04 0.034 0.072 0.068 0.07 0.066 0.044
0.374 0.366 0.34 0.34 0.344 0.382 0.4 0.414 0.458 0.478 0.488
0.344 0.254 0.254 0.224 0.17 0.14 0.114 0.084 0.08 0.042 0.042
0.608 0.542 0.494 0.472 0.44 0.436 0.42 0.414 0.452 0.402 0.412
0.106 0.122 0.098 0.084 0.076 0.068 0.096 0.108 0.084 0.092 0.142
0.656 0.544 0.486 0.52 0.38 0.34 0.29 0.24 0.164 0.146 0.112
0.648 0.654 0.64 0.628 0.558 0.56 0.508 0.498 0.448 0.452 0.388
0.196 0.222 0.246 0.238 0.242 0.27 0.208 0.252 0.252 0.238 0.226
0.304 0.262 0.246 0.252 0.206 0.182 0.172 0.2 0.164 0.148 0.146
0.562 0.562 0.566 0.57 0.516 0.508 0.476 0.436 0.458 0.444 0.414
0.266 0.334 0.324 0.348 0.378 0.394 0.436 0.442 0.472 0.482 0.46
0.272 0.218 0.2 0.17 0.178 0.126 0.12 0.12 0.098 0.072 0.042
0.328 0.38 0.426 0.444 0.502 0.512 0.516 0.572 0.546 0.552 0.554
0.048 0.052 0.066 0.084 0.092 0.106 0.084 0.084 0.132 0.13 0.13
0.604 0.556 0.488 0.478 0.422 0.396 0.392 0.344 0.386 0.39 0.436
0.238 0.244 0.222 0.238 0.242 0.27 0.284 0.294 0.322 0.318 0.336
0.146 0.146 0.152 0.136 0.19 0.138 0.174 0.152 0.172 0.202 0.238
0.08 0.062 0.07 0.068 0.064 0.072 0.078 0.102 0.092 0.1 0.136
0.536 0.456 0.464 0.4 0.406 0.354 0.338 0.296 0.264 0.244 0.182
0.432 0.384 0.348 0.34 0.292 0.292 0.286 0.24 0.218 0.164 0.164
0.274 0.242 0.254 0.196 0.154 0.158 0.178 0.108 0.13 0.12 0.136
0.098 0.088 0.134 0.092 0.166 0.172 0.23 0.28 0.322 0.38 0.388
0.142 0.15 0.136 0.156 0.116 0.128 0.116 0.13 0.098 0.078 0.07
0.062 0.056 0.052 0.054 0.052 0.054 0.034 0.032 0.04 0.022 0.02
0.07 0.054 0.046 0.044 0.05 0.046 0.042 0.102 0.12 0.152 0.164
