0.04411765 0.1029412 0.1029412 0.007352941 0.007352941 0 0.01470588 0.007352941 0.007352941 0.007352941 0
0.7851852 0.7851852 0.7777778 0.8074074 0.7925926 0.7555556 0.7851852 0.8074074 0.8888889 0.9037037 0.874074
0.2907801 0.3546099 0.3687943 0.3262411 0.2198582 0.2127660 0.2056738 0.1702128 0.1773050 0.1347518 0.1134752
0.832061 0.870229 0.8549618 0.7938931 0.870229 0.8549618 0.8854962 0.908397 0.9160305 0.9312977 0.7938931
0.8560606 0.8257576 0.810606 0.8409091 0.8712121 0.8181818 0.8409091 0.8030303 0.8030303 0.780303 0.7727273
0.3503650 0.3430657 0.3868613 0.2846715 0.3722628 0.3430657 0.3722628 0.4379562 0.4014599 0.4890511 0.4233577
0.6814815 0.5037037 0.6 0.6666667 0.637037 0.7037037 0.7037037 0.7259259 0.7925926 0.6962963 0.7481481
0.5683453 0.4964029 0.5251799 0.5683453 0.618705 0.6115108 0.7266187 0.7122302 0.8417266 0.7841727 0.913669
0.4393939 0.3257576 0.3712121 0.4621212 0.5151515 0.5075758 0.5378788 0.5454545 0.5681818 0.5757576 0.5530303
0.4926471 0.5 0.4926471 0.4191176 0.4044118 0.3382353 0.25 0.2352941 0.1691176 0.1838235 0.1323529
0.7727273 0.7727273 0.7272727 0.7727273 0.7121212 0.7348485 0.7575758 0.7348485 0.8333333 0.6590909 0.719697
0.6950355 0.6950355 0.7234043 0.680851 0.751773 0.7588652 0.751773 0.7092199 0.7943262 0.787234 0.8439716
0.3257576 0.1590909 0.2651515 0.3636364 0.4242424 0.4545455 0.4924242 0.5075758 0.5681818 0.6136364 0.530303
0.8030303 0.8257576 0.810606 0.7954545 0.7878788 0.7272727 0.7121212 0.7348485 0.8030303 0.7575758 0.7348485
0.7424242 0.7348485 0.7272727 0.6969697 0.7424242 0.6515152 0.6515152 0.5757576 0.5681818 0.4848485 0.469697
0.25 0.2352941 0.2720588 0.2647059 0.25 0.2720588 0.3014706 0.3235294 0.3308824 0.3161765 0.2794118
0.2733813 0.2805755 0.2158273 0.2661871 0.2302158 0.1870504 0.1870504 0.1654676 0.1510791 0.1438849 0.1582734
0.2313433 0.3731343 0.2985075 0.2313433 0.1940299 0.1268657 0.1044776 0.1567164 0.1641791 0.2014925 0.1791045
0.4850746 0.3358209 0.4402985 0.4029851 0.5820896 0.6044776 0.6641791 0.738806 0.8880597 0.9253731 0.9477612
0.7553957 0.7553957 0.6978417 0.8057554 0.7841727 0.7697842 0.7482014 0.733813 0.7769784 0.8561151 0.9280576
0.25 0.2045455 0.2651515 0.3712121 0.4015152 0.3181818 0.3030303 0.3030303 0.2651515 0.1893939 0.2196970
0.4848485 0.4772727 0.4393939 0.5227273 0.5151515 0.4924242 0.5378788 0.5757576 0.5757576 0.5833333 0.5530303
0.3863636 0.3636364 0.2954545 0.4015152 0.3939394 0.469697 0.4166667 0.4545455 0.5454545 0.4848485 0.530303
0.969697 0.9848485 0.9848485 0.9924242 0.9924242 1 1 0.9924242 0.9924242 0.9848485 0.9848485
0.2481752 0.2116788 0.2116788 0.1751825 0.1897810 0.1678832 0.1313869 0.1532847 0.1532847 0.1313869 0.1313869
0.2740741 0.3629630 0.2888889 0.2074074 0.1333333 0.1555556 0.06666667 0.0962963 0.1481481 0.08148148 0.07407407
0.5746269 0.5298507 0.5373134 0.5746269 0.5746269 0.5820896 0.6044776 0.6940299 0.6791045 0.6492537 0.7164179
0.3358209 0.4850746 0.4029851 0.2462687 0.1641791 0.06716418 0.02238806 0.02238806 0.007462687 0.01492537 0.01492537
0.4166667 0.3181818 0.3257576 0.4621212 0.4848485 0.4621212 0.530303 0.5757576 0.5757576 0.6515152 0.6590909
0.2340426 0.2624113 0.1631206 0.2127660 0.2482270 0.2624113 0.2056738 0.2411348 0.2836879 0.3333333 0.3404255
0.5390071 0.5602837 0.5673759 0.5390071 0.5248227 0.5319149 0.4609929 0.4326241 0.3971631 0.3758865 0.3617021
0.7037037 0.6814815 0.7111111 0.8074074 0.7259259 0.7703704 0.8444444 0.8518519 0.8 0.874074 0.8222222
0.07194245 0.1798561 0.04316547 0 0 0.007194245 0 0.007194245 0.01438849 0.02158273 0.01438849
0.5227273 0.5909091 0.5378788 0.5 0.4772727 0.3484848 0.2954545 0.2272727 0.1439394 0.1818182 0.1060606
0.259542 0.2290076 0.1984733 0.2366412 0.2824427 0.3053435 0.3282443 0.3740458 0.4427481 0.480916 0.4580153
0.1007194 0.04316547 0.0647482 0.1510791 0.1582734 0.1870504 0.2446043 0.2374101 0.2302158 0.294964 0.2446043
0.6197183 0.5985915 0.5422535 0.6197183 0.6056338 0.7464789 0.6549296 0.7183099 0.7957746 0.7464789 0.9014085
0.2941176 0.5220588 0.4926471 0.3602941 0.1911765 0.07352941 0.04411765 0.02941176 0.02205882 0.01470588 0
0.1654676 0.1870504 0.1223022 0.1798561 0.09352518 0.09352518 0.1870504 0.2158273 0.2733813 0.2877698 0.2733813
0.2846715 0.2773723 0.3065693 0.2992701 0.270073 0.2773723 0.3065693 0.2992701 0.3868613 0.3941606 0.3868613
0.5522388 0.619403 0.5746269 0.5970149 0.5522388 0.5373134 0.4701493 0.5 0.4253731 0.3955224 0.3656716
0.8888889 0.8592593 0.8518519 0.8592593 0.8518519 0.8814815 0.8962963 0.8074074 0.8 0.8888889 0.874074
0.2196970 0.3257576 0.2272727 0.2575758 0.1818182 0.09848485 0.07575758 0.07575758 0.06060606 0.06818182 0.06060606
0.3970588 0.4411765 0.4044118 0.3235294 0.3161765 0.2058824 0.2132353 0.2058824 0.2205882 0.1544118 0.1176471
0.5925926 0.637037 0.5481481 0.6296296 0.6074074 0.6444444 0.5851852 0.6592593 0.5925926 0.6666667 0.6296296
0.5352113 0.4577465 0.4577465 0.5704225 0.5774648 0.6619718 0.7394366 0.7323944 0.7957746 0.7746479 0.9014085
0.05839416 0.06569343 0.02919708 0.03649635 0.03649635 0.05109489 0.04379562 0.04379562 0.05839416 0.03649635 0.05839416
0.6838235 0.6617647 0.6397059 0.6985294 0.6470588 0.6397059 0.7941176 0.742647 0.7867647 0.6544118 0.8235294
0.7851852 0.6962963 0.7481481 0.7259259 0.7777778 0.7259259 0.7703704 0.6518519 0.6148148 0.6222222 0.5555556
0.9312977 0.908397 0.9236641 0.9160305 0.870229 0.8778626 0.9160305 0.8931298 0.8931298 0.832061 0.8931298
0.5833333 0.5378788 0.5378788 0.5075758 0.5530303 0.5075758 0.5530303 0.5151515 0.5909091 0.6515152 0.719697
0.4113475 0.3687943 0.3475177 0.3475177 0.3900709 0.3404255 0.3546099 0.3546099 0.3829787 0.3900709 0.3617021
0.9179104 0.9477612 0.9104478 0.9328358 0.9104478 0.9179104 0.9179104 0.902985 0.9626866 0.9253731 0.8955224
0.9850746 0.977612 0.9402985 0.9477612 0.9179104 0.9552239 0.9253731 0.9701493 0.8955224 0.8358209 0.7835821
0.7313433 0.7014925 0.7089552 0.6940299 0.7089552 0.6268657 0.6343284 0.6865672 0.6343284 0.6343284 0.6716418
0.649635 0.5912409 0.6277372 0.6131387 0.6277372 0.6131387 0.5693431 0.5255474 0.4744526 0.4963504 0.3941606
0.9104478 0.8358209 0.8507463 0.9328358 0.858209 0.858209 0.8880597 0.8731343 0.7835821 0.8358209 0.7835821
0.02985075 0.04477612 0.05223881 0.01492537 0 0 0.007462687 0.007462687 0.007462687 0 0.007462687
0.2575758 0.3409091 0.2878788 0.1742424 0.1060606 0.0909091 0.06060606 0.04545455 0.0530303 0.06060606 0.04545455
0.08633094 0.09352518 0.1151079 0.1151079 0.1079137 0.1007194 0.1007194 0.08633094 0.1079137 0.07194245 0.05035971
0.4525547 0.5474453 0.5109489 0.4014599 0.3649635 0.2262774 0.1313869 0.09489051 0.0729927 0.03649635 0.05109489
0.3884892 0.4676259 0.3093525 0.3884892 0.3741007 0.3309353 0.4172662 0.4604317 0.5179856 0.4892086 0.647482
0.4848485 0.530303 0.4393939 0.4015152 0.3787879 0.1818182 0.1439394 0.09848485 0.1136364 0.1439394 0.0909091
0.6338028 0.6056338 0.6338028 0.7042254 0.7957746 0.7676056 0.8239437 0.7253521 0.7676056 0.6408451 0.5985915
0.9545455 0.9469697 0.9772727 0.969697 0.9318182 0.9242424 0.969697 0.9015152 0.939394 0.9166667 0.8409091
0.04545455 0.0909091 0.03787879 0.03787879 0.01515152 0.04545455 0.06060606 0.07575758 0.06060606 0.08333333 0.0909091
0.8396947 0.9236641 0.9389313 0.9312977 0.9007634 0.8549618 0.8625954 0.8778626 0.8091603 0.8396947 0.8931298
0.1363636 0.2348485 0.1287879 0.1136364 0.1060606 0.1212121 0.1287879 0.08333333 0.07575758 0.1212121 0.1060606
0.4656489 0.4503817 0.4045802 0.3740458 0.4122137 0.3816794 0.4503817 0.389313 0.3740458 0.3511450 0.3511450
0.4545455 0.4772727 0.4924242 0.4621212 0.4318182 0.3863636 0.3863636 0.3484848 0.2803030 0.2727273 0.3106061
0.530303 0.6212121 0.5530303 0.5378788 0.5227273 0.5681818 0.6212121 0.5757576 0.5909091 0.6287879 0.6363636
0.4393939 0.4090909 0.3939394 0.4166667 0.4015152 0.3484848 0.3030303 0.2348485 0.2272727 0.2575758 0.1893939
0.2605634 0.4014085 0.2746479 0.2394366 0.1408451 0.1690141 0.1478873 0.2253521 0.2464789 0.2816901 0.3450704
0.9007634 0.9389313 0.908397 0.9160305 0.870229 0.8473282 0.8625954 0.8778626 0.8549618 0.9465649 0.832061
0.1459854 0.1094891 0.05839416 0.1897810 0.1167883 0.2262774 0.1605839 0.1532847 0.1313869 0.1240876 0.1532847
0.4859155 0.4859155 0.4577465 0.4507042 0.5070423 0.4859155 0.5211268 0.4084507 0.443662 0.556338 0.5915493
0.9343066 0.919708 0.9051095 0.9124088 0.9124088 0.9343066 0.9343066 0.919708 0.8759124 0.8759124 0.919708
0.7878788 0.8257576 0.8939394 0.9166667 0.8939394 0.8333333 0.8560606 0.9318182 0.9090909 0.8787879 0.7954545
0.9858156 0.964539 0.9716312 0.964539 0.9787234 0.9787234 0.9503546 0.964539 0.9716312 0.9574468 0.9716312
0.6641791 0.5447761 0.5895522 0.6940299 0.6492537 0.6940299 0.7686567 0.7835821 0.8507463 0.8507463 0.8358209
0.9469697 0.9924242 0.9015152 0.9545455 0.9318182 0.9242424 0.9090909 0.8712121 0.8030303 0.780303 0.7727273
0.01515152 0.02272727 0.007575758 0.06060606 0.08333333 0.1818182 0.2575758 0.3863636 0.3939394 0.3939394 0.4772727
0.5827338 0.6330935 0.5323741 0.589928 0.5323741 0.5395683 0.5611511 0.5251799 0.5539568 0.5467626 0.6115108
0.7938931 0.6793893 0.778626 0.7328244 0.778626 0.8167939 0.8091603 0.8091603 0.8625954 0.8854962 0.9007634
0.3597122 0.3597122 0.4316547 0.4028777 0.4604317 0.4820144 0.5827338 0.589928 0.6834532 0.6906475 0.8057554
0.8467153 0.8175182 0.839416 0.7737226 0.8321168 0.8029197 0.8248175 0.7372263 0.6569343 0.5912409 0.5766423
0.2824427 0.4122137 0.2900763 0.259542 0.2824427 0.2290076 0.1679389 0.2061069 0.259542 0.1832061 0.2519084
0.8181818 0.8257576 0.810606 0.810606 0.8939394 0.8181818 0.8181818 0.8712121 0.8030303 0.780303 0.7727273
0.8592593 0.8592593 0.837037 0.8148148 0.8074074 0.7037037 0.7407407 0.7481481 0.6 0.6666667 0.6518519
0.06870229 0.007633588 0.02290076 0.08396947 0.09160305 0.1984733 0.2671756 0.3053435 0.3740458 0.3664122 0.4427481
0.06060606 0.1666667 0.1060606 0.07575758 0.0530303 0.03787879 0.007575758 0.01515152 0.02272727 0.03030303 0.02272727
0.6791045 0.6865672 0.6865672 0.6940299 0.641791 0.6044776 0.6119403 0.5895522 0.5671642 0.5447761 0.5074627
0.1526718 0.08396947 0.1450382 0.09923664 0.09923664 0.1374046 0.1221374 0.1832061 0.1526718 0.1832061 0.2137405
0.761194 0.8059701 0.7537313 0.7761194 0.7761194 0.7089552 0.8208955 0.6865672 0.761194 0.6865672 0.7462687
0.9111111 0.9481481 0.925926 0.925926 0.9481481 0.9111111 0.8962963 0.8814815 0.8148148 0.9037037 0.9111111
0.4366197 0.4014085 0.4225352 0.4507042 0.528169 0.528169 0.528169 0.6267606 0.7464789 0.8802817 0.887324
0.259542 0.2442748 0.2213740 0.3053435 0.259542 0.2290076 0.2671756 0.2442748 0.2748092 0.2442748 0.2519084
0.3873239 0.2323944 0.3802817 0.4014085 0.471831 0.4859155 0.5774648 0.5633803 0.5774648 0.6197183 0.612676
0.7588652 0.7730496 0.8297872 0.7730496 0.822695 0.7659574 0.8439716 0.9007092 0.822695 0.9007092 0.858156
0.1470588 0.1397059 0.1176471 0.1397059 0.1397059 0.3308824 0.3161765 0.3382353 0.3602941 0.3823529 0.3382353
0.9312977 0.961832 0.9694656 0.9541985 0.9236641 0.908397 0.9541985 0.9770992 0.9847328 0.9923664 0.9923664
0.4184397 0.2765957 0.3475177 0.3687943 0.3687943 0.3617021 0.2765957 0.3049645 0.2411348 0.1914894 0.1985816
0.867647 0.9117647 0.8602941 0.9485294 0.8602941 0.8897059 0.8602941 0.7132353 0.75 0.617647 0.5441176
0.2962963 0.2740741 0.2296296 0.2518519 0.3555556 0.3333333 0.3333333 0.3629630 0.3333333 0.3333333 0.3407407
0.8382353 0.8088235 0.7941176 0.7647059 0.742647 0.6985294 0.7720588 0.742647 0.5147059 0.5735294 0.4632353
0.3407407 0.2666667 0.2740741 0.3925926 0.1333333 0.3111111 0.2222222 0.3555556 0.3555556 0.3555556 0.3481481
0.9242424 0.8863636 0.8181818 0.9318182 0.9090909 0.9166667 0.9469697 0.8484848 0.8333333 0.6363636 0.6590909
0.5851852 0.6 0.5555556 0.6222222 0.6148148 0.5777778 0.6296296 0.6666667 0.5777778 0.637037 0.5851852
0.1716418 0.3582090 0.1791045 0.1716418 0.1119403 0.2164179 0.1417910 0.1791045 0.1940299 0.2238806 0.2089552
0.4485294 0.375 0.4264706 0.4411765 0.4705882 0.5367647 0.5808824 0.4926471 0.5588235 0.625 0.6838235
0.6641221 0.7480916 0.7557252 0.7175573 0.7328244 0.7022901 0.6564885 0.6870229 0.7022901 0.5572519 0.5419847
0.1678832 0.1313869 0.1094891 0.1970803 0.1897810 0.1970803 0.1532847 0.1240876 0.1313869 0.1386861 0.08759124
0.4242424 0.3939394 0.4015152 0.4469697 0.4242424 0.3939394 0.4090909 0.3712121 0.3257576 0.3181818 0.3106061
0.08955224 0.1567164 0.1343284 0.1492537 0.1343284 0.1044776 0.1417910 0.1567164 0.2164179 0.1940299 0.2089552
0.3111111 0.1925926 0.2 0.3037037 0.4148148 0.437037 0.4444444 0.437037 0.4814815 0.437037 0.4666667
0.6197183 0.612676 0.5915493 0.584507 0.5774648 0.5140845 0.5 0.5352113 0.471831 0.4788732 0.528169
0.4814815 0.5259259 0.4666667 0.4814815 0.5555556 0.5777778 0.5037037 0.5481481 0.5333333 0.4814815 0.4888889
0.9788732 0.9366197 0.9507042 0.9507042 0.9859155 0.9929577 0.943662 0.971831 0.9507042 0.8169014 0.9014085
0.07407407 0.05185185 0.02962963 0.04444444 0.05925926 0.08148148 0.1629630 0.2 0.2296296 0.1777778 0.1925926
0.8666667 0.8888889 0.837037 0.874074 0.8296296 0.8814815 0.7851852 0.8 0.8 0.6888889 0.7185185
0.8560606 0.8333333 0.8863636 0.9545455 0.8787879 0.9242424 0.9090909 0.8030303 0.8030303 0.780303 0.7727273
0.6412214 0.6641221 0.6946565 0.6564885 0.6793893 0.7022901 0.6870229 0.7099237 0.8091603 0.8015267 0.870229
0.03787879 0 0 0.03030303 0.09848485 0.1969697 0.3333333 0.3863636 0.4393939 0.5 0.5757576
0.2846715 0.2335766 0.2408759 0.1678832 0.1897810 0.1094891 0.0729927 0.06569343 0.0729927 0.1094891 0.05839416
0.05147059 0.1323529 0.08088235 0.05147059 0.1102941 0.06617647 0.0882353 0.1176471 0.1838235 0.2058824 0.1544118
0.6136364 0.5909091 0.5909091 0.6136364 0.6136364 0.6742424 0.6136364 0.6136364 0.6136364 0.5530303 0.5151515
0.8970588 0.9264706 0.867647 0.9191176 0.875 0.8897059 0.8308824 0.9117647 0.7867647 0.8382353 0.8235294
0.1969697 0.2121212 0.2196970 0.1969697 0.1212121 0.1818182 0.1363636 0.1136364 0.1212121 0.08333333 0.1060606
0.4820144 0.4532374 0.4748201 0.5035971 0.5035971 0.5827338 0.5827338 0.6978417 0.8273381 0.7769784 0.8705036
0.1870504 0.1223022 0.1942446 0.2661871 0.1942446 0.2877698 0.2446043 0.2374101 0.1942446 0.2805755 0.2230216
0.7941176 0.757353 0.7720588 0.8161765 0.742647 0.7941176 0.7720588 0.7941176 0.7058824 0.5735294 0.5441176
0.1063830 0.09929078 0.07801418 0.1560284 0.2482270 0.2624113 0.3971631 0.3971631 0.4822695 0.5035461 0.6241135
0.03816794 0.01526718 0.03816794 0.06870229 0.0610687 0.1145038 0.2213740 0.2137405 0.259542 0.1908397 0.2366412
0.5075758 0.5681818 0.5909091 0.5075758 0.469697 0.469697 0.5 0.4772727 0.4772727 0.4166667 0.3863636
0.5882353 0.5588235 0.5955882 0.617647 0.5735294 0.625 0.5735294 0.5955882 0.5073529 0.5514706 0.4779412
0.05839416 0.06569343 0.01459854 0.03649635 0.1386861 0.1386861 0.1167883 0.2189781 0.2335766 0.2043796 0.2335766
0.2803030 0.3106061 0.2575758 0.25 0.1666667 0.1363636 0.1515152 0.1060606 0.1060606 0.1666667 0.1136364
0.5547445 0.5109489 0.540146 0.5620438 0.6277372 0.6131387 0.620438 0.6350365 0.6569343 0.6569343 0.919708
0.09923664 0.08396947 0.1145038 0.1374046 0.129771 0.1221374 0.1374046 0.1526718 0.129771 0.1832061 0.2213740
0.8731343 0.880597 0.8432836 0.858209 0.7761194 0.8059701 0.7686567 0.6865672 0.6492537 0.5895522 0.5373134
0.09923664 0.03053435 0.1068702 0.1221374 0.2519084 0.2366412 0.2671756 0.259542 0.2824427 0.2137405 0.2366412
0.5725191 0.5572519 0.5954198 0.5343511 0.5801527 0.4885496 0.480916 0.4656489 0.389313 0.389313 0.3511450
0.7588652 0.8085106 0.7234043 0.751773 0.7801418 0.7375887 0.6241135 0.6950355 0.5531915 0.5744681 0.5319149
0.8778626 0.8549618 0.9160305 0.8778626 0.8473282 0.8167939 0.8473282 0.8931298 0.8015267 0.6641221 0.5801527
0.1984733 0.1068702 0.1450382 0.259542 0.2519084 0.2900763 0.3587786 0.3664122 0.389313 0.389313 0.4503817
0.3880597 0.3731343 0.3880597 0.3358209 0.4626866 0.4925373 0.5 0.5074627 0.5970149 0.6492537 0.7686567
0.4779412 0.375 0.4632353 0.4044118 0.4705882 0.4558824 0.4264706 0.4779412 0.4485294 0.4264706 0.4191176
0.6715328 0.7153285 0.729927 0.6058394 0.5985401 0.5255474 0.3795620 0.3138686 0.3065693 0.2773723 0.2335766
0.8484848 0.8257576 0.8560606 0.9545455 0.9015152 0.9242424 0.8409091 0.8712121 0.8030303 0.780303 0.7727273
0.8787879 0.810606 0.8636364 0.8939394 0.9318182 0.8787879 0.9242424 0.9015152 0.9318182 0.969697 0.9621212
0.9015152 0.9318182 0.8712121 0.8939394 0.8181818 0.7878788 0.7272727 0.6439394 0.6136364 0.469697 0.4545455
