0.476 0.51 0.538 0.57 0.622 0.714 0.714 0.75 0.782 0.83 0.81
0.086 0.096 0.088 0.07 0.082 0.05 0.046 0.036 0.022 0.006 0.024
0.298 0.302 0.298 0.344 0.364 0.404 0.402 0.452 0.47 0.484 0.422
0.084 0.086 0.07 0.058 0.082 0.066 0.048 0.056 0.044 0.048 0.058
0.068 0.064 0.07 0.042 0.04 0.034 0.024 0.034 0.038 0.062 0.062
0.508 0.526 0.538 0.504 0.484 0.46 0.442 0.424 0.41 0.45 0.39
0.224 0.222 0.178 0.164 0.15 0.11 0.09 0.074 0.074 0.082 0.078
0.246 0.226 0.182 0.13 0.124 0.09 0.072 0.064 0.068 0.036 0.026
0.264 0.228 0.18 0.162 0.132 0.118 0.112 0.078 0.09 0.058 0.084
0.2 0.232 0.24 0.316 0.28 0.34 0.336 0.432 0.482 0.434 0.462
0.168 0.164 0.154 0.13 0.114 0.1 0.074 0.108 0.09 0.086 0.086
0.18 0.138 0.136 0.106 0.102 0.084 0.092 0.068 0.058 0.054 0.05
0.624 0.556 0.506 0.424 0.402 0.31 0.278 0.212 0.194 0.17 0.144
0.13 0.096 0.118 0.13 0.12 0.122 0.108 0.112 0.072 0.108 0.106
0.118 0.118 0.076 0.1 0.074 0.074 0.068 0.066 0.046 0.062 0.05
0.418 0.388 0.34 0.328 0.338 0.292 0.28 0.304 0.27 0.26 0.298
0.362 0.42 0.4 0.418 0.47 0.448 0.432 0.382 0.374 0.384 0.418
0.362 0.41 0.404 0.436 0.446 0.478 0.474 0.474 0.488 0.486 0.464
0.358 0.324 0.34 0.278 0.222 0.156 0.128 0.084 0.05 0.024 0.016
0.086 0.106 0.092 0.066 0.086 0.07 0.064 0.068 0.052 0.036 0.024
0.496 0.502 0.448 0.408 0.434 0.382 0.41 0.372 0.47 0.436 0.444
0.252 0.248 0.204 0.192 0.21 0.19 0.152 0.166 0.108 0.124 0.148
0.338 0.366 0.358 0.366 0.316 0.282 0.29 0.284 0.238 0.224 0.22
0.034 0.026 0.012 0.036 0.016 0.024 0.016 0.016 0.02 0.02 0.012
0.532 0.486 0.528 0.472 0.444 0.412 0.414 0.402 0.428 0.434 0.424
0.354 0.364 0.376 0.434 0.438 0.482 0.476 0.48 0.574 0.526 0.524
0.362 0.358 0.334 0.366 0.316 0.296 0.204 0.168 0.174 0.146 0.122
0.196 0.184 0.252 0.342 0.37 0.474 0.538 0.642 0.664 0.676 0.668
0.382 0.374 0.348 0.354 0.32 0.272 0.204 0.158 0.118 0.12 0.084
0.546 0.558 0.544 0.568 0.558 0.558 0.546 0.526 0.546 0.59 0.542
0.186 0.214 0.22 0.174 0.186 0.188 0.194 0.188 0.22 0.23 0.246
0.192 0.176 0.164 0.132 0.092 0.09 0.074 0.086 0.06 0.056 0.056
0.5 0.482 0.52 0.588 0.604 0.652 0.684 0.712 0.696 0.672 0.686
0.154 0.156 0.222 0.282 0.3 0.394 0.386 0.47 0.558 0.578 0.6
0.322 0.284 0.282 0.266 0.224 0.212 0.206 0.15 0.112 0.088 0.06
0.578 0.59 0.528 0.492 0.49 0.466 0.464 0.494 0.438 0.476 0.438
0.294 0.266 0.212 0.182 0.154 0.098 0.152 0.116 0.082 0.064 0.048
0.178 0.21 0.316 0.42 0.472 0.576 0.66 0.724 0.746 0.734 0.736
0.406 0.422 0.444 0.446 0.45 0.432 0.444 0.404 0.382 0.308 0.294
0.402 0.418 0.42 0.382 0.35 0.328 0.306 0.248 0.272 0.222 0.2
0.132 0.18 0.192 0.204 0.17 0.214 0.16 0.178 0.21 0.22 0.22
0.074 0.06 0.07 0.062 0.074 0.042 0.066 0.078 0.054 0.044 0.046
0.278 0.286 0.284 0.306 0.368 0.402 0.378 0.398 0.438 0.446 0.444
0.31 0.38 0.34 0.432 0.468 0.484 0.448 0.412 0.438 0.49 0.488
0.144 0.16 0.134 0.126 0.174 0.13 0.096 0.098 0.072 0.114 0.114
0.384 0.376 0.332 0.306 0.226 0.218 0.186 0.158 0.128 0.106 0.088
0.414 0.396 0.42 0.43 0.434 0.528 0.546 0.59 0.602 0.59 0.596
0.168 0.152 0.096 0.102 0.152 0.094 0.09 0.09 0.056 0.074 0.07
0.066 0.102 0.094 0.108 0.092 0.088 0.1 0.106 0.128 0.184 0.202
0.038 0.044 0.036 0.046 0.04 0.06 0.06 0.076 0.076 0.084 0.062
0.308 0.324 0.292 0.324 0.24 0.242 0.184 0.192 0.152 0.11 0.166
0.324 0.268 0.252 0.292 0.204 0.17 0.188 0.122 0.094 0.102 0.068
0.016 0.04 0.022 0.032 0.036 0.034 0.03 0.036 0.032 0.018 0.022
0.014 0.028 0.016 0.026 0.022 0.028 0.022 0.014 0.022 0.028 0.044
0.156 0.166 0.172 0.166 0.172 0.172 0.142 0.164 0.12 0.142 0.122
0.18 0.2 0.198 0.22 0.192 0.218 0.23 0.23 0.204 0.226 0.252
0.034 0.03 0.028 0.036 0.026 0.036 0.038 0.034 0.03 0.044 0.042
0.596 0.608 0.64 0.712 0.716 0.77 0.788 0.81 0.812 0.848 0.84
0.25 0.328 0.392 0.44 0.488 0.558 0.606 0.648 0.75 0.722 0.726
0.464 0.49 0.438 0.442 0.406 0.418 0.466 0.44 0.466 0.462 0.482
0.142 0.166 0.212 0.296 0.308 0.412 0.41 0.528 0.57 0.548 0.568
0.366 0.368 0.484 0.428 0.456 0.454 0.448 0.432 0.352 0.342 0.246
0.11 0.166 0.17 0.238 0.28 0.326 0.4 0.412 0.436 0.468 0.49
0.264 0.184 0.162 0.122 0.118 0.052 0.072 0.056 0.062 0.072 0.074
0.034 0.034 0.018 0.044 0.03 0.03 0.04 0.026 0.042 0.06 0.038
0.654 0.678 0.642 0.626 0.684 0.69 0.716 0.636 0.69 0.666 0.624
0.044 0.052 0.062 0.048 0.062 0.08 0.074 0.07 0.078 0.072 0.064
0.41 0.434 0.444 0.454 0.384 0.402 0.394 0.354 0.398 0.396 0.356
0.414 0.428 0.406 0.342 0.34 0.364 0.342 0.324 0.31 0.308 0.28
0.292 0.276 0.29 0.316 0.29 0.31 0.286 0.354 0.32 0.328 0.33
0.18 0.182 0.188 0.214 0.17 0.242 0.164 0.152 0.174 0.15 0.194
0.262 0.292 0.308 0.328 0.326 0.344 0.34 0.332 0.39 0.36 0.384
0.364 0.364 0.456 0.45 0.506 0.456 0.46 0.402 0.366 0.376 0.244
0.044 0.038 0.034 0.05 0.038 0.046 0.054 0.068 0.046 0.072 0.078
0.42 0.398 0.372 0.376 0.37 0.362 0.348 0.312 0.344 0.328 0.336
0.288 0.31 0.298 0.318 0.31 0.236 0.222 0.19 0.19 0.154 0.134
0.032 0.028 0.026 0.024 0.028 0.032 0.026 0.038 0.02 0.024 0.006
0.158 0.14 0.136 0.1 0.098 0.082 0.092 0.07 0.05 0.058 0.048
0.018 0.018 0.026 0.008 0.02 0.01 0.018 0.008 0.004 0.016 0.008
0.274 0.234 0.192 0.174 0.124 0.096 0.07 0.068 0.038 0.024 0.016
0.428 0.462 0.392 0.382 0.366 0.33 0.296 0.298 0.256 0.14 0.136
0.768 0.742 0.708 0.628 0.608 0.49 0.412 0.338 0.3 0.246 0.184
0.158 0.148 0.148 0.168 0.168 0.15 0.184 0.17 0.166 0.174 0.166
0.268 0.166 0.14 0.114 0.102 0.106 0.096 0.102 0.068 0.078 0.07
0.376 0.326 0.318 0.302 0.292 0.236 0.238 0.18 0.156 0.174 0.088
0.056 0.062 0.044 0.058 0.058 0.072 0.058 0.06 0.074 0.092 0.118
0.366 0.334 0.394 0.4 0.436 0.452 0.446 0.49 0.482 0.484 0.456
0.072 0.074 0.062 0.028 0.03 0.022 0.03 0.02 0.012 0.006 0.008
0.052 0.064 0.078 0.078 0.076 0.068 0.082 0.108 0.108 0.108 0.106
0.744 0.71 0.618 0.652 0.582 0.53 0.484 0.398 0.376 0.36 0.34
0.428 0.44 0.478 0.526 0.578 0.602 0.648 0.652 0.71 0.682 0.71
0.166 0.142 0.182 0.18 0.178 0.202 0.23 0.232 0.252 0.282 0.286
0.554 0.542 0.52 0.566 0.538 0.524 0.57 0.494 0.474 0.43 0.46
0.104 0.096 0.092 0.108 0.104 0.078 0.082 0.076 0.068 0.074 0.06
0.016 0.032 0.026 0.028 0.032 0.044 0.02 0.048 0.058 0.056 0.054
0.392 0.322 0.322 0.34 0.284 0.266 0.17 0.124 0.104 0.06 0.026
0.454 0.436 0.498 0.514 0.546 0.526 0.512 0.5 0.512 0.48 0.48
0.282 0.258 0.27 0.25 0.228 0.238 0.192 0.224 0.144 0.184 0.158
0.032 0.012 0.022 0.006 0.014 0.004 0.004 0.014 0.004 0.008 0.002
0.544 0.486 0.51 0.482 0.404 0.358 0.308 0.314 0.212 0.186 0.214
0.036 0.048 0.042 0.036 0.032 0.026 0.028 0.032 0.024 0.01 0.01
0.464 0.37 0.366 0.382 0.33 0.32 0.356 0.384 0.394 0.436 0.468
0.082 0.08 0.094 0.094 0.09 0.12 0.134 0.142 0.17 0.186 0.262
0.388 0.41 0.366 0.396 0.348 0.33 0.3 0.332 0.302 0.332 0.37
0.016 0.024 0.02 0.018 0.012 0.026 0.02 0.012 0.014 0.014 0.014
0.506 0.49 0.496 0.456 0.46 0.436 0.39 0.352 0.314 0.282 0.244
0.032 0.018 0.044 0.02 0.026 0.024 0.028 0.054 0.048 0.062 0.05
0.222 0.25 0.23 0.228 0.192 0.166 0.164 0.134 0.106 0.078 0.076
0.374 0.386 0.37 0.406 0.418 0.438 0.426 0.418 0.43 0.436 0.404
0.374 0.354 0.344 0.304 0.27 0.238 0.192 0.152 0.146 0.13 0.132
0.102 0.102 0.094 0.114 0.09 0.102 0.126 0.112 0.126 0.142 0.16
0.334 0.296 0.256 0.256 0.248 0.212 0.26 0.254 0.286 0.288 0.288
0.426 0.382 0.342 0.348 0.284 0.248 0.296 0.274 0.288 0.292 0.286
0.4 0.45 0.384 0.416 0.45 0.472 0.458 0.416 0.386 0.45 0.4
0.586 0.524 0.466 0.436 0.392 0.332 0.3 0.274 0.262 0.248 0.232
0.094 0.122 0.134 0.128 0.162 0.146 0.142 0.126 0.11 0.12 0.128
0.302 0.322 0.314 0.278 0.278 0.224 0.202 0.194 0.208 0.198 0.14
0.016 0.016 0.01 0.016 0.016 0.006 0.01 0.016 0.018 0.038 0.046
0.69 0.664 0.626 0.56 0.518 0.52 0.474 0.504 0.548 0.538 0.566
0.024 0.034 0.028 0.02 0.042 0.034 0.024 0.02 0.032 0.034 0.04
0.02 0.018 0.01 0.014 0 0.004 0.006 0 0 0 0.002
0.114 0.12 0.118 0.114 0.102 0.096 0.102 0.092 0.072 0.054 0.052
0.614 0.596 0.554 0.482 0.442 0.4 0.324 0.244 0.162 0.17 0.178
0.458 0.468 0.538 0.586 0.534 0.614 0.65 0.64 0.664 0.666 0.728
0.592 0.62 0.628 0.594 0.614 0.556 0.53 0.514 0.494 0.492 0.508
0.116 0.138 0.118 0.116 0.094 0.08 0.054 0.058 0.056 0.056 0.04
0.026 0.016 0.016 0.04 0.014 0.028 0.028 0.024 0.03 0.032 0.022
0.346 0.34 0.358 0.396 0.372 0.396 0.396 0.404 0.41 0.476 0.456
0.286 0.294 0.258 0.28 0.204 0.208 0.156 0.112 0.112 0.064 0.064
0.514 0.538 0.506 0.494 0.448 0.458 0.412 0.424 0.422 0.41 0.4
0.144 0.116 0.076 0.1 0.068 0.074 0.052 0.05 0.076 0.082 0.076
0.56 0.442 0.454 0.392 0.274 0.246 0.158 0.12 0.09 0.07 0.062
0.664 0.638 0.666 0.574 0.588 0.522 0.552 0.536 0.484 0.45 0.452
0.194 0.18 0.17 0.196 0.15 0.152 0.156 0.188 0.132 0.158 0.11
0.25 0.254 0.23 0.196 0.222 0.188 0.178 0.198 0.152 0.116 0.148
0.61 0.616 0.586 0.59 0.548 0.534 0.502 0.436 0.446 0.386 0.38
0.386 0.404 0.462 0.512 0.49 0.506 0.554 0.56 0.576 0.598 0.62
0.226 0.212 0.204 0.202 0.178 0.144 0.132 0.128 0.08 0.06 0.072
0.37 0.392 0.43 0.41 0.422 0.456 0.444 0.504 0.458 0.458 0.5
0.048 0.056 0.042 0.058 0.07 0.092 0.084 0.078 0.06 0.06 0.078
0.556 0.508 0.448 0.388 0.368 0.368 0.328 0.352 0.362 0.372 0.354
0.202 0.17 0.186 0.254 0.228 0.21 0.204 0.168 0.21 0.204 0.22
0.164 0.162 0.152 0.176 0.172 0.148 0.188 0.186 0.18 0.178 0.206
0.042 0.036 0.038 0.03 0.036 0.032 0.044 0.032 0.054 0.06 0.056
0.486 0.47 0.488 0.414 0.39 0.372 0.306 0.316 0.234 0.198 0.21
0.47 0.436 0.4 0.358 0.306 0.278 0.25 0.198 0.156 0.148 0.086
0.35 0.308 0.366 0.302 0.296 0.266 0.284 0.268 0.284 0.29 0.254
0.106 0.114 0.146 0.164 0.178 0.242 0.258 0.34 0.348 0.396 0.368
0.132 0.104 0.116 0.092 0.102 0.114 0.082 0.078 0.06 0.07 0.06
0.056 0.062 0.046 0.034 0.05 0.044 0.032 0.036 0.038 0.022 0.01
0.058 0.046 0.048 0.034 0.044 0.054 0.056 0.104 0.114 0.176 0.188
