0.36 0.37 0.414 0.412 0.474 0.484 0.568 0.588 0.614 0.624 0.614
0.092 0.092 0.11 0.092 0.098 0.08 0.08 0.094 0.1 0.094 0.098
0.268 0.304 0.25 0.29 0.33 0.264 0.296 0.284 0.254 0.268 0.326
0.098 0.098 0.094 0.088 0.064 0.082 0.062 0.062 0.048 0.08 0.082
0.038 0.012 0.024 0.026 0.022 0.02 0.024 0.03 0.026 0.038 0.064
0.348 0.346 0.318 0.312 0.32 0.354 0.356 0.364 0.332 0.36 0.358
0.478 0.416 0.276 0.29 0.202 0.174 0.138 0.086 0.09 0.104 0.108
0.378 0.338 0.306 0.262 0.222 0.18 0.12 0.13 0.078 0.09 0.044
0.426 0.418 0.286 0.264 0.272 0.202 0.178 0.16 0.14 0.132 0.21
0.176 0.184 0.198 0.214 0.228 0.23 0.33 0.372 0.4 0.418 0.42
0.184 0.16 0.142 0.14 0.14 0.116 0.118 0.1 0.098 0.126 0.13
0.296 0.276 0.262 0.202 0.148 0.146 0.136 0.146 0.098 0.074 0.064
0.546 0.518 0.444 0.396 0.326 0.278 0.25 0.238 0.168 0.158 0.15
0.268 0.266 0.24 0.184 0.156 0.138 0.156 0.136 0.116 0.092 0.102
0.052 0.042 0.048 0.058 0.07 0.05 0.082 0.062 0.108 0.112 0.124
0.518 0.478 0.448 0.474 0.436 0.466 0.406 0.358 0.368 0.364 0.356
0.402 0.402 0.464 0.466 0.458 0.426 0.434 0.448 0.422 0.438 0.406
0.47 0.482 0.472 0.53 0.536 0.592 0.53 0.548 0.554 0.512 0.512
0.518 0.506 0.414 0.352 0.292 0.238 0.186 0.128 0.082 0.056 0.03
0.094 0.088 0.104 0.068 0.098 0.066 0.066 0.074 0.044 0.042 0.024
0.638 0.592 0.488 0.462 0.412 0.394 0.44 0.426 0.426 0.492 0.446
0.244 0.246 0.246 0.208 0.254 0.176 0.182 0.184 0.132 0.138 0.156
0.312 0.382 0.374 0.386 0.372 0.338 0.334 0.338 0.284 0.242 0.274
0.016 0.026 0.02 0.022 0.024 0.012 0.02 0.004 0.018 0.004 0.004
0.506 0.514 0.452 0.472 0.372 0.402 0.374 0.36 0.392 0.38 0.4
0.318 0.328 0.382 0.426 0.472 0.482 0.536 0.542 0.534 0.498 0.522
0.286 0.282 0.266 0.25 0.226 0.21 0.158 0.116 0.114 0.116 0.074
0.268 0.276 0.326 0.406 0.42 0.514 0.562 0.624 0.648 0.644 0.65
0.404 0.406 0.42 0.394 0.336 0.302 0.236 0.18 0.17 0.094 0.076
0.514 0.52 0.522 0.538 0.558 0.552 0.524 0.516 0.514 0.48 0.446
0.204 0.226 0.232 0.226 0.266 0.262 0.266 0.28 0.322 0.36 0.35
0.232 0.198 0.154 0.166 0.132 0.116 0.1 0.068 0.08 0.06 0.062
0.594 0.664 0.682 0.7 0.742 0.786 0.734 0.754 0.718 0.71 0.702
0.206 0.23 0.268 0.28 0.376 0.38 0.48 0.502 0.516 0.54 0.588
0.33 0.298 0.282 0.312 0.282 0.25 0.2 0.142 0.1 0.094 0.086
0.686 0.652 0.624 0.56 0.504 0.436 0.414 0.394 0.412 0.374 0.384
0.272 0.22 0.086 0.084 0.044 0.064 0.026 0.018 0.018 0.008 0
0.224 0.244 0.316 0.412 0.466 0.52 0.574 0.616 0.636 0.704 0.662
0.414 0.42 0.478 0.49 0.514 0.514 0.452 0.49 0.446 0.47 0.41
0.42 0.388 0.372 0.398 0.422 0.362 0.324 0.314 0.294 0.218 0.216
0.17 0.14 0.186 0.214 0.18 0.216 0.226 0.266 0.24 0.292 0.278
0.082 0.068 0.068 0.042 0.064 0.062 0.074 0.092 0.064 0.054 0.036
0.276 0.284 0.338 0.346 0.432 0.418 0.412 0.422 0.384 0.434 0.34
0.39 0.506 0.468 0.498 0.518 0.506 0.514 0.558 0.518 0.54 0.558
0.266 0.296 0.282 0.236 0.206 0.2 0.134 0.136 0.106 0.122 0.1
0.454 0.386 0.354 0.33 0.288 0.234 0.204 0.16 0.14 0.124 0.108
0.594 0.556 0.58 0.582 0.578 0.594 0.588 0.608 0.608 0.612 0.644
0.094 0.114 0.108 0.104 0.116 0.086 0.09 0.066 0.08 0.07 0.058
0.074 0.092 0.074 0.096 0.098 0.086 0.104 0.096 0.114 0.136 0.162
0.026 0.05 0.044 0.046 0.046 0.06 0.044 0.054 0.056 0.06 0.05
0.326 0.302 0.266 0.304 0.244 0.234 0.192 0.176 0.136 0.126 0.114
0.296 0.316 0.24 0.25 0.272 0.244 0.23 0.18 0.206 0.16 0.146
0.04 0.036 0.03 0.028 0.038 0.026 0.024 0.028 0.026 0.028 0.016
0.02 0.022 0.034 0.018 0.022 0.016 0.032 0.024 0.03 0.038 0.038
0.166 0.162 0.176 0.152 0.138 0.132 0.134 0.158 0.114 0.11 0.134
0.198 0.144 0.18 0.18 0.188 0.188 0.192 0.172 0.204 0.184 0.19
0.036 0.04 0.03 0.046 0.03 0.038 0.03 0.052 0.056 0.034 0.042
0.576 0.546 0.592 0.594 0.698 0.74 0.784 0.784 0.796 0.802 0.806
0.406 0.392 0.42 0.482 0.552 0.578 0.61 0.668 0.666 0.658 0.708
0.44 0.472 0.462 0.412 0.428 0.412 0.382 0.444 0.446 0.514 0.49
0.22 0.244 0.288 0.334 0.378 0.466 0.546 0.604 0.624 0.656 0.666
0.476 0.486 0.502 0.478 0.546 0.466 0.436 0.336 0.298 0.268 0.246
0.122 0.144 0.178 0.24 0.27 0.31 0.356 0.402 0.466 0.504 0.48
0.29 0.216 0.196 0.148 0.118 0.11 0.094 0.062 0.094 0.104 0.114
0.03 0.018 0.018 0.01 0.02 0.014 0.012 0.032 0.02 0.032 0.018
0.588 0.562 0.556 0.562 0.582 0.558 0.558 0.538 0.52 0.572 0.518
0.032 0.014 0.016 0.026 0.022 0.018 0.018 0.026 0.018 0.018 0.016
0.328 0.304 0.354 0.346 0.382 0.384 0.418 0.394 0.364 0.34 0.358
0.344 0.296 0.288 0.308 0.282 0.286 0.288 0.316 0.288 0.244 0.264
0.27 0.238 0.296 0.274 0.318 0.308 0.308 0.334 0.362 0.328 0.338
0.17 0.204 0.21 0.212 0.196 0.224 0.188 0.178 0.178 0.136 0.15
0.33 0.32 0.31 0.29 0.338 0.3 0.396 0.338 0.37 0.366 0.404
0.462 0.474 0.448 0.47 0.556 0.5 0.5 0.486 0.402 0.386 0.336
0.03 0.03 0.032 0.03 0.05 0.05 0.05 0.062 0.046 0.044 0.05
0.582 0.502 0.488 0.488 0.51 0.522 0.554 0.52 0.488 0.498 0.518
0.262 0.282 0.302 0.264 0.298 0.264 0.22 0.252 0.132 0.154 0.122
0.034 0.034 0.044 0.026 0.054 0.04 0.032 0.034 0.036 0.034 0.038
0.074 0.082 0.082 0.084 0.066 0.048 0.054 0.06 0.05 0.046 0.062
0.046 0.034 0.02 0.026 0.018 0.022 0.022 0.034 0.026 0.008 0.026
0.276 0.274 0.188 0.166 0.118 0.12 0.116 0.116 0.068 0.05 0.034
0.478 0.492 0.444 0.412 0.37 0.372 0.362 0.298 0.236 0.206 0.138
0.82 0.758 0.712 0.594 0.542 0.464 0.394 0.366 0.302 0.266 0.22
0.188 0.154 0.13 0.19 0.21 0.188 0.192 0.146 0.184 0.164 0.132
0.21 0.142 0.122 0.074 0.084 0.092 0.066 0.058 0.046 0.036 0.042
0.286 0.26 0.24 0.192 0.216 0.172 0.15 0.118 0.09 0.088 0.052
0.08 0.056 0.072 0.064 0.072 0.074 0.088 0.062 0.074 0.072 0.098
0.242 0.274 0.304 0.364 0.422 0.426 0.486 0.51 0.466 0.47 0.456
0.052 0.06 0.04 0.036 0.036 0.038 0.014 0.012 0.012 0.008 0.01
0.074 0.064 0.068 0.068 0.102 0.12 0.09 0.11 0.104 0.124 0.118
0.684 0.71 0.604 0.662 0.552 0.506 0.454 0.466 0.41 0.386 0.352
0.344 0.412 0.482 0.514 0.574 0.596 0.64 0.662 0.712 0.664 0.728
0.112 0.104 0.136 0.142 0.146 0.162 0.202 0.212 0.196 0.224 0.194
0.536 0.502 0.5 0.536 0.49 0.48 0.496 0.44 0.426 0.412 0.404
0.118 0.082 0.132 0.11 0.1 0.088 0.066 0.048 0.038 0.04 0.03
0.012 0.016 0.018 0.012 0.016 0.022 0.008 0.004 0.012 0.012 0.014
0.394 0.35 0.374 0.35 0.28 0.248 0.166 0.146 0.106 0.062 0.058
0.376 0.414 0.42 0.44 0.498 0.418 0.406 0.44 0.404 0.434 0.398
0.344 0.36 0.31 0.314 0.306 0.286 0.264 0.246 0.27 0.256 0.248
0.076 0.1 0.098 0.072 0.07 0.088 0.076 0.092 0.04 0.038 0.032
0.59 0.586 0.55 0.522 0.47 0.478 0.426 0.394 0.374 0.344 0.378
0.014 0.018 0.018 0.012 0.024 0.014 0.01 0.012 0.012 0.02 0.002
0.406 0.342 0.284 0.292 0.322 0.272 0.348 0.388 0.422 0.416 0.452
0.104 0.082 0.086 0.106 0.122 0.118 0.118 0.166 0.152 0.212 0.258
0.388 0.358 0.328 0.358 0.294 0.328 0.3 0.352 0.364 0.37 0.352
0.054 0.054 0.042 0.086 0.062 0.084 0.082 0.086 0.094 0.112 0.116
0.36 0.382 0.326 0.338 0.32 0.294 0.29 0.246 0.254 0.188 0.216
0.074 0.088 0.068 0.074 0.062 0.086 0.06 0.082 0.082 0.092 0.12
0.26 0.226 0.204 0.22 0.2 0.192 0.196 0.122 0.126 0.12 0.116
0.43 0.428 0.476 0.44 0.468 0.496 0.458 0.502 0.5 0.434 0.476
0.326 0.274 0.282 0.234 0.228 0.206 0.17 0.15 0.124 0.104 0.106
0.116 0.132 0.098 0.112 0.128 0.118 0.13 0.146 0.126 0.116 0.138
0.584 0.562 0.542 0.49 0.486 0.482 0.468 0.488 0.538 0.548 0.58
0.492 0.438 0.444 0.376 0.346 0.29 0.328 0.35 0.338 0.33 0.352
0.474 0.448 0.44 0.47 0.504 0.438 0.454 0.456 0.416 0.406 0.418
0.652 0.598 0.586 0.494 0.448 0.378 0.306 0.274 0.212 0.166 0.146
0.142 0.132 0.138 0.134 0.142 0.136 0.148 0.16 0.16 0.134 0.138
0.256 0.252 0.27 0.226 0.242 0.23 0.198 0.168 0.156 0.182 0.176
0.016 0.014 0.01 0.024 0.01 0.004 0.008 0.008 0.018 0.022 0.046
0.694 0.66 0.674 0.658 0.584 0.508 0.498 0.488 0.496 0.544 0.488
0.04 0.044 0.054 0.05 0.062 0.046 0.054 0.088 0.088 0.1 0.094
0.036 0.016 0.012 0.008 0.018 0.014 0.01 0.014 0.008 0.004 0.004
0.14 0.156 0.172 0.18 0.146 0.134 0.106 0.118 0.09 0.082 0.066
0.56 0.592 0.532 0.492 0.464 0.392 0.31 0.208 0.186 0.15 0.118
0.426 0.364 0.412 0.468 0.484 0.54 0.574 0.566 0.644 0.668 0.664
0.434 0.428 0.43 0.432 0.448 0.446 0.428 0.44 0.486 0.476 0.466
0.086 0.108 0.092 0.086 0.09 0.092 0.07 0.054 0.058 0.096 0.082
0.036 0.016 0.024 0.026 0.024 0.038 0.064 0.036 0.032 0.024 0.044
0.284 0.288 0.268 0.348 0.348 0.334 0.372 0.418 0.416 0.44 0.462
0.386 0.394 0.344 0.298 0.232 0.182 0.15 0.136 0.076 0.054 0.042
0.546 0.522 0.53 0.48 0.45 0.44 0.394 0.422 0.4 0.388 0.364
0.134 0.09 0.114 0.122 0.102 0.09 0.1 0.102 0.106 0.118 0.16
0.602 0.534 0.524 0.448 0.416 0.332 0.27 0.224 0.194 0.176 0.144
0.67 0.624 0.562 0.532 0.458 0.412 0.39 0.324 0.278 0.228 0.186
0.268 0.286 0.246 0.29 0.266 0.316 0.284 0.276 0.272 0.274 0.334
0.232 0.214 0.18 0.2 0.18 0.178 0.166 0.19 0.128 0.11 0.118
0.514 0.552 0.54 0.506 0.462 0.492 0.48 0.46 0.376 0.41 0.354
0.418 0.432 0.438 0.492 0.472 0.476 0.528 0.544 0.552 0.556 0.558
0.186 0.22 0.232 0.178 0.184 0.132 0.12 0.08 0.08 0.024 0.042
0.424 0.43 0.428 0.414 0.466 0.45 0.392 0.428 0.364 0.408 0.34
0.034 0.034 0.044 0.042 0.044 0.038 0.052 0.052 0.058 0.064 0.102
0.516 0.482 0.43 0.362 0.348 0.352 0.314 0.356 0.364 0.39 0.37
0.158 0.21 0.186 0.196 0.186 0.2 0.182 0.16 0.142 0.182 0.196
0.144 0.146 0.172 0.15 0.152 0.142 0.174 0.184 0.168 0.168 0.202
0.048 0.044 0.036 0.036 0.044 0.024 0.052 0.05 0.04 0.072 0.066
0.492 0.446 0.452 0.404 0.362 0.356 0.306 0.284 0.236 0.214 0.162
0.024 0.012 0.016 0.012 0.016 0.01 0.002 0.002 0.008 0.004 0.004
0.328 0.266 0.276 0.23 0.23 0.208 0.192 0.178 0.176 0.148 0.162
0.042 0.046 0.062 0.074 0.114 0.11 0.142 0.194 0.216 0.26 0.242
0.152 0.148 0.156 0.146 0.116 0.122 0.142 0.124 0.112 0.092 0.082
0.094 0.082 0.086 0.044 0.08 0.054 0.054 0.052 0.042 0.044 0.02
0.038 0.048 0.064 0.04 0.064 0.066 0.088 0.094 0.108 0.128 0.172
