0.518 0.52 0.552 0.574 0.704 0.676 0.718 0.776 0.778 0.794 0.794
0.086 0.072 0.1 0.09 0.076 0.08 0.07 0.074 0.068 0.058 0.048
0.37 0.364 0.414 0.402 0.446 0.48 0.474 0.428 0.496 0.5 0.506
0.076 0.06 0.062 0.066 0.058 0.046 0.048 0.032 0.044 0.032 0.072
0.028 0.026 0.032 0.028 0.014 0.014 0.014 0.02 0.04 0.038 0.046
0.47 0.502 0.43 0.422 0.42 0.422 0.368 0.386 0.386 0.39 0.366
0.204 0.156 0.116 0.102 0.1 0.072 0.08 0.062 0.066 0.068 0.08
0.302 0.226 0.172 0.162 0.112 0.076 0.082 0.068 0.056 0.044 0.022
0.496 0.398 0.322 0.288 0.26 0.234 0.162 0.156 0.124 0.126 0.136
0.166 0.21 0.232 0.234 0.246 0.292 0.336 0.316 0.366 0.412 0.406
0.11 0.122 0.078 0.084 0.096 0.062 0.054 0.048 0.038 0.034 0.03
0.128 0.142 0.138 0.14 0.09 0.102 0.074 0.084 0.068 0.052 0.064
0.54 0.476 0.424 0.398 0.338 0.29 0.272 0.228 0.2 0.222 0.192
0.11 0.126 0.096 0.104 0.096 0.078 0.094 0.092 0.074 0.066 0.074
0.06 0.06 0.062 0.066 0.05 0.074 0.088 0.084 0.114 0.116 0.15
0.38 0.41 0.39 0.38 0.368 0.332 0.366 0.314 0.34 0.32 0.36
0.39 0.396 0.356 0.372 0.408 0.366 0.348 0.366 0.378 0.364 0.334
0.364 0.384 0.39 0.398 0.456 0.484 0.504 0.504 0.522 0.49 0.504
0.402 0.402 0.36 0.33 0.236 0.212 0.166 0.078 0.062 0.036 0.024
0.12 0.134 0.128 0.122 0.094 0.108 0.086 0.106 0.068 0.048 0.028
0.458 0.446 0.464 0.398 0.34 0.326 0.364 0.35 0.414 0.386 0.348
0.218 0.176 0.192 0.18 0.188 0.162 0.176 0.152 0.118 0.118 0.154
0.302 0.374 0.354 0.348 0.346 0.286 0.264 0.232 0.22 0.152 0.172
0.03 0.022 0.024 0.028 0.022 0.006 0.016 0.01 0.01 0.006 0
0.558 0.548 0.516 0.506 0.484 0.488 0.484 0.49 0.452 0.448 0.508
0.374 0.376 0.46 0.468 0.504 0.446 0.492 0.54 0.5 0.52 0.502
0.322 0.312 0.304 0.264 0.258 0.184 0.208 0.134 0.132 0.102 0.066
0.3 0.328 0.358 0.418 0.522 0.586 0.658 0.696 0.702 0.748 0.796
0.27 0.272 0.262 0.232 0.206 0.178 0.158 0.13 0.088 0.072 0.052
0.52 0.542 0.516 0.47 0.5 0.534 0.518 0.542 0.564 0.614 0.52
0.216 0.226 0.258 0.23 0.268 0.268 0.286 0.252 0.318 0.318 0.28
0.142 0.126 0.106 0.092 0.09 0.064 0.038 0.052 0.04 0.038 0.03
0.494 0.566 0.564 0.598 0.618 0.63 0.682 0.69 0.664 0.648 0.68
0.196 0.224 0.224 0.256 0.312 0.408 0.454 0.506 0.496 0.504 0.572
0.444 0.508 0.456 0.44 0.432 0.392 0.374 0.292 0.212 0.182 0.156
0.634 0.622 0.606 0.566 0.532 0.46 0.486 0.464 0.476 0.468 0.512
0.38 0.376 0.302 0.268 0.234 0.214 0.198 0.168 0.104 0.078 0.072
0.18 0.234 0.312 0.37 0.45 0.53 0.586 0.596 0.674 0.69 0.706
0.304 0.33 0.348 0.362 0.358 0.398 0.348 0.328 0.294 0.298 0.248
0.432 0.458 0.448 0.41 0.414 0.376 0.368 0.312 0.288 0.28 0.286
0.166 0.18 0.196 0.192 0.182 0.188 0.196 0.176 0.2 0.22 0.184
0.042 0.036 0.048 0.04 0.038 0.042 0.042 0.056 0.054 0.046 0.042
0.422 0.426 0.48 0.496 0.494 0.528 0.576 0.564 0.566 0.552 0.53
0.324 0.352 0.344 0.378 0.406 0.478 0.512 0.49 0.53 0.498 0.526
0.212 0.166 0.206 0.166 0.156 0.146 0.16 0.148 0.136 0.126 0.12
0.314 0.372 0.25 0.216 0.154 0.1 0.098 0.082 0.09 0.076 0.056
0.576 0.536 0.544 0.494 0.55 0.54 0.582 0.558 0.56 0.54 0.586
0.152 0.172 0.156 0.124 0.108 0.128 0.122 0.06 0.056 0.048 0.038
0.098 0.114 0.096 0.074 0.098 0.096 0.11 0.114 0.11 0.148 0.166
0.026 0.044 0.046 0.04 0.036 0.044 0.058 0.058 0.064 0.078 0.05
0.21 0.2 0.222 0.186 0.208 0.142 0.132 0.084 0.094 0.064 0.052
0.256 0.252 0.298 0.238 0.21 0.238 0.202 0.18 0.158 0.192 0.162
0.014 0.012 0.006 0.006 0.012 0.012 0.006 0.002 0.004 0 0.002
0.016 0.012 0.03 0.02 0.022 0.014 0.018 0.026 0.03 0.036 0.04
0.076 0.08 0.094 0.07 0.082 0.096 0.086 0.094 0.078 0.06 0.092
0.148 0.162 0.168 0.176 0.174 0.194 0.19 0.202 0.232 0.224 0.264
0.052 0.052 0.056 0.032 0.046 0.036 0.044 0.054 0.044 0.026 0.052
0.486 0.558 0.562 0.63 0.678 0.69 0.728 0.768 0.756 0.716 0.772
0.25 0.352 0.344 0.412 0.422 0.496 0.552 0.538 0.608 0.626 0.616
0.492 0.456 0.482 0.438 0.446 0.476 0.482 0.534 0.52 0.554 0.558
0.138 0.178 0.202 0.274 0.344 0.43 0.486 0.56 0.59 0.592 0.636
0.454 0.474 0.45 0.604 0.532 0.544 0.508 0.498 0.484 0.416 0.34
0.19 0.226 0.262 0.32 0.38 0.474 0.48 0.554 0.554 0.57 0.56
0.268 0.22 0.172 0.142 0.104 0.072 0.062 0.06 0.046 0.066 0.094
0.016 0.016 0.028 0.018 0.02 0.018 0.018 0.01 0.028 0.022 0.028
0.586 0.598 0.608 0.584 0.61 0.632 0.628 0.566 0.62 0.612 0.57
0.064 0.042 0.072 0.074 0.056 0.074 0.1 0.066 0.08 0.062 0.06
0.444 0.502 0.46 0.47 0.476 0.536 0.514 0.56 0.528 0.564 0.53
0.016 0.018 0.012 0.008 0.01 0.008 0.006 0.002 0.004 0.006 0.004
0.28 0.248 0.292 0.298 0.3 0.306 0.292 0.296 0.316 0.34 0.278
0.148 0.148 0.162 0.166 0.162 0.146 0.158 0.118 0.086 0.076 0.084
0.342 0.346 0.326 0.306 0.334 0.322 0.396 0.376 0.4 0.402 0.396
0.38 0.494 0.502 0.56 0.546 0.596 0.588 0.546 0.576 0.5 0.48
0.056 0.062 0.05 0.072 0.064 0.066 0.066 0.08 0.062 0.044 0.062
0.58 0.54 0.58 0.542 0.552 0.506 0.512 0.508 0.528 0.504 0.488
0.32 0.276 0.268 0.206 0.23 0.236 0.19 0.178 0.188 0.134 0.142
0.026 0.022 0.024 0.044 0.024 0.022 0.014 0.026 0.022 0.024 0.02
0.086 0.082 0.092 0.094 0.09 0.07 0.074 0.05 0.054 0.044 0.064
0.038 0.024 0.034 0.03 0.016 0.014 0.006 0.016 0.01 0.016 0.018
0.31 0.266 0.21 0.174 0.158 0.12 0.074 0.094 0.062 0.04 0.06
0.402 0.406 0.382 0.338 0.344 0.288 0.29 0.252 0.238 0.196 0.132
0.78 0.744 0.664 0.57 0.546 0.454 0.42 0.344 0.278 0.216 0.16
0.18 0.186 0.19 0.214 0.178 0.198 0.21 0.178 0.204 0.198 0.162
0.208 0.184 0.096 0.092 0.084 0.096 0.066 0.056 0.05 0.034 0.054
0.34 0.304 0.33 0.31 0.248 0.17 0.198 0.122 0.066 0.078 0.046
0.14 0.188 0.116 0.16 0.15 0.156 0.166 0.176 0.212 0.188 0.198
0.212 0.216 0.222 0.278 0.32 0.348 0.352 0.416 0.396 0.352 0.384
0.058 0.026 0.04 0.03 0.042 0.022 0.016 0.014 0.01 0.008 0.006
0.058 0.076 0.078 0.066 0.072 0.114 0.112 0.11 0.1 0.116 0.122
0.76 0.722 0.662 0.61 0.628 0.528 0.498 0.502 0.408 0.398 0.398
0.434 0.416 0.508 0.544 0.608 0.622 0.674 0.728 0.684 0.76 0.732
0.124 0.128 0.124 0.112 0.134 0.134 0.124 0.152 0.176 0.148 0.158
0.464 0.45 0.454 0.43 0.414 0.41 0.396 0.406 0.364 0.388 0.32
0.112 0.144 0.138 0.134 0.134 0.11 0.094 0.078 0.068 0.09 0.076
0.018 0.008 0.012 0.012 0.01 0.012 0.006 0.014 0.024 0.046 0.042
0.378 0.374 0.354 0.318 0.266 0.216 0.19 0.158 0.122 0.068 0.04
0.306 0.354 0.38 0.4 0.434 0.438 0.41 0.414 0.428 0.42 0.434
0.422 0.382 0.39 0.332 0.308 0.276 0.214 0.246 0.252 0.218 0.232
0.158 0.12 0.1 0.116 0.106 0.102 0.1 0.104 0.074 0.07 0.038
0.554 0.554 0.52 0.522 0.53 0.466 0.472 0.466 0.436 0.412 0.438
0.03 0.022 0.014 0.014 0.026 0.012 0.008 0.012 0.014 0.018 0.002
0.428 0.368 0.318 0.292 0.29 0.256 0.296 0.318 0.314 0.342 0.354
0.096 0.084 0.114 0.11 0.098 0.14 0.12 0.108 0.16 0.18 0.23
0.382 0.386 0.326 0.356 0.352 0.398 0.356 0.392 0.366 0.37 0.368
0.068 0.06 0.05 0.06 0.052 0.056 0.098 0.088 0.088 0.13 0.128
0.404 0.4 0.384 0.38 0.338 0.268 0.25 0.228 0.172 0.154 0.154
0.036 0.052 0.044 0.042 0.034 0.046 0.046 0.05 0.042 0.072 0.088
0.244 0.24 0.24 0.252 0.214 0.182 0.152 0.1 0.118 0.082 0.052
0.426 0.456 0.45 0.432 0.452 0.468 0.482 0.434 0.452 0.438 0.4
0.396 0.336 0.34 0.288 0.286 0.276 0.202 0.176 0.142 0.118 0.084
0.056 0.054 0.064 0.088 0.106 0.092 0.1 0.12 0.1 0.134 0.11
0.534 0.52 0.512 0.5 0.46 0.474 0.472 0.49 0.5 0.482 0.556
0.364 0.368 0.304 0.328 0.282 0.268 0.272 0.264 0.248 0.274 0.258
0.554 0.538 0.556 0.518 0.522 0.5 0.486 0.482 0.444 0.438 0.464
0.504 0.468 0.43 0.362 0.322 0.312 0.218 0.218 0.206 0.156 0.196
0.138 0.108 0.12 0.1 0.142 0.134 0.194 0.2 0.18 0.188 0.194
0.368 0.314 0.302 0.286 0.268 0.264 0.244 0.222 0.212 0.206 0.186
0.03 0.04 0.03 0.024 0.018 0.034 0.022 0.046 0.054 0.056 0.09
0.65 0.662 0.612 0.63 0.554 0.54 0.506 0.492 0.536 0.528 0.564
0.042 0.036 0.038 0.032 0.052 0.05 0.07 0.052 0.09 0.08 0.09
0.014 0.022 0.016 0.012 0.014 0.008 0.006 0.002 0.004 0.004 0.006
0.102 0.116 0.13 0.142 0.126 0.122 0.11 0.09 0.074 0.052 0.032
0.636 0.588 0.554 0.478 0.444 0.352 0.264 0.212 0.128 0.126 0.076
0.318 0.324 0.37 0.358 0.372 0.46 0.458 0.512 0.49 0.488 0.546
0.576 0.572 0.58 0.558 0.598 0.59 0.59 0.62 0.564 0.528 0.486
0.168 0.188 0.214 0.19 0.172 0.174 0.168 0.152 0.162 0.156 0.154
0.032 0.03 0.038 0.034 0.024 0.026 0.052 0.036 0.032 0.036 0.042
0.31 0.352 0.334 0.354 0.386 0.412 0.458 0.446 0.428 0.478 0.51
0.208 0.214 0.174 0.168 0.158 0.13 0.082 0.064 0.046 0.044 0.018
0.512 0.502 0.498 0.434 0.442 0.438 0.416 0.414 0.424 0.404 0.442
0.116 0.112 0.098 0.124 0.092 0.106 0.07 0.09 0.074 0.098 0.128
0.56 0.558 0.564 0.464 0.382 0.338 0.334 0.19 0.176 0.138 0.096
0.614 0.604 0.6 0.53 0.474 0.486 0.444 0.404 0.43 0.312 0.344
0.194 0.158 0.176 0.164 0.178 0.192 0.188 0.17 0.224 0.174 0.208
0.3 0.308 0.268 0.262 0.236 0.238 0.212 0.252 0.16 0.152 0.162
0.538 0.554 0.572 0.536 0.548 0.528 0.44 0.432 0.432 0.412 0.4
0.258 0.274 0.24 0.334 0.326 0.346 0.37 0.388 0.388 0.416 0.424
0.202 0.21 0.172 0.188 0.154 0.122 0.126 0.076 0.09 0.046 0.042
0.358 0.364 0.356 0.386 0.414 0.47 0.462 0.472 0.464 0.482 0.472
0.026 0.034 0.048 0.052 0.062 0.076 0.106 0.11 0.112 0.144 0.134
0.398 0.384 0.374 0.342 0.368 0.236 0.264 0.282 0.266 0.268 0.248
0.23 0.202 0.242 0.22 0.228 0.212 0.222 0.24 0.176 0.206 0.218
0.182 0.18 0.168 0.182 0.19 0.17 0.17 0.176 0.17 0.184 0.224
0.078 0.052 0.066 0.072 0.084 0.08 0.112 0.096 0.104 0.122 0.146
0.474 0.454 0.408 0.36 0.338 0.29 0.288 0.234 0.22 0.218 0.178
0.45 0.394 0.374 0.4 0.344 0.278 0.29 0.296 0.19 0.206 0.17
0.322 0.298 0.27 0.216 0.198 0.186 0.202 0.17 0.114 0.156 0.156
0.052 0.098 0.09 0.098 0.13 0.132 0.15 0.208 0.234 0.286 0.286
0.182 0.136 0.154 0.136 0.14 0.172 0.152 0.124 0.15 0.086 0.074
0.092 0.07 0.07 0.066 0.052 0.046 0.056 0.076 0.048 0.052 0.036
0.068 0.042 0.052 0.038 0.044 0.054 0.054 0.072 0.096 0.134 0.148
