0.484 0.5 0.538 0.53 0.604 0.654 0.702 0.71 0.772 0.788 0.788
0.068 0.068 0.078 0.06 0.062 0.05 0.084 0.07 0.06 0.074 0.054
0.358 0.332 0.364 0.392 0.396 0.454 0.446 0.514 0.488 0.554 0.494
0.112 0.108 0.126 0.084 0.08 0.074 0.06 0.062 0.046 0.046 0.05
0.05 0.04 0.028 0.044 0.034 0.026 0.026 0.022 0.054 0.044 0.062
0.416 0.398 0.4 0.394 0.34 0.328 0.274 0.286 0.246 0.212 0.21
0.462 0.388 0.324 0.268 0.176 0.158 0.148 0.14 0.092 0.076 0.08
0.212 0.162 0.172 0.14 0.102 0.08 0.068 0.056 0.044 0.036 0.032
0.382 0.344 0.27 0.252 0.194 0.178 0.16 0.144 0.094 0.102 0.106
0.12 0.148 0.178 0.216 0.25 0.278 0.318 0.362 0.434 0.45 0.426
0.114 0.124 0.08 0.094 0.114 0.08 0.068 0.086 0.078 0.102 0.08
0.134 0.124 0.124 0.114 0.108 0.11 0.1 0.112 0.09 0.078 0.068
0.544 0.564 0.496 0.426 0.376 0.35 0.286 0.212 0.166 0.178 0.17
0.1 0.122 0.09 0.1 0.114 0.082 0.1 0.072 0.086 0.09 0.056
0.044 0.054 0.06 0.04 0.07 0.054 0.036 0.026 0.028 0.016 0.024
0.412 0.428 0.412 0.382 0.418 0.37 0.35 0.372 0.366 0.39 0.398
0.37 0.406 0.404 0.412 0.444 0.426 0.378 0.43 0.4 0.344 0.382
0.308 0.362 0.34 0.36 0.376 0.366 0.386 0.4 0.364 0.41 0.414
0.378 0.28 0.228 0.226 0.238 0.146 0.148 0.078 0.064 0.036 0.018
0.078 0.074 0.07 0.08 0.09 0.07 0.05 0.03 0.044 0.034 0.028
0.606 0.534 0.482 0.41 0.352 0.296 0.284 0.326 0.278 0.25 0.3
0.156 0.122 0.154 0.15 0.106 0.152 0.116 0.114 0.104 0.082 0.088
0.256 0.268 0.272 0.27 0.246 0.218 0.166 0.132 0.132 0.14 0.114
0.03 0.036 0.036 0.01 0.014 0.03 0.03 0.032 0.02 0.026 0.018
0.694 0.592 0.562 0.504 0.434 0.386 0.332 0.364 0.344 0.332 0.376
0.288 0.32 0.402 0.394 0.424 0.468 0.46 0.472 0.49 0.508 0.476
0.314 0.336 0.326 0.292 0.234 0.224 0.164 0.106 0.116 0.094 0.092
0.262 0.308 0.356 0.426 0.472 0.59 0.594 0.668 0.686 0.732 0.706
0.296 0.324 0.362 0.33 0.236 0.248 0.194 0.136 0.08 0.064 0.058
0.646 0.572 0.604 0.524 0.558 0.554 0.564 0.532 0.54 0.542 0.58
0.216 0.196 0.226 0.216 0.21 0.248 0.2 0.24 0.272 0.24 0.3
0.136 0.128 0.09 0.088 0.08 0.06 0.042 0.064 0.058 0.042 0.026
0.44 0.526 0.536 0.566 0.576 0.62 0.66 0.632 0.642 0.664 0.64
0.204 0.22 0.224 0.298 0.326 0.406 0.468 0.512 0.616 0.592 0.57
0.484 0.468 0.484 0.454 0.49 0.41 0.398 0.332 0.274 0.186 0.208
0.718 0.74 0.68 0.634 0.618 0.64 0.626 0.598 0.63 0.602 0.602
0.42 0.372 0.35 0.318 0.234 0.228 0.202 0.196 0.124 0.102 0.09
0.224 0.284 0.308 0.4 0.45 0.52 0.598 0.642 0.656 0.7 0.74
0.346 0.366 0.41 0.432 0.42 0.418 0.428 0.406 0.388 0.38 0.338
0.412 0.426 0.448 0.452 0.434 0.42 0.378 0.362 0.306 0.318 0.33
0.236 0.3 0.294 0.308 0.34 0.324 0.344 0.312 0.312 0.308 0.306
0.01 0.012 0.008 0.006 0.008 0.016 0.022 0.016 0.004 0.008 0.004
0.294 0.292 0.366 0.364 0.402 0.396 0.45 0.41 0.398 0.374 0.39
0.24 0.254 0.338 0.338 0.396 0.42 0.436 0.416 0.47 0.446 0.494
0.232 0.222 0.176 0.15 0.158 0.12 0.136 0.1 0.124 0.124 0.092
0.15 0.186 0.108 0.14 0.118 0.104 0.084 0.108 0.068 0.056 0.056
0.618 0.612 0.606 0.57 0.542 0.542 0.584 0.602 0.598 0.616 0.644
0.15 0.148 0.162 0.148 0.168 0.094 0.104 0.104 0.092 0.084 0.056
0.116 0.104 0.106 0.118 0.114 0.088 0.114 0.128 0.12 0.15 0.164
0.028 0.044 0.04 0.024 0.06 0.068 0.066 0.054 0.05 0.054 0.114
0.222 0.198 0.2 0.192 0.18 0.178 0.17 0.124 0.102 0.102 0.12
0.36 0.346 0.286 0.328 0.29 0.28 0.26 0.222 0.208 0.208 0.152
0.028 0.03 0.022 0.018 0.022 0.028 0.042 0.034 0.02 0.026 0.03
0.028 0.024 0.04 0.028 0.03 0.026 0.022 0.022 0.058 0.058 0.072
0.14 0.122 0.134 0.16 0.148 0.134 0.128 0.156 0.144 0.126 0.13
0.252 0.234 0.204 0.212 0.196 0.196 0.18 0.18 0.168 0.156 0.154
0.052 0.048 0.042 0.03 0.032 0.022 0.03 0.016 0.022 0.018 0.014
0.668 0.634 0.718 0.684 0.732 0.82 0.816 0.84 0.856 0.83 0.828
0.354 0.376 0.392 0.438 0.54 0.586 0.628 0.67 0.716 0.75 0.722
0.402 0.408 0.38 0.38 0.42 0.398 0.408 0.374 0.412 0.464 0.398
0.236 0.294 0.326 0.406 0.414 0.51 0.534 0.632 0.622 0.668 0.68
0.518 0.596 0.562 0.57 0.56 0.512 0.45 0.422 0.33 0.274 0.25
0.176 0.18 0.244 0.256 0.286 0.32 0.352 0.34 0.414 0.414 0.432
0.326 0.268 0.194 0.158 0.114 0.082 0.088 0.07 0.056 0.062 0.08
0.042 0.028 0.03 0.024 0.032 0.036 0.042 0.036 0.052 0.05 0.05
0.552 0.546 0.524 0.588 0.546 0.59 0.594 0.584 0.576 0.578 0.538
0.026 0.026 0.032 0.024 0.048 0.034 0.042 0.034 0.052 0.052 0.042
0.486 0.458 0.532 0.502 0.52 0.546 0.564 0.604 0.658 0.622 0.574
0.382 0.38 0.32 0.322 0.3 0.272 0.26 0.27 0.288 0.268 0.26
0.314 0.332 0.322 0.326 0.304 0.378 0.368 0.388 0.382 0.28 0.344
0.182 0.172 0.166 0.172 0.154 0.14 0.162 0.13 0.13 0.128 0.116
0.366 0.37 0.352 0.384 0.382 0.42 0.39 0.42 0.492 0.49 0.516
0.41 0.42 0.448 0.456 0.498 0.508 0.514 0.45 0.454 0.33 0.31
0.046 0.04 0.052 0.05 0.06 0.042 0.046 0.062 0.05 0.032 0.042
0.468 0.428 0.372 0.364 0.342 0.336 0.292 0.308 0.238 0.298 0.294
0.262 0.268 0.214 0.248 0.208 0.178 0.148 0.114 0.098 0.07 0.062
0.02 0.032 0.024 0.036 0.034 0.032 0.028 0.02 0.018 0.028 0.022
0.096 0.136 0.158 0.124 0.092 0.108 0.09 0.072 0.092 0.064 0.084
0.028 0.036 0.042 0.044 0.03 0.034 0.03 0.02 0.026 0.024 0.018
0.288 0.272 0.226 0.182 0.164 0.106 0.096 0.078 0.062 0.044 0.036
0.404 0.418 0.414 0.354 0.39 0.34 0.292 0.304 0.208 0.2 0.146
0.818 0.742 0.716 0.622 0.516 0.406 0.352 0.28 0.23 0.152 0.152
0.14 0.132 0.142 0.106 0.104 0.11 0.114 0.092 0.098 0.072 0.066
0.22 0.186 0.138 0.106 0.09 0.084 0.064 0.07 0.062 0.036 0.036
0.312 0.314 0.304 0.292 0.264 0.196 0.154 0.138 0.108 0.048 0.056
0.038 0.038 0.054 0.042 0.06 0.066 0.066 0.05 0.086 0.074 0.1
0.298 0.254 0.352 0.366 0.36 0.404 0.424 0.452 0.438 0.41 0.384
0.042 0.046 0.028 0.028 0.02 0.024 0.026 0.012 0.012 0.008 0.002
0.068 0.07 0.084 0.062 0.102 0.09 0.126 0.146 0.15 0.164 0.18
0.732 0.67 0.63 0.588 0.568 0.496 0.544 0.472 0.442 0.404 0.356
0.374 0.414 0.454 0.46 0.544 0.554 0.618 0.682 0.682 0.688 0.722
0.102 0.106 0.126 0.138 0.108 0.13 0.164 0.142 0.132 0.102 0.122
0.486 0.48 0.464 0.478 0.486 0.458 0.444 0.488 0.482 0.49 0.506
0.104 0.1 0.132 0.098 0.132 0.114 0.118 0.088 0.09 0.082 0.094
0.026 0.032 0.026 0.036 0.038 0.058 0.042 0.05 0.064 0.096 0.086
0.272 0.302 0.28 0.242 0.21 0.228 0.16 0.104 0.086 0.064 0.046
0.36 0.392 0.392 0.452 0.43 0.402 0.42 0.382 0.398 0.364 0.332
0.402 0.368 0.386 0.388 0.332 0.318 0.266 0.244 0.258 0.24 0.214
0.12 0.116 0.11 0.118 0.092 0.09 0.068 0.096 0.062 0.06 0.048
0.56 0.56 0.54 0.454 0.45 0.448 0.376 0.374 0.322 0.392 0.332
0.026 0.026 0.022 0.02 0.034 0.024 0.01 0.016 0.028 0.004 0.01
0.472 0.384 0.374 0.31 0.316 0.372 0.386 0.388 0.424 0.444 0.404
0.104 0.09 0.088 0.096 0.112 0.11 0.132 0.152 0.19 0.222 0.272
0.296 0.29 0.338 0.286 0.316 0.288 0.27 0.254 0.288 0.258 0.264
0.014 0.018 0.014 0.016 0.01 0.006 0 0.016 0.012 0.01 0.012
0.41 0.37 0.428 0.402 0.37 0.306 0.292 0.28 0.24 0.19 0.18
0.036 0.034 0.028 0.036 0.038 0.04 0.04 0.052 0.052 0.07 0.09
0.27 0.3 0.254 0.224 0.22 0.164 0.142 0.134 0.118 0.1 0.09
0.428 0.402 0.432 0.442 0.446 0.484 0.446 0.468 0.426 0.438 0.424
0.242 0.216 0.236 0.226 0.18 0.152 0.122 0.112 0.06 0.09 0.048
0.08 0.11 0.078 0.106 0.104 0.112 0.136 0.146 0.124 0.144 0.134
0.51 0.516 0.472 0.45 0.468 0.474 0.444 0.47 0.502 0.516 0.52
0.33 0.304 0.264 0.284 0.214 0.172 0.174 0.164 0.172 0.152 0.18
0.588 0.608 0.598 0.636 0.562 0.586 0.552 0.55 0.558 0.528 0.528
0.524 0.49 0.426 0.386 0.346 0.326 0.334 0.268 0.256 0.214 0.242
0.178 0.166 0.154 0.184 0.2 0.192 0.158 0.13 0.132 0.15 0.17
0.27 0.272 0.266 0.278 0.248 0.218 0.23 0.202 0.246 0.212 0.206
0.014 0.018 0.014 0.01 0.018 0.008 0.014 0.014 0.028 0.038 0.068
0.642 0.602 0.594 0.6 0.584 0.564 0.54 0.502 0.564 0.578 0.53
0.038 0.03 0.044 0.042 0.078 0.068 0.052 0.054 0.056 0.088 0.078
0.024 0.008 0.012 0.01 0.008 0.006 0.002 0.01 0.006 0 0
0.132 0.112 0.104 0.128 0.116 0.116 0.102 0.078 0.068 0.084 0.044
0.602 0.52 0.566 0.46 0.444 0.358 0.288 0.21 0.194 0.138 0.086
0.582 0.624 0.616 0.632 0.642 0.674 0.696 0.702 0.72 0.716 0.698
0.614 0.572 0.57 0.564 0.618 0.544 0.586 0.544 0.522 0.53 0.474
0.122 0.116 0.158 0.12 0.098 0.114 0.108 0.114 0.15 0.134 0.158
0.024 0.04 0.04 0.024 0.034 0.032 0.034 0.038 0.034 0.032 0.022
0.314 0.34 0.346 0.342 0.35 0.336 0.396 0.412 0.484 0.468 0.482
0.298 0.292 0.254 0.282 0.234 0.196 0.164 0.106 0.074 0.05 0.026
0.518 0.548 0.5 0.454 0.438 0.432 0.4 0.394 0.418 0.444 0.416
0.114 0.082 0.086 0.084 0.08 0.116 0.078 0.066 0.072 0.076 0.108
0.756 0.67 0.608 0.586 0.47 0.36 0.284 0.23 0.214 0.114 0.126
0.696 0.626 0.61 0.638 0.618 0.59 0.576 0.534 0.53 0.516 0.476
0.198 0.236 0.236 0.264 0.226 0.266 0.224 0.24 0.222 0.216 0.246
0.318 0.312 0.306 0.272 0.262 0.228 0.206 0.246 0.17 0.156 0.14
0.55 0.496 0.554 0.54 0.48 0.434 0.346 0.388 0.314 0.312 0.26
0.282 0.334 0.356 0.38 0.376 0.376 0.326 0.31 0.294 0.312 0.244
0.258 0.218 0.23 0.216 0.166 0.116 0.106 0.064 0.05 0.042 0.026
0.298 0.31 0.346 0.356 0.384 0.4 0.434 0.464 0.466 0.448 0.464
0.042 0.048 0.052 0.066 0.11 0.074 0.076 0.062 0.058 0.084 0.098
0.622 0.542 0.482 0.426 0.398 0.336 0.32 0.332 0.326 0.308 0.312
0.18 0.198 0.18 0.202 0.204 0.246 0.268 0.268 0.268 0.266 0.28
0.164 0.126 0.188 0.154 0.18 0.18 0.164 0.178 0.174 0.224 0.216
0.028 0.05 0.036 0.054 0.07 0.054 0.062 0.078 0.044 0.08 0.128
0.478 0.444 0.448 0.362 0.292 0.34 0.3 0.276 0.242 0.21 0.212
0.408 0.426 0.372 0.368 0.338 0.32 0.284 0.244 0.184 0.178 0.118
0.326 0.314 0.282 0.226 0.254 0.208 0.164 0.178 0.152 0.174 0.172
0.076 0.09 0.076 0.114 0.128 0.174 0.218 0.296 0.282 0.334 0.318
0.126 0.146 0.132 0.118 0.098 0.118 0.108 0.102 0.1 0.074 0.064
0.11 0.096 0.076 0.056 0.052 0.064 0.038 0.03 0.024 0.03 0.022
0.074 0.074 0.064 0.056 0.066 0.058 0.094 0.094 0.122 0.118 0.162
