0.3953488 0.4341085 0.4418605 0.4573643 0.4108527 0.3643411 0.2868217 0.2325581 0.2093023 0.248062 0.1782946
0.7596899 0.8372093 0.7674419 0.7829457 0.7829457 0.7364341 0.7364341 0.751938 0.8449612 0.8217054 0.8449612
0.4609929 0.4680851 0.4609929 0.4822695 0.4255319 0.3617021 0.3617021 0.3758865 0.3687943 0.3546099 0.3617021
0.7751938 0.7751938 0.7906977 0.8527132 0.875969 0.9147287 0.9069767 0.9457364 0.9147287 0.9147287 0.8139535
0.942446 0.9640288 0.8992806 0.942446 0.9928058 0.9496403 0.9352518 0.9280576 0.8776978 0.676259 0.618705
0.3138686 0.3211679 0.3138686 0.3065693 0.3138686 0.3649635 0.2773723 0.3357664 0.3138686 0.2846715 0.3065693
0.6641221 0.6259542 0.6183206 0.7022901 0.7099237 0.7633588 0.778626 0.8167939 0.8244275 0.9541985 0.9389313
0.620438 0.5109489 0.6058394 0.5839416 0.6423358 0.6788321 0.7664234 0.7737226 0.8321168 0.8613139 0.9051095
0.3884892 0.2733813 0.3453237 0.4244604 0.4604317 0.5251799 0.5395683 0.5467626 0.5323741 0.5827338 0.5251799
0.5390071 0.6312057 0.5531915 0.5177305 0.5390071 0.4468085 0.3829787 0.3546099 0.3120567 0.3333333 0.3120567
0.8175182 0.8321168 0.8175182 0.890511 0.8540146 0.7956204 0.7518248 0.8248175 0.839416 0.7664234 0.7372263
0.7099237 0.6564885 0.7099237 0.7099237 0.7099237 0.740458 0.7175573 0.7251908 0.7557252 0.7022901 0.7022901
0.2537313 0.1194030 0.1940299 0.2313433 0.3656716 0.380597 0.4552239 0.4701493 0.5 0.5373134 0.5223881
0.5373134 0.5298507 0.5970149 0.6492537 0.5820896 0.6268657 0.5149254 0.5746269 0.5970149 0.5820896 0.6567164
0.7328244 0.740458 0.7099237 0.6946565 0.7099237 0.7099237 0.6717557 0.610687 0.6030534 0.5496183 0.519084
0.3875969 0.4031008 0.4263566 0.4263566 0.4108527 0.4496124 0.4728682 0.4418605 0.4496124 0.4031008 0.4418605
0.2671756 0.3587786 0.3511450 0.2671756 0.2366412 0.2977099 0.3129771 0.2824427 0.2977099 0.2824427 0.2671756
0.09302326 0.1860465 0.124031 0.1162791 0.1162791 0.08527132 0.06976744 0.05426357 0.06976744 0.06976744 0.07751938
0.3511450 0.3511450 0.3358779 0.3587786 0.4503817 0.4732824 0.5725191 0.6335878 0.6946565 0.7022901 0.8015267
0.7737226 0.7591241 0.8467153 0.8467153 0.8467153 0.890511 0.8175182 0.7737226 0.890511 0.890511 0.8686131
0.381295 0.3453237 0.3669065 0.4244604 0.4892086 0.4460432 0.381295 0.3956835 0.2877698 0.2733813 0.294964
0.6258993 0.6258993 0.6330935 0.6258993 0.618705 0.6618705 0.6043165 0.6043165 0.5755396 0.6690647 0.5539568
0.4671533 0.4671533 0.3868613 0.4379562 0.4671533 0.4379562 0.4452555 0.4817518 0.5036496 0.4744526 0.4963504
0.970803 0.9781022 0.9854015 0.9781022 0.9927007 0.970803 0.9781022 0.9562044 0.9270073 0.9489051 0.9416058
0.1940299 0.08208955 0.06716418 0.07462687 0.2164179 0.2164179 0.2835821 0.2537313 0.2985075 0.2238806 0.2164179
0.3597122 0.4244604 0.3597122 0.3381295 0.2589928 0.1870504 0.1582734 0.1510791 0.1079137 0.1079137 0.1294964
0.3309353 0.3381295 0.3093525 0.3309353 0.4604317 0.4604317 0.4892086 0.5251799 0.5323741 0.5971223 0.6043165
0.3602941 0.5073529 0.5073529 0.3382353 0.1691176 0.0882353 0.0882353 0.04411765 0.02205882 0.04411765 0.02205882
0.4045802 0.3969466 0.3282443 0.4045802 0.3816794 0.4580153 0.519084 0.6335878 0.6183206 0.6870229 0.7251908
0.1627907 0.1860465 0.1937984 0.1317829 0.1550388 0.1627907 0.124031 0.1395349 0.1395349 0.1162791 0.124031
0.4186047 0.4573643 0.4418605 0.5503876 0.4651163 0.4496124 0.4108527 0.3953488 0.3488372 0.3023256 0.2868217
0.6861314 0.6423358 0.6861314 0.6934307 0.6934307 0.7956204 0.7664234 0.7737226 0.8248175 0.8686131 0.8321168
0.02158273 0.07913669 0.04316547 0.007194245 0.01438849 0.02158273 0.02877698 0.03597122 0.0647482 0.03597122 0.04316547
0.5109489 0.5839416 0.5547445 0.5474453 0.4671533 0.3576642 0.2189781 0.1897810 0.1459854 0.09489051 0.09489051
0.2661871 0.2517986 0.2805755 0.2805755 0.3021583 0.294964 0.352518 0.4244604 0.4748201 0.618705 0.6258993
0.2537313 0.1567164 0.2761194 0.2313433 0.3582090 0.2910448 0.3358209 0.3283582 0.3134328 0.2761194 0.2910448
0.4580153 0.4122137 0.4274809 0.4656489 0.4580153 0.480916 0.519084 0.5496183 0.5038168 0.6183206 0.5801527
0.4044118 0.5367647 0.5220588 0.4117647 0.2132353 0.08088235 0.04411765 0.02941176 0.02941176 0.02205882 0.02941176
0.2335766 0.3795620 0.2481752 0.2262774 0.2189781 0.1532847 0.1751825 0.2335766 0.2627737 0.2846715 0.2846715
0.2627737 0.2554745 0.2043796 0.2189781 0.2481752 0.3065693 0.3211679 0.3868613 0.4160584 0.3941606 0.3868613
0.5693431 0.5912409 0.5109489 0.5109489 0.5547445 0.5255474 0.4744526 0.4671533 0.4306569 0.4306569 0.4452555
0.868217 0.7674419 0.7596899 0.7906977 0.7364341 0.8062016 0.7829457 0.7751938 0.7054264 0.8372093 0.7054264
0.2635659 0.3255814 0.2325581 0.2558140 0.1395349 0.06976744 0.06976744 0.05426357 0.0620155 0.06976744 0.06976744
0.3597122 0.4172662 0.3956835 0.2805755 0.3381295 0.2158273 0.1582734 0.2014388 0.1079137 0.1294964 0.1294964
0.6544118 0.6029412 0.617647 0.6911765 0.6617647 0.632353 0.625 0.6838235 0.6397059 0.617647 0.6470588
0.5673759 0.5106383 0.5531915 0.5602837 0.6099291 0.6382979 0.5673759 0.6382979 0.6312057 0.6666667 0.6453901
0.03676471 0.06617647 0.05147059 0.05882353 0.05147059 0.04411765 0.03676471 0.02941176 0.02205882 0.03676471 0.02941176
0.7596899 0.6744186 0.7131783 0.7054264 0.7131783 0.751938 0.7596899 0.7829457 0.7674419 0.875969 0.6744186
0.8235294 0.8014706 0.7794118 0.7941176 0.8014706 0.7720588 0.7058824 0.6838235 0.5955882 0.5441176 0.5073529
0.8294574 0.7984496 0.9224806 0.868217 0.8914729 0.868217 0.7674419 0.9069767 0.6899225 0.7054264 0.7674419
0.3161765 0.2867647 0.2720588 0.3382353 0.3897059 0.4338235 0.4705882 0.4852941 0.5220588 0.5808824 0.6470588
0.4233577 0.3941606 0.3649635 0.3576642 0.4306569 0.4525547 0.4452555 0.5474453 0.5474453 0.5036496 0.6131387
0.8897059 0.8897059 0.9264706 0.8970588 0.875 0.9338235 0.9264706 0.9485294 0.9191176 0.9558824 0.9485294
0.9496403 0.971223 0.9064748 0.9568345 0.9640288 0.9496403 0.9352518 0.9064748 0.7985612 0.7553957 0.7194245
0.7596899 0.7751938 0.8449612 0.7829457 0.7209302 0.8217054 0.744186 0.7364341 0.8217054 0.6434109 0.7209302
0.6666667 0.5968992 0.620155 0.6356589 0.5813953 0.5658915 0.5581395 0.5426357 0.4728682 0.4651163 0.4186047
0.942446 0.8561151 0.8992806 0.913669 0.9208633 0.9280576 0.9280576 0.913669 0.9208633 0.9280576 0.76259
0.00729927 0.04379562 0.06569343 0.02189781 0.00729927 0 0.01459854 0.00729927 0.00729927 0.00729927 0.01459854
0.2554745 0.2846715 0.2773723 0.1751825 0.2043796 0.02919708 0.05109489 0.04379562 0.02919708 0.04379562 0.02189781
0.05882353 0.01470588 0.02941176 0.01470588 0.03676471 0.05882353 0.06617647 0.07352941 0.06617647 0.05882353 0.06617647
0.4732824 0.5801527 0.5725191 0.4427481 0.3587786 0.259542 0.1755725 0.07633588 0.09923664 0.05343511 0.05343511
0.1343284 0.2089552 0.1641791 0.1119403 0.1492537 0.2014925 0.1940299 0.3059701 0.3656716 0.3955224 0.4029851
0.3798450 0.4728682 0.4263566 0.372093 0.1705426 0.1085271 0.09302326 0.06976744 0.0620155 0.08527132 0.06976744
0.632353 0.5073529 0.5808824 0.5955882 0.7205882 0.7205882 0.8602941 0.7132353 0.7058824 0.6985294 0.6029412
0.9069767 0.868217 0.9224806 0.9302326 0.9302326 0.9379845 0.9379845 0.9457364 0.875969 0.9844961 0.8914729
0.02877698 0.07194245 0.04316547 0.02877698 0.02877698 0.02158273 0.02877698 0.04316547 0.02877698 0.07913669 0.05035971
0.8467153 0.9051095 0.9416058 0.890511 0.8540146 0.810219 0.7883212 0.7445255 0.7518248 0.7518248 0.8029197
0.1205674 0.1843972 0.1276596 0.06382979 0.09929078 0.07801418 0.1063830 0.09929078 0.1276596 0.1347518 0.1134752
0.4328358 0.5 0.3880597 0.4104478 0.4029851 0.4029851 0.4179104 0.3432836 0.4179104 0.3358209 0.3432836
0.496124 0.6046512 0.6046512 0.5813953 0.4806202 0.4186047 0.4186047 0.3488372 0.2713178 0.3333333 0.2945736
0.5661765 0.5588235 0.5367647 0.4926471 0.5294118 0.5220588 0.4852941 0.4411765 0.3970588 0.3970588 0.3897059
0.5348837 0.5193798 0.4806202 0.5503876 0.5193798 0.4728682 0.4728682 0.4341085 0.4031008 0.3798450 0.2868217
0.1984733 0.2977099 0.1908397 0.1679389 0.1679389 0.1679389 0.1603053 0.2442748 0.2442748 0.3129771 0.3740458
0.8705036 0.8776978 0.884892 0.8992806 0.8417266 0.8273381 0.7985612 0.913669 0.8776978 0.8992806 0.7985612
0.1641791 0.09701493 0.1567164 0.2089552 0.1343284 0.1567164 0.1791045 0.2014925 0.1791045 0.1716418 0.2089552
0.4191176 0.4117647 0.4191176 0.4117647 0.4264706 0.5220588 0.4852941 0.4852941 0.5 0.5294118 0.6029412
0.9302326 0.9147287 0.9457364 0.875969 0.9457364 0.9767442 0.9147287 0.9457364 0.9302326 0.9689922 0.9379845
0.8308824 0.8308824 0.8602941 0.8382353 0.8455882 0.9338235 0.8308824 0.9044118 0.8455882 0.8602941 0.8970588
0.9208633 0.9064748 0.9280576 0.9784173 0.9640288 0.9568345 0.942446 0.9640288 0.9856115 0.9784173 0.9784173
0.6258993 0.5251799 0.5683453 0.5971223 0.5971223 0.618705 0.6402878 0.8201439 0.8129496 0.8273381 0.8417266
0.2537313 0.2313433 0.3059701 0.3134328 0.2611940 0.3283582 0.3283582 0.3432836 0.3582090 0.4552239 0.4477612
0.04411765 0.02205882 0.03676471 0.07352941 0.2058824 0.3014706 0.4191176 0.4926471 0.5661765 0.7132353 0.6838235
0.6397059 0.6764706 0.6544118 0.6838235 0.625 0.5808824 0.6617647 0.632353 0.5661765 0.632353 0.6029412
0.6691176 0.5808824 0.6397059 0.7058824 0.7205882 0.7279412 0.7867647 0.875 0.8014706 0.8602941 0.9411765
0.4172662 0.4388489 0.4028777 0.4100719 0.4748201 0.5539568 0.5611511 0.5323741 0.6258993 0.7266187 0.7769784
0.6412214 0.6793893 0.6564885 0.6335878 0.6412214 0.6717557 0.5572519 0.4961832 0.4732824 0.4503817 0.4198473
0.4198473 0.4274809 0.4198473 0.3282443 0.2366412 0.259542 0.1832061 0.2061069 0.1984733 0.1984733 0.1908397
0.919708 0.8686131 0.8686131 0.890511 0.970803 0.9562044 0.9416058 0.9270073 0.9343066 0.9489051 0.9416058
0.7943262 0.858156 0.8368794 0.8652482 0.8297872 0.6950355 0.6666667 0.6170213 0.5815603 0.5319149 0.5319149
0 0 0.007633588 0.01526718 0.04580153 0.08396947 0.1374046 0.2061069 0.2748092 0.2366412 0.2977099
0.2132353 0.3014706 0.1985294 0.1617647 0.05882353 0.02205882 0.03676471 0.03676471 0.02941176 0.02205882 0.02941176
0.7080292 0.7664234 0.7591241 0.7080292 0.6715328 0.7007299 0.6423358 0.5985401 0.5182482 0.5036496 0.5620438
0.2238806 0.1119403 0.08208955 0.1791045 0.2388060 0.1791045 0.2761194 0.2611940 0.2462687 0.2985075 0.3059701
0.7022901 0.6564885 0.7022901 0.7251908 0.7633588 0.7175573 0.740458 0.7328244 0.7709924 0.832061 0.7557252
0.9925373 0.9626866 0.9701493 0.9925373 0.9179104 0.8880597 0.9328358 0.8955224 0.8656716 0.7462687 0.8283582
0.2867647 0.2352941 0.2426471 0.3823529 0.5441176 0.5220588 0.6102941 0.625 0.6764706 0.7279412 0.875
0.2388060 0.3432836 0.2313433 0.2089552 0.1940299 0.2164179 0.1940299 0.2985075 0.2985075 0.2537313 0.3059701
0.2262774 0.1386861 0.2043796 0.3211679 0.2992701 0.4233577 0.4525547 0.4160584 0.4306569 0.4306569 0.3868613
0.7364341 0.7751938 0.751938 0.7209302 0.751938 0.7906977 0.7364341 0.8294574 0.8527132 0.9147287 0.9379845
0.2919708 0.2554745 0.2627737 0.3795620 0.3941606 0.4233577 0.4452555 0.4890511 0.5693431 0.5182482 0.5693431
0.9705882 0.9705882 0.9411765 0.992647 0.9264706 0.9411765 0.9485294 0.9852941 0.9852941 0.9632353 0.9705882
0.3093525 0.1438849 0.1798561 0.294964 0.3165468 0.323741 0.2014388 0.1798561 0.1223022 0.1151079 0.1007194
0.8467153 0.919708 0.8175182 0.919708 0.8540146 0.839416 0.8759124 0.8248175 0.7518248 0.7664234 0.8029197
0.3129771 0.2900763 0.2671756 0.2442748 0.259542 0.3206107 0.3358779 0.2900763 0.2748092 0.2519084 0.2671756
0.867647 0.8897059 0.8602941 0.8161765 0.7867647 0.8529412 0.8308824 0.7132353 0.7058824 0.625 0.617647
0.3475177 0.3191489 0.2482270 0.2836879 0.2836879 0.3262411 0.3617021 0.3617021 0.3758865 0.3687943 0.3758865
0.8613139 0.8832117 0.9124088 0.890511 0.890511 0.890511 0.8832117 0.890511 0.810219 0.6861314 0.649635
0.4926471 0.4705882 0.5073529 0.5220588 0.5073529 0.5073529 0.5735294 0.5 0.5955882 0.5808824 0.5955882
0.2269504 0.1914894 0.1773050 0.09929078 0.1347518 0.1702128 0.1489362 0.1418440 0.1843972 0.2198582 0.2340426
0.3455882 0.3602941 0.3455882 0.4411765 0.4632353 0.4705882 0.5367647 0.5 0.5514706 0.6764706 0.75
0.7557252 0.778626 0.7328244 0.7328244 0.7328244 0.7175573 0.7022901 0.6793893 0.6259542 0.6183206 0.6412214
0.07751938 0.1085271 0.124031 0.1550388 0.1627907 0.1627907 0.1627907 0.1627907 0.1007752 0.1085271 0.1085271
0.3956835 0.3381295 0.3453237 0.3884892 0.4388489 0.4172662 0.4604317 0.3884892 0.4100719 0.352518 0.3381295
0.1641791 0.1716418 0.1716418 0.09701493 0.1343284 0.1417910 0.2611940 0.1791045 0.2238806 0.2537313 0.2089552
0.1094891 0.06569343 0.1094891 0.2262774 0.2846715 0.4233577 0.4233577 0.4525547 0.4452555 0.459854 0.4671533
0.5147059 0.5441176 0.6029412 0.6102941 0.6029412 0.5735294 0.5588235 0.5294118 0.5073529 0.4705882 0.4558824
0.4191176 0.3161765 0.4044118 0.3676471 0.4044118 0.4264706 0.4852941 0.4632353 0.4779412 0.5 0.5514706
1 1 0.9784173 0.9928058 0.9784173 0.9856115 0.9640288 0.942446 0.9064748 0.8992806 0.7769784
0.09558824 0.06617647 0.03676471 0.0882353 0.1102941 0.1470588 0.1911765 0.1397059 0.1985294 0.1544118 0.1397059
0.8978102 0.9270073 0.810219 0.8978102 0.8467153 0.890511 0.7810219 0.7226277 0.7226277 0.6861314 0.5620438
0.9389313 0.9541985 0.8854962 0.9312977 0.9541985 0.9923664 0.9770992 0.9312977 0.908397 0.9236641 0.9389313
0.742647 0.7205882 0.75 0.7205882 0.7279412 0.7720588 0.8455882 0.75 0.7720588 0.867647 0.8088235
0.06976744 0.03100775 0.0620155 0.1007752 0.1472868 0.1860465 0.4108527 0.4186047 0.4573643 0.4728682 0.4496124
0.1773050 0.2269504 0.1773050 0.1063830 0.1063830 0.04964539 0.07092199 0.08510638 0.06382979 0.05673759 0.03546099
0.02158273 0.07913669 0.07913669 0.05755396 0.05035971 0.05755396 0.0647482 0.1007194 0.1223022 0.1294964 0.1726619
0.7175573 0.6564885 0.6946565 0.6717557 0.7480916 0.7175573 0.740458 0.7328244 0.7251908 0.6946565 0.7175573
0.9574468 0.9858156 0.9148936 0.9432624 0.9007092 0.9361702 0.9432624 0.9432624 0.9574468 0.9574468 0.929078
0.1940299 0.2910448 0.1343284 0.2313433 0.2238806 0.1492537 0.1940299 0.1940299 0.2238806 0.1641791 0.1641791
0.3582090 0.2313433 0.3283582 0.4925373 0.4029851 0.4552239 0.4925373 0.6343284 0.5895522 0.6716418 0.7462687
0.1223022 0.1079137 0.1223022 0.1942446 0.1438849 0.2086331 0.1870504 0.2230216 0.2158273 0.2230216 0.2517986
0.7883212 0.7518248 0.8029197 0.7153285 0.8321168 0.839416 0.8248175 0.8248175 0.7591241 0.7883212 0.6642336
0.1641791 0.07462687 0.06716418 0.1567164 0.2462687 0.3208955 0.3582090 0.4626866 0.4626866 0.6492537 0.6716418
0.04379562 0.01459854 0.02189781 0.02919708 0.05109489 0.0729927 0.1021898 0.1313869 0.2189781 0.2262774 0.2627737
0.4892086 0.5323741 0.4244604 0.4100719 0.4748201 0.4820144 0.4604317 0.4316547 0.4028777 0.3669065 0.3453237
0.4656489 0.4732824 0.4580153 0.4503817 0.4961832 0.480916 0.519084 0.5496183 0.4732824 0.5725191 0.4961832
0.08088235 0.07352941 0.05147059 0.07352941 0.1764706 0.2794118 0.2132353 0.2647059 0.2867647 0.3455882 0.3676471
0.2635659 0.3410853 0.3100775 0.2093023 0.2713178 0.1860465 0.1627907 0.2015504 0.1705426 0.2170543 0.1472868
0.5182482 0.4890511 0.4817518 0.540146 0.5547445 0.5693431 0.5693431 0.5547445 0.5693431 0.5839416 0.6642336
0.09160305 0.07633588 0.09923664 0.1068702 0.08396947 0.1221374 0.1374046 0.1984733 0.1755725 0.1374046 0.1908397
0.8382353 0.8014706 0.8161765 0.8161765 0.8308824 0.7720588 0.7794118 0.6764706 0.6397059 0.625 0.6102941
0.1532847 0.1167883 0.2043796 0.1751825 0.2116788 0.2992701 0.3065693 0.2919708 0.3138686 0.3211679 0.2773723
0.5808824 0.5955882 0.6029412 0.5955882 0.5808824 0.5661765 0.5441176 0.4044118 0.3897059 0.3823529 0.375
0.6099291 0.680851 0.6453901 0.6453901 0.6737589 0.6382979 0.6950355 0.6382979 0.7304965 0.7304965 0.6170213
0.75 0.8308824 0.7794118 0.7941176 0.8308824 0.7647059 0.742647 0.757353 0.6838235 0.5882353 0.5588235
0.2733813 0.1654676 0.2302158 0.3309353 0.352518 0.3597122 0.4100719 0.4460432 0.4388489 0.5035971 0.4532374
0.3897059 0.3602941 0.3455882 0.3308824 0.4191176 0.4044118 0.4705882 0.4852941 0.5147059 0.5294118 0.6029412
0.4701493 0.4552239 0.4850746 0.5223881 0.5149254 0.5298507 0.5149254 0.5373134 0.5 0.5746269 0.4477612
0.7238806 0.8656716 0.7686567 0.738806 0.6343284 0.5970149 0.4850746 0.3432836 0.3731343 0.3059701 0.3134328
0.733813 0.6546763 0.676259 0.7266187 0.7194245 0.6402878 0.6330935 0.7266187 0.676259 0.7410072 0.7410072
0.9312977 0.832061 0.8549618 0.9465649 0.9847328 0.9312977 0.9770992 0.9847328 0.9465649 0.9541985 0.9389313
0.8540146 0.8467153 0.8978102 0.8978102 0.8540146 0.8321168 0.6788321 0.7737226 0.5109489 0.5036496 0.4817518
