0.292 0.298 0.32 0.332 0.382 0.412 0.432 0.528 0.52 0.544 0.572
0.062 0.062 0.078 0.05 0.05 0.05 0.058 0.046 0.032 0.038 0.026
0.274 0.332 0.338 0.392 0.348 0.34 0.368 0.418 0.378 0.426 0.452
0.076 0.088 0.082 0.08 0.086 0.078 0.07 0.06 0.044 0.078 0.062
0.046 0.046 0.028 0.02 0.032 0.02 0.05 0.026 0.03 0.032 0.06
0.396 0.398 0.402 0.39 0.428 0.402 0.4 0.414 0.4 0.384 0.382
0.182 0.182 0.172 0.154 0.126 0.124 0.112 0.116 0.084 0.056 0.05
0.308 0.216 0.204 0.154 0.122 0.092 0.082 0.052 0.046 0.03 0.02
0.506 0.4 0.386 0.302 0.262 0.246 0.226 0.192 0.152 0.154 0.216
0.162 0.178 0.214 0.182 0.23 0.226 0.274 0.354 0.332 0.378 0.384
0.1 0.096 0.1 0.094 0.076 0.074 0.076 0.076 0.078 0.08 0.074
0.208 0.188 0.184 0.12 0.132 0.112 0.098 0.098 0.084 0.078 0.046
0.642 0.522 0.492 0.384 0.366 0.288 0.244 0.208 0.21 0.18 0.16
0.108 0.076 0.108 0.126 0.106 0.08 0.082 0.076 0.076 0.056 0.066
0.064 0.056 0.06 0.05 0.066 0.054 0.06 0.082 0.09 0.098 0.108
0.446 0.484 0.458 0.404 0.38 0.422 0.422 0.416 0.366 0.366 0.35
0.344 0.372 0.318 0.34 0.32 0.36 0.32 0.408 0.402 0.368 0.338
0.376 0.372 0.392 0.394 0.448 0.502 0.492 0.51 0.502 0.476 0.436
0.47 0.392 0.352 0.304 0.248 0.21 0.132 0.122 0.062 0.044 0.03
0.082 0.078 0.088 0.09 0.054 0.082 0.062 0.054 0.04 0.034 0.024
0.496 0.446 0.408 0.354 0.352 0.33 0.298 0.358 0.352 0.39 0.346
0.22 0.256 0.202 0.194 0.182 0.134 0.126 0.122 0.084 0.11 0.118
0.322 0.304 0.268 0.298 0.232 0.286 0.232 0.192 0.152 0.15 0.154
0.024 0.012 0.018 0.016 0.018 0.016 0.006 0.012 0.016 0.006 0.01
0.428 0.418 0.482 0.41 0.378 0.384 0.332 0.374 0.328 0.326 0.34
0.3 0.306 0.394 0.462 0.444 0.46 0.414 0.464 0.464 0.472 0.45
0.302 0.332 0.286 0.274 0.274 0.212 0.192 0.144 0.134 0.104 0.06
0.244 0.32 0.356 0.466 0.566 0.636 0.712 0.74 0.766 0.802 0.788
0.382 0.444 0.394 0.41 0.296 0.274 0.2 0.162 0.152 0.104 0.07
0.578 0.604 0.522 0.582 0.548 0.576 0.59 0.56 0.578 0.534 0.546
0.186 0.172 0.17 0.168 0.182 0.188 0.198 0.288 0.278 0.318 0.306
0.138 0.136 0.1 0.064 0.038 0.034 0.036 0.032 0.024 0.01 0.014
0.632 0.646 0.698 0.684 0.678 0.756 0.698 0.726 0.764 0.762 0.79
0.188 0.212 0.25 0.298 0.298 0.346 0.392 0.446 0.508 0.494 0.552
0.44 0.466 0.466 0.482 0.492 0.45 0.396 0.358 0.282 0.272 0.218
0.6 0.588 0.514 0.504 0.492 0.42 0.412 0.428 0.422 0.382 0.414
0.274 0.258 0.236 0.16 0.148 0.142 0.138 0.11 0.116 0.082 0.072
0.238 0.302 0.392 0.444 0.512 0.596 0.606 0.64 0.65 0.692 0.752
0.448 0.454 0.444 0.486 0.452 0.446 0.432 0.374 0.338 0.298 0.29
0.444 0.45 0.488 0.434 0.41 0.352 0.326 0.316 0.306 0.248 0.198
0.108 0.124 0.144 0.112 0.16 0.17 0.168 0.208 0.186 0.186 0.206
0.078 0.066 0.082 0.082 0.07 0.052 0.064 0.06 0.046 0.054 0.052
0.396 0.466 0.508 0.544 0.582 0.618 0.638 0.656 0.662 0.708 0.706
0.344 0.396 0.392 0.41 0.46 0.504 0.52 0.502 0.568 0.542 0.46
0.17 0.16 0.134 0.126 0.118 0.102 0.088 0.114 0.086 0.062 0.11
0.21 0.242 0.194 0.16 0.108 0.09 0.078 0.05 0.054 0.036 0.044
0.59 0.54 0.516 0.53 0.566 0.578 0.54 0.556 0.586 0.616 0.624
0.144 0.154 0.166 0.156 0.132 0.136 0.13 0.088 0.076 0.078 0.062
0.126 0.108 0.112 0.118 0.112 0.116 0.108 0.14 0.112 0.158 0.164
0.028 0.018 0.016 0.03 0.026 0.022 0.028 0.01 0.02 0.014 0.014
0.286 0.318 0.272 0.28 0.256 0.224 0.192 0.176 0.194 0.15 0.17
0.324 0.346 0.286 0.266 0.244 0.29 0.21 0.21 0.192 0.166 0.15
0.026 0.03 0.028 0.016 0.034 0.028 0.054 0.04 0.02 0.032 0.026
0.016 0.012 0.01 0.012 0.014 0.008 0.006 0.004 0.012 0.006 0.002
0.064 0.086 0.078 0.114 0.09 0.108 0.092 0.082 0.098 0.072 0.074
0.17 0.13 0.15 0.144 0.164 0.18 0.174 0.2 0.196 0.212 0.21
0.018 0.034 0.024 0.032 0.016 0.022 0.026 0.014 0.034 0.026 0.042
0.486 0.536 0.554 0.614 0.644 0.684 0.74 0.762 0.754 0.706 0.706
0.256 0.236 0.294 0.382 0.382 0.432 0.484 0.5 0.536 0.528 0.568
0.368 0.352 0.334 0.358 0.304 0.378 0.304 0.39 0.37 0.336 0.35
0.206 0.218 0.254 0.334 0.366 0.466 0.498 0.538 0.62 0.646 0.66
0.472 0.476 0.492 0.528 0.536 0.512 0.452 0.41 0.364 0.288 0.212
0.116 0.148 0.142 0.218 0.186 0.324 0.296 0.358 0.408 0.376 0.388
0.356 0.268 0.174 0.142 0.088 0.076 0.058 0.032 0.042 0.056 0.086
0.024 0.02 0.026 0.014 0.03 0.022 0.032 0.018 0.028 0.03 0.03
0.598 0.628 0.628 0.618 0.662 0.674 0.65 0.662 0.62 0.622 0.6
0.048 0.05 0.048 0.046 0.068 0.034 0.072 0.056 0.06 0.034 0.044
0.41 0.354 0.408 0.398 0.362 0.454 0.46 0.452 0.5 0.51 0.478
0.332 0.326 0.334 0.322 0.306 0.274 0.292 0.266 0.262 0.29 0.266
0.254 0.216 0.26 0.298 0.258 0.26 0.236 0.212 0.188 0.2 0.16
0.172 0.204 0.216 0.218 0.212 0.234 0.202 0.206 0.15 0.166 0.188
0.266 0.28 0.29 0.288 0.288 0.348 0.336 0.342 0.384 0.382 0.372
0.446 0.506 0.54 0.466 0.586 0.554 0.538 0.486 0.404 0.394 0.29
0.052 0.04 0.05 0.038 0.046 0.042 0.054 0.068 0.048 0.044 0.032
0.524 0.56 0.484 0.448 0.424 0.422 0.386 0.41 0.406 0.398 0.382
0.292 0.278 0.274 0.238 0.2 0.196 0.14 0.126 0.112 0.104 0.128
0.044 0.04 0.048 0.036 0.042 0.026 0.04 0.034 0.04 0.028 0.036
0.11 0.116 0.11 0.07 0.096 0.07 0.066 0.068 0.062 0.054 0.056
0.036 0.036 0.038 0.02 0.018 0.012 0.012 0.02 0.012 0.01 0.014
0.308 0.352 0.288 0.184 0.19 0.198 0.124 0.092 0.078 0.058 0.064
0.41 0.414 0.39 0.364 0.324 0.304 0.306 0.26 0.216 0.224 0.16
0.79 0.746 0.678 0.61 0.524 0.422 0.404 0.294 0.298 0.244 0.186
0.16 0.174 0.182 0.174 0.208 0.222 0.194 0.26 0.24 0.224 0.228
0.244 0.204 0.188 0.126 0.116 0.1 0.096 0.09 0.068 0.038 0.042
0.338 0.3 0.306 0.284 0.226 0.184 0.176 0.158 0.1 0.086 0.076
0.106 0.102 0.08 0.088 0.092 0.078 0.078 0.086 0.064 0.098 0.082
0.304 0.276 0.288 0.312 0.386 0.418 0.474 0.44 0.452 0.426 0.462
0.058 0.05 0.042 0.046 0.038 0.022 0.018 0.02 0.008 0.014 0.01
0.042 0.052 0.078 0.084 0.092 0.098 0.096 0.132 0.092 0.124 0.114
0.72 0.698 0.658 0.624 0.572 0.496 0.458 0.428 0.382 0.306 0.3
0.35 0.394 0.444 0.468 0.53 0.606 0.616 0.64 0.622 0.674 0.67
0.084 0.09 0.1 0.112 0.104 0.128 0.164 0.106 0.154 0.126 0.178
0.574 0.568 0.604 0.498 0.52 0.53 0.43 0.454 0.432 0.436 0.424
0.096 0.106 0.094 0.098 0.076 0.06 0.084 0.064 0.084 0.064 0.082
0.024 0.024 0.024 0.032 0.03 0.044 0.05 0.048 0.052 0.062 0.068
0.306 0.384 0.28 0.224 0.208 0.178 0.162 0.116 0.07 0.048 0.046
0.41 0.444 0.396 0.464 0.418 0.44 0.418 0.42 0.382 0.366 0.342
0.428 0.392 0.378 0.386 0.31 0.292 0.312 0.244 0.246 0.216 0.254
0.11 0.084 0.12 0.1 0.09 0.092 0.046 0.072 0.042 0.042 0.042
0.548 0.582 0.564 0.518 0.454 0.446 0.382 0.34 0.346 0.324 0.354
0.02 0.018 0.012 0.018 0.012 0.006 0.008 0 0.002 0 0.008
0.53 0.466 0.416 0.35 0.324 0.316 0.322 0.366 0.366 0.442 0.398
0.072 0.068 0.062 0.094 0.082 0.102 0.112 0.14 0.168 0.188 0.262
0.434 0.432 0.418 0.386 0.398 0.354 0.284 0.332 0.302 0.322 0.294
0.07 0.042 0.066 0.066 0.074 0.094 0.094 0.096 0.104 0.092 0.184
0.35 0.364 0.412 0.358 0.33 0.284 0.272 0.242 0.216 0.15 0.114
0.032 0.05 0.046 0.02 0.03 0.026 0.028 0.044 0.052 0.062 0.066
0.26 0.33 0.32 0.304 0.262 0.262 0.22 0.16 0.172 0.162 0.09
0.338 0.388 0.36 0.328 0.358 0.428 0.35 0.356 0.312 0.366 0.34
0.32 0.276 0.27 0.298 0.254 0.202 0.188 0.15 0.136 0.108 0.106
0.102 0.096 0.1 0.088 0.104 0.07 0.108 0.088 0.11 0.116 0.112
0.534 0.51 0.484 0.452 0.44 0.396 0.454 0.468 0.42 0.436 0.424
0.284 0.256 0.198 0.206 0.176 0.154 0.146 0.17 0.194 0.19 0.174
0.402 0.4 0.486 0.436 0.474 0.45 0.47 0.416 0.466 0.48 0.478
0.47 0.45 0.432 0.374 0.326 0.292 0.194 0.198 0.144 0.13 0.132
0.184 0.166 0.168 0.122 0.13 0.14 0.118 0.116 0.104 0.09 0.116
0.308 0.31 0.234 0.26 0.272 0.226 0.188 0.122 0.2 0.194 0.18
0.022 0.024 0.014 0.01 0.014 0.02 0.016 0.03 0.022 0.038 0.052
0.37 0.32 0.354 0.332 0.304 0.344 0.256 0.34 0.31 0.282 0.344
0.046 0.046 0.038 0.052 0.076 0.046 0.086 0.066 0.068 0.054 0.088
0.032 0.016 0.02 0.01 0.02 0.018 0.016 0.008 0.006 0.002 0.002
0.11 0.12 0.104 0.128 0.136 0.102 0.116 0.094 0.094 0.072 0.038
0.552 0.554 0.524 0.512 0.46 0.364 0.326 0.22 0.214 0.198 0.138
0.43 0.468 0.468 0.536 0.538 0.634 0.662 0.714 0.688 0.698 0.722
0.512 0.506 0.544 0.542 0.556 0.538 0.524 0.542 0.458 0.484 0.486
0.148 0.13 0.15 0.112 0.118 0.1 0.132 0.112 0.106 0.132 0.094
0.016 0.024 0.018 0.022 0.03 0.018 0.02 0.026 0.034 0.036 0.032
0.266 0.262 0.248 0.306 0.3 0.338 0.336 0.376 0.36 0.358 0.368
0.266 0.336 0.24 0.216 0.204 0.168 0.136 0.108 0.052 0.032 0.03
0.606 0.592 0.566 0.514 0.522 0.496 0.518 0.486 0.444 0.47 0.452
0.068 0.064 0.074 0.084 0.062 0.092 0.098 0.082 0.054 0.098 0.094
0.568 0.572 0.526 0.488 0.424 0.358 0.314 0.232 0.22 0.162 0.12
0.694 0.624 0.61 0.608 0.542 0.536 0.492 0.496 0.476 0.462 0.394
0.29 0.314 0.318 0.29 0.31 0.316 0.272 0.296 0.252 0.266 0.264
0.198 0.176 0.188 0.166 0.184 0.17 0.162 0.118 0.126 0.162 0.132
0.63 0.574 0.602 0.538 0.544 0.456 0.45 0.38 0.344 0.33 0.34
0.396 0.402 0.408 0.432 0.498 0.468 0.488 0.48 0.506 0.514 0.47
0.156 0.172 0.122 0.148 0.142 0.13 0.068 0.076 0.054 0.056 0.038
0.47 0.498 0.47 0.48 0.522 0.53 0.556 0.528 0.526 0.526 0.498
0.048 0.05 0.066 0.042 0.076 0.068 0.076 0.082 0.064 0.062 0.06
0.564 0.5 0.496 0.418 0.356 0.322 0.358 0.366 0.392 0.42 0.362
0.268 0.292 0.282 0.284 0.282 0.27 0.282 0.284 0.276 0.268 0.282
0.164 0.156 0.144 0.12 0.152 0.142 0.16 0.178 0.148 0.188 0.188
0.024 0.024 0.034 0.028 0.018 0.038 0.058 0.03 0.036 0.046 0.058
0.33 0.328 0.262 0.312 0.272 0.304 0.226 0.214 0.186 0.17 0.136
0.394 0.434 0.38 0.352 0.316 0.274 0.23 0.186 0.116 0.088 0.096
0.334 0.296 0.278 0.274 0.246 0.216 0.196 0.176 0.15 0.138 0.152
0.064 0.088 0.056 0.132 0.134 0.16 0.226 0.296 0.294 0.33 0.33
0.158 0.11 0.13 0.132 0.128 0.126 0.09 0.122 0.096 0.11 0.058
0.078 0.068 0.05 0.058 0.06 0.04 0.05 0.046 0.032 0.03 0.028
0.056 0.056 0.044 0.064 0.068 0.07 0.076 0.104 0.128 0.13 0.158
