0.09 0.064
0.32 0.34
0.014 0.01
0.1 0.1
0.34 0.31
0.014 0.002
0.114 0.11
0.092 0.09
0.084 0.058
0.01 0.016
0.052 0.046
0.04 0.04
0.03 0.014
0.17 0.18
0.306 0.304
0.158 0.16
0.3 0.252
0.024 0.014
0.06 0.062
0.23 0.268
0.124 0.13
0.154 0.19
0.032 0.04
0.378 0.326
0.08 0.074
0.132 0.132
0.414 0.404
0.082 0.064
0.39 0.364
0.126 0.12
0.31 0.29
0.074 0.066
0.14 0.172
0.034 0.044
0.064 0.038
0.25 0.284
0.204 0.21
0.2 0.228
0.146 0.164
0.024 0.028
0.068 0.06
0.142 0.134
0.294 0.326
0.162 0.202
0.192 0.258
0.092 0.084
0.012 0.012
0.138 0.128
0.022 0.02
0.018 0.016
0.076 0.116
0.042 0.048
0.096 0.08
0.104 0.082
0.328 0.336
0.24 0.242
0.062 0.072
0.214 0.234
0.076 0.074
0.026 0.026
0.034 0.028
0.13 0.158
0.04 0.028
0.09 0.114
0.01 0.008
0.058 0.048
0.15 0.15
0.19 0.224
0.01 0.006
0.1 0.114
0.132 0.098
0.068 0.052
0.054 0.048
0.012 0.02
0.04 0.03
0.006 0.008
0.016 0.018
0.05 0.05
0.046 0.096
0.068 0.062
0.104 0.062
0.046 0.072
0.28 0.282
0.076 0.076
0.172 0.166
0.294 0.328
0.046 0.068
0.062 0.09
0.042 0.042
0.08 0.054
0.012 0.006
0.136 0.106
0.086 0.064
0.248 0.25
0.104 0.09
0.006 0.008
0.188 0.202
0.062 0.068
0.056 0.042
0.222 0.248
0.128 0.114
0.09 0.072
0.062 0.062
0.05 0.034
0.248 0.276
0.016 0.026
0.028 0.01
0.026 0.01
0.158 0.188
0.206 0.21
0.144 0.138
0.012 0.01
0.134 0.116
0.088 0.066
0.372 0.376
0.016 0.042
0.16 0.184
0.248 0.234
0.08 0.088
0.182 0.19
0.14 0.142
0.294 0.312
0.094 0.11
0.108 0.098
0.076 0.048
0.158 0.132
0.056 0.028
0.01 0.006
0.206 0.18
0.07 0.064
0.012 0.008
0.112 0.106
0.024 0.008
0.026 0.008
0.092 0.112
