0.07 0.064
0.104 0.08
0.048 0.016
0.078 0.056
0.096 0.102
0.008 0.004
0.116 0.092
0.056 0.068
0.034 0.016
0.018 0.006
0.418 0.394
0.07 0.054
0.026 0.038
0.126 0.154
0.116 0.18
0.29 0.248
0.082 0.07
0.014 0.02
0.092 0.094
0.084 0.1
0.056 0.052
0.17 0.168
0.048 0.032
0.228 0.188
0.338 0.256
0.12 0.104
0.288 0.338
0.136 0.122
0.186 0.234
0.272 0.302
0.22 0.212
0.094 0.078
0.102 0.11
0.032 0.022
0.124 0.12
0.112 0.096
0.122 0.112
0.118 0.144
0.136 0.12
0.056 0.06
0.066 0.056
0.186 0.198
0.26 0.306
0.11 0.076
0.598 0.64
0.122 0.122
0.054 0.052
0.138 0.12
0.012 0.012
0.024 0.008
0.052 0.042
0.094 0.072
0.07 0.056
0.254 0.282
0.054 0.086
0.164 0.194
0.314 0.304
0.088 0.092
0.376 0.452
0.03 0.026
0.06 0.082
0.042 0.026
0.018 0.012
0.076 0.068
0.012 0.004
0.242 0.234
0.22 0.22
0.1 0.09
0.012 0.01
0.126 0.122
0.048 0.044
0.03 0.016
0.252 0.276
0.01 0.008
0.026 0.008
0.028 0.016
0.054 0.014
0.034 0.04
0.034 0.036
0.05 0.066
0.032 0.046
0.08 0.108
0.192 0.162
0.092 0.054
0.218 0.248
0.126 0.124
0.008 0.014
0.114 0.092
0.108 0.142
0.16 0.116
0.024 0.008
0.058 0.028
0.044 0.044
0.144 0.142
0.136 0.118
0.016 0.006
0.166 0.176
0.046 0.022
0.062 0.052
0.074 0.072
0.106 0.09
0.076 0.096
0.154 0.172
0.054 0.062
0.146 0.088
0.038 0.036
0.016 0.012
0.02 0.036
0.302 0.316
0.43 0.498
0.174 0.152
0.024 0.014
0.066 0.058
0.076 0.058
0.27 0.272
0.028 0.032
0.104 0.122
0.442 0.49
0.132 0.126
0.15 0.148
0.07 0.052
0.174 0.196
0.092 0.096
0.07 0.058
0.052 0.058
0.2 0.166
0.046 0.028
0.04 0.034
0.064 0.042
0.07 0.088
0.016 0.004
0.132 0.182
0.02 0.012
0.03 0.03
0.016 0.036
