0.052 0.032
0.092 0.1
0.04 0.05
0.088 0.088
0.192 0.168
0.004 0.008
0.122 0.122
0.082 0.072
0.016 0.008
0.018 0.022
0.05 0.06
0.082 0.088
0.036 0.032
0.046 0.028
0.284 0.27
0.212 0.212
0.168 0.178
0.012 0.02
0.19 0.192
0.048 0.038
0.078 0.064
0.326 0.296
0.03 0.014
0.18 0.184
0.21 0.184
0.02 0.02
0.264 0.296
0.134 0.138
0.204 0.166
0.188 0.168
0.128 0.142
0.148 0.086
0.458 0.444
0.032 0.016
0.076 0.042
0.3 0.282
0.174 0.192
0.084 0.052
0.196 0.176
0.068 0.064
0.062 0.072
0.094 0.08
0.224 0.204
0.064 0.058
0.138 0.134
0.114 0.11
0.046 0.03
0.366 0.362
0.04 0.054
0.042 0.05
0.146 0.156
0.02 0.01
0.074 0.064
0.248 0.226
0.114 0.106
0.146 0.118
0.128 0.154
0.028 0.038
0.096 0.108
0.11 0.124
0.08 0.082
0.084 0.106
0.036 0.028
0.108 0.08
0.012 0.018
0.17 0.194
0.15 0.152
0.19 0.176
0.008 0.014
0.31 0.296
0.07 0.076
0.02 0.034
0.054 0.048
0.044 0.032
0.04 0.04
0.026 0.024
0.142 0.142
0.068 0.044
0.04 0.04
0.112 0.098
0.068 0.06
0.036 0.016
0.146 0.17
0.102 0.1
0.042 0.042
0.132 0.116
0.016 0
0.016 0.004
0.08 0.112
0.242 0.206
0.014 0.024
0.038 0.036
0.06 0.066
0.138 0.124
0.072 0.056
0.002 0.008
0.098 0.084
0.36 0.288
0.044 0.03
0.142 0.18
0.128 0.106
0.17 0.18
0.12 0.12
0.034 0.05
0.126 0.164
0.016 0.016
0.01 0.01
0.024 0.012
0.102 0.108
0.414 0.392
0.224 0.182
0.004 0.002
0.336 0.334
0.1 0.092
0.19 0.216
0.142 0.106
0.22 0.174
0.13 0.138
0.036 0.046
0.17 0.2
0.052 0.092
0.372 0.436
0.124 0.166
0.07 0.058
0.104 0.1
0.16 0.136
0.042 0.034
0.028 0.026
0.212 0.188
0.114 0.14
0.012 0.022
0.24 0.24
0.016 0.02
0.036 0.036
0.076 0.09
