0.006 0.01
0.096 0.058
0.03 0.034
0.148 0.154
0.154 0.166
0.01 0.01
0.078 0.086
0.04 0.032
0.058 0.034
0.006 0.008
0.42 0.352
0.032 0.032
0.03 0.032
0.056 0.03
0.038 0.012
0.066 0.074
0.306 0.276
0.012 0.018
0.14 0.128
0.066 0.058
0.064 0.05
0.186 0.164
0.004 0.004
0.064 0.058
0.176 0.192
0.068 0.068
0.064 0.052
0.116 0.156
0.038 0.058
0.02 0.016
0.058 0.048
0.112 0.09
0.094 0.078
0.018 0.008
0.03 0.034
0.06 0.058
0.156 0.142
0.072 0.094
0.296 0.268
0.114 0.124
0.066 0.076
0.058 0.03
0.028 0.034
0.024 0.016
0.27 0.26
0.152 0.182
0.014 0.018
0.254 0.252
0.006 0.006
0.006 0.006
0.08 0.088
0.066 0.064
0.054 0.07
0.134 0.138
0.238 0.276
0.062 0.07
0.158 0.15
0.112 0.094
0.052 0.082
0.018 0.018
0.088 0.11
0.028 0.034
0.006 0.004
0.12 0.08
0.038 0.048
0.332 0.346
0.312 0.366
0.054 0.052
0.12 0.126
0.284 0.282
0.072 0.09
0.038 0.046
0.022 0.022
0.04 0.028
0.074 0.064
0.006 0.01
0.13 0.166
0.072 0.054
0.094 0.06
0.284 0.318
0.02 0.006
0.03 0.02
0.09 0.09
0.144 0.166
0.034 0.022
0.144 0.132
0.022 0.01
0.278 0.256
0.142 0.122
0.164 0.196
0.016 0.01
0.036 0.022
0.012 0.006
0.184 0.166
0.098 0.092
0.028 0.008
0.086 0.102
0.192 0.192
0.062 0.044
0.04 0.028
0.302 0.31
0.12 0.102
0.136 0.112
0.144 0.126
0.142 0.15
0.01 0.02
0.012 0.002
0.008 0.01
0.176 0.138
0.37 0.426
0.182 0.146
0.022 0.026
0.218 0.216
0.026 0.018
0.072 0.066
0.032 0.024
0.266 0.254
0.034 0.01
0.024 0.034
0.232 0.236
0.15 0.202
0.072 0.07
0.052 0.064
0.014 0.028
0.014 0.006
0.262 0.256
0.01 0.006
0.022 0.016
0.118 0.096
0.158 0.184
0.03 0.03
0.292 0.246
0.03 0.012
0.006 0.008
0.16 0.164
