0.006 0.004
0.114 0.102
0.016 0.018
0.044 0.048
0.166 0.204
0.016 0.004
0.104 0.106
0.114 0.138
0.058 0.034
0.018 0.01
0.126 0.118
0.206 0.164
0.178 0.182
0.07 0.058
0.22 0.168
0.126 0.132
0.22 0.18
0.03 0.004
0.162 0.214
0.3 0.258
0.14 0.146
0.058 0.058
0.02 0.012
0.134 0.154
0.118 0.082
0.198 0.178
0.246 0.258
0.178 0.152
0.314 0.34
0.092 0.128
0.094 0.076
0.084 0.05
0.474 0.486
0.04 0.032
0.036 0.028
0.188 0.184
0.19 0.174
0.126 0.088
0.208 0.244
0.016 0.02
0.066 0.072
0.054 0.078
0.262 0.218
0.084 0.054
0.28 0.286
0.124 0.072
0.022 0.012
0.328 0.316
0.016 0.01
0.032 0.04
0.254 0.244
0.044 0.034
0.054 0.048
0.344 0.316
0.21 0.188
0.268 0.262
0.102 0.108
0.136 0.166
0.062 0.078
0.066 0.038
0.052 0.026
0.056 0.05
0.006 0.006
0.036 0.02
0.008 0.008
0.282 0.286
0.314 0.358
0.162 0.162
0.052 0.044
0.052 0.032
0.11 0.13
0.012 0.01
0.068 0.062
0.012 0.014
0.05 0.054
0.042 0.034
0.066 0.058
0.096 0.094
0.034 0.036
0.162 0.154
0.038 0.026
0.122 0.132
0.234 0.234
0.128 0.118
0.204 0.2
0.04 0.052
0.038 0.036
0.036 0.028
0.182 0.178
0.102 0.11
0.018 0.02
0.022 0.008
0.036 0.022
0.102 0.12
0.092 0.088
0.04 0.044
0.1 0.136
0.206 0.182
0.09 0.072
0.314 0.368
0.254 0.256
0.098 0.108
0.036 0.024
0.046 0.062
0.158 0.138
0.008 0.006
0.018 0.01
0.002 0.012
0.144 0.162
0.08 0.078
0.094 0.088
0.016 0.016
0.09 0.086
0.064 0.09
0.058 0.03
0.126 0.132
0.132 0.102
0.112 0.114
0.116 0.138
0.086 0.07
0.07 0.09
0.104 0.112
0.192 0.208
0.174 0.178
0.026 0.02
0.152 0.15
0.012 0.01
0.022 0.01
0.026 0.032
0.162 0.214
0.004 0
0.194 0.2
0.02 0.012
0.074 0.082
0.08 0.108
