0.108 0.106
0.12 0.136
0.058 0.042
0.07 0.066
0.094 0.086
0.016 0.006
0.128 0.112
0.14 0.16
0.046 0.034
0.026 0.028
0.146 0.156
0.112 0.13
0.022 0.024
0.038 0.028
0.17 0.168
0.298 0.298
0.19 0.146
0.034 0.04
0.046 0.066
0.184 0.204
0.082 0.06
0.33 0.328
0.006 0.01
0.16 0.158
0.202 0.23
0.26 0.266
0.222 0.218
0.108 0.156
0.262 0.232
0.056 0.054
0.252 0.252
0.076 0.11
0.138 0.14
0.034 0.04
0.054 0.084
0.058 0.064
0.278 0.27
0.184 0.176
0.064 0.06
0.034 0.042
0.016 0.016
0.128 0.108
0.354 0.336
0.136 0.154
0.07 0.048
0.056 0.072
0.022 0.022
0.388 0.428
0.024 0.022
0.028 0.02
0.15 0.166
0.05 0.04
0.108 0.096
0.226 0.204
0.366 0.38
0.23 0.24
0.116 0.132
0.058 0.076
0.048 0.044
0.06 0.04
0.002 0.01
0.048 0.05
0.018 0.026
0.108 0.132
0.01 0.014
0.194 0.22
0.164 0.152
0.05 0.07
0.014 0.008
0.164 0.124
0.04 0.024
0.012 0.024
0.08 0.08
0.006 0.006
0.06 0.04
0 0.008
0.164 0.152
0.122 0.16
0.08 0.118
0.302 0.362
0.014 0.004
0.136 0.134
0.252 0.238
0.216 0.196
0.082 0.128
0.082 0.058
0.042 0.034
0.052 0.064
0.07 0.112
0.092 0.092
0.022 0.02
0.062 0.048
0.056 0.048
0.078 0.088
0.166 0.172
0.05 0.05
0.166 0.18
0.104 0.124
0.05 0.052
0.056 0.046
0.07 0.078
0.12 0.11
0.08 0.104
0.042 0.024
0.17 0.182
0.038 0.014
0.004 0.004
0.014 0.018
0.14 0.112
0.098 0.106
0.214 0.206
0.016 0.018
0.186 0.18
0.138 0.112
0.088 0.092
0.01 0.008
0.404 0.454
0.238 0.234
0.046 0.032
0.174 0.154
0.032 0.042
0.086 0.092
0.02 0.012
0.108 0.128
0.054 0.058
0.202 0.17
0.054 0.08
0.022 0.022
0.096 0.1
0.068 0.054
0.006 0.008
0.414 0.43
0.03 0.016
0.046 0.022
0.122 0.122
