0.7355372 0.7272727
0.09375 0.0703125
0.7540984 0.6967213
0.8688525 0.8114754
0.1166667 0.1
0.9827586 0.9482759
0.06557377 0.06557377
0.3046875 0.34375
0.75 0.7844828
0.9173554 0.9090909
0.626087 0.6695652
0.7217391 0.6956522
0.6 0.6347826
0.5289256 0.4958678
0.609375 0.6015625
0.01739130 0.01739130
0.05737705 0.04918033
0.7913043 0.6956522
0.7377049 0.7213115
0.2931034 0.1810345
0.4310345 0.4655172
0.3391304 0.3652174
0.974138 0.9827586
0.2377049 0.2540984
0.1206897 0.1551724
0.09482759 0.1293103
0.1338583 0.1259843
0.4453125 0.3125
0.2155172 0.2327586
0.1811024 0.2047244
0.01639344 0.02459016
0.7391304 0.7913043
0.7155172 0.7327586
0.887931 0.8965517
0.6393443 0.6967213
0.1913043 0.1826087
0.1475410 0.1229508
0.1983471 0.1900826
0.2416667 0.3
0.7704918 0.7295082
0.8688525 0.9344262
0.1217391 0.1304348
0.5245902 0.4590164
0.1818182 0.09917355
0 0
0.5245902 0.6311475
0.626087 0.6695652
0.4876033 0.5702479
0.9310345 0.8965517
0.78125 0.8125
0.1732283 0.1023622
0.6465517 0.7413793
0.4 0.275
0.1166667 0.09166667
0.4666667 0.3166667
0.6229508 0.6229508
0.4568966 0.3275862
0.5245902 0.557377
0.1102362 0.07874016
0.6982759 0.6810345
0.6942149 0.7272727
0.2241379 0.2413793
0.7890625 0.859375
0.6666667 0.6083333
0.9396552 0.9137931
0.3130435 0.2
0.6015625 0.5078125
0.1968504 0.1574803
0.6637931 0.6551724
0.28125 0.296875
0.4793388 0.5206612
0.8688525 0.9754098
0.4137931 0.3103448
0.974138 0.9827586
0.7890625 0.75
0.9304348 0.9217391
0.4754098 0.647541
0.5625 0.5859375
0.3565217 0.5391304
0.2068966 0.1637931
0.6434783 0.6695652
0.35 0.1916667
0.02362205 0.03937008
0.3 0.3333333
0.4545455 0.4297521
0.3 0.1916667
0.8782609 0.8434783
0.6896552 0.8275862
0.1333333 0.125
0.3534483 0.3362069
0.9396552 0.9482759
0.4836066 0.4180328
0.5431034 0.6034483
0.2416667 0.2333333
0.2049180 0.3688525
0.9217391 0.8434783
0.1259843 0.1181102
0.3770492 0.4098361
0.4344262 0.4508197
0.0546875 0.046875
0.06086957 0.1304348
0.3359375 0.28125
0.387931 0.3189655
0.6982759 0.7155172
0.2173913 0.2086957
0.8706897 0.9310345
0.9173554 0.8264463
0.9 0.925
0.4666667 0.4916667
0.1311475 0.1229508
0.5123967 0.4214876
0.9051724 0.8362069
0.0078125 0.0078125
0.352459 0.3442623
0.04166667 0.075
0.5431034 0.5948276
0.2068966 0.1465517
0.2672414 0.1810345
0.3636364 0.4132231
0.3228346 0.4015748
0.7868852 0.8934426
0.2377049 0.3442623
0.6637931 0.6551724
0.6896552 0.6293103
0.6034483 0.6465517
0.4545455 0.5619835
0.852459 0.852459
0.9166667 0.85
0.8706897 0.8965517
0.1217391 0.1304348
0.887931 0.8362069
0.0390625 0.046875
0.8956522 0.9217391
0.75 0.7155172
0.8362069 0.9310345
