0.5772358 0.4634146
0.2844828 0.3017241
0.5299145 0.6581197
0.696 0.744
0.3089431 0.3658537
0.888 0.768
0.1065574 0.1639344
0.0862069 0.1206897
0.6557377 0.7622951
0.6910569 0.6666667
0.264 0.312
0.9430894 0.8373984
0.5967742 0.6451613
0.6451613 0.717742
0.2459016 0.3114754
0.3467742 0.3467742
0.4754098 0.4590164
0.8803419 0.8974359
0.5121951 0.6504065
0.6810345 0.5948276
0.6864407 0.6101695
0.1885246 0.2049180
0.6495726 0.6068376
0.02439024 0.04878049
0.1475410 0.2704918
0.05645161 0.0483871
0.2564103 0.1880342
0.1880342 0.1880342
0.09756098 0.09756098
0.2032520 0.1300813
0.008547009 0.04273504
0.3467742 0.3709677
0.05645161 0.1129032
0.8474576 0.9152542
0.6178862 0.5691057
0.6923077 0.5641026
0.05128205 0.06837607
0.3050847 0.5169492
0.04878049 0.04878049
0.7723577 0.699187
0.5241935 0.4354839
0.1056911 0.1138211
0.5254237 0.3983051
0.2051282 0.1880342
0.01612903 0.02419355
0.902439 0.8455285
0.8861789 0.8373984
0.6290323 0.6532258
0.9322034 0.9322034
0.6967213 0.7622951
0.8861789 0.8455285
0.728 0.688
0.1293103 0.2068966
0.3089431 0.3658537
0.3467742 0.3064516
0.3418803 0.2905983
0.4098361 0.3278689
0.2096774 0.2580645
0.1293103 0.1810345
0.5431034 0.5258621
0.9674797 0.9430894
0.7459016 0.6803279
0.902439 0.9268293
0.601626 0.6585366
0.9512195 0.9756098
0.28 0.256
0.04237288 0.008474576
0.5508475 0.5
0.608 0.648
0.3275862 0.2327586
0.5084746 0.3898305
0.7931034 0.8793103
0.8145161 0.8387097
0.7844828 0.8793103
0.8852459 0.7459016
0.8145161 0.8145161
0.4552846 0.3658537
0.5423729 0.5338983
0.720339 0.838983
0.03448276 0.09482759
0.8803419 0.8461538
0.3813559 0.3559322
0.2307692 0.2564103
0.1120690 0.1465517
0.2258065 0.2338710
0.07692308 0.1282051
0.9224138 0.9568966
0.56 0.544
0.2564103 0.2222222
0.2413793 0.25
0.9137931 0.8189655
0.5862069 0.7155172
0.3333333 0.3658537
0.04878049 0.0894309
0.647541 0.7377049
0.9435484 0.9516129
0.1016949 0.08474576
0.4836066 0.7295082
0.5853659 0.601626
0.4830508 0.5508475
0.01724138 0.00862069
0.2439024 0.2195122
0.08547009 0.1282051
0.504065 0.5203252
0.6666667 0.6068376
0.9655172 0.9568966
1 0.9322034
0.9193548 0.8951613
0.4146341 0.4065041
0.28 0.264
0.4032258 0.3467742
0.9756098 0.8373984
0.4435484 0.4032258
0.5772358 0.699187
0.456 0.512
0.7096774 0.7741935
0.483871 0.4516129
0.2820513 0.2820513
0.6896552 0.7413793
0.02419355 0.02419355
0.3089431 0.3252033
0.1544715 0.1463415
0.8780488 0.796748
0.3135593 0.3305085
0.4435484 0.3870968
0.4552846 0.4390244
0.9756098 0.9837398
0.6666667 0.7154472
0.8017241 0.7413793
0.300813 0.3577236
0.92 0.976
0.2704918 0.2377049
0.6666667 0.6923077
0.7881356 0.881356
0.6016949 0.5169492
