0 0.004 0.05 0.458 0.936 0.996 1 1 1 1 1
0 0 0 0 0 0.01 0.224 0.802 0.976 0.998 0.998
0 0.002 0.068 0.462 0.904 0.992 1 1 1 1 1
0 0 0 0 0 0.008 0.266 0.83 0.972 0.998 1
0 0 0 0 0 0.026 0.358 0.888 0.996 1 1
0 0 0.032 0.354 0.898 1 1 1 1 1 1
0 0 0 0 0 0.008 0.266 0.83 0.972 0.998 1
0 0 0.042 0.424 0.886 0.998 1 1 1 1 1
0 0 0.042 0.424 0.886 0.998 1 1 1 1 1
0 0 0 0 0 0.014 0.352 0.884 0.986 0.998 1
0 0.004 0.05 0.458 0.936 0.996 1 1 1 1 1
0 0 0 0 0 0.02 0.414 0.93 0.996 1 1
0 0 0.042 0.424 0.886 0.998 1 1 1 1 1
0 0 0 0 0 0.01 0.224 0.802 0.976 0.998 0.998
0 0 0 0 0 0.034 0.516 0.946 0.992 1 1
0 0 0 0 0 0.006 0.314 0.792 0.97 0.996 1
0 0 0.032 0.318 0.818 0.988 0.998 1 1 1 1
0 0.002 0.042 0.378 0.916 0.994 1 1 1 1 1
0 0 0 0 0 0.01 0.224 0.802 0.976 0.998 0.998
0 0 0 0 0 0.034 0.516 0.946 0.992 1 1
0 0 0 0 0 0.008 0.266 0.83 0.972 0.998 1
0 0 0 0 0 0.026 0.358 0.888 0.996 1 1
0 0 0.042 0.424 0.886 0.998 1 1 1 1 1
0 0 0 0 0 0.02 0.414 0.93 0.996 1 1
0 0.004 0.05 0.458 0.936 0.996 1 1 1 1 1
0 0.002 0.09 0.498 0.934 1 1 1 1 1 1
0 0.002 0.04 0.432 0.902 0.998 1 1 1 1 1
0 0 0 0 0 0.01 0.224 0.802 0.976 0.998 0.998
0 0 0 0 0 0.008 0.362 0.888 0.994 1 1
0 0.002 0.09 0.498 0.934 1 1 1 1 1 1
0 0 0 0 0 0.006 0.314 0.792 0.97 0.996 1
0 0.002 0.068 0.462 0.904 0.992 1 1 1 1 1
0 0 0.054 0.464 0.904 0.998 1 1 1 1 1
0 0 0 0 0 0.02 0.414 0.93 0.996 1 1
0 0 0 0 0 0.008 0.362 0.888 0.994 1 1
0 0 0 0 0 0.012 0.36 0.91 0.994 1 1
0 0 0 0 0 0.034 0.516 0.946 0.992 1 1
0 0 0.024 0.296 0.864 0.994 1 1 1 1 1
0 0 0.032 0.318 0.818 0.988 0.998 1 1 1 1
0 0 0.054 0.464 0.904 0.998 1 1 1 1 1
0 0 0 0 0 0.008 0.362 0.888 0.994 1 1
0 0 0 0 0 0.012 0.36 0.91 0.994 1 1
0 0 0 0 0 0.034 0.516 0.946 0.992 1 1
0 0 0 0 0 0.006 0.382 0.898 0.994 1 1
0 0.002 0.068 0.462 0.904 0.992 1 1 1 1 1
0 0 0 0 0 0.034 0.516 0.946 0.992 1 1
0 0 0 0 0 0.014 0.352 0.884 0.986 0.998 1
0 0 0 0 0 0.006 0.314 0.792 0.97 0.996 1
0 0 0 0 0 0.034 0.516 0.946 0.992 1 1
0 0 0 0 0 0.012 0.36 0.91 0.994 1 1
0 0 0.054 0.464 0.904 0.998 1 1 1 1 1
0 0 0.032 0.354 0.898 1 1 1 1 1 1
0 0 0 0 0 0.006 0.314 0.792 0.97 0.996 1
0 0 0 0 0 0.026 0.358 0.888 0.996 1 1
0 0 0 0 0 0.014 0.352 0.884 0.986 0.998 1
0 0.002 0.04 0.432 0.902 0.998 1 1 1 1 1
0 0 0 0 0 0.01 0.224 0.802 0.976 0.998 0.998
0 0 0 0 0 0.006 0.382 0.898 0.994 1 1
0 0 0 0 0 0.012 0.36 0.91 0.994 1 1
0 0 0 0 0 0.006 0.314 0.792 0.97 0.996 1
0 0 0 0 0 0.008 0.266 0.83 0.972 0.998 1
0 0 0 0 0 0.026 0.358 0.888 0.996 1 1
0 0 0 0 0 0.006 0.314 0.792 0.97 0.996 1
0 0 0 0 0 0.01 0.224 0.802 0.976 0.998 0.998
0 0 0 0 0 0.012 0.36 0.91 0.994 1 1
0 0.004 0.05 0.458 0.936 0.996 1 1 1 1 1
0 0 0 0 0 0.006 0.314 0.792 0.97 0.996 1
0 0 0 0 0 0.034 0.516 0.946 0.992 1 1
0 0 0 0 0 0.014 0.352 0.884 0.986 0.998 1
0 0 0 0 0 0.008 0.362 0.888 0.994 1 1
0 0 0 0 0 0.01 0.224 0.802 0.976 0.998 0.998
0 0 0.032 0.354 0.898 1 1 1 1 1 1
0 0 0 0 0 0.01 0.224 0.802 0.976 0.998 0.998
0 0 0 0 0 0.01 0.224 0.802 0.976 0.998 0.998
0 0 0.054 0.464 0.904 0.998 1 1 1 1 1
0 0 0 0 0 0.008 0.362 0.888 0.994 1 1
0 0 0 0 0 0.008 0.362 0.888 0.994 1 1
0 0 0 0 0 0.01 0.224 0.802 0.976 0.998 0.998
0 0 0 0 0 0.034 0.516 0.946 0.992 1 1
0 0 0 0 0 0.008 0.266 0.83 0.972 0.998 1
0 0 0 0 0 0.006 0.314 0.792 0.97 0.996 1
0 0 0.032 0.318 0.818 0.988 0.998 1 1 1 1
0 0 0 0 0 0.01 0.224 0.802 0.976 0.998 0.998
0 0.002 0.09 0.498 0.934 1 1 1 1 1 1
0 0 0 0 0 0.034 0.516 0.946 0.992 1 1
0 0 0 0 0 0.026 0.358 0.888 0.996 1 1
0 0 0.032 0.318 0.818 0.988 0.998 1 1 1 1
0 0 0.024 0.296 0.864 0.994 1 1 1 1 1
0 0 0 0 0 0.026 0.358 0.888 0.996 1 1
0 0 0.024 0.296 0.864 0.994 1 1 1 1 1
0 0.004 0.05 0.458 0.936 0.996 1 1 1 1 1
0 0 0 0 0 0.014 0.352 0.884 0.986 0.998 1
0 0 0 0 0 0.012 0.36 0.91 0.994 1 1
0 0 0.032 0.354 0.898 1 1 1 1 1 1
0 0 0 0 0 0.034 0.516 0.946 0.992 1 1
0 0 0.032 0.318 0.818 0.988 0.998 1 1 1 1
0 0 0.054 0.464 0.904 0.998 1 1 1 1 1
0 0 0 0 0 0.006 0.314 0.792 0.97 0.996 1
0 0 0 0 0 0.008 0.362 0.888 0.994 1 1
0 0 0.042 0.424 0.886 0.998 1 1 1 1 1
0 0 0 0 0 0.012 0.36 0.91 0.994 1 1
0 0 0 0 0 0.01 0.224 0.802 0.976 0.998 0.998
0 0 0 0 0 0.026 0.358 0.888 0.996 1 1
0 0 0 0 0 0.008 0.266 0.83 0.972 0.998 1
0 0 0 0 0 0.012 0.36 0.91 0.994 1 1
0 0.004 0.05 0.458 0.936 0.996 1 1 1 1 1
0 0 0 0 0 0.02 0.414 0.93 0.996 1 1
0 0 0 0 0 0.006 0.314 0.792 0.97 0.996 1
0 0 0 0 0 0.008 0.266 0.83 0.972 0.998 1
0 0 0 0 0 0.006 0.382 0.898 0.994 1 1
0 0 0 0 0 0.008 0.266 0.83 0.972 0.998 1
0 0 0.032 0.318 0.818 0.988 0.998 1 1 1 1
0 0 0 0 0 0.01 0.224 0.802 0.976 0.998 0.998
0 0 0 0 0 0.006 0.314 0.792 0.97 0.996 1
0 0 0 0 0 0.02 0.414 0.93 0.996 1 1
0 0.002 0.04 0.432 0.902 0.998 1 1 1 1 1
0 0 0.032 0.318 0.818 0.988 0.998 1 1 1 1
0 0 0 0 0 0.02 0.414 0.93 0.996 1 1
0 0 0 0 0 0.006 0.314 0.792 0.97 0.996 1
0 0 0 0 0 0.012 0.36 0.91 0.994 1 1
0 0 0 0 0 0.008 0.266 0.83 0.972 0.998 1
0 0 0 0 0 0.006 0.314 0.792 0.97 0.996 1
0 0 0.054 0.464 0.904 0.998 1 1 1 1 1
0 0 0 0 0 0.02 0.414 0.93 0.996 1 1
0 0 0.032 0.318 0.818 0.988 0.998 1 1 1 1
0 0 0 0 0 0.006 0.314 0.792 0.97 0.996 1
0 0 0 0 0 0.006 0.382 0.898 0.994 1 1
0 0 0 0 0 0.026 0.358 0.888 0.996 1 1
0 0 0 0 0 0.026 0.358 0.888 0.996 1 1
0 0.002 0.068 0.462 0.904 0.992 1 1 1 1 1
0 0.002 0.068 0.462 0.904 0.992 1 1 1 1 1
0 0 0 0 0 0.014 0.352 0.884 0.986 0.998 1
0 0 0 0 0 0.014 0.352 0.884 0.986 0.998 1
0 0 0 0 0 0.012 0.36 0.91 0.994 1 1
0 0 0 0 0 0.008 0.266 0.83 0.972 0.998 1
0 0.002 0.068 0.462 0.904 0.992 1 1 1 1 1
0 0.002 0.068 0.462 0.904 0.992 1 1 1 1 1
0 0 0 0 0 0.006 0.382 0.898 0.994 1 1
0 0 0 0 0 0.008 0.266 0.83 0.972 0.998 1
0 0 0 0 0 0.006 0.382 0.898 0.994 1 1
0 0 0.042 0.424 0.886 0.998 1 1 1 1 1
0 0 0 0 0 0.012 0.36 0.91 0.994 1 1
0 0 0 0 0 0.026 0.358 0.888 0.996 1 1
0 0.004 0.05 0.458 0.936 0.996 1 1 1 1 1
0 0 0.032 0.318 0.818 0.988 0.998 1 1 1 1
0 0 0 0 0 0.006 0.314 0.792 0.97 0.996 1
0 0 0 0 0 0.02 0.414 0.93 0.996 1 1
0 0 0 0 0 0.034 0.516 0.946 0.992 1 1
0 0 0 0 0 0.02 0.414 0.93 0.996 1 1
0 0 0 0 0 0.008 0.362 0.888 0.994 1 1
0 0 0 0 0 0.012 0.36 0.91 0.994 1 1
