0 0.002 0.048 0.4 0.894 0.994 1 1 1 1 1
0 0 0 0 0 0.004 0.28 0.826 0.984 1 1
0 0.004 0.138 0.648 0.952 1 1 1 1 1 1
0 0 0 0 0 0.012 0.29 0.81 0.992 1 1
0 0 0 0 0 0.01 0.246 0.838 0.98 1 1
0 0.002 0.048 0.4 0.894 0.994 1 1 1 1 1
0 0 0 0 0 0.01 0.344 0.852 0.99 1 1
0 0 0.034 0.396 0.878 0.99 1 1 1 1 1
0 0.004 0.138 0.648 0.952 1 1 1 1 1 1
0 0 0 0 0 0.004 0.28 0.826 0.984 1 1
0 0 0.026 0.402 0.878 0.996 0.998 1 1 1 1
0 0 0 0 0 0.012 0.29 0.81 0.992 1 1
0 0.002 0.078 0.53 0.936 0.996 1 1 1 1 1
0 0 0 0 0 0.03 0.458 0.924 0.996 1 1
0 0 0 0 0 0.008 0.19 0.764 0.982 1 1
0 0 0 0 0 0.01 0.344 0.852 0.99 1 1
0 0 0.01 0.288 0.816 0.988 1 1 1 1 1
0 0.002 0.078 0.53 0.936 0.996 1 1 1 1 1
0 0 0 0 0 0.01 0.344 0.852 0.99 1 1
0 0 0 0 0 0.012 0.29 0.81 0.992 1 1
0 0 0 0 0 0.03 0.458 0.924 0.996 1 1
0 0 0 0 0 0.03 0.458 0.924 0.996 1 1
0 0 0.026 0.402 0.878 0.996 0.998 1 1 1 1
0 0 0 0 0 0.022 0.432 0.9 0.996 1 1
0 0 0.01 0.288 0.816 0.988 1 1 1 1 1
0 0.002 0.078 0.53 0.936 0.996 1 1 1 1 1
0 0.004 0.07 0.53 0.944 0.998 1 1 1 1 1
0 0 0 0 0 0.01 0.344 0.852 0.99 1 1
0 0 0 0 0 0.03 0.458 0.924 0.996 1 1
0 0.004 0.138 0.648 0.952 1 1 1 1 1 1
0 0 0 0 0 0.012 0.29 0.81 0.992 1 1
0 0.004 0.138 0.648 0.952 1 1 1 1 1 1
0 0.002 0.048 0.4 0.894 0.994 1 1 1 1 1
0 0 0 0 0 0.028 0.504 0.956 0.998 1 1
0 0 0 0 0 0.018 0.322 0.852 0.994 1 1
0 0 0 0 0 0.018 0.458 0.926 0.998 1 1
0 0 0 0 0 0.022 0.432 0.9 0.996 1 1
0 0.002 0.078 0.53 0.936 0.996 1 1 1 1 1
0 0.002 0.078 0.53 0.936 0.996 1 1 1 1 1
0 0.002 0.048 0.4 0.894 0.994 1 1 1 1 1
0 0 0 0 0 0.03 0.458 0.924 0.996 1 1
0 0 0 0 0 0.018 0.458 0.926 0.998 1 1
0 0 0 0 0 0.022 0.432 0.9 0.996 1 1
0 0 0 0 0 0.03 0.458 0.924 0.996 1 1
0 0.002 0.048 0.4 0.894 0.994 1 1 1 1 1
0 0 0 0 0 0.01 0.344 0.852 0.99 1 1
0 0 0 0 0 0.022 0.432 0.9 0.996 1 1
0 0 0 0 0 0.028 0.504 0.956 0.998 1 1
0 0 0 0 0 0.01 0.246 0.838 0.98 1 1
0 0 0 0 0 0.03 0.458 0.924 0.996 1 1
0 0.004 0.07 0.53 0.944 0.998 1 1 1 1 1
0 0 0.038 0.288 0.846 0.986 1 1 1 1 1
0 0 0 0 0 0.004 0.28 0.826 0.984 1 1
0 0 0 0 0 0.03 0.458 0.924 0.996 1 1
0 0 0 0 0 0.01 0.246 0.838 0.98 1 1
0 0.004 0.07 0.53 0.944 0.998 1 1 1 1 1
0 0 0 0 0 0.01 0.246 0.838 0.98 1 1
0 0 0 0 0 0.01 0.344 0.852 0.99 1 1
0 0 0 0 0 0.01 0.246 0.838 0.98 1 1
0 0 0 0 0 0.008 0.19 0.764 0.982 1 1
0 0 0 0 0 0.018 0.322 0.852 0.994 1 1
0 0 0 0 0 0.008 0.19 0.764 0.982 1 1
0 0 0 0 0 0.01 0.246 0.838 0.98 1 1
0 0 0 0 0 0.012 0.29 0.81 0.992 1 1
0 0 0 0 0 0.01 0.246 0.838 0.98 1 1
0 0 0.038 0.288 0.846 0.986 1 1 1 1 1
0 0 0 0 0 0.01 0.246 0.838 0.98 1 1
0 0 0 0 0 0.03 0.458 0.924 0.996 1 1
0 0 0 0 0 0.018 0.322 0.852 0.994 1 1
0 0 0 0 0 0.004 0.28 0.826 0.984 1 1
0 0 0 0 0 0.008 0.19 0.764 0.982 1 1
0 0 0.034 0.396 0.878 0.99 1 1 1 1 1
0 0 0 0 0 0.004 0.28 0.826 0.984 1 1
0 0 0 0 0 0.018 0.458 0.926 0.998 1 1
0 0.002 0.048 0.4 0.894 0.994 1 1 1 1 1
0 0 0 0 0 0.004 0.28 0.826 0.984 1 1
0 0 0 0 0 0.01 0.344 0.852 0.99 1 1
0 0 0 0 0 0.018 0.458 0.926 0.998 1 1
0 0 0 0 0 0.018 0.458 0.926 0.998 1 1
0 0 0 0 0 0.004 0.28 0.826 0.984 1 1
0 0 0 0 0 0.03 0.458 0.924 0.996 1 1
0 0.002 0.048 0.4 0.894 0.994 1 1 1 1 1
0 0 0 0 0 0.01 0.344 0.852 0.99 1 1
0 0.002 0.078 0.53 0.936 0.996 1 1 1 1 1
0 0 0 0 0 0.012 0.29 0.81 0.992 1 1
0 0 0 0 0 0.018 0.322 0.852 0.994 1 1
0 0 0.026 0.402 0.878 0.996 0.998 1 1 1 1
0 0 0.038 0.288 0.846 0.986 1 1 1 1 1
0 0 0 0 0 0.018 0.458 0.926 0.998 1 1
0 0.004 0.07 0.53 0.944 0.998 1 1 1 1 1
0 0 0.01 0.288 0.816 0.988 1 1 1 1 1
0 0 0 0 0 0.018 0.322 0.852 0.994 1 1
0 0 0 0 0 0.01 0.246 0.838 0.98 1 1
0 0.004 0.07 0.53 0.944 0.998 1 1 1 1 1
0 0 0 0 0 0.004 0.28 0.826 0.984 1 1
0 0.004 0.138 0.648 0.952 1 1 1 1 1 1
0 0.004 0.07 0.53 0.944 0.998 1 1 1 1 1
0 0 0 0 0 0.03 0.458 0.924 0.996 1 1
0 0 0 0 0 0.028 0.504 0.956 0.998 1 1
0 0.002 0.078 0.53 0.936 0.996 1 1 1 1 1
0 0 0 0 0 0.008 0.19 0.764 0.982 1 1
0 0 0 0 0 0.004 0.28 0.826 0.984 1 1
0 0 0 0 0 0.004 0.28 0.826 0.984 1 1
0 0 0 0 0 0.008 0.19 0.764 0.982 1 1
0 0 0 0 0 0.01 0.344 0.852 0.99 1 1
0 0 0.026 0.402 0.878 0.996 0.998 1 1 1 1
0 0 0 0 0 0.012 0.29 0.81 0.992 1 1
0 0 0 0 0 0.028 0.504 0.956 0.998 1 1
0 0 0 0 0 0.01 0.246 0.838 0.98 1 1
0 0 0 0 0 0.008 0.19 0.764 0.982 1 1
0 0 0 0 0 0.01 0.246 0.838 0.98 1 1
0 0.002 0.078 0.53 0.936 0.996 1 1 1 1 1
0 0 0 0 0 0.012 0.29 0.81 0.992 1 1
0 0 0 0 0 0.022 0.432 0.9 0.996 1 1
0 0 0 0 0 0.018 0.458 0.926 0.998 1 1
0 0 0.022 0.344 0.88 0.998 0.998 1 1 1 1
0 0 0.038 0.288 0.846 0.986 1 1 1 1 1
0 0 0 0 0 0.01 0.344 0.852 0.99 1 1
0 0 0 0 0 0.01 0.246 0.838 0.98 1 1
0 0 0 0 0 0.01 0.246 0.838 0.98 1 1
0 0 0 0 0 0.012 0.29 0.81 0.992 1 1
0 0 0 0 0 0.008 0.19 0.764 0.982 1 1
0 0 0.034 0.396 0.878 0.99 1 1 1 1 1
0 0 0 0 0 0.022 0.432 0.9 0.996 1 1
0 0 0.022 0.344 0.88 0.998 0.998 1 1 1 1
0 0 0 0 0 0.018 0.458 0.926 0.998 1 1
0 0 0 0 0 0.01 0.246 0.838 0.98 1 1
0 0 0 0 0 0.018 0.322 0.852 0.994 1 1
0 0 0 0 0 0.018 0.458 0.926 0.998 1 1
0 0 0.038 0.288 0.846 0.986 1 1 1 1 1
0 0 0.026 0.402 0.878 0.996 0.998 1 1 1 1
0 0 0 0 0 0.01 0.344 0.852 0.99 1 1
0 0 0 0 0 0.012 0.29 0.81 0.992 1 1
0 0 0 0 0 0.018 0.322 0.852 0.994 1 1
0 0 0 0 0 0.018 0.322 0.852 0.994 1 1
0 0.004 0.138 0.648 0.952 1 1 1 1 1 1
0 0.002 0.048 0.4 0.894 0.994 1 1 1 1 1
0 0 0 0 0 0.01 0.246 0.838 0.98 1 1
0 0 0 0 0 0.004 0.28 0.826 0.984 1 1
0 0 0 0 0 0.004 0.28 0.826 0.984 1 1
0 0 0.034 0.396 0.878 0.99 1 1 1 1 1
0 0 0 0 0 0.018 0.458 0.926 0.998 1 1
0 0 0 0 0 0.008 0.19 0.764 0.982 1 1
0 0 0.01 0.288 0.816 0.988 1 1 1 1 1
0 0 0.038 0.288 0.846 0.986 1 1 1 1 1
0 0 0 0 0 0.01 0.246 0.838 0.98 1 1
0 0 0 0 0 0.018 0.458 0.926 0.998 1 1
0 0 0 0 0 0.022 0.432 0.9 0.996 1 1
0 0 0 0 0 0.004 0.28 0.826 0.984 1 1
0 0 0 0 0 0.018 0.322 0.852 0.994 1 1
0 0 0 0 0 0.018 0.458 0.926 0.998 1 1
