0.1911765 0 0.2058824 0.1764706 0.1544118 0.2058824 0 0 0 0 0
0.3308824 0.1470588 0.3308824 0.3308824 0.3308824 0.5661765 0.7279412 0.742647 0.5955882 0 0
0.1911765 0 0.2132353 0.1764706 0.1691176 0.2058824 0 0 0 0 0
0.3211679 0 0.2919708 0.3211679 0.3211679 0.6642336 0.7664234 0.6934307 0.7518248 0 0
0.2985075 0.2238806 0.2985075 0.2985075 0.2985075 0.6044776 0.738806 0.6641791 0.6716418 0 0
0.2 0 0.1777778 0.1777778 0.1555556 0.0962963 0 0 0 0 0
0.3481481 0 0.3407407 0.3481481 0.3481481 0.7481481 0.7333333 0.7185185 0.6814815 0.6962963 0
0.2 0 0.1777778 0.1777778 0.1555556 0.0962963 0 0 0 0 0
0.1603053 0 0.1679389 0.1603053 0.1221374 0.09923664 0 0 0 0 0
0.3333333 0 0.3333333 0.3333333 0.3333333 0.7304965 0.7375887 0.7304965 0.7446809 0.5602837 0
0.1567164 0.07462687 0.1492537 0.1492537 0.1194030 0 0 0 0 0 0
0.3053435 0 0.3053435 0.3053435 0.3053435 0.6793893 0.740458 0.7022901 0.7251908 0 0
0.1851852 0 0.1777778 0.2 0.1703704 0 0 0 0 0 0
0.3115942 0 0.2753623 0.3115942 0.3115942 0.7246377 0.7391304 0.6811594 0.7536232 0 0
0.3235294 0 0.3235294 0.3235294 0.3235294 0.6397059 0.75 0.7205882 0.6617647 0 0
0.3481481 0 0.3407407 0.3481481 0.3481481 0.7481481 0.7333333 0.7185185 0.6814815 0.6962963 0
0.1811594 0 0.2028986 0.1884058 0.1811594 0.1304348 0.1376812 0 0 0 0
0.1811594 0 0.2028986 0.1884058 0.1811594 0.1304348 0.1376812 0 0 0 0
0.3382353 0 0.3382353 0.3382353 0.3382353 0.5588235 0.7720588 0.7132353 0.6617647 0 0
0.3053435 0 0.3053435 0.3053435 0.3053435 0.6793893 0.740458 0.7022901 0.7251908 0 0
0.3308824 0.1470588 0.3308824 0.3308824 0.3308824 0.5661765 0.7279412 0.742647 0.5955882 0 0
0.3333333 0 0.3333333 0.3333333 0.3333333 0.7304965 0.7375887 0.7304965 0.7446809 0.5602837 0
0.1603053 0 0.1679389 0.1603053 0.1221374 0.09923664 0 0 0 0 0
0.3382353 0 0.3382353 0.3382353 0.3382353 0.5588235 0.7720588 0.7132353 0.6617647 0 0
0.1567164 0.07462687 0.1492537 0.1492537 0.1194030 0 0 0 0 0 0
0.1603053 0 0.1679389 0.1603053 0.1221374 0.09923664 0 0 0 0 0
0.1773050 0 0.1773050 0.1702128 0.1560284 0.09929078 0 0 0 0 0
0.3333333 0 0.3333333 0.3333333 0.3333333 0.6518519 0.7333333 0.7259259 0.6148148 0 0
0.3211679 0 0.2919708 0.3211679 0.3211679 0.6642336 0.7664234 0.6934307 0.7518248 0 0
0.1911765 0 0.2058824 0.1764706 0.1544118 0.2058824 0 0 0 0 0
0.3308824 0.1470588 0.3308824 0.3308824 0.3308824 0.5661765 0.7279412 0.742647 0.5955882 0 0
0.1603053 0 0.1679389 0.1603053 0.1221374 0.09923664 0 0 0 0 0
0.1911765 0.1470588 0.1911765 0.1838235 0.1691176 0 0 0 0 0 0
0.3382353 0 0.3382353 0.3382353 0.3382353 0.5588235 0.7720588 0.7132353 0.6617647 0 0
0.3382353 0 0.3382353 0.3382353 0.3382353 0.5588235 0.7720588 0.7132353 0.6617647 0 0
0.3481481 0 0.3407407 0.3481481 0.3481481 0.7481481 0.7333333 0.7185185 0.6814815 0.6962963 0
0.3333333 0 0.3333333 0.3333333 0.3333333 0.6518519 0.7333333 0.7259259 0.6148148 0 0
0.1911765 0 0.2058824 0.1764706 0.1544118 0.2058824 0 0 0 0 0
0.1811594 0 0.2028986 0.1884058 0.1811594 0.1304348 0.1376812 0 0 0 0
0.1811594 0 0.2028986 0.1884058 0.1811594 0.1304348 0.1376812 0 0 0 0
0.3235294 0 0.3235294 0.3235294 0.3235294 0.6397059 0.75 0.7205882 0.6617647 0 0
0.3308824 0.1470588 0.3308824 0.3308824 0.3308824 0.5661765 0.7279412 0.742647 0.5955882 0 0
0.3211679 0 0.2919708 0.3211679 0.3211679 0.6642336 0.7664234 0.6934307 0.7518248 0 0
0.3053435 0 0.3053435 0.3053435 0.3053435 0.6793893 0.740458 0.7022901 0.7251908 0 0
0.1567164 0.07462687 0.1492537 0.1492537 0.1194030 0 0 0 0 0 0
0.3053435 0 0.3053435 0.3053435 0.3053435 0.6793893 0.740458 0.7022901 0.7251908 0 0
0.3235294 0 0.3235294 0.3235294 0.3235294 0.6397059 0.75 0.7205882 0.6617647 0 0
0.3382353 0 0.3382353 0.3382353 0.3382353 0.5588235 0.7720588 0.7132353 0.6617647 0 0
0.3211679 0 0.2919708 0.3211679 0.3211679 0.6642336 0.7664234 0.6934307 0.7518248 0 0
0.3053435 0 0.3053435 0.3053435 0.3053435 0.6793893 0.740458 0.7022901 0.7251908 0 0
0.1567164 0.07462687 0.1492537 0.1492537 0.1194030 0 0 0 0 0 0
0.1824818 0 0.1751825 0.1751825 0.1678832 0.1094891 0 0 0 0 0
0.3382353 0 0.3382353 0.3382353 0.3382353 0.5588235 0.7720588 0.7132353 0.6617647 0 0
0.3333333 0 0.3333333 0.3333333 0.3333333 0.7304965 0.7375887 0.7304965 0.7446809 0.5602837 0
0.3235294 0 0.3235294 0.3235294 0.3235294 0.6397059 0.75 0.7205882 0.6617647 0 0
0.1567164 0.07462687 0.1492537 0.1492537 0.1194030 0 0 0 0 0 0
0.3115942 0 0.2753623 0.3115942 0.3115942 0.7246377 0.7391304 0.6811594 0.7536232 0 0
0.3333333 0 0.3333333 0.3333333 0.3333333 0.6518519 0.7333333 0.7259259 0.6148148 0 0
0.3115942 0 0.2753623 0.3115942 0.3115942 0.7246377 0.7391304 0.6811594 0.7536232 0 0
0.3481481 0 0.3407407 0.3481481 0.3481481 0.7481481 0.7333333 0.7185185 0.6814815 0.6962963 0
0.3308824 0.1470588 0.3308824 0.3308824 0.3308824 0.5661765 0.7279412 0.742647 0.5955882 0 0
0.3333333 0 0.3333333 0.3333333 0.3333333 0.6518519 0.7333333 0.7259259 0.6148148 0 0
0.3481481 0 0.3407407 0.3481481 0.3481481 0.7481481 0.7333333 0.7185185 0.6814815 0.6962963 0
0.3333333 0 0.3333333 0.3333333 0.3333333 0.6518519 0.7333333 0.7259259 0.6148148 0 0
0.3235294 0 0.3235294 0.3235294 0.3235294 0.6397059 0.75 0.7205882 0.6617647 0 0
0.1567164 0.07462687 0.1492537 0.1492537 0.1194030 0 0 0 0 0 0
0.3308824 0.1470588 0.3308824 0.3308824 0.3308824 0.5661765 0.7279412 0.742647 0.5955882 0 0
0.3481481 0 0.3407407 0.3481481 0.3481481 0.7481481 0.7333333 0.7185185 0.6814815 0.6962963 0
0.3053435 0 0.3053435 0.3053435 0.3053435 0.6793893 0.740458 0.7022901 0.7251908 0 0
0.3481481 0 0.3407407 0.3481481 0.3481481 0.7481481 0.7333333 0.7185185 0.6814815 0.6962963 0
0.3235294 0 0.3235294 0.3235294 0.3235294 0.6397059 0.75 0.7205882 0.6617647 0 0
0.2 0 0.1777778 0.1777778 0.1555556 0.0962963 0 0 0 0 0
0.3333333 0 0.3333333 0.3333333 0.3333333 0.7304965 0.7375887 0.7304965 0.7446809 0.5602837 0
0.3308824 0.1470588 0.3308824 0.3308824 0.3308824 0.5661765 0.7279412 0.742647 0.5955882 0 0
0.1911765 0.1470588 0.1911765 0.1838235 0.1691176 0 0 0 0 0 0
0.3382353 0 0.3382353 0.3382353 0.3382353 0.5588235 0.7720588 0.7132353 0.6617647 0 0
0.3333333 0 0.3333333 0.3333333 0.3333333 0.7304965 0.7375887 0.7304965 0.7446809 0.5602837 0
0.3382353 0 0.3382353 0.3382353 0.3382353 0.5588235 0.7720588 0.7132353 0.6617647 0 0
0.3481481 0 0.3407407 0.3481481 0.3481481 0.7481481 0.7333333 0.7185185 0.6814815 0.6962963 0
0.2985075 0.2238806 0.2985075 0.2985075 0.2985075 0.6044776 0.738806 0.6641791 0.6716418 0 0
0.3308824 0.1470588 0.3308824 0.3308824 0.3308824 0.5661765 0.7279412 0.742647 0.5955882 0 0
0.1911765 0.1470588 0.1911765 0.1838235 0.1691176 0 0 0 0 0 0
0.2985075 0.2238806 0.2985075 0.2985075 0.2985075 0.6044776 0.738806 0.6641791 0.6716418 0 0
0.1824818 0 0.1751825 0.1751825 0.1678832 0.1094891 0 0 0 0 0
0.3053435 0 0.3053435 0.3053435 0.3053435 0.6793893 0.740458 0.7022901 0.7251908 0 0
0.3053435 0 0.3053435 0.3053435 0.3053435 0.6793893 0.740458 0.7022901 0.7251908 0 0
0.1824818 0 0.1751825 0.1751825 0.1678832 0.1094891 0 0 0 0 0
0.1811594 0 0.2028986 0.1884058 0.1811594 0.1304348 0.1376812 0 0 0 0
0.3115942 0 0.2753623 0.3115942 0.3115942 0.7246377 0.7391304 0.6811594 0.7536232 0 0
0.1811594 0 0.2028986 0.1884058 0.1811594 0.1304348 0.1376812 0 0 0 0
0.1824818 0 0.1751825 0.1751825 0.1678832 0.1094891 0 0 0 0 0
0.3481481 0 0.3407407 0.3481481 0.3481481 0.7481481 0.7333333 0.7185185 0.6814815 0.6962963 0
0.3481481 0 0.3407407 0.3481481 0.3481481 0.7481481 0.7333333 0.7185185 0.6814815 0.6962963 0
0.1567164 0.07462687 0.1492537 0.1492537 0.1194030 0 0 0 0 0 0
0.3235294 0 0.3235294 0.3235294 0.3235294 0.6397059 0.75 0.7205882 0.6617647 0 0
0.1911765 0 0.2132353 0.1764706 0.1691176 0.2058824 0 0 0 0 0
0.1567164 0.07462687 0.1492537 0.1492537 0.1194030 0 0 0 0 0 0
0.3382353 0 0.3382353 0.3382353 0.3382353 0.5588235 0.7720588 0.7132353 0.6617647 0 0
0.3333333 0 0.3333333 0.3333333 0.3333333 0.6518519 0.7333333 0.7259259 0.6148148 0 0
0.1603053 0 0.1679389 0.1603053 0.1221374 0.09923664 0 0 0 0 0
0.3481481 0 0.3407407 0.3481481 0.3481481 0.7481481 0.7333333 0.7185185 0.6814815 0.6962963 0
0.3481481 0 0.3407407 0.3481481 0.3481481 0.7481481 0.7333333 0.7185185 0.6814815 0.6962963 0
0.3481481 0 0.3407407 0.3481481 0.3481481 0.7481481 0.7333333 0.7185185 0.6814815 0.6962963 0
0.3333333 0 0.3333333 0.3333333 0.3333333 0.6518519 0.7333333 0.7259259 0.6148148 0 0
0.3235294 0 0.3235294 0.3235294 0.3235294 0.6397059 0.75 0.7205882 0.6617647 0 0
0.1603053 0 0.1679389 0.1603053 0.1221374 0.09923664 0 0 0 0 0
0.3333333 0 0.3333333 0.3333333 0.3333333 0.6518519 0.7333333 0.7259259 0.6148148 0 0
0.3333333 0 0.3333333 0.3333333 0.3333333 0.7304965 0.7375887 0.7304965 0.7446809 0.5602837 0
0.3053435 0 0.3053435 0.3053435 0.3053435 0.6793893 0.740458 0.7022901 0.7251908 0 0
0.3235294 0 0.3235294 0.3235294 0.3235294 0.6397059 0.75 0.7205882 0.6617647 0 0
0.3382353 0 0.3382353 0.3382353 0.3382353 0.5588235 0.7720588 0.7132353 0.6617647 0 0
0.1911765 0 0.2058824 0.1764706 0.1544118 0.2058824 0 0 0 0 0
0.2985075 0.2238806 0.2985075 0.2985075 0.2985075 0.6044776 0.738806 0.6641791 0.6716418 0 0
0.2985075 0.2238806 0.2985075 0.2985075 0.2985075 0.6044776 0.738806 0.6641791 0.6716418 0 0
0.3333333 0 0.3333333 0.3333333 0.3333333 0.6518519 0.7333333 0.7259259 0.6148148 0 0
0.1911765 0.1470588 0.1911765 0.1838235 0.1691176 0 0 0 0 0 0
0.1603053 0 0.1679389 0.1603053 0.1221374 0.09923664 0 0 0 0 0
0.3333333 0 0.3333333 0.3333333 0.3333333 0.6518519 0.7333333 0.7259259 0.6148148 0 0
0.3333333 0 0.3333333 0.3333333 0.3333333 0.7304965 0.7375887 0.7304965 0.7446809 0.5602837 0
0.2985075 0.2238806 0.2985075 0.2985075 0.2985075 0.6044776 0.738806 0.6641791 0.6716418 0 0
0.3235294 0 0.3235294 0.3235294 0.3235294 0.6397059 0.75 0.7205882 0.6617647 0 0
0.3053435 0 0.3053435 0.3053435 0.3053435 0.6793893 0.740458 0.7022901 0.7251908 0 0
0.2 0 0.1777778 0.1777778 0.1555556 0.0962963 0 0 0 0 0
0.3053435 0 0.3053435 0.3053435 0.3053435 0.6793893 0.740458 0.7022901 0.7251908 0 0
0.1911765 0 0.2058824 0.1764706 0.1544118 0.2058824 0 0 0 0 0
0.3308824 0.1470588 0.3308824 0.3308824 0.3308824 0.5661765 0.7279412 0.742647 0.5955882 0 0
0.3211679 0 0.2919708 0.3211679 0.3211679 0.6642336 0.7664234 0.6934307 0.7518248 0 0
0.2985075 0.2238806 0.2985075 0.2985075 0.2985075 0.6044776 0.738806 0.6641791 0.6716418 0 0
0.3211679 0 0.2919708 0.3211679 0.3211679 0.6642336 0.7664234 0.6934307 0.7518248 0 0
0.1911765 0 0.2132353 0.1764706 0.1691176 0.2058824 0 0 0 0 0
0.1603053 0 0.1679389 0.1603053 0.1221374 0.09923664 0 0 0 0 0
0.3115942 0 0.2753623 0.3115942 0.3115942 0.7246377 0.7391304 0.6811594 0.7536232 0 0
0.3382353 0 0.3382353 0.3382353 0.3382353 0.5588235 0.7720588 0.7132353 0.6617647 0 0
0.3115942 0 0.2753623 0.3115942 0.3115942 0.7246377 0.7391304 0.6811594 0.7536232 0 0
0.3333333 0 0.3333333 0.3333333 0.3333333 0.6518519 0.7333333 0.7259259 0.6148148 0 0
0.1567164 0.07462687 0.1492537 0.1492537 0.1194030 0 0 0 0 0 0
0.1603053 0 0.1679389 0.1603053 0.1221374 0.09923664 0 0 0 0 0
0.3481481 0 0.3407407 0.3481481 0.3481481 0.7481481 0.7333333 0.7185185 0.6814815 0.6962963 0
0.3211679 0 0.2919708 0.3211679 0.3211679 0.6642336 0.7664234 0.6934307 0.7518248 0 0
0.3382353 0 0.3382353 0.3382353 0.3382353 0.5588235 0.7720588 0.7132353 0.6617647 0 0
0.1773050 0 0.1773050 0.1702128 0.1560284 0.09929078 0 0 0 0 0
0.3115942 0 0.2753623 0.3115942 0.3115942 0.7246377 0.7391304 0.6811594 0.7536232 0 0
0.3211679 0 0.2919708 0.3211679 0.3211679 0.6642336 0.7664234 0.6934307 0.7518248 0 0
0.1824818 0 0.1751825 0.1751825 0.1678832 0.1094891 0 0 0 0 0
0.1851852 0 0.1777778 0.2 0.1703704 0 0 0 0 0 0
0.3211679 0 0.2919708 0.3211679 0.3211679 0.6642336 0.7664234 0.6934307 0.7518248 0 0
0.2985075 0.2238806 0.2985075 0.2985075 0.2985075 0.6044776 0.738806 0.6641791 0.6716418 0 0
0.3333333 0 0.3333333 0.3333333 0.3333333 0.7304965 0.7375887 0.7304965 0.7446809 0.5602837 0
0.3333333 0 0.3333333 0.3333333 0.3333333 0.6518519 0.7333333 0.7259259 0.6148148 0 0
0.3308824 0.1470588 0.3308824 0.3308824 0.3308824 0.5661765 0.7279412 0.742647 0.5955882 0 0
0.3308824 0.1470588 0.3308824 0.3308824 0.3308824 0.5661765 0.7279412 0.742647 0.5955882 0 0
