0 0.1390728 0.2119205 0.09933775 0.1192053 0 0 0 0 0 0
0 0.1854305 0.3245033 0.3245033 0.3245033 0.7880795 0.5827815 0.8807947 0.5827815 0 0
0 0 0 0 0.02649007 0.01986755 0 0 0 0 0
0 0.1854305 0.3245033 0.3245033 0.3245033 0.8410596 0.7748344 0.781457 0.7748344 0 0
0 0.1854305 0.3245033 0.3245033 0.3245033 0.6357616 0.5562914 0.5562914 0.4569536 0 0
0 0.1854305 0.2516556 0.2781457 0.2781457 0.2781457 0.1854305 0 0 0 0
0 0.1854305 0.3245033 0.3245033 0.3245033 0.8410596 0.8741722 0.6622517 0.7152318 0 0
0 0.04635762 0.07284768 0.1390728 0.1589404 0.1589404 0.1854305 0 0 0 0
0 0.1854305 0.2516556 0.2781457 0.2781457 0.2781457 0.1854305 0 0 0 0
0 0.1854305 0.3245033 0.3245033 0.3245033 0.3907285 0.4900662 0.3245033 0.3245033 0.8675497 0
0 0.1854305 0.2317881 0.2317881 0.1390728 0.01986755 0 0 0 0 0
0 0.1854305 0.3245033 0.3245033 0.3245033 0.3907285 0.4900662 0.3245033 0.3245033 0.8675497 0
0 0.04635762 0.07284768 0.1390728 0.1589404 0.1589404 0.1854305 0 0 0 0
0 0.1854305 0.3245033 0.3245033 0.3245033 0.3907285 0.4900662 0.3245033 0.3245033 0.8675497 0
0 0.1854305 0.3245033 0.3245033 0.3245033 0.4569536 0.3907285 0.3907285 0.4569536 0 0
0 0.1854305 0.3245033 0.3245033 0.3245033 0.4569536 0.3907285 0.3907285 0.4569536 0 0
0 0.04635762 0.07284768 0.1390728 0.1589404 0.1589404 0.1854305 0 0 0 0
0 0.04635762 0.07284768 0.1390728 0.1589404 0.1589404 0.1854305 0 0 0 0
0 0.1854305 0.3245033 0.3245033 0.3245033 0.8410596 0.7748344 0.781457 0.7748344 0 0
0 0.1854305 0.3245033 0.3245033 0.3245033 0.7880795 0.5827815 0.8807947 0.5827815 0 0
0 0.1854305 0.3245033 0.3245033 0.3245033 0.5562914 0.6357616 0.5562914 0.5827815 0 0
0 0.1854305 0.3245033 0.3245033 0.3245033 0.3245033 0.3245033 0.3907285 0.3245033 0 0
0 0.1854305 0.04635762 0.04635762 0 0.01986755 0 0 0 0 0
0 0.1854305 0.3245033 0.3245033 0.3245033 0.3245033 0.3245033 0.3907285 0.3245033 0 0
0 0.04635762 0.07284768 0.1390728 0.1589404 0.1589404 0.1854305 0 0 0 0
0 0.1390728 0.2119205 0.09933775 0.1192053 0 0 0 0 0 0
0 0 0 0 0.02649007 0.01986755 0 0 0 0 0
0 0.1854305 0.3245033 0.3245033 0.3245033 0.4569536 0.3907285 0.3907285 0.4569536 0 0
0 0.1854305 0.3245033 0.3245033 0.3245033 0.7284768 0.7152318 0.7218543 0.8741722 0 0
0 0 0 0 0.02649007 0.01986755 0 0 0 0 0
0 0.1854305 0.3245033 0.3245033 0.3245033 0.7880795 0.5827815 0.8807947 0.5827815 0 0
0 0.04635762 0.07284768 0.1390728 0.1589404 0.1589404 0.1854305 0 0 0 0
0 0.1854305 0.04635762 0.04635762 0 0.01986755 0 0 0 0 0
0 0.1854305 0.3245033 0.3245033 0.3245033 0.5562914 0.6357616 0.5562914 0.5827815 0 0
0 0.1854305 0.3245033 0.3245033 0.3245033 0.8410596 0.8741722 0.6622517 0.7152318 0 0
0 0.1854305 0.3245033 0.3245033 0.3245033 0.7284768 0.7152318 0.7218543 0.8741722 0 0
0 0.1854305 0.3245033 0.3245033 0.3245033 0.6622517 0.9337748 0.9337748 0.9337748 0.8675497 0
0 0.1854305 0.2516556 0.2781457 0.2781457 0.2781457 0.1854305 0 0 0 0
0 0.1854305 0.2516556 0.2781457 0.2781457 0.2781457 0.1854305 0 0 0 0
0 0.04635762 0.07284768 0.1390728 0.1589404 0.1589404 0.1854305 0 0 0 0
0 0.1854305 0.3245033 0.3245033 0.3245033 0.6622517 0.9337748 0.9337748 0.9337748 0.8675497 0
0 0.1854305 0.3245033 0.3245033 0.3245033 0.5562914 0.6357616 0.5562914 0.5827815 0 0
0 0.1854305 0.3245033 0.3245033 0.3245033 0.6357616 0.5562914 0.5562914 0.4569536 0 0
0 0.1854305 0.3245033 0.3245033 0.3245033 0.3245033 0.3245033 0.3907285 0.3245033 0 0
0 0.1854305 0.2516556 0.2781457 0.2781457 0.2781457 0.1854305 0 0 0 0
0 0.1854305 0.3245033 0.3245033 0.3245033 0.8410596 0.7748344 0.781457 0.7748344 0 0
0 0.1854305 0.3245033 0.3245033 0.3245033 0.7284768 0.7152318 0.7218543 0.8741722 0 0
0 0.1854305 0.3245033 0.3245033 0.3245033 0.4569536 0.3907285 0.3907285 0.4569536 0 0
0 0.1854305 0.3245033 0.3245033 0.3245033 0.3907285 0.4900662 0.3245033 0.3245033 0.8675497 0
0 0.1854305 0.3245033 0.3245033 0.3245033 0.7284768 0.7152318 0.7218543 0.8741722 0 0
0 0.04635762 0.07284768 0.1390728 0.1589404 0.1589404 0.1854305 0 0 0 0
0 0.1854305 0.2516556 0.2781457 0.2781457 0.2781457 0.1854305 0 0 0 0
0 0.1854305 0.3245033 0.3245033 0.3245033 0.5562914 0.6357616 0.5562914 0.5827815 0 0
0 0.1854305 0.3245033 0.3245033 0.3245033 0.8410596 0.7748344 0.781457 0.7748344 0 0
0 0.1854305 0.3245033 0.3245033 0.3245033 0.3245033 0.3245033 0.3907285 0.3245033 0 0
0 0.04635762 0.07284768 0.1390728 0.1589404 0.1589404 0.1854305 0 0 0 0
0 0.1854305 0.3245033 0.3245033 0.3245033 0.4569536 0.3907285 0.3907285 0.4569536 0 0
0 0.1854305 0.3245033 0.3245033 0.3245033 0.8410596 0.7748344 0.781457 0.7748344 0 0
0 0.1854305 0.3245033 0.3245033 0.3245033 0.7880795 0.5827815 0.8807947 0.5827815 0 0
0 0.1854305 0.3245033 0.3245033 0.3245033 0.6622517 0.9337748 0.9337748 0.9337748 0.8675497 0
0 0.1854305 0.3245033 0.3245033 0.3245033 0.4569536 0.3907285 0.3907285 0.4569536 0 0
0 0.1854305 0.3245033 0.3245033 0.3245033 0.5562914 0.6357616 0.5562914 0.5827815 0 0
0 0.1854305 0.3245033 0.3245033 0.3245033 0.6622517 0.9337748 0.9337748 0.9337748 0.8675497 0
0 0.1854305 0.3245033 0.3245033 0.3245033 0.4569536 0.3907285 0.3907285 0.4569536 0 0
0 0.1854305 0.3245033 0.3245033 0.3245033 0.3245033 0.3245033 0.3907285 0.3245033 0 0
0 0 0 0 0.02649007 0.01986755 0 0 0 0 0
0 0.1854305 0.3245033 0.3245033 0.3245033 0.8410596 0.7748344 0.781457 0.7748344 0 0
0 0.1854305 0.3245033 0.3245033 0.3245033 0.5562914 0.6357616 0.5562914 0.5827815 0 0
0 0.1854305 0.3245033 0.3245033 0.3245033 0.3907285 0.4900662 0.3245033 0.3245033 0.8675497 0
0 0.1854305 0.3245033 0.3245033 0.3245033 0.8410596 0.7748344 0.781457 0.7748344 0 0
0 0.1854305 0.3245033 0.3245033 0.3245033 0.8410596 0.7748344 0.781457 0.7748344 0 0
0 0.1854305 0.04635762 0.04635762 0 0.01986755 0 0 0 0 0
0 0.1854305 0.3245033 0.3245033 0.3245033 0.5562914 0.6357616 0.5562914 0.5827815 0 0
0 0.1854305 0.3245033 0.3245033 0.3245033 0.3907285 0.4900662 0.3245033 0.3245033 0.8675497 0
0 0.1854305 0.2317881 0.2317881 0.1390728 0.01986755 0 0 0 0 0
0 0.1854305 0.3245033 0.3245033 0.3245033 0.8410596 0.8741722 0.6622517 0.7152318 0 0
0 0.1854305 0.3245033 0.3245033 0.3245033 0.4569536 0.3907285 0.3907285 0.4569536 0 0
0 0.1854305 0.3245033 0.3245033 0.3245033 0.4569536 0.3907285 0.3907285 0.4569536 0 0
0 0.1854305 0.3245033 0.3245033 0.3245033 0.8410596 0.8741722 0.6622517 0.7152318 0 0
0 0.1854305 0.3245033 0.3245033 0.3245033 0.8410596 0.7748344 0.781457 0.7748344 0 0
0 0.1854305 0.3245033 0.3245033 0.3245033 0.6622517 0.9337748 0.9337748 0.9337748 0.8675497 0
0 0.1854305 0.2317881 0.2317881 0.1390728 0.01986755 0 0 0 0 0
0 0.1854305 0.3245033 0.3245033 0.3245033 0.3907285 0.4900662 0.3245033 0.3245033 0.8675497 0
0 0.1854305 0.2980132 0.2516556 0.2516556 0.2516556 0 0 0 0 0
0 0.1854305 0.3245033 0.3245033 0.3245033 0.4569536 0.3907285 0.3907285 0.4569536 0 0
0 0.1854305 0.3245033 0.3245033 0.3245033 0.8410596 0.8741722 0.6622517 0.7152318 0 0
0 0.1854305 0.2980132 0.2516556 0.2516556 0.2516556 0 0 0 0 0
0 0.1854305 0.2516556 0.2781457 0.2781457 0.2781457 0.1854305 0 0 0 0
0 0.1854305 0.3245033 0.3245033 0.3245033 0.7284768 0.7152318 0.7218543 0.8741722 0 0
0 0.1854305 0.04635762 0.04635762 0 0.01986755 0 0 0 0 0
0 0 0 0 0.02649007 0.01986755 0 0 0 0 0
0 0.1854305 0.3245033 0.3245033 0.3245033 0.6357616 0.5562914 0.5562914 0.4569536 0 0
0 0.1854305 0.3245033 0.3245033 0.3245033 0.8410596 0.7748344 0.781457 0.7748344 0 0
0 0.04635762 0.07284768 0.1390728 0.1589404 0.1589404 0.1854305 0 0 0 0
0 0.1854305 0.3245033 0.3245033 0.3245033 0.4569536 0.3907285 0.3907285 0.4569536 0 0
0 0.1390728 0.2119205 0.09933775 0.1192053 0 0 0 0 0 0
0 0.04635762 0.07284768 0.1390728 0.1589404 0.1589404 0.1854305 0 0 0 0
0 0.1854305 0.3245033 0.3245033 0.3245033 0.8410596 0.7748344 0.781457 0.7748344 0 0
0 0.1854305 0.3245033 0.3245033 0.3245033 0.8410596 0.8741722 0.6622517 0.7152318 0 0
0 0.1390728 0.1655629 0.07284768 0.07284768 0.01986755 0 0 0 0 0
0 0.1854305 0.3245033 0.3245033 0.3245033 0.4569536 0.3907285 0.3907285 0.4569536 0 0
0 0.1854305 0.3245033 0.3245033 0.3245033 0.7880795 0.5827815 0.8807947 0.5827815 0 0
0 0.1854305 0.3245033 0.3245033 0.3245033 0.3907285 0.4900662 0.3245033 0.3245033 0.8675497 0
0 0.1854305 0.3245033 0.3245033 0.3245033 0.7284768 0.7152318 0.7218543 0.8741722 0 0
0 0.1854305 0.3245033 0.3245033 0.3245033 0.6357616 0.5562914 0.5562914 0.4569536 0 0
0 0.04635762 0.07284768 0.1390728 0.1589404 0.1589404 0.1854305 0 0 0 0
0 0.1854305 0.3245033 0.3245033 0.3245033 0.6622517 0.9337748 0.9337748 0.9337748 0.8675497 0
0 0.1854305 0.3245033 0.3245033 0.3245033 0.6622517 0.9337748 0.9337748 0.9337748 0.8675497 0
0 0.1854305 0.3245033 0.3245033 0.3245033 0.5562914 0.6357616 0.5562914 0.5827815 0 0
0 0.1854305 0.3245033 0.3245033 0.3245033 0.3245033 0.3245033 0.3907285 0.3245033 0 0
0 0.1854305 0.3245033 0.3245033 0.3245033 0.7880795 0.5827815 0.8807947 0.5827815 0 0
0 0.1854305 0.2980132 0.2516556 0.2516556 0.2516556 0 0 0 0 0
0 0.1854305 0.3245033 0.3245033 0.3245033 0.7284768 0.7152318 0.7218543 0.8741722 0 0
0 0.1854305 0.3245033 0.3245033 0.3245033 0.5562914 0.6357616 0.5562914 0.5827815 0 0
0 0.1854305 0.3245033 0.3245033 0.3245033 0.4569536 0.3907285 0.3907285 0.4569536 0 0
0 0.1390728 0.1655629 0.07284768 0.07284768 0.01986755 0 0 0 0 0
0 0.1854305 0.1920530 0.1192053 0.09933775 0.1390728 0 0 0 0 0
0 0.1854305 0.3245033 0.3245033 0.3245033 0.3245033 0.3245033 0.3907285 0.3245033 0 0
0 0.1854305 0.3245033 0.3245033 0.3245033 0.8410596 0.8741722 0.6622517 0.7152318 0 0
0 0.1854305 0.3245033 0.3245033 0.3245033 0.7284768 0.7152318 0.7218543 0.8741722 0 0
0 0.1854305 0.3245033 0.3245033 0.3245033 0.6622517 0.9337748 0.9337748 0.9337748 0.8675497 0
0 0.1854305 0.3245033 0.3245033 0.3245033 0.3907285 0.4900662 0.3245033 0.3245033 0.8675497 0
0 0.1390728 0.1655629 0.07284768 0.07284768 0.01986755 0 0 0 0 0
0 0.1854305 0.3245033 0.3245033 0.3245033 0.4569536 0.3907285 0.3907285 0.4569536 0 0
0 0.04635762 0.07284768 0.1390728 0.1589404 0.1589404 0.1854305 0 0 0 0
0 0.1854305 0.3245033 0.3245033 0.3245033 0.5562914 0.6357616 0.5562914 0.5827815 0 0
0 0.1854305 0.3245033 0.3245033 0.3245033 0.5562914 0.6357616 0.5562914 0.5827815 0 0
0 0.1854305 0.3245033 0.3245033 0.3245033 0.6622517 0.9337748 0.9337748 0.9337748 0.8675497 0
0 0.1854305 0.3245033 0.3245033 0.3245033 0.7880795 0.5827815 0.8807947 0.5827815 0 0
0 0.1390728 0.1655629 0.07284768 0.07284768 0.01986755 0 0 0 0 0
0 0.1854305 0.1920530 0.1192053 0.09933775 0.1390728 0 0 0 0 0
0 0.1854305 0.3245033 0.3245033 0.3245033 0.5562914 0.6357616 0.5562914 0.5827815 0 0
0 0.1854305 0.3245033 0.3245033 0.3245033 0.3245033 0.3245033 0.3907285 0.3245033 0 0
0 0.1854305 0.3245033 0.3245033 0.3245033 0.7284768 0.7152318 0.7218543 0.8741722 0 0
0 0.1854305 0.3245033 0.3245033 0.3245033 0.4569536 0.3907285 0.3907285 0.4569536 0 0
0 0 0 0 0.02649007 0.01986755 0 0 0 0 0
0 0.1854305 0.1920530 0.1192053 0.09933775 0.1390728 0 0 0 0 0
0 0.1854305 0.3245033 0.3245033 0.3245033 0.6622517 0.9337748 0.9337748 0.9337748 0.8675497 0
0 0.1854305 0.3245033 0.3245033 0.3245033 0.7880795 0.5827815 0.8807947 0.5827815 0 0
0 0.1854305 0.3245033 0.3245033 0.3245033 0.8410596 0.7748344 0.781457 0.7748344 0 0
0 0.04635762 0.07284768 0.1390728 0.1589404 0.1589404 0.1854305 0 0 0 0
0 0.1854305 0.3245033 0.3245033 0.3245033 0.8410596 0.7748344 0.781457 0.7748344 0 0
0 0.1854305 0.3245033 0.3245033 0.3245033 0.8410596 0.8741722 0.6622517 0.7152318 0 0
0 0 0 0 0.02649007 0.01986755 0 0 0 0 0
0 0.1854305 0.2980132 0.2516556 0.2516556 0.2516556 0 0 0 0 0
0 0.1854305 0.3245033 0.3245033 0.3245033 0.8410596 0.7748344 0.781457 0.7748344 0 0
0 0.1854305 0.3245033 0.3245033 0.3245033 0.3245033 0.3245033 0.3907285 0.3245033 0 0
0 0.1854305 0.3245033 0.3245033 0.3245033 0.8410596 0.8741722 0.6622517 0.7152318 0 0
0 0.1854305 0.3245033 0.3245033 0.3245033 0.3907285 0.4900662 0.3245033 0.3245033 0.8675497 0
0 0.1854305 0.3245033 0.3245033 0.3245033 0.8410596 0.7748344 0.781457 0.7748344 0 0
0 0.1854305 0.3245033 0.3245033 0.3245033 0.3245033 0.3245033 0.3907285 0.3245033 0 0
