0.1678832 0 0.1678832 0.1605839 0.1313869 0 0 0 0 0 0
0.3260870 0 0.3260870 0.3260870 0.3260870 0.768116 0.7391304 0.6956522 0.6304348 0.6956522 0
0.1703704 0.1925926 0.1629630 0.1629630 0.1629630 0.06666667 0 0 0 0 0
0.3307692 0.1538462 0.3307692 0.3307692 0.3307692 0.6076923 0.7461538 0.7153846 0.6692308 0 0
0.3260870 0 0.3260870 0.3260870 0.3260870 0.768116 0.7391304 0.6956522 0.6304348 0.6956522 0
0.1791045 0 0.1865672 0.1791045 0.1865672 0.1417910 0 0 0 0 0
0.3111111 0.1925926 0.3111111 0.3111111 0.3111111 0.6444444 0.7407407 0.6888889 0.7259259 0 0
0.1703704 0.1925926 0.1629630 0.1629630 0.1629630 0.06666667 0 0 0 0 0
0.1691176 0 0.1764706 0.1911765 0.1764706 0.1838235 0 0 0 0 0
0.3134328 0 0.3134328 0.3134328 0.3134328 0.6641791 0.7238806 0.738806 0.6567164 0 0
0.1703704 0.1925926 0.1629630 0.1629630 0.1629630 0.06666667 0 0 0 0 0
0.3307692 0.1538462 0.3307692 0.3307692 0.3307692 0.6076923 0.7461538 0.7153846 0.6692308 0 0
0.1641791 0.1417910 0.1865672 0.1716418 0.1417910 0.2089552 0 0 0 0 0
0.3407407 0 0.3407407 0.3407407 0.3407407 0.7111111 0.7111111 0.7037037 0.762963 0 0
0.3134328 0 0.3134328 0.3134328 0.3134328 0.6641791 0.7238806 0.738806 0.6567164 0 0
0.3357143 0 0.3357143 0.3357143 0.3357143 0.7357143 0.7571429 0.6857143 0.6357143 0.7214286 0
0.1691176 0 0.1764706 0.1911765 0.1764706 0.1838235 0 0 0 0 0
0.1811594 0 0.1884058 0.1884058 0.1739130 0.1159420 0 0 0 0 0
0.3307692 0.1538462 0.3307692 0.3307692 0.3307692 0.6076923 0.7461538 0.7153846 0.6692308 0 0
0.3407407 0 0.3407407 0.3407407 0.3407407 0.7111111 0.7111111 0.7037037 0.762963 0 0
0.3407407 0 0.3407407 0.3407407 0.3407407 0.7111111 0.7111111 0.7037037 0.762963 0 0
0.3111111 0.1925926 0.3111111 0.3111111 0.3111111 0.6444444 0.7407407 0.6888889 0.7259259 0 0
0.1791045 0 0.1865672 0.1791045 0.1865672 0.1417910 0 0 0 0 0
0.3134328 0 0.3134328 0.3134328 0.3134328 0.6641791 0.7238806 0.738806 0.6567164 0 0
0.1791045 0 0.1865672 0.1791045 0.1865672 0.1417910 0 0 0 0 0
0.1791045 0 0.1865672 0.1791045 0.1865672 0.1417910 0 0 0 0 0
0.1791045 0 0.1865672 0.1791045 0.1865672 0.1417910 0 0 0 0 0
0.3284672 0 0.3284672 0.3284672 0.3284672 0.7737226 0.7737226 0.7372263 0.6861314 0 0
0.3142857 0 0.3142857 0.3142857 0.3142857 0.6428571 0.7214286 0.6714286 0.7285714 0 0
0.1678832 0 0.1678832 0.1605839 0.1313869 0 0 0 0 0 0
0.3260870 0 0.3260870 0.3260870 0.3260870 0.768116 0.7391304 0.6956522 0.6304348 0.6956522 0
0.1642857 0 0.1928571 0.1714286 0.1428571 0.1785714 0 0 0 0 0
0.1703704 0.1925926 0.1629630 0.1629630 0.1629630 0.06666667 0 0 0 0 0
0.3208955 0.1417910 0.3208955 0.3208955 0.3208955 0.761194 0.7462687 0.7313433 0.6716418 0 0
0.3307692 0.1538462 0.3307692 0.3307692 0.3307692 0.6076923 0.7461538 0.7153846 0.6692308 0 0
0.3134328 0 0.3134328 0.3134328 0.3134328 0.6641791 0.7238806 0.738806 0.6567164 0 0
0.3235294 0 0.3014706 0.3235294 0.3235294 0.6617647 0.6911765 0.6764706 0.7205882 0.7132353 0
0.1769231 0.1538462 0.1923077 0.1769231 0.1615385 0.1846154 0 0 0 0 0
0.1703704 0.1925926 0.1629630 0.1629630 0.1629630 0.06666667 0 0 0 0 0
0.1641791 0.1417910 0.1865672 0.1716418 0.1417910 0.2089552 0 0 0 0 0
0.3357143 0 0.3357143 0.3357143 0.3357143 0.7357143 0.7571429 0.6857143 0.6357143 0.7214286 0
0.3208955 0.1417910 0.3208955 0.3208955 0.3208955 0.761194 0.7462687 0.7313433 0.6716418 0 0
0.3307692 0.1538462 0.3307692 0.3307692 0.3307692 0.6076923 0.7461538 0.7153846 0.6692308 0 0
0.3134328 0 0.3134328 0.3134328 0.3134328 0.6641791 0.7238806 0.738806 0.6567164 0 0
0.1769231 0.1538462 0.1923077 0.1769231 0.1615385 0.1846154 0 0 0 0 0
0.3111111 0.1925926 0.3111111 0.3111111 0.3111111 0.6444444 0.7407407 0.6888889 0.7259259 0 0
0.3208955 0.1417910 0.3208955 0.3208955 0.3208955 0.761194 0.7462687 0.7313433 0.6716418 0 0
0.3208955 0.1417910 0.3208955 0.3208955 0.3208955 0.761194 0.7462687 0.7313433 0.6716418 0 0
0.3407407 0 0.3407407 0.3407407 0.3407407 0.7111111 0.7111111 0.7037037 0.762963 0 0
0.3208955 0.1417910 0.3208955 0.3208955 0.3208955 0.761194 0.7462687 0.7313433 0.6716418 0 0
0.1691176 0 0.1764706 0.1911765 0.1764706 0.1838235 0 0 0 0 0
0.1769231 0.1538462 0.1923077 0.1769231 0.1615385 0.1846154 0 0 0 0 0
0.3284672 0 0.3284672 0.3284672 0.3284672 0.7737226 0.7737226 0.7372263 0.6861314 0 0
0.3407407 0 0.3407407 0.3407407 0.3407407 0.7111111 0.7111111 0.7037037 0.762963 0 0
0.3407407 0 0.3407407 0.3407407 0.3407407 0.7111111 0.7111111 0.7037037 0.762963 0 0
0.1851852 0 0.1851852 0.1925926 0.1703704 0.1777778 0 0 0 0 0
0.3307692 0.1538462 0.3307692 0.3307692 0.3307692 0.6076923 0.7461538 0.7153846 0.6692308 0 0
0.3284672 0 0.3284672 0.3284672 0.3284672 0.7737226 0.7737226 0.7372263 0.6861314 0 0
0.3307692 0.1538462 0.3307692 0.3307692 0.3307692 0.6076923 0.7461538 0.7153846 0.6692308 0 0
0.3235294 0 0.3014706 0.3235294 0.3235294 0.6617647 0.6911765 0.6764706 0.7205882 0.7132353 0
0.3407407 0 0.3407407 0.3407407 0.3407407 0.7111111 0.7111111 0.7037037 0.762963 0 0
0.3307692 0.1538462 0.3307692 0.3307692 0.3307692 0.6076923 0.7461538 0.7153846 0.6692308 0 0
0.3284672 0 0.3284672 0.3284672 0.3284672 0.7737226 0.7737226 0.7372263 0.6861314 0 0
0.3284672 0 0.3284672 0.3284672 0.3284672 0.7737226 0.7737226 0.7372263 0.6861314 0 0
0.3357143 0 0.3357143 0.3357143 0.3357143 0.7357143 0.7571429 0.6857143 0.6357143 0.7214286 0
0.1769231 0.1538462 0.1923077 0.1769231 0.1615385 0.1846154 0 0 0 0 0
0.3284672 0 0.3284672 0.3284672 0.3284672 0.7737226 0.7737226 0.7372263 0.6861314 0 0
0.3307692 0.1538462 0.3307692 0.3307692 0.3307692 0.6076923 0.7461538 0.7153846 0.6692308 0 0
0.3235294 0 0.3014706 0.3235294 0.3235294 0.6617647 0.6911765 0.6764706 0.7205882 0.7132353 0
0.3260870 0 0.3260870 0.3260870 0.3260870 0.768116 0.7391304 0.6956522 0.6304348 0.6956522 0
0.3284672 0 0.3284672 0.3284672 0.3284672 0.7737226 0.7737226 0.7372263 0.6861314 0 0
0.1811594 0 0.1884058 0.1884058 0.1739130 0.1159420 0 0 0 0 0
0.3235294 0 0.3014706 0.3235294 0.3235294 0.6617647 0.6911765 0.6764706 0.7205882 0.7132353 0
0.3111111 0.1925926 0.3111111 0.3111111 0.3111111 0.6444444 0.7407407 0.6888889 0.7259259 0 0
0.1791045 0 0.1865672 0.1791045 0.1865672 0.1417910 0 0 0 0 0
0.3260870 0 0.3260870 0.3260870 0.3260870 0.768116 0.7391304 0.6956522 0.6304348 0.6956522 0
0.3235294 0 0.3014706 0.3235294 0.3235294 0.6617647 0.6911765 0.6764706 0.7205882 0.7132353 0
0.3235294 0 0.3014706 0.3235294 0.3235294 0.6617647 0.6911765 0.6764706 0.7205882 0.7132353 0
0.3111111 0.1925926 0.3111111 0.3111111 0.3111111 0.6444444 0.7407407 0.6888889 0.7259259 0 0
0.3235294 0 0.3014706 0.3235294 0.3235294 0.6617647 0.6911765 0.6764706 0.7205882 0.7132353 0
0.3235294 0 0.3014706 0.3235294 0.3235294 0.6617647 0.6911765 0.6764706 0.7205882 0.7132353 0
0.1641791 0.1417910 0.1865672 0.1716418 0.1417910 0.2089552 0 0 0 0 0
0.3284672 0 0.3284672 0.3284672 0.3284672 0.7737226 0.7737226 0.7372263 0.6861314 0 0
0.1641791 0.1417910 0.1865672 0.1716418 0.1417910 0.2089552 0 0 0 0 0
0.3284672 0 0.3284672 0.3284672 0.3284672 0.7737226 0.7737226 0.7372263 0.6861314 0 0
0.3134328 0 0.3134328 0.3134328 0.3134328 0.6641791 0.7238806 0.738806 0.6567164 0 0
0.1785714 0 0.1571429 0.1785714 0.1571429 0.15 0 0 0 0 0
0.1851852 0 0.1851852 0.1925926 0.1703704 0.1777778 0 0 0 0 0
0.3111111 0.1925926 0.3111111 0.3111111 0.3111111 0.6444444 0.7407407 0.6888889 0.7259259 0 0
0.1641791 0.1417910 0.1865672 0.1716418 0.1417910 0.2089552 0 0 0 0 0
0.1791045 0 0.1865672 0.1791045 0.1865672 0.1417910 0 0 0 0 0
0.3111111 0.1925926 0.3111111 0.3111111 0.3111111 0.6444444 0.7407407 0.6888889 0.7259259 0 0
0.3208955 0.1417910 0.3208955 0.3208955 0.3208955 0.761194 0.7462687 0.7313433 0.6716418 0 0
0.1811594 0 0.1884058 0.1884058 0.1739130 0.1159420 0 0 0 0 0
0.3260870 0 0.3260870 0.3260870 0.3260870 0.768116 0.7391304 0.6956522 0.6304348 0.6956522 0
0.1678832 0 0.1678832 0.1605839 0.1313869 0 0 0 0 0 0
0.1642857 0 0.1928571 0.1714286 0.1428571 0.1785714 0 0 0 0 0
0.3134328 0 0.3134328 0.3134328 0.3134328 0.6641791 0.7238806 0.738806 0.6567164 0 0
0.3260870 0 0.3260870 0.3260870 0.3260870 0.768116 0.7391304 0.6956522 0.6304348 0.6956522 0
0.1678832 0 0.1678832 0.1605839 0.1313869 0 0 0 0 0 0
0.3407407 0 0.3407407 0.3407407 0.3407407 0.7111111 0.7111111 0.7037037 0.762963 0 0
0.3357143 0 0.3357143 0.3357143 0.3357143 0.7357143 0.7571429 0.6857143 0.6357143 0.7214286 0
0.3111111 0.1925926 0.3111111 0.3111111 0.3111111 0.6444444 0.7407407 0.6888889 0.7259259 0 0
0.3260870 0 0.3260870 0.3260870 0.3260870 0.768116 0.7391304 0.6956522 0.6304348 0.6956522 0
0.3307692 0.1538462 0.3307692 0.3307692 0.3307692 0.6076923 0.7461538 0.7153846 0.6692308 0 0
0.1785714 0 0.1571429 0.1785714 0.1571429 0.15 0 0 0 0 0
0.3142857 0 0.3142857 0.3142857 0.3142857 0.6428571 0.7214286 0.6714286 0.7285714 0 0
0.3142857 0 0.3142857 0.3142857 0.3142857 0.6428571 0.7214286 0.6714286 0.7285714 0 0
0.3407407 0 0.3407407 0.3407407 0.3407407 0.7111111 0.7111111 0.7037037 0.762963 0 0
0.3208955 0.1417910 0.3208955 0.3208955 0.3208955 0.761194 0.7462687 0.7313433 0.6716418 0 0
0.3407407 0 0.3407407 0.3407407 0.3407407 0.7111111 0.7111111 0.7037037 0.762963 0 0
0.1703704 0.1925926 0.1629630 0.1629630 0.1629630 0.06666667 0 0 0 0 0
0.3134328 0 0.3134328 0.3134328 0.3134328 0.6641791 0.7238806 0.738806 0.6567164 0 0
0.3307692 0.1538462 0.3307692 0.3307692 0.3307692 0.6076923 0.7461538 0.7153846 0.6692308 0 0
0.3208955 0.1417910 0.3208955 0.3208955 0.3208955 0.761194 0.7462687 0.7313433 0.6716418 0 0
0.1769231 0.1538462 0.1923077 0.1769231 0.1615385 0.1846154 0 0 0 0 0
0.1769231 0.1538462 0.1923077 0.1769231 0.1615385 0.1846154 0 0 0 0 0
0.3407407 0 0.3407407 0.3407407 0.3407407 0.7111111 0.7111111 0.7037037 0.762963 0 0
0.3208955 0.1417910 0.3208955 0.3208955 0.3208955 0.761194 0.7462687 0.7313433 0.6716418 0 0
0.3208955 0.1417910 0.3208955 0.3208955 0.3208955 0.761194 0.7462687 0.7313433 0.6716418 0 0
0.3142857 0 0.3142857 0.3142857 0.3142857 0.6428571 0.7214286 0.6714286 0.7285714 0 0
0.3208955 0.1417910 0.3208955 0.3208955 0.3208955 0.761194 0.7462687 0.7313433 0.6716418 0 0
0.1691176 0 0.1764706 0.1911765 0.1764706 0.1838235 0 0 0 0 0
0.3407407 0 0.3407407 0.3407407 0.3407407 0.7111111 0.7111111 0.7037037 0.762963 0 0
0.1641791 0.1417910 0.1865672 0.1716418 0.1417910 0.2089552 0 0 0 0 0
0.3235294 0 0.3014706 0.3235294 0.3235294 0.6617647 0.6911765 0.6764706 0.7205882 0.7132353 0
0.3235294 0 0.3014706 0.3235294 0.3235294 0.6617647 0.6911765 0.6764706 0.7205882 0.7132353 0
0.3260870 0 0.3260870 0.3260870 0.3260870 0.768116 0.7391304 0.6956522 0.6304348 0.6956522 0
0.3134328 0 0.3134328 0.3134328 0.3134328 0.6641791 0.7238806 0.738806 0.6567164 0 0
0.1811594 0 0.1884058 0.1884058 0.1739130 0.1159420 0 0 0 0 0
0.1642857 0 0.1928571 0.1714286 0.1428571 0.1785714 0 0 0 0 0
0.3134328 0 0.3134328 0.3134328 0.3134328 0.6641791 0.7238806 0.738806 0.6567164 0 0
0.3357143 0 0.3357143 0.3357143 0.3357143 0.7357143 0.7571429 0.6857143 0.6357143 0.7214286 0
0.3307692 0.1538462 0.3307692 0.3307692 0.3307692 0.6076923 0.7461538 0.7153846 0.6692308 0 0
0.3357143 0 0.3357143 0.3357143 0.3357143 0.7357143 0.7571429 0.6857143 0.6357143 0.7214286 0
0.1642857 0 0.1928571 0.1714286 0.1428571 0.1785714 0 0 0 0 0
0.1691176 0 0.1764706 0.1911765 0.1764706 0.1838235 0 0 0 0 0
0.3307692 0.1538462 0.3307692 0.3307692 0.3307692 0.6076923 0.7461538 0.7153846 0.6692308 0 0
0.3307692 0.1538462 0.3307692 0.3307692 0.3307692 0.6076923 0.7461538 0.7153846 0.6692308 0 0
0.3357143 0 0.3357143 0.3357143 0.3357143 0.7357143 0.7571429 0.6857143 0.6357143 0.7214286 0
0.1851852 0 0.1851852 0.1925926 0.1703704 0.1777778 0 0 0 0 0
0.3407407 0 0.3407407 0.3407407 0.3407407 0.7111111 0.7111111 0.7037037 0.762963 0 0
0.3357143 0 0.3357143 0.3357143 0.3357143 0.7357143 0.7571429 0.6857143 0.6357143 0.7214286 0
0.1703704 0.1925926 0.1629630 0.1629630 0.1629630 0.06666667 0 0 0 0 0
0.1642857 0 0.1928571 0.1714286 0.1428571 0.1785714 0 0 0 0 0
0.3284672 0 0.3284672 0.3284672 0.3284672 0.7737226 0.7737226 0.7372263 0.6861314 0 0
0.3142857 0 0.3142857 0.3142857 0.3142857 0.6428571 0.7214286 0.6714286 0.7285714 0 0
0.3111111 0.1925926 0.3111111 0.3111111 0.3111111 0.6444444 0.7407407 0.6888889 0.7259259 0 0
0.3357143 0 0.3357143 0.3357143 0.3357143 0.7357143 0.7571429 0.6857143 0.6357143 0.7214286 0
0.3142857 0 0.3142857 0.3142857 0.3142857 0.6428571 0.7214286 0.6714286 0.7285714 0 0
0.3307692 0.1538462 0.3307692 0.3307692 0.3307692 0.6076923 0.7461538 0.7153846 0.6692308 0 0
