0.15 0 0.1642857 0.1714286 0.1428571 0 0 0 0 0 0
0.3333333 0 0.3333333 0.3333333 0.3333333 0.6744186 0.7364341 0.7131783 0.6434109 0 0
0.1751825 0 0.1751825 0.1751825 0.1459854 0.1678832 0 0 0 0 0
0.3233083 0.1578947 0.3157895 0.3233083 0.3233083 0.6917293 0.7894737 0.6992481 0.6466165 0 0
0.3407407 0 0.2814815 0.3407407 0.3407407 0.7037037 0.7481481 0.7259259 0.8074074 0 0
0.1751825 0 0.1751825 0.1751825 0.1459854 0.1678832 0 0 0 0 0
0.3333333 0 0.3333333 0.3333333 0.3333333 0.6744186 0.7364341 0.7131783 0.6434109 0 0
0.1804511 0 0.1578947 0.1578947 0.1578947 0.1729323 0 0 0 0 0
0.1751825 0 0.1751825 0.1751825 0.1459854 0.1678832 0 0 0 0 0
0.3233083 0.1578947 0.3157895 0.3233083 0.3233083 0.6917293 0.7894737 0.6992481 0.6466165 0 0
0.15 0 0.1642857 0.1714286 0.1428571 0 0 0 0 0 0
0.2992701 0.1313869 0.2992701 0.2992701 0.2992701 0.7153285 0.729927 0.6934307 0.6569343 0.6569343 0
0.15 0 0.1642857 0.1714286 0.1428571 0 0 0 0 0 0
0.3262411 0 0.3262411 0.3262411 0.3262411 0.5602837 0.7304965 0.680851 0.680851 0 0
0.3381295 0 0.3381295 0.3381295 0.3381295 0.6330935 0.7266187 0.705036 0.705036 0 0
0.3233083 0 0.3233083 0.3233083 0.3233083 0.6541353 0.7819549 0.7218045 0.7518797 0 0
0.1678832 0.1313869 0.1897810 0.1605839 0.1459854 0.1532847 0 0 0 0 0
0.2015504 0 0.2093023 0.1860465 0.1937984 0.1472868 0 0 0 0 0
0.3333333 0 0.3333333 0.3333333 0.3333333 0.6744186 0.7364341 0.7131783 0.6434109 0 0
0.3262411 0 0.3262411 0.3262411 0.3262411 0.5602837 0.7304965 0.680851 0.680851 0 0
0.3333333 0 0.3333333 0.3333333 0.3333333 0.6744186 0.7364341 0.7131783 0.6434109 0 0
0.3142857 0 0.3142857 0.3142857 0.3142857 0.6285714 0.7071429 0.7642857 0.6071429 0 0
0.1804511 0.1578947 0.1428571 0.1729323 0.1578947 0.1278195 0 0 0 0 0
0.3333333 0 0.3333333 0.3333333 0.3333333 0.6744186 0.7364341 0.7131783 0.6434109 0 0
0.1804511 0.1578947 0.1428571 0.1729323 0.1578947 0.1278195 0 0 0 0 0
0.1804511 0 0.1578947 0.1578947 0.1578947 0.1729323 0 0 0 0 0
0.1678832 0.1313869 0.1897810 0.1605839 0.1459854 0.1532847 0 0 0 0 0
0.3233083 0.1578947 0.3157895 0.3233083 0.3233083 0.6917293 0.7894737 0.6992481 0.6466165 0 0
0.3262411 0 0.3262411 0.3262411 0.3262411 0.5602837 0.7304965 0.680851 0.680851 0 0
0.1777778 0 0.1851852 0.1851852 0.1555556 0.2 0 0 0 0 0
0.3333333 0 0.3333333 0.3333333 0.3333333 0.6744186 0.7364341 0.7131783 0.6434109 0 0
0.1804511 0.1578947 0.1428571 0.1729323 0.1578947 0.1278195 0 0 0 0 0
0.1804511 0 0.1578947 0.1578947 0.1578947 0.1729323 0 0 0 0 0
0.3381295 0 0.3381295 0.3381295 0.3381295 0.6330935 0.7266187 0.705036 0.705036 0 0
0.3407407 0 0.2814815 0.3407407 0.3407407 0.7037037 0.7481481 0.7259259 0.8074074 0 0
0.3407407 0 0.2814815 0.3407407 0.3407407 0.7037037 0.7481481 0.7259259 0.8074074 0 0
0.3233083 0 0.3233083 0.3233083 0.3233083 0.6541353 0.7819549 0.7218045 0.7518797 0 0
0.1804511 0 0.1578947 0.1578947 0.1578947 0.1729323 0 0 0 0 0
0.15 0 0.1642857 0.1714286 0.1428571 0 0 0 0 0 0
0.1751825 0 0.1751825 0.1751825 0.1459854 0.1678832 0 0 0 0 0
0.3233083 0 0.3233083 0.3233083 0.3233083 0.6541353 0.7819549 0.7218045 0.7518797 0 0
0.3333333 0 0.3333333 0.3333333 0.3333333 0.6744186 0.7364341 0.7131783 0.6434109 0 0
0.3142857 0 0.3142857 0.3142857 0.3142857 0.6285714 0.7071429 0.7642857 0.6071429 0 0
0.3333333 0 0.3333333 0.3333333 0.3333333 0.5777778 0.7555556 0.7111111 0.6962963 0.6 0
0.1703704 0 0.1925926 0.1703704 0.1703704 0.1777778 0 0 0 0 0
0.3333333 0 0.3333333 0.3333333 0.3333333 0.6744186 0.7364341 0.7131783 0.6434109 0 0
0.3262411 0 0.3262411 0.3262411 0.3262411 0.5602837 0.7304965 0.680851 0.680851 0 0
0.3381295 0 0.3381295 0.3381295 0.3381295 0.6330935 0.7266187 0.705036 0.705036 0 0
0.3233083 0 0.3233083 0.3233083 0.3233083 0.6541353 0.7819549 0.7218045 0.7518797 0 0
0.3381295 0 0.3381295 0.3381295 0.3381295 0.6330935 0.7266187 0.705036 0.705036 0 0
0.1942446 0 0.1942446 0.1798561 0.1726619 0.1942446 0 0 0 0 0
0.1678832 0.1313869 0.1897810 0.1605839 0.1459854 0.1532847 0 0 0 0 0
0.3381295 0 0.3381295 0.3381295 0.3381295 0.6330935 0.7266187 0.705036 0.705036 0 0
0.3407407 0 0.2814815 0.3407407 0.3407407 0.7037037 0.7481481 0.7259259 0.8074074 0 0
0.3233083 0 0.3233083 0.3233083 0.3233083 0.6541353 0.7819549 0.7218045 0.7518797 0 0
0.2015504 0 0.2093023 0.1860465 0.1937984 0.1472868 0 0 0 0 0
0.3138686 0 0.3065693 0.3138686 0.3138686 0.6715328 0.7080292 0.6642336 0.729927 0.729927 0
0.3407407 0 0.2814815 0.3407407 0.3407407 0.7037037 0.7481481 0.7259259 0.8074074 0 0
0.2992701 0.1313869 0.2992701 0.2992701 0.2992701 0.7153285 0.729927 0.6934307 0.6569343 0.6569343 0
0.3333333 0 0.3333333 0.3333333 0.3333333 0.5777778 0.7555556 0.7111111 0.6962963 0.6 0
0.3233083 0 0.3233083 0.3233083 0.3233083 0.6541353 0.7819549 0.7218045 0.7518797 0 0
0.3233083 0 0.3233083 0.3233083 0.3233083 0.6541353 0.7819549 0.7218045 0.7518797 0 0
0.3333333 0 0.3333333 0.3333333 0.3333333 0.5777778 0.7555556 0.7111111 0.6962963 0.6 0
0.3233083 0.1578947 0.3157895 0.3233083 0.3233083 0.6917293 0.7894737 0.6992481 0.6466165 0 0
0.2992701 0.1313869 0.2992701 0.2992701 0.2992701 0.7153285 0.729927 0.6934307 0.6569343 0.6569343 0
0.1678832 0.1313869 0.1897810 0.1605839 0.1459854 0.1532847 0 0 0 0 0
0.3333333 0 0.3333333 0.3333333 0.3333333 0.6744186 0.7364341 0.7131783 0.6434109 0 0
0.3381295 0 0.3381295 0.3381295 0.3381295 0.6330935 0.7266187 0.705036 0.705036 0 0
0.3333333 0 0.3333333 0.3333333 0.3333333 0.5777778 0.7555556 0.7111111 0.6962963 0.6 0
0.3407407 0 0.2814815 0.3407407 0.3407407 0.7037037 0.7481481 0.7259259 0.8074074 0 0
0.3233083 0.1578947 0.3157895 0.3233083 0.3233083 0.6917293 0.7894737 0.6992481 0.6466165 0 0
0.15 0 0.1642857 0.1714286 0.1428571 0 0 0 0 0 0
0.3333333 0 0.3333333 0.3333333 0.3333333 0.5777778 0.7555556 0.7111111 0.6962963 0.6 0
0.3233083 0.1578947 0.3157895 0.3233083 0.3233083 0.6917293 0.7894737 0.6992481 0.6466165 0 0
0.2015504 0 0.2093023 0.1860465 0.1937984 0.1472868 0 0 0 0 0
0.3233083 0.1578947 0.3157895 0.3233083 0.3233083 0.6917293 0.7894737 0.6992481 0.6466165 0 0
0.3142857 0 0.3142857 0.3142857 0.3142857 0.6285714 0.7071429 0.7642857 0.6071429 0 0
0.3233083 0 0.3233083 0.3233083 0.3233083 0.6541353 0.7819549 0.7218045 0.7518797 0 0
0.3233083 0.1578947 0.3157895 0.3233083 0.3233083 0.6917293 0.7894737 0.6992481 0.6466165 0 0
0.3333333 0 0.3333333 0.3333333 0.3333333 0.5777778 0.7555556 0.7111111 0.6962963 0.6 0
0.3233083 0.1578947 0.3157895 0.3233083 0.3233083 0.6917293 0.7894737 0.6992481 0.6466165 0 0
0.1804511 0.1578947 0.1428571 0.1729323 0.1578947 0.1278195 0 0 0 0 0
0.3333333 0 0.3333333 0.3333333 0.3333333 0.6744186 0.7364341 0.7131783 0.6434109 0 0
0.1777778 0 0.1851852 0.1851852 0.1555556 0.2 0 0 0 0 0
0.3262411 0 0.3262411 0.3262411 0.3262411 0.5602837 0.7304965 0.680851 0.680851 0 0
0.3333333 0 0.3333333 0.3333333 0.3333333 0.6744186 0.7364341 0.7131783 0.6434109 0 0
0.1703704 0 0.1925926 0.1703704 0.1703704 0.1777778 0 0 0 0 0
0.2015504 0 0.2093023 0.1860465 0.1937984 0.1472868 0 0 0 0 0
0.3138686 0 0.3065693 0.3138686 0.3138686 0.6715328 0.7080292 0.6642336 0.729927 0.729927 0
0.2015504 0 0.2093023 0.1860465 0.1937984 0.1472868 0 0 0 0 0
0.1678832 0.1313869 0.1897810 0.1605839 0.1459854 0.1532847 0 0 0 0 0
0.3138686 0 0.3065693 0.3138686 0.3138686 0.6715328 0.7080292 0.6642336 0.729927 0.729927 0
0.3333333 0 0.3333333 0.3333333 0.3333333 0.6744186 0.7364341 0.7131783 0.6434109 0 0
0.1773050 0 0.1914894 0.1773050 0.1631206 0.1702128 0 0 0 0 0
0.3233083 0.1578947 0.3157895 0.3233083 0.3233083 0.6917293 0.7894737 0.6992481 0.6466165 0 0
0.2015504 0 0.2093023 0.1860465 0.1937984 0.1472868 0 0 0 0 0
0.1804511 0.1578947 0.1428571 0.1729323 0.1578947 0.1278195 0 0 0 0 0
0.3142857 0 0.3142857 0.3142857 0.3142857 0.6285714 0.7071429 0.7642857 0.6071429 0 0
0.3333333 0 0.3333333 0.3333333 0.3333333 0.6744186 0.7364341 0.7131783 0.6434109 0 0
0.1703704 0 0.1925926 0.1703704 0.1703704 0.1777778 0 0 0 0 0
0.3333333 0 0.3333333 0.3333333 0.3333333 0.5777778 0.7555556 0.7111111 0.6962963 0.6 0
0.3381295 0 0.3381295 0.3381295 0.3381295 0.6330935 0.7266187 0.705036 0.705036 0 0
0.3407407 0 0.2814815 0.3407407 0.3407407 0.7037037 0.7481481 0.7259259 0.8074074 0 0
0.3142857 0 0.3142857 0.3142857 0.3142857 0.6285714 0.7071429 0.7642857 0.6071429 0 0
0.3138686 0 0.3065693 0.3138686 0.3138686 0.6715328 0.7080292 0.6642336 0.729927 0.729927 0
0.1751825 0 0.1751825 0.1751825 0.1459854 0.1678832 0 0 0 0 0
0.3142857 0 0.3142857 0.3142857 0.3142857 0.6285714 0.7071429 0.7642857 0.6071429 0 0
0.3233083 0.1578947 0.3157895 0.3233083 0.3233083 0.6917293 0.7894737 0.6992481 0.6466165 0 0
0.3333333 0 0.3333333 0.3333333 0.3333333 0.5777778 0.7555556 0.7111111 0.6962963 0.6 0
0.3333333 0 0.3333333 0.3333333 0.3333333 0.5777778 0.7555556 0.7111111 0.6962963 0.6 0
0.3138686 0 0.3065693 0.3138686 0.3138686 0.6715328 0.7080292 0.6642336 0.729927 0.729927 0
0.1777778 0 0.1851852 0.1851852 0.1555556 0.2 0 0 0 0 0
0.3333333 0 0.3333333 0.3333333 0.3333333 0.6744186 0.7364341 0.7131783 0.6434109 0 0
0.3407407 0 0.2814815 0.3407407 0.3407407 0.7037037 0.7481481 0.7259259 0.8074074 0 0
0.3333333 0 0.3333333 0.3333333 0.3333333 0.6744186 0.7364341 0.7131783 0.6434109 0 0
0.1773050 0 0.1914894 0.1773050 0.1631206 0.1702128 0 0 0 0 0
0.1678832 0.1313869 0.1897810 0.1605839 0.1459854 0.1532847 0 0 0 0 0
0.3333333 0 0.3333333 0.3333333 0.3333333 0.5777778 0.7555556 0.7111111 0.6962963 0.6 0
0.3138686 0 0.3065693 0.3138686 0.3138686 0.6715328 0.7080292 0.6642336 0.729927 0.729927 0
0.3233083 0 0.3233083 0.3233083 0.3233083 0.6541353 0.7819549 0.7218045 0.7518797 0 0
0.3138686 0 0.3065693 0.3138686 0.3138686 0.6715328 0.7080292 0.6642336 0.729927 0.729927 0
0.3407407 0 0.2814815 0.3407407 0.3407407 0.7037037 0.7481481 0.7259259 0.8074074 0 0
0.1773050 0 0.1914894 0.1773050 0.1631206 0.1702128 0 0 0 0 0
0.3407407 0 0.2814815 0.3407407 0.3407407 0.7037037 0.7481481 0.7259259 0.8074074 0 0
0.1678832 0.1313869 0.1897810 0.1605839 0.1459854 0.1532847 0 0 0 0 0
0.2992701 0.1313869 0.2992701 0.2992701 0.2992701 0.7153285 0.729927 0.6934307 0.6569343 0.6569343 0
0.3381295 0 0.3381295 0.3381295 0.3381295 0.6330935 0.7266187 0.705036 0.705036 0 0
0.3381295 0 0.3381295 0.3381295 0.3381295 0.6330935 0.7266187 0.705036 0.705036 0 0
0.3407407 0 0.2814815 0.3407407 0.3407407 0.7037037 0.7481481 0.7259259 0.8074074 0 0
0.1804511 0 0.1578947 0.1578947 0.1578947 0.1729323 0 0 0 0 0
0.1942446 0 0.1942446 0.1798561 0.1726619 0.1942446 0 0 0 0 0
0.3233083 0.1578947 0.3157895 0.3233083 0.3233083 0.6917293 0.7894737 0.6992481 0.6466165 0 0
0.3407407 0 0.2814815 0.3407407 0.3407407 0.7037037 0.7481481 0.7259259 0.8074074 0 0
0.3333333 0 0.3333333 0.3333333 0.3333333 0.5777778 0.7555556 0.7111111 0.6962963 0.6 0
0.3233083 0 0.3233083 0.3233083 0.3233083 0.6541353 0.7819549 0.7218045 0.7518797 0 0
0.1777778 0 0.1851852 0.1851852 0.1555556 0.2 0 0 0 0 0
0.1804511 0.1578947 0.1428571 0.1729323 0.1578947 0.1278195 0 0 0 0 0
0.3262411 0 0.3262411 0.3262411 0.3262411 0.5602837 0.7304965 0.680851 0.680851 0 0
0.2992701 0.1313869 0.2992701 0.2992701 0.2992701 0.7153285 0.729927 0.6934307 0.6569343 0.6569343 0
0.3381295 0 0.3381295 0.3381295 0.3381295 0.6330935 0.7266187 0.705036 0.705036 0 0
0.1678832 0.1313869 0.1897810 0.1605839 0.1459854 0.1532847 0 0 0 0 0
0.2992701 0.1313869 0.2992701 0.2992701 0.2992701 0.7153285 0.729927 0.6934307 0.6569343 0.6569343 0
0.3333333 0 0.3333333 0.3333333 0.3333333 0.5777778 0.7555556 0.7111111 0.6962963 0.6 0
0.1804511 0 0.1578947 0.1578947 0.1578947 0.1729323 0 0 0 0 0
0.1751825 0 0.1751825 0.1751825 0.1459854 0.1678832 0 0 0 0 0
0.3333333 0 0.3333333 0.3333333 0.3333333 0.6744186 0.7364341 0.7131783 0.6434109 0 0
0.3407407 0 0.2814815 0.3407407 0.3407407 0.7037037 0.7481481 0.7259259 0.8074074 0 0
0.3233083 0 0.3233083 0.3233083 0.3233083 0.6541353 0.7819549 0.7218045 0.7518797 0 0
0.3262411 0 0.3262411 0.3262411 0.3262411 0.5602837 0.7304965 0.680851 0.680851 0 0
0.3233083 0 0.3233083 0.3233083 0.3233083 0.6541353 0.7819549 0.7218045 0.7518797 0 0
0.3138686 0 0.3065693 0.3138686 0.3138686 0.6715328 0.7080292 0.6642336 0.729927 0.729927 0
