0.3203125 0.3203125 0.3203125 0.3203125 0.3203125 0.3203125 0.3203125 0.3203125 0.3203125 0.3203125 0.3203125
0 0 0 0 0 0 0 0 0 0 0
0.3285714 0.3285714 0.3285714 0.3285714 0.3285714 0.3285714 0.3285714 0.3285714 0.3285714 0.3285714 0.3285714
0.3208955 0.3208955 0.3208955 0.3208955 0.3208955 0.3208955 0.3208955 0.3208955 0.3208955 0.3208955 0.3208955
0 0 0 0 0 0 0 0 0 0 0
0.3383459 0.3383459 0.3383459 0.3383459 0.3383459 0.3383459 0.3383459 0.3383459 0.3383459 0.3383459 0.3383459
0 0 0 0 0 0 0 0 0 0 0
0 0 0 0 0 0 0 0 0 0 0
0.3203125 0.3203125 0.3203125 0.3203125 0.3203125 0.3203125 0.3203125 0.3203125 0.3203125 0.3203125 0.3203125
0 0 0 0 0 0 0 0 0 0 0
0.3208955 0.3208955 0.3208955 0.3208955 0.3208955 0.3208955 0.3208955 0.3208955 0.3208955 0.3208955 0.3208955
0 0 0 0 0 0 0 0 0 0 0
0.3333333 0.3333333 0.3333333 0.3333333 0.3333333 0.3333333 0.3333333 0.3333333 0.3333333 0.3333333 0.3333333
0.3203125 0.3203125 0.3203125 0.3203125 0.3203125 0.3203125 0.3203125 0.3203125 0.3203125 0.3203125 0.3203125
0.3235294 0.3235294 0.3235294 0.3235294 0.3235294 0.3235294 0.3235294 0.3235294 0.3235294 0.3235294 0.3235294
0 0 0 0 0 0 0 0 0 0 0
0 0 0 0 0 0 0 0 0 0 0
0.294964 0.294964 0.294964 0.294964 0.294964 0.294964 0.294964 0.294964 0.294964 0.294964 0.294964
0.3383459 0.3383459 0.3383459 0.3383459 0.3383459 0.3383459 0.3383459 0.3383459 0.3383459 0.3383459 0.3383459
0.3260870 0.3260870 0.3260870 0.3260870 0.3260870 0.3260870 0.3260870 0.3260870 0.3260870 0.3260870 0.3260870
0.3333333 0.3333333 0.3333333 0.3333333 0.3333333 0.3333333 0.3333333 0.3333333 0.3333333 0.3333333 0.3333333
0.294964 0.294964 0.294964 0.294964 0.294964 0.294964 0.294964 0.294964 0.294964 0.294964 0.294964
0 0 0 0 0 0 0 0 0 0 0
0.3333333 0.3333333 0.3333333 0.3333333 0.3333333 0.3333333 0.3333333 0.3333333 0.3333333 0.3333333 0.3333333
0 0 0 0 0 0 0 0 0 0 0
0 0 0 0 0 0 0 0 0 0 0
0.3383459 0.3383459 0.3383459 0.3383459 0.3383459 0.3383459 0.3383459 0.3383459 0.3383459 0.3383459 0.3383459
0.3208955 0.3208955 0.3208955 0.3208955 0.3208955 0.3208955 0.3208955 0.3208955 0.3208955 0.3208955 0.3208955
0 0 0 0 0 0 0 0 0 0 0
0 0 0 0 0 0 0 0 0 0 0
0 0 0 0 0 0 0 0 0 0 0
0.3208955 0.3208955 0.3208955 0.3208955 0.3208955 0.3208955 0.3208955 0.3208955 0.3208955 0.3208955 0.3208955
0.3383459 0.3383459 0.3383459 0.3383459 0.3383459 0.3383459 0.3383459 0.3383459 0.3383459 0.3383459 0.3383459
0.3203125 0.3203125 0.3203125 0.3203125 0.3203125 0.3203125 0.3203125 0.3203125 0.3203125 0.3203125 0.3203125
0.3382353 0.3382353 0.3382353 0.3382353 0.3382353 0.3382353 0.3382353 0.3382353 0.3382353 0.3382353 0.3382353
0 0 0 0 0 0 0 0 0 0 0
0 0 0 0 0 0 0 0 0 0 0
0 0 0 0 0 0 0 0 0 0 0
0.3203125 0.3203125 0.3203125 0.3203125 0.3203125 0.3203125 0.3203125 0.3203125 0.3203125 0.3203125 0.3203125
0.3383459 0.3383459 0.3383459 0.3383459 0.3383459 0.3383459 0.3383459 0.3383459 0.3383459 0.3383459 0.3383459
0.3260870 0.3260870 0.3260870 0.3260870 0.3260870 0.3260870 0.3260870 0.3260870 0.3260870 0.3260870 0.3260870
0 0 0 0 0 0 0 0 0 0 0
0.3333333 0.3333333 0.3333333 0.3333333 0.3333333 0.3333333 0.3333333 0.3333333 0.3333333 0.3333333 0.3333333
0.294964 0.294964 0.294964 0.294964 0.294964 0.294964 0.294964 0.294964 0.294964 0.294964 0.294964
0.3285714 0.3285714 0.3285714 0.3285714 0.3285714 0.3285714 0.3285714 0.3285714 0.3285714 0.3285714 0.3285714
0.3383459 0.3383459 0.3383459 0.3383459 0.3383459 0.3383459 0.3383459 0.3383459 0.3383459 0.3383459 0.3383459
0.3382353 0.3382353 0.3382353 0.3382353 0.3382353 0.3382353 0.3382353 0.3382353 0.3382353 0.3382353 0.3382353
0.3260870 0.3260870 0.3260870 0.3260870 0.3260870 0.3260870 0.3260870 0.3260870 0.3260870 0.3260870 0.3260870
0.3203125 0.3203125 0.3203125 0.3203125 0.3203125 0.3203125 0.3203125 0.3203125 0.3203125 0.3203125 0.3203125
0 0 0 0 0 0 0 0 0 0 0
0 0 0 0 0 0 0 0 0 0 0
0.3214286 0.3214286 0.3214286 0.3214286 0.3214286 0.3214286 0.3214286 0.3214286 0.3214286 0.3214286 0.3214286
0.3208955 0.3208955 0.3208955 0.3208955 0.3208955 0.3208955 0.3208955 0.3208955 0.3208955 0.3208955 0.3208955
0.3333333 0.3333333 0.3333333 0.3333333 0.3333333 0.3333333 0.3333333 0.3333333 0.3333333 0.3333333 0.3333333
0.3203125 0.3203125 0.3203125 0.3203125 0.3203125 0.3203125 0.3203125 0.3203125 0.3203125 0.3203125 0.3203125
0.3382353 0.3382353 0.3382353 0.3382353 0.3382353 0.3382353 0.3382353 0.3382353 0.3382353 0.3382353 0.3382353
0.3235294 0.3235294 0.3235294 0.3235294 0.3235294 0.3235294 0.3235294 0.3235294 0.3235294 0.3235294 0.3235294
0.3383459 0.3383459 0.3383459 0.3383459 0.3383459 0.3383459 0.3383459 0.3383459 0.3383459 0.3383459 0.3383459
0.3208955 0.3208955 0.3208955 0.3208955 0.3208955 0.3208955 0.3208955 0.3208955 0.3208955 0.3208955 0.3208955
0 0 0 0 0 0 0 0 0 0 0
0.3333333 0.3333333 0.3333333 0.3333333 0.3333333 0.3333333 0.3333333 0.3333333 0.3333333 0.3333333 0.3333333
0.3382353 0.3382353 0.3382353 0.3382353 0.3382353 0.3382353 0.3382353 0.3382353 0.3382353 0.3382353 0.3382353
0.3208955 0.3208955 0.3208955 0.3208955 0.3208955 0.3208955 0.3208955 0.3208955 0.3208955 0.3208955 0.3208955
0.3383459 0.3383459 0.3383459 0.3383459 0.3383459 0.3383459 0.3383459 0.3383459 0.3383459 0.3383459 0.3383459
0 0 0 0 0 0 0 0 0 0 0
0.3208955 0.3208955 0.3208955 0.3208955 0.3208955 0.3208955 0.3208955 0.3208955 0.3208955 0.3208955 0.3208955
0.3383459 0.3383459 0.3383459 0.3383459 0.3383459 0.3383459 0.3383459 0.3383459 0.3383459 0.3383459 0.3383459
0.3333333 0.3333333 0.3333333 0.3333333 0.3333333 0.3333333 0.3333333 0.3333333 0.3333333 0.3333333 0.3333333
0.3260870 0.3260870 0.3260870 0.3260870 0.3260870 0.3260870 0.3260870 0.3260870 0.3260870 0.3260870 0.3260870
0.3383459 0.3383459 0.3383459 0.3383459 0.3383459 0.3383459 0.3383459 0.3383459 0.3383459 0.3383459 0.3383459
0 0 0 0 0 0 0 0 0 0 0
0.3382353 0.3382353 0.3382353 0.3382353 0.3382353 0.3382353 0.3382353 0.3382353 0.3382353 0.3382353 0.3382353
0.3383459 0.3383459 0.3383459 0.3383459 0.3383459 0.3383459 0.3383459 0.3383459 0.3383459 0.3383459 0.3383459
0 0 0 0 0 0 0 0 0 0 0
0.3285714 0.3285714 0.3285714 0.3285714 0.3285714 0.3285714 0.3285714 0.3285714 0.3285714 0.3285714 0.3285714
0.3203125 0.3203125 0.3203125 0.3203125 0.3203125 0.3203125 0.3203125 0.3203125 0.3203125 0.3203125 0.3203125
0.3383459 0.3383459 0.3383459 0.3383459 0.3383459 0.3383459 0.3383459 0.3383459 0.3383459 0.3383459 0.3383459
0.3285714 0.3285714 0.3285714 0.3285714 0.3285714 0.3285714 0.3285714 0.3285714 0.3285714 0.3285714 0.3285714
0.3203125 0.3203125 0.3203125 0.3203125 0.3203125 0.3203125 0.3203125 0.3203125 0.3203125 0.3203125 0.3203125
0.3382353 0.3382353 0.3382353 0.3382353 0.3382353 0.3382353 0.3382353 0.3382353 0.3382353 0.3382353 0.3382353
0 0 0 0 0 0 0 0 0 0 0
0.3260870 0.3260870 0.3260870 0.3260870 0.3260870 0.3260870 0.3260870 0.3260870 0.3260870 0.3260870 0.3260870
0 0 0 0 0 0 0 0 0 0 0
0.3382353 0.3382353 0.3382353 0.3382353 0.3382353 0.3382353 0.3382353 0.3382353 0.3382353 0.3382353 0.3382353
0.3285714 0.3285714 0.3285714 0.3285714 0.3285714 0.3285714 0.3285714 0.3285714 0.3285714 0.3285714 0.3285714
0.3235294 0.3235294 0.3235294 0.3235294 0.3235294 0.3235294 0.3235294 0.3235294 0.3235294 0.3235294 0.3235294
0 0 0 0 0 0 0 0 0 0 0
0 0 0 0 0 0 0 0 0 0 0
0.3260870 0.3260870 0.3260870 0.3260870 0.3260870 0.3260870 0.3260870 0.3260870 0.3260870 0.3260870 0.3260870
0 0 0 0 0 0 0 0 0 0 0
0.3285714 0.3285714 0.3285714 0.3285714 0.3285714 0.3285714 0.3285714 0.3285714 0.3285714 0.3285714 0.3285714
0 0 0 0 0 0 0 0 0 0 0
0.3285714 0.3285714 0.3285714 0.3285714 0.3285714 0.3285714 0.3285714 0.3285714 0.3285714 0.3285714 0.3285714
0 0 0 0 0 0 0 0 0 0 0
0 0 0 0 0 0 0 0 0 0 0
0.3382353 0.3382353 0.3382353 0.3382353 0.3382353 0.3382353 0.3382353 0.3382353 0.3382353 0.3382353 0.3382353
0.3203125 0.3203125 0.3203125 0.3203125 0.3203125 0.3203125 0.3203125 0.3203125 0.3203125 0.3203125 0.3203125
0 0 0 0 0 0 0 0 0 0 0
0 0 0 0 0 0 0 0 0 0 0
0 0 0 0 0 0 0 0 0 0 0
0.3333333 0.3333333 0.3333333 0.3333333 0.3333333 0.3333333 0.3333333 0.3333333 0.3333333 0.3333333 0.3333333
0 0 0 0 0 0 0 0 0 0 0
0.3333333 0.3333333 0.3333333 0.3333333 0.3333333 0.3333333 0.3333333 0.3333333 0.3333333 0.3333333 0.3333333
0.3214286 0.3214286 0.3214286 0.3214286 0.3214286 0.3214286 0.3214286 0.3214286 0.3214286 0.3214286 0.3214286
0.3285714 0.3285714 0.3285714 0.3285714 0.3285714 0.3285714 0.3285714 0.3285714 0.3285714 0.3285714 0.3285714
0.3235294 0.3235294 0.3235294 0.3235294 0.3235294 0.3235294 0.3235294 0.3235294 0.3235294 0.3235294 0.3235294
0.3214286 0.3214286 0.3214286 0.3214286 0.3214286 0.3214286 0.3214286 0.3214286 0.3214286 0.3214286 0.3214286
0 0 0 0 0 0 0 0 0 0 0
0.3235294 0.3235294 0.3235294 0.3235294 0.3235294 0.3235294 0.3235294 0.3235294 0.3235294 0.3235294 0.3235294
0.3383459 0.3383459 0.3383459 0.3383459 0.3383459 0.3383459 0.3383459 0.3383459 0.3383459 0.3383459 0.3383459
0.3260870 0.3260870 0.3260870 0.3260870 0.3260870 0.3260870 0.3260870 0.3260870 0.3260870 0.3260870 0.3260870
0.3382353 0.3382353 0.3382353 0.3382353 0.3382353 0.3382353 0.3382353 0.3382353 0.3382353 0.3382353 0.3382353
0.3203125 0.3203125 0.3203125 0.3203125 0.3203125 0.3203125 0.3203125 0.3203125 0.3203125 0.3203125 0.3203125
0 0 0 0 0 0 0 0 0 0 0
0.3260870 0.3260870 0.3260870 0.3260870 0.3260870 0.3260870 0.3260870 0.3260870 0.3260870 0.3260870 0.3260870
0 0 0 0 0 0 0 0 0 0 0
0 0 0 0 0 0 0 0 0 0 0
0.3214286 0.3214286 0.3214286 0.3214286 0.3214286 0.3214286 0.3214286 0.3214286 0.3214286 0.3214286 0.3214286
0.3203125 0.3203125 0.3203125 0.3203125 0.3203125 0.3203125 0.3203125 0.3203125 0.3203125 0.3203125 0.3203125
0.3235294 0.3235294 0.3235294 0.3235294 0.3235294 0.3235294 0.3235294 0.3235294 0.3235294 0.3235294 0.3235294
0.3208955 0.3208955 0.3208955 0.3208955 0.3208955 0.3208955 0.3208955 0.3208955 0.3208955 0.3208955 0.3208955
0.3208955 0.3208955 0.3208955 0.3208955 0.3208955 0.3208955 0.3208955 0.3208955 0.3208955 0.3208955 0.3208955
0 0 0 0 0 0 0 0 0 0 0
0.3260870 0.3260870 0.3260870 0.3260870 0.3260870 0.3260870 0.3260870 0.3260870 0.3260870 0.3260870 0.3260870
0.3333333 0.3333333 0.3333333 0.3333333 0.3333333 0.3333333 0.3333333 0.3333333 0.3333333 0.3333333 0.3333333
0 0 0 0 0 0 0 0 0 0 0
0.3203125 0.3203125 0.3203125 0.3203125 0.3203125 0.3203125 0.3203125 0.3203125 0.3203125 0.3203125 0.3203125
0.3203125 0.3203125 0.3203125 0.3203125 0.3203125 0.3203125 0.3203125 0.3203125 0.3203125 0.3203125 0.3203125
0.294964 0.294964 0.294964 0.294964 0.294964 0.294964 0.294964 0.294964 0.294964 0.294964 0.294964
0.3235294 0.3235294 0.3235294 0.3235294 0.3235294 0.3235294 0.3235294 0.3235294 0.3235294 0.3235294 0.3235294
0 0 0 0 0 0 0 0 0 0 0
0 0 0 0 0 0 0 0 0 0 0
0.3208955 0.3208955 0.3208955 0.3208955 0.3208955 0.3208955 0.3208955 0.3208955 0.3208955 0.3208955 0.3208955
0.3214286 0.3214286 0.3214286 0.3214286 0.3214286 0.3214286 0.3214286 0.3214286 0.3214286 0.3214286 0.3214286
0.3333333 0.3333333 0.3333333 0.3333333 0.3333333 0.3333333 0.3333333 0.3333333 0.3333333 0.3333333 0.3333333
0 0 0 0 0 0 0 0 0 0 0
0 0 0 0 0 0 0 0 0 0 0
0.3382353 0.3382353 0.3382353 0.3382353 0.3382353 0.3382353 0.3382353 0.3382353 0.3382353 0.3382353 0.3382353
0.3235294 0.3235294 0.3235294 0.3235294 0.3235294 0.3235294 0.3235294 0.3235294 0.3235294 0.3235294 0.3235294
0.3214286 0.3214286 0.3214286 0.3214286 0.3214286 0.3214286 0.3214286 0.3214286 0.3214286 0.3214286 0.3214286
0.3203125 0.3203125 0.3203125 0.3203125 0.3203125 0.3203125 0.3203125 0.3203125 0.3203125 0.3203125 0.3203125
0 0 0 0 0 0 0 0 0 0 0
0.3382353 0.3382353 0.3382353 0.3382353 0.3382353 0.3382353 0.3382353 0.3382353 0.3382353 0.3382353 0.3382353
0 0 0 0 0 0 0 0 0 0 0
0 0 0 0 0 0 0 0 0 0 0
0.3333333 0.3333333 0.3333333 0.3333333 0.3333333 0.3333333 0.3333333 0.3333333 0.3333333 0.3333333 0.3333333
0.3382353 0.3382353 0.3382353 0.3382353 0.3382353 0.3382353 0.3382353 0.3382353 0.3382353 0.3382353 0.3382353
0.3235294 0.3235294 0.3235294 0.3235294 0.3235294 0.3235294 0.3235294 0.3235294 0.3235294 0.3235294 0.3235294
0.3383459 0.3383459 0.3383459 0.3383459 0.3383459 0.3383459 0.3383459 0.3383459 0.3383459 0.3383459 0.3383459
0.3235294 0.3235294 0.3235294 0.3235294 0.3235294 0.3235294 0.3235294 0.3235294 0.3235294 0.3235294 0.3235294
0.3214286 0.3214286 0.3214286 0.3214286 0.3214286 0.3214286 0.3214286 0.3214286 0.3214286 0.3214286 0.3214286
