0 0.1655629 0.1192053 0.1390728 0.1655629 0.1258278 0 0 0 0 0
0 0.1655629 0.3245033 0.3245033 0.3245033 0.3245033 0.410596 0.3245033 0.3245033 0 0
0 0.1655629 0.1192053 0.1390728 0.1655629 0.1258278 0 0 0 0 0
0 0.1655629 0.3245033 0.3245033 0.3245033 0.5033113 0.6622517 0.6092715 0.589404 0 0
0 0.1655629 0.3245033 0.3245033 0.3245033 0.5761589 0.5033113 0.5364238 0.7748344 0 0
0 0.1655629 0.1523179 0.2251656 0.2516556 0.2384106 0 0 0 0 0
0 0.1655629 0.3245033 0.3245033 0.3245033 0.5761589 0.5033113 0.5364238 0.7748344 0 0
0 0.04635762 0.05298013 0.05298013 0 0.07284768 0 0 0 0 0
0 0.1655629 0.3046358 0.3046358 0.3046358 0.3046358 0 0 0 0 0
0 0.1655629 0.3245033 0.3245033 0.3245033 0.5033113 0.6622517 0.6092715 0.589404 0 0
0 0.1655629 0.2649007 0.1986755 0.2251656 0.1258278 0 0 0 0 0
0 0.1655629 0.3245033 0.3245033 0.3245033 0.7615894 0.8874172 0.8874172 0.8874172 0.8874172 0.8874172
0 0.1655629 0.1192053 0.1390728 0.1655629 0.1258278 0 0 0 0 0
0 0.1655629 0.3245033 0.3245033 0.3245033 0.9602649 0.7880795 0.7350993 0.7748344 0.8476821 0
0 0.1655629 0.3245033 0.3245033 0.3245033 0.9602649 0.7880795 0.7350993 0.7748344 0.8476821 0
0 0.1655629 0.3245033 0.3245033 0.3245033 0.5761589 0.5033113 0.5364238 0.7748344 0 0
0 0.04635762 0 0 0.0397351 0.1854305 0 0 0 0 0
0 0 0.205298 0.09271523 0.09271523 0 0 0 0 0 0
0 0.1655629 0.3245033 0.3245033 0.3245033 0.3245033 0.410596 0.3245033 0.3245033 0 0
0 0.1655629 0.3245033 0.3245033 0.3245033 0.3245033 0.410596 0.3245033 0.3245033 0 0
0 0.1655629 0.3245033 0.3245033 0.3245033 0.4172185 0.3245033 0.4503311 0.4172185 0 0
0 0.1655629 0.3245033 0.3245033 0.3245033 0.4172185 0.3245033 0.4503311 0.4172185 0 0
0 0.1655629 0.3046358 0.3046358 0.3046358 0.3046358 0 0 0 0 0
0 0.1655629 0.3245033 0.3245033 0.3245033 0.6490066 0.8278146 0.8278146 0.589404 0 0
0 0.1655629 0.1523179 0.2251656 0.2516556 0.2384106 0 0 0 0 0
0 0.1655629 0.1523179 0.2251656 0.2516556 0.2384106 0 0 0 0 0
0 0 0.205298 0.09271523 0.09271523 0 0 0 0 0 0
0 0.1655629 0.3245033 0.3245033 0.3245033 0.6490066 0.6092715 0.6821192 0.7218543 0 0
0 0.1655629 0.3245033 0.3245033 0.3245033 0.4172185 0.3245033 0.4503311 0.4172185 0 0
0 0.04635762 0 0 0.0397351 0.1854305 0 0 0 0 0
0 0.1655629 0.3245033 0.3245033 0.3245033 0.6490066 0.8278146 0.8278146 0.589404 0 0
0 0.04635762 0 0 0.0397351 0.1854305 0 0 0 0 0
0 0.04635762 0.05298013 0.05298013 0 0.07284768 0 0 0 0 0
0 0.1655629 0.3245033 0.3245033 0.3245033 0.7615894 0.5761589 0.4172185 0.4172185 0 0
0 0.1655629 0.3245033 0.3245033 0.3245033 0.3245033 0.410596 0.3245033 0.3245033 0 0
0 0.1655629 0.3245033 0.3245033 0.3245033 0.4172185 0.3245033 0.4503311 0.4172185 0 0
0 0.1655629 0.3245033 0.3245033 0.3245033 0.7615894 0.7350993 0.7748344 0.4172185 0 0
0 0.1655629 0.3046358 0.3046358 0.3046358 0.3046358 0 0 0 0 0
0 0.1655629 0.1192053 0.1390728 0.1655629 0.1258278 0 0 0 0 0
0 0.1655629 0.2649007 0.2781457 0.2119205 0.2384106 0 0 0 0 0
0 0.1655629 0.3245033 0.3245033 0.3245033 0.6490066 0.8278146 0.8278146 0.589404 0 0
0 0.1655629 0.3245033 0.3245033 0.3245033 0.4172185 0.3245033 0.4503311 0.4172185 0 0
0 0.1655629 0.3245033 0.3245033 0.3245033 0.5761589 0.5033113 0.5364238 0.7748344 0 0
0 0.1655629 0.3245033 0.3245033 0.3245033 0.4172185 0.3245033 0.4503311 0.4172185 0 0
0 0.04635762 0.05298013 0.05298013 0 0.07284768 0 0 0 0 0
0 0.1655629 0.3245033 0.3245033 0.3245033 0.7615894 0.8874172 0.8874172 0.8874172 0.8874172 0.8874172
0 0.1655629 0.3245033 0.3245033 0.3245033 0.6490066 0.8278146 0.8278146 0.589404 0 0
0 0.1655629 0.3245033 0.3245033 0.3245033 0.5033113 0.6622517 0.6092715 0.589404 0 0
0 0.1655629 0.3245033 0.3245033 0.3245033 0.7615894 0.8874172 0.8874172 0.8874172 0.8874172 0.8874172
0 0.1655629 0.3245033 0.3245033 0.3245033 0.7615894 0.5761589 0.4172185 0.4172185 0 0
0 0.1655629 0.2516556 0.2781457 0.1986755 0.07284768 0 0 0 0 0
0 0.04635762 0 0 0.0397351 0.1854305 0 0 0 0 0
0 0.1655629 0.3245033 0.3245033 0.3245033 0.5033113 0.6622517 0.6092715 0.589404 0 0
0 0.1655629 0.3245033 0.3245033 0.3245033 0.7615894 0.7350993 0.7748344 0.4172185 0 0
0 0.1655629 0.3245033 0.3245033 0.3245033 0.7615894 0.8874172 0.8874172 0.8874172 0.8874172 0.8874172
0 0.1655629 0.1523179 0.2251656 0.2516556 0.2384106 0 0 0 0 0
0 0.1655629 0.3245033 0.3245033 0.3245033 0.9602649 0.7880795 0.7350993 0.7748344 0.8476821 0
0 0.1655629 0.3245033 0.3245033 0.3245033 0.4172185 0.3245033 0.4503311 0.4172185 0 0
0 0.1655629 0.3245033 0.3245033 0.3245033 0.5761589 0.5033113 0.5364238 0.7748344 0 0
0 0.1655629 0.3245033 0.3245033 0.3245033 0.5033113 0.6622517 0.6092715 0.589404 0 0
0 0.1655629 0.3245033 0.3245033 0.3245033 0.5033113 0.6622517 0.6092715 0.589404 0 0
0 0.1655629 0.3245033 0.3245033 0.3245033 0.7615894 0.5761589 0.4172185 0.4172185 0 0
0 0.1655629 0.3245033 0.3245033 0.3245033 0.6490066 0.8278146 0.8278146 0.589404 0 0
0 0.1655629 0.3245033 0.3245033 0.3245033 0.6490066 0.6092715 0.6821192 0.7218543 0 0
0 0.1655629 0.3245033 0.3245033 0.3245033 0.6490066 0.6092715 0.6821192 0.7218543 0 0
0 0 0.205298 0.09271523 0.09271523 0 0 0 0 0 0
0 0.1655629 0.3245033 0.3245033 0.3245033 0.4172185 0.3245033 0.4503311 0.4172185 0 0
0 0.1655629 0.3245033 0.3245033 0.3245033 0.7615894 0.7350993 0.7748344 0.4172185 0 0
0 0.1655629 0.3245033 0.3245033 0.3245033 0.6490066 0.8278146 0.8278146 0.589404 0 0
0 0.1655629 0.3245033 0.3245033 0.3245033 0.3245033 0.410596 0.3245033 0.3245033 0 0
0 0.1655629 0.3245033 0.3245033 0.3245033 0.5761589 0.5033113 0.5364238 0.7748344 0 0
0 0.04635762 0.05298013 0.05298013 0 0.07284768 0 0 0 0 0
0 0.1655629 0.3245033 0.3245033 0.3245033 0.7615894 0.8874172 0.8874172 0.8874172 0.8874172 0.8874172
0 0.1655629 0.3245033 0.3245033 0.3245033 0.7615894 0.5761589 0.4172185 0.4172185 0 0
0 0 0.205298 0.09271523 0.09271523 0 0 0 0 0 0
0 0.1655629 0.3245033 0.3245033 0.3245033 0.4172185 0.3245033 0.4503311 0.4172185 0 0
0 0.1655629 0.3245033 0.3245033 0.3245033 0.7615894 0.8874172 0.8874172 0.8874172 0.8874172 0.8874172
0 0.1655629 0.3245033 0.3245033 0.3245033 0.5033113 0.6622517 0.6092715 0.589404 0 0
0 0.1655629 0.3245033 0.3245033 0.3245033 0.7615894 0.7350993 0.7748344 0.4172185 0 0
0 0.1655629 0.3245033 0.3245033 0.3245033 0.3245033 0.410596 0.3245033 0.3245033 0 0
0 0.1655629 0.3245033 0.3245033 0.3245033 0.5033113 0.6622517 0.6092715 0.589404 0 0
0 0.04635762 0.05298013 0.05298013 0 0.07284768 0 0 0 0 0
0 0.1655629 0.3245033 0.3245033 0.3245033 0.7615894 0.7350993 0.7748344 0.4172185 0 0
0 0.04635762 0 0 0.0397351 0.1854305 0 0 0 0 0
0 0.1655629 0.3245033 0.3245033 0.3245033 0.7615894 0.7350993 0.7748344 0.4172185 0 0
0 0.1655629 0.3245033 0.3245033 0.3245033 0.3245033 0.410596 0.3245033 0.3245033 0 0
0 0.1655629 0.1523179 0.2251656 0.2516556 0.2384106 0 0 0 0 0
0 0.1390728 0.09271523 0.1721854 0.1390728 0.04635762 0 0 0 0 0
0 0.1655629 0.3245033 0.3245033 0.3245033 0.3245033 0.410596 0.3245033 0.3245033 0 0
0 0.1390728 0.09271523 0.1721854 0.1390728 0.04635762 0 0 0 0 0
0 0.1655629 0.2649007 0.1986755 0.2251656 0.1258278 0 0 0 0 0
0 0.1655629 0.3245033 0.3245033 0.3245033 0.7615894 0.8874172 0.8874172 0.8874172 0.8874172 0.8874172
0 0.1655629 0.3245033 0.3245033 0.3245033 0.6490066 0.8278146 0.8278146 0.589404 0 0
0 0.1655629 0.2649007 0.1986755 0.2251656 0.1258278 0 0 0 0 0
0 0.1655629 0.3245033 0.3245033 0.3245033 0.5761589 0.5033113 0.5364238 0.7748344 0 0
0 0.04635762 0 0 0.0397351 0.1854305 0 0 0 0 0
0 0.1390728 0.09271523 0.1721854 0.1390728 0.04635762 0 0 0 0 0
0 0.1655629 0.3245033 0.3245033 0.3245033 0.6490066 0.6092715 0.6821192 0.7218543 0 0
0 0.1655629 0.3245033 0.3245033 0.3245033 0.7615894 0.7350993 0.7748344 0.4172185 0 0
0 0.1655629 0.1523179 0.2251656 0.2516556 0.2384106 0 0 0 0 0
0 0.1655629 0.3245033 0.3245033 0.3245033 0.7615894 0.8874172 0.8874172 0.8874172 0.8874172 0.8874172
0 0.1655629 0.3245033 0.3245033 0.3245033 0.7615894 0.8874172 0.8874172 0.8874172 0.8874172 0.8874172
0 0.1655629 0.3245033 0.3245033 0.3245033 0.4172185 0.3245033 0.4503311 0.4172185 0 0
0 0.1655629 0.3245033 0.3245033 0.3245033 0.6490066 0.6092715 0.6821192 0.7218543 0 0
0 0.1655629 0.3245033 0.3245033 0.3245033 0.7615894 0.8874172 0.8874172 0.8874172 0.8874172 0.8874172
0 0 0.205298 0.09271523 0.09271523 0 0 0 0 0 0
0 0.1655629 0.3245033 0.3245033 0.3245033 0.6490066 0.8278146 0.8278146 0.589404 0 0
0 0.1655629 0.3245033 0.3245033 0.3245033 0.6490066 0.8278146 0.8278146 0.589404 0 0
0 0.1655629 0.3245033 0.3245033 0.3245033 0.3245033 0.410596 0.3245033 0.3245033 0 0
0 0.1655629 0.3245033 0.3245033 0.3245033 0.7615894 0.8874172 0.8874172 0.8874172 0.8874172 0.8874172
0 0.1655629 0.3245033 0.3245033 0.3245033 0.7615894 0.7350993 0.7748344 0.4172185 0 0
0 0.1390728 0.09271523 0.1721854 0.1390728 0.04635762 0 0 0 0 0
0 0.1655629 0.3245033 0.3245033 0.3245033 0.7615894 0.8874172 0.8874172 0.8874172 0.8874172 0.8874172
0 0.1655629 0.3245033 0.3245033 0.3245033 0.3245033 0.410596 0.3245033 0.3245033 0 0
0 0.1655629 0.3245033 0.3245033 0.3245033 0.9602649 0.7880795 0.7350993 0.7748344 0.8476821 0
0 0.04635762 0.05298013 0.05298013 0 0.07284768 0 0 0 0 0
0 0.1655629 0.1523179 0.2251656 0.2516556 0.2384106 0 0 0 0 0
0 0.1655629 0.3245033 0.3245033 0.3245033 0.4172185 0.3245033 0.4503311 0.4172185 0 0
0 0.1655629 0.3245033 0.3245033 0.3245033 0.5033113 0.6622517 0.6092715 0.589404 0 0
0 0.1655629 0.3245033 0.3245033 0.3245033 0.7615894 0.8874172 0.8874172 0.8874172 0.8874172 0.8874172
0 0.1655629 0.3245033 0.3245033 0.3245033 0.7615894 0.8874172 0.8874172 0.8874172 0.8874172 0.8874172
0 0.1655629 0.3245033 0.3245033 0.3245033 0.7615894 0.8874172 0.8874172 0.8874172 0.8874172 0.8874172
0 0.1655629 0.2649007 0.1986755 0.2251656 0.1258278 0 0 0 0 0
0 0.1655629 0.3245033 0.3245033 0.3245033 0.5033113 0.6622517 0.6092715 0.589404 0 0
0 0.1655629 0.1192053 0.1390728 0.1655629 0.1258278 0 0 0 0 0
0 0.1655629 0.3245033 0.3245033 0.3245033 0.5761589 0.5033113 0.5364238 0.7748344 0 0
0 0.1655629 0.3245033 0.3245033 0.3245033 0.6490066 0.6092715 0.6821192 0.7218543 0 0
0 0.1655629 0.3245033 0.3245033 0.3245033 0.9602649 0.7880795 0.7350993 0.7748344 0.8476821 0
0 0.1655629 0.3245033 0.3245033 0.3245033 0.3245033 0.410596 0.3245033 0.3245033 0 0
0 0.04635762 0 0 0.0397351 0.1854305 0 0 0 0 0
0 0.1655629 0.1523179 0.2251656 0.2516556 0.2384106 0 0 0 0 0
0 0.1655629 0.3245033 0.3245033 0.3245033 0.3245033 0.410596 0.3245033 0.3245033 0 0
0 0.1655629 0.3245033 0.3245033 0.3245033 0.3245033 0.410596 0.3245033 0.3245033 0 0
0 0.1655629 0.3245033 0.3245033 0.3245033 0.6490066 0.6092715 0.6821192 0.7218543 0 0
0 0.1655629 0.3245033 0.3245033 0.3245033 0.5761589 0.5033113 0.5364238 0.7748344 0 0
0 0 0.205298 0.09271523 0.09271523 0 0 0 0 0 0
0 0.1655629 0.2649007 0.2781457 0.2119205 0.2384106 0 0 0 0 0
0 0.1655629 0.3245033 0.3245033 0.3245033 0.6490066 0.6092715 0.6821192 0.7218543 0 0
0 0.1655629 0.3245033 0.3245033 0.3245033 0.7615894 0.5761589 0.4172185 0.4172185 0 0
0 0.1655629 0.3245033 0.3245033 0.3245033 0.4172185 0.3245033 0.4503311 0.4172185 0 0
0 0 0.205298 0.09271523 0.09271523 0 0 0 0 0 0
0 0.1655629 0.3245033 0.3245033 0.3245033 0.7615894 0.8874172 0.8874172 0.8874172 0.8874172 0.8874172
0 0.1655629 0.3245033 0.3245033 0.3245033 0.9602649 0.7880795 0.7350993 0.7748344 0.8476821 0
0 0.04635762 0 0 0.0397351 0.1854305 0 0 0 0 0
0 0.1655629 0.2516556 0.2781457 0.1986755 0.07284768 0 0 0 0 0
0 0.1655629 0.3245033 0.3245033 0.3245033 0.5033113 0.6622517 0.6092715 0.589404 0 0
0 0.1655629 0.3245033 0.3245033 0.3245033 0.5761589 0.5033113 0.5364238 0.7748344 0 0
0 0.1655629 0.3245033 0.3245033 0.3245033 0.5761589 0.5033113 0.5364238 0.7748344 0 0
0 0.1655629 0.3245033 0.3245033 0.3245033 0.4172185 0.3245033 0.4503311 0.4172185 0 0
0 0.1655629 0.3245033 0.3245033 0.3245033 0.3245033 0.410596 0.3245033 0.3245033 0 0
0 0.1655629 0.3245033 0.3245033 0.3245033 0.7615894 0.8874172 0.8874172 0.8874172 0.8874172 0.8874172
