0.1470588 0.1985294 0.1691176 0.1470588 0.1323529 0.1691176 0 0 0 0 0
0.3233083 0 0.3233083 0.3233083 0.3233083 0.7669173 0.7218045 0.6541353 0.6616541 0 0
0.1642857 0 0.1714286 0.1642857 0.1714286 0.1785714 0 0 0 0 0
0.3383459 0.1052632 0.3383459 0.3383459 0.3383459 0.7593985 0.6992481 0.7218045 0.6015038 0 0
0.3235294 0.1544118 0.3235294 0.3235294 0.3235294 0.6397059 0.7647059 0.6985294 0.757353 0.7205882 0
0.1470588 0.1544118 0.1838235 0.1544118 0.1764706 0 0 0 0 0 0
0.3285714 0 0.3285714 0.3285714 0.3285714 0.7 0.7571429 0.7428571 0.7214286 0.7357143 0
0.1470588 0.1544118 0.1838235 0.1544118 0.1764706 0 0 0 0 0 0
0.2030075 0 0.1127820 0.1879699 0.1654135 0.1654135 0 0 0 0 0
0.3383459 0.1052632 0.3383459 0.3383459 0.3383459 0.7593985 0.6992481 0.7218045 0.6015038 0 0
0.1729323 0.1278195 0.1954887 0.1729323 0.1654135 0.1879699 0 0 0 0 0
0.3037037 0 0.3037037 0.3037037 0.3037037 0.7555556 0.7333333 0.6666667 0.6592593 0 0
0.1578947 0 0.1804511 0.1879699 0.1804511 0.2105263 0 0.1578947 0 0 0
0.3037037 0 0.3037037 0.3037037 0.3037037 0.7555556 0.7333333 0.6666667 0.6592593 0 0
0.3383459 0.1052632 0.3383459 0.3383459 0.3383459 0.7593985 0.6992481 0.7218045 0.6015038 0 0
0.3037037 0 0.3037037 0.3037037 0.3037037 0.7555556 0.7333333 0.6666667 0.6592593 0 0
0.1578947 0 0.1804511 0.1879699 0.1804511 0.2105263 0 0.1578947 0 0 0
0.1777778 0 0.1555556 0.1851852 0.1851852 0.1037037 0.1333333 0 0 0 0
0.3383459 0 0.2556391 0.3383459 0.3383459 0.6992481 0.7518797 0.6390977 0.7518797 0 0
0.3088235 0.2720588 0.3088235 0.3088235 0.3088235 0.5514706 0.7279412 0.6838235 0.6470588 0 0
0.3259259 0 0.3259259 0.3259259 0.3259259 0.6148148 0.7185185 0.7481481 0.6962963 0.6222222 0
0.3088235 0.2720588 0.3088235 0.3088235 0.3088235 0.5514706 0.7279412 0.6838235 0.6470588 0 0
0.1879699 0.1052632 0.1879699 0.1804511 0.1654135 0.2255639 0 0 0 0 0
0.3259259 0 0.3259259 0.3259259 0.3259259 0.6148148 0.7185185 0.7481481 0.6962963 0.6222222 0
0.1777778 0 0.1555556 0.1851852 0.1851852 0.1037037 0.1333333 0 0 0 0
0.1578947 0 0.1804511 0.1879699 0.1804511 0.2105263 0 0.1578947 0 0 0
0.1703704 0 0.1777778 0.1703704 0.1629630 0.1333333 0 0 0 0 0
0.3088235 0.2720588 0.3088235 0.3088235 0.3088235 0.5514706 0.7279412 0.6838235 0.6470588 0 0
0.3383459 0 0.2556391 0.3383459 0.3383459 0.6992481 0.7518797 0.6390977 0.7518797 0 0
0.1470588 0.1985294 0.1691176 0.1470588 0.1323529 0.1691176 0 0 0 0 0
0.3241379 0.1517241 0.3241379 0.3241379 0.3241379 0.7310345 0.7172414 0.6965517 0.6206897 0 0
0.1879699 0.1052632 0.1879699 0.1804511 0.1654135 0.2255639 0 0 0 0 0
0.1470588 0.1544118 0.1838235 0.1544118 0.1764706 0 0 0 0 0 0
0.3235294 0.1544118 0.3235294 0.3235294 0.3235294 0.6397059 0.7647059 0.6985294 0.757353 0.7205882 0
0.3233083 0 0.3233083 0.3233083 0.3233083 0.7669173 0.7218045 0.6541353 0.6616541 0 0
0.3088235 0.2720588 0.3088235 0.3088235 0.3088235 0.5514706 0.7279412 0.6838235 0.6470588 0 0
0.3383459 0.1052632 0.3383459 0.3383459 0.3383459 0.7593985 0.6992481 0.7218045 0.6015038 0 0
0.1703704 0 0.1777778 0.1703704 0.1629630 0.1333333 0 0 0 0 0
0.1578947 0 0.1804511 0.1879699 0.1804511 0.2105263 0 0.1578947 0 0 0
0.1879699 0.1052632 0.1879699 0.1804511 0.1654135 0.2255639 0 0 0 0 0
0.3383459 0.1052632 0.3383459 0.3383459 0.3383459 0.7593985 0.6992481 0.7218045 0.6015038 0 0
0.3383459 0 0.2556391 0.3383459 0.3383459 0.6992481 0.7518797 0.6390977 0.7518797 0 0
0.3233083 0 0.3233083 0.3233083 0.3233083 0.7669173 0.7218045 0.6541353 0.6616541 0 0
0.3308271 0.1278195 0.3308271 0.3308271 0.3308271 0.7067669 0.7518797 0.7593985 0.6917293 0.8045113 0
0.1470588 0.1985294 0.1691176 0.1470588 0.1323529 0.1691176 0 0 0 0 0
0.3233083 0 0.3233083 0.3233083 0.3233083 0.7669173 0.7218045 0.6541353 0.6616541 0 0
0.3308271 0.1278195 0.3308271 0.3308271 0.3308271 0.7067669 0.7518797 0.7593985 0.6917293 0.8045113 0
0.3308271 0.1278195 0.3308271 0.3308271 0.3308271 0.7067669 0.7518797 0.7593985 0.6917293 0.8045113 0
0.3233083 0 0.3233083 0.3233083 0.3233083 0.7669173 0.7218045 0.6541353 0.6616541 0 0
0.3383459 0 0.2556391 0.3383459 0.3383459 0.6992481 0.7518797 0.6390977 0.7518797 0 0
0.1703704 0 0.1777778 0.1703704 0.1629630 0.1333333 0 0 0 0 0
0.1470588 0.1544118 0.1838235 0.1544118 0.1764706 0 0 0 0 0 0
0.3088235 0.2720588 0.3088235 0.3088235 0.3088235 0.5514706 0.7279412 0.6838235 0.6470588 0 0
0.3259259 0 0.3259259 0.3259259 0.3259259 0.6148148 0.7185185 0.7481481 0.6962963 0.6222222 0
0.3241379 0.1517241 0.3241379 0.3241379 0.3241379 0.7310345 0.7172414 0.6965517 0.6206897 0 0
0.1777778 0 0.1555556 0.1851852 0.1851852 0.1037037 0.1333333 0 0 0 0
0.3285714 0 0.3285714 0.3285714 0.3285714 0.7 0.7571429 0.7428571 0.7214286 0.7357143 0
0.3308271 0.1278195 0.3308271 0.3308271 0.3308271 0.7067669 0.7518797 0.7593985 0.6917293 0.8045113 0
0.3285714 0 0.3285714 0.3285714 0.3285714 0.7 0.7571429 0.7428571 0.7214286 0.7357143 0
0.3383459 0.1052632 0.3383459 0.3383459 0.3383459 0.7593985 0.6992481 0.7218045 0.6015038 0 0
0.3037037 0 0.3037037 0.3037037 0.3037037 0.7555556 0.7333333 0.6666667 0.6592593 0 0
0.3383459 0 0.2556391 0.3383459 0.3383459 0.6992481 0.7518797 0.6390977 0.7518797 0 0
0.3383459 0.1052632 0.3383459 0.3383459 0.3383459 0.7593985 0.6992481 0.7218045 0.6015038 0 0
0.3383459 0 0.2556391 0.3383459 0.3383459 0.6992481 0.7518797 0.6390977 0.7518797 0 0
0.3308271 0.1278195 0.3308271 0.3308271 0.3308271 0.7067669 0.7518797 0.7593985 0.6917293 0.8045113 0
0.1470588 0.1985294 0.1691176 0.1470588 0.1323529 0.1691176 0 0 0 0 0
0.3088235 0.2720588 0.3088235 0.3088235 0.3088235 0.5514706 0.7279412 0.6838235 0.6470588 0 0
0.3233083 0 0.3233083 0.3233083 0.3233083 0.7669173 0.7218045 0.6541353 0.6616541 0 0
0.3285714 0 0.3285714 0.3285714 0.3285714 0.7 0.7571429 0.7428571 0.7214286 0.7357143 0
0.3241379 0.1517241 0.3241379 0.3241379 0.3241379 0.7310345 0.7172414 0.6965517 0.6206897 0 0
0.3383459 0.1052632 0.3383459 0.3383459 0.3383459 0.7593985 0.6992481 0.7218045 0.6015038 0 0
0.1703704 0 0.1777778 0.1703704 0.1629630 0.1333333 0 0 0 0 0
0.3383459 0 0.2556391 0.3383459 0.3383459 0.6992481 0.7518797 0.6390977 0.7518797 0 0
0.3235294 0.1544118 0.3235294 0.3235294 0.3235294 0.6397059 0.7647059 0.6985294 0.757353 0.7205882 0
0.1777778 0 0.1555556 0.1851852 0.1851852 0.1037037 0.1333333 0 0 0 0
0.3037037 0 0.3037037 0.3037037 0.3037037 0.7555556 0.7333333 0.6666667 0.6592593 0 0
0.3383459 0 0.2556391 0.3383459 0.3383459 0.6992481 0.7518797 0.6390977 0.7518797 0 0
0.3383459 0 0.2556391 0.3383459 0.3383459 0.6992481 0.7518797 0.6390977 0.7518797 0 0
0.3259259 0 0.3259259 0.3259259 0.3259259 0.6148148 0.7185185 0.7481481 0.6962963 0.6222222 0
0.3383459 0.1052632 0.3383459 0.3383459 0.3383459 0.7593985 0.6992481 0.7218045 0.6015038 0 0
0.3308271 0.1278195 0.3308271 0.3308271 0.3308271 0.7067669 0.7518797 0.7593985 0.6917293 0.8045113 0
0.1470588 0.1985294 0.1691176 0.1470588 0.1323529 0.1691176 0 0 0 0 0
0.3235294 0.1544118 0.3235294 0.3235294 0.3235294 0.6397059 0.7647059 0.6985294 0.757353 0.7205882 0
0.1642857 0 0.1714286 0.1642857 0.1714286 0.1785714 0 0 0 0 0
0.3308271 0.1278195 0.3308271 0.3308271 0.3308271 0.7067669 0.7518797 0.7593985 0.6917293 0.8045113 0
0.3233083 0 0.3233083 0.3233083 0.3233083 0.7669173 0.7218045 0.6541353 0.6616541 0 0
0.1578947 0 0.1804511 0.1879699 0.1804511 0.2105263 0 0.1578947 0 0 0
0.2030075 0 0.1127820 0.1879699 0.1654135 0.1654135 0 0 0 0 0
0.3259259 0 0.3259259 0.3259259 0.3259259 0.6148148 0.7185185 0.7481481 0.6962963 0.6222222 0
0.2030075 0 0.1127820 0.1879699 0.1654135 0.1654135 0 0 0 0 0
0.1724138 0.1517241 0.2137931 0.1862069 0.1586207 0.1931034 0 0 0 0 0
0.3308271 0.1278195 0.3308271 0.3308271 0.3308271 0.7067669 0.7518797 0.7593985 0.6917293 0.8045113 0
0.3383459 0.1052632 0.3383459 0.3383459 0.3383459 0.7593985 0.6992481 0.7218045 0.6015038 0 0
0.1729323 0.1278195 0.1954887 0.1729323 0.1654135 0.1879699 0 0 0 0 0
0.3383459 0.1052632 0.3383459 0.3383459 0.3383459 0.7593985 0.6992481 0.7218045 0.6015038 0 0
0.1724138 0.1517241 0.2137931 0.1862069 0.1586207 0.1931034 0 0 0 0 0
0.1777778 0 0.1555556 0.1851852 0.1851852 0.1037037 0.1333333 0 0 0 0
0.3037037 0 0.3037037 0.3037037 0.3037037 0.7555556 0.7333333 0.6666667 0.6592593 0 0
0.3233083 0 0.3233083 0.3233083 0.3233083 0.7669173 0.7218045 0.6541353 0.6616541 0 0
0.1703704 0 0.1777778 0.1703704 0.1629630 0.1333333 0 0 0 0 0
0.3383459 0.1052632 0.3383459 0.3383459 0.3383459 0.7593985 0.6992481 0.7218045 0.6015038 0 0
0.3285714 0 0.3285714 0.3285714 0.3285714 0.7 0.7571429 0.7428571 0.7214286 0.7357143 0
0.3259259 0 0.3259259 0.3259259 0.3259259 0.6148148 0.7185185 0.7481481 0.6962963 0.6222222 0
0.3383459 0.1052632 0.3383459 0.3383459 0.3383459 0.7593985 0.6992481 0.7218045 0.6015038 0 0
0.3233083 0 0.3233083 0.3233083 0.3233083 0.7669173 0.7218045 0.6541353 0.6616541 0 0
0.1729323 0.1278195 0.1954887 0.1729323 0.1654135 0.1879699 0 0 0 0 0
0.3241379 0.1517241 0.3241379 0.3241379 0.3241379 0.7310345 0.7172414 0.6965517 0.6206897 0 0
0.3233083 0 0.3233083 0.3233083 0.3233083 0.7669173 0.7218045 0.6541353 0.6616541 0 0
0.3233083 0 0.3233083 0.3233083 0.3233083 0.7669173 0.7218045 0.6541353 0.6616541 0 0
0.3308271 0.1278195 0.3308271 0.3308271 0.3308271 0.7067669 0.7518797 0.7593985 0.6917293 0.8045113 0
0.3037037 0 0.3037037 0.3037037 0.3037037 0.7555556 0.7333333 0.6666667 0.6592593 0 0
0.1777778 0 0.1555556 0.1851852 0.1851852 0.1037037 0.1333333 0 0 0 0
0.3259259 0 0.3259259 0.3259259 0.3259259 0.6148148 0.7185185 0.7481481 0.6962963 0.6222222 0
0.3233083 0 0.3233083 0.3233083 0.3233083 0.7669173 0.7218045 0.6541353 0.6616541 0 0
0.3235294 0.1544118 0.3235294 0.3235294 0.3235294 0.6397059 0.7647059 0.6985294 0.757353 0.7205882 0
0.1879699 0.1052632 0.1879699 0.1804511 0.1654135 0.2255639 0 0 0 0 0
0.1470588 0.1985294 0.1691176 0.1470588 0.1323529 0.1691176 0 0 0 0 0
0.3285714 0 0.3285714 0.3285714 0.3285714 0.7 0.7571429 0.7428571 0.7214286 0.7357143 0
0.3308271 0.1278195 0.3308271 0.3308271 0.3308271 0.7067669 0.7518797 0.7593985 0.6917293 0.8045113 0
0.3235294 0.1544118 0.3235294 0.3235294 0.3235294 0.6397059 0.7647059 0.6985294 0.757353 0.7205882 0
0.3259259 0 0.3259259 0.3259259 0.3259259 0.6148148 0.7185185 0.7481481 0.6962963 0.6222222 0
0.3308271 0.1278195 0.3308271 0.3308271 0.3308271 0.7067669 0.7518797 0.7593985 0.6917293 0.8045113 0
0.1777778 0 0.1555556 0.1851852 0.1851852 0.1037037 0.1333333 0 0 0 0
0.3259259 0 0.3259259 0.3259259 0.3259259 0.6148148 0.7185185 0.7481481 0.6962963 0.6222222 0
0.1578947 0 0.1804511 0.1879699 0.1804511 0.2105263 0 0.1578947 0 0 0
0.3383459 0.1052632 0.3383459 0.3383459 0.3383459 0.7593985 0.6992481 0.7218045 0.6015038 0 0
0.3383459 0 0.2556391 0.3383459 0.3383459 0.6992481 0.7518797 0.6390977 0.7518797 0 0
0.3088235 0.2720588 0.3088235 0.3088235 0.3088235 0.5514706 0.7279412 0.6838235 0.6470588 0 0
0.3259259 0 0.3259259 0.3259259 0.3259259 0.6148148 0.7185185 0.7481481 0.6962963 0.6222222 0
0.1729323 0.1278195 0.1954887 0.1729323 0.1654135 0.1879699 0 0 0 0 0
0.1777778 0 0.1555556 0.1851852 0.1851852 0.1037037 0.1333333 0 0 0 0
0.3088235 0.2720588 0.3088235 0.3088235 0.3088235 0.5514706 0.7279412 0.6838235 0.6470588 0 0
0.3037037 0 0.3037037 0.3037037 0.3037037 0.7555556 0.7333333 0.6666667 0.6592593 0 0
0.3235294 0.1544118 0.3235294 0.3235294 0.3235294 0.6397059 0.7647059 0.6985294 0.757353 0.7205882 0
0.3235294 0.1544118 0.3235294 0.3235294 0.3235294 0.6397059 0.7647059 0.6985294 0.757353 0.7205882 0
0.1470588 0.1985294 0.1691176 0.1470588 0.1323529 0.1691176 0 0 0 0 0
0.1642857 0 0.1714286 0.1642857 0.1714286 0.1785714 0 0 0 0 0
0.3383459 0 0.2556391 0.3383459 0.3383459 0.6992481 0.7518797 0.6390977 0.7518797 0 0
0.3235294 0.1544118 0.3235294 0.3235294 0.3235294 0.6397059 0.7647059 0.6985294 0.757353 0.7205882 0
0.3235294 0.1544118 0.3235294 0.3235294 0.3235294 0.6397059 0.7647059 0.6985294 0.757353 0.7205882 0
0.1470588 0.1544118 0.1838235 0.1544118 0.1764706 0 0 0 0 0 0
0.3308271 0.1278195 0.3308271 0.3308271 0.3308271 0.7067669 0.7518797 0.7593985 0.6917293 0.8045113 0
0.3383459 0 0.2556391 0.3383459 0.3383459 0.6992481 0.7518797 0.6390977 0.7518797 0 0
0.1729323 0.1278195 0.1954887 0.1729323 0.1654135 0.1879699 0 0 0 0 0
0.2030075 0 0.1127820 0.1879699 0.1654135 0.1654135 0 0 0 0 0
0.3308271 0.1278195 0.3308271 0.3308271 0.3308271 0.7067669 0.7518797 0.7593985 0.6917293 0.8045113 0
0.3285714 0 0.3285714 0.3285714 0.3285714 0.7 0.7571429 0.7428571 0.7214286 0.7357143 0
0.3383459 0 0.2556391 0.3383459 0.3383459 0.6992481 0.7518797 0.6390977 0.7518797 0 0
0.3383459 0 0.2556391 0.3383459 0.3383459 0.6992481 0.7518797 0.6390977 0.7518797 0 0
0.3259259 0 0.3259259 0.3259259 0.3259259 0.6148148 0.7185185 0.7481481 0.6962963 0.6222222 0
0.3285714 0 0.3285714 0.3285714 0.3285714 0.7 0.7571429 0.7428571 0.7214286 0.7357143 0
