0.1851852 0 0.2 0.1851852 0.1703704 0.1555556 0 0 0 0 0
0.3076923 0 0.3076923 0.3076923 0.3076923 0.6769231 0.6846154 0.6846154 0.6923077 0 0
0.1769231 0 0.1461538 0.1615385 0.1538462 0.1307692 0 0 0 0 0
0.3259259 0 0.3259259 0.3259259 0.3259259 0.7185185 0.7407407 0.6740741 0.7851852 0 0
0.3111111 0 0.3037037 0.3111111 0.3111111 0.7037037 0.7111111 0.7111111 0.7333333 0 0
0.1769231 0 0.1461538 0.1615385 0.1538462 0.1307692 0 0 0 0 0
0.3384615 0.2846154 0.3384615 0.3384615 0.3384615 0.3384615 0.7461538 0.7692308 0.7 0.8076923 0
0.1851852 0 0.2 0.1851852 0.1703704 0.1555556 0 0 0 0 0
0.1838235 0.1323529 0.1911765 0.1764706 0.1911765 0.1764706 0 0 0 0 0
0.3111111 0 0.3037037 0.3111111 0.3111111 0.7037037 0.7111111 0.7111111 0.7333333 0 0
0.1851852 0 0.1703704 0.1777778 0.1703704 0.1629630 0 0 0 0 0
0.3161765 0.1323529 0.3088235 0.3161765 0.3161765 0.6617647 0.742647 0.6470588 0.7058824 0 0
0.1777778 0 0.1703704 0.1851852 0.1629630 0.1333333 0 0 0 0 0
0.3259259 0 0.3259259 0.3259259 0.3259259 0.7185185 0.7407407 0.6740741 0.7851852 0 0
0.3076923 0 0.3076923 0.3076923 0.3076923 0.6769231 0.6846154 0.6846154 0.6923077 0 0
0.3333333 0 0.3333333 0.3333333 0.3333333 0.6814815 0.7851852 0.6888889 0.5777778 0.7185185 0
0.1777778 0 0.1703704 0.1851852 0.1629630 0.1333333 0 0 0 0 0
0.1777778 0 0.1703704 0.1851852 0.1629630 0.1333333 0 0 0 0 0
0.3161765 0.1323529 0.3088235 0.3161765 0.3161765 0.6617647 0.742647 0.6470588 0.7058824 0 0
0.3111111 0 0.3037037 0.3111111 0.3111111 0.7037037 0.7111111 0.7111111 0.7333333 0 0
0.3161765 0.1323529 0.3088235 0.3161765 0.3161765 0.6617647 0.742647 0.6470588 0.7058824 0 0
0.3076923 0 0.3076923 0.3076923 0.3076923 0.6769231 0.6846154 0.6846154 0.6923077 0 0
0.1764706 0.1544118 0.1985294 0.1764706 0.1544118 0 0 0 0 0 0
0.3262411 0 0.3262411 0.3262411 0.3262411 0.7092199 0.7304965 0.716312 0.6737589 0 0
0.1769231 0 0.1461538 0.1615385 0.1538462 0.1307692 0 0 0 0 0
0.1851852 0 0.1703704 0.1777778 0.1703704 0.1629630 0 0 0 0 0
0.1928571 0 0.1714286 0.1785714 0.1642857 0.1071429 0.1642857 0 0 0 0
0.3333333 0 0.3333333 0.3333333 0.3333333 0.7021277 0.7588652 0.7021277 0.7304965 0 0
0.3333333 0 0.3333333 0.3333333 0.3333333 0.6814815 0.7851852 0.6888889 0.5777778 0.7185185 0
0.1914894 0 0.1702128 0.1843972 0.1631206 0.1205674 0 0 0 0 0
0.3214286 0 0.3214286 0.3214286 0.3214286 0.5785714 0.7142857 0.7142857 0.7642857 0 0
0.1769231 0 0.1461538 0.1615385 0.1538462 0.1307692 0 0 0 0 0
0.1769231 0.2 0.1692308 0.1615385 0.1461538 0 0 0 0 0 0
0.3259259 0 0.3259259 0.3259259 0.3259259 0.7185185 0.7407407 0.6740741 0.7851852 0 0
0.3161765 0.1323529 0.3088235 0.3161765 0.3161765 0.6617647 0.742647 0.6470588 0.7058824 0 0
0.3259259 0 0.3259259 0.3259259 0.3259259 0.7185185 0.7407407 0.6740741 0.7851852 0 0
0.3333333 0 0.3333333 0.3333333 0.3333333 0.6814815 0.7851852 0.6888889 0.5777778 0.7185185 0
0.1838235 0.1323529 0.1911765 0.1764706 0.1911765 0.1764706 0 0 0 0 0
0.1777778 0 0.1703704 0.1851852 0.1629630 0.1333333 0 0 0 0 0
0.1769231 0 0.1461538 0.1615385 0.1538462 0.1307692 0 0 0 0 0
0.3308824 0.1544118 0.3308824 0.3308824 0.3308824 0.6102941 0.7647059 0.6985294 0.6838235 0 0
0.3262411 0 0.3262411 0.3262411 0.3262411 0.7092199 0.7304965 0.716312 0.6737589 0 0
0.3214286 0 0.3214286 0.3214286 0.3214286 0.5785714 0.7142857 0.7142857 0.7642857 0 0
0.3076923 0 0.3076923 0.3076923 0.3076923 0.6769231 0.6846154 0.6846154 0.6923077 0 0
0.1769231 0.2 0.1692308 0.1615385 0.1461538 0 0 0 0 0 0
0.3262411 0 0.3262411 0.3262411 0.3262411 0.7092199 0.7304965 0.716312 0.6737589 0 0
0.3384615 0.2846154 0.3384615 0.3384615 0.3384615 0.3384615 0.7461538 0.7692308 0.7 0.8076923 0
0.3214286 0 0.3214286 0.3214286 0.3214286 0.5785714 0.7142857 0.7142857 0.7642857 0 0
0.3384615 0.2846154 0.3384615 0.3384615 0.3384615 0.3384615 0.7461538 0.7692308 0.7 0.8076923 0
0.3384615 0.2846154 0.3384615 0.3384615 0.3384615 0.3384615 0.7461538 0.7692308 0.7 0.8076923 0
0.1928571 0 0.1714286 0.1785714 0.1642857 0.1071429 0.1642857 0 0 0 0
0.1928571 0 0.1714286 0.1785714 0.1642857 0.1071429 0.1642857 0 0 0 0
0.3259259 0 0.3259259 0.3259259 0.3259259 0.7185185 0.7407407 0.6740741 0.7851852 0 0
0.3384615 0.2846154 0.3384615 0.3384615 0.3384615 0.3384615 0.7461538 0.7692308 0.7 0.8076923 0
0.3214286 0 0.3214286 0.3214286 0.3214286 0.5785714 0.7142857 0.7142857 0.7642857 0 0
0.1773050 0 0.1843972 0.1702128 0.1631206 0.2127660 0 0 0 0 0
0.3259259 0 0.3259259 0.3259259 0.3259259 0.7185185 0.7407407 0.6740741 0.7851852 0 0
0.3214286 0 0.3214286 0.3214286 0.3214286 0.5785714 0.7142857 0.7142857 0.7642857 0 0
0.3384615 0.2846154 0.3384615 0.3384615 0.3384615 0.3384615 0.7461538 0.7692308 0.7 0.8076923 0
0.3308824 0.1544118 0.3308824 0.3308824 0.3308824 0.6102941 0.7647059 0.6985294 0.6838235 0 0
0.3333333 0 0.3333333 0.3333333 0.3333333 0.7021277 0.7588652 0.7021277 0.7304965 0 0
0.3259259 0 0.3259259 0.3259259 0.3259259 0.7185185 0.7407407 0.6740741 0.7851852 0 0
0.3333333 0 0.3333333 0.3333333 0.3333333 0.7021277 0.7588652 0.7021277 0.7304965 0 0
0.3333333 0 0.3333333 0.3333333 0.3333333 0.6814815 0.7851852 0.6888889 0.5777778 0.7185185 0
0.3333333 0 0.3333333 0.3333333 0.3333333 0.6814815 0.7851852 0.6888889 0.5777778 0.7185185 0
0.1777778 0 0.1703704 0.1851852 0.1629630 0.1333333 0 0 0 0 0
0.3333333 0 0.3333333 0.3333333 0.3333333 0.7021277 0.7588652 0.7021277 0.7304965 0 0
0.3161765 0.1323529 0.3088235 0.3161765 0.3161765 0.6617647 0.742647 0.6470588 0.7058824 0 0
0.3259259 0 0.3259259 0.3259259 0.3259259 0.7185185 0.7407407 0.6740741 0.7851852 0 0
0.3308824 0.1544118 0.3308824 0.3308824 0.3308824 0.6102941 0.7647059 0.6985294 0.6838235 0 0
0.3384615 0.2846154 0.3384615 0.3384615 0.3384615 0.3384615 0.7461538 0.7692308 0.7 0.8076923 0
0.1769231 0 0.1461538 0.1615385 0.1538462 0.1307692 0 0 0 0 0
0.3308824 0.1544118 0.3308824 0.3308824 0.3308824 0.6102941 0.7647059 0.6985294 0.6838235 0 0
0.3384615 0.2846154 0.3384615 0.3384615 0.3384615 0.3384615 0.7461538 0.7692308 0.7 0.8076923 0
0.1838235 0.1323529 0.1911765 0.1764706 0.1911765 0.1764706 0 0 0 0 0
0.3076923 0 0.3076923 0.3076923 0.3076923 0.6769231 0.6846154 0.6846154 0.6923077 0 0
0.3076923 0 0.3076923 0.3076923 0.3076923 0.6769231 0.6846154 0.6846154 0.6923077 0 0
0.3111111 0 0.3037037 0.3111111 0.3111111 0.7037037 0.7111111 0.7111111 0.7333333 0 0
0.3076923 0 0.3076923 0.3076923 0.3076923 0.6769231 0.6846154 0.6846154 0.6923077 0 0
0.3308824 0.1544118 0.3308824 0.3308824 0.3308824 0.6102941 0.7647059 0.6985294 0.6838235 0 0
0.3308824 0.1544118 0.3308824 0.3308824 0.3308824 0.6102941 0.7647059 0.6985294 0.6838235 0 0
0.1769231 0.2 0.1692308 0.1615385 0.1461538 0 0 0 0 0 0
0.3384615 0.2846154 0.3384615 0.3384615 0.3384615 0.3384615 0.7461538 0.7692308 0.7 0.8076923 0
0.1769231 0 0.1461538 0.1615385 0.1538462 0.1307692 0 0 0 0 0
0.3333333 0 0.3333333 0.3333333 0.3333333 0.7021277 0.7588652 0.7021277 0.7304965 0 0
0.3262411 0 0.3262411 0.3262411 0.3262411 0.7092199 0.7304965 0.716312 0.6737589 0 0
0.1851852 0 0.1703704 0.1777778 0.1703704 0.1629630 0 0 0 0 0
0.1851852 0 0.2 0.1851852 0.1703704 0.1555556 0 0 0 0 0
0.3161765 0.1323529 0.3088235 0.3161765 0.3161765 0.6617647 0.742647 0.6470588 0.7058824 0 0
0.1838235 0.1323529 0.1911765 0.1764706 0.1911765 0.1764706 0 0 0 0 0
0.1777778 0 0.1703704 0.1851852 0.1629630 0.1333333 0 0 0 0 0
0.3076923 0 0.3076923 0.3076923 0.3076923 0.6769231 0.6846154 0.6846154 0.6923077 0 0
0.3076923 0 0.3076923 0.3076923 0.3076923 0.6769231 0.6846154 0.6846154 0.6923077 0 0
0.1777778 0 0.1703704 0.1851852 0.1629630 0.1333333 0 0 0 0 0
0.3161765 0.1323529 0.3088235 0.3161765 0.3161765 0.6617647 0.742647 0.6470588 0.7058824 0 0
0.1769231 0 0.1461538 0.1615385 0.1538462 0.1307692 0 0 0 0 0
0.1851852 0 0.1703704 0.1777778 0.1703704 0.1629630 0 0 0 0 0
0.3259259 0 0.3259259 0.3259259 0.3259259 0.7185185 0.7407407 0.6740741 0.7851852 0 0
0.3111111 0 0.3037037 0.3111111 0.3111111 0.7037037 0.7111111 0.7111111 0.7333333 0 0
0.1851852 0 0.2 0.1851852 0.1703704 0.1555556 0 0 0 0 0
0.3076923 0 0.3076923 0.3076923 0.3076923 0.6769231 0.6846154 0.6846154 0.6923077 0 0
0.3308824 0.1544118 0.3308824 0.3308824 0.3308824 0.6102941 0.7647059 0.6985294 0.6838235 0 0
0.3076923 0 0.3076923 0.3076923 0.3076923 0.6769231 0.6846154 0.6846154 0.6923077 0 0
0.3333333 0 0.3333333 0.3333333 0.3333333 0.6814815 0.7851852 0.6888889 0.5777778 0.7185185 0
0.3161765 0.1323529 0.3088235 0.3161765 0.3161765 0.6617647 0.742647 0.6470588 0.7058824 0 0
0.1769231 0.2 0.1692308 0.1615385 0.1461538 0 0 0 0 0 0
0.3333333 0 0.3333333 0.3333333 0.3333333 0.6814815 0.7851852 0.6888889 0.5777778 0.7185185 0
0.3111111 0 0.3037037 0.3111111 0.3111111 0.7037037 0.7111111 0.7111111 0.7333333 0 0
0.3333333 0 0.3333333 0.3333333 0.3333333 0.6814815 0.7851852 0.6888889 0.5777778 0.7185185 0
0.3384615 0.2846154 0.3384615 0.3384615 0.3384615 0.3384615 0.7461538 0.7692308 0.7 0.8076923 0
0.3333333 0 0.3333333 0.3333333 0.3333333 0.6814815 0.7851852 0.6888889 0.5777778 0.7185185 0
0.1769231 0 0.1461538 0.1615385 0.1538462 0.1307692 0 0 0 0 0
0.3384615 0.2846154 0.3384615 0.3384615 0.3384615 0.3384615 0.7461538 0.7692308 0.7 0.8076923 0
0.3308824 0.1544118 0.3308824 0.3308824 0.3308824 0.6102941 0.7647059 0.6985294 0.6838235 0 0
0.3308824 0.1544118 0.3308824 0.3308824 0.3308824 0.6102941 0.7647059 0.6985294 0.6838235 0 0
0.1769231 0.2 0.1692308 0.1615385 0.1461538 0 0 0 0 0 0
0.1773050 0 0.1843972 0.1702128 0.1631206 0.2127660 0 0 0 0 0
0.3161765 0.1323529 0.3088235 0.3161765 0.3161765 0.6617647 0.742647 0.6470588 0.7058824 0 0
0.3111111 0 0.3037037 0.3111111 0.3111111 0.7037037 0.7111111 0.7111111 0.7333333 0 0
0.3333333 0 0.3333333 0.3333333 0.3333333 0.6814815 0.7851852 0.6888889 0.5777778 0.7185185 0
0.3384615 0.2846154 0.3384615 0.3384615 0.3384615 0.3384615 0.7461538 0.7692308 0.7 0.8076923 0
0.3384615 0.2846154 0.3384615 0.3384615 0.3384615 0.3384615 0.7461538 0.7692308 0.7 0.8076923 0
0.1838235 0.1323529 0.1911765 0.1764706 0.1911765 0.1764706 0 0 0 0 0
0.3262411 0 0.3262411 0.3262411 0.3262411 0.7092199 0.7304965 0.716312 0.6737589 0 0
0.1851852 0 0.2 0.1851852 0.1703704 0.1555556 0 0 0 0 0
0.3308824 0.1544118 0.3308824 0.3308824 0.3308824 0.6102941 0.7647059 0.6985294 0.6838235 0 0
0.3384615 0.2846154 0.3384615 0.3384615 0.3384615 0.3384615 0.7461538 0.7692308 0.7 0.8076923 0
0.3214286 0 0.3214286 0.3214286 0.3214286 0.5785714 0.7142857 0.7142857 0.7642857 0 0
0.3333333 0 0.3333333 0.3333333 0.3333333 0.7021277 0.7588652 0.7021277 0.7304965 0 0
0.1914894 0 0.1702128 0.1843972 0.1631206 0.1205674 0 0 0 0 0
0.1773050 0 0.1843972 0.1702128 0.1631206 0.2127660 0 0 0 0 0
0.3214286 0 0.3214286 0.3214286 0.3214286 0.5785714 0.7142857 0.7142857 0.7642857 0 0
0.3333333 0 0.3333333 0.3333333 0.3333333 0.7021277 0.7588652 0.7021277 0.7304965 0 0
0.3259259 0 0.3259259 0.3259259 0.3259259 0.7185185 0.7407407 0.6740741 0.7851852 0 0
0.3384615 0.2846154 0.3384615 0.3384615 0.3384615 0.3384615 0.7461538 0.7692308 0.7 0.8076923 0
0.1838235 0.1323529 0.1911765 0.1764706 0.1911765 0.1764706 0 0 0 0 0
0.1764706 0.1544118 0.1985294 0.1764706 0.1544118 0 0 0 0 0 0
0.3333333 0 0.3333333 0.3333333 0.3333333 0.6814815 0.7851852 0.6888889 0.5777778 0.7185185 0
0.3111111 0 0.3037037 0.3111111 0.3111111 0.7037037 0.7111111 0.7111111 0.7333333 0 0
0.3111111 0 0.3037037 0.3111111 0.3111111 0.7037037 0.7111111 0.7111111 0.7333333 0 0
0.1764706 0.1544118 0.1985294 0.1764706 0.1544118 0 0 0 0 0 0
0.3259259 0 0.3259259 0.3259259 0.3259259 0.7185185 0.7407407 0.6740741 0.7851852 0 0
0.3262411 0 0.3262411 0.3262411 0.3262411 0.7092199 0.7304965 0.716312 0.6737589 0 0
0.1764706 0.1544118 0.1985294 0.1764706 0.1544118 0 0 0 0 0 0
0.1928571 0 0.1714286 0.1785714 0.1642857 0.1071429 0.1642857 0 0 0 0
0.3262411 0 0.3262411 0.3262411 0.3262411 0.7092199 0.7304965 0.716312 0.6737589 0 0
0.3333333 0 0.3333333 0.3333333 0.3333333 0.6814815 0.7851852 0.6888889 0.5777778 0.7185185 0
0.3076923 0 0.3076923 0.3076923 0.3076923 0.6769231 0.6846154 0.6846154 0.6923077 0 0
0.3333333 0 0.3333333 0.3333333 0.3333333 0.7021277 0.7588652 0.7021277 0.7304965 0 0
0.3384615 0.2846154 0.3384615 0.3384615 0.3384615 0.3384615 0.7461538 0.7692308 0.7 0.8076923 0
0.3308824 0.1544118 0.3308824 0.3308824 0.3308824 0.6102941 0.7647059 0.6985294 0.6838235 0 0
