0.5925926 0.5777778
0.1111111 0.1111111
0.1755725 0.1984733
0.2222222 0.1703704
0.2954545 0.2575758
0.9555556 0.8888889
0.2519084 0.2519084
0.1428571 0.1285714
0.7591241 0.7737226
0.1111111 0.1407407
0.4113475 0.3262411
0.1068702 0.1068702
0.6444444 0.4740741
0.5925926 0.4518519
0.1851852 0.2
0.3030303 0.25
0.1294964 0.1151079
0.3880597 0.2910448
0.2727273 0.25
0.4296296 0.4962963
0.7185185 0.8518519
0.9781022 0.7810219
0.1268657 0.1119403
0.459854 0.5255474
0.1560284 0.1205674
0.1134752 0.1134752
0.4503817 0.3358779
0.2727273 0.2424242
0.1151079 0.1151079
0.1777778 0.1629630
0.1167883 0.1167883
0.787234 0.5815603
0.9541985 0.7328244
0.7333333 0.7925926
0.2074074 0.1555556
0.2518519 0.2444444
0.2442748 0.2137405
0.1515152 0.1363636
0.9925926 1
0.4318182 0.3257576
0.729927 0.5109489
0.1044776 0.1044776
0.7462687 0.8358209
0.6044776 0.4626866
0.3636364 0.3863636
0.2740741 0.3185185
0.3560606 0.4015152
0.2482270 0.1489362
0.3863636 0.3636364
0.1605839 0.2189781
0.3333333 0.3037037
0.2462687 0.2014925
0.4666667 0.4518519
0.3555556 0.3703704
0.961832 0.8931298
0.5746269 0.3358209
0.25 0.2642857
0.2888889 0.2296296
0.3407407 0.2740741
0.1111111 0.1111111
0.2928571 0.4071429
0.3880597 0.2686567
0.3925926 0.3185185
0.810219 0.6423358
0.1678832 0.2189781
0.2444444 0.2074074
0.5954198 0.5267176
0.1928571 0.2571429
0.939394 0.8863636
0.3185185 0.3851852
0.5142857 0.35
0.5142857 0.4785714
0.5522388 0.619403
0.1268657 0.1119403
0.3208955 0.2089552
0.2 0.2285714
0.3257576 0.4015152
0.2158273 0.1798561
0.3703704 0.2962963
0.5971223 0.5179856
0.1714286 0.1857143
0.3129771 0.3435115
0.2 0.2444444
0.4525547 0.3941606
0.3880597 0.2910448
0.4776119 0.3134328
0.2074074 0.2518519
0.2302158 0.2661871
0.4580153 0.7099237
0.1111111 0.1111111
0.2977099 0.3358779
0.1145038 0.1068702
0.5777778 0.6592593
0.1287879 0.1363636
0.1214286 0.1285714
0.5259259 0.5333333
0.2482270 0.1418440
0.1287879 0.1363636
0.1111111 0.1111111
0.1240876 0.1532847
0.5547445 0.4525547
0.1134752 0.1134752
0.1666667 0.1590909
0.5111111 0.5037037
0.7777778 0.8592593
0.3851852 0.3259259
0.2 0.1857143
0.1145038 0.1068702
0.5877863 0.5954198
0.4924242 0.469697
0.2661871 0.2446043
0.3138686 0.2773723
0.3955224 0.2910448
0.1259259 0.2074074
0.2074074 0.1481481
0.1044776 0.1044776
0.2269504 0.2411348
0.7022901 0.6717557
0.6715328 0.7737226
0.5035971 0.4604317
0.8592593 0.874074
0.4676259 0.4748201
0.1212121 0.1212121
0.7111111 0.7555556
0.6888889 0.5407407
0.2962963 0.2962963
0.6028369 0.5177305
0.5074627 0.5298507
0.2814815 0.2370370
0.7175573 0.5419847
0.1629630 0.1629630
0.3484848 0.4015152
0.6259542 0.6030534
0.7333333 0.5851852
0.1357143 0.1285714
0.1134752 0.1134752
0.1212121 0.1363636
0.3185185 0.3407407
0.8015267 0.8015267
0.4814815 0.4148148
0.4148148 0.3037037
0.3481481 0.4296296
0.1366906 0.1223022
0.4820144 0.5035971
0.1167883 0.1167883
0.3257576 0.3257576
0.2977099 0.4198473
0.2290076 0.1832061
0.6618705 0.8705036
0.4402985 0.3582090
0.4964029 0.5683453
