0.1323529 0.125
0.2325581 0.3023256
0.1954887 0.1353383
0.6350365 0.7956204
0.1418440 0.1347518
0.4014599 0.270073
0.1176471 0.1176471
0.1832061 0.2137405
0.3214286 0.2857143
0.1353383 0.1353383
0.620438 0.8029197
0.2158273 0.323741
0.2790698 0.248062
0.2426471 0.2058824
0.1860465 0.1937984
0.1450382 0.1679389
0.3088235 0.2794118
0.7669173 0.8947368
0.1240876 0.1094891
0.1911765 0.1617647
0.6544118 0.757353
0.2403101 0.1937984
0.1052632 0.1052632
0.2794118 0.2573529
0.1007752 0.1007752
0.125 0.1176471
0.3211679 0.3649635
0.7906977 0.7906977
0.2330827 0.2180451
0.1532847 0.1605839
0.1052632 0.1203008
0.2230216 0.2374101
0.3206107 0.3129771
0.2867647 0.2941176
0.2403101 0.1937984
0.1353383 0.1353383
0.1007752 0.1085271
0.1908397 0.2977099
0.1544118 0.1617647
0.5531915 0.6170213
0.2132353 0.2058824
0.3643411 0.2093023
0.4661654 0.6616541
0.2647059 0.2867647
0.2408759 0.1751825
0.8646617 0.9097744
0.3884892 0.4244604
0.7205882 0.7941176
0.3664122 0.4274809
0.1782946 0.1937984
0.1691176 0.1544118
0.323741 0.2733813
0.3816794 0.4045802
0.2043796 0.1678832
0.25 0.2071429
0.5514706 0.3602941
0.2058824 0.1617647
0.8248175 0.7007299
0.5658915 0.5581395
0.1021898 0.1021898
0.3282443 0.2748092
0.6423358 0.5620438
0.2928571 0.3214286
0.1751825 0.1678832
0.1366906 0.1726619
0.1843972 0.1843972
0.1782946 0.1937984
0.5571429 0.4428571
0.3053435 0.2213740
0.4511278 0.4736842
0.2573529 0.3529412
0.1470588 0.1617647
0.1654135 0.1353383
0.1007752 0.1007752
0.5179856 0.3741007
0.2773723 0.2481752
0.4885496 0.389313
0.6241135 0.6241135
0.8449612 0.8294574
0.1642857 0.1571429
0.2325581 0.2015504
0.2706767 0.2631579
0.1127820 0.1052632
0.2061069 0.1832061
0.5827338 0.5179856
0.4316547 0.3884892
0.1094891 0.1094891
0.1691176 0.2058824
0.2205882 0.2058824
0.5142857 0.8714286
0.2867647 0.2720588
0.3100775 0.3255814
0.4661654 0.3458647
0.1843972 0.2269504
0.125 0.1176471
0.3475177 0.2269504
0.3676471 0.3382353
0.1214286 0.1214286
0.1021898 0.1021898
0.1908397 0.1755725
0.3178295 0.7751938
0.125 0.1176471
0.3984962 0.3759398
0.5112782 0.3082707
0.7328244 0.6335878
0.1908397 0.1832061
0.3602941 0.2941176
0.1942446 0.1870504
0.3684211 0.3082707
0.4779412 0.632353
0.8139535 0.875969
0.2189781 0.2846715
0.8759124 0.729927
0.1176471 0.1176471
0.3138686 0.4525547
0.1418440 0.1560284
0.129771 0.1526718
0.5182482 0.4160584
0.95 0.9785714
0.4586466 0.3383459
0.3900709 0.4964539
0.6259542 0.6641221
0.1582734 0.1870504
0.4525547 0.3284672
0.2945736 0.1937984
0.2189781 0.1751825
0.5736434 0.6124031
0.6838235 0.6838235
0.2426471 0.1911765
0.1714286 0.2071429
0.3970588 0.3382353
0.1240876 0.1240876
0.7482014 0.733813
0.8029197 0.7591241
0.2481752 0.1678832
0.1221374 0.129771
0.129771 0.129771
0.6879433 0.6879433
0.8368794 0.7304965
0.4341085 0.372093
0.8928571 0.9214286
0.3129771 0.3587786
0.6788321 0.2919708
0.1832061 0.2061069
0.1970803 0.2043796
0.7214286 0.75
0.389313 0.2748092
0.6934307 0.6861314
0.7209302 0.7751938
0.2408759 0.2043796
0.5179856 0.5035971
