0.2205882 0.2867647 0.2867647 0.2867647 0.2867647 0.3602941 0.2867647 0.2867647 0.2867647 0.2867647 0.757353
0.1470588 0.0882353 0.1397059 0.1397059 0.02205882 0.06617647 0 0 0 0 0
0.2205882 0.2867647 0.2867647 0.2867647 0.2867647 0.5514706 0.9411765 0.9411765 0.9411765 0.9411765 0.9411765
0.2205882 0.2867647 0.2867647 0.2867647 0.2867647 0.3602941 0.2867647 0.2867647 0.2867647 0.2867647 0.757353
0 0 0.02205882 0.02205882 0.07352941 0.1764706 0 0 0 0 0
0.2205882 0.2867647 0.2867647 0.2867647 0.2867647 0.5514706 0.7352941 0.5441176 0.4705882 0.3823529 0.5441176
0 0.1323529 0.0882353 0.0882353 0.1544118 0.06617647 0 0 0 0 0
0.2205882 0.2867647 0.2867647 0.2867647 0.2867647 0.3602941 0.8088235 0.757353 0.757353 0.757353 0.2867647
0.1470588 0.0882353 0.1397059 0.1397059 0.02205882 0.06617647 0 0 0 0 0
0.2205882 0.2867647 0.2867647 0.2867647 0.2867647 0.5514706 0.6470588 0.4558824 0.3823529 0.5955882 0.3823529
0.1470588 0.0882353 0.1397059 0.1397059 0.02205882 0.06617647 0 0 0 0 0
0.2205882 0.2867647 0.2867647 0.2867647 0.2867647 0.5514706 0.3823529 0.8529412 0.8529412 0.8529412 0.8529412
0.2205882 0.2867647 0.2867647 0.2867647 0.2867647 0.5514706 0.5808824 0.617647 0.4705882 0.5294118 0.617647
0.2205882 0.2867647 0.2867647 0.2867647 0.2867647 0.3602941 0.2867647 0.2867647 0.2867647 0.2867647 0.757353
0 0.1323529 0.0882353 0.0882353 0.1544118 0.06617647 0 0 0 0 0
0.2205882 0.25 0.2352941 0.2426471 0.2573529 0.2573529 0.25 0 0 0 0
0.2205882 0.2867647 0.2867647 0.2867647 0.2867647 0.5514706 0.6470588 0.4558824 0.3823529 0.5955882 0.3823529
0.2205882 0.2867647 0.2867647 0.2867647 0.2867647 0.2867647 0.4338235 0.617647 0.6838235 0.6838235 0.4705882
0.2205882 0.2867647 0.2867647 0.2867647 0.2867647 0.3602941 0.2867647 0.2867647 0.2867647 0.2867647 0.757353
0.2205882 0.2867647 0.2867647 0.2867647 0.2867647 0.5514706 0.7352941 0.5441176 0.4705882 0.3823529 0.5441176
0.2205882 0.2867647 0.2867647 0.2867647 0.2867647 0.5514706 0.3823529 0.8529412 0.8529412 0.8529412 0.8529412
0.2205882 0.2132353 0.1838235 0.1838235 0.06617647 0.1764706 0 0 0 0 0
0.2205882 0.2867647 0.2867647 0.2867647 0.2867647 0.5514706 0.9411765 0.9411765 0.9411765 0.9411765 0.9411765
0.1470588 0.0882353 0.1397059 0.1397059 0.02205882 0.06617647 0 0 0 0 0
0.2205882 0.2205882 0.2205882 0.2205882 0.2352941 0 0 0 0 0 0
0.1470588 0.1838235 0.1911765 0.1911765 0.1544118 0 0 0 0 0 0
0.2205882 0.2867647 0.2867647 0.2867647 0.2867647 0.5514706 0.6470588 0.4558824 0.3823529 0.5955882 0.3823529
0.2205882 0.2867647 0.2867647 0.2867647 0.2867647 0.3602941 0.2867647 0.2867647 0.2867647 0.2867647 0.757353
0.2205882 0.2205882 0.2205882 0.2205882 0.2352941 0 0 0 0 0 0
0.2205882 0.2867647 0.2867647 0.2867647 0.2867647 0.5514706 0.9044118 0.9044118 0.9044118 0.9044118 0.9044118
0 0.1323529 0.0882353 0.0882353 0.1544118 0.06617647 0 0 0 0 0
0.2205882 0.2867647 0.2867647 0.2867647 0.2867647 0.2867647 0.4338235 0.617647 0.6838235 0.6838235 0.4705882
0.2205882 0.2867647 0.2867647 0.2867647 0.2867647 0.5514706 0.7352941 0.5441176 0.4705882 0.3823529 0.5441176
0.2205882 0.2867647 0.2867647 0.2867647 0.2867647 0.5514706 0.5073529 0.2867647 0.6102941 0.4558824 0.6838235
0.2205882 0.2867647 0.2867647 0.2867647 0.2867647 0.3602941 0.8088235 0.757353 0.757353 0.757353 0.2867647
0 0.1323529 0.0882353 0.0882353 0.1544118 0.06617647 0 0 0 0 0
0.2205882 0.2352941 0.2720588 0.2720588 0.1397059 0.06617647 0 0 0 0 0
0 0 0.02205882 0.02205882 0.07352941 0.1764706 0 0 0 0 0
0.2205882 0.2867647 0.2867647 0.2867647 0.2867647 0.5514706 0.5808824 0.617647 0.4705882 0.5294118 0.617647
0.2205882 0.2867647 0.2867647 0.2867647 0.2867647 0.2867647 0.4338235 0.617647 0.6838235 0.6838235 0.4705882
0.2205882 0.2867647 0.2867647 0.2867647 0.2867647 0.3602941 0.8088235 0.757353 0.757353 0.757353 0.2867647
0.2205882 0.2867647 0.2867647 0.2867647 0.2867647 0.5514706 0.3823529 0.8529412 0.8529412 0.8529412 0.8529412
0.1470588 0.0882353 0.1397059 0.1397059 0.02205882 0.06617647 0 0 0 0 0
0.2205882 0.2867647 0.2867647 0.2867647 0.2867647 0.2867647 0.4338235 0.617647 0.6838235 0.6838235 0.4705882
0.2205882 0.2867647 0.2867647 0.2867647 0.2867647 0.3602941 0.8088235 0.757353 0.757353 0.757353 0.2867647
0.2205882 0.2867647 0.2867647 0.2867647 0.2867647 0.5514706 0.7352941 0.5441176 0.4705882 0.3823529 0.5441176
0.2205882 0.2867647 0.2867647 0.2867647 0.2867647 0.5514706 0.9411765 0.9411765 0.9411765 0.9411765 0.9411765
0 0.1323529 0.0882353 0.0882353 0.1544118 0.06617647 0 0 0 0 0
0.2205882 0.2867647 0.2867647 0.2867647 0.2867647 0.5514706 0.6470588 0.4558824 0.3823529 0.5955882 0.3823529
0.2205882 0.2867647 0.2867647 0.2867647 0.2867647 0.5514706 0.6470588 0.4558824 0.3823529 0.5955882 0.3823529
0.2205882 0.2867647 0.2867647 0.2867647 0.2867647 0.3602941 0.2867647 0.2867647 0.2867647 0.2867647 0.757353
0 0 0.02205882 0.02205882 0.07352941 0.1764706 0 0 0 0 0
0.2205882 0.2867647 0.2867647 0.2867647 0.2867647 0.3602941 0.8088235 0.757353 0.757353 0.757353 0.2867647
0.2205882 0.2867647 0.2867647 0.2867647 0.2867647 0.5514706 0.6470588 0.4558824 0.3823529 0.5955882 0.3823529
0.2205882 0.2867647 0.2867647 0.2867647 0.2867647 0.5514706 0.9044118 0.9044118 0.9044118 0.9044118 0.9044118
0.2205882 0.2867647 0.2867647 0.2867647 0.2867647 0.5514706 0.9411765 0.9411765 0.9411765 0.9411765 0.9411765
0.2205882 0.2867647 0.2867647 0.2867647 0.2867647 0.5514706 0.6470588 0.4558824 0.3823529 0.5955882 0.3823529
0.2205882 0.2867647 0.2867647 0.2867647 0.2867647 0.5514706 0.5808824 0.617647 0.4705882 0.5294118 0.617647
0.2205882 0.2867647 0.2867647 0.2867647 0.2867647 0.5514706 0.3823529 0.8529412 0.8529412 0.8529412 0.8529412
0.2205882 0.2867647 0.2867647 0.2867647 0.2867647 0.5514706 0.9044118 0.9044118 0.9044118 0.9044118 0.9044118
0.2205882 0.2867647 0.2867647 0.2867647 0.2867647 0.5514706 0.6470588 0.4558824 0.3823529 0.5955882 0.3823529
0.2205882 0.2867647 0.2867647 0.2867647 0.2867647 0.5514706 0.5073529 0.2867647 0.6102941 0.4558824 0.6838235
0.2205882 0.2867647 0.2867647 0.2867647 0.2867647 0.5514706 0.7352941 0.5441176 0.4705882 0.3823529 0.5441176
0.2205882 0.2867647 0.2867647 0.2867647 0.2867647 0.5514706 0.7352941 0.5441176 0.4705882 0.3823529 0.5441176
0.2205882 0.2867647 0.2867647 0.2867647 0.2867647 0.3602941 0.8088235 0.757353 0.757353 0.757353 0.2867647
0.2205882 0.2867647 0.2867647 0.2867647 0.2867647 0.5514706 0.9044118 0.9044118 0.9044118 0.9044118 0.9044118
0.2205882 0.2867647 0.2867647 0.2867647 0.2867647 0.3602941 0.2867647 0.2867647 0.2867647 0.2867647 0.757353
0 0.1323529 0.0882353 0.0882353 0.1544118 0.06617647 0 0 0 0 0
0.2205882 0.2867647 0.2867647 0.2867647 0.2867647 0.5514706 0.3823529 0.8529412 0.8529412 0.8529412 0.8529412
0.2205882 0.2867647 0.2867647 0.2867647 0.2867647 0.5514706 0.7352941 0.5441176 0.4705882 0.3823529 0.5441176
0 0.2794118 0.2647059 0.2352941 0.25 0.1764706 0.25 0 0 0 0
0.2205882 0.2867647 0.2867647 0.2867647 0.2867647 0.3602941 0.2867647 0.2867647 0.2867647 0.2867647 0.757353
0.2205882 0.2867647 0.2867647 0.2867647 0.2867647 0.2867647 0.4338235 0.617647 0.6838235 0.6838235 0.4705882
0.2205882 0.2867647 0.2867647 0.2867647 0.2867647 0.2867647 0.4338235 0.617647 0.6838235 0.6838235 0.4705882
0.2205882 0.2867647 0.2867647 0.2867647 0.2867647 0.5514706 0.5073529 0.2867647 0.6102941 0.4558824 0.6838235
0.2205882 0.2867647 0.2867647 0.2867647 0.2867647 0.5514706 0.5073529 0.2867647 0.6102941 0.4558824 0.6838235
0.2205882 0.2867647 0.2867647 0.2867647 0.2867647 0.5514706 0.6470588 0.4558824 0.3823529 0.5955882 0.3823529
0.2205882 0.25 0.2352941 0.2426471 0.2573529 0.2573529 0.25 0 0 0 0
0.2205882 0.2867647 0.2867647 0.2867647 0.2867647 0.5514706 0.9411765 0.9411765 0.9411765 0.9411765 0.9411765
0.2205882 0.2867647 0.2867647 0.2867647 0.2867647 0.5514706 0.9044118 0.9044118 0.9044118 0.9044118 0.9044118
0.2205882 0.2867647 0.2867647 0.2867647 0.2867647 0.5514706 0.6470588 0.4558824 0.3823529 0.5955882 0.3823529
0.1470588 0.1838235 0.1911765 0.1911765 0.1544118 0 0 0 0 0 0
0.1470588 0.1838235 0.1911765 0.1911765 0.1544118 0 0 0 0 0 0
0.2205882 0.2867647 0.2867647 0.2867647 0.2867647 0.3602941 0.2867647 0.2867647 0.2867647 0.2867647 0.757353
0.1470588 0.0882353 0.1397059 0.1397059 0.02205882 0.06617647 0 0 0 0 0
0 0.1323529 0.0882353 0.0882353 0.1544118 0.06617647 0 0 0 0 0
0 0 0.02205882 0.02205882 0.07352941 0.1764706 0 0 0 0 0
0.2205882 0.2867647 0.2867647 0.2867647 0.2867647 0.5514706 0.5073529 0.2867647 0.6102941 0.4558824 0.6838235
0.2205882 0.2867647 0.2867647 0.2867647 0.2867647 0.5514706 0.5808824 0.617647 0.4705882 0.5294118 0.617647
0.2205882 0.2352941 0.2720588 0.2720588 0.1397059 0.06617647 0 0 0 0 0
0.2205882 0.2867647 0.2867647 0.2867647 0.2867647 0.5514706 0.5808824 0.617647 0.4705882 0.5294118 0.617647
0 0 0.02205882 0.02205882 0.07352941 0.1764706 0 0 0 0 0
0.2205882 0.2867647 0.2867647 0.2867647 0.2867647 0.5514706 0.9411765 0.9411765 0.9411765 0.9411765 0.9411765
0 0 0.02205882 0.02205882 0.07352941 0.1764706 0 0 0 0 0
0.2205882 0.2867647 0.2867647 0.2867647 0.2867647 0.2867647 0.4338235 0.617647 0.6838235 0.6838235 0.4705882
0.2205882 0.2867647 0.2867647 0.2867647 0.2867647 0.5514706 0.3823529 0.8529412 0.8529412 0.8529412 0.8529412
0 0.06617647 0 0 0 0 0 0 0 0 0
0.2205882 0.2867647 0.2867647 0.2867647 0.2867647 0.2867647 0.4338235 0.617647 0.6838235 0.6838235 0.4705882
0.2205882 0.2867647 0.2867647 0.2867647 0.2867647 0.2867647 0.4338235 0.617647 0.6838235 0.6838235 0.4705882
0.2205882 0.2867647 0.2867647 0.2867647 0.2867647 0.5514706 0.7352941 0.5441176 0.4705882 0.3823529 0.5441176
0 0.06617647 0 0 0 0 0 0 0 0 0
0.2205882 0.2867647 0.2867647 0.2867647 0.2867647 0.5514706 0.5808824 0.617647 0.4705882 0.5294118 0.617647
0.2205882 0.2867647 0.2867647 0.2867647 0.2867647 0.5514706 0.7352941 0.5441176 0.4705882 0.3823529 0.5441176
0 0 0.02205882 0.02205882 0.07352941 0.1764706 0 0 0 0 0
0.2205882 0.2867647 0.2867647 0.2867647 0.2867647 0.3602941 0.2867647 0.2867647 0.2867647 0.2867647 0.757353
0.2205882 0.2867647 0.2867647 0.2867647 0.2867647 0.3602941 0.2867647 0.2867647 0.2867647 0.2867647 0.757353
0.2205882 0.2867647 0.2867647 0.2867647 0.2867647 0.3602941 0.8088235 0.757353 0.757353 0.757353 0.2867647
0.2205882 0.2867647 0.2867647 0.2867647 0.2867647 0.5514706 0.6470588 0.4558824 0.3823529 0.5955882 0.3823529
0.2205882 0.2867647 0.2867647 0.2867647 0.2867647 0.5514706 0.5073529 0.2867647 0.6102941 0.4558824 0.6838235
0.2205882 0.2867647 0.2867647 0.2867647 0.2867647 0.5514706 0.7352941 0.5441176 0.4705882 0.3823529 0.5441176
0.2205882 0.2867647 0.2867647 0.2867647 0.2867647 0.5514706 0.5808824 0.617647 0.4705882 0.5294118 0.617647
0.2205882 0.2867647 0.2867647 0.2867647 0.2867647 0.3602941 0.8088235 0.757353 0.757353 0.757353 0.2867647
0.2205882 0.25 0.2352941 0.2426471 0.2573529 0.2573529 0.25 0 0 0 0
0.2205882 0.2867647 0.2867647 0.2867647 0.2867647 0.3602941 0.8088235 0.757353 0.757353 0.757353 0.2867647
0.2205882 0.2867647 0.2867647 0.2867647 0.2867647 0.5514706 0.5073529 0.2867647 0.6102941 0.4558824 0.6838235
0.2205882 0.2867647 0.2867647 0.2867647 0.2867647 0.5514706 0.9411765 0.9411765 0.9411765 0.9411765 0.9411765
0.1470588 0.1838235 0.1911765 0.1911765 0.1544118 0 0 0 0 0 0
0.2205882 0.25 0.2352941 0.2426471 0.2573529 0.2573529 0.25 0 0 0 0
0.2205882 0.2867647 0.2867647 0.2867647 0.2867647 0.3602941 0.8088235 0.757353 0.757353 0.757353 0.2867647
0.2205882 0.2867647 0.2867647 0.2867647 0.2867647 0.3602941 0.8088235 0.757353 0.757353 0.757353 0.2867647
0.2205882 0.2867647 0.2867647 0.2867647 0.2867647 0.5514706 0.5073529 0.2867647 0.6102941 0.4558824 0.6838235
0 0 0.02205882 0.02205882 0.07352941 0.1764706 0 0 0 0 0
0.2205882 0.2867647 0.2867647 0.2867647 0.2867647 0.5514706 0.5808824 0.617647 0.4705882 0.5294118 0.617647
0.2205882 0.2867647 0.2867647 0.2867647 0.2867647 0.2867647 0.4338235 0.617647 0.6838235 0.6838235 0.4705882
0.2205882 0.2867647 0.2867647 0.2867647 0.2867647 0.3602941 0.8088235 0.757353 0.757353 0.757353 0.2867647
0.2205882 0.2867647 0.2867647 0.2867647 0.2867647 0.5514706 0.5073529 0.2867647 0.6102941 0.4558824 0.6838235
0.2205882 0.2867647 0.2867647 0.2867647 0.2867647 0.3602941 0.8088235 0.757353 0.757353 0.757353 0.2867647
0 0 0.02205882 0.02205882 0.07352941 0.1764706 0 0 0 0 0
0.2205882 0.2867647 0.2867647 0.2867647 0.2867647 0.3602941 0.2867647 0.2867647 0.2867647 0.2867647 0.757353
0.2205882 0.2867647 0.2867647 0.2867647 0.2867647 0.5514706 0.5808824 0.617647 0.4705882 0.5294118 0.617647
0.2205882 0.2867647 0.2867647 0.2867647 0.2867647 0.5514706 0.9411765 0.9411765 0.9411765 0.9411765 0.9411765
0.2205882 0.2867647 0.2867647 0.2867647 0.2867647 0.5514706 0.3823529 0.8529412 0.8529412 0.8529412 0.8529412
0 0.06617647 0 0 0 0 0 0 0 0 0
0.2205882 0.2867647 0.2867647 0.2867647 0.2867647 0.5514706 0.5073529 0.2867647 0.6102941 0.4558824 0.6838235
0.2205882 0.2867647 0.2867647 0.2867647 0.2867647 0.5514706 0.6470588 0.4558824 0.3823529 0.5955882 0.3823529
0.2205882 0.2867647 0.2867647 0.2867647 0.2867647 0.3602941 0.2867647 0.2867647 0.2867647 0.2867647 0.757353
