0 0.1357143 0.1928571 0.1785714 0.1857143 0.1785714 0 0.1714286 0 0 0
0 0 0.3203125 0.3203125 0.3203125 0.6484375 0.7421875 0.7265625 0.7578125 0.6796875 0.7265625
0.1304348 0.2028986 0.2101449 0.1811594 0.1449275 0.1884058 0 0 0 0 0
0 0.1791045 0.3358209 0.3358209 0.3358209 0.6044776 0.7462687 0.7089552 0.7089552 0.7014925 0.761194
0 0.2255639 0.3233083 0.3233083 0.3233083 0.6015038 0.6992481 0.6917293 0.7293233 0.6691729 0.7067669
0 0 0.2109375 0.2265625 0.203125 0.171875 0.0859375 0 0 0 0
0 0 0.3203125 0.3203125 0.3203125 0.6484375 0.7421875 0.7265625 0.7578125 0.6796875 0.7265625
0.1304348 0.2028986 0.2101449 0.1811594 0.1449275 0.1884058 0 0 0 0 0
0 0.2255639 0.2255639 0.2105263 0.1879699 0.1503759 0.1428571 0 0 0 0
0 0.2826087 0.3260870 0.3260870 0.3260870 0.3260870 0.673913 0.7173913 0.7101449 0.7028986 0.7608696
0 0.1956522 0.2101449 0.2101449 0.1521739 0.1376812 0 0 0 0 0
0 0.2148148 0.3407407 0.3407407 0.3407407 0.6148148 0.7037037 0.7037037 0.7185185 0.7703704 0.6666667
0 0.2148148 0.2296296 0.2148148 0.1777778 0.1851852 0.2074074 0 0 0 0
0 0.1357143 0.3214286 0.3214286 0.3214286 0.3214286 0.7142857 0.7142857 0.7071429 0.8 0.6642857
0 0.2408759 0.3138686 0.3138686 0.3138686 0.6058394 0.7226277 0.6861314 0.7737226 0.7226277 0.7372263
0 0.2148148 0.3407407 0.3407407 0.3407407 0.6148148 0.7037037 0.7037037 0.7185185 0.7703704 0.6666667
0 0.2255639 0.2255639 0.2105263 0.1879699 0.1503759 0.1428571 0 0 0 0
0 0.1094891 0.1897810 0.1897810 0.1970803 0.1970803 0 0 0 0 0
0 0 0.3203125 0.3203125 0.3203125 0.6484375 0.7421875 0.7265625 0.7578125 0.6796875 0.7265625
0 0.1791045 0.3358209 0.3358209 0.3358209 0.6044776 0.7462687 0.7089552 0.7089552 0.7014925 0.761194
0 0.1791045 0.3358209 0.3358209 0.3358209 0.6044776 0.7462687 0.7089552 0.7089552 0.7014925 0.761194
0 0.2255639 0.3233083 0.3233083 0.3233083 0.6015038 0.6992481 0.6917293 0.7293233 0.6691729 0.7067669
0 0.1357143 0.1928571 0.1785714 0.1857143 0.1785714 0 0.1714286 0 0 0
0 0.2148148 0.3407407 0.3407407 0.3407407 0.6148148 0.7037037 0.7037037 0.7185185 0.7703704 0.6666667
0 0.2255639 0.2255639 0.2105263 0.1879699 0.1503759 0.1428571 0 0 0 0
0.1304348 0.2028986 0.2101449 0.1811594 0.1449275 0.1884058 0 0 0 0 0
0 0.1785714 0.2 0.1928571 0.1642857 0 0.1642857 0 0 0 0
0 0.1357143 0.3214286 0.3214286 0.3214286 0.3214286 0.7142857 0.7142857 0.7071429 0.8 0.6642857
0 0 0.3308824 0.3308824 0.3308824 0.6617647 0.6911765 0.6911765 0.7279412 0.7058824 0.7279412
0 0 0.2058824 0.2352941 0.1911765 0.0882353 0 0 0 0 0
0 0.2826087 0.3260870 0.3260870 0.3260870 0.3260870 0.673913 0.7173913 0.7101449 0.7028986 0.7608696
0.1304348 0.2028986 0.2101449 0.1811594 0.1449275 0.1884058 0 0 0 0 0
0 0.2148148 0.2296296 0.2148148 0.1777778 0.1851852 0.2074074 0 0 0 0
0 0 0.3203125 0.3203125 0.3203125 0.6484375 0.7421875 0.7265625 0.7578125 0.6796875 0.7265625
0 0.2255639 0.3233083 0.3233083 0.3233083 0.6015038 0.6992481 0.6917293 0.7293233 0.6691729 0.7067669
0 0.2148148 0.3407407 0.3407407 0.3407407 0.6148148 0.7037037 0.7037037 0.7185185 0.7703704 0.6666667
0.1304348 0.2028986 0.3115942 0.3115942 0.3115942 0.3115942 0.6884058 0.6884058 0.6884058 0.6811594 0.7536232
0 0.1791045 0.2238806 0.2164179 0.1940299 0.1343284 0 0 0 0 0
0 0 0.2109375 0.2265625 0.203125 0.171875 0.0859375 0 0 0 0
0 0 0.2109375 0.2265625 0.203125 0.171875 0.0859375 0 0 0 0
0 0.1791045 0.3358209 0.3358209 0.3358209 0.6044776 0.7462687 0.7089552 0.7089552 0.7014925 0.761194
0 0 0.3203125 0.3203125 0.3203125 0.6484375 0.7421875 0.7265625 0.7578125 0.6796875 0.7265625
0 0 0.3203125 0.3203125 0.3203125 0.6484375 0.7421875 0.7265625 0.7578125 0.6796875 0.7265625
0.1304348 0.2028986 0.3115942 0.3115942 0.3115942 0.3115942 0.6884058 0.6884058 0.6884058 0.6811594 0.7536232
0 0.1791045 0.2238806 0.2164179 0.1940299 0.1343284 0 0 0 0 0
0 0 0.3308824 0.3308824 0.3308824 0.6617647 0.6911765 0.6911765 0.7279412 0.7058824 0.7279412
0 0 0.3308824 0.3308824 0.3308824 0.6617647 0.6911765 0.6911765 0.7279412 0.7058824 0.7279412
0 0.2255639 0.3233083 0.3233083 0.3233083 0.6015038 0.6992481 0.6917293 0.7293233 0.6691729 0.7067669
0 0.2826087 0.3260870 0.3260870 0.3260870 0.3260870 0.673913 0.7173913 0.7101449 0.7028986 0.7608696
0 0.2148148 0.3407407 0.3407407 0.3407407 0.6148148 0.7037037 0.7037037 0.7185185 0.7703704 0.6666667
0 0 0.2109375 0.2265625 0.203125 0.171875 0.0859375 0 0 0 0
0 0.1956522 0.2101449 0.2101449 0.1521739 0.1376812 0 0 0 0 0
0 0.1357143 0.3214286 0.3214286 0.3214286 0.3214286 0.7142857 0.7142857 0.7071429 0.8 0.6642857
0 0.2255639 0.3233083 0.3233083 0.3233083 0.6015038 0.6992481 0.6917293 0.7293233 0.6691729 0.7067669
0 0.2408759 0.3138686 0.3138686 0.3138686 0.6058394 0.7226277 0.6861314 0.7737226 0.7226277 0.7372263
0 0.1791045 0.2238806 0.2164179 0.1940299 0.1343284 0 0 0 0 0
0 0.1785714 0.3214286 0.3214286 0.3214286 0.3214286 0.6285714 0.7285714 0.7571429 0.7285714 0.7142857
0 0.1791045 0.3358209 0.3358209 0.3358209 0.6044776 0.7462687 0.7089552 0.7089552 0.7014925 0.761194
0 0.2408759 0.3138686 0.3138686 0.3138686 0.6058394 0.7226277 0.6861314 0.7737226 0.7226277 0.7372263
0 0.1785714 0.3214286 0.3214286 0.3214286 0.3214286 0.6285714 0.7285714 0.7571429 0.7285714 0.7142857
0 0 0.3308824 0.3308824 0.3308824 0.6617647 0.6911765 0.6911765 0.7279412 0.7058824 0.7279412
0 0.2255639 0.3233083 0.3233083 0.3233083 0.6015038 0.6992481 0.6917293 0.7293233 0.6691729 0.7067669
0 0.1791045 0.3358209 0.3358209 0.3358209 0.6044776 0.7462687 0.7089552 0.7089552 0.7014925 0.761194
0 0.1785714 0.3214286 0.3214286 0.3214286 0.3214286 0.6285714 0.7285714 0.7571429 0.7285714 0.7142857
0 0.2148148 0.3407407 0.3407407 0.3407407 0.6148148 0.7037037 0.7037037 0.7185185 0.7703704 0.6666667
0 0.1956522 0.2101449 0.2101449 0.1521739 0.1376812 0 0 0 0 0
0.1304348 0.2028986 0.3115942 0.3115942 0.3115942 0.3115942 0.6884058 0.6884058 0.6884058 0.6811594 0.7536232
0 0 0.3308824 0.3308824 0.3308824 0.6617647 0.6911765 0.6911765 0.7279412 0.7058824 0.7279412
0 0.2408759 0.3138686 0.3138686 0.3138686 0.6058394 0.7226277 0.6861314 0.7737226 0.7226277 0.7372263
0 0.1357143 0.3214286 0.3214286 0.3214286 0.3214286 0.7142857 0.7142857 0.7071429 0.8 0.6642857
0 0.1357143 0.3214286 0.3214286 0.3214286 0.3214286 0.7142857 0.7142857 0.7071429 0.8 0.6642857
0 0.1094891 0.1897810 0.1897810 0.1970803 0.1970803 0 0 0 0 0
0 0.2255639 0.3233083 0.3233083 0.3233083 0.6015038 0.6992481 0.6917293 0.7293233 0.6691729 0.7067669
0 0.1357143 0.3214286 0.3214286 0.3214286 0.3214286 0.7142857 0.7142857 0.7071429 0.8 0.6642857
0 0.2255639 0.2255639 0.2105263 0.1879699 0.1503759 0.1428571 0 0 0 0
0 0.2255639 0.3233083 0.3233083 0.3233083 0.6015038 0.6992481 0.6917293 0.7293233 0.6691729 0.7067669
0 0.2148148 0.3407407 0.3407407 0.3407407 0.6148148 0.7037037 0.7037037 0.7185185 0.7703704 0.6666667
0 0.1791045 0.3358209 0.3358209 0.3358209 0.6044776 0.7462687 0.7089552 0.7089552 0.7014925 0.761194
0 0.1791045 0.3358209 0.3358209 0.3358209 0.6044776 0.7462687 0.7089552 0.7089552 0.7014925 0.761194
0 0.2408759 0.3138686 0.3138686 0.3138686 0.6058394 0.7226277 0.6861314 0.7737226 0.7226277 0.7372263
0 0.1357143 0.3214286 0.3214286 0.3214286 0.3214286 0.7142857 0.7142857 0.7071429 0.8 0.6642857
0 0.2148148 0.2296296 0.2148148 0.1777778 0.1851852 0.2074074 0 0 0 0
0 0.2826087 0.3260870 0.3260870 0.3260870 0.3260870 0.673913 0.7173913 0.7101449 0.7028986 0.7608696
0 0.1094891 0.1897810 0.1897810 0.1970803 0.1970803 0 0 0 0 0
0 0 0.3308824 0.3308824 0.3308824 0.6617647 0.6911765 0.6911765 0.7279412 0.7058824 0.7279412
0 0.1791045 0.3358209 0.3358209 0.3358209 0.6044776 0.7462687 0.7089552 0.7089552 0.7014925 0.761194
0 0 0.2109375 0.2265625 0.203125 0.171875 0.0859375 0 0 0 0
0 0.1785714 0.2 0.1928571 0.1642857 0 0.1642857 0 0 0 0
0 0 0.3203125 0.3203125 0.3203125 0.6484375 0.7421875 0.7265625 0.7578125 0.6796875 0.7265625
0 0.1791045 0.2238806 0.2164179 0.1940299 0.1343284 0 0 0 0 0
0 0 0.2058824 0.2352941 0.1911765 0.0882353 0 0 0 0 0
0 0.2148148 0.3407407 0.3407407 0.3407407 0.6148148 0.7037037 0.7037037 0.7185185 0.7703704 0.6666667
0.1304348 0.2028986 0.3115942 0.3115942 0.3115942 0.3115942 0.6884058 0.6884058 0.6884058 0.6811594 0.7536232
0 0.1094891 0.1897810 0.1897810 0.1970803 0.1970803 0 0 0 0 0
0 0 0.3308824 0.3308824 0.3308824 0.6617647 0.6911765 0.6911765 0.7279412 0.7058824 0.7279412
0 0.1357143 0.1928571 0.1785714 0.1857143 0.1785714 0 0.1714286 0 0 0
0 0.1357143 0.1928571 0.1785714 0.1857143 0.1785714 0 0.1714286 0 0 0
0 0 0.3203125 0.3203125 0.3203125 0.6484375 0.7421875 0.7265625 0.7578125 0.6796875 0.7265625
0 0.2148148 0.3407407 0.3407407 0.3407407 0.6148148 0.7037037 0.7037037 0.7185185 0.7703704 0.6666667
0 0.1956522 0.2101449 0.2101449 0.1521739 0.1376812 0 0 0 0 0
0 0 0.3308824 0.3308824 0.3308824 0.6617647 0.6911765 0.6911765 0.7279412 0.7058824 0.7279412
0 0 0.3203125 0.3203125 0.3203125 0.6484375 0.7421875 0.7265625 0.7578125 0.6796875 0.7265625
0 0 0.3308824 0.3308824 0.3308824 0.6617647 0.6911765 0.6911765 0.7279412 0.7058824 0.7279412
0 0.1791045 0.3358209 0.3358209 0.3358209 0.6044776 0.7462687 0.7089552 0.7089552 0.7014925 0.761194
0.1304348 0.2028986 0.3115942 0.3115942 0.3115942 0.3115942 0.6884058 0.6884058 0.6884058 0.6811594 0.7536232
0 0.1785714 0.2 0.1928571 0.1642857 0 0.1642857 0 0 0 0
0 0.2826087 0.3260870 0.3260870 0.3260870 0.3260870 0.673913 0.7173913 0.7101449 0.7028986 0.7608696
0 0 0.3308824 0.3308824 0.3308824 0.6617647 0.6911765 0.6911765 0.7279412 0.7058824 0.7279412
0 0 0.3203125 0.3203125 0.3203125 0.6484375 0.7421875 0.7265625 0.7578125 0.6796875 0.7265625
0 0.1785714 0.3214286 0.3214286 0.3214286 0.3214286 0.6285714 0.7285714 0.7571429 0.7285714 0.7142857
0 0.2408759 0.3138686 0.3138686 0.3138686 0.6058394 0.7226277 0.6861314 0.7737226 0.7226277 0.7372263
0 0 0.2058824 0.2352941 0.1911765 0.0882353 0 0 0 0 0
0 0.2408759 0.3138686 0.3138686 0.3138686 0.6058394 0.7226277 0.6861314 0.7737226 0.7226277 0.7372263
0 0 0.3308824 0.3308824 0.3308824 0.6617647 0.6911765 0.6911765 0.7279412 0.7058824 0.7279412
0 0 0.3203125 0.3203125 0.3203125 0.6484375 0.7421875 0.7265625 0.7578125 0.6796875 0.7265625
0.1304348 0.2028986 0.2101449 0.1811594 0.1449275 0.1884058 0 0 0 0 0
0.1304348 0.2028986 0.2101449 0.1811594 0.1449275 0.1884058 0 0 0 0 0
0 0.2826087 0.3260870 0.3260870 0.3260870 0.3260870 0.673913 0.7173913 0.7101449 0.7028986 0.7608696
0 0.2826087 0.3260870 0.3260870 0.3260870 0.3260870 0.673913 0.7173913 0.7101449 0.7028986 0.7608696
0.1304348 0.2028986 0.3115942 0.3115942 0.3115942 0.3115942 0.6884058 0.6884058 0.6884058 0.6811594 0.7536232
0 0.2255639 0.3233083 0.3233083 0.3233083 0.6015038 0.6992481 0.6917293 0.7293233 0.6691729 0.7067669
0 0.2148148 0.3407407 0.3407407 0.3407407 0.6148148 0.7037037 0.7037037 0.7185185 0.7703704 0.6666667
0 0.2255639 0.2255639 0.2105263 0.1879699 0.1503759 0.1428571 0 0 0 0
0 0.2255639 0.3233083 0.3233083 0.3233083 0.6015038 0.6992481 0.6917293 0.7293233 0.6691729 0.7067669
0 0 0.2109375 0.2265625 0.203125 0.171875 0.0859375 0 0 0 0
0 0.1791045 0.3358209 0.3358209 0.3358209 0.6044776 0.7462687 0.7089552 0.7089552 0.7014925 0.761194
0 0.2826087 0.3260870 0.3260870 0.3260870 0.3260870 0.673913 0.7173913 0.7101449 0.7028986 0.7608696
0 0.1791045 0.3358209 0.3358209 0.3358209 0.6044776 0.7462687 0.7089552 0.7089552 0.7014925 0.761194
0 0.1785714 0.3214286 0.3214286 0.3214286 0.3214286 0.6285714 0.7285714 0.7571429 0.7285714 0.7142857
0 0 0.2058824 0.2352941 0.1911765 0.0882353 0 0 0 0 0
0 0 0.2109375 0.2265625 0.203125 0.171875 0.0859375 0 0 0 0
0 0.1785714 0.3214286 0.3214286 0.3214286 0.3214286 0.6285714 0.7285714 0.7571429 0.7285714 0.7142857
0 0.2148148 0.3407407 0.3407407 0.3407407 0.6148148 0.7037037 0.7037037 0.7185185 0.7703704 0.6666667
0 0.2255639 0.3233083 0.3233083 0.3233083 0.6015038 0.6992481 0.6917293 0.7293233 0.6691729 0.7067669
0 0 0.3203125 0.3203125 0.3203125 0.6484375 0.7421875 0.7265625 0.7578125 0.6796875 0.7265625
0 0.2255639 0.2255639 0.2105263 0.1879699 0.1503759 0.1428571 0 0 0 0
0 0 0.2109375 0.2265625 0.203125 0.171875 0.0859375 0 0 0 0
0 0.2408759 0.3138686 0.3138686 0.3138686 0.6058394 0.7226277 0.6861314 0.7737226 0.7226277 0.7372263
0 0.1791045 0.3358209 0.3358209 0.3358209 0.6044776 0.7462687 0.7089552 0.7089552 0.7014925 0.761194
0 0.2826087 0.3260870 0.3260870 0.3260870 0.3260870 0.673913 0.7173913 0.7101449 0.7028986 0.7608696
0 0.1094891 0.1897810 0.1897810 0.1970803 0.1970803 0 0 0 0 0
0 0 0.3203125 0.3203125 0.3203125 0.6484375 0.7421875 0.7265625 0.7578125 0.6796875 0.7265625
0 0.1785714 0.3214286 0.3214286 0.3214286 0.3214286 0.6285714 0.7285714 0.7571429 0.7285714 0.7142857
0 0.1094891 0.1897810 0.1897810 0.1970803 0.1970803 0 0 0 0 0
0 0.1785714 0.2 0.1928571 0.1642857 0 0.1642857 0 0 0 0
0 0.2148148 0.3407407 0.3407407 0.3407407 0.6148148 0.7037037 0.7037037 0.7185185 0.7703704 0.6666667
0 0.2148148 0.3407407 0.3407407 0.3407407 0.6148148 0.7037037 0.7037037 0.7185185 0.7703704 0.6666667
0 0 0.3203125 0.3203125 0.3203125 0.6484375 0.7421875 0.7265625 0.7578125 0.6796875 0.7265625
0.1304348 0.2028986 0.3115942 0.3115942 0.3115942 0.3115942 0.6884058 0.6884058 0.6884058 0.6811594 0.7536232
0 0.2255639 0.3233083 0.3233083 0.3233083 0.6015038 0.6992481 0.6917293 0.7293233 0.6691729 0.7067669
0 0 0.3203125 0.3203125 0.3203125 0.6484375 0.7421875 0.7265625 0.7578125 0.6796875 0.7265625
