0 0 0 0 0 0 0.064 0.352 0.73 0.908 0.906
0 0.044 0.342 0.794 0.962 0.992 1 1 1 1 1
0 0 0 0 0 0 0.036 0.268 0.556 0.772 0.904
0 0 0 0 0 0.002 0.104 0.378 0.768 0.92 0.934
0 0.044 0.342 0.794 0.962 0.992 1 1 1 1 1
0 0 0 0 0 0 0.036 0.268 0.556 0.772 0.904
0 0.038 0.324 0.782 0.98 0.998 1 1 1 1 1
0 0 0 0 0 0 0.006 0.102 0.312 0.614 0.682
0 0.032 0.334 0.75 0.962 0.992 1 1 1 1 1
0 0 0 0 0 0 0.016 0.242 0.562 0.806 0.916
0 0.044 0.342 0.794 0.962 0.992 1 1 1 1 1
0 0 0 0 0 0.002 0.06 0.312 0.616 0.826 0.928
0 0 0 0 0 0.002 0.104 0.378 0.768 0.92 0.934
0 0 0 0 0 0 0.006 0.078 0.34 0.572 0.706
0 0.076 0.434 0.876 0.988 0.998 1 1 1 1 1
0 0.076 0.434 0.876 0.988 0.998 1 1 1 1 1
0 0 0 0 0 0 0.068 0.34 0.606 0.828 0.93
0 0 0 0 0 0.002 0.04 0.312 0.604 0.824 0.912
0 0 0 0 0 0 0.006 0.078 0.34 0.572 0.706
0 0 0 0 0 0 0.036 0.268 0.556 0.772 0.904
0 0 0 0 0 0.002 0.04 0.312 0.604 0.824 0.912
0 0.044 0.342 0.794 0.962 0.992 1 1 1 1 1
0 0 0 0 0 0 0.006 0.102 0.312 0.614 0.682
0 0.04 0.304 0.76 0.96 0.994 0.998 0.998 1 1 1
0.008 0.046 0.424 0.808 0.976 0.998 1 1 1 1 1
0.002 0.04 0.324 0.826 0.974 0.994 1 1 1 1 1
0 0 0 0 0 0 0.068 0.34 0.606 0.828 0.93
0 0 0 0 0 0 0.022 0.276 0.596 0.806 0.934
0 0.04 0.304 0.76 0.96 0.994 0.998 0.998 1 1 1
0 0 0 0 0 0 0.036 0.268 0.556 0.772 0.904
0 0.044 0.342 0.794 0.962 0.992 1 1 1 1 1
0 0 0 0 0 0.002 0.104 0.378 0.768 0.92 0.934
0 0 0 0 0 0 0.006 0.078 0.34 0.572 0.706
0 0 0 0 0 0.002 0.06 0.312 0.616 0.826 0.928
0 0 0 0 0 0 0.006 0.078 0.34 0.572 0.706
0.004 0.054 0.436 0.838 0.98 0.998 1 1 1 1 1
0 0.028 0.28 0.752 0.956 0.998 0.996 1 1 1 1
0 0.044 0.342 0.794 0.962 0.992 1 1 1 1 1
0 0 0 0 0 0 0.016 0.242 0.562 0.806 0.916
0 0 0 0 0 0.002 0.104 0.378 0.768 0.92 0.934
0 0 0 0 0 0.002 0.04 0.312 0.604 0.824 0.912
0 0 0 0 0 0 0.022 0.276 0.596 0.806 0.934
0.004 0.054 0.436 0.838 0.98 0.998 1 1 1 1 1
0 0 0 0 0 0 0.006 0.102 0.312 0.614 0.682
0 0 0 0 0 0 0.006 0.078 0.34 0.572 0.706
0 0 0 0 0 0 0.006 0.102 0.312 0.614 0.682
0 0 0 0 0 0.002 0.104 0.378 0.768 0.92 0.934
0.008 0.046 0.424 0.808 0.976 0.998 1 1 1 1 1
0 0 0 0 0 0.002 0.104 0.378 0.768 0.92 0.934
0 0 0 0 0 0 0.006 0.078 0.34 0.572 0.706
0 0 0 0 0 0 0.006 0.078 0.34 0.572 0.706
0 0.04 0.304 0.76 0.96 0.994 0.998 0.998 1 1 1
0 0 0 0 0 0.002 0.04 0.312 0.604 0.824 0.912
0 0 0 0 0 0 0.006 0.102 0.312 0.614 0.682
0 0 0 0 0 0 0.006 0.102 0.312 0.614 0.682
0 0 0 0 0 0 0.006 0.078 0.34 0.572 0.706
0 0 0 0 0 0 0.068 0.34 0.606 0.828 0.93
0 0 0 0 0 0.002 0.04 0.312 0.604 0.824 0.912
0 0 0 0 0 0 0.006 0.102 0.312 0.614 0.682
0 0 0 0 0 0 0.036 0.268 0.556 0.772 0.904
0 0 0 0 0 0 0.006 0.102 0.312 0.614 0.682
0 0 0 0 0 0 0.022 0.276 0.596 0.806 0.934
0 0 0 0 0 0 0.036 0.268 0.556 0.772 0.904
0 0 0 0 0 0 0.016 0.242 0.562 0.806 0.916
0 0 0 0 0 0.002 0.04 0.312 0.604 0.824 0.912
0 0 0 0 0 0 0.036 0.268 0.556 0.772 0.904
0 0 0 0 0 0 0.064 0.352 0.73 0.908 0.906
0 0.028 0.28 0.752 0.956 0.998 0.996 1 1 1 1
0 0 0 0 0 0 0.036 0.268 0.556 0.772 0.904
0 0 0 0 0 0 0.064 0.352 0.73 0.908 0.906
0 0.04 0.304 0.76 0.96 0.994 0.998 0.998 1 1 1
0 0 0 0 0 0 0.022 0.276 0.596 0.806 0.934
0 0 0 0 0 0 0.068 0.34 0.606 0.828 0.93
0 0 0 0 0 0 0.068 0.34 0.606 0.828 0.93
0 0 0 0 0 0 0.016 0.242 0.562 0.806 0.916
0 0 0 0 0 0 0.068 0.34 0.606 0.828 0.93
0 0 0 0 0 0 0.068 0.34 0.606 0.828 0.93
0 0.028 0.28 0.752 0.956 0.998 0.996 1 1 1 1
0 0 0 0 0 0 0.006 0.102 0.312 0.614 0.682
0 0 0 0 0 0.002 0.04 0.312 0.604 0.824 0.912
0 0 0 0 0 0 0.036 0.268 0.556 0.772 0.904
0 0.044 0.342 0.794 0.962 0.992 1 1 1 1 1
0.002 0.04 0.324 0.826 0.974 0.994 1 1 1 1 1
0 0 0 0 0 0 0.022 0.276 0.596 0.806 0.934
0.004 0.054 0.436 0.838 0.98 0.998 1 1 1 1 1
0 0.044 0.342 0.794 0.962 0.992 1 1 1 1 1
0 0.04 0.304 0.76 0.96 0.994 0.998 0.998 1 1 1
0 0 0 0 0 0 0.006 0.078 0.34 0.572 0.706
0 0 0 0 0 0 0.022 0.276 0.596 0.806 0.934
0 0.076 0.434 0.876 0.988 0.998 1 1 1 1 1
0 0 0 0 0 0 0.006 0.102 0.312 0.614 0.682
0 0.036 0.334 0.824 0.986 0.996 1 1 1 1 1
0 0 0 0 0 0.002 0.06 0.312 0.616 0.826 0.928
0.008 0.046 0.424 0.808 0.976 0.998 1 1 1 1 1
0 0 0 0 0 0.002 0.104 0.378 0.768 0.92 0.934
0 0 0 0 0 0 0.006 0.078 0.34 0.572 0.706
0.008 0.046 0.424 0.808 0.976 0.998 1 1 1 1 1
0 0 0 0 0 0.002 0.06 0.312 0.616 0.826 0.928
0 0 0 0 0 0 0.068 0.34 0.606 0.828 0.93
0 0 0 0 0 0.002 0.06 0.312 0.616 0.826 0.928
0.008 0.046 0.424 0.808 0.976 0.998 1 1 1 1 1
0 0 0 0 0 0 0.016 0.242 0.562 0.806 0.916
0 0 0 0 0 0 0.006 0.102 0.312 0.614 0.682
0 0.038 0.324 0.782 0.98 0.998 1 1 1 1 1
0 0 0 0 0 0 0.006 0.102 0.312 0.614 0.682
0 0 0 0 0 0.002 0.04 0.312 0.604 0.824 0.912
0 0 0 0 0 0 0.016 0.242 0.562 0.806 0.916
0 0 0 0 0 0.002 0.06 0.312 0.616 0.826 0.928
0 0 0 0 0 0 0.006 0.102 0.312 0.614 0.682
0 0 0 0 0 0 0.068 0.34 0.606 0.828 0.93
0 0 0 0 0 0 0.068 0.34 0.606 0.828 0.93
0 0 0 0 0 0 0.064 0.352 0.73 0.908 0.906
0 0.076 0.434 0.876 0.988 0.998 1 1 1 1 1
0 0 0 0 0 0 0.006 0.102 0.312 0.614 0.682
0 0 0 0 0 0 0.068 0.34 0.606 0.828 0.93
0 0 0 0 0 0 0.016 0.242 0.562 0.806 0.916
0 0.04 0.304 0.76 0.96 0.994 0.998 0.998 1 1 1
0 0.036 0.334 0.824 0.986 0.996 1 1 1 1 1
0 0 0 0 0 0 0.036 0.268 0.556 0.772 0.904
0 0 0 0 0 0 0.022 0.276 0.596 0.806 0.934
0 0 0 0 0 0 0.006 0.078 0.34 0.572 0.706
0 0.036 0.334 0.824 0.986 0.996 1 1 1 1 1
0 0 0 0 0 0 0.016 0.242 0.562 0.806 0.916
0 0 0 0 0 0 0.022 0.276 0.596 0.806 0.934
0 0 0 0 0 0 0.068 0.34 0.606 0.828 0.93
0 0 0 0 0 0 0.022 0.276 0.596 0.806 0.934
0 0 0 0 0 0 0.006 0.078 0.34 0.572 0.706
0.004 0.054 0.436 0.838 0.98 0.998 1 1 1 1 1
0 0 0 0 0 0.002 0.104 0.378 0.768 0.92 0.934
0 0 0 0 0 0.002 0.06 0.312 0.616 0.826 0.928
0 0 0 0 0 0 0.064 0.352 0.73 0.908 0.906
0 0 0 0 0 0 0.036 0.268 0.556 0.772 0.904
0 0.032 0.334 0.75 0.962 0.992 1 1 1 1 1
0 0 0 0 0 0.002 0.104 0.378 0.768 0.92 0.934
0 0 0 0 0 0.002 0.104 0.378 0.768 0.92 0.934
0 0 0 0 0 0 0.036 0.268 0.556 0.772 0.904
