0 0 0 0 0 0 0 0 0 0 0
0.3134328 0.3134328 0.3134328 0.3134328 0.3134328 0.3134328 0.3134328 0.3134328 0.3134328 0.3134328 0.3134328
0 0 0 0 0 0 0 0 0 0 0
0 0.3282443 0.3282443 0.3282443 0.3282443 0.3282443 0.3282443 0.3282443 0.3282443 0.3282443 0.3282443
0.3169014 0.3169014 0.3169014 0.3169014 0.3169014 0.3169014 0.3169014 0.3169014 0.3169014 0.3169014 0.3169014
0 0 0 0 0 0 0 0 0 0 0
0 0.3282443 0.3282443 0.3282443 0.3282443 0.3282443 0.3282443 0.3282443 0.3282443 0.3282443 0.3282443
0 0 0 0 0 0 0 0 0 0 0
0 0 0 0 0 0 0 0 0 0 0
0.3185185 0.3185185 0.3185185 0.3185185 0.3185185 0.3185185 0.3185185 0.3185185 0.3185185 0.3185185 0.3185185
0 0 0 0 0 0 0 0 0 0 0
0.3169014 0.3169014 0.3169014 0.3169014 0.3169014 0.3169014 0.3169014 0.3169014 0.3169014 0.3169014 0.3169014
0 0 0 0 0 0 0 0 0 0 0
0 0.3308824 0.3308824 0.3308824 0.3308824 0.3308824 0.3308824 0.3308824 0.3308824 0.3308824 0.3308824
0 0.3430657 0.3430657 0.3430657 0.3430657 0.3430657 0.3430657 0.3430657 0.3430657 0.3430657 0.3430657
0 0.3142857 0.3142857 0.3142857 0.3142857 0.3142857 0.3142857 0.3142857 0.3142857 0.3142857 0.3142857
0 0 0 0 0 0 0 0 0 0 0
0 0 0 0 0 0 0 0 0 0 0
0.3134328 0.3134328 0.3134328 0.3134328 0.3134328 0.3134328 0.3134328 0.3134328 0.3134328 0.3134328 0.3134328
0 0.3282443 0.3282443 0.3282443 0.3282443 0.3282443 0.3282443 0.3282443 0.3282443 0.3282443 0.3282443
0 0.3308824 0.3308824 0.3308824 0.3308824 0.3308824 0.3308824 0.3308824 0.3308824 0.3308824 0.3308824
0 0.3233083 0.3233083 0.3233083 0.3233083 0.3233083 0.3233083 0.3233083 0.3233083 0.3233083 0.3233083
0 0 0 0 0 0 0 0 0 0 0
0 0.3161765 0.3161765 0.3161765 0.3161765 0.3161765 0.3161765 0.3161765 0.3161765 0.3161765 0.3161765
0 0 0 0 0 0 0 0 0 0 0
0 0 0 0 0 0 0 0 0 0 0
0 0 0 0 0 0 0 0 0 0 0
0 0.3407407 0.3407407 0.3407407 0.3407407 0.3407407 0.3407407 0.3407407 0.3407407 0.3407407 0.3407407
0.3169014 0.3169014 0.3169014 0.3169014 0.3169014 0.3169014 0.3169014 0.3169014 0.3169014 0.3169014 0.3169014
0 0 0 0 0 0 0 0 0 0 0
0.3169014 0.3169014 0.3169014 0.3169014 0.3169014 0.3169014 0.3169014 0.3169014 0.3169014 0.3169014 0.3169014
0 0 0 0 0 0 0 0 0 0 0
0 0 0 0 0 0 0 0 0 0 0
0 0.3430657 0.3430657 0.3430657 0.3430657 0.3430657 0.3430657 0.3430657 0.3430657 0.3430657 0.3430657
0 0.3233083 0.3233083 0.3233083 0.3233083 0.3233083 0.3233083 0.3233083 0.3233083 0.3233083 0.3233083
0 0.3282443 0.3282443 0.3282443 0.3282443 0.3282443 0.3282443 0.3282443 0.3282443 0.3282443 0.3282443
0 0.3407407 0.3407407 0.3407407 0.3407407 0.3407407 0.3407407 0.3407407 0.3407407 0.3407407 0.3407407
0 0 0 0 0 0 0 0 0 0 0
0 0 0 0 0 0 0 0 0 0 0
0 0 0 0 0 0 0 0 0 0 0
0 0.3308824 0.3308824 0.3308824 0.3308824 0.3308824 0.3308824 0.3308824 0.3308824 0.3308824 0.3308824
0 0.3233083 0.3233083 0.3233083 0.3233083 0.3233083 0.3233083 0.3233083 0.3233083 0.3233083 0.3233083
0 0.3233083 0.3233083 0.3233083 0.3233083 0.3233083 0.3233083 0.3233083 0.3233083 0.3233083 0.3233083
0.3134328 0.3134328 0.3134328 0.3134328 0.3134328 0.3134328 0.3134328 0.3134328 0.3134328 0.3134328 0.3134328
0 0 0 0 0 0 0 0 0 0 0
0 0.3282443 0.3282443 0.3282443 0.3282443 0.3282443 0.3282443 0.3282443 0.3282443 0.3282443 0.3282443
0.3185185 0.3185185 0.3185185 0.3185185 0.3185185 0.3185185 0.3185185 0.3185185 0.3185185 0.3185185 0.3185185
0 0.3308824 0.3308824 0.3308824 0.3308824 0.3308824 0.3308824 0.3308824 0.3308824 0.3308824 0.3308824
0 0.3308824 0.3308824 0.3308824 0.3308824 0.3308824 0.3308824 0.3308824 0.3308824 0.3308824 0.3308824
0.3185185 0.3185185 0.3185185 0.3185185 0.3185185 0.3185185 0.3185185 0.3185185 0.3185185 0.3185185 0.3185185
0 0 0 0 0 0 0 0 0 0 0
0 0 0 0 0 0 0 0 0 0 0
0 0.3161765 0.3161765 0.3161765 0.3161765 0.3161765 0.3161765 0.3161765 0.3161765 0.3161765 0.3161765
0 0.3308824 0.3308824 0.3308824 0.3308824 0.3308824 0.3308824 0.3308824 0.3308824 0.3308824 0.3308824
0 0.3142857 0.3142857 0.3142857 0.3142857 0.3142857 0.3142857 0.3142857 0.3142857 0.3142857 0.3142857
0 0 0 0 0 0 0 0 0 0 0
0 0.3142857 0.3142857 0.3142857 0.3142857 0.3142857 0.3142857 0.3142857 0.3142857 0.3142857 0.3142857
0 0.3161765 0.3161765 0.3161765 0.3161765 0.3161765 0.3161765 0.3161765 0.3161765 0.3161765 0.3161765
0 0.3308824 0.3308824 0.3308824 0.3308824 0.3308824 0.3308824 0.3308824 0.3308824 0.3308824 0.3308824
0 0.3407407 0.3407407 0.3407407 0.3407407 0.3407407 0.3407407 0.3407407 0.3407407 0.3407407 0.3407407
0 0.3407407 0.3407407 0.3407407 0.3407407 0.3407407 0.3407407 0.3407407 0.3407407 0.3407407 0.3407407
0 0.3407407 0.3407407 0.3407407 0.3407407 0.3407407 0.3407407 0.3407407 0.3407407 0.3407407 0.3407407
0 0.3282443 0.3282443 0.3282443 0.3282443 0.3282443 0.3282443 0.3282443 0.3282443 0.3282443 0.3282443
0 0.3308824 0.3308824 0.3308824 0.3308824 0.3308824 0.3308824 0.3308824 0.3308824 0.3308824 0.3308824
0.3185185 0.3185185 0.3185185 0.3185185 0.3185185 0.3185185 0.3185185 0.3185185 0.3185185 0.3185185 0.3185185
0 0 0 0 0 0 0 0 0 0 0
0 0.3282443 0.3282443 0.3282443 0.3282443 0.3282443 0.3282443 0.3282443 0.3282443 0.3282443 0.3282443
0 0.3161765 0.3161765 0.3161765 0.3161765 0.3161765 0.3161765 0.3161765 0.3161765 0.3161765 0.3161765
0 0.3233083 0.3233083 0.3233083 0.3233083 0.3233083 0.3233083 0.3233083 0.3233083 0.3233083 0.3233083
0 0.3161765 0.3161765 0.3161765 0.3161765 0.3161765 0.3161765 0.3161765 0.3161765 0.3161765 0.3161765
0 0.3233083 0.3233083 0.3233083 0.3233083 0.3233083 0.3233083 0.3233083 0.3233083 0.3233083 0.3233083
0 0 0 0 0 0 0 0 0 0 0
0 0.3430657 0.3430657 0.3430657 0.3430657 0.3430657 0.3430657 0.3430657 0.3430657 0.3430657 0.3430657
0 0.3407407 0.3407407 0.3407407 0.3407407 0.3407407 0.3407407 0.3407407 0.3407407 0.3407407 0.3407407
0 0 0 0 0 0 0 0 0 0 0
0 0.3430657 0.3430657 0.3430657 0.3430657 0.3430657 0.3430657 0.3430657 0.3430657 0.3430657 0.3430657
0 0.3233083 0.3233083 0.3233083 0.3233083 0.3233083 0.3233083 0.3233083 0.3233083 0.3233083 0.3233083
0 0.3430657 0.3430657 0.3430657 0.3430657 0.3430657 0.3430657 0.3430657 0.3430657 0.3430657 0.3430657
0 0.3308824 0.3308824 0.3308824 0.3308824 0.3308824 0.3308824 0.3308824 0.3308824 0.3308824 0.3308824
0.3134328 0.3134328 0.3134328 0.3134328 0.3134328 0.3134328 0.3134328 0.3134328 0.3134328 0.3134328 0.3134328
0.3169014 0.3169014 0.3169014 0.3169014 0.3169014 0.3169014 0.3169014 0.3169014 0.3169014 0.3169014 0.3169014
0 0 0 0 0 0 0 0 0 0 0
0 0.3430657 0.3430657 0.3430657 0.3430657 0.3430657 0.3430657 0.3430657 0.3430657 0.3430657 0.3430657
0 0 0 0 0 0 0 0 0 0 0
0 0.3282443 0.3282443 0.3282443 0.3282443 0.3282443 0.3282443 0.3282443 0.3282443 0.3282443 0.3282443
0 0.3282443 0.3282443 0.3282443 0.3282443 0.3282443 0.3282443 0.3282443 0.3282443 0.3282443 0.3282443
0 0 0 0 0 0 0 0 0 0 0
0 0 0 0 0 0 0 0 0 0 0
0.3185185 0.3185185 0.3185185 0.3185185 0.3185185 0.3185185 0.3185185 0.3185185 0.3185185 0.3185185 0.3185185
0 0 0 0 0 0 0 0 0 0 0
0 0 0 0 0 0 0 0 0 0 0
0.3134328 0.3134328 0.3134328 0.3134328 0.3134328 0.3134328 0.3134328 0.3134328 0.3134328 0.3134328 0.3134328
0 0.3308824 0.3308824 0.3308824 0.3308824 0.3308824 0.3308824 0.3308824 0.3308824 0.3308824 0.3308824
0 0 0 0 0 0 0 0 0 0 0
0.3185185 0.3185185 0.3185185 0.3185185 0.3185185 0.3185185 0.3185185 0.3185185 0.3185185 0.3185185 0.3185185
0 0 0 0 0 0 0 0 0 0 0
0 0 0 0 0 0 0 0 0 0 0
0 0.3282443 0.3282443 0.3282443 0.3282443 0.3282443 0.3282443 0.3282443 0.3282443 0.3282443 0.3282443
0 0.3407407 0.3407407 0.3407407 0.3407407 0.3407407 0.3407407 0.3407407 0.3407407 0.3407407 0.3407407
0 0 0 0 0 0 0 0 0 0 0
0 0.3282443 0.3282443 0.3282443 0.3282443 0.3282443 0.3282443 0.3282443 0.3282443 0.3282443 0.3282443
0.3134328 0.3134328 0.3134328 0.3134328 0.3134328 0.3134328 0.3134328 0.3134328 0.3134328 0.3134328 0.3134328
0 0.3407407 0.3407407 0.3407407 0.3407407 0.3407407 0.3407407 0.3407407 0.3407407 0.3407407 0.3407407
0 0.3430657 0.3430657 0.3430657 0.3430657 0.3430657 0.3430657 0.3430657 0.3430657 0.3430657 0.3430657
0.3185185 0.3185185 0.3185185 0.3185185 0.3185185 0.3185185 0.3185185 0.3185185 0.3185185 0.3185185 0.3185185
0 0 0 0 0 0 0 0 0 0 0
0 0.3161765 0.3161765 0.3161765 0.3161765 0.3161765 0.3161765 0.3161765 0.3161765 0.3161765 0.3161765
0 0.3308824 0.3308824 0.3308824 0.3308824 0.3308824 0.3308824 0.3308824 0.3308824 0.3308824 0.3308824
0 0.3282443 0.3282443 0.3282443 0.3282443 0.3282443 0.3282443 0.3282443 0.3282443 0.3282443 0.3282443
0 0.3233083 0.3233083 0.3233083 0.3233083 0.3233083 0.3233083 0.3233083 0.3233083 0.3233083 0.3233083
0 0.3430657 0.3430657 0.3430657 0.3430657 0.3430657 0.3430657 0.3430657 0.3430657 0.3430657 0.3430657
0 0 0 0 0 0 0 0 0 0 0
0 0.3233083 0.3233083 0.3233083 0.3233083 0.3233083 0.3233083 0.3233083 0.3233083 0.3233083 0.3233083
0 0.3282443 0.3282443 0.3282443 0.3282443 0.3282443 0.3282443 0.3282443 0.3282443 0.3282443 0.3282443
0 0.3430657 0.3430657 0.3430657 0.3430657 0.3430657 0.3430657 0.3430657 0.3430657 0.3430657 0.3430657
0 0 0 0 0 0 0 0 0 0 0
0 0 0 0 0 0 0 0 0 0 0
0.3185185 0.3185185 0.3185185 0.3185185 0.3185185 0.3185185 0.3185185 0.3185185 0.3185185 0.3185185 0.3185185
0 0.3233083 0.3233083 0.3233083 0.3233083 0.3233083 0.3233083 0.3233083 0.3233083 0.3233083 0.3233083
0 0.3161765 0.3161765 0.3161765 0.3161765 0.3161765 0.3161765 0.3161765 0.3161765 0.3161765 0.3161765
0 0.3407407 0.3407407 0.3407407 0.3407407 0.3407407 0.3407407 0.3407407 0.3407407 0.3407407 0.3407407
0 0.3233083 0.3233083 0.3233083 0.3233083 0.3233083 0.3233083 0.3233083 0.3233083 0.3233083 0.3233083
0 0 0 0 0 0 0 0 0 0 0
0 0.3161765 0.3161765 0.3161765 0.3161765 0.3161765 0.3161765 0.3161765 0.3161765 0.3161765 0.3161765
0 0 0 0 0 0 0 0 0 0 0
0.3185185 0.3185185 0.3185185 0.3185185 0.3185185 0.3185185 0.3185185 0.3185185 0.3185185 0.3185185 0.3185185
0 0.3407407 0.3407407 0.3407407 0.3407407 0.3407407 0.3407407 0.3407407 0.3407407 0.3407407 0.3407407
0 0.3430657 0.3430657 0.3430657 0.3430657 0.3430657 0.3430657 0.3430657 0.3430657 0.3430657 0.3430657
0 0.3142857 0.3142857 0.3142857 0.3142857 0.3142857 0.3142857 0.3142857 0.3142857 0.3142857 0.3142857
0 0 0 0 0 0 0 0 0 0 0
0 0 0 0 0 0 0 0 0 0 0
0 0.3142857 0.3142857 0.3142857 0.3142857 0.3142857 0.3142857 0.3142857 0.3142857 0.3142857 0.3142857
0 0.3430657 0.3430657 0.3430657 0.3430657 0.3430657 0.3430657 0.3430657 0.3430657 0.3430657 0.3430657
0 0.3407407 0.3407407 0.3407407 0.3407407 0.3407407 0.3407407 0.3407407 0.3407407 0.3407407 0.3407407
0 0.3282443 0.3282443 0.3282443 0.3282443 0.3282443 0.3282443 0.3282443 0.3282443 0.3282443 0.3282443
0 0 0 0 0 0 0 0 0 0 0
0 0 0 0 0 0 0 0 0 0 0
0 0.3161765 0.3161765 0.3161765 0.3161765 0.3161765 0.3161765 0.3161765 0.3161765 0.3161765 0.3161765
0 0.3233083 0.3233083 0.3233083 0.3233083 0.3233083 0.3233083 0.3233083 0.3233083 0.3233083 0.3233083
0 0.3430657 0.3430657 0.3430657 0.3430657 0.3430657 0.3430657 0.3430657 0.3430657 0.3430657 0.3430657
0 0 0 0 0 0 0 0 0 0 0
0.3134328 0.3134328 0.3134328 0.3134328 0.3134328 0.3134328 0.3134328 0.3134328 0.3134328 0.3134328 0.3134328
0.3134328 0.3134328 0.3134328 0.3134328 0.3134328 0.3134328 0.3134328 0.3134328 0.3134328 0.3134328 0.3134328
0 0 0 0 0 0 0 0 0 0 0
0 0 0 0 0 0 0 0 0 0 0
0.3134328 0.3134328 0.3134328 0.3134328 0.3134328 0.3134328 0.3134328 0.3134328 0.3134328 0.3134328 0.3134328
0 0.3142857 0.3142857 0.3142857 0.3142857 0.3142857 0.3142857 0.3142857 0.3142857 0.3142857 0.3142857
0 0.3407407 0.3407407 0.3407407 0.3407407 0.3407407 0.3407407 0.3407407 0.3407407 0.3407407 0.3407407
0 0.3407407 0.3407407 0.3407407 0.3407407 0.3407407 0.3407407 0.3407407 0.3407407 0.3407407 0.3407407
0.3185185 0.3185185 0.3185185 0.3185185 0.3185185 0.3185185 0.3185185 0.3185185 0.3185185 0.3185185 0.3185185
0.3134328 0.3134328 0.3134328 0.3134328 0.3134328 0.3134328 0.3134328 0.3134328 0.3134328 0.3134328 0.3134328
