0 0 0 0 0 0.004 0.068 0.348 0.73 0.91 0.914
0.004 0.07 0.374 0.8 0.972 0.996 0.998 1 1 1 1
0 0 0 0 0 0 0.05 0.318 0.65 0.852 0.91
0 0 0 0 0 0 0.032 0.194 0.56 0.782 0.784
0.004 0.07 0.374 0.8 0.972 0.996 0.998 1 1 1 1
0 0 0 0 0 0 0.026 0.204 0.568 0.8 0.788
0.006 0.1 0.52 0.894 0.98 1 0.998 1 1 1 1
0 0 0 0 0 0 0.046 0.328 0.604 0.83 0.886
0.008 0.096 0.504 0.876 0.986 1 1 1 1 1 1
0 0 0 0 0 0.004 0.068 0.348 0.73 0.91 0.914
0.004 0.082 0.428 0.858 0.978 1 1 0.998 1 1 1
0 0 0 0 0 0 0.014 0.166 0.496 0.786 0.842
0 0 0 0 0 0 0.05 0.318 0.65 0.852 0.91
0 0 0 0 0 0 0.03 0.2 0.582 0.772 0.924
0.004 0.082 0.428 0.858 0.978 1 1 0.998 1 1 1
0.004 0.07 0.374 0.8 0.972 0.996 0.998 1 1 1 1
0 0 0 0 0 0.002 0.058 0.336 0.69 0.872 0.898
0 0 0 0 0 0 0.05 0.318 0.65 0.852 0.91
0 0 0 0 0 0 0.05 0.318 0.65 0.852 0.91
0 0 0 0 0 0 0.05 0.318 0.65 0.852 0.91
0 0 0 0 0 0 0.032 0.194 0.56 0.782 0.784
0.004 0.07 0.374 0.8 0.972 0.996 0.998 1 1 1 1
0 0 0 0 0 0 0.046 0.328 0.604 0.83 0.886
0.002 0.04 0.35 0.802 0.966 0.998 1 1 1 1 1
0 0.058 0.354 0.826 0.984 0.998 1 1 1 1 1
0 0.058 0.354 0.826 0.984 0.998 1 1 1 1 1
0 0 0 0 0 0 0.016 0.18 0.454 0.762 0.798
0 0 0 0 0 0.004 0.068 0.348 0.73 0.91 0.914
0 0.036 0.318 0.782 0.972 1 0.998 1 1 1 1
0 0 0 0 0 0 0.014 0.166 0.496 0.786 0.842
0 0.044 0.294 0.802 0.944 0.996 1 1 1 1 1
0 0 0 0 0 0 0.014 0.166 0.496 0.786 0.842
0 0 0 0 0 0.002 0.054 0.31 0.602 0.824 0.91
0 0 0 0 0 0.004 0.068 0.348 0.73 0.91 0.914
0 0 0 0 0 0 0.03 0.2 0.582 0.772 0.924
0.008 0.096 0.504 0.876 0.986 1 1 1 1 1 1
0 0.018 0.202 0.718 0.934 0.992 0.998 0.998 1 1 1
0.008 0.096 0.504 0.876 0.986 1 1 1 1 1 1
0 0 0 0 0 0 0.032 0.194 0.56 0.782 0.784
0 0 0 0 0 0 0.046 0.328 0.604 0.83 0.886
0 0 0 0 0 0.002 0.058 0.336 0.69 0.872 0.898
0 0 0 0 0 0 0.032 0.194 0.56 0.782 0.784
0 0.01 0.216 0.688 0.936 0.996 1 1 1 1 1
0 0 0 0 0 0 0.046 0.328 0.604 0.83 0.886
0 0 0 0 0 0 0.03 0.2 0.582 0.772 0.924
0 0 0 0 0 0 0.05 0.318 0.65 0.852 0.91
0 0 0 0 0 0.004 0.068 0.348 0.73 0.91 0.914
0.006 0.1 0.52 0.894 0.98 1 0.998 1 1 1 1
0 0 0 0 0 0.002 0.058 0.336 0.69 0.872 0.898
0 0 0 0 0 0.002 0.054 0.31 0.602 0.824 0.91
0 0 0 0 0 0 0.032 0.194 0.56 0.782 0.784
0 0.044 0.294 0.802 0.944 0.996 1 1 1 1 1
0 0 0 0 0 0 0.05 0.318 0.65 0.852 0.91
0 0 0 0 0 0 0.016 0.18 0.454 0.762 0.798
0 0 0 0 0 0 0.032 0.194 0.56 0.782 0.784
0 0 0 0 0 0 0.026 0.204 0.568 0.8 0.788
0 0 0 0 0 0 0.032 0.194 0.56 0.782 0.784
0 0 0 0 0 0 0.026 0.204 0.568 0.8 0.788
0 0 0 0 0 0 0.05 0.318 0.65 0.852 0.91
0 0 0 0 0 0.002 0.058 0.336 0.69 0.872 0.898
0 0 0 0 0 0 0.026 0.204 0.568 0.8 0.788
0 0 0 0 0 0 0.05 0.318 0.65 0.852 0.91
0 0 0 0 0 0.004 0.068 0.348 0.73 0.91 0.914
0 0 0 0 0 0 0.05 0.318 0.65 0.852 0.91
0 0 0 0 0 0.002 0.054 0.31 0.602 0.824 0.91
0 0 0 0 0 0 0.046 0.328 0.604 0.83 0.886
0 0 0 0 0 0.002 0.054 0.31 0.602 0.824 0.91
0 0.018 0.202 0.718 0.934 0.992 0.998 0.998 1 1 1
0 0 0 0 0 0.002 0.054 0.31 0.602 0.824 0.91
0 0 0 0 0 0.004 0.068 0.348 0.73 0.91 0.914
0 0.01 0.216 0.688 0.936 0.996 1 1 1 1 1
0 0 0 0 0 0 0.026 0.204 0.568 0.8 0.788
0 0 0 0 0 0.004 0.068 0.348 0.73 0.91 0.914
0 0 0 0 0 0 0.016 0.18 0.454 0.762 0.798
0 0 0 0 0 0 0.032 0.194 0.56 0.782 0.784
0 0 0 0 0 0 0.046 0.328 0.604 0.83 0.886
0 0 0 0 0 0 0.032 0.194 0.56 0.782 0.784
0.002 0.04 0.35 0.802 0.966 0.998 1 1 1 1 1
0 0 0 0 0 0 0.016 0.18 0.454 0.762 0.798
0 0 0 0 0 0 0.014 0.166 0.496 0.786 0.842
0 0 0 0 0 0 0.046 0.328 0.604 0.83 0.886
0 0.018 0.202 0.718 0.934 0.992 0.998 0.998 1 1 1
0.006 0.1 0.52 0.894 0.98 1 0.998 1 1 1 1
0 0 0 0 0 0 0.05 0.318 0.65 0.852 0.91
0.004 0.082 0.428 0.858 0.978 1 1 0.998 1 1 1
0 0.058 0.354 0.826 0.984 0.998 1 1 1 1 1
0.008 0.096 0.504 0.876 0.986 1 1 1 1 1 1
0 0 0 0 0 0 0.026 0.204 0.568 0.8 0.788
0 0 0 0 0 0 0.014 0.166 0.496 0.786 0.842
0.006 0.1 0.52 0.894 0.98 1 0.998 1 1 1 1
0 0 0 0 0 0 0.026 0.204 0.568 0.8 0.788
0.004 0.082 0.428 0.858 0.978 1 1 0.998 1 1 1
0 0 0 0 0 0.002 0.054 0.31 0.602 0.824 0.91
0.002 0.04 0.35 0.802 0.966 0.998 1 1 1 1 1
0 0 0 0 0 0.004 0.068 0.348 0.73 0.91 0.914
0 0 0 0 0 0 0.014 0.166 0.496 0.786 0.842
0.006 0.1 0.52 0.894 0.98 1 0.998 1 1 1 1
0 0 0 0 0 0 0.016 0.18 0.454 0.762 0.798
0 0 0 0 0 0 0.032 0.194 0.56 0.782 0.784
0 0 0 0 0 0 0.026 0.204 0.568 0.8 0.788
0.004 0.07 0.374 0.8 0.972 0.996 0.998 1 1 1 1
0 0 0 0 0 0 0.014 0.166 0.496 0.786 0.842
0 0 0 0 0 0.004 0.068 0.348 0.73 0.91 0.914
0.008 0.096 0.504 0.876 0.986 1 1 1 1 1 1
0 0 0 0 0 0 0.05 0.318 0.65 0.852 0.91
0 0 0 0 0 0 0.05 0.318 0.65 0.852 0.91
0 0 0 0 0 0 0.026 0.204 0.568 0.8 0.788
0 0 0 0 0 0 0.03 0.2 0.582 0.772 0.924
0 0 0 0 0 0.002 0.054 0.31 0.602 0.824 0.91
0 0 0 0 0 0 0.016 0.18 0.454 0.762 0.798
0 0 0 0 0 0 0.016 0.18 0.454 0.762 0.798
0 0 0 0 0 0 0.016 0.18 0.454 0.762 0.798
0 0.044 0.294 0.802 0.944 0.996 1 1 1 1 1
0 0 0 0 0 0 0.032 0.194 0.56 0.782 0.784
0 0 0 0 0 0.002 0.058 0.336 0.69 0.872 0.898
0 0 0 0 0 0 0.046 0.328 0.604 0.83 0.886
0 0.036 0.318 0.782 0.972 1 0.998 1 1 1 1
0.002 0.04 0.35 0.802 0.966 0.998 1 1 1 1 1
0 0 0 0 0 0 0.032 0.194 0.56 0.782 0.784
0 0 0 0 0 0.002 0.054 0.31 0.602 0.824 0.91
0 0 0 0 0 0 0.014 0.166 0.496 0.786 0.842
0.006 0.1 0.52 0.894 0.98 1 0.998 1 1 1 1
0 0 0 0 0 0.004 0.068 0.348 0.73 0.91 0.914
0 0 0 0 0 0.004 0.068 0.348 0.73 0.91 0.914
0 0 0 0 0 0 0.032 0.194 0.56 0.782 0.784
0 0 0 0 0 0 0.03 0.2 0.582 0.772 0.924
0 0 0 0 0 0 0.05 0.318 0.65 0.852 0.91
0 0.058 0.354 0.826 0.984 0.998 1 1 1 1 1
0 0 0 0 0 0 0.05 0.318 0.65 0.852 0.91
0 0 0 0 0 0 0.05 0.318 0.65 0.852 0.91
0 0 0 0 0 0 0.05 0.318 0.65 0.852 0.91
0 0 0 0 0 0.002 0.058 0.336 0.69 0.872 0.898
0 0.036 0.318 0.782 0.972 1 0.998 1 1 1 1
0 0 0 0 0 0.002 0.054 0.31 0.602 0.824 0.91
0 0 0 0 0 0 0.046 0.328 0.604 0.83 0.886
0 0 0 0 0 0 0.014 0.166 0.496 0.786 0.842
