0 0 0 0 0 0 0 0 0 0 0
0.3282443 0.3282443 0.3282443 0.3282443 0.3282443 0.3282443 0.3282443 0.3282443 0.3282443 0.3282443 0.3282443
0 0 0 0 0 0 0 0 0 0 0
0 0 0.3357664 0.3357664 0.3357664 0.3357664 0.3357664 0.3357664 0.3357664 0.3357664 0.3357664
0.3230769 0.3230769 0.3230769 0.3230769 0.3230769 0.3230769 0.3230769 0.3230769 0.3230769 0.3230769 0.3230769
0 0 0 0 0 0 0 0 0 0 0
0 0 0.3211679 0.3211679 0.3211679 0.3211679 0.3211679 0.3211679 0.3211679 0.3211679 0.3211679
0 0 0 0 0 0 0 0 0 0 0
0 0 0 0 0 0 0 0 0 0 0
0 0.3309353 0.3309353 0.3309353 0.3309353 0.3309353 0.3309353 0.3309353 0.3309353 0.3309353 0.3309353
0 0 0 0 0 0 0 0 0 0 0
0 0 0.3333333 0.3333333 0.3333333 0.3333333 0.3333333 0.3333333 0.3333333 0.3333333 0.3333333
0 0 0 0 0 0 0 0 0 0 0
0 0 0.3333333 0.3333333 0.3333333 0.3333333 0.3333333 0.3333333 0.3333333 0.3333333 0.3333333
0 0 0.3211679 0.3211679 0.3211679 0.3211679 0.3211679 0.3211679 0.3211679 0.3211679 0.3211679
0 0.3259259 0.3259259 0.3259259 0.3259259 0.3259259 0.3259259 0.3259259 0.3259259 0.3259259 0.3259259
0 0 0 0 0 0 0 0 0 0 0
0 0 0 0 0 0 0 0 0 0 0
0 0.3259259 0.3259259 0.3259259 0.3259259 0.3259259 0.3259259 0.3259259 0.3259259 0.3259259 0.3259259
0 0 0.3333333 0.3333333 0.3333333 0.3333333 0.3333333 0.3333333 0.3333333 0.3333333 0.3333333
0.3142857 0.3142857 0.3142857 0.3142857 0.3142857 0.3142857 0.3142857 0.3142857 0.3142857 0.3142857 0.3142857
0 0.3309353 0.3309353 0.3309353 0.3309353 0.3309353 0.3309353 0.3309353 0.3309353 0.3309353 0.3309353
0 0 0 0 0 0 0 0 0 0 0
0 0 0.3333333 0.3333333 0.3333333 0.3333333 0.3333333 0.3333333 0.3333333 0.3333333 0.3333333
0 0 0 0 0 0 0 0 0 0 0
0 0 0 0 0 0 0 0 0 0 0
0 0 0 0 0 0 0 0 0 0 0
0.3230769 0.3230769 0.3230769 0.3230769 0.3230769 0.3230769 0.3230769 0.3230769 0.3230769 0.3230769 0.3230769
0.3230769 0.3230769 0.3230769 0.3230769 0.3230769 0.3230769 0.3230769 0.3230769 0.3230769 0.3230769 0.3230769
0 0 0 0 0 0 0 0 0 0 0
0 0 0.3357664 0.3357664 0.3357664 0.3357664 0.3357664 0.3357664 0.3357664 0.3357664 0.3357664
0 0 0 0 0 0 0 0 0 0 0
0 0 0 0 0 0 0 0 0 0 0
0 0.3115942 0.3115942 0.3115942 0.3115942 0.3115942 0.3115942 0.3115942 0.3115942 0.3115942 0.3115942
0.3230769 0.3230769 0.3230769 0.3230769 0.3230769 0.3230769 0.3230769 0.3230769 0.3230769 0.3230769 0.3230769
0.3282443 0.3282443 0.3282443 0.3282443 0.3282443 0.3282443 0.3282443 0.3282443 0.3282443 0.3282443 0.3282443
0.3230769 0.3230769 0.3230769 0.3230769 0.3230769 0.3230769 0.3230769 0.3230769 0.3230769 0.3230769 0.3230769
0 0 0 0 0 0 0 0 0 0 0
0 0 0 0 0 0 0 0 0 0 0
0 0 0 0 0 0 0 0 0 0 0
0 0 0.3357664 0.3357664 0.3357664 0.3357664 0.3357664 0.3357664 0.3357664 0.3357664 0.3357664
0.3282443 0.3282443 0.3282443 0.3282443 0.3282443 0.3282443 0.3282443 0.3282443 0.3282443 0.3282443 0.3282443
0 0.3259259 0.3259259 0.3259259 0.3259259 0.3259259 0.3259259 0.3259259 0.3259259 0.3259259 0.3259259
0 0.3115942 0.3115942 0.3115942 0.3115942 0.3115942 0.3115942 0.3115942 0.3115942 0.3115942 0.3115942
0 0 0 0 0 0 0 0 0 0 0
0 0 0.3333333 0.3333333 0.3333333 0.3333333 0.3333333 0.3333333 0.3333333 0.3333333 0.3333333
0.3282443 0.3282443 0.3282443 0.3282443 0.3282443 0.3282443 0.3282443 0.3282443 0.3282443 0.3282443 0.3282443
0 0.3259259 0.3259259 0.3259259 0.3259259 0.3259259 0.3259259 0.3259259 0.3259259 0.3259259 0.3259259
0 0.3259259 0.3259259 0.3259259 0.3259259 0.3259259 0.3259259 0.3259259 0.3259259 0.3259259 0.3259259
0 0 0.3357664 0.3357664 0.3357664 0.3357664 0.3357664 0.3357664 0.3357664 0.3357664 0.3357664
0 0 0 0 0 0 0 0 0 0 0
0 0 0 0 0 0 0 0 0 0 0
0 0.3214286 0.3214286 0.3214286 0.3214286 0.3214286 0.3214286 0.3214286 0.3214286 0.3214286 0.3214286
0 0.3309353 0.3309353 0.3309353 0.3309353 0.3309353 0.3309353 0.3309353 0.3309353 0.3309353 0.3309353
0 0 0.3333333 0.3333333 0.3333333 0.3333333 0.3333333 0.3333333 0.3333333 0.3333333 0.3333333
0 0 0 0 0 0 0 0 0 0 0
0.3282443 0.3282443 0.3282443 0.3282443 0.3282443 0.3282443 0.3282443 0.3282443 0.3282443 0.3282443 0.3282443
0.3230769 0.3230769 0.3230769 0.3230769 0.3230769 0.3230769 0.3230769 0.3230769 0.3230769 0.3230769 0.3230769
0.3282443 0.3282443 0.3282443 0.3282443 0.3282443 0.3282443 0.3282443 0.3282443 0.3282443 0.3282443 0.3282443
0 0.3115942 0.3115942 0.3115942 0.3115942 0.3115942 0.3115942 0.3115942 0.3115942 0.3115942 0.3115942
0.3282443 0.3282443 0.3282443 0.3282443 0.3282443 0.3282443 0.3282443 0.3282443 0.3282443 0.3282443 0.3282443
0 0.3214286 0.3214286 0.3214286 0.3214286 0.3214286 0.3214286 0.3214286 0.3214286 0.3214286 0.3214286
0 0.3259259 0.3259259 0.3259259 0.3259259 0.3259259 0.3259259 0.3259259 0.3259259 0.3259259 0.3259259
0 0 0.3211679 0.3211679 0.3211679 0.3211679 0.3211679 0.3211679 0.3211679 0.3211679 0.3211679
0.3230769 0.3230769 0.3230769 0.3230769 0.3230769 0.3230769 0.3230769 0.3230769 0.3230769 0.3230769 0.3230769
0 0 0 0 0 0 0 0 0 0 0
0 0 0.3357664 0.3357664 0.3357664 0.3357664 0.3357664 0.3357664 0.3357664 0.3357664 0.3357664
0 0.3309353 0.3309353 0.3309353 0.3309353 0.3309353 0.3309353 0.3309353 0.3309353 0.3309353 0.3309353
0 0 0.3333333 0.3333333 0.3333333 0.3333333 0.3333333 0.3333333 0.3333333 0.3333333 0.3333333
0 0 0.3333333 0.3333333 0.3333333 0.3333333 0.3333333 0.3333333 0.3333333 0.3333333 0.3333333
0.3230769 0.3230769 0.3230769 0.3230769 0.3230769 0.3230769 0.3230769 0.3230769 0.3230769 0.3230769 0.3230769
0 0 0 0 0 0 0 0 0 0 0
0 0.3259259 0.3259259 0.3259259 0.3259259 0.3259259 0.3259259 0.3259259 0.3259259 0.3259259 0.3259259
0.3142857 0.3142857 0.3142857 0.3142857 0.3142857 0.3142857 0.3142857 0.3142857 0.3142857 0.3142857 0.3142857
0 0 0 0 0 0 0 0 0 0 0
0 0 0.3333333 0.3333333 0.3333333 0.3333333 0.3333333 0.3333333 0.3333333 0.3333333 0.3333333
0.3282443 0.3282443 0.3282443 0.3282443 0.3282443 0.3282443 0.3282443 0.3282443 0.3282443 0.3282443 0.3282443
0.3230769 0.3230769 0.3230769 0.3230769 0.3230769 0.3230769 0.3230769 0.3230769 0.3230769 0.3230769 0.3230769
0 0.3259259 0.3259259 0.3259259 0.3259259 0.3259259 0.3259259 0.3259259 0.3259259 0.3259259 0.3259259
0.3142857 0.3142857 0.3142857 0.3142857 0.3142857 0.3142857 0.3142857 0.3142857 0.3142857 0.3142857 0.3142857
0 0.3115942 0.3115942 0.3115942 0.3115942 0.3115942 0.3115942 0.3115942 0.3115942 0.3115942 0.3115942
0 0 0 0 0 0 0 0 0 0 0
0.3230769 0.3230769 0.3230769 0.3230769 0.3230769 0.3230769 0.3230769 0.3230769 0.3230769 0.3230769 0.3230769
0 0 0 0 0 0 0 0 0 0 0
0 0 0.3357664 0.3357664 0.3357664 0.3357664 0.3357664 0.3357664 0.3357664 0.3357664 0.3357664
0.3282443 0.3282443 0.3282443 0.3282443 0.3282443 0.3282443 0.3282443 0.3282443 0.3282443 0.3282443 0.3282443
0 0 0 0 0 0 0 0 0 0 0
0 0 0 0 0 0 0 0 0 0 0
0 0 0.3211679 0.3211679 0.3211679 0.3211679 0.3211679 0.3211679 0.3211679 0.3211679 0.3211679
0 0 0 0 0 0 0 0 0 0 0
0 0 0 0 0 0 0 0 0 0 0
0 0.3115942 0.3115942 0.3115942 0.3115942 0.3115942 0.3115942 0.3115942 0.3115942 0.3115942 0.3115942
0 0 0.3333333 0.3333333 0.3333333 0.3333333 0.3333333 0.3333333 0.3333333 0.3333333 0.3333333
0 0 0 0 0 0 0 0 0 0 0
0.3230769 0.3230769 0.3230769 0.3230769 0.3230769 0.3230769 0.3230769 0.3230769 0.3230769 0.3230769 0.3230769
0 0 0 0 0 0 0 0 0 0 0
0 0 0 0 0 0 0 0 0 0 0
0 0.3214286 0.3214286 0.3214286 0.3214286 0.3214286 0.3214286 0.3214286 0.3214286 0.3214286 0.3214286
0 0.3309353 0.3309353 0.3309353 0.3309353 0.3309353 0.3309353 0.3309353 0.3309353 0.3309353 0.3309353
0 0 0 0 0 0 0 0 0 0 0
0 0 0.3211679 0.3211679 0.3211679 0.3211679 0.3211679 0.3211679 0.3211679 0.3211679 0.3211679
0 0 0.3211679 0.3211679 0.3211679 0.3211679 0.3211679 0.3211679 0.3211679 0.3211679 0.3211679
0.3282443 0.3282443 0.3282443 0.3282443 0.3282443 0.3282443 0.3282443 0.3282443 0.3282443 0.3282443 0.3282443
0 0.3309353 0.3309353 0.3309353 0.3309353 0.3309353 0.3309353 0.3309353 0.3309353 0.3309353 0.3309353
0 0 0.3211679 0.3211679 0.3211679 0.3211679 0.3211679 0.3211679 0.3211679 0.3211679 0.3211679
0 0 0 0 0 0 0 0 0 0 0
0.3230769 0.3230769 0.3230769 0.3230769 0.3230769 0.3230769 0.3230769 0.3230769 0.3230769 0.3230769 0.3230769
0 0 0.3333333 0.3333333 0.3333333 0.3333333 0.3333333 0.3333333 0.3333333 0.3333333 0.3333333
0.3282443 0.3282443 0.3282443 0.3282443 0.3282443 0.3282443 0.3282443 0.3282443 0.3282443 0.3282443 0.3282443
0 0 0.3333333 0.3333333 0.3333333 0.3333333 0.3333333 0.3333333 0.3333333 0.3333333 0.3333333
0.3230769 0.3230769 0.3230769 0.3230769 0.3230769 0.3230769 0.3230769 0.3230769 0.3230769 0.3230769 0.3230769
0 0 0 0 0 0 0 0 0 0 0
0.3142857 0.3142857 0.3142857 0.3142857 0.3142857 0.3142857 0.3142857 0.3142857 0.3142857 0.3142857 0.3142857
0 0.3309353 0.3309353 0.3309353 0.3309353 0.3309353 0.3309353 0.3309353 0.3309353 0.3309353 0.3309353
0.3230769 0.3230769 0.3230769 0.3230769 0.3230769 0.3230769 0.3230769 0.3230769 0.3230769 0.3230769 0.3230769
0 0 0 0 0 0 0 0 0 0 0
0 0 0 0 0 0 0 0 0 0 0
0 0 0.3211679 0.3211679 0.3211679 0.3211679 0.3211679 0.3211679 0.3211679 0.3211679 0.3211679
0.3282443 0.3282443 0.3282443 0.3282443 0.3282443 0.3282443 0.3282443 0.3282443 0.3282443 0.3282443 0.3282443
0 0 0.3333333 0.3333333 0.3333333 0.3333333 0.3333333 0.3333333 0.3333333 0.3333333 0.3333333
0 0.3214286 0.3214286 0.3214286 0.3214286 0.3214286 0.3214286 0.3214286 0.3214286 0.3214286 0.3214286
0 0.3259259 0.3259259 0.3259259 0.3259259 0.3259259 0.3259259 0.3259259 0.3259259 0.3259259 0.3259259
0 0 0 0 0 0 0 0 0 0 0
0 0.3259259 0.3259259 0.3259259 0.3259259 0.3259259 0.3259259 0.3259259 0.3259259 0.3259259 0.3259259
0 0 0 0 0 0 0 0 0 0 0
0 0 0.3357664 0.3357664 0.3357664 0.3357664 0.3357664 0.3357664 0.3357664 0.3357664 0.3357664
0 0 0.3357664 0.3357664 0.3357664 0.3357664 0.3357664 0.3357664 0.3357664 0.3357664 0.3357664
0 0.3115942 0.3115942 0.3115942 0.3115942 0.3115942 0.3115942 0.3115942 0.3115942 0.3115942 0.3115942
0 0 0.3357664 0.3357664 0.3357664 0.3357664 0.3357664 0.3357664 0.3357664 0.3357664 0.3357664
0 0 0 0 0 0 0 0 0 0 0
0 0 0 0 0 0 0 0 0 0 0
0 0 0.3333333 0.3333333 0.3333333 0.3333333 0.3333333 0.3333333 0.3333333 0.3333333 0.3333333
0 0.3309353 0.3309353 0.3309353 0.3309353 0.3309353 0.3309353 0.3309353 0.3309353 0.3309353 0.3309353
0 0.3214286 0.3214286 0.3214286 0.3214286 0.3214286 0.3214286 0.3214286 0.3214286 0.3214286 0.3214286
0 0 0.3211679 0.3211679 0.3211679 0.3211679 0.3211679 0.3211679 0.3211679 0.3211679 0.3211679
0 0 0 0 0 0 0 0 0 0 0
0 0 0 0 0 0 0 0 0 0 0
0 0.3214286 0.3214286 0.3214286 0.3214286 0.3214286 0.3214286 0.3214286 0.3214286 0.3214286 0.3214286
0.3282443 0.3282443 0.3282443 0.3282443 0.3282443 0.3282443 0.3282443 0.3282443 0.3282443 0.3282443 0.3282443
0.3142857 0.3142857 0.3142857 0.3142857 0.3142857 0.3142857 0.3142857 0.3142857 0.3142857 0.3142857 0.3142857
0 0 0 0 0 0 0 0 0 0 0
0 0.3115942 0.3115942 0.3115942 0.3115942 0.3115942 0.3115942 0.3115942 0.3115942 0.3115942 0.3115942
0.3142857 0.3142857 0.3142857 0.3142857 0.3142857 0.3142857 0.3142857 0.3142857 0.3142857 0.3142857 0.3142857
0 0 0 0 0 0 0 0 0 0 0
0 0 0 0 0 0 0 0 0 0 0
0 0 0.3357664 0.3357664 0.3357664 0.3357664 0.3357664 0.3357664 0.3357664 0.3357664 0.3357664
0 0.3309353 0.3309353 0.3309353 0.3309353 0.3309353 0.3309353 0.3309353 0.3309353 0.3309353 0.3309353
0.3282443 0.3282443 0.3282443 0.3282443 0.3282443 0.3282443 0.3282443 0.3282443 0.3282443 0.3282443 0.3282443
0 0 0.3357664 0.3357664 0.3357664 0.3357664 0.3357664 0.3357664 0.3357664 0.3357664 0.3357664
0 0.3259259 0.3259259 0.3259259 0.3259259 0.3259259 0.3259259 0.3259259 0.3259259 0.3259259 0.3259259
0 0.3214286 0.3214286 0.3214286 0.3214286 0.3214286 0.3214286 0.3214286 0.3214286 0.3214286 0.3214286
