0 0 0 0 0 0 0.04 0.316 0.55 0.832 0.846
0.002 0.056 0.446 0.822 0.976 0.998 1 1 1 1 1
0 0 0 0 0 0 0.04 0.316 0.55 0.832 0.846
0 0 0 0 0 0.002 0.066 0.366 0.678 0.916 0.922
0 0.05 0.366 0.76 0.972 0.994 1 1 1 1 1
0 0 0 0 0 0 0.04 0.316 0.55 0.832 0.846
0 0.044 0.386 0.83 0.982 1 1 1 1 1 1
0 0 0 0 0 0 0.028 0.232 0.57 0.756 0.906
0 0.04 0.346 0.8 0.96 0.984 0.998 1 1 1 1
0 0 0 0 0 0 0.034 0.198 0.562 0.834 0.834
0 0.058 0.402 0.826 0.968 0.996 1 1 1 1 1
0 0 0 0 0 0.002 0.066 0.366 0.678 0.916 0.922
0 0 0 0 0 0 0.03 0.226 0.578 0.788 0.922
0 0 0 0 0 0 0.002 0.046 0.248 0.556 0.598
0.002 0.056 0.446 0.822 0.976 0.998 1 1 1 1 1
0 0.058 0.402 0.826 0.968 0.996 1 1 1 1 1
0 0 0 0 0 0.002 0.066 0.366 0.678 0.916 0.922
0 0 0 0 0 0 0.034 0.324 0.624 0.826 0.914
0 0 0 0 0 0 0.056 0.33 0.638 0.88 0.93
0 0 0 0 0 0 0.056 0.33 0.638 0.88 0.93
0 0 0 0 0 0 0.056 0.33 0.638 0.88 0.93
0 0.05 0.366 0.76 0.972 0.994 1 1 1 1 1
0 0 0 0 0 0 0.034 0.274 0.55 0.776 0.89
0.002 0.056 0.446 0.822 0.976 0.998 1 1 1 1 1
0 0.058 0.402 0.826 0.968 0.996 1 1 1 1 1
0 0.026 0.268 0.75 0.974 0.996 1 1 1 1 1
0 0 0 0 0 0 0.034 0.274 0.55 0.776 0.89
0 0 0 0 0 0 0.034 0.274 0.55 0.776 0.89
0 0.04 0.346 0.8 0.96 0.984 0.998 1 1 1 1
0 0 0 0 0 0.002 0.066 0.366 0.678 0.916 0.922
0 0.056 0.434 0.864 0.992 1 1 1 1 1 1
0 0 0 0 0 0 0.028 0.232 0.57 0.756 0.906
0 0 0 0 0 0 0.034 0.274 0.55 0.776 0.89
0 0 0 0 0 0 0.034 0.324 0.624 0.826 0.914
0 0 0 0 0 0 0.056 0.33 0.638 0.88 0.93
0.002 0.032 0.294 0.78 0.966 0.998 1 1 1 1 1
0 0.04 0.346 0.8 0.96 0.984 0.998 1 1 1 1
0 0.026 0.268 0.75 0.974 0.996 1 1 1 1 1
0 0 0 0 0 0 0.028 0.232 0.57 0.756 0.906
0 0 0 0 0 0 0.028 0.232 0.57 0.756 0.906
0 0 0 0 0 0 0.034 0.324 0.624 0.826 0.914
0 0 0 0 0 0 0.04 0.316 0.55 0.832 0.846
0.002 0.056 0.446 0.822 0.976 0.998 1 1 1 1 1
0 0 0 0 0 0 0.03 0.226 0.578 0.788 0.922
0 0 0 0 0 0 0.056 0.33 0.638 0.88 0.93
0 0 0 0 0 0 0.034 0.274 0.55 0.776 0.89
0 0 0 0 0 0 0.03 0.226 0.578 0.788 0.922
0 0.05 0.366 0.76 0.972 0.994 1 1 1 1 1
0 0 0 0 0 0 0.034 0.324 0.624 0.826 0.914
0 0 0 0 0 0 0.034 0.198 0.562 0.834 0.834
0 0 0 0 0 0 0.056 0.33 0.638 0.88 0.93
0 0.04 0.346 0.8 0.96 0.984 0.998 1 1 1 1
0 0 0 0 0 0.002 0.08 0.356 0.756 0.912 0.92
0 0 0 0 0 0.002 0.08 0.356 0.756 0.912 0.92
0 0 0 0 0 0 0.04 0.316 0.55 0.832 0.846
0 0 0 0 0 0 0.002 0.046 0.248 0.556 0.598
0 0 0 0 0 0 0.002 0.046 0.248 0.556 0.598
0 0 0 0 0 0 0.03 0.226 0.578 0.788 0.922
0 0 0 0 0 0 0.056 0.33 0.638 0.88 0.93
0 0 0 0 0 0.002 0.066 0.366 0.678 0.916 0.922
0 0 0 0 0 0 0.034 0.274 0.55 0.776 0.89
0 0 0 0 0 0 0.03 0.226 0.578 0.788 0.922
0 0 0 0 0 0.002 0.08 0.356 0.756 0.912 0.92
0 0 0 0 0 0 0.034 0.198 0.562 0.834 0.834
0 0 0 0 0 0 0.056 0.33 0.638 0.88 0.93
0 0 0 0 0 0 0.034 0.274 0.55 0.776 0.89
0 0 0 0 0 0 0.03 0.226 0.578 0.788 0.922
0 0.04 0.346 0.8 0.96 0.984 0.998 1 1 1 1
0 0 0 0 0 0 0.028 0.232 0.57 0.756 0.906
0 0 0 0 0 0 0.034 0.274 0.55 0.776 0.89
0 0.058 0.402 0.826 0.968 0.996 1 1 1 1 1
0 0 0 0 0 0 0.034 0.324 0.624 0.826 0.914
0 0 0 0 0 0 0.002 0.046 0.248 0.556 0.598
0 0 0 0 0 0 0.034 0.324 0.624 0.826 0.914
0 0 0 0 0 0 0.056 0.33 0.638 0.88 0.93
0 0 0 0 0 0 0.002 0.046 0.248 0.556 0.598
0 0 0 0 0 0 0.03 0.226 0.578 0.788 0.922
0.002 0.032 0.294 0.78 0.966 0.998 1 1 1 1 1
0 0 0 0 0 0 0.002 0.046 0.248 0.556 0.598
0 0 0 0 0 0.002 0.066 0.366 0.678 0.916 0.922
0 0 0 0 0 0 0.002 0.046 0.248 0.556 0.598
0 0.016 0.262 0.706 0.948 0.994 1 1 1 1 1
0 0.044 0.386 0.83 0.982 1 1 1 1 1 1
0 0 0 0 0 0.002 0.08 0.356 0.756 0.912 0.92
0.002 0.052 0.32 0.794 0.974 0.996 1 1 1 1 1
0 0.05 0.366 0.76 0.972 0.994 1 1 1 1 1
0 0.058 0.402 0.826 0.968 0.996 1 1 1 1 1
0 0 0 0 0 0 0.034 0.274 0.55 0.776 0.89
0 0 0 0 0 0.002 0.08 0.356 0.756 0.912 0.92
0.002 0.032 0.294 0.78 0.966 0.998 1 1 1 1 1
0 0 0 0 0 0 0.034 0.274 0.55 0.776 0.89
0 0.04 0.346 0.8 0.96 0.984 0.998 1 1 1 1
0 0 0 0 0 0.002 0.08 0.356 0.756 0.912 0.92
0.002 0.032 0.294 0.78 0.966 0.998 1 1 1 1 1
0 0 0 0 0 0 0.04 0.316 0.55 0.832 0.846
0 0 0 0 0 0 0.034 0.198 0.562 0.834 0.834
0 0.044 0.386 0.83 0.982 1 1 1 1 1 1
0 0 0 0 0 0.002 0.066 0.366 0.678 0.916 0.922
0 0 0 0 0 0 0.056 0.33 0.638 0.88 0.93
0 0 0 0 0 0 0.034 0.274 0.55 0.776 0.89
0.002 0.056 0.446 0.822 0.976 0.998 1 1 1 1 1
0 0 0 0 0 0 0.04 0.316 0.55 0.832 0.846
0 0 0 0 0 0.002 0.08 0.356 0.756 0.912 0.92
0 0.044 0.386 0.83 0.982 1 1 1 1 1 1
0 0 0 0 0 0.002 0.08 0.356 0.756 0.912 0.92
0 0 0 0 0 0 0.056 0.33 0.638 0.88 0.93
0 0 0 0 0 0 0.002 0.046 0.248 0.556 0.598
0 0 0 0 0 0 0.034 0.324 0.624 0.826 0.914
0 0 0 0 0 0 0.034 0.324 0.624 0.826 0.914
0 0 0 0 0 0 0.034 0.198 0.562 0.834 0.834
0 0 0 0 0 0 0.034 0.324 0.624 0.826 0.914
0 0 0 0 0 0 0.04 0.316 0.55 0.832 0.846
0 0.016 0.262 0.706 0.948 0.994 1 1 1 1 1
0 0 0 0 0 0 0.034 0.198 0.562 0.834 0.834
0 0 0 0 0 0 0.034 0.324 0.624 0.826 0.914
0 0 0 0 0 0 0.03 0.226 0.578 0.788 0.922
0.002 0.056 0.446 0.822 0.976 0.998 1 1 1 1 1
0 0.05 0.366 0.76 0.972 0.994 1 1 1 1 1
0 0 0 0 0 0 0.056 0.33 0.638 0.88 0.93
0 0 0 0 0 0 0.002 0.046 0.248 0.556 0.598
0 0 0 0 0 0 0.03 0.226 0.578 0.788 0.922
0.002 0.056 0.446 0.822 0.976 0.998 1 1 1 1 1
0 0 0 0 0 0 0.04 0.316 0.55 0.832 0.846
0 0 0 0 0 0 0.002 0.046 0.248 0.556 0.598
0 0 0 0 0 0 0.034 0.198 0.562 0.834 0.834
0 0 0 0 0 0 0.034 0.198 0.562 0.834 0.834
0 0 0 0 0 0 0.034 0.274 0.55 0.776 0.89
0 0.04 0.346 0.8 0.96 0.984 0.998 1 1 1 1
0 0 0 0 0 0.002 0.066 0.366 0.678 0.916 0.922
0 0 0 0 0 0 0.034 0.198 0.562 0.834 0.834
0 0 0 0 0 0 0.002 0.046 0.248 0.556 0.598
0 0 0 0 0 0 0.034 0.274 0.55 0.776 0.89
0.002 0.056 0.446 0.822 0.976 0.998 1 1 1 1 1
0 0 0 0 0 0 0.034 0.274 0.55 0.776 0.89
0 0 0 0 0 0 0.03 0.226 0.578 0.788 0.922
0 0 0 0 0 0 0.056 0.33 0.638 0.88 0.93
