0.008 0.01
0.074 0.056
0.002 0.006
0 0.004
0.3 0.262
0.006 0
0.248 0.25
0.042 0.044
0.018 0.01
0.012 0.01
0.114 0.094
0.052 0.042
0.002 0.002
0.088 0.088
0.196 0.138
0.468 0.41
0.044 0.044
0.004 0.004
0.046 0.026
0.054 0.052
0.156 0.15
0.074 0.086
0.006 0.004
0.596 0.592
0.132 0.138
0.184 0.132
0.036 0.048
0.01 0.02
0.636 0.604
0.102 0.09
0.338 0.378
0.158 0.136
0.308 0.346
0.128 0.098
0.01 0.006
0.04 0.05
0.36 0.378
0.284 0.2
0.254 0.232
0.056 0.092
0.004 0.012
0.124 0.124
0.05 0.042
0.01 0.006
0.334 0.36
0.042 0.034
0.02 0.012
0.27 0.27
0 0
0 0
0.022 0.014
0.054 0.038
0.042 0.032
0.398 0.434
0.118 0.144
0.1 0.102
0.17 0.182
0.22 0.188
0.158 0.156
0.002 0.002
0.014 0.018
0.016 0.014
0.006 0.002
0.302 0.274
0 0
0.098 0.11
0.042 0.042
0.036 0.028
0.004 0
0.212 0.17
0.174 0.244
0.004 0
0.024 0.044
0 0.008
0.008 0.004
0.012 0.004
0.036 0.048
0.03 0.018
0.006 0.004
0.08 0.076
0.022 0.016
0.03 0.028
0.156 0.168
0.346 0.352
0.31 0.306
0.076 0.09
0.002 0.004
0.014 0.014
0.022 0.036
0.562 0.526
0.012 0.01
0.028 0.022
0.014 0.008
0.214 0.222
0.164 0.15
0.002 0.002
0.332 0.362
0.598 0.59
0.026 0.012
0.02 0.024
0.194 0.156
0.108 0.078
0.164 0.174
0.016 0.008
0.366 0.39
0 0
0 0
0 0
0.04 0.038
0.304 0.314
0.53 0.48
0 0
0.194 0.236
0.066 0.082
0.178 0.136
0.118 0.076
0.112 0.086
0.02 0.006
0.024 0.02
0.17 0.1
0.004 0.004
0.066 0.036
0.02 0.018
0.022 0.024
0.006 0.002
0.188 0.182
0.002 0
0.002 0.002
0.01 0.006
0.152 0.13
0.004 0
0.23 0.232
0 0.004
0.008 0.008
0.018 0.02
