0.004 0.006
0.192 0.204
0.006 0.004
0 0.002
0.16 0.17
0.002 0
0.276 0.3
0.012 0.024
0.026 0.01
0.008 0.006
0.16 0.128
0.038 0.026
0.006 0
0.104 0.058
0.278 0.24
0.506 0.546
0.068 0.06
0.006 0.004
0.08 0.088
0.046 0.066
0.198 0.146
0.048 0.028
0.002 0.002
0.576 0.626
0.186 0.146
0.292 0.252
0.044 0.032
0.012 0.004
0.65 0.63
0.056 0.058
0.294 0.332
0.194 0.158
0.242 0.286
0.078 0.06
0.008 0.008
0.044 0.04
0.452 0.452
0.214 0.214
0.164 0.152
0.01 0.024
0.006 0.008
0.146 0.148
0.068 0.074
0.014 0.008
0.23 0.3
0.078 0.09
0.016 0.012
0.306 0.288
0.002 0
0.002 0
0 0
0.08 0.06
0.024 0.036
0.382 0.396
0.21 0.204
0.078 0.06
0.1 0.124
0.21 0.208
0.132 0.138
0 0.006
0.012 0.01
0.052 0.054
0.004 0.012
0.292 0.224
0 0
0.114 0.124
0.136 0.114
0.042 0.034
0.006 0.006
0.184 0.152
0.124 0.08
0.002 0.002
0.024 0.028
0.006 0.002
0.012 0.012
0.004 0.002
0.064 0.052
0.046 0.036
0.01 0.01
0.072 0.106
0.022 0.016
0.03 0.02
0.41 0.44
0.338 0.316
0.398 0.364
0.086 0.096
0.006 0.002
0.016 0.012
0.026 0.034
0.476 0.476
0.018 0.01
0.054 0.032
0.04 0.028
0.184 0.19
0.314 0.252
0.004 0.008
0.16 0.168
0.52 0.5
0.03 0.02
0.038 0.048
0.038 0.036
0.074 0.07
0.13 0.142
0.012 0.008
0.34 0.344
0 0
0 0
0.002 0
0.064 0.054
0.264 0.298
0.454 0.424
0 0
0.206 0.234
0.06 0.044
0.212 0.234
0.06 0.038
0.068 0.052
0.066 0.046
0.028 0.022
0.252 0.228
0 0.004
0.272 0.278
0.042 0.022
0.004 0.012
0.004 0.002
0.166 0.128
0.002 0.002
0.006 0.01
0.008 0.008
0.148 0.178
0 0.002
0.268 0.288
0.01 0.002
0.004 0.01
0.016 0.012
