0.8790323 0.8629032
0.2627119 0.1949153
0.8521739 0.8521739
0.7398374 0.8617886
0.04347826 0.09565217
0.881356 0.8305085
0.1074380 0.1239669
0.4830508 0.4745763
0.5950413 0.5785124
0.766129 0.7580645
0.3884298 0.4132231
0.4017094 0.3760684
0.8455285 0.8780488
0.3675214 0.4102564
0.3057851 0.3966942
0.03305785 0.03305785
0.4710744 0.4628099
0.7874016 0.7559055
0.4214876 0.3553719
0.8376068 0.7948718
0.1811024 0.1653543
0.4677419 0.5080645
0.785124 0.785124
0 0
0.300813 0.3252033
0.1869919 0.1707317
0.6031746 0.6507937
0.8086957 0.6956522
0 0
0.4715447 0.3821138
0.2276423 0.1951220
0.2204724 0.2755906
0.2033898 0.2118644
0.4227642 0.5528455
0.6086957 0.6521739
0.6355932 0.5254237
0.01739130 0.008695652
0.2 0.2260870
0.03478261 0.06086957
0.5041322 0.5041322
0.8130081 0.7479675
0.3389831 0.3050847
0.4214876 0.4380165
0.7479675 0.8780488
0.1965812 0.1709402
0.3418803 0.4273504
0.6864407 0.6186441
0.1239669 0.1157025
0.8512397 0.8264463
0.8130081 0.8617886
0.677686 0.7107438
0.4173228 0.4488189
0.6428571 0.6269841
0.1129032 0.08870968
0.1965812 0.1452991
0.3418803 0.4273504
0.3728814 0.3644068
0.1478261 0.1478261
0.3305085 0.2711864
0.8455285 0.7886179
0.7627119 0.7457627
0.531746 0.5079365
0.8512397 0.785124
0.1157025 0.1239669
0.8521739 0.8521739
0.531746 0.4761905
0.3739837 0.398374
0.4435484 0.5
0.8376068 0.8547009
0.1965812 0.2307692
0.1739130 0.1478261
0.8086957 0.8521739
0.5950413 0.5785124
0.7007874 0.7559055
0.7007874 0.7559055
0.8376068 0.7948718
0.4322034 0.3983051
0.5391304 0.6521739
0.7190083 0.785124
0.3622047 0.4094488
0.601626 0.6260163
0.7142857 0.6428571
0.03478261 0.03478261
0.1111111 0.1623932
0.1463415 0.1463415
0.3389831 0.3644068
0.8492063 0.8333333
0.4274194 0.4516129
0.6942149 0.6198347
0.03252033 0.04065041
0.7642276 0.7804878
0.4715447 0.495935
0.8376068 0.8547009
0.1478261 0.1304348
0.03478261 0.03478261
0.8376068 0.8547009
0.1157025 0.0909091
0.007936508 0.007936508
0.5967742 0.6693548
0.553719 0.5289256
0.2148760 0.2479339
0.3884298 0.3966942
0.3220339 0.3135593
0.717742 0.7096774
0.07438017 0.08264463
0.8790323 0.8629032
0.8521739 0.8521739
0.8717949 0.8547009
0.4830508 0.5084746
0.1880342 0.1282051
0.03478261 0.02608696
0.8521739 0.8521739
0.1259843 0.1102362
0.5403226 0.5241935
0.05217391 0.03478261
0.5867769 0.5785124
0.3644068 0.3644068
0.3884298 0.4380165
0.6101695 0.6186441
0.1025641 0.1538462
0.7857143 0.7380952
0.1487603 0.1157025
0.559322 0.559322
0.5206612 0.4049587
0.8455285 0.8780488
0.2357724 0.1626016
0.8130081 0.8617886
0.8130081 0.7886179
0.7398374 0.7073171
0.3252033 0.2682927
0.8455285 0.8780488
0.05982906 0.07692308
0.8790323 0.8629032
0.8492063 0.8333333
0.6198347 0.6694215
