0.01 0.006
0.214 0.228
0 0.002
0.006 0.004
0.244 0.192
0 0
0.354 0.29
0.044 0.038
0.032 0.04
0.018 0.014
0.184 0.132
0.07 0.074
0.002 0.002
0.066 0.084
0.144 0.088
0.428 0.394
0.096 0.072
0.008 0.006
0.08 0.072
0.07 0.06
0.156 0.122
0.078 0.068
0.002 0.004
0.592 0.574
0.094 0.084
0.274 0.248
0.026 0.016
0.006 0.008
0.606 0.598
0.066 0.094
0.346 0.348
0.146 0.088
0.252 0.272
0.094 0.058
0.01 0.01
0.024 0.038
0.428 0.478
0.206 0.198
0.174 0.146
0.044 0.062
0 0.004
0.07 0.092
0.092 0.09
0.01 0.014
0.266 0.326
0.044 0.05
0.018 0.012
0.238 0.262
0.006 0
0 0
0.03 0.01
0.056 0.07
0.008 0.002
0.27 0.302
0.176 0.258
0.074 0.088
0.128 0.162
0.076 0.086
0.19 0.2
0.006 0.006
0.014 0.012
0.054 0.034
0.004 0.002
0.224 0.202
0 0
0.074 0.11
0.086 0.104
0.032 0.05
0.006 0.006
0.194 0.14
0.12 0.19
0.008 0.006
0.02 0.042
0.004 0.006
0.02 0.008
0.002 0.002
0.116 0.144
0.028 0.02
0.016 0.014
0.082 0.086
0.006 0.022
0.032 0.026
0.182 0.16
0.332 0.312
0.25 0.212
0.09 0.126
0.002 0
0.104 0.074
0.046 0.038
0.436 0.44
0.01 0.014
0.038 0.03
0.022 0.014
0.238 0.256
0.19 0.164
0.002 0.002
0.21 0.262
0.462 0.454
0.038 0.034
0.05 0.032
0.062 0.072
0.052 0.078
0.188 0.178
0.02 0.01
0.298 0.384
0 0
0 0
0 0
0.034 0.032
0.368 0.416
0.458 0.434
0 0
0.252 0.294
0.07 0.072
0.312 0.286
0.05 0.026
0.084 0.102
0.066 0.048
0.04 0.034
0.236 0.172
0.002 0
0.256 0.302
0.05 0.028
0.024 0.04
0 0
0.208 0.188
0.004 0.004
0.006 0.006
0.01 0.002
0.152 0.136
0.004 0.002
0.24 0.24
0.002 0.004
0 0.002
0.016 0.014
