0.7166667 0.8333333
0.1916667 0.175
0.8717949 0.8888889
0.7179487 0.7350427
0.2661290 0.2258065
0.8666667 0.8333333
0.09917355 0.0909091
0.5785124 0.6446281
0.661157 0.6694215
0.5371901 0.5206612
0.296 0.376
0.6779661 0.6949153
0.8666667 0.8333333
0.3790323 0.3790323
0.325 0.3333333
0.112 0.152
0.3934426 0.4836066
0.6779661 0.8135593
0.4435484 0.4596774
0.5213675 0.5042735
0.2396694 0.2644628
0.4102564 0.4871795
0.892562 0.8181818
0.008333333 0.008333333
0.2892562 0.3636364
0.136 0.264
0.6083333 0.5583333
0.584 0.536
0.04273504 0.05128205
0.4251969 0.4645669
0.1083333 0.1
0.220339 0.2627119
0.05982906 0.06837607
0.5982906 0.5384615
0.8717949 0.7179487
0.3966942 0.4132231
0.02419355 0.02419355
0.1916667 0.2166667
0.2 0.225
0.5123967 0.4297521
0.8717949 0.8888889
0.4380165 0.4049587
0.5409836 0.4508197
0.6186441 0.8135593
0.08474576 0.07627119
0.6666667 0.6666667
0.7024793 0.8099174
0.1271186 0.1440678
0.8548387 0.8225806
0.8016529 0.7603306
0.7711864 0.8135593
0.4237288 0.4745763
0.6557377 0.5901639
0.1 0.08333333
0.1916667 0.2
0.4710744 0.4628099
0.2677165 0.2283465
0.1833333 0.175
0.3719008 0.2892562
0.8166667 0.8333333
0.7094017 0.7179487
0.6942149 0.6942149
0.7874016 0.8425197
0.2148760 0.2561983
0.7711864 0.8135593
0.4358974 0.3589744
0.45 0.3666667
0.3644068 0.3898305
0.8740157 0.8425197
0.25 0.2258065
0.1889764 0.1811024
0.8016529 0.7603306
0.6942149 0.6942149
0.75 0.85
0.6694915 0.6949153
0.8770492 0.8688525
0.3966942 0.3801653
0.6833333 0.6166667
0.8099174 0.8181818
0.25 0.3
0.5166667 0.45
0.5901639 0.6311475
0.05 0.04166667
0.06837607 0.07692308
0.4830508 0.4745763
0.3709677 0.2983871
0.7868852 0.8114754
0.328 0.408
0.5666667 0.6083333
0.03278689 0.04098361
0.6186441 0.6949153
0.4166667 0.3833333
0.75 0.6083333
0.2479339 0.2561983
0.2231405 0.3305785
0.8666667 0.8333333
0.08661417 0.06299213
0 0.008333333
0.6495726 0.6666667
0.6 0.5916667
0.28 0.336
0.5555556 0.4358974
0.3135593 0.3220339
0.6779661 0.8135593
0.08474576 0.05932203
0.892562 0.8512397
0.8770492 0.8688525
0.8717949 0.8888889
0.52 0.56
0.0483871 0.0483871
0.024 0.112
0.8740157 0.8425197
0.1166667 0.1583333
0.5289256 0.4793388
0.1271186 0.1440678
0.5354331 0.5905512
0.2916667 0.2833333
0.5619835 0.5123967
0.6885246 0.704918
0.1557377 0.1639344
0.795082 0.8688525
0.2016129 0.1129032
0.6885246 0.6147541
0.5897436 0.4188034
0.7520661 0.8181818
0.16 0.208
0.848 0.776
0.8548387 0.8225806
0.7868852 0.8114754
0.3305785 0.2561983
0.8548387 0.8225806
0.1487603 0.1322314
0.75 0.7666667
0.725 0.8333333
0.6239316 0.6666667
