0.8 0.8583333
0.7355372 0.8595041
0.5762712 0.6016949
0.5080645 0.4354839
0.2894737 0.2368421
0.9603175 0.9444444
0.6446281 0.5371901
0.09917355 0.02479339
0.5789474 0.7982456
0.6446281 0.7933884
0.1666667 0.1578947
0.3629032 0.3790323
0.8474576 0.8135593
0.7627119 0.7627119
0.6052632 0.6754386
0.1101695 0.1101695
0.25 0.3416667
0.85 0.9583333
0.2809917 0.2479339
0.48 0.4
0.575 0.4833333
0.5371901 0.6694215
0.8728814 0.9322034
0.1578947 0.1842105
0.1186441 0.08474576
0.3508772 0.4122807
0.408 0.312
0.1315789 0.1228070
0.4237288 0.3305085
0.1451613 0.2338710
0.232 0.28
0.6446281 0.6859504
0.2881356 0.2711864
0.6186441 0.6271186
0.2627119 0.1949153
0.3508772 0.2631579
0.07438017 0.1652893
0.2396694 0.2727273
0.0909091 0.0909091
0.8050847 0.6186441
0.6451613 0.5725806
0.4765625 0.375
0.677686 0.7438017
0.648 0.616
0.2096774 0.1774194
0.6451613 0.6612903
0.6355932 0.5508475
0.5 0.6949153
0.8181818 0.8347107
0.8951613 0.8951613
0.1190476 0.1031746
0.2982456 0.4473684
0.6186441 0.5932203
0.06140351 0.1140351
0.5087719 0.3596491
0.5625 0.6015625
0.1735537 0.09917355
0.02479339 0.01652893
0.55 0.425
0.6052632 0.754386
0.5041322 0.4628099
0.7777778 0.7619048
0.8916667 0.9333333
0.5338983 0.6016949
0.9491525 0.9322034
0.1694915 0.1949153
0.1016949 0.07627119
0.0661157 0.0909091
0.6666667 0.6428571
0.3057851 0.3057851
0.15 0.175
0.6935484 0.6854839
0.2975207 0.2809917
0.9 0.875
0.734375 0.7734375
0.8429752 0.9173554
0.9473684 0.9561404
0.2479339 0.2231405
0.8166667 0.8583333
0.6528926 0.6280992
0.3508772 0.4210526
0.6355932 0.5254237
0 0
0.4561404 0.4561404
0.377193 0.5964912
0.6355932 0.6186441
0.881356 0.8135593
0.6363636 0.5123967
0.3898305 0.2711864
0.338843 0.3636364
0.7109375 0.6953125
0.779661 0.6101695
0.625 0.7416667
0.08333333 0.1083333
0.1428571 0.0952381
0.9322034 0.8474576
0.016 0.048
0.1833333 0.2583333
0.5793651 0.6904762
0.6525424 0.5508475
0.2456140 0.1491228
0.468254 0.4285714
0.1190476 0.1031746
0.838983 0.8135593
0.515625 0.46875
0.8145161 0.8064516
0.8790323 0.9919355
0.9032258 0.9112903
0.1315789 0.1052632
0.1355932 0.1779661
0.5847458 0.7033898
0.8333333 0.8416667
0.3140496 0.4628099
0.5166667 0.5916667
0.368 0.336
0.384 0.392
0.4122807 0.3947368
0.1949153 0.2033898
0.3508772 0.3947368
0 0.016
0.8474576 0.9152542
0.6403509 0.4912281
0.5952381 0.5873016
0.2975207 0.2975207
0.279661 0.2711864
0.168 0.168
0.9 0.875
0.8644068 0.8135593
0.768595 0.6280992
0.3203125 0.28125
0.9322034 0.9491525
0.661157 0.8595041
0.720339 0.7627119
0.776 0.768
0.71875 0.6953125
