0.6440678 0.6525424
0.5882353 0.5714286
0.5166667 0.4333333
0.8650794 0.9126984
0.09375 0.125
0.9663866 0.9243697
0.3781513 0.5378151
0.5882353 0.4285714
0.9059829 0.931624
0.923077 0.940171
0.1101695 0.1525424
0.9083333 0.9666667
0.9112903 0.9274194
0.5 0.4444444
0.4 0.5
0.5873016 0.6428571
0.6186441 0.5508475
0.882353 0.8487395
0.2903226 0.3064516
0.2100840 0.2184874
0.4453782 0.5042017
0.279661 0.4576271
0.7419355 0.8145161
0.07563025 0.1428571
0.6440678 0.5508475
0.3760684 0.3247863
0.3306452 0.2741935
0.7606838 0.8376068
0.46875 0.546875
0.1764706 0.2184874
0.01709402 0.01709402
0.4705882 0.512605
0.4117647 0.2268908
0.875 0.7734375
0.5982906 0.4957265
0.2689076 0.1764706
0.1764706 0.07563025
0.2118644 0.1949153
0.4152542 0.559322
0.3095238 0.2063492
0.8828125 0.9140625
0.05042017 0.05882353
0.7777778 0.7435897
0.3166667 0.275
0 0
0.5166667 0.4916667
0.5630252 0.605042
0.2478632 0.2735043
0.8571429 0.882353
0.9576271 1
0.8632479 0.8376068
0.35 0.4916667
0.4273504 0.4358974
0.25 0.3629032
0.1779661 0.1779661
0.008333333 0
0.1694915 0.1271186
0.109375 0.0390625
0.07627119 0.05084746
0.7008547 0.5128205
0.3697479 0.4201681
0.5630252 0.6218487
0.7606838 0.7777778
0.2580645 0.25
0.9322034 0.9830508
0.01666667 0.01666667
0.04201681 0.03361345
0.4758065 0.516129
0.8174603 0.8333333
0.5169492 0.5508475
0.4333333 0.5416667
0.2222222 0.2307692
0.2460317 0.2301587
0.907563 0.9327731
0.9920635 0.952381
0.9444444 0.9603175
0.882353 0.7983193
0.6640625 0.5703125
0.6984127 0.8174603
0.1694915 0.2457627
0.5882353 0.789916
0.3559322 0.3644068
0.2301587 0.2063492
0.5169492 0.5508475
0.559322 0.6864407
0.4621849 0.3529412
0.9830508 1
0.5378151 0.5378151
0.4285714 0.2941176
0.1764706 0.2268908
0.5982906 0.5897436
0.5666667 0.6083333
0.8067227 0.8403361
0.09322034 0.07627119
0.7457627 0.6271186
0.7222222 0.7063492
0.4745763 0.559322
0.661017 0.720339
0.5952381 0.6746032
0.3781513 0.2689076
0.1428571 0.1111111
0.3629032 0.2661290
0.2580645 0.2258065
0.1452991 0.2820513
0.5873016 0.5873016
0.923077 0.982906
0.923077 0.8888889
0.9274194 0.8629032
0.2711864 0.3135593
0.06779661 0.09322034
0.2 0.2
0.9661017 0.9491525
0.3135593 0.1440678
0.1349206 0.1349206
0.4 0.45
0.2542373 0.2118644
0.09322034 0.1440678
0.3277311 0.3529412
0.875 0.8833333
0.2166667 0.275
0.05982906 0.05128205
0.1904762 0.1031746
0.4745763 0.5084746
0.8135593 0.838983
0.3571429 0.4285714
0.6083333 0.6666667
0.940678 0.9152542
0.952381 0.952381
0.4140625 0.4921875
0.4067797 0.3728814
0.7815126 0.789916
0.03361345 0.04201681
0.940678 0.9830508
0.9237288 0.8898305
0.9495798 0.8403361
