0.7647059 0.789916
0.2033898 0.1016949
0.3884298 0.3636364
0.9032258 0.9516129
0.1160714 0.2321429
0.7983871 0.766129
0.3145161 0.3145161
0.3553719 0.3884298
0.6774194 0.8064516
0.8067227 0.9411765
0.06504065 0.06504065
0.8455285 0.8536585
0.9186992 0.9268293
0.09756098 0.07317073
0.4173228 0.4645669
0.3303571 0.2321429
0.8225806 0.8387097
0.8050847 0.8050847
0.3660714 0.4375
0.4710744 0.5702479
0.6774194 0.5645161
0.7678571 0.9285714
0.8595041 0.6033058
0.04958678 0.1074380
0.2542373 0.4745763
0.7033898 0.7457627
0.3220339 0.3728814
0.2232143 0.2321429
0.1984127 0.1587302
0.625 0.3214286
0.4677419 0.6129032
0.25 0.2321429
0.511811 0.5511811
0.487395 0.6470588
0.1596639 0.05042017
0.7768595 0.7355372
0.504065 0.6666667
0.4910714 0.6339286
0 0.02380952
0.4227642 0.3739837
0.8346457 0.8503937
0.5806452 0.516129
0.3728814 0.2881356
0.3305785 0.3305785
0.007874016 0
0.7073171 0.7235772
0.6935484 0.6209677
0.02479339 0.0661157
0.8482143 0.9285714
0.9821429 0.8928571
0.1157025 0.1983471
0.6942149 0.5123967
0.5555556 0.5555556
0.03389831 0.05084746
0.2727273 0.2148760
0.1818182 0.1074380
0.7107438 0.7933884
0.06349206 0.07936508
0.440678 0.3813559
0.5238095 0.4365079
0.6696429 0.7410714
0.7520661 0.6528926
0.6694915 0.720339
0.2066116 0.1404959
0.9327731 0.9243697
0.0909091 0.0661157
0.7520661 0.6528926
0.1496063 0.04724409
0.5950413 0.6198347
0.05882353 0.04201681
0.3253968 0.4206349
0.6554622 0.6554622
0.2113821 0.2276423
0.9435484 0.9596774
0.8303571 0.7857143
0.7096774 0.6370968
0.0894309 0.04878049
0.4830508 0.5
0.7033898 0.7288136
0.1260504 0.07563025
0.9274194 0.9516129
0.8306452 0.8064516
0.3553719 0.338843
0.1811024 0.2362205
0.5793651 0.5873016
0.8303571 0.8303571
1 1
0.2096774 0.2903226
0.3529412 0.2100840
0.008130081 0.008130081
0.6071429 0.7321429
0.3050847 0.3728814
0.5793651 0.6031746
0.338843 0.3801653
0.4237288 0.5
0.8482143 0.9464286
0.1092437 0.09243697
0.4117647 0.6470588
0.7642276 0.8780488
0.3870968 0.2983871
0.07563025 0.09243697
0.5 0.5
0.2096774 0.1693548
0.5371901 0.5206612
0.4285714 0.6339286
0.838983 0.7881356
0.952756 0.7716535
0.8099174 0.8512397
0.1811024 0.1732283
0.05882353 0.02521008
0.2809917 0.3471074
0.8842975 0.876033
0.3884298 0.4297521
0.4369748 0.1680672
0.4516129 0.5887097
0.6694215 0.5619835
0.7232143 0.7321429
0.5 0.4915254
0.3790323 0.2903226
0.1157025 0.04958678
0.4464286 0.4375
0.3064516 0.2903226
0.5609756 0.5447154
0.7053571 0.6607143
0.9067797 0.8050847
0.1428571 0.2321429
0.7741935 0.7016129
0.8842975 0.8181818
0.625 0.625
0.605042 0.4285714
0.9516129 0.9193548
0.2521008 0.3529412
0.6428571 0.6825397
0.7410714 0.8035714
0.4642857 0.4821429
