0.088 0.062
0.222 0.188
0.054 0.044
0.036 0.048
0.286 0.29
0.04 0.02
0.072 0.062
0.086 0.096
0.048 0.038
0.082 0.114
0.148 0.154
0.086 0.088
0.096 0.068
0.074 0.09
0.1 0.08
0.062 0.044
0.144 0.18
0.036 0.05
0.236 0.232
0.15 0.164
0.17 0.156
0.094 0.102
0.068 0.09
0.178 0.154
0.14 0.112
0.076 0.056
0.274 0.272
0.12 0.112
0.164 0.176
0.176 0.15
0.08 0.078
0.092 0.074
0.11 0.146
0.048 0.038
0.228 0.268
0.162 0.116
0.244 0.214
0.088 0.094
0.238 0.232
0.078 0.074
0.052 0.054
0.138 0.1
0.194 0.192
0.074 0.094
0.19 0.172
0.136 0.13
0.054 0.05
0.194 0.178
0.052 0.056
0.012 0.022
0.128 0.11
0.142 0.11
0.076 0.08
0.414 0.466
0.052 0.052
0.148 0.15
0.11 0.13
0.162 0.21
0.218 0.208
0.044 0.04
0.056 0.03
0.122 0.13
0.044 0.032
0.14 0.174
0.018 0.022
0.154 0.164
0.12 0.102
0.21 0.244
0.096 0.09
0.128 0.094
0.126 0.126
0.044 0.056
0.018 0.024
0.01 0.008
0.09 0.066
0.046 0.038
0.052 0.052
0.046 0.04
0.082 0.086
0.182 0.172
0.114 0.096
0.042 0.032
0.326 0.318
0.236 0.22
0.162 0.15
0.246 0.206
0.03 0.03
0.078 0.104
0.088 0.1
0.07 0.064
0.014 0.016
0.124 0.07
0.104 0.068
0.108 0.118
0.304 0.284
0.042 0.048
0.148 0.188
0.114 0.156
0.114 0.106
0.086 0.092
0.08 0.064
0.106 0.078
0.106 0.126
0.068 0.08
0.072 0.078
0.058 0.042
0.042 0.036
0.038 0.042
0.194 0.248
0.168 0.18
0.174 0.17
0.028 0.026
0.164 0.186
0.09 0.08
0.2 0.212
0.112 0.098
0.08 0.07
0.224 0.182
0.128 0.146
0.082 0.08
0.1 0.098
0.272 0.282
0.142 0.122
0.124 0.14
0.086 0.11
0.054 0.06
0.034 0.03
0.04 0.036
0.036 0.028
0.518 0.464
0.036 0.022
0.156 0.184
0.012 0.004
0.034 0.022
0.052 0.052
