0.5652174 0.626087
0.3770492 0.4590164
0.8852459 0.7868852
0.5655738 0.5163934
0.06557377 0.1557377
0.923077 0.9076923
0.4344262 0.4836066
0.1739130 0.2
0.648 0.688
0.7416667 0.9166667
0.3083333 0.3666667
0.3217391 0.3217391
0.7 0.6384615
0.648 0.624
0.3149606 0.2755906
0.3852459 0.4016393
0.4956522 0.4782609
0.8145161 0.8709677
0.5833333 0.575
0.5826087 0.6086957
0.4086957 0.4086957
0.4516129 0.5483871
0.8145161 0.75
0.25 0.1935484
0.1147541 0.1475410
0.8 0.7565217
0.04032258 0.02419355
0.7213115 0.7622951
0.04166667 0.03333333
0.1612903 0.1612903
0.008196721 0.008196721
0.3629032 0.4919355
0.8 0.6434783
0.5217391 0.573913
0.8 0.808
0.04032258 0.03225806
0.1478261 0.1217391
0.25 0.2166667
0.7217391 0.6521739
0.9344262 0.9180328
0.2521739 0.2
0.4086957 0.3565217
0.3739130 0.3565217
0.6935484 0.5806452
0.1290323 0.1532258
0.648 0.6
0.5 0.5887097
0.1065574 0.1147541
0.8852459 0.9262295
0.952 0.896
0.6885246 0.7868852
0.352459 0.3606557
0.8956522 0.8608696
0.06451613 0.1290323
0.2347826 0.1913043
0.06956522 0.08695652
0.5826087 0.4608696
0.128 0.184
0.1416667 0.1083333
0.7704918 0.7868852
0.5416667 0.55
0.519685 0.4724409
0.8916667 0.9166667
0.3114754 0.3196721
0.9370079 0.8976378
0.1416667 0.1
0.2459016 0.2786885
0.3217391 0.3565217
0.1416667 0.1083333
0.5 0.5564516
0.2983871 0.3306452
0.626087 0.6086957
0.947826 0.9130435
0.8 0.626087
0.8384615 0.7846154
0.7786885 0.7868852
0.8 0.8086957
0.3629032 0.3629032
0.3064516 0.3306452
0.5565217 0.573913
0.6557377 0.4836066
0.3565217 0.3652174
0.647541 0.6967213
0.6 0.7391304
0.224 0.248
0.008695652 0.008695652
0.09166667 0.05833333
0.4274194 0.5080645
0.872 0.736
0.5565217 0.5913043
0.4919355 0.5483871
0.3779528 0.3858268
0.8688525 0.9180328
0.8173913 0.8521739
0.584 0.68
0.4695652 0.4347826
0.3228346 0.3622047
0.925 0.9166667
0.3442623 0.3278689
0.1826087 0.2
0.3149606 0.3858268
0.2419355 0.2096774
0.2434783 0.2086957
0.4086957 0.4869565
0.3130435 0.3304348
0.5652174 0.6869565
0.5080645 0.5806452
0.9370079 0.8976378
0.8852459 0.7868852
0.925 0.9166667
0.2125984 0.2755906
0.01639344 0.01639344
0.1043478 0.1043478
0.952 0.896
0.03225806 0.03225806
0.5725806 0.6693548
0.1153846 0.1538462
0.5130435 0.4
0.3606557 0.3606557
0.3130435 0.2869565
0.775 0.7
0.3130435 0.2956522
0.6538462 0.6615385
0.1083333 0.08333333
0.4086957 0.4
0.7540984 0.8278689
0.8606557 0.8360656
0.048 0.072
0.9370079 0.8976378
0.9354839 0.782258
0.1692308 0.2076923
0.9354839 0.8790323
0.1565217 0.1478261
0.7704918 0.9262295
0.9 0.9166667
0.6434783 0.6695652
