0.048 0.048
0.094 0.1
0 0.004
0.068 0.058
0.138 0.156
0.002 0
0.092 0.084
0.146 0.162
0.008 0.008
0.022 0.01
0.246 0.222
0.05 0.028
0.02 0.016
0.05 0.02
0.148 0.13
0.34 0.336
0.066 0.056
0.022 0.002
0.116 0.118
0.084 0.076
0.036 0.01
0.018 0.018
0.002 0.004
0.03 0.046
0.294 0.25
0.046 0.028
0.25 0.246
0.024 0.008
0.188 0.192
0.206 0.226
0.308 0.3
0.094 0.096
0.012 0.006
0.038 0.042
0.018 0.012
0.316 0.396
0.192 0.172
0.136 0.1
0.022 0.006
0.002 0
0.186 0.208
0.126 0.124
0.11 0.102
0.04 0.04
0.32 0.316
0.02 0.016
0.022 0.018
0.352 0.372
0 0
0.018 0.004
0.03 0.018
0.124 0.092
0.006 0.004
0.266 0.268
0.31 0.286
0.218 0.276
0.084 0.092
0.102 0.096
0.292 0.3
0.006 0.006
0.074 0.064
0.038 0.032
0.012 0.014
0.076 0.064
0 0.002
0.184 0.248
0.072 0.064
0.194 0.146
0.154 0.176
0.02 0.02
0.13 0.108
0.102 0.084
0.008 0
0.01 0.014
0.01 0.008
0.012 0.008
0.006 0.004
0.032 0.024
0.126 0.118
0.03 0.02
0.03 0.032
0.204 0.186
0.038 0.028
0.102 0.08
0.154 0.162
0.512 0.576
0.196 0.186
0.048 0.068
0.01 0.008
0.026 0.016
0.052 0.042
0.104 0.088
0.004 0
0.058 0.038
0.02 0.012
0.35 0.368
0.134 0.122
0.008 0.01
0.18 0.128
0.086 0.084
0.09 0.098
0.132 0.144
0.074 0.066
0.204 0.232
0.15 0.146
0.022 0.024
0.068 0.062
0 0
0 0
0 0
0.276 0.234
0.372 0.374
0.048 0.058
0.008 0.004
0.338 0.368
0.072 0.046
0.224 0.2
0.068 0.054
0.088 0.086
0.1 0.1
0.018 0.014
0.354 0.308
0.008 0.024
0.308 0.302
0.046 0.038
0.036 0.058
0.01 0
0.46 0.512
0 0.004
0.03 0.026
0.14 0.178
0.008 0.01
0.258 0.262
0.006 0
0.056 0.078
0.016 0.034
