0.092 0.106
0.094 0.094
0.014 0.008
0.044 0.068
0.208 0.176
0.004 0
0.118 0.118
0.068 0.088
0.026 0.02
0.018 0.002
0.112 0.074
0.028 0.018
0.036 0.064
0.042 0.022
0.238 0.216
0.262 0.206
0.04 0.032
0.008 0.008
0.012 0.012
0.064 0.054
0.074 0.09
0.148 0.124
0.014 0.006
0.1 0.098
0.378 0.392
0.052 0.042
0.316 0.352
0.01 0.012
0.56 0.606
0.042 0.06
0.216 0.242
0.308 0.28
0.03 0.03
0.07 0.064
0.032 0.026
0.578 0.65
0.166 0.192
0.176 0.158
0.002 0.006
0.016 0.016
0.164 0.184
0.032 0.036
0.052 0.05
0.02 0.028
0.428 0.47
0.024 0.032
0.036 0.028
0.23 0.216
0.004 0
0.002 0.004
0.024 0.018
0.094 0.07
0.022 0.026
0.294 0.358
0.296 0.286
0.33 0.382
0.098 0.116
0.402 0.448
0.35 0.396
0.012 0.018
0.038 0.036
0.054 0.05
0.008 0.004
0.122 0.08
0.004 0.004
0.148 0.134
0.26 0.258
0.092 0.116
0.132 0.114
0.008 0.004
0.328 0.354
0.08 0.078
0.01 0.006
0.01 0.006
0.01 0.002
0.024 0.012
0.006 0.004
0.088 0.058
0.042 0.064
0.018 0.014
0.024 0.01
0.216 0.234
0.052 0.03
0.056 0.054
0.234 0.178
0.198 0.184
0.134 0.142
0.068 0.06
0.016 0.016
0.07 0.054
0.05 0.068
0.204 0.192
0.004 0
0.068 0.05
0.016 0.016
0.418 0.46
0.066 0.036
0.014 0.004
0.028 0.006
0.27 0.274
0.15 0.102
0.156 0.234
0.118 0.13
0.226 0.168
0.088 0.072
0.024 0.022
0.07 0.08
0.004 0
0 0
0 0.002
0.276 0.332
0.162 0.124
0.226 0.224
0.004 0.004
0.286 0.306
0.04 0.036
0.232 0.18
0.062 0.036
0.094 0.078
0.082 0.07
0.02 0.014
0.416 0.402
0.002 0
0.046 0.042
0.092 0.104
0.03 0.02
0 0.004
0.212 0.186
0.01 0.006
0.008 0.016
0.278 0.318
0.002 0
0.238 0.23
0.004 0
0.044 0.04
0.06 0.058
