0.042 0.032
0.038 0.02
0.02 0.012
0.03 0.05
0.286 0.294
0.002 0.002
0.088 0.074
0.13 0.116
0.008 0.008
0.016 0.012
0.208 0.152
0.008 0.016
0.016 0.016
0.044 0.03
0.076 0.076
0.084 0.108
0.042 0.026
0.008 0.004
0.066 0.074
0.042 0.022
0.034 0.028
0.042 0.042
0.008 0.004
0.022 0.014
0.188 0.204
0.036 0.03
0.25 0.32
0.034 0.016
0.454 0.434
0.272 0.34
0.354 0.392
0.312 0.34
0.012 0.004
0.058 0.042
0.014 0.006
0.516 0.526
0.078 0.084
0.436 0.456
0.018 0.01
0.006 0.004
0.118 0.138
0.072 0.082
0.07 0.046
0.018 0.024
0.128 0.132
0.052 0.028
0.006 0.006
0.12 0.116
0.004 0.002
0.004 0
0.02 0.012
0.042 0.032
0.022 0.01
0.274 0.268
0.18 0.204
0.078 0.102
0.1 0.13
0.25 0.202
0.612 0.602
0.008 0.012
0.09 0.092
0.048 0.048
0.004 0.006
0.068 0.066
0.002 0.002
0.168 0.186
0.212 0.25
0.038 0.03
0.212 0.196
0.016 0.02
0.092 0.094
0.064 0.078
0.008 0.006
0.008 0.008
0.006 0
0.008 0.008
0.014 0.008
0.1 0.052
0.072 0.078
0.028 0.024
0.056 0.072
0.282 0.268
0.044 0.034
0.07 0.074
0.348 0.31
0.28 0.298
0.416 0.47
0.082 0.098
0.026 0.018
0.028 0.024
0.042 0.044
0.112 0.062
0 0.008
0.056 0.046
0.024 0.032
0.21 0.218
0.118 0.086
0.002 0.002
0.108 0.094
0.488 0.502
0.162 0.148
0.15 0.176
0.168 0.152
0.172 0.158
0.176 0.152
0.044 0.03
0.156 0.144
0.004 0.01
0.004 0.002
0.004 0.002
0.242 0.228
0.25 0.196
0.22 0.242
0.006 0.006
0.292 0.322
0.03 0.042
0.256 0.222
0.056 0.078
0.102 0.086
0.054 0.06
0.056 0.054
0.334 0.312
0.016 0.018
0.256 0.264
0.094 0.09
0.014 0.028
0.008 0.008
0.328 0.302
0.014 0.008
0.01 0.004
0.116 0.134
0.008 0.002
0.17 0.154
0 0.002
0.022 0.028
0.03 0.026
