0.094 0.086
0.19 0.144
0.006 0.004
0.028 0.026
0.084 0.078
0.002 0
0.032 0.032
0.048 0.068
0.018 0.016
0.014 0.01
0.148 0.134
0.014 0.008
0.008 0.01
0.054 0.05
0.074 0.048
0.19 0.186
0.064 0.066
0.01 0.008
0.116 0.132
0.062 0.062
0.058 0.052
0.092 0.074
0.008 0.004
0.082 0.068
0.28 0.264
0.072 0.036
0.254 0.332
0.03 0.034
0.244 0.25
0.13 0.182
0.544 0.58
0.208 0.194
0.016 0.012
0.038 0.036
0.008 0.004
0.098 0.088
0.122 0.094
0.308 0.294
0.008 0.008
0 0.008
0.16 0.128
0.064 0.088
0.104 0.068
0.054 0.064
0.324 0.294
0.04 0.034
0.02 0.04
0.406 0.366
0 0.002
0.008 0
0.016 0.016
0.102 0.086
0.014 0.016
0.3 0.342
0.23 0.25
0.078 0.08
0.022 0.018
0.084 0.092
0.448 0.46
0.006 0.006
0.042 0.022
0.044 0.026
0.01 0.004
0.118 0.132
0.004 0
0.136 0.152
0.22 0.23
0.018 0.014
0.126 0.164
0.014 0.004
0.186 0.212
0.044 0.038
0 0.006
0.006 0
0.01 0.008
0.012 0.004
0.004 0.006
0.236 0.148
0.138 0.132
0.012 0.016
0.046 0.026
0.182 0.24
0.016 0.014
0.028 0.018
0.342 0.35
0.454 0.518
0.416 0.394
0.056 0.072
0.008 0.008
0.032 0.018
0.038 0.036
0.158 0.154
0.004 0
0.028 0.032
0.018 0.014
0.166 0.172
0.05 0.032
0.006 0.012
0.01 0.018
0.126 0.116
0.144 0.098
0.308 0.408
0.156 0.158
0.072 0.06
0.154 0.136
0.02 0.012
0.134 0.146
0.006 0.002
0.006 0.01
0 0
0.222 0.24
0.534 0.592
0.354 0.296
0 0.006
0.116 0.128
0.008 0.004
0.044 0.028
0.11 0.078
0.066 0.064
0.156 0.204
0.04 0.05
0.19 0.208
0.024 0.036
0.126 0.16
0.102 0.096
0.02 0.012
0.01 0.022
0.098 0.108
0.006 0.002
0.004 0.01
0.112 0.132
0.002 0.002
0.21 0.232
0.004 0.002
0.042 0.026
0.124 0.126
