0.02 0.014
0.036 0.03
0.02 0.012
0.036 0.028
0.184 0.156
0.004 0
0.122 0.088
0.08 0.068
0.03 0.016
0.008 0.006
0.304 0.322
0.034 0.034
0.058 0.06
0.102 0.124
0.076 0.068
0.158 0.16
0.022 0.028
0.004 0.004
0.032 0.022
0.066 0.078
0.104 0.088
0.046 0.044
0.008 0
0.15 0.12
0.3 0.36
0.042 0.03
0.414 0.424
0.042 0.042
0.228 0.256
0.3 0.336
0.3 0.268
0.254 0.284
0.008 0.008
0.062 0.066
0.014 0.002
0.418 0.424
0.172 0.168
0.332 0.338
0.018 0.008
0 0.002
0.122 0.13
0.052 0.068
0.116 0.106
0.018 0.012
0.49 0.59
0.036 0.04
0.024 0.02
0.16 0.186
0 0.002
0 0
0.012 0.01
0.046 0.038
0.018 0.018
0.476 0.564
0.244 0.302
0.138 0.122
0.058 0.046
0.188 0.182
0.14 0.192
0.034 0.026
0.062 0.066
0.042 0.042
0.008 0.01
0.112 0.104
0.004 0.004
0.126 0.144
0.112 0.134
0.082 0.08
0.172 0.178
0.018 0.008
0.204 0.2
0.13 0.112
0.016 0.008
0.018 0.01
0.016 0.012
0.022 0.004
0.01 0.006
0.038 0.028
0.024 0.036
0.082 0.064
0.022 0.014
0.218 0.216
0.01 0.012
0.038 0.046
0.286 0.216
0.438 0.434
0.272 0.274
0.05 0.02
0.022 0.004
0.034 0.014
0.038 0.024
0.212 0.156
0 0.002
0.056 0.032
0.026 0.03
0.202 0.238
0.038 0.036
0.002 0.002
0.104 0.078
0.294 0.31
0.156 0.132
0.232 0.258
0.064 0.044
0.07 0.05
0.052 0.064
0.024 0.018
0.12 0.102
0 0.002
0.004 0
0 0
0.098 0.102
0.12 0.146
0.342 0.282
0 0
0.33 0.336
0.026 0.02
0.3 0.316
0.082 0.086
0.2 0.23
0.086 0.078
0.092 0.08
0.186 0.168
0.012 0.01
0.266 0.238
0.074 0.104
0.026 0.028
0.024 0.01
0.352 0.34
0.008 0.008
0.01 0.024
0.314 0.406
0.012 0.004
0.082 0.074
0.002 0
0.006 0.018
0.02 0.032
