0.014 0.014
0.112 0.09
0.016 0.008
0.048 0.022
0.244 0.298
0.01 0.01
0.058 0.05
0.072 0.088
0.016 0.012
0.014 0.016
0.078 0.086
0.026 0.038
0.014 0.016
0.024 0.01
0.074 0.048
0.234 0.206
0.056 0.05
0.014 0.004
0.04 0.022
0.028 0.036
0.072 0.066
0.094 0.054
0.006 0.01
0.058 0.052
0.238 0.246
0.106 0.086
0.302 0.33
0.032 0.024
0.49 0.508
0.132 0.188
0.106 0.088
0.156 0.182
0.03 0.018
0.04 0.024
0.022 0.036
0.382 0.43
0.048 0.048
0.168 0.138
0.006 0.008
0.014 0.014
0.25 0.292
0.076 0.098
0.04 0.032
0.034 0.03
0.342 0.378
0.032 0.012
0.032 0.03
0.056 0.056
0.006 0.006
0.018 0.014
0.008 0.022
0.048 0.028
0.01 0
0.186 0.206
0.224 0.264
0.13 0.166
0.104 0.074
0.392 0.376
0.322 0.302
0.026 0.014
0.076 0.048
0.032 0.04
0.026 0.008
0.082 0.07
0.002 0
0.158 0.17
0.024 0.032
0.088 0.094
0.208 0.216
0.028 0.016
0.174 0.132
0.142 0.102
0.002 0.006
0.012 0.016
0.006 0.008
0.008 0.01
0.006 0.004
0.042 0.048
0.094 0.084
0.038 0.032
0.064 0.036
0.26 0.28
0.052 0.036
0.046 0.046
0.11 0.08
0.116 0.12
0.17 0.174
0.046 0.056
0.006 0.002
0.024 0.014
0.026 0.016
0.232 0.218
0.008 0.004
0.052 0.018
0.012 0.008
0.138 0.184
0.048 0.026
0.006 0.006
0.016 0.032
0.388 0.38
0.118 0.124
0.21 0.23
0.128 0.112
0.226 0.216
0.05 0.06
0.048 0.026
0.154 0.1
0.002 0
0.002 0
0.002 0
0.228 0.228
0.31 0.314
0.426 0.454
0.002 0.004
0.142 0.196
0.04 0.028
0.13 0.134
0.114 0.106
0.182 0.168
0.156 0.17
0.108 0.114
0.294 0.322
0.012 0.008
0.064 0.05
0.042 0.046
0.112 0.082
0.028 0.022
0.406 0.484
0.004 0
0.018 0.014
0.22 0.238
0.008 0.002
0.124 0.12
0.01 0.002
0.01 0.006
0.056 0.064
