0.6967213 0.5901639
0.6031746 0.6746032
0.7565217 0.8956522
0.6782609 0.6434783
0.2142857 0.2063492
0.8782609 0.8956522
0.3709677 0.5
0.4786325 0.4529915
0.7857143 0.7460317
0.8629032 0.8467742
0.3125 0.3359375
0.4354839 0.4354839
0.7073171 0.699187
0.6083333 0.5666667
0.1854839 0.2016129
0.1111111 0.1196581
0.3504274 0.4273504
0.7565217 0.773913
0.717742 0.6693548
0.5555556 0.4615385
0.4017094 0.4273504
0.1967213 0.2295082
0.859375 0.8828125
0.3913043 0.3391304
0.3852459 0.4590164
0.2666667 0.3416667
0.05982906 0.05128205
0.5806452 0.5887097
0.01709402 0.05128205
0.575 0.5
0.01709402 0.01709402
0.03252033 0.02439024
0.8782609 0.8173913
0.4146341 0.4390244
0.8709677 0.8306452
0.24 0.184
0.4918033 0.5
0.0483871 0.06451613
0.8632479 0.7606838
0.8629032 0.6935484
0.4833333 0.45
0.336 0.352
0.4521739 0.4695652
0.8455285 0.699187
0.024 0.008
0.7540984 0.6393443
0.696 0.664
0.05833333 0.04166667
0.9304348 0.8956522
0.859375 0.8828125
0.8934426 0.7377049
0.5 0.453125
0.8174603 0.7936508
0.1951220 0.2113821
0.04098361 0.03278689
0.1707317 0.1707317
0.5130435 0.4869565
0.136 0.12
0.02608696 0.03478261
0.8695652 0.8434783
0.5 0.7
0.6666667 0.6111111
0.944 0.832
0.5245902 0.557377
0.944 0.872
0.4193548 0.3467742
0.2393162 0.1880342
0.2905983 0.3162393
0.2786885 0.2704918
0.8632479 0.6752137
0.4521739 0.3478261
0.5483871 0.6935484
0.9166667 0.75
0.8629032 0.8145161
0.91453 0.948718
0.712 0.736
0.8629032 0.8467742
0.4918033 0.5409836
0.3833333 0.3166667
0.6328125 0.609375
0.7304348 0.6
0.1796875 0.1953125
0.6910569 0.6747967
0.6640625 0.7734375
0.1083333 0.1666667
0.0894309 0.05691057
0.1300813 0.1382114
0.3951613 0.3870968
0.8629032 0.8306452
0.859375 0.8828125
0.7913043 0.6695652
0.1984127 0.2777778
0.9304348 0.8956522
0.5819672 0.6147541
0.675 0.6916667
0.5083333 0.5166667
0.3577236 0.4796748
0.8709677 0.8629032
0.3391304 0.3391304
0.1951220 0.2195122
0.3333333 0.3968254
0.3015873 0.3174603
0.2460317 0.2539683
0.1951220 0.1707317
0.5811966 0.5128205
0.712 0.72
0.4206349 0.3730159
0.8699187 0.902439
0.9304348 0.8956522
0.9274194 0.8629032
0.1111111 0.08547009
0.2377049 0.2540984
0.1826087 0.1826087
0.9274194 0.8629032
0.07258065 0.1048387
0.573913 0.5391304
0.01666667 0.008333333
0.2666667 0.3166667
0.5483871 0.516129
0.176 0.208
0.6854839 0.6370968
0.01709402 0.01709402
0.6612903 0.9274194
0.2083333 0.1916667
0.2377049 0.3114754
0.7580645 0.733871
0.8629032 0.8467742
0.2666667 0.3083333
0.91453 0.948718
0.7777778 0.6495726
0.2583333 0.2333333
0.9304348 0.8956522
0.5409836 0.5409836
0.8632479 0.8632479
0.6434783 0.6173913
0.432 0.312
