0.6393443 0.6311475
0.5206612 0.4297521
0.6393443 0.6803279
0.5084746 0.440678
0.15625 0.1875
0.975 0.9
0.1803279 0.2131148
0.4380165 0.4132231
0.6504065 0.6910569
0.608 0.768
0.1587302 0.1349206
0.3162393 0.3675214
0.8034188 0.7692308
0.8595041 0.876033
0.1129032 0.1129032
0.4375 0.4921875
0.4758065 0.4435484
0.9173554 0.876033
0.536 0.584
0.898305 0.8220339
0.7083333 0.65
0.07317073 0.1219512
0.8196721 0.8360656
0.3057851 0.338843
0.1101695 0.06779661
0.5322581 0.6209677
0.475 0.4416667
0.6115702 0.661157
0.2580645 0.2580645
0.5555556 0.5555556
0.09836066 0.1147541
0.0483871 0.05645161
0.5819672 0.4918033
0.4545455 0.4628099
0.7936508 0.8809524
0 0
0.1916667 0.275
0.5338983 0.4915254
0.8717949 0.7264957
0.6779661 0.5847458
0.1322314 0.1322314
0.368 0.384
0.5793651 0.6031746
0.3884298 0.338843
0.2822581 0.2661290
0.2890625 0.3359375
0.6666667 0.6269841
0.048 0.056
0.975 0.9
0.898305 0.9237288
0.9333333 0.8
0.4761905 0.4920635
0.75 0.6370968
0.3412698 0.3174603
0.09322034 0.06779661
0.2222222 0.1452991
0.1463415 0.1788618
0.04878049 0.04878049
0 0
0.6260163 0.6097561
0.5762712 0.6101695
0.6015625 0.5390625
0.9333333 0.775
0.8515625 0.75
0.9173554 0.876033
0.3305085 0.2542373
0.6854839 0.6209677
0.2118644 0.2033898
0.1803279 0.1475410
0.7540984 0.795082
0.09322034 0.05932203
0.5384615 0.4957265
0.8595041 0.876033
0.6557377 0.5819672
0.8 0.7333333
0.8305085 0.8305085
0.975 0.9
0.1707317 0.1788618
0.2820513 0.3076923
0.7179487 0.5982906
0.7435897 0.7264957
0.3064516 0.3548387
0.8278689 0.795082
0.4754098 0.5081967
0.05084746 0.05932203
0.2195122 0.1788618
0.484127 0.5555556
0.4380165 0.4297521
0.8671875 0.859375
0.6666667 0.7222222
0.3064516 0.2822581
0.446281 0.4793388
0.975 0.8333333
0.7479675 0.7398374
0.7008547 0.5213675
0.02564103 0.02564103
0.2881356 0.2881356
0.7235772 0.7154472
0.5409836 0.5081967
0.152 0.136
0.2564103 0.2393162
0.4102564 0.3589744
0.6910569 0.6910569
0.3333333 0.2833333
0.3253968 0.3888889
0.8717949 0.6752137
0.7083333 0.775
0.940678 0.9237288
0.92 0.896
0.90625 0.859375
0.5042735 0.5213675
0.03333333 0.04166667
0.02564103 0.01709402
0.92 0.896
0 0.016
0.8034188 0.7264957
0.0894309 0.0894309
0.3559322 0.4661017
0.4380165 0.4297521
0.4274194 0.4274194
0.4666667 0.5583333
0.096 0.12
0.6666667 0.6269841
0.4628099 0.4132231
0.4516129 0.5403226
0.4836066 0.5491803
0.8536585 0.6910569
0.1440678 0.09322034
0.9333333 0.9
0.90625 0.7734375
0.2833333 0.2833333
0.8717949 0.8632479
0.02459016 0.02459016
0.940678 0.9237288
0.601626 0.5203252
0.5128205 0.4957265
