0.014 0.012
0.134 0.158
0.004 0.01
0.058 0.038
0.216 0.214
0.002 0.002
0.12 0.088
0.126 0.126
0.01 0.01
0.012 0.006
0.132 0.1
0.072 0.074
0.046 0.084
0.074 0.074
0.114 0.13
0.08 0.078
0.032 0.024
0.012 0.008
0.08 0.062
0.048 0.04
0.052 0.04
0.048 0.066
0.004 0
0.142 0.126
0.336 0.366
0.072 0.064
0.212 0.268
0.046 0.03
0.196 0.186
0.144 0.136
0.526 0.554
0.252 0.262
0.006 0.012
0.026 0.03
0.022 0.01
0.248 0.258
0.168 0.14
0.296 0.308
0.04 0.024
0.006 0.004
0.114 0.086
0.038 0.02
0.11 0.078
0.042 0.028
0.33 0.386
0.034 0.024
0.018 0.022
0.176 0.184
0.002 0.002
0.012 0.006
0.006 0.002
0.082 0.086
0.004 0.01
0.21 0.26
0.222 0.212
0.086 0.042
0.048 0.064
0.364 0.346
0.572 0.632
0.014 0.016
0.052 0.064
0.028 0.034
0.008 0.006
0.044 0.05
0.004 0.002
0.064 0.068
0.112 0.108
0.12 0.09
0.098 0.134
0.01 0.016
0.086 0.092
0.072 0.054
0.004 0
0.024 0.022
0.016 0.014
0.042 0.018
0.016 0.01
0.078 0.042
0.034 0.024
0.022 0.036
0.042 0.04
0.04 0.034
0.036 0.016
0.114 0.102
0.306 0.276
0.448 0.464
0.264 0.272
0.04 0.034
0.016 0.01
0.06 0.05
0.096 0.066
0.186 0.162
0.004 0.006
0.06 0.036
0.032 0.032
0.372 0.394
0.12 0.064
0 0.006
0.086 0.106
0.336 0.328
0.184 0.188
0.056 0.084
0.076 0.08
0.098 0.098
0.104 0.116
0.032 0.016
0.1 0.12
0.004 0
0.002 0.002
0.006 0.002
0.148 0.142
0.276 0.25
0.302 0.294
0.018 0.002
0.192 0.162
0.024 0.012
0.236 0.23
0.082 0.088
0.106 0.116
0.162 0.134
0.072 0.102
0.206 0.208
0.02 0.01
0.332 0.38
0.068 0.034
0.018 0.01
0 0.006
0.164 0.158
0.004 0.004
0.024 0.01
0.188 0.2
0.004 0.008
0.198 0.252
0 0.004
0.032 0.034
0.046 0.052
