0.4916667 0.45
0.6209677 0.7016129
0.8548387 0.8548387
0.7419355 0.6290323
0.2396694 0.2231405
0.96 0.904
0.3902439 0.4471545
0.4112903 0.4516129
0.6525424 0.661017
0.8474576 0.940678
0.304 0.288
0.483871 0.5483871
0.8373984 0.699187
0.625 0.6333333
0.1833333 0.225
0.05691057 0.08130081
0.544 0.56
0.7222222 0.8888889
0.766129 0.6532258
0.5916667 0.5666667
0.5887097 0.5967742
0.446281 0.5041322
0.9349593 0.8373984
0.3898305 0.4491525
0.03174603 0.06349206
0.6504065 0.6422764
0.06779661 0.09322034
0.7419355 0.7096774
0.008130081 0
0.1333333 0.09166667
0.0483871 0.0483871
0.3983051 0.4322034
0.7355372 0.6363636
0.5564516 0.5887097
0.8474576 0.8220339
0.2118644 0.279661
0.1016949 0.06779661
0.1190476 0.1666667
0.8583333 0.8916667
0.768595 0.6363636
0.2033898 0.2033898
0.4297521 0.3719008
0.3083333 0.35
0.5932203 0.7457627
0.3728814 0.3135593
0.4 0.416
0.8474576 0.7966102
0.3220339 0.2881356
0.9152542 0.898305
0.85 0.8
0.7711864 0.661017
0.336 0.4
0.9047619 0.8888889
0.1290323 0.1048387
0.1693548 0.08064516
0.3050847 0.2542373
0.2033898 0.2288136
0.2276423 0.1869919
0.1525424 0.1101695
0.6355932 0.6694915
0.35 0.3833333
0.7258065 0.6532258
0.9173554 0.8842975
0.4596774 0.4919355
0.8861789 0.8373984
0.1707317 0.1138211
0.168 0.184
0.424 0.464
0.3083333 0.3166667
0.9047619 0.7301587
0.2 0.2
0.4365079 0.4365079
0.9173554 0.8842975
0.6446281 0.785124
0.766129 0.8709677
0.8 0.704
0.8548387 0.9112903
0.3728814 0.4237288
0.6446281 0.6363636
0.576 0.448
0.544 0.608
0.064 0.056
0.766129 0.6532258
0.4 0.45
0.024 0.056
0.2096774 0.2338710
0.275 0.2083333
0.4146341 0.3739837
0.6186441 0.5932203
0.4833333 0.5583333
0.624 0.552
0.3884298 0.3884298
0.8 0.816
0.559322 0.5084746
0.7222222 0.7063492
0.016 0.008
0.4237288 0.4237288
0.8728814 0.8559322
0.3870968 0.4274194
0.08730159 0.06349206
0.5645161 0.516129
0.2231405 0.1322314
0.2741935 0.2419355
0.661017 0.7118644
0.4628099 0.3801653
0.6341463 0.7804878
0.515873 0.5
0.940678 0.940678
0.9173554 0.785124
0.9354839 0.9112903
0.1666667 0.2
0.05932203 0.07627119
0.024 0.048
0.9354839 0.9112903
0.05932203 0.06779661
0.4915254 0.6101695
0.2520325 0.3902439
0.5338983 0.5084746
0.3305085 0.279661
0.3223140 0.2975207
0.3083333 0.2666667
0.2457627 0.2033898
0.7016129 0.6532258
0.08333333 0.08333333
0.5932203 0.661017
0.7063492 0.5952381
0.6504065 0.699187
0.1186441 0.1610169
0.96 0.904
0.7711864 0.7966102
0.072 0.064
0.8 0.88
0.016 0.008
0.940678 0.940678
0.544 0.552
0.5289256 0.4793388
