0.048 0.026
0.094 0.106
0.012 0.004
0.022 0.014
0.048 0.032
0.008 0
0.074 0.062
0.06 0.084
0.024 0.022
0.018 0.026
0.062 0.03
0.078 0.108
0.024 0.032
0.002 0.01
0.1 0.084
0.048 0.034
0.068 0.05
0.01 0.014
0.03 0.034
0.086 0.066
0.05 0.042
0.092 0.1
0.016 0.004
0.042 0.052
0.24 0.194
0.094 0.056
0.324 0.326
0.052 0.05
0.298 0.278
0.086 0.064
0.458 0.452
0.318 0.318
0.04 0.04
0.008 0.012
0.008 0.004
0.308 0.356
0.21 0.182
0.198 0.208
0.01 0.022
0.012 0.014
0.308 0.282
0.138 0.116
0.072 0.088
0.062 0.052
0.384 0.432
0.036 0.038
0.018 0.022
0.214 0.212
0.002 0.002
0.012 0.006
0.012 0.022
0.082 0.066
0.008 0.014
0.154 0.17
0.104 0.134
0.448 0.494
0.046 0.05
0.526 0.442
0.236 0.226
0.016 0.018
0.054 0.04
0.008 0.004
0.004 0.01
0.114 0.066
0.002 0
0.024 0.016
0.114 0.116
0.156 0.128
0.128 0.136
0.038 0.034
0.242 0.252
0.098 0.07
0.016 0.01
0.028 0.022
0.01 0.006
0.014 0.016
0 0.002
0.112 0.092
0.024 0.016
0.052 0.064
0.082 0.04
0.076 0.05
0.024 0.016
0.03 0.024
0.22 0.202
0.25 0.294
0.214 0.234
0.066 0.076
0.006 0.004
0.066 0.048
0.038 0.016
0.136 0.138
0.008 0.006
0.048 0.032
0.05 0.062
0.086 0.124
0.07 0.076
0.012 0.01
0.102 0.08
0.25 0.274
0.096 0.086
0.282 0.332
0.114 0.12
0.054 0.03
0.056 0.066
0.03 0.036
0.062 0.052
0.01 0.004
0.008 0.002
0 0.002
0.134 0.12
0.512 0.492
0.118 0.106
0.004 0.002
0.582 0.608
0.072 0.052
0.248 0.238
0.05 0.038
0.132 0.158
0.182 0.152
0.076 0.074
0.204 0.174
0.034 0.022
0.182 0.218
0.068 0.114
0.036 0.04
0.018 0.012
0.222 0.23
0.004 0
0.012 0.022
0.108 0.074
0.002 0.004
0.272 0.26
0.004 0
0.046 0.036
0.064 0.054
