0.022 0.014
0.052 0.05
0.01 0.008
0.032 0.046
0.078 0.044
0.002 0.004
0.11 0.108
0.144 0.1
0.036 0.03
0.016 0.008
0.158 0.114
0.044 0.04
0.026 0.034
0.032 0.048
0.292 0.294
0.184 0.144
0.024 0.018
0.01 0.008
0.026 0.014
0.062 0.078
0.076 0.05
0.138 0.084
0.004 0.002
0.092 0.068
0.222 0.188
0.06 0.044
0.25 0.29
0.036 0.03
0.132 0.136
0.186 0.21
0.242 0.196
0.232 0.256
0.01 0.008
0.036 0.02
0.01 0.008
0.58 0.574
0.174 0.174
0.378 0.362
0.006 0.008
0.014 0.014
0.26 0.276
0.052 0.048
0.018 0.04
0.048 0.032
0.38 0.45
0.03 0.022
0.02 0.008
0.278 0.3
0.004 0
0.004 0.002
0.002 0.006
0.084 0.058
0.022 0.016
0.274 0.268
0.174 0.164
0.136 0.152
0.146 0.148
0.122 0.1
0.514 0.598
0.012 0.016
0.028 0.024
0.01 0.006
0.018 0.01
0.062 0.058
0.002 0.004
0.05 0.07
0.166 0.158
0.146 0.118
0.184 0.156
0.016 0.01
0.12 0.132
0.098 0.078
0.008 0.006
0.02 0.012
0.02 0.006
0.038 0.018
0.01 0.004
0.064 0.038
0.072 0.07
0.06 0.016
0.088 0.08
0.168 0.222
0.024 0.01
0.02 0.038
0.338 0.334
0.056 0.034
0.198 0.19
0.1 0.096
0.006 0.008
0.066 0.052
0.034 0.028
0.048 0.05
0.004 0.006
0.044 0.042
0.03 0.018
0.21 0.246
0.118 0.082
0.006 0
0.142 0.116
0.37 0.444
0.17 0.166
0.12 0.082
0.174 0.198
0.112 0.13
0.1 0.05
0.082 0.056
0.146 0.092
0.008 0
0 0.004
0 0
0.222 0.224
0.354 0.38
0.308 0.302
0.002 0
0.204 0.202
0.03 0.02
0.028 0.036
0.072 0.072
0.03 0.034
0.214 0.204
0.024 0.014
0.458 0.432
0.046 0.032
0.072 0.058
0.034 0.03
0.034 0.04
0.016 0.01
0.216 0.2
0.006 0.002
0.016 0.024
0.11 0.154
0 0
0.328 0.326
0 0
0.034 0.018
0.072 0.06
