0.504065 0.5528455 0.5853659 0.601626 0.6178862 0.5853659 0.7398374 0.5934959 0.7317073 0.7642276 0.7154472
0.1896552 0.1810345 0.2241379 0.2327586 0.1982759 0.2327586 0.3017241 0.2931034 0.3103448 0.3017241 0.2931034
0.8145161 0.9193548 0.8225806 0.7983871 0.8387097 0.8306452 0.8709677 0.8145161 0.8467742 0.8387097 0.8548387
0.75 0.8548387 0.766129 0.766129 0.7903226 0.782258 0.766129 0.717742 0.782258 0.6935484 0.733871
0.08064516 0.07258065 0.06451613 0.05645161 0.0483871 0.04032258 0.03225806 0.03225806 0.05645161 0.05645161 0.05645161
0.7096774 0.6774194 0.7419355 0.7096774 0.7741935 0.7983871 0.8064516 0.766129 0.8548387 0.8306452 0.8790323
0.2580645 0.3467742 0.3225806 0.3387097 0.3387097 0.3790323 0.4032258 0.5 0.4435484 0.4758065 0.4677419
0.5 0.5254237 0.3135593 0.2627119 0.2457627 0.2627119 0.2457627 0.2627119 0.220339 0.1864407 0.1694915
0.5932203 0.5847458 0.5932203 0.5932203 0.6271186 0.661017 0.6694915 0.6949153 0.6016949 0.7288136 0.7457627
0.5245902 0.5081967 0.6147541 0.6147541 0.6557377 0.6557377 0.6885246 0.7213115 0.8934426 0.909836 0.8278689
0.03252033 0.03252033 0.01626016 0.05691057 0.04878049 0.04878049 0.08130081 0.0894309 0.1138211 0.1707317 0.1788618
0.8050847 0.7881356 0.7457627 0.8474576 0.7627119 0.7542373 0.779661 0.7627119 0.8135593 0.720339 0.6864407
0.779661 0.8220339 0.7881356 0.8135593 0.7711864 0.7372881 0.7457627 0.7542373 0.7457627 0.7542373 0.661017
0.300813 0.3414634 0.3170732 0.3414634 0.3333333 0.3577236 0.3739837 0.3821138 0.3414634 0.3333333 0.3333333
0.1300813 0.1707317 0.2113821 0.2032520 0.1788618 0.2032520 0.1951220 0.1951220 0.2439024 0.2276423 0.2764228
0.03278689 0.07377049 0.04918033 0.05737705 0.01639344 0.008196721 0.01639344 0.02459016 0.02459016 0.03278689 0.06557377
0.2622951 0.2540984 0.3196721 0.3196721 0.4508197 0.4098361 0.4426230 0.4754098 0.4836066 0.557377 0.5491803
0.7068966 0.724138 0.8103448 0.7586207 0.8275862 0.8103448 0.8189655 0.862069 0.9396552 0.862069 0.8793103
0.796748 0.8211382 0.7723577 0.7479675 0.699187 0.7317073 0.5691057 0.5284553 0.5203252 0.4308943 0.398374
0.8145161 0.7258065 0.717742 0.6209677 0.6693548 0.6935484 0.6370968 0.5564516 0.5483871 0.4516129 0.4435484
0.3606557 0.2950820 0.3196721 0.3852459 0.3934426 0.4590164 0.4836066 0.4918033 0.4918033 0.5327869 0.6393443
0.5338983 0.559322 0.440678 0.4830508 0.5423729 0.4830508 0.4576271 0.5423729 0.4915254 0.4915254 0.4322034
0.8189655 0.862069 0.8103448 0.8017241 0.8362069 0.7844828 0.8275862 0.9051724 0.8103448 0.9224138 0.8793103
0.06034483 0.00862069 0.00862069 0.03448276 0.02586207 0.04310345 0.01724138 0.03448276 0.03448276 0.03448276 0.01724138
0.03278689 0.04098361 0.01639344 0.04918033 0.04098361 0.01639344 0.04918033 0.08196721 0.09836066 0.1147541 0.2049180
0.09482759 0.1034483 0.1034483 0.06034483 0.09482759 0.1379310 0.1982759 0.2241379 0.2413793 0.2672414 0.2931034
0.4590164 0.4672131 0.4262295 0.3934426 0.3032787 0.2131148 0.1721311 0.1967213 0.1721311 0.1147541 0.1311475
0.7419355 0.7258065 0.766129 0.766129 0.8387097 0.782258 0.782258 0.7096774 0.7258065 0.7096774 0.7016129
0.1551724 0.1465517 0.1034483 0.06034483 0.05172414 0.04310345 0.01724138 0.03448276 0.02586207 0.01724138 0.01724138
0.232 0.208 0.288 0.224 0.264 0.248 0.256 0.232 0.224 0.216 0.208
0.3821138 0.3414634 0.300813 0.2926829 0.2520325 0.2439024 0.1788618 0.1869919 0.1382114 0.1463415 0.1463415
0.1949153 0.1779661 0.2288136 0.2881356 0.2966102 0.3389831 0.3813559 0.440678 0.440678 0.4661017 0.4830508
0.5887097 0.5080645 0.4435484 0.3709677 0.3548387 0.2983871 0.2258065 0.1612903 0.1774194 0.1290323 0.1048387
0.5344828 0.5172414 0.5862069 0.5948276 0.6551724 0.6551724 0.5775862 0.6465517 0.6982759 0.6465517 0.7068966
0.5 0.5483871 0.5806452 0.5483871 0.6209677 0.6129032 0.6129032 0.6935484 0.6693548 0.5564516 0.5887097
0.2457627 0.3135593 0.2457627 0.3135593 0.3305085 0.3474576 0.3305085 0.3220339 0.3389831 0.3389831 0.3389831
0.4274194 0.3709677 0.2580645 0.1693548 0.1209677 0.1129032 0.03225806 0.02419355 0.03225806 0.03225806 0.008064516
0.440678 0.3389831 0.4915254 0.4322034 0.5338983 0.5169492 0.4661017 0.5084746 0.5169492 0.5423729 0.5338983
0.1788618 0.2032520 0.2032520 0.2601626 0.2682927 0.2357724 0.2439024 0.2195122 0.2195122 0.2764228 0.2357724
0.8965517 0.7586207 0.8103448 0.8448276 0.7327586 0.7413793 0.8189655 0.775862 0.6724138 0.637931 0.7068966
0.9067797 0.9067797 0.8644068 0.881356 0.8474576 0.7966102 0.8135593 0.8728814 0.9067797 0.8305085 0.7457627
0.1774194 0.1774194 0.2177419 0.1451613 0.2016129 0.1774194 0.1209677 0.1532258 0.1532258 0.1209677 0.0967742
0.7966102 0.6355932 0.6271186 0.6016949 0.5338983 0.3983051 0.3728814 0.3135593 0.3050847 0.2881356 0.3135593
0.2457627 0.1864407 0.220339 0.2711864 0.3474576 0.3305085 0.3474576 0.3135593 0.3474576 0.3135593 0.3135593
0.2822581 0.2016129 0.1612903 0.1129032 0.1209677 0.08064516 0.08064516 0.07258065 0.06451613 0.03225806 0.04032258
0.6341463 0.6178862 0.6097561 0.5691057 0.6178862 0.601626 0.5609756 0.5691057 0.6178862 0.6422764 0.5934959
0.7622951 0.8032787 0.8278689 0.795082 0.8770492 0.8360656 0.8360656 0.8032787 0.8852459 0.7213115 0.7622951
0.1463415 0.1544715 0.1300813 0.1056911 0.1138211 0.1138211 0.1382114 0.1056911 0.1382114 0.1300813 0.1300813
0.8442623 0.8852459 0.9180328 0.9262295 0.9344262 0.9180328 0.9180328 0.852459 0.909836 0.9344262 0.8770492
0.9655172 0.974138 0.9137931 0.9051724 0.9568966 0.9310345 0.9568966 0.9051724 0.9396552 0.9224138 0.8793103
0.902439 0.8211382 0.8292683 0.7479675 0.796748 0.7398374 0.6747967 0.6666667 0.5609756 0.5203252 0.504065
0.2457627 0.2457627 0.2457627 0.3389831 0.3305085 0.3474576 0.3813559 0.4322034 0.440678 0.4661017 0.4830508
0.8629032 0.8951613 0.9112903 0.8629032 0.8306452 0.7741935 0.75 0.7419355 0.7419355 0.5806452 0.5725806
0.256 0.176 0.152 0.152 0.088 0.064 0.056 0.04 0.04 0.024 0.024
0.6910569 0.5365854 0.5691057 0.4552846 0.4308943 0.3577236 0.3577236 0.3089431 0.2357724 0.1951220 0.2113821
0.1016949 0.1610169 0.2118644 0.1101695 0.1949153 0.1525424 0.1694915 0.1949153 0.1101695 0.1949153 0.1525424
0.6065574 0.7295082 0.6639344 0.6393443 0.6147541 0.5737705 0.6393443 0.5983607 0.5819672 0.5163934 0.5327869
0.1557377 0.1721311 0.1721311 0.2131148 0.1557377 0.1885246 0.1803279 0.2131148 0.2704918 0.2786885 0.3278689
0.616 0.52 0.56 0.472 0.416 0.312 0.296 0.232 0.208 0.168 0.16
0.3951613 0.3709677 0.516129 0.483871 0.516129 0.4919355 0.6290323 0.6774194 0.75 0.6612903 0.733871
0.432 0.416 0.488 0.472 0.48 0.52 0.552 0.52 0.592 0.592 0.56
0.6810345 0.6982759 0.6465517 0.6637931 0.6293103 0.6551724 0.6810345 0.6034483 0.5948276 0.6206897 0.5775862
0.6147541 0.6393443 0.6639344 0.7131148 0.6557377 0.7295082 0.7377049 0.7377049 0.8196721 0.8442623 0.8934426
0.2457627 0.2881356 0.3135593 0.3135593 0.3389831 0.2711864 0.3305085 0.3050847 0.3050847 0.3135593 0.3305085
1 0.9827586 1 0.9913793 0.9827586 0.9827586 0.9568966 0.974138 0.9396552 0.9224138 0.8793103
0.7372881 0.7711864 0.6949153 0.7542373 0.6101695 0.5762712 0.5423729 0.4745763 0.440678 0.440678 0.4745763
0.704918 0.5327869 0.5983607 0.5901639 0.5491803 0.5245902 0.4508197 0.4426230 0.4262295 0.3196721 0.352459
0.5691057 0.4878049 0.5121951 0.4796748 0.4552846 0.4227642 0.4227642 0.4390244 0.4390244 0.3495935 0.398374
0.9224138 0.8706897 0.8362069 0.8793103 0.8965517 0.862069 0.887931 0.862069 0.9051724 0.862069 0.8275862
0 0 0 0 0 0.008474576 0.02542373 0.01694915 0.03389831 0.04237288 0.06779661
0.4836066 0.4344262 0.5327869 0.5081967 0.5819672 0.5 0.5245902 0.4918033 0.4918033 0.4262295 0.4098361
0.8442623 0.8196721 0.8688525 0.9180328 0.9262295 0.8770492 0.9180328 0.942623 0.909836 0.8606557 0.8770492
0.8189655 0.8362069 0.7413793 0.8448276 0.7844828 0.724138 0.8103448 0.6982759 0.7155172 0.6551724 0.6034483
0.8448276 0.7844828 0.8189655 0.8448276 0.8965517 0.862069 0.8275862 0.9137931 0.8103448 0.9224138 0.8793103
0.3770492 0.352459 0.4590164 0.4754098 0.5983607 0.5819672 0.6885246 0.6393443 0.704918 0.7213115 0.8196721
0.5409836 0.6393443 0.7704918 0.8196721 0.8278689 0.8606557 0.8688525 0.942623 0.8442623 0.9344262 0.8196721
0.6693548 0.6290323 0.6612903 0.6290323 0.6612903 0.6129032 0.5887097 0.4596774 0.4516129 0.4274194 0.4274194
0.5689655 0.5948276 0.5862069 0.5948276 0.5689655 0.6465517 0.5862069 0.6982759 0.7327586 0.7844828 0.7413793
0.483871 0.4435484 0.4758065 0.4596774 0.4193548 0.4677419 0.4919355 0.4516129 0.5403226 0.516129 0.483871
0.09482759 0.1034483 0.05172414 0.06034483 0.0775862 0.06034483 0.05172414 0.05172414 0.05172414 0.06034483 0.0775862
0.5245902 0.5983607 0.6393443 0.6229508 0.6557377 0.7377049 0.6885246 0.7377049 0.8114754 0.7540984 0.7786885
0.5677966 0.5254237 0.5762712 0.6186441 0.6440678 0.6186441 0.6271186 0.6186441 0.6101695 0.5932203 0.6101695
0.05172414 0.09482759 0.05172414 0.06034483 0.1551724 0.1724138 0.1724138 0.2241379 0.2931034 0.2931034 0.3189655
0.2966102 0.2881356 0.3644068 0.2881356 0.440678 0.3813559 0.4576271 0.3644068 0.4576271 0.4152542 0.440678
0.2177419 0.1935484 0.1693548 0.1290323 0.1048387 0.1129032 0.0967742 0.08870968 0.08064516 0.08064516 0.08064516
0.1626016 0.2357724 0.2439024 0.2682927 0.2520325 0.3170732 0.2926829 0.3414634 0.3414634 0.3252033 0.3658537
0.7457627 0.7457627 0.7457627 0.8135593 0.7966102 0.7881356 0.9237288 0.838983 0.898305 0.881356 0.8644068
0.3220339 0.3474576 0.4661017 0.5169492 0.440678 0.5762712 0.5932203 0.5847458 0.6864407 0.5847458 0.559322
0.56 0.512 0.552 0.488 0.512 0.56 0.616 0.48 0.488 0.592 0.584
0.1138211 0.1300813 0.1219512 0.1056911 0.1626016 0.1707317 0.2032520 0.2845528 0.300813 0.2601626 0.2845528
0.696 0.656 0.72 0.688 0.704 0.752 0.76 0.832 0.784 0.832 0.872
0.3559322 0.4152542 0.4237288 0.5254237 0.5254237 0.440678 0.5254237 0.6016949 0.5762712 0.559322 0.5762712
0.7033898 0.6864407 0.6694915 0.7542373 0.7457627 0.6949153 0.6779661 0.6949153 0.6864407 0.6864407 0.6440678
0.2601626 0.2357724 0.2032520 0.1382114 0.1707317 0.2032520 0.2032520 0.1788618 0.1707317 0.1869919 0.1626016
0.1065574 0.09836066 0.08196721 0.1065574 0.1311475 0.1065574 0.1229508 0.1639344 0.1639344 0.1721311 0.2459016
0.8387097 0.7983871 0.9112903 0.8467742 0.8387097 0.8951613 0.8951613 0.9032258 0.8467742 0.8387097 0.8548387
0.4098361 0.4016393 0.3934426 0.3442623 0.2950820 0.3196721 0.3032787 0.2540984 0.2377049 0.2213115 0.2540984
0.04 0.04 0.032 0.048 0.032 0.04 0.048 0.056 0.064 0.096 0.12
0.5423729 0.5932203 0.6101695 0.6779661 0.720339 0.7033898 0.7711864 0.7881356 0.7542373 0.8135593 0.8644068
0.5 0.4508197 0.5081967 0.4918033 0.5 0.4508197 0.3688525 0.4016393 0.3442623 0.2950820 0.2786885
0.032 0.032 0.032 0.056 0.048 0.072 0.104 0.088 0.136 0.144 0.16
0.4576271 0.3898305 0.4576271 0.4237288 0.4237288 0.4067797 0.5 0.4745763 0.4576271 0.4915254 0.4830508
0.6532258 0.6290323 0.6451613 0.6290323 0.6451613 0.6935484 0.6370968 0.6129032 0.6209677 0.5564516 0.5887097
0.7295082 0.6967213 0.8196721 0.8032787 0.6967213 0.7540984 0.6967213 0.7786885 0.7540984 0.7213115 0.7622951
0.1271186 0.1949153 0.2118644 0.1610169 0.2627119 0.3220339 0.279661 0.3474576 0.3389831 0.3389831 0.3474576
0.9491525 0.9661017 0.9915254 0.9661017 0.9661017 0.9491525 0.9491525 0.9322034 0.9067797 0.8305085 0.8305085
0.968 0.936 0.992 0.944 0.968 0.952 0.944 0.944 0.88 0.928 0.872
0.9067797 0.9576271 0.9661017 0.940678 0.9322034 0.9491525 0.8728814 0.9322034 0.9067797 0.8305085 0.8305085
0.04237288 0.06779661 0.07627119 0.1779661 0.1779661 0.2457627 0.2711864 0.2711864 0.2966102 0.2881356 0.3135593
0.3032787 0.3196721 0.1475410 0.1229508 0.09016393 0.04918033 0.01639344 0.01639344 0 0.008196721 0.008196721
0.01639344 0.04098361 0.008196721 0.02459016 0.01639344 0 0 0.008196721 0.04098361 0.01639344 0.04918033
1 0.974138 0.9827586 0.9913793 0.974138 0.9827586 0.9568966 0.974138 0.9396552 0.9224138 0.8793103
0.1951220 0.1707317 0.0894309 0.09756098 0.1219512 0.1300813 0.1138211 0.09756098 0.09756098 0.07317073 0.07317073
0.398374 0.4227642 0.4065041 0.3577236 0.3739837 0.4390244 0.4065041 0.4552846 0.5203252 0.5365854 0.5365854
0.2868852 0.3114754 0.3032787 0.2622951 0.2622951 0.2622951 0.2950820 0.2459016 0.2622951 0.2459016 0.2377049
0.3064516 0.3064516 0.3064516 0.3629032 0.3709677 0.3629032 0.3629032 0.4354839 0.4193548 0.4596774 0.4435484
0.1707317 0.1788618 0.2357724 0.2926829 0.3170732 0.3089431 0.3577236 0.3821138 0.3414634 0.3658537 0.3333333
0.3089431 0.3414634 0.3414634 0.3252033 0.3333333 0.3333333 0.3333333 0.3577236 0.3414634 0.3739837 0.3739837
0.5 0.5508475 0.4237288 0.5932203 0.4745763 0.4152542 0.4152542 0.4067797 0.3898305 0.440678 0.4237288
0.1300813 0.09756098 0.1138211 0.1382114 0.1300813 0.2032520 0.1951220 0.1951220 0.2195122 0.2357724 0.2357724
0.8728814 0.8728814 0.8305085 0.8135593 0.8644068 0.7627119 0.8559322 0.8305085 0.898305 0.881356 0.8644068
0.3728814 0.2711864 0.3050847 0.2627119 0.3389831 0.3813559 0.3389831 0.3644068 0.3389831 0.3135593 0.3813559
0.902439 0.8699187 0.7723577 0.8211382 0.7642276 0.7642276 0.6422764 0.699187 0.6422764 0.6666667 0.5853659
0.6504065 0.7398374 0.7317073 0.7560976 0.6422764 0.6178862 0.6666667 0.6341463 0.5691057 0.5365854 0.504065
0.9576271 0.9830508 0.940678 0.898305 0.9661017 0.9152542 0.7966102 0.838983 0.898305 0.7966102 0.7033898
0.09482759 0.1034483 0.1379310 0.1810345 0.2413793 0.2413793 0.2586207 0.3103448 0.3448276 0.3275862 0.3362069
0.9067797 0.9576271 0.9152542 0.8559322 0.8898305 0.9237288 0.8728814 0.8728814 0.9067797 0.8305085 0.8305085
0.7131148 0.795082 0.795082 0.8934426 0.7868852 0.7868852 0.8360656 0.7622951 0.7459016 0.795082 0.7622951
0.9186992 0.8699187 0.8617886 0.8699187 0.8536585 0.8617886 0.8130081 0.8617886 0.804878 0.8536585 0.7317073
0.75 0.6209677 0.6612903 0.6774194 0.5887097 0.6290323 0.5967742 0.5 0.4435484 0.4193548 0.3548387
0.8898305 0.8644068 0.8644068 0.9067797 0.9322034 0.9237288 0.838983 0.9322034 0.8050847 0.8305085 0.8305085
0.304 0.312 0.288 0.28 0.24 0.264 0.208 0.184 0.096 0.104 0.128
0.8145161 0.7580645 0.7983871 0.8387097 0.8951613 0.7903226 0.8709677 0.8225806 0.766129 0.8306452 0.8064516
0.909836 0.9016393 0.9508197 0.8934426 0.852459 0.9180328 0.942623 0.8360656 0.909836 0.9344262 0.8196721
0.699187 0.7317073 0.8211382 0.8130081 0.6747967 0.6829268 0.7235772 0.699187 0.6585366 0.7642276 0.699187
