0.4915254 0.5423729 0.5169492 0.6271186 0.6355932 0.6525424 0.6864407 0.6949153 0.7542373 0.8050847 0.7542373
0.3583333 0.3666667 0.375 0.3416667 0.3416667 0.325 0.375 0.3333333 0.3583333 0.35 0.325
0.9067797 0.9152542 0.8644068 0.898305 0.9152542 0.898305 0.9576271 0.9322034 0.9576271 0.8474576 0.881356
0.8644068 0.8474576 0.8728814 0.8644068 0.9491525 0.8728814 0.8644068 0.8135593 0.7542373 0.7881356 0.7966102
0.06451613 0.08064516 0.05645161 0.06451613 0.05645161 0.05645161 0.06451613 0.06451613 0.07258065 0.1048387 0.0967742
0.838983 0.7966102 0.8559322 0.838983 0.8898305 0.898305 0.8728814 0.8898305 0.838983 0.9237288 0.881356
0.3076923 0.3333333 0.3504274 0.3162393 0.3589744 0.4700855 0.4957265 0.4358974 0.5384615 0.6153846 0.6324786
0.5609756 0.4715447 0.5121951 0.4552846 0.4471545 0.4308943 0.4634146 0.4146341 0.5203252 0.4796748 0.4878049
0.3728814 0.4661017 0.4322034 0.5508475 0.559322 0.5338983 0.6694915 0.6440678 0.7118644 0.6271186 0.7288136
0.4615385 0.5299145 0.5641026 0.5897436 0.6581197 0.7264957 0.7008547 0.7606838 0.8376068 0.8888889 0.8119658
0.05833333 0.08333333 0.09166667 0.1166667 0.15 0.175 0.25 0.275 0.3333333 0.3416667 0.3583333
0.7033898 0.6779661 0.7118644 0.7118644 0.720339 0.7288136 0.6864407 0.6949153 0.7288136 0.7118644 0.7118644
0.872 0.776 0.816 0.88 0.84 0.792 0.864 0.768 0.728 0.704 0.776
0.3389831 0.3389831 0.3305085 0.3305085 0.3389831 0.3559322 0.3305085 0.3389831 0.279661 0.2542373 0.2711864
0.1025641 0.1709402 0.1880342 0.1282051 0.1623932 0.1025641 0.1111111 0.1880342 0.1282051 0.1623932 0.1367521
0.0940171 0.05982906 0.03418803 0.05982906 0.04273504 0.01709402 0.02564103 0.04273504 0.04273504 0.04273504 0.04273504
0.1904762 0.2539683 0.2539683 0.3333333 0.3650794 0.3650794 0.4285714 0.4920635 0.531746 0.5873016 0.6031746
0.6949153 0.7457627 0.7288136 0.7457627 0.7372881 0.838983 0.7542373 0.779661 0.9576271 0.9237288 0.881356
0.7833333 0.75 0.725 0.75 0.7333333 0.7083333 0.5666667 0.6416667 0.5833333 0.4583333 0.4333333
0.8305085 0.7372881 0.6355932 0.6355932 0.6186441 0.5762712 0.559322 0.4830508 0.4576271 0.4067797 0.3305085
0.4017094 0.2991453 0.4102564 0.4529915 0.4700855 0.5384615 0.5299145 0.5470085 0.5897436 0.6752137 0.7179487
0.4067797 0.4152542 0.4067797 0.4322034 0.4152542 0.4491525 0.5338983 0.6016949 0.5338983 0.5847458 0.661017
0.7741935 0.7580645 0.7903226 0.7741935 0.7580645 0.8548387 0.8548387 0.8709677 0.8870968 0.8064516 0.8709677
0.02380952 0.02380952 0.02380952 0.007936508 0.03174603 0.02380952 0.04761905 0.03968254 0.03968254 0.03174603 0.03968254
0.056 0.04 0.04 0.04 0.04 0.048 0.08 0.112 0.104 0.144 0.208
0.09322034 0.1101695 0.1101695 0.1355932 0.1864407 0.1864407 0.2118644 0.2711864 0.3220339 0.3474576 0.3305085
0.55 0.5666667 0.475 0.55 0.475 0.35 0.3083333 0.275 0.2583333 0.2333333 0.2083333
0.6666667 0.6583333 0.6416667 0.6083333 0.6833333 0.6916667 0.625 0.7083333 0.6583333 0.7416667 0.6833333
0.1694915 0.1271186 0.07627119 0.09322034 0.07627119 0.03389831 0 0.02542373 0.008474576 0.008474576 0.02542373
0.1825397 0.1666667 0.2063492 0.1666667 0.2142857 0.2063492 0.1904762 0.1904762 0.1984127 0.1746032 0.1825397
0.2777778 0.3015873 0.2777778 0.2301587 0.2460317 0.2301587 0.1904762 0.1825397 0.1587302 0.1825397 0.1349206
0.08130081 0.1138211 0.1138211 0.2195122 0.2439024 0.2520325 0.2764228 0.300813 0.2845528 0.3577236 0.4227642
0.5714286 0.484127 0.3888889 0.3333333 0.3253968 0.2063492 0.1825397 0.1587302 0.1587302 0.0952381 0.0952381
0.475 0.4833333 0.5166667 0.5416667 0.525 0.5333333 0.5583333 0.6083333 0.6833333 0.6 0.7
0.576 0.568 0.592 0.568 0.528 0.52 0.64 0.616 0.648 0.664 0.616
0.2711864 0.3389831 0.3389831 0.3050847 0.3644068 0.3813559 0.3559322 0.3644068 0.3898305 0.3389831 0.3305085
0.2666667 0.3166667 0.2583333 0.1916667 0.1583333 0.125 0.06666667 0.04166667 0.075 0.03333333 0.01666667
0.264 0.28 0.24 0.272 0.296 0.328 0.328 0.336 0.376 0.392 0.456
0.07258065 0.05645161 0.08870968 0.0967742 0.06451613 0.06451613 0.05645161 0.08064516 0.07258065 0.07258065 0.0967742
0.8898305 0.881356 0.8135593 0.838983 0.7372881 0.7288136 0.6864407 0.6440678 0.6440678 0.5847458 0.5508475
0.8474576 0.9322034 0.9067797 0.9491525 0.8898305 0.8559322 0.8559322 0.9322034 0.9067797 0.9237288 0.779661
0.1269841 0.1349206 0.1587302 0.1269841 0.1666667 0.1587302 0.1587302 0.1904762 0.1587302 0.1507937 0.1587302
0.7711864 0.7542373 0.7288136 0.6779661 0.6864407 0.6101695 0.5423729 0.4661017 0.4661017 0.4152542 0.3728814
0.1869919 0.2276423 0.2926829 0.3089431 0.3658537 0.3414634 0.4227642 0.4146341 0.4715447 0.5121951 0.5528455
0.2741935 0.1935484 0.1774194 0.0967742 0.0967742 0.05645161 0.05645161 0.03225806 0.04032258 0.03225806 0.03225806
0.5714286 0.5714286 0.5873016 0.5238095 0.5555556 0.5079365 0.515873 0.515873 0.6111111 0.5 0.5634921
0.8467742 0.8467742 0.8387097 0.8709677 0.9032258 0.8548387 0.8548387 0.8225806 0.8709677 0.8064516 0.7580645
0.2457627 0.2711864 0.2118644 0.2033898 0.2372881 0.2881356 0.3559322 0.3813559 0.3644068 0.4830508 0.5
0.8547009 0.8888889 0.957265 0.8376068 0.931624 0.8632479 0.8803419 0.91453 0.8974359 0.8888889 0.8461538
0.920635 0.984127 0.936508 0.8809524 0.8968254 0.8968254 0.920635 0.9285714 0.9126984 0.8730159 0.8492063
0.7542373 0.7542373 0.8220339 0.7627119 0.720339 0.6949153 0.7457627 0.6864407 0.6101695 0.5932203 0.5508475
0.3559322 0.3305085 0.3220339 0.3305085 0.3389831 0.3728814 0.3559322 0.4237288 0.4152542 0.440678 0.5
0.9237288 0.9915254 0.898305 0.9237288 0.881356 0.8305085 0.8305085 0.9152542 0.7711864 0.7288136 0.8305085
0.440678 0.4152542 0.3983051 0.3135593 0.279661 0.2118644 0.2627119 0.1949153 0.1779661 0.1694915 0.1440678
0.5772358 0.5447154 0.5447154 0.504065 0.4715447 0.3333333 0.3333333 0.300813 0.2845528 0.2439024 0.2439024
0.3050847 0.2627119 0.3050847 0.3050847 0.2711864 0.279661 0.3050847 0.2966102 0.3050847 0.2966102 0.3559322
0.7033898 0.720339 0.720339 0.7118644 0.7118644 0.6525424 0.6525424 0.6101695 0.5762712 0.5084746 0.5
0.2711864 0.2711864 0.1949153 0.2118644 0.1949153 0.1864407 0.2033898 0.279661 0.2881356 0.3728814 0.4237288
0.5470085 0.5726496 0.5641026 0.5128205 0.4188034 0.3675214 0.2905983 0.1880342 0.1794872 0.1282051 0.05128205
0.1869919 0.2601626 0.2682927 0.3414634 0.4227642 0.3821138 0.4715447 0.5121951 0.5203252 0.6422764 0.5853659
0.483871 0.4596774 0.4516129 0.5241935 0.5403226 0.5322581 0.516129 0.5967742 0.6612903 0.6290323 0.7419355
0.7372881 0.7457627 0.7542373 0.7457627 0.6864407 0.6355932 0.6779661 0.6186441 0.5762712 0.5254237 0.5338983
0.632 0.632 0.624 0.696 0.704 0.72 0.752 0.768 0.84 0.888 0.776
0.3728814 0.3559322 0.3559322 0.3305085 0.3474576 0.3728814 0.3305085 0.3389831 0.2881356 0.3305085 0.3305085
1 0.9830508 1 0.9915254 0.9830508 0.9830508 0.9576271 0.9745763 0.9576271 0.9237288 0.881356
0.7372881 0.7711864 0.6949153 0.7033898 0.6949153 0.661017 0.5847458 0.5338983 0.5 0.4491525 0.4152542
0.661017 0.7033898 0.6355932 0.6440678 0.6440678 0.5254237 0.5338983 0.4661017 0.4322034 0.440678 0.440678
0.6048387 0.5725806 0.5967742 0.5322581 0.5967742 0.5080645 0.5564516 0.4758065 0.5 0.516129 0.4677419
0.9059829 0.91453 0.923077 0.9059829 0.8547009 0.8632479 0.8803419 0.8119658 0.8376068 0.8034188 0.8119658
0.04237288 0.02542373 0.07627119 0.01694915 0.08474576 0.1271186 0.1525424 0.1525424 0.2288136 0.2627119 0.279661
0.559322 0.5508475 0.559322 0.5254237 0.6016949 0.559322 0.5169492 0.4491525 0.5508475 0.4322034 0.4322034
0.8474576 0.8644068 0.8474576 0.8728814 0.8559322 0.8728814 0.9067797 0.9661017 0.940678 0.8644068 0.9067797
0.8809524 0.8650794 0.9047619 0.8571429 0.7539683 0.7460317 0.8015873 0.7222222 0.6984127 0.6507937 0.6349206
0.8135593 0.7288136 0.8474576 0.8050847 0.8305085 0.898305 0.7881356 0.8644068 0.8728814 0.8644068 0.9067797
0.3162393 0.4188034 0.5128205 0.5128205 0.5982906 0.6239316 0.6837607 0.6495726 0.7777778 0.7948718 0.7435897
0.6186441 0.6949153 0.779661 0.8898305 0.9237288 0.8644068 0.8644068 0.8135593 0.8728814 0.8644068 0.7966102
0.796748 0.6422764 0.7235772 0.6585366 0.6422764 0.5772358 0.6178862 0.5934959 0.5853659 0.5365854 0.5365854
0.4552846 0.4634146 0.4796748 0.5365854 0.5447154 0.5284553 0.5284553 0.5121951 0.5528455 0.6422764 0.5365854
0.4523810 0.531746 0.515873 0.5238095 0.5 0.5 0.5079365 0.547619 0.5238095 0.531746 0.6111111
0.1694915 0.1355932 0.1016949 0.1525424 0.1101695 0.1101695 0.1016949 0.07627119 0.1101695 0.1271186 0.1016949
0.4491525 0.5508475 0.5677966 0.6016949 0.6355932 0.661017 0.6694915 0.720339 0.720339 0.7372881 0.7711864
0.4102564 0.4529915 0.5641026 0.5555556 0.5555556 0.5555556 0.5299145 0.5982906 0.6666667 0.6752137 0.6068376
0.2457627 0.220339 0.2966102 0.2457627 0.2457627 0.2542373 0.2966102 0.3644068 0.3559322 0.4152542 0.3983051
0.2307692 0.2393162 0.2051282 0.1709402 0.1538462 0.1025641 0.1538462 0.1282051 0.1282051 0.1538462 0.1025641
0.1694915 0.1355932 0.1101695 0.1186441 0.1101695 0.08474576 0.06779661 0.09322034 0.1186441 0.1101695 0.1271186
0.4067797 0.4830508 0.4491525 0.4745763 0.4322034 0.4322034 0.4661017 0.5 0.4237288 0.4322034 0.4661017
0.8 0.8083333 0.7833333 0.7916667 0.7833333 0.7833333 0.925 0.9083333 0.8083333 0.875 0.8583333
0.2307692 0.2991453 0.3504274 0.4615385 0.4700855 0.4700855 0.5384615 0.5384615 0.5384615 0.6324786 0.6068376
0.5483871 0.6370968 0.5967742 0.5483871 0.5403226 0.5322581 0.5322581 0.5887097 0.516129 0.5322581 0.4758065
0.1101695 0.07627119 0.06779661 0.1016949 0.1440678 0.1694915 0.2033898 0.2372881 0.279661 0.3474576 0.3220339
0.6666667 0.6495726 0.6752137 0.5897436 0.7264957 0.7264957 0.7692308 0.8461538 0.7863248 0.8034188 0.8119658
0.2936508 0.3571429 0.3412698 0.3968254 0.4761905 0.484127 0.484127 0.5793651 0.531746 0.6190476 0.7142857
0.6666667 0.7083333 0.625 0.6083333 0.6583333 0.6 0.5583333 0.6916667 0.6416667 0.6416667 0.725
0.1746032 0.2222222 0.1190476 0.1666667 0.1428571 0.2142857 0.2380952 0.2222222 0.2936508 0.2539683 0.3015873
0.1016949 0.1016949 0.08474576 0.1016949 0.1101695 0.1101695 0.1186441 0.1440678 0.1694915 0.2711864 0.2372881
0.7083333 0.7583333 0.625 0.75 0.75 0.8 0.7166667 0.7166667 0.775 0.8 0.7666667
0.4237288 0.4237288 0.3983051 0.3983051 0.3644068 0.3728814 0.3559322 0.3389831 0.3474576 0.3728814 0.3305085
0.01626016 0.03252033 0.02439024 0.01626016 0.01626016 0.008130081 0.01626016 0.02439024 0.04878049 0.04878049 0.03252033
0.4786325 0.4273504 0.5641026 0.6153846 0.6239316 0.5897436 0.6837607 0.5726496 0.6239316 0.7264957 0.7094017
0.5333333 0.575 0.6166667 0.5666667 0.5166667 0.5416667 0.4 0.375 0.3416667 0.3333333 0.3083333
0.02542373 0.03389831 0.04237288 0.05084746 0.01694915 0.04237288 0.04237288 0.05084746 0.06779661 0.05932203 0.1016949
0.5384615 0.5299145 0.6068376 0.5555556 0.5128205 0.5299145 0.5641026 0.4358974 0.4786325 0.4529915 0.4615385
0.6752137 0.6239316 0.7179487 0.6923077 0.6410256 0.6153846 0.7008547 0.5811966 0.5641026 0.6324786 0.6495726
0.8968254 0.8253968 0.8571429 0.8650794 0.7698413 0.7698413 0.7380952 0.7301587 0.7777778 0.7777778 0.8492063
0.1190476 0.1111111 0.1269841 0.1587302 0.1746032 0.2063492 0.2777778 0.2619048 0.2936508 0.3015873 0.2777778
0.896 0.896 0.92 0.92 0.944 0.944 0.944 0.904 0.928 0.888 0.776
0.9745763 0.9661017 0.9915254 0.9915254 0.9830508 0.9830508 0.9576271 0.9745763 0.9576271 0.9237288 0.881356
0.9745763 0.9661017 0.9915254 0.9915254 0.9830508 0.9830508 0.9237288 0.9745763 0.9576271 0.9237288 0.881356
0.1101695 0.1101695 0.1186441 0.220339 0.3050847 0.3135593 0.3728814 0.3983051 0.3898305 0.4067797 0.4915254
0.3387097 0.3064516 0.25 0.1693548 0.1370968 0.07258065 0.05645161 0.0483871 0.04032258 0.03225806 0.02419355
0.05 0.04166667 0.008333333 0.008333333 0 0 0 0.008333333 0.008333333 0.01666667 0.01666667
0.940171 0.982906 0.965812 0.991453 0.965812 0.957265 0.940171 0.91453 0.8974359 0.8888889 0.8461538
0.1300813 0.1382114 0.1138211 0.1056911 0.09756098 0.1138211 0.0894309 0.0894309 0.05691057 0.04878049 0.05691057
0.325 0.3583333 0.375 0.3833333 0.4583333 0.4 0.4666667 0.5 0.575 0.525 0.5416667
0.1864407 0.2542373 0.2542373 0.2372881 0.2288136 0.1864407 0.2118644 0.2033898 0.2033898 0.2542373 0.2288136
0.4491525 0.4067797 0.3983051 0.3898305 0.4491525 0.4830508 0.4915254 0.5423729 0.5508475 0.5847458 0.6101695
0.2051282 0.2991453 0.3846154 0.4615385 0.4871795 0.5128205 0.4529915 0.5128205 0.4444444 0.4358974 0.4102564
0.192 0.248 0.232 0.224 0.224 0.248 0.24 0.248 0.28 0.256 0.232
0.5555556 0.5238095 0.5873016 0.4920635 0.5238095 0.5079365 0.4206349 0.4444444 0.4603175 0.515873 0.4761905
0.336 0.272 0.488 0.344 0.36 0.448 0.44 0.384 0.536 0.48 0.448
0.8559322 0.8644068 0.8728814 0.8728814 0.8135593 0.8644068 0.9067797 0.9152542 0.8135593 0.8644068 0.7966102
0.3821138 0.3739837 0.3495935 0.300813 0.3414634 0.3089431 0.2682927 0.2601626 0.2845528 0.2845528 0.2682927
0.8548387 0.8951613 0.8387097 0.8709677 0.7983871 0.733871 0.6935484 0.7419355 0.75 0.6451613 0.6129032
0.725 0.7083333 0.6833333 0.7666667 0.7083333 0.6416667 0.625 0.5833333 0.5916667 0.4916667 0.575
0.8861789 0.9837398 0.9268293 0.9349593 0.8699187 0.8699187 0.9268293 0.8780488 0.8373984 0.8617886 0.8130081
0.1111111 0.0952381 0.0952381 0.1587302 0.2539683 0.2142857 0.3571429 0.3412698 0.3333333 0.3174603 0.3253968
0.8730159 0.8650794 0.9047619 0.9285714 0.8571429 0.9285714 0.8888889 0.8809524 0.9126984 0.8730159 0.8492063
0.8861789 0.8211382 0.8699187 0.9349593 0.8699187 0.9268293 0.9268293 0.8780488 0.8373984 0.8617886 0.8130081
0.8968254 0.936508 0.9444444 0.9047619 0.8571429 0.8730159 0.8650794 0.8333333 0.7857143 0.8253968 0.7222222
0.616 0.632 0.584 0.496 0.44 0.352 0.28 0.256 0.2 0.232 0.16
0.6916667 0.7083333 0.8333333 0.8583333 0.8416667 0.875 0.925 0.9583333 0.8083333 0.875 0.7583333
0.264 0.224 0.264 0.232 0.208 0.216 0.16 0.12 0.128 0.104 0.08
0.8225806 0.782258 0.8387097 0.7903226 0.8145161 0.8709677 0.8225806 0.8387097 0.8064516 0.766129 0.8709677
0.8305085 0.8898305 0.8728814 0.7966102 0.8305085 0.779661 0.8305085 0.7288136 0.6949153 0.8644068 0.7372881
0.7711864 0.720339 0.6949153 0.6949153 0.6440678 0.661017 0.6355932 0.6694915 0.5677966 0.5762712 0.5169492
