0.5603448 0.5086207 0.4827586 0.5258621 0.5862069 0.5258621 0.5948276 0.6896552 0.6810345 0.724138 0.7068966
0.2857143 0.2777778 0.2539683 0.2460317 0.2857143 0.3015873 0.3253968 0.3333333 0.3412698 0.3174603 0.3253968
0.8016529 0.8677686 0.8347107 0.8347107 0.8099174 0.8677686 0.8429752 0.9173554 0.9090909 0.9256198 0.8347107
0.8211382 0.7235772 0.7317073 0.9105691 0.8292683 0.8861789 0.8211382 0.796748 0.804878 0.8373984 0.7479675
0.09166667 0.06666667 0.05833333 0.06666667 0.04166667 0.06666667 0.03333333 0.06666667 0.075 0.06666667 0.05833333
0.7777778 0.8174603 0.8968254 0.9047619 0.8095238 0.7857143 0.8809524 0.8253968 0.8492063 0.8492063 0.8333333
0.2333333 0.2666667 0.3333333 0.35 0.4 0.4 0.3916667 0.45 0.4166667 0.4583333 0.4416667
0.6280992 0.6115702 0.5702479 0.5206612 0.4958678 0.4297521 0.3801653 0.3471074 0.3057851 0.3140496 0.2975207
0.4552846 0.4878049 0.5447154 0.5447154 0.5934959 0.6260163 0.6097561 0.6097561 0.6178862 0.6504065 0.6747967
0.5691057 0.601626 0.601626 0.6504065 0.699187 0.8211382 0.699187 0.7154472 0.804878 0.8373984 0.8455285
0.06034483 0.0775862 0.06034483 0.1120690 0.1120690 0.1724138 0.1810345 0.25 0.2413793 0.25 0.2758621
0.6280992 0.661157 0.677686 0.7024793 0.7355372 0.8181818 0.8099174 0.7438017 0.8016529 0.8595041 0.8347107
0.8688525 0.8114754 0.8114754 0.8032787 0.7786885 0.7459016 0.852459 0.7459016 0.7213115 0.7786885 0.7131148
0.2931034 0.3017241 0.2672414 0.3103448 0.3793103 0.3362069 0.362069 0.4224138 0.4137931 0.362069 0.387931
0.05882353 0.05042017 0.05042017 0.04201681 0.02521008 0.05042017 0.05042017 0.03361345 0.04201681 0.07563025 0.06722689
0.08196721 0.03278689 0.02459016 0.008196721 0 0.008196721 0.008196721 0.008196721 0.02459016 0.04098361 0.03278689
0.2327586 0.1982759 0.2844828 0.3965517 0.3362069 0.4655172 0.4827586 0.5517241 0.612069 0.5775862 0.6465517
0.6724138 0.6810345 0.6810345 0.6810345 0.7068966 0.724138 0.7586207 0.8534483 0.862069 0.8965517 0.9137931
0.8032787 0.7786885 0.8114754 0.7786885 0.7622951 0.6721311 0.647541 0.5983607 0.5409836 0.5409836 0.4918033
0.7416667 0.7666667 0.725 0.6083333 0.75 0.65 0.6 0.5833333 0.525 0.425 0.4083333
0.4016393 0.352459 0.4098361 0.4508197 0.3606557 0.5163934 0.5245902 0.4918033 0.5327869 0.6147541 0.6229508
0.5517241 0.5344828 0.4741379 0.5 0.5862069 0.5258621 0.5172414 0.5344828 0.6637931 0.5775862 0.5948276
0.6967213 0.795082 0.7786885 0.795082 0.8770492 0.8442623 0.795082 0.7540984 0.8196721 0.8360656 0.8360656
0.04310345 0.03448276 0.01724138 0.00862069 0.03448276 0 0.01724138 0.04310345 0.04310345 0.03448276 0.02586207
0.05882353 0.05042017 0.02521008 0.04201681 0.05882353 0.05882353 0.1176471 0.1008403 0.1092437 0.1932773 0.2100840
0.06896552 0.1034483 0.09482759 0.1551724 0.1293103 0.2155172 0.2241379 0.25 0.2586207 0.2758621 0.2844828
0.5258621 0.5258621 0.4396552 0.4396552 0.3189655 0.3103448 0.2327586 0.2155172 0.1982759 0.1293103 0.1637931
0.7068966 0.75 0.6551724 0.7155172 0.6293103 0.6293103 0.7413793 0.7672414 0.6724138 0.6810345 0.612069
0.1746032 0.1269841 0.0952381 0.04761905 0.07142857 0.03968254 0.03968254 0.01587302 0.007936508 0.007936508 0.007936508
0.2479339 0.2892562 0.2975207 0.3140496 0.3057851 0.2975207 0.2975207 0.3223140 0.338843 0.2809917 0.3223140
0.2698413 0.2619048 0.2301587 0.2142857 0.2301587 0.2142857 0.1190476 0.1190476 0.1190476 0.1269841 0.0952381
0.1260504 0.1344538 0.1260504 0.2268908 0.2184874 0.3277311 0.3697479 0.4117647 0.4201681 0.487395 0.512605
0.5862069 0.5603448 0.4482759 0.3706897 0.2758621 0.2931034 0.2068966 0.1896552 0.1206897 0.1120690 0.0862069
0.5365854 0.5691057 0.6097561 0.5772358 0.5934959 0.6260163 0.6666667 0.6422764 0.6747967 0.6422764 0.7073171
0.6293103 0.5775862 0.5948276 0.6206897 0.6206897 0.6896552 0.7068966 0.6896552 0.6465517 0.7155172 0.637931
0.3739837 0.3089431 0.3414634 0.3252033 0.3821138 0.3658537 0.3902439 0.3821138 0.3821138 0.3739837 0.3577236
0.3252033 0.2845528 0.2276423 0.1626016 0.1219512 0.06504065 0.02439024 0.02439024 0.008130081 0 0.008130081
0.1428571 0.1596639 0.1764706 0.2268908 0.2352941 0.2521008 0.2605042 0.3445378 0.3361345 0.3697479 0.4033613
0.1707317 0.2032520 0.1951220 0.1707317 0.1951220 0.1788618 0.2439024 0.1707317 0.2276423 0.2032520 0.1869919
0.8793103 0.8362069 0.7931034 0.8362069 0.75 0.7327586 0.8189655 0.6896552 0.612069 0.6551724 0.5689655
0.8699187 0.8861789 0.9268293 0.894309 0.902439 0.804878 0.8617886 0.796748 0.8617886 0.8699187 0.8699187
0.2131148 0.2295082 0.1967213 0.2622951 0.2540984 0.2295082 0.2295082 0.1885246 0.1721311 0.1639344 0.1475410
0.7155172 0.6206897 0.6293103 0.5344828 0.5862069 0.5258621 0.5344828 0.4482759 0.4396552 0.4137931 0.4137931
0.4833333 0.475 0.55 0.475 0.5583333 0.55 0.575 0.5833333 0.625 0.5333333 0.5333333
0.2758621 0.2241379 0.1982759 0.1293103 0.1034483 0.09482759 0.1120690 0.0862069 0.06034483 0.0775862 0.05172414
0.6280992 0.6115702 0.6942149 0.5206612 0.6198347 0.553719 0.5123967 0.5619835 0.5867769 0.5785124 0.5289256
0.8706897 0.862069 0.9137931 0.862069 0.7931034 0.8706897 0.8103448 0.8706897 0.862069 0.8965517 0.9137931
0.2758621 0.2155172 0.2155172 0.2413793 0.1724138 0.1637931 0.1206897 0.1810345 0.1293103 0.1293103 0.1293103
0.9482759 0.9224138 0.9224138 0.9655172 0.9224138 0.9224138 0.9396552 0.9224138 0.9396552 0.9482759 0.862069
0.9159664 0.9495798 0.9495798 0.882353 0.8991597 0.9159664 0.882353 0.8487395 0.8235294 0.8403361 0.8235294
0.7723577 0.699187 0.7235772 0.7723577 0.7073171 0.6910569 0.6829268 0.6178862 0.6178862 0.5609756 0.504065
0.2231405 0.2727273 0.2066116 0.2561983 0.2809917 0.3223140 0.3636364 0.4049587 0.3966942 0.4628099 0.5206612
0.8770492 0.9262295 0.9016393 0.9262295 0.8852459 0.8442623 0.9016393 0.8360656 0.7622951 0.7786885 0.6639344
0.3103448 0.3189655 0.2327586 0.3017241 0.1724138 0.2241379 0.1896552 0.2413793 0.1982759 0.1810345 0.1896552
0.6260163 0.601626 0.5853659 0.5284553 0.4796748 0.4065041 0.3495935 0.3089431 0.2195122 0.2195122 0.1626016
0.2131148 0.1639344 0.2540984 0.2377049 0.2213115 0.2622951 0.1721311 0.1967213 0.1229508 0.1721311 0.1639344
0.7560976 0.6910569 0.7235772 0.6747967 0.6422764 0.6422764 0.6747967 0.5691057 0.5609756 0.5121951 0.4878049
0.3902439 0.3333333 0.3252033 0.2601626 0.2845528 0.2520325 0.3333333 0.3495935 0.3414634 0.4227642 0.4308943
0.6885246 0.6147541 0.557377 0.5081967 0.3606557 0.4180328 0.3032787 0.2868852 0.2459016 0.2459016 0.1639344
0.3739837 0.3739837 0.4390244 0.4634146 0.5284553 0.5528455 0.6341463 0.6585366 0.7073171 0.699187 0.7398374
0.3448276 0.4396552 0.4310345 0.4051724 0.4655172 0.5258621 0.5 0.5258621 0.5948276 0.5603448 0.5948276
0.7731092 0.7310924 0.7310924 0.697479 0.7142857 0.7142857 0.6722689 0.697479 0.7478992 0.7058824 0.7142857
0.637931 0.6465517 0.6293103 0.6206897 0.6551724 0.7586207 0.724138 0.75 0.7844828 0.75 0.7931034
0.2945736 0.2945736 0.3023256 0.3255814 0.3255814 0.3178295 0.3488372 0.3565891 0.3643411 0.3100775 0.3333333
0.9913793 0.974138 0.9568966 0.9655172 0.9655172 0.9568966 0.974138 0.9396552 0.9137931 0.8965517 0.9137931
0.775862 0.6465517 0.7413793 0.7068966 0.637931 0.637931 0.6637931 0.5258621 0.4741379 0.5172414 0.5172414
0.5916667 0.5666667 0.55 0.525 0.4666667 0.4416667 0.35 0.3333333 0.3 0.2666667 0.3
0.6097561 0.6260163 0.5609756 0.6178862 0.5609756 0.504065 0.4634146 0.5203252 0.4146341 0.4878049 0.4552846
0.882353 0.9159664 0.9243697 0.9579832 0.8571429 0.9159664 0.882353 0.8487395 0.8319328 0.8403361 0.8235294
0 0 0.007936508 0.01587302 0.02380952 0.007936508 0.03174603 0.03174603 0.04761905 0.0952381 0.0952381
0.4227642 0.4308943 0.3902439 0.4471545 0.4227642 0.4552846 0.4471545 0.4390244 0.3902439 0.3902439 0.3658537
0.875 0.9333333 0.9083333 0.85 0.9166667 0.875 0.8833333 0.9083333 0.925 0.9 0.8666667
0.9586777 0.9008264 0.9338843 0.9338843 0.9421488 0.8347107 0.8677686 0.9173554 0.8181818 0.9256198 0.8347107
0.6810345 0.7672414 0.6896552 0.7931034 0.7586207 0.8534483 0.8793103 0.8189655 0.862069 0.8103448 0.8017241
0.4789916 0.4705882 0.5210084 0.5714286 0.6470588 0.6554622 0.6722689 0.6134454 0.7478992 0.7226891 0.7563025
0.6416667 0.775 0.7583333 0.8166667 0.8416667 0.8083333 0.8833333 0.8583333 0.875 0.9 0.8666667
0.5934959 0.601626 0.5772358 0.5772358 0.504065 0.4715447 0.504065 0.5284553 0.4308943 0.504065 0.4634146
0.4508197 0.5737705 0.5655738 0.5819672 0.5983607 0.6147541 0.5737705 0.6065574 0.6311475 0.6967213 0.6803279
0.5210084 0.4621849 0.4621849 0.4957983 0.4789916 0.5042017 0.4789916 0.512605 0.3865546 0.4537815 0.4369748
0.1344538 0.1092437 0.1428571 0.1596639 0.09243697 0.06722689 0.05042017 0.07563025 0.08403361 0.1092437 0.09243697
0.5517241 0.6034483 0.612069 0.6896552 0.7068966 0.6637931 0.7413793 0.6896552 0.7672414 0.75 0.75
0.5737705 0.4672131 0.6229508 0.5819672 0.6147541 0.5819672 0.6147541 0.6147541 0.6803279 0.6967213 0.6639344
0.07438017 0.07438017 0.05785124 0.08264463 0.07438017 0.1404959 0.1487603 0.1652893 0.1404959 0.2148760 0.2314050
0.1570248 0.1239669 0.1322314 0.1157025 0.1404959 0.1157025 0.1487603 0.1074380 0.1404959 0.1074380 0.1074380
0.2248062 0.1627907 0.1550388 0.1860465 0.1782946 0.1317829 0.1317829 0.1317829 0.09302326 0.1627907 0.09302326
0.2758621 0.3017241 0.2931034 0.3189655 0.3189655 0.3189655 0.3534483 0.4051724 0.362069 0.3448276 0.3362069
0.7310924 0.789916 0.7731092 0.7142857 0.8487395 0.9159664 0.882353 0.8991597 0.8907563 0.8403361 0.8235294
0.2131148 0.3360656 0.3852459 0.3934426 0.3442623 0.4344262 0.4836066 0.4754098 0.4590164 0.5 0.5
0.5517241 0.5603448 0.4827586 0.5 0.4568966 0.4655172 0.4827586 0.4224138 0.4482759 0.4310345 0.4568966
0.008403361 0.01680672 0.04201681 0.04201681 0.08403361 0.08403361 0.1512605 0.2268908 0.1764706 0.2689076 0.2689076
0.6260163 0.6178862 0.699187 0.699187 0.6585366 0.6910569 0.7154472 0.7560976 0.8130081 0.8130081 0.7398374
0.3884298 0.4132231 0.3801653 0.4214876 0.4049587 0.4876033 0.4876033 0.5206612 0.5371901 0.5950413 0.661157
0.75 0.7666667 0.725 0.7 0.6333333 0.7333333 0.6666667 0.65 0.6666667 0.7166667 0.6333333
0.2586207 0.25 0.2327586 0.2155172 0.1982759 0.1724138 0.1637931 0.1293103 0.1293103 0.1034483 0.1293103
0.1724138 0.1982759 0.1810345 0.1551724 0.1896552 0.1724138 0.2068966 0.2155172 0.1982759 0.2586207 0.2586207
0.7768595 0.785124 0.7355372 0.8512397 0.8099174 0.8677686 0.8677686 0.7438017 0.8099174 0.9256198 0.8347107
0.5041322 0.446281 0.4380165 0.3801653 0.3305785 0.2809917 0.2809917 0.2727273 0.2314050 0.2231405 0.1983471
0.03968254 0.03174603 0.007936508 0.02380952 0.03174603 0.02380952 0.05555556 0.04761905 0.04761905 0.08730159 0.07936508
0.4634146 0.5691057 0.5853659 0.5772358 0.5528455 0.6666667 0.6666667 0.7560976 0.6504065 0.6585366 0.699187
0.5 0.4916667 0.4833333 0.4416667 0.45 0.4083333 0.35 0.325 0.325 0.2583333 0.275
0.0909091 0.0661157 0.0661157 0.05785124 0.0661157 0.08264463 0.09917355 0.1074380 0.1404959 0.1157025 0.1818182
0.5966387 0.5294118 0.5378151 0.5042017 0.5630252 0.5294118 0.4453782 0.4957983 0.4201681 0.4537815 0.4369748
0.4655172 0.5172414 0.4827586 0.5431034 0.5775862 0.5258621 0.4568966 0.4224138 0.362069 0.3706897 0.387931
0.8 0.8 0.775 0.7833333 0.7583333 0.8583333 0.7 0.85 0.8166667 0.8083333 0.775
0.05426357 0.06976744 0.06976744 0.0620155 0.1472868 0.1550388 0.1395349 0.2325581 0.2403101 0.2403101 0.2713178
0.9512195 0.9268293 0.9837398 0.9837398 0.9593496 0.9430894 0.9430894 0.902439 0.9349593 0.8861789 0.9186992
1 0.9761905 0.9920635 0.9603175 0.9444444 0.9603175 0.952381 0.9285714 0.9126984 0.8492063 0.8333333
0.9327731 0.9411765 0.9495798 0.97479 0.9411765 0.9411765 0.9243697 0.8991597 0.8907563 0.8403361 0.8235294
0.1311475 0.09836066 0.1639344 0.2213115 0.2868852 0.3032787 0.2950820 0.3852459 0.3442623 0.3852459 0.4672131
0.3095238 0.2619048 0.2222222 0.2142857 0.1111111 0.02380952 0.04761905 0.01587302 0.007936508 0.007936508 0
0.008403361 0.01680672 0 0 0 0 0 0 0.008403361 0.01680672 0.01680672
0.9482759 0.9913793 0.9396552 0.9655172 0.974138 0.9568966 0.9568966 0.9224138 0.9396552 0.9482759 0.862069
0.1463415 0.09756098 0.1219512 0.08130081 0.05691057 0.0894309 0.0894309 0.05691057 0.04878049 0.04878049 0.07317073
0.3333333 0.3492063 0.3809524 0.3968254 0.4126984 0.515873 0.5238095 0.515873 0.547619 0.5793651 0.484127
0.2015504 0.2248062 0.2248062 0.248062 0.2015504 0.2015504 0.2093023 0.2093023 0.2093023 0.2558140 0.2015504
0.3100775 0.2945736 0.2868217 0.3255814 0.3565891 0.3953488 0.4108527 0.4573643 0.4186047 0.5271318 0.4573643
0.1810345 0.2068966 0.2327586 0.3189655 0.3189655 0.3362069 0.362069 0.4051724 0.3965517 0.3534483 0.3706897
0.1982759 0.2068966 0.2844828 0.2413793 0.3103448 0.3534483 0.3103448 0.3189655 0.3103448 0.3189655 0.2931034
0.612069 0.5775862 0.5431034 0.5689655 0.5431034 0.4913793 0.5086207 0.5258621 0.5 0.5172414 0.5948276
0.1626016 0.2276423 0.1951220 0.2113821 0.2845528 0.2520325 0.3252033 0.3089431 0.3414634 0.3821138 0.4065041
0.8536585 0.7154472 0.8699187 0.7317073 0.7398374 0.8211382 0.7560976 0.8373984 0.804878 0.8861789 0.9186992
0.3666667 0.325 0.2833333 0.2583333 0.2583333 0.2833333 0.2916667 0.2666667 0.25 0.25 0.2583333
0.8536585 0.8455285 0.8292683 0.8861789 0.804878 0.7398374 0.7073171 0.7642276 0.7073171 0.7235772 0.6260163
0.6916667 0.7166667 0.775 0.8333333 0.8083333 0.7666667 0.725 0.7666667 0.725 0.8 0.7583333
0.9482759 0.9655172 0.9310345 0.9655172 0.9224138 0.8793103 0.9396552 0.9224138 0.8965517 0.7586207 0.7327586
0.1166667 0.1083333 0.125 0.2 0.175 0.2333333 0.2416667 0.2666667 0.325 0.2916667 0.2916667
0.8739496 0.8739496 0.9159664 0.8907563 0.8739496 0.9159664 0.8907563 0.8487395 0.8907563 0.8403361 0.8235294
0.8166667 0.8166667 0.775 0.8166667 0.85 0.7916667 0.8916667 0.85 0.875 0.8083333 0.775
0.9666667 0.875 0.95 0.9416667 0.9166667 0.9333333 0.8833333 0.85 0.875 0.7333333 0.6916667
0.6465517 0.6293103 0.612069 0.4827586 0.4310345 0.3448276 0.3448276 0.2672414 0.2241379 0.25 0.2155172
0.7317073 0.6910569 0.8699187 0.8861789 0.7804878 0.8455285 0.9430894 0.902439 0.8699187 0.8861789 0.9186992
0.4224138 0.4051724 0.387931 0.3103448 0.2844828 0.2931034 0.1896552 0.1896552 0.1206897 0.1034483 0.09482759
0.8099174 0.8264463 0.8347107 0.9256198 0.8347107 0.9090909 0.8677686 0.7933884 0.8099174 0.8595041 0.8347107
0.8965517 0.974138 0.8793103 0.8965517 0.9224138 0.7844828 0.8448276 0.8362069 0.9396552 0.8362069 0.862069
0.7054264 0.6976744 0.6821705 0.7364341 0.7751938 0.6821705 0.7131783 0.7286822 0.6589147 0.6899225 0.6434109
