0.188 0.136 0.142 0.122 0.096 0.082 0.068 0.046 0.018 0.026 0.016
0.242 0.236 0.226 0.212 0.192 0.186 0.164 0.134 0.118 0.104 0.09
0.034 0.02 0.032 0.024 0.014 0.014 0.012 0.01 0.004 0.004 0
0.068 0.054 0.028 0.024 0.054 0.04 0.032 0.026 0.012 0.026 0.016
0.464 0.442 0.424 0.506 0.464 0.5 0.538 0.532 0.572 0.552 0.52
0.064 0.054 0.034 0.028 0.032 0.028 0.014 0.016 0.006 0.002 0.008
0.306 0.32 0.304 0.236 0.222 0.22 0.19 0.156 0.132 0.078 0.082
0.178 0.176 0.226 0.218 0.242 0.28 0.296 0.272 0.306 0.32 0.36
0.214 0.182 0.164 0.124 0.124 0.086 0.068 0.042 0.032 0.032 0.028
0.104 0.102 0.096 0.048 0.046 0.042 0.024 0.014 0.012 0.006 0.002
0.5 0.468 0.422 0.396 0.33 0.3 0.292 0.256 0.168 0.132 0.116
0.134 0.096 0.09 0.094 0.08 0.068 0.054 0.052 0.054 0.036 0.058
0.058 0.03 0.054 0.042 0.044 0.032 0.036 0.008 0.02 0.018 0.02
0.186 0.222 0.236 0.19 0.214 0.154 0.134 0.1 0.118 0.094 0.084
0.532 0.496 0.504 0.498 0.512 0.534 0.504 0.466 0.468 0.488 0.464
0.588 0.552 0.544 0.626 0.568 0.568 0.604 0.582 0.566 0.558 0.528
0.382 0.332 0.306 0.28 0.204 0.202 0.158 0.12 0.1 0.07 0.062
0.048 0.054 0.062 0.042 0.042 0.02 0.02 0.012 0.002 0.01 0.008
0.064 0.058 0.066 0.056 0.078 0.074 0.08 0.098 0.104 0.116 0.14
0.054 0.048 0.068 0.07 0.072 0.092 0.086 0.12 0.104 0.138 0.154
0.364 0.34 0.338 0.304 0.244 0.218 0.186 0.148 0.112 0.112 0.088
0.222 0.214 0.206 0.172 0.156 0.166 0.148 0.124 0.076 0.07 0.074
0.066 0.054 0.056 0.052 0.034 0.014 0.02 0.016 0.01 0.01 0.008
0.638 0.612 0.64 0.582 0.614 0.596 0.62 0.588 0.622 0.594 0.542
0.53 0.562 0.546 0.544 0.53 0.474 0.472 0.454 0.43 0.368 0.402
0.516 0.486 0.436 0.438 0.298 0.278 0.292 0.228 0.182 0.134 0.114
0.128 0.134 0.144 0.176 0.18 0.218 0.27 0.292 0.312 0.402 0.422
0.098 0.072 0.092 0.084 0.076 0.07 0.054 0.044 0.026 0.018 0.036
0.382 0.422 0.434 0.53 0.548 0.54 0.58 0.572 0.656 0.67 0.68
0.28 0.264 0.28 0.254 0.258 0.26 0.288 0.274 0.302 0.324 0.316
0.352 0.316 0.332 0.362 0.414 0.342 0.39 0.418 0.456 0.46 0.506
0.39 0.424 0.402 0.326 0.29 0.296 0.218 0.174 0.168 0.092 0.076
0.164 0.18 0.21 0.242 0.274 0.34 0.364 0.36 0.436 0.424 0.488
0.228 0.164 0.156 0.136 0.104 0.1 0.076 0.062 0.058 0.054 0.046
0.19 0.154 0.15 0.13 0.092 0.096 0.058 0.054 0.034 0.042 0.048
0.316 0.33 0.318 0.266 0.284 0.284 0.248 0.244 0.234 0.242 0.242
0.294 0.324 0.376 0.386 0.456 0.496 0.508 0.57 0.6 0.638 0.69
0.448 0.372 0.372 0.35 0.326 0.364 0.29 0.26 0.204 0.188 0.168
0.394 0.382 0.378 0.356 0.38 0.378 0.352 0.312 0.334 0.306 0.31
0.03 0.03 0.03 0.016 0.028 0.028 0.03 0.01 0.018 0.008 0.008
0.004 0.012 0.018 0.008 0.014 0.012 0.012 0.006 0.002 0.002 0.004
0.35 0.318 0.362 0.298 0.336 0.29 0.264 0.288 0.246 0.264 0.282
0.098 0.068 0.084 0.102 0.128 0.122 0.15 0.132 0.14 0.162 0.186
0.258 0.268 0.232 0.196 0.174 0.126 0.134 0.086 0.09 0.072 0.072
0.386 0.378 0.366 0.492 0.46 0.514 0.544 0.562 0.622 0.66 0.666
0.106 0.098 0.094 0.094 0.136 0.094 0.112 0.084 0.078 0.084 0.068
0.046 0.032 0.03 0.024 0.022 0.016 0.018 0.004 0.008 0.014 0.012
0.362 0.306 0.344 0.38 0.384 0.384 0.404 0.404 0.392 0.394 0.42
0.036 0.022 0.016 0.014 0.016 0.01 0.01 0.004 0 0 0
0.022 0.01 0.012 0.016 0.012 0.01 0.004 0.004 0.006 0.004 0.008
0.044 0.038 0.058 0.038 0.042 0.046 0.064 0.064 0.056 0.084 0.08
0.268 0.268 0.252 0.242 0.184 0.216 0.154 0.13 0.118 0.082 0.05
0.014 0.014 0.018 0.01 0.012 0.008 0.014 0.008 0.014 0.016 0.018
0.238 0.27 0.262 0.336 0.364 0.388 0.402 0.4 0.45 0.438 0.5
0.132 0.154 0.156 0.202 0.222 0.232 0.314 0.352 0.362 0.408 0.444
0.308 0.308 0.27 0.3 0.284 0.318 0.304 0.284 0.308 0.314 0.33
0.042 0.026 0.036 0.042 0.04 0.046 0.046 0.054 0.072 0.072 0.1
0.36 0.358 0.386 0.41 0.36 0.342 0.37 0.318 0.286 0.246 0.16
0.096 0.094 0.14 0.146 0.17 0.2 0.262 0.28 0.328 0.352 0.382
0.298 0.258 0.236 0.188 0.15 0.094 0.06 0.08 0.036 0.028 0.034
0.188 0.17 0.174 0.144 0.122 0.14 0.092 0.068 0.062 0.052 0.046
0.028 0.022 0.034 0.024 0.028 0.022 0.032 0.004 0.018 0.01 0.014
0.1 0.07 0.084 0.064 0.058 0.056 0.03 0.026 0.018 0.008 0.008
0.284 0.216 0.222 0.242 0.22 0.192 0.18 0.2 0.16 0.144 0.148
0.01 0.01 0.002 0.004 0.002 0.002 0 0 0.002 0 0
0.07 0.086 0.064 0.078 0.08 0.098 0.124 0.134 0.13 0.128 0.148
0.106 0.104 0.11 0.124 0.166 0.216 0.188 0.218 0.18 0.214 0.244
0.16 0.108 0.142 0.154 0.17 0.168 0.16 0.17 0.148 0.12 0.112
0.016 0.016 0.024 0.022 0.014 0.008 0.006 0.01 0.012 0.008 0.012
0.72 0.67 0.666 0.572 0.58 0.58 0.56 0.53 0.504 0.438 0.452
0.194 0.146 0.154 0.13 0.106 0.124 0.102 0.104 0.094 0.104 0.12
0.04 0.028 0.028 0.01 0.022 0.02 0.016 0.01 0.008 0.004 0.006
0.024 0.03 0.038 0.034 0.03 0.036 0.032 0.028 0.042 0.05 0.044
0.08 0.044 0.038 0.04 0.03 0.02 0.01 0.004 0.006 0.002 0.002
0.212 0.188 0.18 0.13 0.1 0.098 0.08 0.026 0.028 0.026 0.01
0.106 0.082 0.056 0.034 0.018 0.018 0.012 0.004 0.008 0.002 0.002
0.022 0.02 0.022 0.014 0.014 0.016 0.024 0.02 0.024 0.012 0.018
0.162 0.156 0.138 0.12 0.152 0.104 0.09 0.072 0.062 0.04 0.034
0.176 0.17 0.14 0.124 0.13 0.12 0.128 0.082 0.076 0.064 0.056
0.342 0.314 0.272 0.328 0.302 0.324 0.344 0.312 0.33 0.298 0.262
0.154 0.128 0.102 0.072 0.046 0.046 0.032 0.03 0.018 0.012 0.006
0.116 0.09 0.092 0.086 0.092 0.092 0.058 0.032 0.03 0.026 0.028
0.4 0.412 0.39 0.328 0.298 0.26 0.242 0.24 0.17 0.182 0.152
0.438 0.46 0.462 0.462 0.498 0.464 0.494 0.49 0.444 0.432 0.458
0.358 0.322 0.324 0.314 0.27 0.344 0.32 0.276 0.254 0.24 0.276
0.344 0.282 0.288 0.234 0.256 0.218 0.158 0.166 0.132 0.108 0.104
0.022 0.02 0.012 0.018 0.006 0.004 0.008 0.004 0.004 0.002 0
0.264 0.246 0.226 0.198 0.156 0.188 0.13 0.146 0.098 0.088 0.07
0.06 0.074 0.102 0.074 0.094 0.092 0.098 0.072 0.054 0.04 0.034
0.588 0.578 0.564 0.504 0.456 0.45 0.354 0.344 0.256 0.284 0.27
0.096 0.134 0.098 0.06 0.054 0.026 0.018 0.008 0.004 0.008 0.004
0.218 0.208 0.208 0.186 0.16 0.15 0.122 0.126 0.098 0.048 0.05
0.07 0.096 0.108 0.078 0.052 0.06 0.036 0.044 0.022 0.018 0.03
0.354 0.34 0.296 0.33 0.36 0.378 0.352 0.418 0.356 0.428 0.412
0.414 0.42 0.396 0.374 0.372 0.33 0.308 0.272 0.186 0.184 0.136
0.048 0.054 0.04 0.02 0.016 0.016 0.01 0.008 0.01 0.01 0.002
0.202 0.206 0.216 0.224 0.266 0.262 0.336 0.32 0.312 0.31 0.288
0.584 0.568 0.582 0.558 0.544 0.572 0.566 0.556 0.546 0.518 0.538
0.202 0.174 0.12 0.11 0.094 0.046 0.07 0.046 0.04 0.04 0.014
0.128 0.11 0.09 0.122 0.104 0.146 0.126 0.156 0.168 0.202 0.226
0.538 0.542 0.532 0.466 0.492 0.486 0.424 0.388 0.384 0.38 0.36
0.128 0.134 0.108 0.098 0.122 0.17 0.16 0.148 0.156 0.12 0.118
0.166 0.134 0.116 0.136 0.134 0.164 0.166 0.148 0.156 0.158 0.158
0.04 0.022 0.028 0.036 0.036 0.036 0.024 0.022 0.012 0.014 0.006
0.562 0.582 0.52 0.484 0.444 0.416 0.368 0.324 0.266 0.258 0.274
0.012 0.01 0.004 0.004 0.006 0.004 0 0 0 0.002 0.002
0.014 0.01 0.01 0.006 0.002 0.002 0.004 0 0 0 0
0.026 0.012 0.012 0.014 0.014 0.002 0.004 0 0.002 0 0
0.456 0.458 0.392 0.346 0.34 0.308 0.268 0.19 0.192 0.174 0.124
0.292 0.344 0.308 0.398 0.452 0.534 0.552 0.65 0.652 0.702 0.692
0.514 0.56 0.584 0.54 0.652 0.656 0.602 0.61 0.612 0.582 0.578
0.004 0.004 0 0 0 0 0 0 0 0 0
0.41 0.434 0.476 0.4 0.468 0.474 0.444 0.43 0.416 0.404 0.424
0.342 0.31 0.256 0.252 0.224 0.192 0.154 0.122 0.116 0.078 0.078
0.424 0.39 0.384 0.366 0.344 0.426 0.374 0.392 0.428 0.368 0.324
0.232 0.224 0.222 0.174 0.182 0.168 0.166 0.126 0.08 0.084 0.074
0.306 0.244 0.212 0.166 0.178 0.14 0.142 0.12 0.112 0.118 0.112
0.348 0.356 0.3 0.29 0.26 0.262 0.282 0.252 0.26 0.25 0.222
0.162 0.172 0.146 0.154 0.188 0.16 0.17 0.132 0.092 0.128 0.084
0.444 0.484 0.44 0.406 0.398 0.384 0.368 0.3 0.27 0.204 0.212
0.03 0.018 0.012 0.02 0.03 0.018 0.026 0.014 0.006 0.004 0.006
0.324 0.298 0.304 0.296 0.3 0.346 0.32 0.356 0.34 0.28 0.274
0.018 0.008 0.012 0.002 0.008 0.008 0.006 0.016 0.004 0.012 0.004
0.11 0.102 0.078 0.082 0.066 0.08 0.064 0.062 0.09 0.098 0.104
0.014 0.006 0.006 0.01 0.01 0.01 0.004 0.004 0.008 0.012 0.002
0.496 0.392 0.394 0.324 0.258 0.224 0.216 0.192 0.158 0.152 0.116
0.032 0.018 0.012 0.03 0.01 0.01 0 0.008 0.004 0.002 0.004
0.026 0.022 0.028 0.022 0.024 0.024 0.014 0.006 0.014 0.01 0.006
0.012 0.012 0.004 0.016 0.01 0.016 0.008 0.012 0.01 0.018 0.008
0.126 0.106 0.11 0.148 0.166 0.216 0.252 0.28 0.294 0.322 0.37
0.058 0.042 0.034 0.022 0.018 0.012 0.008 0.008 0.01 0.01 0.014
0.242 0.232 0.244 0.32 0.312 0.304 0.33 0.366 0.416 0.406 0.444
0.062 0.052 0.028 0.03 0.03 0.018 0.01 0.004 0.018 0.002 0.012
0.02 0.02 0.02 0.022 0.012 0.024 0.01 0.008 0 0.008 0.004
0.02 0.012 0.022 0.016 0.008 0.022 0.008 0.016 0.014 0.02 0.014
