0.194 0.144 0.126 0.136 0.096 0.084 0.078 0.058 0.038 0.026 0.024
0.346 0.324 0.36 0.32 0.294 0.286 0.308 0.286 0.242 0.264 0.218
0.012 0.018 0.024 0.016 0.012 0.014 0.012 0.01 0.012 0.004 0
0.034 0.034 0.018 0.026 0.018 0.026 0.014 0.012 0.022 0.012 0.012
0.47 0.492 0.472 0.504 0.494 0.47 0.466 0.45 0.442 0.41 0.372
0.06 0.058 0.046 0.032 0.022 0.024 0.018 0.014 0.004 0.008 0.008
0.33 0.276 0.244 0.218 0.16 0.168 0.142 0.102 0.11 0.084 0.062
0.21 0.2 0.212 0.26 0.252 0.246 0.248 0.264 0.264 0.266 0.338
0.16 0.144 0.148 0.112 0.106 0.098 0.046 0.06 0.044 0.028 0.018
0.128 0.156 0.094 0.086 0.062 0.05 0.04 0.03 0.008 0.012 0.006
0.518 0.43 0.398 0.374 0.34 0.308 0.242 0.256 0.19 0.174 0.15
0.126 0.096 0.074 0.066 0.048 0.052 0.088 0.058 0.042 0.054 0.046
0.032 0.028 0.03 0.04 0.02 0.03 0.018 0.02 0.006 0.008 0.012
0.176 0.178 0.144 0.136 0.12 0.09 0.06 0.05 0.026 0.03 0.024
0.434 0.462 0.456 0.49 0.49 0.518 0.52 0.534 0.52 0.476 0.464
0.364 0.41 0.398 0.432 0.41 0.402 0.412 0.432 0.406 0.4 0.402
0.27 0.236 0.206 0.18 0.136 0.12 0.106 0.086 0.056 0.032 0.006
0.138 0.094 0.092 0.106 0.064 0.062 0.03 0.024 0.012 0.012 0.008
0.04 0.048 0.044 0.046 0.052 0.048 0.058 0.08 0.074 0.1 0.114
0.072 0.078 0.082 0.1 0.092 0.102 0.108 0.17 0.158 0.17 0.172
0.27 0.272 0.272 0.274 0.232 0.162 0.16 0.118 0.098 0.084 0.056
0.162 0.158 0.164 0.128 0.134 0.118 0.106 0.094 0.046 0.054 0.042
0.046 0.042 0.04 0.026 0.026 0.012 0.022 0.01 0.014 0.01 0.004
0.474 0.454 0.488 0.512 0.494 0.474 0.514 0.538 0.504 0.532 0.514
0.604 0.576 0.602 0.528 0.558 0.516 0.456 0.426 0.384 0.36 0.312
0.484 0.498 0.472 0.402 0.384 0.356 0.344 0.308 0.286 0.274 0.248
0.15 0.162 0.15 0.188 0.21 0.268 0.278 0.334 0.364 0.424 0.418
0.056 0.058 0.062 0.05 0.036 0.038 0.034 0.026 0.022 0.028 0.03
0.392 0.438 0.464 0.476 0.468 0.494 0.544 0.52 0.552 0.654 0.624
0.292 0.24 0.262 0.246 0.23 0.236 0.226 0.26 0.304 0.292 0.362
0.332 0.334 0.342 0.342 0.33 0.366 0.346 0.358 0.352 0.38 0.368
0.408 0.376 0.34 0.32 0.296 0.236 0.208 0.16 0.104 0.082 0.05
0.124 0.134 0.14 0.152 0.18 0.234 0.27 0.348 0.35 0.388 0.414
0.178 0.174 0.14 0.126 0.104 0.102 0.084 0.054 0.044 0.068 0.058
0.104 0.126 0.094 0.082 0.09 0.062 0.06 0.05 0.044 0.036 0.03
0.33 0.314 0.272 0.256 0.282 0.212 0.24 0.244 0.242 0.232 0.176
0.268 0.304 0.32 0.402 0.444 0.516 0.56 0.596 0.612 0.676 0.66
0.332 0.346 0.314 0.266 0.24 0.218 0.198 0.138 0.132 0.128 0.09
0.456 0.476 0.454 0.494 0.488 0.45 0.48 0.438 0.464 0.442 0.45
0.008 0.012 0.014 0.016 0.01 0.02 0.018 0.02 0.016 0.026 0.034
0.026 0.04 0.05 0.032 0.036 0.018 0.024 0.024 0.01 0.01 0.008
0.37 0.356 0.356 0.354 0.35 0.296 0.324 0.346 0.386 0.39 0.408
0.07 0.078 0.094 0.046 0.074 0.07 0.066 0.06 0.064 0.052 0.06
0.342 0.3 0.238 0.224 0.182 0.146 0.128 0.09 0.098 0.072 0.09
0.19 0.234 0.24 0.284 0.25 0.304 0.336 0.358 0.368 0.39 0.404
0.124 0.092 0.086 0.088 0.11 0.07 0.096 0.1 0.064 0.078 0.044
0.02 0.022 0.018 0.024 0.032 0.016 0.012 0.01 0.004 0.002 0.006
0.208 0.246 0.252 0.266 0.296 0.254 0.324 0.32 0.354 0.318 0.332
0.026 0.018 0.022 0.01 0.014 0.008 0.008 0.002 0.002 0.002 0
0.012 0.01 0.022 0.002 0.018 0.002 0.002 0.006 0.006 0 0.01
0.024 0.034 0.044 0.03 0.036 0.042 0.052 0.04 0.052 0.076 0.068
0.206 0.224 0.216 0.198 0.17 0.158 0.134 0.148 0.108 0.07 0.048
0.022 0.038 0.036 0.03 0.04 0.016 0.016 0.038 0.032 0.042 0.044
0.276 0.302 0.304 0.392 0.414 0.44 0.46 0.456 0.474 0.474 0.482
0.084 0.116 0.114 0.128 0.124 0.182 0.228 0.26 0.296 0.324 0.39
0.328 0.328 0.316 0.328 0.272 0.264 0.26 0.212 0.236 0.186 0.136
0.062 0.072 0.082 0.068 0.056 0.08 0.07 0.074 0.076 0.098 0.096
0.454 0.464 0.464 0.5 0.386 0.416 0.418 0.336 0.328 0.21 0.192
0.142 0.15 0.144 0.138 0.214 0.232 0.264 0.316 0.352 0.38 0.368
0.094 0.08 0.058 0.062 0.042 0.048 0.024 0.02 0.016 0.014 0.006
0.18 0.176 0.18 0.186 0.144 0.126 0.12 0.078 0.08 0.078 0.04
0.096 0.086 0.094 0.088 0.094 0.06 0.07 0.056 0.048 0.044 0.048
0.084 0.12 0.08 0.068 0.046 0.032 0.038 0.024 0.02 0.012 0.014
0.238 0.208 0.23 0.218 0.236 0.146 0.204 0.168 0.14 0.166 0.184
0.004 0.004 0.004 0.002 0 0.002 0 0 0 0 0
0.06 0.058 0.054 0.06 0.074 0.054 0.072 0.088 0.064 0.078 0.096
0.088 0.078 0.104 0.11 0.108 0.12 0.15 0.134 0.168 0.174 0.192
0.15 0.128 0.148 0.128 0.114 0.152 0.128 0.106 0.096 0.126 0.118
0.018 0.006 0.016 0.016 0.004 0.004 0.01 0.01 0.004 0.008 0
0.696 0.668 0.608 0.568 0.552 0.492 0.456 0.378 0.308 0.264 0.21
0.238 0.246 0.206 0.188 0.19 0.156 0.16 0.15 0.114 0.13 0.134
0.02 0.03 0.028 0.022 0.016 0.006 0.012 0.01 0.006 0.002 0
0.026 0.036 0.032 0.036 0.042 0.026 0.022 0.028 0.032 0.046 0.038
0.06 0.036 0.034 0.038 0.028 0.024 0.018 0.006 0.004 0.006 0.002
0.212 0.198 0.164 0.118 0.098 0.062 0.054 0.048 0.026 0.012 0.006
0.132 0.108 0.054 0.03 0.04 0.018 0.026 0.008 0.01 0.004 0
0.054 0.05 0.044 0.056 0.052 0.048 0.074 0.042 0.052 0.024 0.028
0.236 0.238 0.184 0.176 0.152 0.138 0.106 0.12 0.09 0.058 0.044
0.148 0.17 0.146 0.126 0.15 0.136 0.12 0.136 0.096 0.094 0.092
0.402 0.412 0.412 0.42 0.436 0.452 0.466 0.424 0.456 0.46 0.454
0.198 0.154 0.136 0.098 0.104 0.058 0.038 0.056 0.04 0.016 0.018
0.19 0.158 0.144 0.118 0.158 0.096 0.084 0.068 0.058 0.048 0.04
0.636 0.588 0.558 0.532 0.506 0.488 0.46 0.386 0.404 0.426 0.406
0.438 0.434 0.438 0.44 0.474 0.412 0.402 0.376 0.326 0.38 0.386
0.346 0.344 0.382 0.404 0.41 0.43 0.452 0.444 0.434 0.416 0.384
0.288 0.27 0.238 0.208 0.156 0.178 0.142 0.154 0.148 0.106 0.132
0.052 0.052 0.02 0.032 0.034 0.02 0.008 0.012 0.008 0.002 0
0.29 0.258 0.212 0.238 0.186 0.194 0.15 0.178 0.142 0.126 0.096
0.116 0.142 0.122 0.13 0.142 0.112 0.13 0.1 0.102 0.09 0.062
0.638 0.602 0.578 0.488 0.47 0.416 0.364 0.246 0.244 0.234 0.218
0.092 0.098 0.066 0.08 0.076 0.07 0.042 0.028 0.026 0.012 0.004
0.328 0.316 0.286 0.272 0.236 0.19 0.192 0.148 0.124 0.076 0.064
0.14 0.15 0.128 0.138 0.11 0.08 0.076 0.054 0.044 0.046 0.028
0.312 0.34 0.388 0.37 0.422 0.428 0.412 0.398 0.45 0.4 0.436
0.478 0.492 0.498 0.454 0.446 0.502 0.384 0.416 0.316 0.344 0.36
0.044 0.036 0.028 0.028 0.022 0.014 0.014 0.008 0.01 0.006 0
0.192 0.184 0.172 0.208 0.208 0.236 0.24 0.334 0.296 0.282 0.3
0.558 0.568 0.618 0.634 0.604 0.602 0.564 0.56 0.536 0.572 0.51
0.18 0.168 0.13 0.076 0.076 0.07 0.074 0.058 0.048 0.03 0.028
0.198 0.178 0.188 0.192 0.184 0.192 0.182 0.236 0.26 0.294 0.306
0.56 0.548 0.548 0.494 0.472 0.432 0.36 0.324 0.25 0.274 0.258
0.146 0.168 0.17 0.158 0.152 0.174 0.132 0.15 0.098 0.066 0.054
0.186 0.152 0.136 0.124 0.112 0.154 0.136 0.154 0.144 0.14 0.172
0.06 0.044 0.04 0.04 0.052 0.03 0.03 0.02 0.026 0.012 0.016
0.494 0.536 0.51 0.46 0.464 0.406 0.38 0.326 0.296 0.292 0.29
0.004 0.006 0.01 0.004 0 0 0 0.002 0 0 0
0.01 0.01 0.008 0.002 0.004 0 0.002 0 0 0 0.002
0.004 0.016 0.018 0.008 0.006 0.004 0.004 0 0 0 0
0.366 0.348 0.28 0.308 0.238 0.164 0.156 0.124 0.122 0.078 0.054
0.402 0.402 0.42 0.452 0.49 0.51 0.552 0.578 0.65 0.662 0.71
0.466 0.462 0.482 0.482 0.538 0.528 0.554 0.624 0.616 0.556 0.562
0.006 0.004 0.008 0 0 0 0.002 0 0.002 0.002 0
0.35 0.316 0.338 0.342 0.306 0.308 0.32 0.322 0.346 0.346 0.354
0.236 0.228 0.218 0.186 0.172 0.162 0.128 0.134 0.114 0.084 0.072
0.284 0.318 0.254 0.294 0.248 0.268 0.276 0.288 0.246 0.29 0.252
0.282 0.278 0.25 0.236 0.234 0.214 0.188 0.194 0.122 0.102 0.068
0.29 0.262 0.264 0.162 0.166 0.132 0.144 0.136 0.102 0.102 0.118
0.302 0.358 0.316 0.354 0.286 0.286 0.304 0.27 0.262 0.27 0.242
0.16 0.194 0.178 0.186 0.168 0.192 0.146 0.148 0.152 0.124 0.12
0.406 0.38 0.354 0.292 0.278 0.324 0.268 0.212 0.152 0.156 0.134
0.058 0.028 0.022 0.034 0.03 0.024 0.018 0.006 0.008 0.002 0.004
0.34 0.4 0.39 0.366 0.36 0.376 0.376 0.362 0.338 0.324 0.366
0.038 0.036 0.046 0.06 0.036 0.054 0.036 0.048 0.048 0.062 0.068
0.088 0.086 0.062 0.074 0.072 0.07 0.064 0.078 0.06 0.052 0.064
0.006 0.008 0.004 0.004 0.006 0.002 0.004 0.006 0.002 0.012 0.004
0.636 0.582 0.532 0.506 0.432 0.422 0.382 0.342 0.38 0.33 0.308
0.048 0.038 0.016 0.02 0.02 0.018 0.018 0.002 0.002 0.008 0.002
0.06 0.056 0.038 0.042 0.028 0.024 0.016 0.012 0.014 0.01 0.008
0.004 0.006 0.008 0.01 0.02 0.014 0.01 0.006 0.004 0.012 0.008
0.102 0.126 0.166 0.174 0.208 0.202 0.272 0.318 0.338 0.394 0.402
0.046 0.034 0.016 0.018 0.02 0.006 0.006 0.002 0.002 0.002 0.004
0.238 0.22 0.254 0.308 0.32 0.332 0.372 0.374 0.428 0.474 0.474
0.072 0.05 0.036 0.032 0.016 0.016 0.01 0.012 0.008 0.01 0.006
0.016 0.02 0.024 0.014 0.024 0.01 0.01 0.006 0.012 0.006 0.004
0.07 0.068 0.074 0.048 0.046 0.058 0.048 0.048 0.052 0.046 0.038
