0.484375 0.4140625 0.5390625 0.546875 0.6484375 0.6015625 0.640625 0.703125 0.6640625 0.7421875 0.671875
0.2413793 0.2844828 0.2844828 0.3103448 0.2931034 0.3103448 0.2931034 0.3448276 0.2931034 0.3103448 0.3448276
0.8956522 0.9304348 0.8782609 0.9130435 0.8695652 0.9130435 0.8173913 0.8782609 0.9130435 0.8608696 0.8521739
0.8099174 0.8595041 0.8429752 0.8264463 0.8099174 0.9090909 0.8347107 0.892562 0.8099174 0.768595 0.7933884
0.1147541 0.1147541 0.08196721 0.07377049 0.06557377 0.04918033 0.04918033 0.05737705 0.04918033 0.04098361 0.04918033
0.826087 0.826087 0.8 0.826087 0.8521739 0.8695652 0.8434783 0.8782609 0.8173913 0.8869565 0.8521739
0.2434783 0.2695652 0.3304348 0.3652174 0.3391304 0.4434783 0.4434783 0.4521739 0.5217391 0.5043478 0.5217391
0.5666667 0.4916667 0.4833333 0.475 0.4333333 0.475 0.4 0.4333333 0.375 0.3333333 0.3333333
0.488189 0.511811 0.5590551 0.511811 0.5590551 0.6141732 0.6456693 0.6377953 0.6456693 0.7086614 0.6692913
0.6 0.5916667 0.575 0.625 0.625 0.6583333 0.8 0.7166667 0.8166667 0.75 0.85
0.07826087 0.09565217 0.1826087 0.2260870 0.2347826 0.3478261 0.3913043 0.4 0.4 0.4260870 0.4347826
0.75 0.724138 0.8017241 0.8362069 0.8017241 0.9051724 0.8448276 0.8362069 0.775862 0.8448276 0.7931034
0.7083333 0.7 0.7 0.7333333 0.7583333 0.7166667 0.6833333 0.6583333 0.7166667 0.7083333 0.7083333
0.2727273 0.2809917 0.3471074 0.3305785 0.3884298 0.446281 0.446281 0.4049587 0.4380165 0.4380165 0.4049587
0.1056911 0.09756098 0.09756098 0.0894309 0.08130081 0.08130081 0.08130081 0.1056911 0.1219512 0.1219512 0.1219512
0.07377049 0.09016393 0.05737705 0 0 0.01639344 0 0.01639344 0.01639344 0.01639344 0.04098361
0.1900826 0.1900826 0.2975207 0.3223140 0.3801653 0.4297521 0.4793388 0.5206612 0.5619835 0.5371901 0.6115702
0.7043478 0.6608696 0.6869565 0.7652174 0.7826087 0.7130435 0.826087 0.8782609 0.7565217 0.8521739 0.8521739
0.862069 0.775862 0.8103448 0.7068966 0.724138 0.6637931 0.6551724 0.6034483 0.5344828 0.5 0.4913793
0.887931 0.724138 0.7672414 0.7672414 0.6810345 0.6206897 0.5862069 0.4913793 0.4655172 0.4051724 0.3965517
0.3565217 0.3478261 0.3304348 0.4782609 0.5130435 0.4608696 0.5043478 0.6608696 0.5913043 0.7478261 0.7217391
0.4416667 0.425 0.4166667 0.4666667 0.4333333 0.35 0.4416667 0.4833333 0.475 0.5 0.5416667
0.775862 0.862069 0.8017241 0.8362069 0.7844828 0.8017241 0.7586207 0.775862 0.775862 0.9482759 0.7931034
0.07317073 0.04065041 0.04065041 0.08130081 0.04065041 0.03252033 0.0894309 0.0894309 0.1544715 0.1382114 0.1382114
0.1 0.08333333 0.06666667 0.03333333 0.05833333 0.08333333 0.1 0.09166667 0.1333333 0.2 0.25
0.075 0.1333333 0.1166667 0.1 0.125 0.2166667 0.1583333 0.1833333 0.2083333 0.25 0.2083333
0.5833333 0.5583333 0.5583333 0.4916667 0.4083333 0.2916667 0.25 0.1833333 0.1 0.09166667 0.09166667
0.7166667 0.6333333 0.6416667 0.6833333 0.675 0.7166667 0.65 0.6916667 0.7833333 0.7 0.725
0.1382114 0.1300813 0.09756098 0.0894309 0.05691057 0.05691057 0.04065041 0.02439024 0.02439024 0.02439024 0.008130081
0.2083333 0.3333333 0.275 0.2416667 0.2666667 0.225 0.225 0.2083333 0.2083333 0.2083333 0.1833333
0.2975207 0.2314050 0.3140496 0.2975207 0.2396694 0.1983471 0.1818182 0.2066116 0.1570248 0.1239669 0.1487603
0.1138211 0.1219512 0.2032520 0.2520325 0.3089431 0.3089431 0.3252033 0.3577236 0.3821138 0.4146341 0.4552846
0.5409836 0.5655738 0.4672131 0.3852459 0.3360656 0.2786885 0.1967213 0.1393443 0.04918033 0.04098361 0.05737705
0.5275591 0.5354331 0.5275591 0.5826772 0.5748031 0.5590551 0.5590551 0.6456693 0.6141732 0.6456693 0.6771654
0.5901639 0.6229508 0.6065574 0.5409836 0.6803279 0.6639344 0.6393443 0.7377049 0.6967213 0.6967213 0.647541
0.1889764 0.2755906 0.2519685 0.3228346 0.3385827 0.2913386 0.3464567 0.3228346 0.3070866 0.2913386 0.2834646
0.35 0.3083333 0.3333333 0.1416667 0.1333333 0.075 0.04166667 0.03333333 0.008333333 0.008333333 0
0.2519685 0.2519685 0.2519685 0.2913386 0.2992126 0.3622047 0.3070866 0.3385827 0.3779528 0.3937008 0.4251969
0.1404959 0.1570248 0.1900826 0.2148760 0.1983471 0.2396694 0.2479339 0.2561983 0.2892562 0.2644628 0.2479339
0.8782609 0.826087 0.773913 0.8347826 0.8173913 0.8173913 0.7391304 0.7565217 0.773913 0.7565217 0.7913043
0.8582677 0.9055118 0.8582677 0.8503937 0.8976378 0.8110236 0.8582677 0.8267717 0.8582677 0.8267717 0.8661417
0.2666667 0.275 0.2916667 0.2333333 0.225 0.2166667 0.1833333 0.175 0.125 0.09166667 0.1333333
0.7130435 0.6521739 0.6347826 0.5826087 0.5304348 0.4608696 0.4173913 0.3739130 0.3739130 0.3130435 0.3304348
0.1913043 0.2521739 0.3043478 0.3043478 0.4086957 0.4434783 0.4347826 0.4434783 0.4695652 0.4173913 0.4521739
0.15 0.1333333 0.1166667 0.1 0.05 0.05 0.03333333 0.03333333 0.01666667 0.008333333 0.01666667
0.5528455 0.6341463 0.5203252 0.4390244 0.4715447 0.495935 0.495935 0.4634146 0.4634146 0.3821138 0.4552846
0.8373984 0.8536585 0.7804878 0.8292683 0.894309 0.7723577 0.8292683 0.7886179 0.796748 0.8292683 0.796748
0.34375 0.3203125 0.296875 0.2265625 0.203125 0.2421875 0.2734375 0.203125 0.234375 0.171875 0.2109375
0.8861789 0.9349593 0.9430894 0.9349593 0.9268293 0.9756098 0.9430894 0.894309 0.9186992 0.902439 0.8699187
0.9310345 0.9137931 0.8103448 0.862069 0.9224138 0.887931 0.8534483 0.8965517 0.8017241 0.9482759 0.7931034
0.7642276 0.7642276 0.7479675 0.7642276 0.7804878 0.7154472 0.6910569 0.6585366 0.6585366 0.5203252 0.4796748
0.3706897 0.362069 0.3275862 0.3706897 0.3362069 0.4827586 0.3965517 0.3793103 0.4568966 0.5 0.5172414
0.9568966 0.9827586 0.9396552 0.9827586 0.9396552 0.9310345 0.8534483 0.8965517 0.8017241 0.9482759 0.7931034
0.1219512 0.08130081 0.07317073 0.04065041 0.04065041 0.03252033 0.02439024 0.008130081 0.01626016 0.01626016 0.01626016
0.5203252 0.504065 0.4634146 0.3821138 0.3252033 0.300813 0.2520325 0.1788618 0.09756098 0.04878049 0.04878049
0.2519685 0.2519685 0.2283465 0.1889764 0.2362205 0.1811024 0.1968504 0.2047244 0.2204724 0.2047244 0.2204724
0.6833333 0.7 0.625 0.725 0.6 0.6333333 0.5916667 0.6083333 0.4833333 0.4583333 0.4083333
0.1382114 0.1219512 0.09756098 0.0894309 0.08130081 0.1300813 0.1138211 0.1951220 0.1951220 0.3089431 0.3333333
0.6 0.5666667 0.575 0.5416667 0.425 0.325 0.275 0.2166667 0.1666667 0.15 0.1333333
0.3083333 0.3833333 0.4083333 0.4166667 0.425 0.45 0.5583333 0.6833333 0.6333333 0.6666667 0.7583333
0.4296875 0.46875 0.5390625 0.5234375 0.53125 0.546875 0.5703125 0.6328125 0.5546875 0.578125 0.6484375
0.8016529 0.7190083 0.768595 0.7355372 0.7355372 0.7272727 0.7107438 0.7768595 0.6859504 0.6446281 0.5785124
0.6147541 0.6393443 0.6065574 0.6393443 0.7704918 0.6885246 0.6967213 0.7868852 0.8114754 0.8442623 0.7377049
0.4 0.3916667 0.3583333 0.3916667 0.2833333 0.35 0.3916667 0.3333333 0.3666667 0.3416667 0.3583333
0.9421488 0.9421488 0.9669421 0.983471 0.9421488 0.9917355 0.9586777 0.9504132 0.9586777 0.8677686 0.892562
0.7 0.6583333 0.675 0.625 0.625 0.5333333 0.4583333 0.4083333 0.4 0.3583333 0.3666667
0.65625 0.6484375 0.71875 0.625 0.5859375 0.46875 0.3984375 0.3515625 0.3671875 0.359375 0.3515625
0.626087 0.626087 0.5826087 0.4782609 0.4869565 0.4434783 0.4434783 0.4173913 0.3913043 0.3565217 0.3913043
0.8956522 0.9043478 0.9391304 0.9130435 0.9304348 0.9565217 0.8869565 0.8782609 0.8173913 0.7913043 0.8521739
0.00862069 0.01724138 0.02586207 0.02586207 0.06034483 0.06034483 0.06896552 0.0862069 0.0775862 0.0775862 0.09482759
0.5245902 0.4754098 0.4836066 0.4672131 0.4754098 0.557377 0.5409836 0.5 0.4754098 0.4590164 0.4262295
0.9180328 0.852459 0.9344262 0.9180328 0.8934426 0.8770492 0.9016393 0.9180328 0.9180328 0.8688525 0.8688525
0.9655172 0.9827586 0.9310345 0.9224138 0.9137931 0.887931 0.8534483 0.9655172 0.8017241 0.9482759 0.8534483
0.7642276 0.8130081 0.7723577 0.7642276 0.7804878 0.8536585 0.8455285 0.894309 0.796748 0.902439 0.8699187
0.4310345 0.4482759 0.5258621 0.5 0.6206897 0.6896552 0.6551724 0.6724138 0.8017241 0.7155172 0.7931034
0.6166667 0.6416667 0.725 0.6916667 0.775 0.825 0.8833333 0.8916667 0.8666667 0.825 0.8583333
0.7166667 0.7583333 0.6416667 0.65 0.6416667 0.65 0.6333333 0.6166667 0.6083333 0.5083333 0.5916667
0.5245902 0.5655738 0.5163934 0.5737705 0.6311475 0.5901639 0.5819672 0.6229508 0.647541 0.6721311 0.6803279
0.5775862 0.5086207 0.5344828 0.6465517 0.6206897 0.6465517 0.6206897 0.5258621 0.6034483 0.6551724 0.5948276
0.2413793 0.1810345 0.1724138 0.2068966 0.1810345 0.1293103 0.1465517 0.1206897 0.1810345 0.1293103 0.2155172
0.557377 0.6311475 0.6229508 0.6393443 0.7131148 0.6639344 0.7540984 0.7868852 0.8032787 0.704918 0.795082
0.3801653 0.3471074 0.4628099 0.4132231 0.4628099 0.553719 0.5785124 0.6115702 0.6859504 0.6280992 0.6859504
0.02362205 0.03937008 0.04724409 0.04724409 0.02362205 0.04724409 0.07086614 0.07086614 0.07874016 0.1338583 0.1102362
0.1913043 0.1391304 0.1043478 0.09565217 0.1043478 0.1130435 0.1217391 0.1130435 0.1739130 0.1565217 0.1478261
0.3442623 0.2950820 0.2049180 0.2049180 0.1967213 0.1885246 0.1639344 0.1229508 0.2049180 0.1721311 0.1311475
0.3170732 0.3089431 0.2357724 0.2926829 0.300813 0.3089431 0.300813 0.3170732 0.3414634 0.3170732 0.3252033
0.7768595 0.785124 0.7933884 0.8429752 0.8595041 0.785124 0.8512397 0.9090909 0.9586777 0.7933884 0.892562
0.1913043 0.2521739 0.3304348 0.3130435 0.4434783 0.4782609 0.4260870 0.5043478 0.4695652 0.4608696 0.4956522
0.5619835 0.5785124 0.5619835 0.6446281 0.5371901 0.5619835 0.5619835 0.5206612 0.5289256 0.5702479 0.4710744
0.075 0.06666667 0.04166667 0.1166667 0.125 0.125 0.2 0.3333333 0.3 0.3583333 0.3916667
0.6 0.5916667 0.5916667 0.7166667 0.6833333 0.6583333 0.8 0.7166667 0.8666667 0.75 0.7583333
0.4416667 0.5 0.55 0.575 0.55 0.5333333 0.6583333 0.6666667 0.6666667 0.7333333 0.775
0.699187 0.6747967 0.6341463 0.6260163 0.7073171 0.6829268 0.6178862 0.7073171 0.6829268 0.7154472 0.6829268
0.140625 0.1484375 0.1171875 0.1796875 0.09375 0.109375 0.109375 0.109375 0.109375 0.109375 0.125
0.1982759 0.1034483 0.1293103 0.1034483 0.1034483 0.1379310 0.1810345 0.1379310 0.1896552 0.2241379 0.2327586
0.7642276 0.8292683 0.7723577 0.7642276 0.8130081 0.8699187 0.804878 0.8455285 0.8536585 0.902439 0.8130081
0.5078125 0.46875 0.4609375 0.4140625 0.3203125 0.3203125 0.3515625 0.3046875 0.3203125 0.296875 0.2578125
0.04065041 0.04065041 0.03252033 0.02439024 0.01626016 0.01626016 0.04065041 0.03252033 0.05691057 0.06504065 0.07317073
0.4434783 0.4608696 0.5826087 0.6086957 0.6347826 0.6434783 0.6347826 0.6086957 0.6086957 0.6521739 0.626087
0.4796748 0.4796748 0.5203252 0.4715447 0.4390244 0.4065041 0.3658537 0.3414634 0.3495935 0.3170732 0.3252033
0.1640625 0.2578125 0.2421875 0.2421875 0.2109375 0.2265625 0.21875 0.2109375 0.2109375 0.2109375 0.2421875
0.4956522 0.5217391 0.5478261 0.5130435 0.5652174 0.5565217 0.4695652 0.4869565 0.4695652 0.4347826 0.4521739
0.7043478 0.6608696 0.6521739 0.7043478 0.7304348 0.6521739 0.6608696 0.6956522 0.6782609 0.7391304 0.626087
0.75 0.6666667 0.7166667 0.7333333 0.7583333 0.8083333 0.8833333 0.7916667 0.7916667 0.7583333 0.7583333
0.1379310 0.1206897 0.1551724 0.1637931 0.2413793 0.2931034 0.2672414 0.3189655 0.3448276 0.2931034 0.3103448
0.9913793 0.9827586 0.9827586 0.9827586 0.9396552 0.974138 0.9827586 0.9655172 0.9137931 0.9482759 0.8534483
0.9827586 0.9224138 0.8965517 0.862069 0.9568966 0.9310345 0.9396552 0.9655172 0.9137931 0.9482759 0.8534483
0.902439 0.9674797 0.8699187 0.9512195 0.902439 0.8292683 0.894309 0.8780488 0.894309 0.8292683 0.8699187
0.05785124 0.1074380 0.09917355 0.1818182 0.1735537 0.3223140 0.2561983 0.3057851 0.3057851 0.3305785 0.3801653
0.2086957 0.1478261 0.1043478 0.06956522 0.06956522 0.03478261 0.008695652 0.008695652 0.008695652 0 0
0.04166667 0.05833333 0.025 0.01666667 0.01666667 0 0 0.008333333 0 0.01666667 0.025
0.9827586 0.9827586 0.9655172 1 0.9396552 0.974138 0.9827586 0.9655172 0.9137931 0.9482759 0.8534483
0.1379310 0.0862069 0.1034483 0.0862069 0.1293103 0.0862069 0.1293103 0.1120690 0.1293103 0.09482759 0.1120690
0.4173228 0.4724409 0.4566929 0.4330709 0.5275591 0.488189 0.5669291 0.488189 0.4566929 0.4566929 0.5433071
0.3170732 0.1788618 0.2764228 0.2601626 0.2601626 0.2520325 0.2601626 0.2845528 0.2601626 0.2926829 0.2926829
0.3666667 0.375 0.4166667 0.4083333 0.4166667 0.375 0.4333333 0.425 0.4166667 0.5416667 0.45
0.2540984 0.3442623 0.352459 0.4426230 0.5409836 0.5 0.5491803 0.5081967 0.4918033 0.4836066 0.4836066
0.1056911 0.08130081 0.09756098 0.1138211 0.0894309 0.1056911 0.08130081 0.1056911 0.1300813 0.1382114 0.1626016
0.6173913 0.5565217 0.5478261 0.5565217 0.5478261 0.4869565 0.5043478 0.4521739 0.4434783 0.4521739 0.4260870
0.1583333 0.2333333 0.1916667 0.2583333 0.225 0.175 0.2 0.3 0.3166667 0.3 0.375
0.8434783 0.8086957 0.8695652 0.7652174 0.7826087 0.7130435 0.7391304 0.8347826 0.9130435 0.7913043 0.7913043
0.2601626 0.3495935 0.2601626 0.300813 0.2032520 0.2357724 0.2764228 0.2601626 0.2926829 0.2113821 0.2357724
0.8770492 0.795082 0.7786885 0.8278689 0.7540984 0.7213115 0.6967213 0.6721311 0.647541 0.6311475 0.557377
0.7520661 0.7933884 0.7768595 0.768595 0.6694215 0.7107438 0.6942149 0.6528926 0.6280992 0.6280992 0.6115702
0.8699187 0.894309 0.8780488 0.9105691 0.8861789 0.8292683 0.894309 0.8780488 0.894309 0.7479675 0.8699187
0.1304348 0.07826087 0.1304348 0.1478261 0.2347826 0.2347826 0.2521739 0.3565217 0.3391304 0.3043478 0.3217391
0.775 0.9166667 0.9 0.8583333 0.8833333 0.85 0.9416667 0.8916667 0.8666667 0.8916667 0.7916667
0.8016529 0.7768595 0.8842975 0.8677686 0.785124 0.876033 0.8347107 0.8264463 0.7190083 0.785124 0.8181818
0.9180328 0.942623 0.9344262 0.9672131 0.9344262 0.9180328 0.9508197 0.8770492 0.8606557 0.8442623 0.7868852
0.5853659 0.5284553 0.4878049 0.4471545 0.4390244 0.3821138 0.3252033 0.2845528 0.2845528 0.2113821 0.1951220
0.775 0.825 0.8583333 0.9416667 0.8833333 0.85 0.8833333 0.8916667 0.8666667 0.8916667 0.8583333
0.338843 0.3057851 0.2644628 0.2892562 0.2975207 0.2314050 0.2148760 0.1570248 0.1239669 0.1074380 0.1157025
0.7886179 0.8861789 0.8617886 0.9105691 0.9512195 0.902439 0.8861789 0.8699187 0.796748 0.8373984 0.796748
0.8916667 0.9 0.8833333 0.85 0.875 0.8333333 0.8833333 0.7583333 0.9166667 0.8 0.7833333
0.7166667 0.775 0.7 0.7333333 0.7916667 0.725 0.6833333 0.675 0.7333333 0.7583333 0.7083333
