0.5241935 0.5403226 0.5241935 0.5967742 0.5806452 0.5725806 0.6451613 0.6290323 0.7096774 0.6370968 0.7983871
0.2413793 0.3275862 0.3189655 0.3103448 0.2844828 0.3448276 0.387931 0.4137931 0.3793103 0.3275862 0.3534483
0.9396552 0.862069 0.9482759 0.9051724 0.887931 0.9482759 0.9224138 0.8706897 0.8965517 0.8448276 0.9051724
0.8347107 0.8677686 0.876033 0.8264463 0.7933884 0.7107438 0.785124 0.7768595 0.8595041 0.7355372 0.7933884
0.0775862 0.0862069 0.06034483 0.06896552 0.03448276 0.05172414 0.02586207 0.05172414 0.04310345 0.05172414 0.06034483
0.7096774 0.733871 0.766129 0.7903226 0.8387097 0.782258 0.8387097 0.8225806 0.8951613 0.8467742 0.8064516
0.3629032 0.3709677 0.3548387 0.3790323 0.4112903 0.4354839 0.4112903 0.4435484 0.483871 0.483871 0.5403226
0.5630252 0.5378151 0.4957983 0.4537815 0.4705882 0.4453782 0.3865546 0.394958 0.2857143 0.3193277 0.2436975
0.446281 0.4049587 0.4380165 0.5041322 0.5785124 0.4545455 0.553719 0.6198347 0.6446281 0.6942149 0.6694215
0.4833333 0.4666667 0.5166667 0.5666667 0.7333333 0.7166667 0.6916667 0.7833333 0.7166667 0.7833333 0.8083333
0.08870968 0.08870968 0.07258065 0.08870968 0.1532258 0.1935484 0.1693548 0.2096774 0.25 0.2822581 0.3145161
0.6850394 0.6771654 0.7086614 0.7165354 0.6929134 0.7480315 0.7007874 0.7480315 0.6456693 0.5826772 0.5590551
0.875 0.8 0.8833333 0.9083333 0.8333333 0.8083333 0.7583333 0.7833333 0.7583333 0.7833333 0.6916667
0.3103448 0.3275862 0.3189655 0.3362069 0.3448276 0.362069 0.4051724 0.3965517 0.4051724 0.387931 0.4137931
0.0940171 0.1367521 0.0940171 0.08547009 0.08547009 0.07692308 0.05982906 0.07692308 0.0940171 0.0940171 0.1111111
0.03225806 0.008064516 0 0.01612903 0.008064516 0 0 0.008064516 0.01612903 0.03225806 0.03225806
0.2416667 0.2833333 0.2916667 0.3083333 0.4333333 0.4 0.4833333 0.4583333 0.525 0.6083333 0.6666667
0.6551724 0.6637931 0.6551724 0.7413793 0.7672414 0.8017241 0.7844828 0.8275862 0.8793103 0.8448276 0.9051724
0.7716535 0.7165354 0.7952756 0.7559055 0.7322835 0.7086614 0.6692913 0.6535433 0.5905512 0.5748031 0.519685
0.6666667 0.7350427 0.6324786 0.6153846 0.6324786 0.5897436 0.5811966 0.4358974 0.4273504 0.3760684 0.3504274
0.3666667 0.3 0.3416667 0.3083333 0.325 0.35 0.4166667 0.4 0.4833333 0.5 0.5
0.4117647 0.487395 0.4537815 0.4285714 0.4621849 0.5210084 0.4957983 0.4957983 0.5882353 0.5714286 0.5882353
0.8016529 0.8677686 0.7933884 0.892562 0.876033 0.8264463 0.892562 0.9008264 0.9090909 0.8016529 0.8429752
0.05128205 0.03418803 0.04273504 0.01709402 0.03418803 0.05128205 0.06837607 0.03418803 0.03418803 0.03418803 0.03418803
0.08264463 0.05785124 0.04132231 0.0661157 0.0909091 0.09917355 0.1074380 0.1074380 0.1487603 0.2314050 0.2148760
0.1209677 0.1129032 0.1290323 0.1370968 0.1532258 0.1774194 0.2016129 0.2903226 0.3145161 0.2822581 0.3145161
0.5213675 0.4700855 0.4273504 0.3162393 0.3333333 0.2393162 0.2393162 0.1880342 0.1538462 0.1025641 0.1623932
0.7007874 0.6771654 0.6692913 0.6850394 0.6771654 0.7086614 0.8425197 0.7086614 0.7480315 0.7480315 0.6929134
0.3416667 0.2833333 0.2333333 0.1833333 0.1666667 0.05833333 0.08333333 0.01666667 0.03333333 0.025 0.008333333
0.2096774 0.1774194 0.2661290 0.2016129 0.1774194 0.2096774 0.1854839 0.2661290 0.1935484 0.1532258 0.2016129
0.2598425 0.2047244 0.2283465 0.2283465 0.1653543 0.1653543 0.1417323 0.1496063 0.1338583 0.1259843 0.1023622
0.1854839 0.1451613 0.2338710 0.2419355 0.2661290 0.3225806 0.3548387 0.3629032 0.3951613 0.4274194 0.4354839
0.5322581 0.4919355 0.4274194 0.3225806 0.2903226 0.3225806 0.2419355 0.1774194 0.1290323 0.08870968 0.1129032
0.425 0.4166667 0.4583333 0.4666667 0.6 0.625 0.5666667 0.625 0.6083333 0.625 0.6583333
0.5294118 0.512605 0.5210084 0.4789916 0.5462185 0.5966387 0.6470588 0.6134454 0.6806723 0.6806723 0.6554622
0.25 0.275 0.3 0.35 0.375 0.4333333 0.375 0.4416667 0.4 0.3916667 0.375
0.3916667 0.3166667 0.25 0.2 0.1 0.05 0.04166667 0.008333333 0.008333333 0.008333333 0
0.2413793 0.2241379 0.3448276 0.25 0.1982759 0.2586207 0.2844828 0.3103448 0.3793103 0.3706897 0.3706897
0.1935484 0.2177419 0.1612903 0.1774194 0.1935484 0.25 0.2338710 0.2258065 0.2096774 0.2258065 0.2338710
0.91453 0.8974359 0.8632479 0.7777778 0.8034188 0.7350427 0.7435897 0.7264957 0.7521368 0.6068376 0.6153846
0.8706897 0.8362069 0.887931 0.8448276 0.9051724 0.8448276 0.8793103 0.8275862 0.8965517 0.9051724 0.9051724
0.2283465 0.2047244 0.2283465 0.2362205 0.2047244 0.2125984 0.2362205 0.2440945 0.2047244 0.1732283 0.1811024
0.6666667 0.6068376 0.6239316 0.5384615 0.5299145 0.4615385 0.5042735 0.3846154 0.3589744 0.3504274 0.3247863
0.2758621 0.3017241 0.3793103 0.3965517 0.4137931 0.4741379 0.4310345 0.5258621 0.4655172 0.5258621 0.4482759
0.3793103 0.362069 0.3448276 0.25 0.2327586 0.1724138 0.1637931 0.1551724 0.1465517 0.0862069 0.0862069
0.6774194 0.6370968 0.7903226 0.6129032 0.5887097 0.6129032 0.6532258 0.5725806 0.5564516 0.5241935 0.5
0.804878 0.8699187 0.8780488 0.8455285 0.8211382 0.8861789 0.902439 0.8373984 0.9268293 0.9186992 0.8780488
0.3140496 0.2479339 0.2644628 0.2066116 0.1983471 0.1570248 0.1404959 0.09917355 0.1239669 0.1404959 0.1322314
0.9137931 0.8965517 0.9482759 0.9396552 0.9224138 0.9655172 0.9224138 0.9396552 0.9396552 0.9051724 0.9051724
0.8951613 0.983871 0.9274194 0.9112903 0.9516129 0.8225806 0.9112903 0.7983871 0.8951613 0.8467742 0.8064516
0.7580645 0.782258 0.8064516 0.7096774 0.6532258 0.6774194 0.6854839 0.6129032 0.516129 0.5 0.4354839
0.3064516 0.3064516 0.3145161 0.3387097 0.3870968 0.4112903 0.4032258 0.4354839 0.4112903 0.4919355 0.4677419
0.8595041 0.8512397 0.876033 0.7603306 0.876033 0.8016529 0.785124 0.7272727 0.6859504 0.7355372 0.677686
0.4132231 0.3801653 0.3140496 0.2809917 0.2975207 0.1983471 0.1735537 0.1404959 0.1322314 0.1487603 0.1487603
0.6666667 0.699187 0.5772358 0.5691057 0.5203252 0.398374 0.3089431 0.3252033 0.2845528 0.2439024 0.1788618
0.3228346 0.2519685 0.2440945 0.2440945 0.1889764 0.2047244 0.2362205 0.1574803 0.1338583 0.1811024 0.1889764
0.6722689 0.6386555 0.6386555 0.6470588 0.6554622 0.605042 0.5798319 0.5546218 0.5630252 0.4621849 0.4789916
0.1209677 0.1290323 0.08064516 0.1048387 0.06451613 0.05645161 0.0967742 0.1290323 0.2016129 0.25 0.2822581
0.6097561 0.5853659 0.6178862 0.4634146 0.3577236 0.3170732 0.3089431 0.2276423 0.1463415 0.1707317 0.1707317
0.2916667 0.275 0.3833333 0.45 0.475 0.575 0.5833333 0.6666667 0.6416667 0.7416667 0.7666667
0.3548387 0.3790323 0.3709677 0.3467742 0.3951613 0.4596774 0.4596774 0.5241935 0.5645161 0.5483871 0.5967742
0.8181818 0.8677686 0.8264463 0.8264463 0.8595041 0.8181818 0.785124 0.7438017 0.7272727 0.7355372 0.6446281
0.6370968 0.717742 0.6048387 0.6693548 0.7096774 0.766129 0.7258065 0.7016129 0.8790323 0.8145161 0.7258065
0.3277311 0.3109244 0.2857143 0.302521 0.2773109 0.2773109 0.2857143 0.2857143 0.2857143 0.2857143 0.2773109
0.9655172 0.9913793 0.9482759 0.974138 0.9655172 0.9655172 0.9482759 0.9396552 0.9396552 0.9051724 0.9051724
0.677686 0.7438017 0.7190083 0.677686 0.6198347 0.5950413 0.5454545 0.5206612 0.4710744 0.4049587 0.446281
0.5121951 0.5121951 0.5203252 0.4471545 0.4308943 0.3414634 0.3089431 0.2845528 0.2845528 0.2764228 0.2113821
0.5726496 0.5555556 0.5897436 0.4529915 0.4444444 0.4700855 0.4786325 0.4871795 0.4615385 0.4871795 0.4615385
0.9596774 0.8951613 0.9032258 0.9596774 0.9193548 0.9274194 0.9112903 0.9112903 0.8387097 0.8467742 0.8064516
0.03448276 0.02586207 0.00862069 0.01724138 0.01724138 0.00862069 0.02586207 0.04310345 0.06896552 0.05172414 0.0862069
0.6585366 0.5609756 0.6422764 0.5528455 0.6341463 0.6910569 0.5528455 0.5447154 0.5203252 0.5365854 0.4796748
0.8429752 0.8677686 0.892562 0.9256198 0.9338843 0.9256198 0.892562 0.9669421 0.9090909 0.892562 0.8429752
0.8548387 0.8548387 0.8145161 0.8951613 0.8629032 0.8387097 0.7258065 0.8387097 0.6612903 0.6854839 0.6209677
0.7642276 0.8211382 0.8780488 0.8211382 0.7642276 0.7804878 0.8292683 0.8699187 0.9268293 0.9186992 0.9430894
0.4710744 0.5950413 0.5289256 0.4710744 0.553719 0.6033058 0.6363636 0.6859504 0.7603306 0.768595 0.7603306
0.6551724 0.7155172 0.75 0.7931034 0.8189655 0.9482759 0.862069 0.8275862 0.9396552 0.8448276 0.9051724
0.7438017 0.7272727 0.6446281 0.7107438 0.6280992 0.6198347 0.6280992 0.553719 0.5289256 0.5206612 0.446281
0.483871 0.5080645 0.5645161 0.5967742 0.5564516 0.6048387 0.6532258 0.6532258 0.6612903 0.6693548 0.7258065
0.5128205 0.5470085 0.5384615 0.4957265 0.5128205 0.5726496 0.5213675 0.4957265 0.5470085 0.5897436 0.5555556
0.2601626 0.300813 0.2195122 0.2601626 0.2113821 0.1869919 0.2357724 0.2113821 0.1788618 0.1707317 0.1707317
0.5241935 0.5483871 0.5725806 0.6935484 0.6693548 0.6612903 0.7741935 0.7580645 0.717742 0.7580645 0.8548387
0.5241935 0.5 0.483871 0.5967742 0.5645161 0.5564516 0.5564516 0.6209677 0.6290323 0.5887097 0.6290323
0.025 0.05 0.05 0.05833333 0.075 0.06666667 0.09166667 0.1083333 0.1583333 0.1916667 0.1916667
0.1282051 0.1367521 0.1111111 0.1367521 0.1025641 0.0940171 0.1025641 0.1452991 0.1538462 0.1025641 0.1623932
0.3306452 0.2580645 0.3064516 0.25 0.1935484 0.1532258 0.2096774 0.1532258 0.2419355 0.2016129 0.2177419
0.3629032 0.3467742 0.3951613 0.4516129 0.4354839 0.4354839 0.4032258 0.3870968 0.3790323 0.4274194 0.4112903
0.7931034 0.7844828 0.8448276 0.8362069 0.8448276 0.9482759 0.8793103 0.9396552 0.8793103 0.9051724 0.9051724
0.3629032 0.4274194 0.4193548 0.4354839 0.5403226 0.5483871 0.4112903 0.5080645 0.5 0.5080645 0.5
0.5982906 0.5726496 0.4957265 0.5299145 0.5299145 0.5299145 0.5555556 0.4102564 0.4273504 0.4786325 0.4273504
0.008064516 0.03225806 0.03225806 0.05645161 0.1209677 0.1370968 0.1532258 0.2096774 0.2096774 0.25 0.2258065
0.6693548 0.7096774 0.6935484 0.7741935 0.782258 0.733871 0.782258 0.7983871 0.8387097 0.8064516 0.7983871
0.4285714 0.4453782 0.4453782 0.4285714 0.4621849 0.5882353 0.605042 0.5882353 0.697479 0.7310924 0.7058824
0.5967742 0.6854839 0.6774194 0.6532258 0.6935484 0.6612903 0.6290323 0.6693548 0.6935484 0.7096774 0.6935484
0.2413793 0.2931034 0.3189655 0.25 0.2413793 0.1982759 0.2155172 0.2155172 0.1637931 0.1982759 0.1982759
0.1338583 0.1102362 0.1259843 0.1023622 0.1417323 0.1338583 0.1653543 0.2047244 0.2047244 0.2047244 0.2362205
0.8362069 0.862069 0.862069 0.8189655 0.862069 0.8793103 0.9224138 0.8706897 0.9396552 0.9051724 0.9051724
0.4537815 0.487395 0.4621849 0.4285714 0.4621849 0.3613445 0.3529412 0.3193277 0.3109244 0.2773109 0.2521008
0.025 0.04166667 0.04166667 0.008333333 0.01666667 0.04166667 0.01666667 0.01666667 0.03333333 0.05 0.06666667
0.4537815 0.512605 0.512605 0.6722689 0.6806723 0.5966387 0.7142857 0.6722689 0.697479 0.6470588 0.697479
0.4705882 0.512605 0.4957983 0.4789916 0.4705882 0.4537815 0.394958 0.3781513 0.3109244 0.2773109 0.2521008
0.03225806 0.04032258 0.0483871 0.02419355 0.06451613 0.06451613 0.1612903 0.2016129 0.2419355 0.2419355 0.2822581
0.6666667 0.5609756 0.5853659 0.6178862 0.5284553 0.5203252 0.4878049 0.495935 0.495935 0.4227642 0.4552846
0.4369748 0.512605 0.4957983 0.5210084 0.5042017 0.4453782 0.487395 0.4201681 0.394958 0.4369748 0.3361345
0.7310924 0.7478992 0.697479 0.7563025 0.7394958 0.7731092 0.7142857 0.7478992 0.7394958 0.7310924 0.7142857
0.05042017 0.05042017 0.05042017 0.06722689 0.05042017 0.08403361 0.07563025 0.1260504 0.1512605 0.1596639 0.1680672
0.9663866 0.9579832 0.9663866 0.9495798 0.97479 0.9579832 0.9579832 0.9327731 0.9159664 0.9159664 0.8319328
0.982906 0.974359 0.965812 0.965812 0.957265 0.923077 0.965812 0.957265 0.948718 0.91453 0.8547009
0.9333333 0.9583333 0.9083333 0.9416667 0.975 0.9583333 0.9 0.9416667 0.8916667 0.9166667 0.9
0.05172414 0.04310345 0.06896552 0.1120690 0.1293103 0.1724138 0.2327586 0.2241379 0.3448276 0.3362069 0.3706897
0.3622047 0.3228346 0.2834646 0.1968504 0.1732283 0.1496063 0.05511811 0.05511811 0.05511811 0.04724409 0.03149606
0.03252033 0.008130081 0.01626016 0 0.008130081 0 0 0.01626016 0.008130081 0 0.02439024
0.982906 0.991453 0.974359 0.974359 0.957265 0.965812 0.965812 0.957265 0.948718 0.91453 0.8547009
0.1367521 0.1452991 0.1282051 0.1367521 0.0940171 0.0940171 0.0940171 0.0940171 0.03418803 0.03418803 0.07692308
0.4273504 0.4444444 0.5555556 0.5384615 0.5641026 0.6495726 0.6153846 0.6666667 0.6410256 0.6324786 0.6153846
0.2983871 0.3064516 0.2903226 0.2419355 0.3548387 0.2741935 0.2822581 0.2419355 0.2096774 0.2338710 0.2258065
0.5213675 0.5555556 0.5811966 0.5726496 0.5299145 0.5726496 0.6153846 0.6410256 0.6410256 0.6495726 0.7777778
0.1034483 0.1293103 0.2327586 0.2068966 0.3362069 0.4827586 0.4051724 0.4310345 0.612069 0.5517241 0.4913793
0.2166667 0.3 0.275 0.2583333 0.275 0.2916667 0.3416667 0.2833333 0.2833333 0.3 0.275
0.6386555 0.5714286 0.6638655 0.6302521 0.6302521 0.5882353 0.605042 0.5882353 0.5882353 0.5966387 0.5462185
0.1282051 0.1452991 0.1880342 0.2222222 0.2136752 0.1965812 0.2478632 0.2905983 0.3504274 0.3504274 0.3504274
0.8119658 0.8034188 0.8205128 0.7179487 0.8034188 0.8461538 0.8888889 0.8717949 0.7777778 0.8034188 0.7350427
0.3064516 0.3064516 0.2661290 0.2419355 0.2177419 0.2338710 0.2580645 0.2258065 0.2016129 0.2096774 0.1935484
0.9137931 0.9137931 0.8706897 0.8793103 0.8275862 0.7413793 0.7413793 0.7068966 0.7586207 0.6551724 0.6724138
0.8067227 0.7983193 0.7310924 0.7142857 0.7310924 0.6134454 0.6470588 0.6554622 0.5882353 0.605042 0.4957983
0.975 0.9916667 0.9583333 0.9416667 0.975 0.9916667 0.9 0.8166667 0.85 0.9166667 0.8083333
0.1074380 0.1983471 0.2314050 0.2644628 0.338843 0.2809917 0.3305785 0.338843 0.338843 0.3636364 0.3471074
0.8629032 0.9274194 0.9032258 0.8790323 0.8467742 0.782258 0.8387097 0.7258065 0.8951613 0.7741935 0.8064516
0.8709677 0.9193548 0.8709677 0.9032258 0.8064516 0.8387097 0.8790323 0.8387097 0.766129 0.8387097 0.7983871
0.9349593 0.9430894 0.9756098 0.9349593 0.8211382 0.9512195 0.8292683 0.8699187 0.8292683 0.7886179 0.7560976
0.605042 0.6386555 0.5966387 0.5042017 0.5294118 0.4285714 0.394958 0.3277311 0.2605042 0.2436975 0.2352941
0.7642276 0.902439 0.8780488 0.7886179 0.8373984 0.8861789 0.8780488 0.8699187 0.9268293 0.8373984 0.9430894
0.3821138 0.4390244 0.3495935 0.4227642 0.3170732 0.2926829 0.2439024 0.2439024 0.1788618 0.1707317 0.1626016
0.677686 0.6859504 0.7520661 0.7603306 0.7355372 0.7107438 0.785124 0.8347107 0.8099174 0.768595 0.7603306
0.982906 0.940171 0.923077 0.8717949 0.8888889 0.8632479 0.7863248 0.8717949 0.8717949 0.8034188 0.7863248
0.7416667 0.7083333 0.7583333 0.7666667 0.775 0.6833333 0.7666667 0.6666667 0.6416667 0.6916667 0.6583333
