0.5354331 0.5590551 0.5826772 0.6062992 0.5748031 0.6141732 0.6141732 0.6692913 0.6692913 0.7322835 0.6771654
0.3675214 0.3247863 0.2649573 0.3247863 0.3162393 0.3333333 0.3162393 0.3418803 0.3675214 0.2991453 0.3418803
0.8888889 0.931624 0.931624 0.8717949 0.8974359 0.91453 0.8974359 0.8974359 0.940171 0.8974359 0.8803419
0.8888889 0.923077 0.8974359 0.8717949 0.8717949 0.8461538 0.8888889 0.91453 0.8205128 0.7777778 0.7350427
0.09756098 0.0894309 0.08130081 0.06504065 0.04065041 0.05691057 0.03252033 0.04878049 0.04065041 0.04878049 0.07317073
0.699187 0.7886179 0.7642276 0.796748 0.7560976 0.7804878 0.8617886 0.9105691 0.9105691 0.8373984 0.8536585
0.3931624 0.3247863 0.3504274 0.3675214 0.4102564 0.4017094 0.4700855 0.4444444 0.5128205 0.5555556 0.5299145
0.5564516 0.5 0.5 0.4274194 0.3548387 0.3709677 0.3629032 0.3629032 0.3064516 0.2903226 0.2258065
0.4471545 0.495935 0.601626 0.5609756 0.5528455 0.6504065 0.699187 0.6747967 0.796748 0.6341463 0.7804878
0.5887097 0.6693548 0.6612903 0.6854839 0.7096774 0.7016129 0.717742 0.75 0.766129 0.8951613 0.7983871
0.07317073 0.09756098 0.1300813 0.1219512 0.1626016 0.2195122 0.2764228 0.2764228 0.3170732 0.3414634 0.3577236
0.699187 0.7317073 0.6829268 0.7317073 0.7235772 0.7479675 0.6910569 0.6747967 0.6422764 0.601626 0.6422764
0.8064516 0.8790323 0.7983871 0.8145161 0.8225806 0.8709677 0.7258065 0.717742 0.782258 0.6612903 0.7016129
0.4871795 0.4444444 0.4017094 0.4529915 0.4871795 0.4102564 0.4700855 0.4615385 0.4615385 0.4615385 0.3675214
0.1111111 0.0940171 0.1196581 0.1367521 0.1709402 0.1623932 0.1367521 0.1538462 0.1709402 0.2649573 0.2393162
0.06837607 0.07692308 0.05128205 0.02564103 0.01709402 0.008547009 0.01709402 0.008547009 0.01709402 0.01709402 0.04273504
0.2698413 0.3095238 0.2460317 0.3571429 0.468254 0.515873 0.515873 0.5079365 0.5634921 0.5873016 0.5634921
0.6410256 0.6581197 0.7094017 0.7094017 0.7606838 0.8034188 0.8205128 0.7692308 0.8034188 0.8034188 0.7948718
0.8974359 0.923077 0.931624 0.8717949 0.8376068 0.7521368 0.7094017 0.7350427 0.6495726 0.5897436 0.5128205
0.8119658 0.7948718 0.8119658 0.7008547 0.6837607 0.7008547 0.6837607 0.5641026 0.5555556 0.4871795 0.4529915
0.2991453 0.3076923 0.4188034 0.3846154 0.4017094 0.4615385 0.4957265 0.4700855 0.4529915 0.5213675 0.4273504
0.3931624 0.4529915 0.5299145 0.4871795 0.4444444 0.4871795 0.4700855 0.4700855 0.5128205 0.4444444 0.5384615
0.7179487 0.7692308 0.7094017 0.7863248 0.8034188 0.8205128 0.8205128 0.8205128 0.8803419 0.8717949 0.7948718
0.01626016 0.008130081 0.008130081 0 0.01626016 0.008130081 0 0.02439024 0.02439024 0.01626016 0.01626016
0.06779661 0.06779661 0.08474576 0.09322034 0.05932203 0.08474576 0.09322034 0.1186441 0.1101695 0.1694915 0.2118644
0.06504065 0.07317073 0.1219512 0.09756098 0.1544715 0.1707317 0.1869919 0.2601626 0.3170732 0.2682927 0.2682927
0.4308943 0.4552846 0.3658537 0.3414634 0.3089431 0.2520325 0.1951220 0.1544715 0.0894309 0.1219512 0.1300813
0.7350427 0.6837607 0.6752137 0.6495726 0.6410256 0.6581197 0.6666667 0.7350427 0.6752137 0.7350427 0.7008547
0.1623932 0.1538462 0.1282051 0.07692308 0.05128205 0.03418803 0.03418803 0.01709402 0.008547009 0.008547009 0
0.2601626 0.2682927 0.2357724 0.2195122 0.2357724 0.2195122 0.2439024 0.2276423 0.1788618 0.1869919 0.2032520
0.3389831 0.2966102 0.2542373 0.2711864 0.2288136 0.220339 0.2033898 0.1949153 0.1610169 0.1271186 0.1440678
0.1880342 0.1623932 0.2649573 0.2478632 0.2564103 0.3846154 0.3760684 0.4444444 0.4786325 0.4273504 0.4786325
0.4786325 0.4615385 0.4102564 0.3846154 0.2735043 0.1965812 0.1282051 0.1025641 0.07692308 0.07692308 0.05982906
0.5447154 0.5203252 0.5609756 0.5609756 0.5853659 0.6260163 0.6747967 0.6504065 0.5934959 0.5853659 0.7073171
0.5590551 0.5826772 0.5984252 0.6299213 0.5826772 0.5905512 0.6299213 0.6692913 0.6850394 0.6929134 0.6535433
0.3228346 0.3858268 0.3937008 0.3700787 0.4251969 0.4094488 0.4173228 0.3858268 0.3937008 0.3779528 0.3779528
0.2307692 0.1880342 0.1282051 0.08547009 0.06837607 0.04273504 0.03418803 0.01709402 0 0 0
0.2820513 0.2478632 0.2393162 0.2478632 0.2307692 0.2649573 0.3162393 0.3418803 0.2905983 0.3333333 0.3675214
0.1282051 0.1111111 0.2307692 0.2136752 0.2735043 0.2564103 0.2051282 0.1794872 0.2735043 0.2649573 0.2393162
0.8632479 0.923077 0.91453 0.8547009 0.8290598 0.7435897 0.8717949 0.8205128 0.7350427 0.8717949 0.7350427
0.91453 0.7948718 0.957265 0.7692308 0.7777778 0.8376068 0.7948718 0.8290598 0.8717949 0.8803419 0.7435897
0.1507937 0.1587302 0.1984127 0.1428571 0.2063492 0.1507937 0.1587302 0.1746032 0.1825397 0.1349206 0.08730159
0.8034188 0.7948718 0.6581197 0.7435897 0.6666667 0.6923077 0.6324786 0.4871795 0.5897436 0.5213675 0.4358974
0.3813559 0.3389831 0.3813559 0.4152542 0.3474576 0.4491525 0.4915254 0.5084746 0.5 0.5169492 0.4830508
0.2755906 0.2362205 0.1259843 0.1496063 0.1023622 0.1102362 0.08661417 0.07086614 0.07086614 0.03149606 0.05511811
0.5748031 0.6692913 0.5433071 0.6062992 0.5433071 0.5905512 0.5590551 0.6299213 0.6062992 0.519685 0.5905512
0.8818898 0.8425197 0.8661417 0.8503937 0.8503937 0.7952756 0.8503937 0.8031496 0.8425197 0.7322835 0.8503937
0.3821138 0.2764228 0.2439024 0.2357724 0.2357724 0.1707317 0.1869919 0.1382114 0.1707317 0.1951220 0.1788618
0.8803419 0.948718 0.931624 0.923077 0.940171 0.9059829 0.931624 0.923077 0.940171 0.8974359 0.8803419
0.920635 0.920635 0.9603175 0.920635 0.8333333 0.8968254 0.9444444 0.936508 0.936508 0.8650794 0.8492063
0.8717949 0.8974359 0.7264957 0.8376068 0.7777778 0.7606838 0.6752137 0.6495726 0.5897436 0.5811966 0.5042735
0.3064516 0.3387097 0.3306452 0.3548387 0.3548387 0.3709677 0.483871 0.4274194 0.483871 0.5322581 0.5483871
0.974359 0.940171 0.923077 0.948718 0.948718 0.8717949 0.931624 0.9059829 0.8803419 0.7948718 0.7948718
0.3247863 0.2307692 0.2649573 0.2051282 0.1452991 0.1111111 0.07692308 0.0940171 0.07692308 0.06837607 0.08547009
0.5447154 0.5934959 0.5203252 0.4796748 0.3658537 0.300813 0.2276423 0.2032520 0.1626016 0.1463415 0.1138211
0.3333333 0.3418803 0.2991453 0.2820513 0.2991453 0.3162393 0.3162393 0.3247863 0.2564103 0.3076923 0.2649573
0.6440678 0.6440678 0.7118644 0.7118644 0.6525424 0.6525424 0.6186441 0.6186441 0.5932203 0.5508475 0.4830508
0.1367521 0.1623932 0.08547009 0.08547009 0.06837607 0.0940171 0.1111111 0.0940171 0.1623932 0.2051282 0.2649573
0.6186441 0.6440678 0.5847458 0.5 0.5423729 0.440678 0.3983051 0.3474576 0.2881356 0.279661 0.2288136
0.3333333 0.3577236 0.3577236 0.4146341 0.504065 0.6178862 0.5691057 0.6829268 0.6747967 0.7154472 0.6910569
0.3589744 0.3760684 0.3675214 0.4188034 0.4188034 0.4273504 0.3760684 0.4957265 0.4358974 0.5384615 0.5897436
0.6904762 0.7142857 0.7460317 0.7301587 0.6904762 0.6746032 0.6904762 0.6825397 0.6746032 0.6031746 0.5952381
0.6355932 0.6440678 0.7118644 0.6694915 0.6864407 0.7881356 0.7711864 0.7711864 0.7966102 0.8050847 0.898305
0.3418803 0.2649573 0.3589744 0.2820513 0.2991453 0.3760684 0.2991453 0.3247863 0.2564103 0.2991453 0.2820513
0.982906 0.974359 0.940171 0.957265 0.948718 0.940171 0.931624 0.9059829 0.8803419 0.8717949 0.7948718
0.6923077 0.7521368 0.7435897 0.5811966 0.5982906 0.5897436 0.5213675 0.4529915 0.3931624 0.3333333 0.3589744
0.6097561 0.6178862 0.5203252 0.5853659 0.5284553 0.4552846 0.3739837 0.3658537 0.3333333 0.3414634 0.3252033
0.5887097 0.6129032 0.5645161 0.5322581 0.5080645 0.5564516 0.483871 0.4919355 0.4596774 0.516129 0.4596774
0.948718 0.974359 0.931624 0.982906 0.940171 0.948718 0.8974359 0.923077 0.940171 0.8974359 0.8803419
0 0 0 0 0.007936508 0.03174603 0.01587302 0.03968254 0.07936508 0.1190476 0.07142857
0.601626 0.6585366 0.6422764 0.6504065 0.5853659 0.601626 0.5934959 0.5284553 0.5203252 0.4634146 0.4146341
0.8803419 0.8119658 0.8888889 0.8717949 0.8888889 0.948718 0.8888889 0.923077 0.9059829 0.8974359 0.8803419
0.9268293 0.8861789 0.902439 0.8536585 0.8536585 0.804878 0.8455285 0.7154472 0.796748 0.6747967 0.6504065
0.8455285 0.8292683 0.7723577 0.7723577 0.8211382 0.9186992 0.9268293 0.9512195 0.9268293 0.8617886 0.902439
0.515873 0.5079365 0.5634921 0.6190476 0.6190476 0.6746032 0.6904762 0.6984127 0.7460317 0.8650794 0.7936508
0.6101695 0.6440678 0.7033898 0.720339 0.7627119 0.7542373 0.8474576 0.898305 0.838983 0.8898305 0.898305
0.6837607 0.6837607 0.6324786 0.6153846 0.6666667 0.6153846 0.5470085 0.5982906 0.5897436 0.5042735 0.5555556
0.4322034 0.5084746 0.5084746 0.4576271 0.5254237 0.4915254 0.5508475 0.5508475 0.6355932 0.6016949 0.6440678
0.5042735 0.5299145 0.5555556 0.5555556 0.5726496 0.4786325 0.5042735 0.4700855 0.4529915 0.5213675 0.4273504
0.1694915 0.1610169 0.1694915 0.1610169 0.1694915 0.1355932 0.1016949 0.1186441 0.1186441 0.1271186 0.1440678
0.440678 0.5847458 0.5254237 0.5847458 0.5847458 0.6694915 0.6186441 0.7033898 0.7457627 0.7288136 0.7372881
0.5254237 0.5254237 0.559322 0.5254237 0.5084746 0.4915254 0.6186441 0.5932203 0.5932203 0.7118644 0.7372881
0.0483871 0.05645161 0.05645161 0.05645161 0.1532258 0.1451613 0.1370968 0.1774194 0.1774194 0.1935484 0.2580645
0.1463415 0.1138211 0.0894309 0.1056911 0.1138211 0.1219512 0.1463415 0.1544715 0.1626016 0.1382114 0.1463415
0.4188034 0.4188034 0.2991453 0.2820513 0.2222222 0.1452991 0.1367521 0.1452991 0.1196581 0.1452991 0.1196581
0.3983051 0.3644068 0.4067797 0.3983051 0.3389831 0.440678 0.4915254 0.3983051 0.4237288 0.3983051 0.4067797
0.8888889 0.931624 0.931624 0.931624 0.982906 0.91453 0.931624 0.923077 0.940171 0.8974359 0.8803419
0.3149606 0.3779528 0.4488189 0.4094488 0.4566929 0.4724409 0.4173228 0.4015748 0.4251969 0.480315 0.480315
0.6456693 0.5826772 0.5984252 0.6299213 0.5826772 0.5433071 0.5354331 0.5669291 0.5590551 0.4724409 0.5433071
0.05982906 0.03418803 0.05982906 0.07692308 0.1282051 0.1623932 0.1965812 0.2820513 0.2735043 0.2905983 0.3076923
0.6612903 0.6693548 0.717742 0.6854839 0.7580645 0.766129 0.766129 0.766129 0.9354839 0.8145161 0.8467742
0.3739837 0.3495935 0.3658537 0.3414634 0.3170732 0.3902439 0.4308943 0.495935 0.5203252 0.5447154 0.5691057
0.6747967 0.6585366 0.7642276 0.7642276 0.6504065 0.6585366 0.699187 0.7235772 0.6504065 0.6829268 0.7560976
0.2195122 0.1788618 0.1300813 0.1056911 0.1544715 0.1300813 0.1382114 0.1300813 0.09756098 0.1219512 0.1300813
0.1463415 0.1626016 0.1138211 0.1300813 0.2032520 0.1544715 0.1869919 0.2276423 0.2439024 0.2764228 0.2601626
0.7179487 0.7521368 0.7435897 0.7606838 0.8547009 0.8205128 0.8632479 0.8290598 0.8803419 0.7948718 0.7948718
0.5 0.5169492 0.4237288 0.4237288 0.3474576 0.3305085 0.2881356 0.2966102 0.2457627 0.2033898 0.1949153
0.06504065 0.05691057 0.07317073 0.04878049 0.04878049 0.04065041 0.04065041 0.05691057 0.05691057 0.07317073 0.08130081
0.5322581 0.5483871 0.5806452 0.6935484 0.6532258 0.6935484 0.6612903 0.6693548 0.6774194 0.6532258 0.6451613
0.5213675 0.4615385 0.5213675 0.4786325 0.5213675 0.4273504 0.3675214 0.3247863 0.2905983 0.3162393 0.2735043
0.05084746 0.06779661 0.04237288 0.05084746 0.05932203 0.05932203 0.08474576 0.1186441 0.1101695 0.1525424 0.1864407
0.4188034 0.4358974 0.4017094 0.4188034 0.4017094 0.3931624 0.2991453 0.3504274 0.3247863 0.3333333 0.3333333
0.4322034 0.5254237 0.559322 0.5847458 0.6186441 0.559322 0.5 0.4237288 0.4491525 0.3728814 0.4067797
0.7886179 0.796748 0.7398374 0.8373984 0.7479675 0.7073171 0.7479675 0.7642276 0.804878 0.7073171 0.6666667
0.1129032 0.08064516 0.07258065 0.1532258 0.1290323 0.1774194 0.25 0.2741935 0.3064516 0.3064516 0.2822581
0.9758065 0.9435484 0.983871 0.967742 0.9596774 0.9354839 0.9516129 0.9354839 0.9354839 0.8951613 0.8467742
0.957265 0.965812 0.91453 0.91453 0.948718 0.940171 0.931624 0.9059829 0.8803419 0.8717949 0.7948718
0.8644068 0.9067797 0.940678 0.9322034 0.9152542 0.898305 0.9491525 0.9322034 0.9661017 0.8898305 0.898305
0.06837607 0.07692308 0.1025641 0.0940171 0.2735043 0.2735043 0.3076923 0.2820513 0.3675214 0.3076923 0.4957265
0.3170732 0.2357724 0.1869919 0.1138211 0.0894309 0.05691057 0.008130081 0.02439024 0.008130081 0 0
0 0.008130081 0.008130081 0 0 0 0 0 0 0.02439024 0.02439024
0.9674797 0.9674797 0.9674797 0.9674797 0.9756098 0.9430894 0.9349593 0.9268293 0.9512195 0.9105691 0.8373984
0.1623932 0.2051282 0.1538462 0.1794872 0.1623932 0.1709402 0.2051282 0.2051282 0.1965812 0.2307692 0.2136752
0.3760684 0.4529915 0.4615385 0.4700855 0.4871795 0.4871795 0.4615385 0.4700855 0.4786325 0.4871795 0.4529915
0.2991453 0.2991453 0.2905983 0.2649573 0.2735043 0.2136752 0.1965812 0.2564103 0.2051282 0.1965812 0.1794872
0.3888889 0.4126984 0.4126984 0.4365079 0.531746 0.515873 0.5555556 0.4920635 0.5634921 0.6111111 0.6349206
0.3252033 0.3333333 0.4227642 0.4065041 0.4878049 0.4390244 0.5121951 0.5447154 0.4796748 0.4796748 0.4471545
0.4102564 0.3931624 0.4871795 0.3675214 0.4871795 0.4273504 0.3931624 0.4615385 0.3846154 0.3333333 0.3076923
0.5121951 0.5528455 0.5203252 0.4796748 0.4878049 0.4308943 0.3821138 0.3577236 0.3658537 0.4065041 0.4471545
0.2542373 0.2881356 0.220339 0.2118644 0.2627119 0.2542373 0.279661 0.2966102 0.3135593 0.3559322 0.3559322
0.8205128 0.940171 0.7777778 0.7948718 0.8547009 0.8461538 0.8717949 0.8205128 0.8034188 0.8717949 0.7350427
0.2926829 0.2845528 0.3089431 0.2682927 0.2926829 0.3252033 0.2926829 0.300813 0.2520325 0.2764228 0.2764228
0.894309 0.9105691 0.8130081 0.804878 0.804878 0.7479675 0.7886179 0.6747967 0.6666667 0.6097561 0.5691057
0.6587302 0.6825397 0.7380952 0.6666667 0.6984127 0.7222222 0.6428571 0.6269841 0.7301587 0.531746 0.5
0.984127 0.9603175 0.9603175 0.9047619 0.8809524 0.9047619 0.920635 0.936508 0.8571429 0.8095238 0.8492063
0.06837607 0.07692308 0.1025641 0.08547009 0.2051282 0.1367521 0.1965812 0.1794872 0.2222222 0.2393162 0.2393162
0.9268293 0.9268293 0.9268293 0.9512195 0.894309 0.9105691 0.9430894 0.9105691 0.8455285 0.894309 0.8536585
0.7606838 0.7948718 0.7521368 0.8461538 0.8376068 0.8376068 0.7008547 0.8034188 0.8205128 0.7777778 0.7777778
0.9919355 0.983871 0.983871 0.967742 0.9596774 0.9354839 0.9516129 0.9354839 0.9354839 0.8951613 0.8467742
0.6341463 0.6260163 0.5284553 0.5365854 0.4390244 0.3414634 0.3333333 0.2682927 0.2357724 0.1869919 0.1951220
0.6752137 0.8119658 0.8803419 0.8888889 0.8974359 0.948718 0.9059829 0.8205128 0.9059829 0.8376068 0.8803419
0.300813 0.2357724 0.2357724 0.1951220 0.2357724 0.1463415 0.1382114 0.1707317 0.1463415 0.1382114 0.1219512
0.8888889 0.8632479 0.931624 0.923077 0.923077 0.9059829 0.8888889 0.8461538 0.8119658 0.8034188 0.8461538
0.9186992 0.9430894 0.9349593 0.8455285 0.8373984 0.9268293 0.8861789 0.8373984 0.9268293 0.8617886 0.8455285
0.699187 0.7560976 0.7804878 0.7398374 0.7235772 0.7479675 0.6747967 0.7642276 0.7073171 0.6585366 0.6585366
