0.483871 0.4354839 0.4677419 0.5322581 0.5806452 0.5564516 0.6129032 0.6209677 0.6129032 0.7903226 0.7419355
0.352 0.296 0.256 0.264 0.288 0.28 0.328 0.336 0.36 0.304 0.344
0.8403361 0.8571429 0.8739496 0.8739496 0.7983193 0.882353 0.8907563 0.8235294 0.7983193 0.815126 0.8571429
0.8991597 0.9243697 0.8487395 0.9159664 0.8739496 0.8319328 0.8067227 0.8907563 0.8235294 0.7563025 0.7310924
0.1355932 0.06779661 0.1016949 0.06779661 0.04237288 0.05932203 0.07627119 0.05932203 0.05084746 0.06779661 0.06779661
0.8512397 0.7933884 0.8677686 0.8842975 0.8264463 0.8264463 0.8016529 0.876033 0.9008264 0.8264463 0.7933884
0.3529412 0.3613445 0.3529412 0.3697479 0.4201681 0.512605 0.4789916 0.5042017 0.4789916 0.5294118 0.5294118
0.4796748 0.398374 0.3739837 0.2601626 0.2601626 0.2195122 0.2195122 0.1869919 0.1463415 0.09756098 0.09756098
0.5371901 0.4958678 0.5454545 0.6528926 0.6363636 0.6694215 0.7107438 0.677686 0.6446281 0.7107438 0.6363636
0.6218487 0.6722689 0.6134454 0.6890756 0.6806723 0.6386555 0.8067227 0.6890756 0.7394958 0.8655462 0.789916
0.048 0.088 0.064 0.088 0.112 0.168 0.16 0.232 0.296 0.304 0.32
0.5546218 0.6134454 0.6218487 0.6302521 0.6134454 0.6218487 0.5966387 0.6470588 0.6470588 0.5798319 0.5294118
0.8728814 0.7966102 0.7881356 0.7542373 0.8135593 0.7966102 0.779661 0.7457627 0.7711864 0.6864407 0.6694915
0.3697479 0.4117647 0.3529412 0.4033613 0.4201681 0.4201681 0.4201681 0.3697479 0.3865546 0.3445378 0.3277311
0.0909091 0.1074380 0.09917355 0.08264463 0.08264463 0.0909091 0.04132231 0.07438017 0.08264463 0.09917355 0.1074380
0.02479339 0.008264463 0.03305785 0.04132231 0.01652893 0.01652893 0.008264463 0.008264463 0.02479339 0.03305785 0.03305785
0.1932773 0.2773109 0.3445378 0.3697479 0.4201681 0.4201681 0.4957983 0.5042017 0.4957983 0.5798319 0.5798319
0.6774194 0.6209677 0.7580645 0.7096774 0.7096774 0.7096774 0.8387097 0.8387097 0.8064516 0.8790323 0.8870968
0.7966102 0.8305085 0.8135593 0.7542373 0.7711864 0.7457627 0.6101695 0.6186441 0.6186441 0.559322 0.4915254
0.8512397 0.7355372 0.7024793 0.6280992 0.661157 0.6280992 0.5702479 0.553719 0.4545455 0.5123967 0.3636364
0.2711864 0.2881356 0.2881356 0.3305085 0.3898305 0.3559322 0.4576271 0.4491525 0.5169492 0.5 0.5762712
0.3471074 0.3884298 0.3636364 0.3140496 0.3801653 0.4049587 0.4049587 0.5206612 0.4545455 0.553719 0.5123967
0.7355372 0.6859504 0.7933884 0.8181818 0.7603306 0.8347107 0.785124 0.8264463 0.7520661 0.7190083 0.8512397
0.008264463 0.008264463 0 0.02479339 0.01652893 0.008264463 0.008264463 0.008264463 0.02479339 0.02479339 0.01652893
0.07627119 0.06779661 0.06779661 0.05932203 0.04237288 0.07627119 0.07627119 0.1186441 0.1694915 0.2118644 0.2288136
0.1271186 0.1101695 0.1271186 0.1440678 0.220339 0.2372881 0.3050847 0.3050847 0.3135593 0.3305085 0.3220339
0.5950413 0.4793388 0.5041322 0.4958678 0.3801653 0.2892562 0.2809917 0.1983471 0.1570248 0.1487603 0.1487603
0.677686 0.677686 0.6528926 0.7190083 0.7024793 0.6859504 0.785124 0.7520661 0.8016529 0.7190083 0.7520661
0.1074380 0.09917355 0.08264463 0.05785124 0.03305785 0.03305785 0.01652893 0.008264463 0 0.008264463 0.008264463
0.2542373 0.3559322 0.2881356 0.2966102 0.279661 0.2966102 0.2627119 0.279661 0.279661 0.2881356 0.2288136
0.3223140 0.3471074 0.3636364 0.2727273 0.2809917 0.2066116 0.1983471 0.1983471 0.1983471 0.1570248 0.1487603
0.09243697 0.09243697 0.1596639 0.1932773 0.2100840 0.2689076 0.2773109 0.3277311 0.3277311 0.4033613 0.4117647
0.5483871 0.5483871 0.4758065 0.3709677 0.3306452 0.2258065 0.1854839 0.1693548 0.1209677 0.1048387 0.08064516
0.4369748 0.5042017 0.5378151 0.5378151 0.6554622 0.512605 0.6470588 0.5798319 0.7058824 0.6638655 0.6302521
0.4369748 0.4705882 0.4285714 0.5042017 0.4957983 0.512605 0.5546218 0.5294118 0.5798319 0.6554622 0.5210084
0.3613445 0.3193277 0.3445378 0.302521 0.4033613 0.3697479 0.4537815 0.4117647 0.487395 0.5042017 0.512605
0.3613445 0.302521 0.2773109 0.2268908 0.2016807 0.1176471 0.08403361 0.05042017 0.01680672 0.03361345 0.02521008
0.3884298 0.2396694 0.3553719 0.4214876 0.446281 0.4297521 0.3471074 0.4710744 0.5041322 0.4876033 0.4958678
0.09243697 0.1008403 0.08403361 0.1344538 0.1512605 0.1344538 0.1344538 0.1680672 0.1932773 0.2100840 0.2016807
0.881356 0.7966102 0.838983 0.9152542 0.8135593 0.7457627 0.7711864 0.6779661 0.7457627 0.5847458 0.6101695
0.9159664 0.9159664 0.9327731 0.8487395 0.8571429 0.8487395 0.8067227 0.8739496 0.8487395 0.8319328 0.815126
0.352 0.312 0.28 0.28 0.272 0.32 0.288 0.288 0.256 0.232 0.216
0.7886179 0.7642276 0.6747967 0.6666667 0.6260163 0.5934959 0.4390244 0.4796748 0.3902439 0.3333333 0.3495935
0.3613445 0.3529412 0.3529412 0.4369748 0.4285714 0.4453782 0.512605 0.487395 0.487395 0.5966387 0.5042017
0.224 0.232 0.128 0.152 0.096 0.12 0.072 0.04 0.08 0.04 0.04
0.7107438 0.6446281 0.6280992 0.6115702 0.6363636 0.5867769 0.6198347 0.5785124 0.5785124 0.5371901 0.6280992
0.8512397 0.8677686 0.8842975 0.9090909 0.9173554 0.8595041 0.8842975 0.8264463 0.9008264 0.8264463 0.7933884
0.3306452 0.3145161 0.3306452 0.25 0.2177419 0.2177419 0.1935484 0.1693548 0.1854839 0.1612903 0.1612903
0.9186992 0.9837398 0.99187 0.9430894 0.9512195 0.9186992 0.9512195 0.9593496 0.902439 0.8780488 0.9186992
0.983871 0.983871 0.9919355 0.9112903 0.9354839 0.967742 0.9435484 0.8951613 0.8709677 0.8951613 0.8709677
0.7903226 0.7903226 0.8064516 0.7258065 0.7096774 0.6774194 0.6935484 0.7096774 0.5806452 0.5241935 0.516129
0.4117647 0.3529412 0.3445378 0.3781513 0.4285714 0.4201681 0.4453782 0.4621849 0.512605 0.5378151 0.4789916
0.9256198 0.9090909 0.9338843 0.9173554 0.892562 0.9090909 0.8429752 0.7272727 0.7768595 0.677686 0.7024793
0.3306452 0.2580645 0.2419355 0.2096774 0.1612903 0.1451613 0.1532258 0.08870968 0.07258065 0.07258065 0.05645161
0.5798319 0.6470588 0.4453782 0.4957983 0.4201681 0.3445378 0.2521008 0.2016807 0.1428571 0.1512605 0.1344538
0.2314050 0.1818182 0.1074380 0.1322314 0.1239669 0.1570248 0.1652893 0.1900826 0.1404959 0.1818182 0.1900826
0.6779661 0.6779661 0.6016949 0.6440678 0.6016949 0.6186441 0.5762712 0.4915254 0.4745763 0.5 0.440678
0.2396694 0.2727273 0.1735537 0.2148760 0.1983471 0.2066116 0.2148760 0.2479339 0.2561983 0.2231405 0.3305785
0.6942149 0.6446281 0.5785124 0.5702479 0.4958678 0.3801653 0.3057851 0.2561983 0.2396694 0.1570248 0.1900826
0.2983871 0.3790323 0.3709677 0.5 0.5645161 0.5403226 0.6370968 0.6209677 0.7258065 0.7096774 0.7258065
0.4201681 0.4369748 0.4201681 0.4957983 0.4789916 0.4285714 0.487395 0.487395 0.5630252 0.6218487 0.5798319
0.6341463 0.6341463 0.6341463 0.5528455 0.6504065 0.5203252 0.6097561 0.5365854 0.5284553 0.4146341 0.4634146
0.7288136 0.6779661 0.6864407 0.7627119 0.7881356 0.7881356 0.8728814 0.8050847 0.7711864 0.8220339 0.9067797
0.3135593 0.3728814 0.3135593 0.3389831 0.3220339 0.3474576 0.3644068 0.4067797 0.4067797 0.4152542 0.3474576
1 0.9752066 1 0.9917355 0.983471 0.9752066 0.9752066 0.9421488 0.9586777 0.9256198 0.8677686
0.8264463 0.7933884 0.7107438 0.661157 0.6446281 0.6694215 0.6363636 0.5041322 0.5206612 0.4793388 0.446281
0.5867769 0.5702479 0.446281 0.5206612 0.3719008 0.2892562 0.2231405 0.2066116 0.1900826 0.1983471 0.1735537
0.6341463 0.6504065 0.5609756 0.5528455 0.495935 0.5934959 0.4878049 0.5121951 0.5121951 0.495935 0.4796748
0.9579832 0.9663866 0.8907563 0.9327731 0.9663866 0.8487395 0.8067227 0.8739496 0.8487395 0.8319328 0.815126
0 0.008130081 0 0 0.008130081 0.03252033 0.03252033 0.03252033 0.05691057 0.0894309 0.07317073
0.4628099 0.5702479 0.4958678 0.4545455 0.5454545 0.5289256 0.5785124 0.5041322 0.553719 0.4545455 0.4628099
0.9159664 0.9579832 0.9243697 0.9411765 0.9243697 0.9663866 0.9579832 0.8907563 0.907563 0.9159664 0.8571429
0.9159664 0.8571429 0.9243697 0.8991597 0.815126 0.8067227 0.8235294 0.7226891 0.697479 0.6554622 0.5798319
0.64 0.664 0.736 0.744 0.808 0.768 0.832 0.84 0.816 0.92 0.888
0.4516129 0.5725806 0.483871 0.5645161 0.6129032 0.6451613 0.6612903 0.733871 0.7741935 0.7419355 0.8870968
0.5210084 0.6470588 0.6218487 0.6890756 0.7478992 0.7647059 0.8571429 0.8235294 0.789916 0.8655462 0.8571429
0.8571429 0.7647059 0.7394958 0.7226891 0.6806723 0.6386555 0.6470588 0.5714286 0.6302521 0.5630252 0.5798319
0.4919355 0.516129 0.5080645 0.5403226 0.5725806 0.5725806 0.6129032 0.6209677 0.6290323 0.6451613 0.7419355
0.5714286 0.5294118 0.5714286 0.5714286 0.6134454 0.6386555 0.6386555 0.5882353 0.6134454 0.605042 0.5798319
0.07438017 0.07438017 0.07438017 0.05785124 0.04132231 0.03305785 0.03305785 0.03305785 0.05785124 0.04132231 0.05785124
0.4596774 0.4758065 0.483871 0.516129 0.5564516 0.5564516 0.5806452 0.5403226 0.6129032 0.6935484 0.6854839
0.4830508 0.4915254 0.4576271 0.5 0.5847458 0.5847458 0.5338983 0.7118644 0.6440678 0.6779661 0.720339
0.0909091 0.1404959 0.1157025 0.1404959 0.2314050 0.1900826 0.2148760 0.2727273 0.2479339 0.3057851 0.3140496
0.3140496 0.2396694 0.3719008 0.3884298 0.446281 0.4132231 0.3553719 0.4297521 0.4545455 0.4793388 0.4793388
0.446281 0.4545455 0.446281 0.4545455 0.4793388 0.3884298 0.3884298 0.4214876 0.4297521 0.4297521 0.4297521
0.3193277 0.3613445 0.3529412 0.3697479 0.3865546 0.4285714 0.4705882 0.4117647 0.4537815 0.4117647 0.3781513
0.768 0.784 0.872 0.776 0.848 0.816 0.92 0.88 0.864 0.92 0.888
0.3135593 0.3559322 0.3898305 0.4322034 0.4237288 0.4322034 0.5338983 0.4915254 0.5 0.5169492 0.5423729
0.5966387 0.5546218 0.6134454 0.6218487 0.5630252 0.5714286 0.5378151 0.5546218 0.5798319 0.5294118 0.4957983
0.05785124 0.04958678 0.05785124 0.07438017 0.09917355 0.1487603 0.2314050 0.2479339 0.2809917 0.3140496 0.3471074
0.717742 0.6774194 0.6854839 0.6935484 0.7016129 0.7580645 0.7983871 0.7903226 0.8951613 0.8548387 0.8225806
0.2419355 0.3064516 0.2258065 0.3225806 0.3709677 0.3467742 0.4193548 0.4112903 0.4919355 0.5322581 0.5403226
0.7288136 0.7881356 0.720339 0.6949153 0.6949153 0.7457627 0.6101695 0.7966102 0.6440678 0.7627119 0.7033898
0.1818182 0.1983471 0.1074380 0.1157025 0.1487603 0.1487603 0.1652893 0.1404959 0.1404959 0.1487603 0.1157025
0.2016807 0.1932773 0.2016807 0.2184874 0.2521008 0.2605042 0.2857143 0.3277311 0.3193277 0.4033613 0.3613445
0.717742 0.7419355 0.6693548 0.7741935 0.7016129 0.7580645 0.8306452 0.75 0.8145161 0.8064516 0.8064516
0.4214876 0.4297521 0.3471074 0.4049587 0.3223140 0.2396694 0.2231405 0.1983471 0.1983471 0.1652893 0.1983471
0.01626016 0.01626016 0.02439024 0.01626016 0.01626016 0.02439024 0.02439024 0.03252033 0.04878049 0.05691057 0.04878049
0.5619835 0.5619835 0.6115702 0.7024793 0.6528926 0.7107438 0.6942149 0.785124 0.7024793 0.6694215 0.8512397
0.4369748 0.4453782 0.4453782 0.4537815 0.487395 0.4201681 0.3361345 0.2773109 0.2100840 0.2352941 0.1932773
0.0661157 0.05785124 0.02479339 0.04132231 0.0661157 0.07438017 0.1157025 0.1487603 0.1404959 0.1735537 0.2148760
0.4435484 0.4677419 0.4354839 0.3709677 0.3467742 0.4032258 0.3709677 0.3709677 0.3790323 0.3951613 0.3790323
0.4545455 0.4958678 0.553719 0.5041322 0.5041322 0.4876033 0.4049587 0.4214876 0.3801653 0.338843 0.4297521
0.8016529 0.8429752 0.8264463 0.7933884 0.7355372 0.7438017 0.8429752 0.8099174 0.7355372 0.8264463 0.7768595
0.05785124 0.04958678 0.0909091 0.07438017 0.08264463 0.1157025 0.1487603 0.1735537 0.2231405 0.2314050 0.2148760
1 0.983871 0.9919355 0.983871 0.9919355 0.967742 0.9435484 0.9758065 0.8709677 0.8951613 0.8709677
0.92 0.992 0.984 0.984 0.944 0.984 0.976 0.928 0.952 0.92 0.888
0.9186992 0.9756098 0.99187 0.9756098 0.9837398 0.9430894 0.9512195 0.9593496 0.902439 0.8780488 0.9186992
0.1693548 0.2016129 0.2741935 0.25 0.3548387 0.3629032 0.3951613 0.3629032 0.3709677 0.3951613 0.4274194
0.4201681 0.3277311 0.2773109 0.2436975 0.2016807 0.2016807 0.1092437 0.05042017 0.03361345 0.03361345 0.01680672
0.01680672 0.02521008 0.02521008 0.008403361 0 0 0 0 0.008403361 0.008403361 0
0.9586777 0.9090909 0.9669421 0.9669421 0.9504132 0.9338843 0.9421488 0.9504132 0.9008264 0.9008264 0.876033
0.0967742 0.1290323 0.1451613 0.1048387 0.1290323 0.1209677 0.1209677 0.1048387 0.06451613 0.08870968 0.08870968
0.344 0.336 0.36 0.432 0.448 0.504 0.488 0.552 0.464 0.512 0.528
0.2357724 0.2195122 0.2764228 0.2601626 0.1869919 0.2439024 0.2276423 0.2520325 0.2357724 0.2601626 0.2276423
0.2822581 0.3467742 0.2741935 0.3387097 0.3951613 0.4032258 0.3870968 0.4274194 0.4193548 0.4919355 0.483871
0.208 0.224 0.256 0.296 0.344 0.36 0.36 0.432 0.4 0.424 0.416
0.3223140 0.2561983 0.2479339 0.2396694 0.2479339 0.2561983 0.3471074 0.2809917 0.3223140 0.2975207 0.3305785
0.5403226 0.5967742 0.5483871 0.4919355 0.5403226 0.5241935 0.5403226 0.5080645 0.4354839 0.5564516 0.5403226
0.1900826 0.2066116 0.1983471 0.2148760 0.3057851 0.2975207 0.3140496 0.3305785 0.3801653 0.3801653 0.4214876
0.7642276 0.7398374 0.7723577 0.6747967 0.7560976 0.7154472 0.7886179 0.7479675 0.7479675 0.6910569 0.7479675
0.3559322 0.3559322 0.2966102 0.3135593 0.3220339 0.3389831 0.3220339 0.3050847 0.3135593 0.2966102 0.3220339
0.892562 0.7933884 0.8677686 0.8842975 0.8016529 0.8016529 0.7603306 0.6859504 0.6694215 0.6363636 0.6363636
0.677686 0.6859504 0.6528926 0.677686 0.661157 0.6528926 0.5289256 0.6528926 0.5371901 0.5289256 0.5123967
0.96 0.992 1 0.984 0.872 0.984 0.92 0.928 0.864 0.92 0.8
0.08870968 0.1048387 0.1693548 0.1854839 0.2903226 0.2903226 0.3548387 0.3548387 0.3387097 0.3790323 0.3467742
0.881356 0.9322034 0.8644068 0.8898305 0.8728814 0.9152542 0.8898305 0.8898305 0.9322034 0.8898305 0.9067797
0.7903226 0.8387097 0.8225806 0.8629032 0.9435484 0.9112903 0.8387097 0.8387097 0.8064516 0.7903226 0.8225806
0.9349593 0.9186992 0.9268293 0.9105691 0.8373984 0.8211382 0.8292683 0.8699187 0.7560976 0.7073171 0.699187
0.6178862 0.5934959 0.4878049 0.4227642 0.3902439 0.4065041 0.2926829 0.2926829 0.2113821 0.1788618 0.2357724
0.8099174 0.768595 0.8429752 0.8595041 0.9090909 0.9338843 0.8595041 0.9504132 0.8181818 0.9008264 0.876033
0.3865546 0.3613445 0.3277311 0.3361345 0.2436975 0.2184874 0.2184874 0.1344538 0.1932773 0.1344538 0.1260504
0.8429752 0.8264463 0.8595041 0.8264463 0.8099174 0.8347107 0.8016529 0.7438017 0.7603306 0.7933884 0.7272727
0.9745763 0.8898305 0.9067797 0.9237288 0.8305085 0.8305085 0.881356 0.940678 0.8728814 0.8898305 0.9067797
0.7478992 0.6554622 0.6470588 0.6386555 0.7478992 0.6806723 0.6890756 0.5882353 0.6302521 0.6470588 0.5882353
