0.208 0.202 0.132 0.156 0.12 0.116 0.1 0.06 0.054 0.03 0.018
0.34 0.346 0.312 0.29 0.284 0.208 0.22 0.198 0.168 0.138 0.11
0.052 0.042 0.03 0.022 0.022 0.024 0.018 0.008 0.008 0.002 0.002
0.058 0.058 0.038 0.034 0.056 0.036 0.028 0.028 0.018 0.012 0.022
0.524 0.558 0.542 0.562 0.552 0.614 0.582 0.55 0.582 0.534 0.522
0.04 0.042 0.016 0.02 0.014 0.012 0.01 0.012 0.008 0 0.002
0.418 0.462 0.448 0.382 0.348 0.304 0.282 0.242 0.212 0.158 0.142
0.162 0.172 0.22 0.22 0.272 0.224 0.254 0.26 0.262 0.24 0.27
0.202 0.172 0.154 0.122 0.092 0.07 0.05 0.056 0.044 0.016 0.016
0.128 0.078 0.074 0.084 0.068 0.042 0.038 0.018 0.012 0.008 0.008
0.508 0.384 0.444 0.438 0.37 0.312 0.312 0.27 0.238 0.214 0.188
0.078 0.072 0.086 0.054 0.058 0.044 0.06 0.054 0.042 0.03 0.054
0.044 0.024 0.02 0.012 0.016 0.018 0.014 0.01 0.008 0.014 0.006
0.282 0.286 0.284 0.24 0.2 0.186 0.174 0.19 0.15 0.142 0.144
0.45 0.514 0.454 0.47 0.478 0.462 0.452 0.486 0.434 0.428 0.438
0.452 0.512 0.544 0.544 0.596 0.602 0.608 0.59 0.554 0.604 0.558
0.382 0.388 0.28 0.314 0.268 0.204 0.176 0.136 0.084 0.086 0.068
0.118 0.094 0.064 0.058 0.056 0.042 0.024 0.012 0.016 0.01 0.002
0.056 0.05 0.04 0.06 0.064 0.048 0.042 0.05 0.064 0.086 0.058
0.046 0.07 0.062 0.09 0.064 0.094 0.076 0.108 0.094 0.114 0.12
0.332 0.308 0.32 0.256 0.268 0.206 0.166 0.112 0.13 0.086 0.066
0.158 0.15 0.196 0.152 0.132 0.13 0.106 0.066 0.064 0.054 0.072
0.084 0.06 0.038 0.056 0.05 0.026 0.016 0.026 0.016 0.01 0.004
0.626 0.618 0.624 0.598 0.576 0.62 0.578 0.536 0.53 0.512 0.572
0.506 0.524 0.478 0.474 0.464 0.466 0.428 0.38 0.328 0.31 0.264
0.48 0.494 0.508 0.438 0.424 0.328 0.404 0.32 0.266 0.246 0.23
0.19 0.2 0.186 0.206 0.286 0.346 0.4 0.406 0.5 0.516 0.55
0.062 0.054 0.054 0.068 0.078 0.034 0.042 0.022 0.02 0.036 0.018
0.422 0.484 0.496 0.496 0.536 0.596 0.6 0.614 0.636 0.674 0.674
0.334 0.31 0.308 0.316 0.256 0.334 0.288 0.302 0.316 0.344 0.338
0.368 0.416 0.372 0.368 0.396 0.37 0.444 0.428 0.452 0.46 0.488
0.466 0.418 0.36 0.348 0.29 0.266 0.244 0.19 0.164 0.166 0.096
0.15 0.172 0.188 0.238 0.254 0.36 0.384 0.422 0.462 0.502 0.516
0.168 0.166 0.162 0.128 0.112 0.092 0.106 0.068 0.034 0.034 0.028
0.148 0.148 0.146 0.104 0.096 0.088 0.058 0.066 0.028 0.046 0.04
0.278 0.306 0.216 0.264 0.226 0.192 0.16 0.156 0.104 0.1 0.078
0.218 0.242 0.298 0.374 0.44 0.478 0.546 0.594 0.656 0.668 0.676
0.362 0.382 0.32 0.322 0.292 0.268 0.266 0.244 0.19 0.13 0.12
0.426 0.39 0.368 0.342 0.38 0.32 0.332 0.352 0.322 0.33 0.304
0.032 0.032 0.036 0.032 0.036 0.044 0.036 0.034 0.036 0.042 0.032
0.03 0.016 0.024 0.014 0.026 0.01 0.014 0.016 0.006 0.004 0.004
0.388 0.426 0.382 0.354 0.376 0.318 0.398 0.356 0.384 0.408 0.41
0.104 0.09 0.114 0.102 0.096 0.118 0.088 0.09 0.124 0.132 0.16
0.17 0.154 0.14 0.146 0.096 0.072 0.06 0.046 0.038 0.026 0.008
0.304 0.302 0.328 0.386 0.448 0.474 0.466 0.512 0.49 0.558 0.534
0.082 0.114 0.108 0.126 0.11 0.086 0.12 0.082 0.074 0.072 0.068
0.022 0.034 0.04 0.028 0.02 0.024 0.022 0.012 0.012 0.014 0.002
0.278 0.292 0.284 0.374 0.306 0.364 0.354 0.394 0.438 0.448 0.438
0.022 0.014 0.014 0.006 0.006 0.008 0.006 0.002 0.006 0 0
0.022 0.008 0.014 0.014 0.002 0.014 0.01 0.01 0.002 0 0.006
0.038 0.032 0.05 0.05 0.058 0.06 0.07 0.046 0.062 0.078 0.07
0.182 0.21 0.16 0.162 0.146 0.148 0.136 0.088 0.088 0.062 0.024
0.016 0.016 0.026 0.036 0.016 0.014 0.028 0.01 0.03 0.034 0.038
0.21 0.25 0.29 0.322 0.274 0.324 0.37 0.368 0.42 0.426 0.47
0.082 0.084 0.114 0.104 0.15 0.184 0.234 0.246 0.262 0.32 0.35
0.24 0.248 0.238 0.264 0.27 0.256 0.242 0.284 0.296 0.294 0.29
0.046 0.028 0.052 0.06 0.05 0.062 0.038 0.042 0.056 0.064 0.05
0.424 0.45 0.454 0.44 0.468 0.46 0.452 0.458 0.356 0.33 0.276
0.144 0.124 0.206 0.202 0.278 0.304 0.36 0.39 0.428 0.482 0.54
0.278 0.224 0.21 0.152 0.144 0.12 0.076 0.068 0.038 0.02 0.02
0.212 0.182 0.188 0.174 0.142 0.122 0.142 0.096 0.038 0.05 0.03
0.048 0.074 0.068 0.084 0.066 0.056 0.036 0.038 0.038 0.044 0.026
0.108 0.106 0.074 0.062 0.054 0.032 0.02 0.028 0.006 0.004 0.002
0.204 0.222 0.24 0.246 0.202 0.222 0.196 0.188 0.138 0.142 0.154
0.004 0.006 0.002 0.004 0 0.002 0.002 0 0 0 0
0.044 0.056 0.044 0.068 0.074 0.064 0.05 0.088 0.074 0.104 0.112
0.08 0.13 0.108 0.154 0.162 0.17 0.228 0.222 0.28 0.254 0.252
0.144 0.158 0.154 0.164 0.18 0.19 0.214 0.164 0.168 0.166 0.166
0.006 0.01 0.006 0.002 0.01 0.002 0.006 0.004 0.006 0 0
0.772 0.76 0.698 0.71 0.694 0.668 0.624 0.606 0.58 0.524 0.522
0.244 0.222 0.214 0.21 0.184 0.17 0.168 0.14 0.134 0.132 0.136
0.018 0.022 0.032 0.006 0.01 0.01 0.006 0.006 0 0.004 0
0.01 0.018 0.024 0.012 0.016 0.026 0.02 0.014 0.012 0.02 0.036
0.042 0.034 0.054 0.036 0.032 0.012 0.01 0.006 0.004 0 0.002
0.21 0.16 0.158 0.106 0.096 0.08 0.052 0.042 0.022 0.012 0.006
0.174 0.106 0.086 0.054 0.032 0.024 0.01 0.004 0.002 0 0.002
0.036 0.046 0.04 0.04 0.042 0.04 0.054 0.034 0.052 0.022 0.042
0.18 0.152 0.144 0.132 0.104 0.078 0.076 0.052 0.034 0.018 0.024
0.142 0.182 0.152 0.104 0.118 0.1 0.114 0.094 0.104 0.06 0.042
0.442 0.444 0.398 0.416 0.438 0.418 0.462 0.448 0.496 0.466 0.52
0.24 0.212 0.168 0.132 0.09 0.14 0.1 0.07 0.032 0.024 0.016
0.306 0.316 0.228 0.226 0.202 0.12 0.094 0.092 0.06 0.042 0.024
0.616 0.578 0.588 0.502 0.482 0.486 0.452 0.398 0.386 0.408 0.378
0.432 0.366 0.412 0.39 0.426 0.366 0.414 0.39 0.41 0.402 0.388
0.238 0.256 0.252 0.258 0.246 0.276 0.25 0.236 0.204 0.18 0.146
0.33 0.334 0.288 0.27 0.186 0.202 0.166 0.138 0.124 0.162 0.152
0.048 0.07 0.06 0.032 0.038 0.028 0.022 0.008 0.004 0.002 0
0.256 0.204 0.226 0.172 0.134 0.128 0.122 0.076 0.088 0.066 0.058
0.084 0.084 0.08 0.086 0.084 0.09 0.094 0.074 0.076 0.078 0.088
0.61 0.582 0.486 0.474 0.434 0.322 0.308 0.24 0.206 0.148 0.126
0.142 0.142 0.094 0.082 0.088 0.046 0.032 0.02 0.018 0.014 0.004
0.33 0.27 0.238 0.226 0.22 0.186 0.148 0.102 0.07 0.056 0.05
0.106 0.078 0.078 0.082 0.05 0.024 0.058 0.026 0.034 0.02 0.014
0.362 0.328 0.386 0.38 0.378 0.37 0.392 0.408 0.394 0.434 0.436
0.444 0.392 0.412 0.428 0.426 0.432 0.374 0.382 0.368 0.34 0.35
0.036 0.022 0.016 0.008 0.01 0.014 0.002 0.004 0.012 0 0
0.162 0.152 0.178 0.182 0.232 0.208 0.248 0.286 0.276 0.308 0.244
0.474 0.526 0.5 0.466 0.42 0.37 0.334 0.288 0.262 0.198 0.198
0.148 0.112 0.086 0.088 0.062 0.04 0.028 0.024 0.022 0.016 0.008
0.142 0.156 0.136 0.17 0.17 0.156 0.164 0.208 0.246 0.27 0.28
0.602 0.566 0.578 0.602 0.53 0.524 0.436 0.412 0.434 0.398 0.422
0.236 0.224 0.236 0.238 0.21 0.206 0.196 0.176 0.206 0.154 0.134
0.136 0.15 0.126 0.116 0.086 0.108 0.14 0.112 0.178 0.136 0.168
0.072 0.054 0.048 0.05 0.056 0.05 0.028 0.038 0.026 0.014 0.008
0.544 0.576 0.546 0.508 0.5 0.452 0.438 0.35 0.364 0.324 0.294
0.01 0.006 0.004 0.004 0.004 0.006 0.006 0 0.002 0.004 0
0.01 0.012 0.006 0.004 0.006 0.008 0.002 0 0 0 0
0.016 0.014 0.026 0.014 0.008 0.004 0.002 0.002 0.004 0 0
0.472 0.414 0.402 0.304 0.272 0.252 0.27 0.204 0.166 0.194 0.14
0.302 0.284 0.302 0.352 0.388 0.41 0.396 0.426 0.492 0.484 0.54
0.628 0.652 0.646 0.656 0.644 0.666 0.686 0.692 0.644 0.614 0.598
0.006 0.002 0.004 0.006 0.002 0 0.002 0 0 0 0
0.35 0.37 0.368 0.372 0.402 0.398 0.36 0.36 0.388 0.382 0.4
0.358 0.368 0.256 0.31 0.234 0.208 0.156 0.144 0.12 0.114 0.094
0.392 0.328 0.366 0.37 0.342 0.318 0.36 0.33 0.322 0.372 0.334
0.32 0.296 0.226 0.194 0.188 0.188 0.154 0.144 0.098 0.086 0.072
0.306 0.3 0.228 0.184 0.186 0.142 0.118 0.116 0.138 0.1 0.114
0.386 0.37 0.362 0.306 0.362 0.332 0.31 0.284 0.274 0.288 0.28
0.104 0.072 0.092 0.106 0.106 0.094 0.072 0.088 0.07 0.052 0.062
0.424 0.41 0.434 0.376 0.326 0.32 0.294 0.264 0.202 0.218 0.166
0.042 0.034 0.048 0.046 0.052 0.03 0.012 0.02 0.012 0.01 0.002
0.294 0.304 0.332 0.314 0.292 0.29 0.246 0.202 0.22 0.192 0.164
0.034 0.042 0.028 0.028 0.044 0.022 0.028 0.05 0.054 0.044 0.058
0.086 0.074 0.062 0.062 0.062 0.058 0.058 0.058 0.054 0.076 0.068
0.012 0.002 0.018 0.006 0.016 0.01 0.012 0.012 0.012 0.014 0.008
0.534 0.466 0.408 0.356 0.302 0.308 0.23 0.238 0.194 0.158 0.196
0.018 0.024 0.014 0.008 0.01 0.016 0.004 0.006 0 0.002 0.004
0.04 0.062 0.038 0.034 0.04 0.014 0.026 0.022 0.024 0.006 0.008
0.016 0.01 0.016 0.022 0.012 0.008 0.012 0.016 0.018 0.01 0.006
0.106 0.122 0.112 0.118 0.164 0.18 0.228 0.242 0.32 0.286 0.334
0.03 0.04 0.03 0.022 0.016 0.016 0.012 0.006 0.008 0.004 0.004
0.22 0.268 0.256 0.272 0.268 0.278 0.344 0.372 0.354 0.416 0.48
0.044 0.032 0.028 0.024 0.022 0.01 0.014 0.006 0.02 0.004 0.004
0.016 0.016 0.008 0.014 0.02 0.014 0.012 0.01 0.006 0 0.004
0.078 0.086 0.066 0.048 0.082 0.056 0.052 0.05 0.042 0.036 0.036
