0.172 0.152 0.15 0.13 0.126 0.084 0.088 0.04 0.054 0.03 0.028
0.326 0.372 0.294 0.284 0.266 0.25 0.176 0.156 0.16 0.132 0.114
0.03 0.028 0.03 0.024 0.022 0.018 0.006 0.004 0.008 0.002 0.002
0.04 0.032 0.036 0.026 0.034 0.028 0.036 0.03 0.018 0.026 0.016
0.528 0.53 0.522 0.574 0.538 0.604 0.546 0.612 0.55 0.542 0.548
0.062 0.052 0.032 0.032 0.028 0.028 0.006 0.008 0.002 0.002 0.002
0.31 0.322 0.286 0.264 0.25 0.288 0.192 0.17 0.124 0.112 0.096
0.172 0.194 0.212 0.22 0.24 0.254 0.23 0.282 0.288 0.29 0.346
0.224 0.206 0.156 0.136 0.154 0.116 0.106 0.068 0.046 0.038 0.032
0.088 0.064 0.066 0.04 0.034 0.038 0.024 0.016 0.018 0.006 0.01
0.588 0.556 0.53 0.528 0.502 0.424 0.402 0.352 0.316 0.3 0.294
0.11 0.09 0.104 0.074 0.074 0.048 0.054 0.034 0.028 0.022 0.03
0.026 0.058 0.032 0.034 0.028 0.02 0.024 0.012 0.02 0.022 0.012
0.25 0.282 0.272 0.25 0.198 0.218 0.188 0.152 0.178 0.158 0.182
0.478 0.432 0.45 0.498 0.514 0.478 0.51 0.484 0.45 0.41 0.452
0.474 0.514 0.528 0.516 0.566 0.574 0.568 0.564 0.568 0.566 0.492
0.45 0.412 0.362 0.334 0.238 0.238 0.218 0.144 0.112 0.096 0.056
0.116 0.07 0.062 0.062 0.042 0.044 0.03 0.016 0.008 0.006 0
0.034 0.046 0.04 0.046 0.044 0.076 0.062 0.11 0.106 0.082 0.09
0.072 0.096 0.074 0.094 0.114 0.106 0.14 0.144 0.132 0.194 0.214
0.296 0.26 0.216 0.212 0.192 0.144 0.12 0.118 0.084 0.076 0.04
0.196 0.196 0.188 0.14 0.138 0.102 0.124 0.088 0.072 0.084 0.072
0.012 0.014 0.012 0.008 0.01 0.012 0.008 0.004 0.006 0.004 0.004
0.614 0.588 0.616 0.632 0.632 0.586 0.636 0.616 0.596 0.618 0.612
0.582 0.56 0.544 0.498 0.474 0.476 0.444 0.422 0.388 0.332 0.252
0.516 0.486 0.474 0.43 0.448 0.386 0.336 0.308 0.272 0.226 0.188
0.114 0.136 0.114 0.16 0.18 0.186 0.246 0.286 0.328 0.368 0.394
0.128 0.068 0.082 0.086 0.084 0.072 0.038 0.034 0.03 0.014 0.036
0.366 0.458 0.466 0.494 0.536 0.538 0.578 0.582 0.672 0.678 0.672
0.304 0.308 0.286 0.26 0.256 0.272 0.242 0.242 0.248 0.288 0.272
0.3 0.29 0.286 0.264 0.302 0.324 0.288 0.338 0.352 0.39 0.386
0.398 0.344 0.348 0.29 0.254 0.23 0.188 0.146 0.13 0.096 0.078
0.134 0.176 0.194 0.214 0.29 0.29 0.408 0.4 0.444 0.52 0.548
0.182 0.168 0.15 0.136 0.086 0.1 0.078 0.08 0.032 0.032 0.034
0.168 0.152 0.156 0.142 0.108 0.11 0.092 0.058 0.04 0.034 0.042
0.286 0.306 0.242 0.246 0.2 0.194 0.144 0.142 0.094 0.086 0.076
0.262 0.298 0.338 0.4 0.414 0.484 0.586 0.626 0.634 0.676 0.678
0.436 0.442 0.392 0.408 0.33 0.378 0.3 0.276 0.242 0.192 0.19
0.4 0.42 0.402 0.358 0.36 0.336 0.294 0.282 0.236 0.272 0.222
0.042 0.044 0.052 0.056 0.03 0.03 0.044 0.048 0.04 0.026 0.042
0.022 0.012 0.012 0.01 0.01 0.004 0.012 0.016 0.004 0 0.002
0.264 0.276 0.282 0.234 0.264 0.252 0.236 0.254 0.288 0.278 0.268
0.072 0.068 0.092 0.084 0.086 0.088 0.11 0.152 0.156 0.168 0.154
0.342 0.322 0.298 0.258 0.236 0.16 0.112 0.116 0.088 0.092 0.106
0.324 0.302 0.35 0.338 0.354 0.356 0.376 0.376 0.392 0.434 0.454
0.104 0.092 0.134 0.116 0.112 0.1 0.114 0.08 0.066 0.06 0.038
0.034 0.026 0.034 0.024 0.03 0.024 0.014 0.016 0.008 0.004 0.012
0.242 0.292 0.24 0.274 0.276 0.296 0.35 0.346 0.36 0.362 0.37
0.02 0.018 0.01 0.01 0.004 0 0.006 0 0.002 0.002 0
0.02 0.016 0.012 0.018 0.014 0.002 0.01 0 0 0.006 0
0.082 0.104 0.108 0.088 0.08 0.086 0.086 0.112 0.082 0.09 0.12
0.248 0.246 0.262 0.19 0.196 0.172 0.168 0.126 0.078 0.088 0.074
0.014 0.018 0.014 0.016 0.014 0.028 0.018 0.022 0.024 0.026 0.042
0.314 0.326 0.378 0.402 0.416 0.45 0.472 0.46 0.51 0.494 0.584
0.07 0.08 0.116 0.15 0.146 0.202 0.208 0.272 0.294 0.314 0.316
0.272 0.296 0.286 0.32 0.284 0.346 0.314 0.318 0.282 0.272 0.358
0.114 0.08 0.088 0.094 0.104 0.09 0.1 0.082 0.1 0.126 0.12
0.54 0.5 0.516 0.52 0.456 0.482 0.48 0.414 0.398 0.296 0.256
0.122 0.124 0.162 0.162 0.182 0.212 0.218 0.266 0.328 0.328 0.36
0.282 0.306 0.206 0.192 0.146 0.12 0.084 0.062 0.034 0.022 0.026
0.17 0.21 0.2 0.168 0.154 0.13 0.126 0.098 0.068 0.06 0.052
0.07 0.044 0.05 0.048 0.058 0.04 0.036 0.038 0.04 0.036 0.046
0.066 0.084 0.054 0.062 0.04 0.048 0.026 0.012 0.012 0.002 0.002
0.266 0.304 0.274 0.294 0.288 0.276 0.244 0.218 0.218 0.174 0.18
0.008 0.002 0 0.006 0 0 0 0 0 0 0
0.046 0.07 0.074 0.092 0.08 0.066 0.09 0.088 0.082 0.108 0.09
0.16 0.118 0.15 0.168 0.18 0.212 0.24 0.216 0.246 0.21 0.272
0.118 0.096 0.108 0.114 0.082 0.096 0.106 0.098 0.102 0.096 0.07
0.016 0.024 0.026 0.012 0.008 0.01 0.012 0.006 0.01 0.004 0.008
0.798 0.782 0.758 0.724 0.692 0.676 0.66 0.62 0.576 0.57 0.466
0.242 0.282 0.24 0.27 0.208 0.224 0.2 0.168 0.18 0.122 0.134
0.008 0.004 0.01 0.008 0.008 0.006 0.002 0.004 0 0.002 0
0.05 0.04 0.048 0.03 0.036 0.036 0.05 0.04 0.048 0.054 0.062
0.074 0.074 0.056 0.038 0.026 0.026 0.01 0.01 0 0.006 0
0.152 0.15 0.13 0.126 0.082 0.078 0.048 0.046 0.02 0.014 0.01
0.002 0.024 0.008 0.012 0.004 0.004 0.004 0.006 0.004 0 0
0.026 0.02 0.01 0.008 0.008 0.022 0.01 0.014 0.028 0.026 0.01
0.244 0.226 0.196 0.174 0.16 0.144 0.13 0.088 0.088 0.048 0.048
0.274 0.25 0.248 0.2 0.2 0.148 0.148 0.122 0.12 0.094 0.068
0.322 0.256 0.264 0.284 0.272 0.304 0.312 0.264 0.308 0.262 0.258
0.174 0.138 0.144 0.086 0.08 0.058 0.048 0.034 0.026 0.03 0.006
0.134 0.154 0.126 0.134 0.12 0.112 0.094 0.076 0.046 0.042 0.028
0.614 0.594 0.53 0.508 0.514 0.502 0.452 0.452 0.386 0.426 0.36
0.388 0.384 0.356 0.356 0.376 0.4 0.35 0.344 0.37 0.35 0.346
0.438 0.462 0.426 0.412 0.418 0.424 0.408 0.378 0.366 0.368 0.396
0.204 0.176 0.164 0.168 0.16 0.146 0.118 0.088 0.082 0.12 0.082
0.044 0.026 0.038 0.04 0.008 0.022 0.016 0.008 0.008 0.006 0
0.272 0.216 0.19 0.234 0.166 0.158 0.158 0.16 0.124 0.106 0.076
0.126 0.16 0.142 0.092 0.14 0.128 0.122 0.118 0.102 0.068 0.068
0.57 0.57 0.498 0.492 0.448 0.384 0.392 0.342 0.284 0.304 0.288
0.11 0.096 0.068 0.052 0.05 0.054 0.022 0.024 0.012 0.012 0.002
0.284 0.268 0.236 0.216 0.18 0.162 0.134 0.096 0.08 0.062 0.032
0.06 0.044 0.062 0.028 0.076 0.038 0.028 0.016 0.014 0.02 0.016
0.384 0.35 0.384 0.392 0.34 0.318 0.366 0.336 0.304 0.328 0.334
0.524 0.512 0.488 0.462 0.416 0.464 0.348 0.322 0.262 0.182 0.15
0.058 0.052 0.052 0.044 0.032 0.032 0.022 0.01 0.02 0.01 0.008
0.172 0.2 0.162 0.21 0.19 0.204 0.248 0.258 0.276 0.304 0.3
0.562 0.574 0.608 0.602 0.61 0.6 0.578 0.562 0.558 0.558 0.512
0.18 0.144 0.114 0.068 0.092 0.042 0.046 0.024 0.028 0.03 0.022
0.112 0.096 0.088 0.1 0.08 0.132 0.138 0.148 0.164 0.18 0.18
0.498 0.542 0.5 0.416 0.466 0.42 0.408 0.352 0.32 0.334 0.306
0.186 0.2 0.184 0.198 0.186 0.17 0.19 0.172 0.152 0.136 0.13
0.186 0.166 0.146 0.132 0.148 0.158 0.118 0.134 0.146 0.138 0.136
0.028 0.024 0.022 0.018 0.014 0.01 0.008 0.004 0.006 0.008 0
0.62 0.568 0.546 0.536 0.518 0.468 0.408 0.39 0.374 0.324 0.324
0.004 0.004 0.008 0.004 0 0.004 0.006 0 0.006 0 0.002
0.02 0.03 0.002 0.01 0.006 0.006 0 0.004 0 0 0
0.04 0.016 0.008 0.018 0.004 0.002 0.004 0 0.002 0 0
0.506 0.47 0.392 0.398 0.336 0.254 0.246 0.198 0.218 0.176 0.154
0.332 0.308 0.362 0.426 0.452 0.496 0.54 0.608 0.65 0.682 0.67
0.59 0.586 0.594 0.584 0.598 0.63 0.662 0.704 0.634 0.644 0.632
0.016 0.02 0.006 0.01 0.012 0.004 0.002 0 0.004 0 0
0.36 0.356 0.396 0.352 0.366 0.348 0.388 0.364 0.332 0.392 0.398
0.264 0.188 0.176 0.174 0.166 0.086 0.086 0.066 0.052 0.038 0.034
0.32 0.29 0.278 0.268 0.278 0.264 0.24 0.324 0.312 0.358 0.338
0.2 0.192 0.182 0.182 0.16 0.11 0.116 0.102 0.076 0.054 0.058
0.386 0.286 0.268 0.242 0.202 0.174 0.164 0.142 0.128 0.156 0.124
0.318 0.272 0.252 0.252 0.282 0.236 0.228 0.252 0.208 0.216 0.202
0.078 0.086 0.07 0.048 0.074 0.066 0.072 0.062 0.038 0.05 0.04
0.392 0.44 0.396 0.324 0.304 0.278 0.264 0.196 0.146 0.116 0.096
0.058 0.032 0.038 0.028 0.03 0.01 0.012 0.026 0.01 0.004 0.014
0.328 0.37 0.344 0.328 0.374 0.338 0.308 0.312 0.332 0.298 0.346
0.026 0.038 0.016 0.032 0.038 0.056 0.042 0.048 0.042 0.072 0.062
0.07 0.072 0.05 0.062 0.056 0.042 0.028 0.03 0.054 0.06 0.058
0.014 0.018 0.014 0.02 0.006 0.016 0.02 0.024 0.004 0.004 0.01
0.446 0.422 0.394 0.392 0.284 0.276 0.252 0.262 0.252 0.222 0.214
0.036 0.026 0.02 0.018 0.008 0.014 0.004 0.002 0.006 0.008 0.004
0.064 0.082 0.052 0.036 0.038 0.024 0.028 0.03 0.022 0.01 0.004
0.022 0.032 0.036 0.026 0.042 0.02 0.02 0.03 0.026 0.018 0.034
0.102 0.098 0.134 0.16 0.152 0.228 0.228 0.248 0.29 0.34 0.366
0.048 0.028 0.024 0.02 0.008 0.016 0.014 0.006 0.01 0.008 0.004
0.276 0.25 0.28 0.258 0.284 0.31 0.282 0.372 0.448 0.424 0.45
0.048 0.04 0.026 0.03 0.016 0.022 0.012 0.018 0.004 0.004 0.006
0.018 0.026 0.006 0.026 0.012 0.008 0.012 0.012 0.004 0.004 0.004
0.084 0.1 0.066 0.072 0.056 0.068 0.06 0.054 0.056 0.052 0.046
