0.5877193 0.6052632 0.5701754 0.5438596 0.5526316 0.6842105 0.6491228 0.7017544 0.6929825 0.7017544 0.6842105
0.3050847 0.1949153 0.2457627 0.2627119 0.279661 0.2966102 0.3220339 0.3559322 0.3135593 0.279661 0.279661
0.898305 0.8305085 0.9152542 0.881356 0.940678 0.9067797 0.9322034 0.9322034 0.8559322 0.8474576 0.881356
0.881356 0.8898305 0.838983 0.8644068 0.7542373 0.8050847 0.8728814 0.7881356 0.8474576 0.8474576 0.7372881
0.08264463 0.0909091 0.1074380 0.07438017 0.05785124 0.0661157 0.08264463 0.04958678 0.08264463 0.04958678 0.08264463
0.7786885 0.7131148 0.7540984 0.8442623 0.7622951 0.7704918 0.8606557 0.8934426 0.852459 0.8196721 0.8934426
0.3728814 0.3644068 0.4067797 0.3898305 0.5084746 0.4576271 0.5084746 0.440678 0.5084746 0.6186441 0.5508475
0.5322581 0.5 0.4919355 0.4032258 0.3629032 0.2983871 0.3387097 0.3145161 0.2903226 0.2419355 0.2903226
0.5 0.5163934 0.5409836 0.5901639 0.6557377 0.6229508 0.5901639 0.647541 0.6721311 0.6311475 0.704918
0.5725806 0.6129032 0.5887097 0.6290323 0.7016129 0.7903226 0.7258065 0.7741935 0.766129 0.8064516 0.8629032
0.0967742 0.1129032 0.1451613 0.1693548 0.1854839 0.2096774 0.3145161 0.3225806 0.4112903 0.3870968 0.4435484
0.7131148 0.6803279 0.7377049 0.6885246 0.8032787 0.5819672 0.6557377 0.6311475 0.7131148 0.6229508 0.6147541
0.9256198 0.892562 0.8595041 0.9008264 0.8595041 0.8842975 0.8595041 0.8264463 0.8512397 0.8099174 0.8347107
0.4193548 0.4032258 0.3709677 0.3790323 0.3709677 0.3629032 0.3709677 0.3951613 0.3951613 0.3870968 0.4032258
0.02631579 0.03508772 0.06140351 0.0877193 0.05263158 0.0877193 0.1315789 0.2105263 0.2456140 0.2719298 0.2631579
0.04237288 0.01694915 0.008474576 0.008474576 0.03389831 0.03389831 0.04237288 0.04237288 0.05932203 0.07627119 0.09322034
0.1557377 0.2868852 0.2540984 0.3360656 0.3934426 0.3770492 0.4508197 0.5409836 0.5819672 0.5655738 0.6065574
0.6446281 0.6859504 0.6859504 0.661157 0.7438017 0.7768595 0.7768595 0.8181818 0.8512397 0.8842975 0.8842975
0.7622951 0.8934426 0.8196721 0.7540984 0.7295082 0.6639344 0.6311475 0.6967213 0.6065574 0.4836066 0.5
0.6585366 0.6585366 0.5691057 0.6178862 0.5609756 0.495935 0.5365854 0.495935 0.4552846 0.4146341 0.4146341
0.3790323 0.3951613 0.4112903 0.3629032 0.3790323 0.4516129 0.4435484 0.5 0.5564516 0.4758065 0.5564516
0.5691057 0.5365854 0.5447154 0.5528455 0.5609756 0.5365854 0.5284553 0.5284553 0.5691057 0.5772358 0.6260163
0.8225806 0.8467742 0.782258 0.8629032 0.8548387 0.7983871 0.8306452 0.9516129 0.8709677 0.8709677 0.717742
0.04237288 0.06779661 0.03389831 0.02542373 0.04237288 0.08474576 0.06779661 0.05932203 0.05932203 0.1016949 0.08474576
0.07317073 0.05691057 0.04878049 0.09756098 0.09756098 0.08130081 0.1138211 0.1544715 0.2195122 0.2682927 0.3089431
0.1228070 0.1754386 0.2105263 0.3333333 0.2894737 0.3684211 0.3947368 0.3684211 0.4473684 0.4736842 0.5175439
0.5819672 0.5 0.4754098 0.3606557 0.3278689 0.2377049 0.2213115 0.1967213 0.1639344 0.1475410 0.1393443
0.8245614 0.7280702 0.7982456 0.6842105 0.7017544 0.745614 0.8508772 0.7631579 0.754386 0.754386 0.7280702
0.3070175 0.2807018 0.1491228 0.1052632 0.1140351 0.07017544 0.05263158 0.07894737 0.07017544 0.07017544 0.06140351
0.1754386 0.2719298 0.2807018 0.2017544 0.2368421 0.2543860 0.2017544 0.1929825 0.1929825 0.1578947 0.1491228
0.2786885 0.2868852 0.2868852 0.2786885 0.2459016 0.2131148 0.2213115 0.1967213 0.1803279 0.1557377 0.1885246
0.1228070 0.1315789 0.1754386 0.2017544 0.1666667 0.3070175 0.3157895 0.2982456 0.3508772 0.4385965 0.4649123
0.5737705 0.5163934 0.4262295 0.3278689 0.3032787 0.2131148 0.1557377 0.1147541 0.09836066 0.1065574 0.05737705
0.4672131 0.5 0.5409836 0.557377 0.6147541 0.5983607 0.5983607 0.6393443 0.6311475 0.5901639 0.647541
0.5203252 0.5691057 0.5609756 0.5853659 0.5121951 0.601626 0.5853659 0.6422764 0.6341463 0.601626 0.5934959
0.3306452 0.3951613 0.4112903 0.4274194 0.3870968 0.3709677 0.3225806 0.3629032 0.3467742 0.2903226 0.2903226
0.4016393 0.2868852 0.2540984 0.2786885 0.2049180 0.1311475 0.04918033 0.03278689 0.02459016 0.03278689 0
0.1693548 0.2338710 0.1935484 0.2016129 0.2338710 0.2741935 0.2822581 0.3225806 0.3548387 0.4032258 0.3709677
0.2105263 0.2456140 0.2631579 0.2894737 0.2807018 0.2543860 0.2982456 0.3157895 0.3333333 0.3859649 0.3859649
0.8728814 0.8305085 0.7711864 0.7881356 0.8559322 0.8050847 0.7711864 0.7542373 0.779661 0.7288136 0.7881356
0.936 0.896 0.944 0.928 0.896 0.92 0.848 0.88 0.912 0.88 0.856
0.2459016 0.2131148 0.2377049 0.2622951 0.2704918 0.2131148 0.1721311 0.2131148 0.1721311 0.1967213 0.1721311
0.7105263 0.6929825 0.7192982 0.6842105 0.631579 0.6403509 0.6754386 0.622807 0.6140351 0.5877193 0.631579
0.3414634 0.3902439 0.300813 0.3902439 0.3658537 0.4146341 0.4715447 0.4308943 0.4796748 0.4390244 0.4308943
0.2580645 0.2822581 0.1935484 0.1129032 0.1451613 0.1048387 0.08064516 0.07258065 0.03225806 0.0483871 0.04032258
0.6929825 0.6578947 0.5964912 0.6491228 0.5877193 0.5350877 0.5350877 0.5087719 0.5350877 0.4649123 0.4561404
0.7622951 0.7868852 0.7704918 0.8278689 0.7704918 0.7786885 0.7622951 0.8278689 0.7786885 0.8278689 0.7786885
0.3245614 0.2807018 0.2368421 0.1754386 0.1140351 0.0877193 0.1315789 0.06140351 0.1140351 0.1140351 0.1052632
0.9504132 0.9504132 0.9256198 0.9008264 0.9256198 0.9504132 0.8842975 0.9504132 0.9090909 0.8842975 0.8842975
0.8947368 0.9561404 0.9824561 0.9561404 0.9210526 0.9561404 0.9210526 0.885965 0.885965 0.8333333 0.8070175
0.5934959 0.7073171 0.6422764 0.6504065 0.5691057 0.601626 0.5934959 0.6422764 0.5853659 0.5121951 0.4634146
0.3387097 0.3548387 0.3870968 0.4032258 0.4032258 0.4596774 0.4193548 0.4112903 0.5 0.5483871 0.6048387
0.9067797 0.8898305 0.838983 0.8898305 0.9152542 0.7627119 0.8559322 0.7711864 0.8050847 0.6440678 0.6186441
0.3508772 0.377193 0.3684211 0.3508772 0.2456140 0.1929825 0.2105263 0.1403509 0.1929825 0.1403509 0.1315789
0.6885246 0.5409836 0.5081967 0.5081967 0.4098361 0.3360656 0.3278689 0.2213115 0.2131148 0.1475410 0.2049180
0.232 0.2 0.216 0.168 0.208 0.168 0.144 0.168 0.144 0.152 0.176
0.7288136 0.6355932 0.7542373 0.7627119 0.6694915 0.6864407 0.6949153 0.6694915 0.6016949 0.7118644 0.6355932
0.1900826 0.1818182 0.1074380 0.07438017 0.1239669 0.0909091 0.1652893 0.1570248 0.2148760 0.2809917 0.3057851
0.6147541 0.5245902 0.5327869 0.4836066 0.3606557 0.4016393 0.2950820 0.2540984 0.2295082 0.2049180 0.1475410
0.272 0.272 0.336 0.376 0.4 0.512 0.552 0.56 0.592 0.68 0.728
0.4180328 0.4098361 0.4590164 0.4754098 0.4836066 0.5737705 0.5491803 0.5245902 0.5245902 0.5327869 0.6557377
0.7295082 0.6721311 0.6967213 0.7131148 0.6721311 0.6393443 0.6639344 0.647541 0.5901639 0.5819672 0.6065574
0.75 0.7096774 0.782258 0.8306452 0.8145161 0.766129 0.766129 0.8548387 0.8709677 0.8709677 0.8548387
0.4098361 0.3770492 0.352459 0.3934426 0.3770492 0.3442623 0.3688525 0.3688525 0.4344262 0.4426230 0.4098361
0.9756098 0.9674797 0.9837398 0.9674797 0.9756098 0.9593496 0.9593496 0.9430894 0.9268293 0.9268293 0.894309
0.6929825 0.6929825 0.6842105 0.6140351 0.631579 0.5964912 0.5526316 0.5087719 0.377193 0.3421053 0.3508772
0.5819672 0.5409836 0.4918033 0.4672131 0.4344262 0.3934426 0.352459 0.2459016 0.3032787 0.2868852 0.2704918
0.5702479 0.5619835 0.4876033 0.4958678 0.5041322 0.5041322 0.4380165 0.4380165 0.4132231 0.4628099 0.4132231
0.9672131 0.9836066 0.9508197 0.9508197 0.9344262 0.9262295 0.8852459 0.942623 0.9180328 0.9180328 0.8442623
0 0 0 0.008064516 0.02419355 0.01612903 0.01612903 0.01612903 0.04032258 0.0483871 0.07258065
0.4915254 0.4576271 0.5 0.5508475 0.5084746 0.5508475 0.559322 0.5169492 0.5677966 0.5508475 0.6271186
0.8842975 0.8512397 0.8842975 0.9586777 0.9173554 0.8842975 0.876033 0.9504132 0.9090909 0.8842975 0.8842975
0.8934426 0.8442623 0.8770492 0.8852459 0.8852459 0.8114754 0.7868852 0.7868852 0.7295082 0.647541 0.6229508
0.766129 0.733871 0.733871 0.7983871 0.8225806 0.8225806 0.9193548 0.8225806 0.8709677 0.8870968 0.8629032
0.3934426 0.4344262 0.4590164 0.5327869 0.5983607 0.5983607 0.7295082 0.7131148 0.7295082 0.7540984 0.7786885
0.6578947 0.7368421 0.8070175 0.8070175 0.8245614 0.8421053 0.8508772 0.885965 0.885965 0.8333333 0.8070175
0.75 0.6451613 0.6935484 0.6532258 0.6693548 0.5645161 0.6209677 0.6209677 0.6693548 0.5483871 0.6129032
0.4471545 0.3577236 0.4471545 0.3902439 0.4634146 0.4878049 0.5365854 0.5284553 0.601626 0.6341463 0.5853659
0.48 0.496 0.496 0.448 0.392 0.552 0.472 0.448 0.496 0.544 0.528
0.1803279 0.2213115 0.2131148 0.2131148 0.1557377 0.1639344 0.1229508 0.07377049 0.1147541 0.1229508 0.1229508
0.48 0.552 0.6 0.584 0.648 0.688 0.656 0.752 0.728 0.808 0.728
0.4298246 0.4824561 0.5263158 0.5263158 0.4824561 0.5350877 0.5789474 0.631579 0.5964912 0.5964912 0.622807
0.02459016 0.02459016 0.03278689 0.04918033 0.04098361 0.06557377 0.1147541 0.1311475 0.1311475 0.1311475 0.1721311
0.144 0.128 0.104 0.12 0.104 0.136 0.104 0.104 0.12 0.08 0.104
0.1949153 0.279661 0.220339 0.1779661 0.1610169 0.1271186 0.1440678 0.1779661 0.1440678 0.2118644 0.1610169
0.4344262 0.3688525 0.3770492 0.3606557 0.4180328 0.3934426 0.4098361 0.4016393 0.3934426 0.4098361 0.4098361
0.8559322 0.838983 0.838983 0.838983 0.8559322 0.8220339 0.9322034 0.8644068 0.9067797 0.8474576 0.881356
0.2807018 0.3070175 0.4385965 0.5175439 0.5 0.5350877 0.5350877 0.5701754 0.5877193 0.6140351 0.631579
0.4758065 0.483871 0.5 0.4919355 0.5806452 0.5403226 0.483871 0.4274194 0.483871 0.4596774 0.4677419
0.04878049 0.04878049 0.05691057 0.1463415 0.1382114 0.1707317 0.1788618 0.2764228 0.3252033 0.3333333 0.398374
0.7118644 0.7033898 0.7118644 0.7711864 0.7542373 0.8220339 0.7881356 0.8220339 0.8559322 0.779661 0.881356
0.3728814 0.3644068 0.3813559 0.5254237 0.4237288 0.440678 0.4745763 0.5338983 0.5762712 0.6016949 0.6949153
0.6929825 0.6578947 0.7017544 0.6754386 0.622807 0.6842105 0.6754386 0.6929825 0.6666667 0.6403509 0.631579
0.09016393 0.08196721 0.09016393 0.1229508 0.1475410 0.1229508 0.1311475 0.1557377 0.2704918 0.2622951 0.2295082
0.1557377 0.1311475 0.1557377 0.1147541 0.1721311 0.1967213 0.1639344 0.2295082 0.2786885 0.2704918 0.2622951
0.7642276 0.7317073 0.7804878 0.7398374 0.796748 0.8130081 0.7560976 0.8292683 0.9268293 0.8373984 0.894309
0.472 0.448 0.36 0.344 0.328 0.336 0.272 0.272 0.224 0.2 0.224
0.032 0.024 0.024 0.016 0.024 0.024 0.032 0.016 0.048 0.048 0.056
0.483871 0.5564516 0.5564516 0.5887097 0.6290323 0.7419355 0.6290323 0.6209677 0.7419355 0.766129 0.7016129
0.5702479 0.553719 0.5289256 0.5206612 0.4958678 0.4049587 0.4214876 0.3471074 0.3223140 0.3140496 0.2644628
0.1147541 0.1475410 0.1803279 0.1885246 0.2868852 0.2704918 0.3114754 0.2950820 0.3770492 0.3852459 0.3606557
0.5322581 0.4596774 0.4919355 0.4919355 0.4758065 0.4677419 0.4435484 0.5080645 0.5 0.4596774 0.5241935
0.5371901 0.5619835 0.6115702 0.6363636 0.5454545 0.5619835 0.5289256 0.4710744 0.4214876 0.4132231 0.4214876
0.8333333 0.877193 0.7982456 0.8157895 0.7807018 0.754386 0.745614 0.7719298 0.7719298 0.754386 0.7719298
0.04032258 0.04032258 0.05645161 0.0483871 0.07258065 0.1290323 0.1290323 0.1854839 0.1370968 0.2177419 0.2258065
0.9672131 0.9836066 0.9180328 0.9836066 0.9836066 0.9590164 0.9262295 0.942623 0.9180328 0.9180328 0.8442623
0.9736842 0.991228 0.9824561 0.9824561 0.9210526 0.9561404 0.9210526 0.885965 0.885965 0.8333333 0.8070175
0.8842975 0.8429752 0.8842975 0.9008264 0.892562 0.9173554 0.8842975 0.9504132 0.9090909 0.8842975 0.8842975
0.08264463 0.1157025 0.1735537 0.2561983 0.3140496 0.3471074 0.3719008 0.3471074 0.3966942 0.4132231 0.4628099
0.264 0.24 0.176 0.152 0.144 0.112 0.064 0.056 0.048 0.04 0.04
0.04385965 0.03508772 0.04385965 0.00877193 0.00877193 0 0.02631579 0 0.01754386 0.02631579 0.05263158
1 0.9661017 0.9830508 0.9915254 0.9830508 0.9661017 0.9322034 0.9322034 0.9067797 0.8474576 0.881356
0.1864407 0.1949153 0.220339 0.1101695 0.08474576 0.1101695 0.1101695 0.07627119 0.05932203 0.1186441 0.08474576
0.2868852 0.3688525 0.352459 0.3606557 0.4344262 0.3934426 0.4754098 0.5163934 0.5409836 0.4836066 0.4426230
0.1951220 0.2601626 0.2682927 0.2357724 0.2682927 0.2926829 0.2439024 0.2764228 0.2682927 0.2520325 0.2601626
0.3951613 0.4354839 0.3629032 0.4193548 0.4516129 0.5 0.4677419 0.4919355 0.5483871 0.5887097 0.6048387
0.28 0.336 0.44 0.44 0.544 0.568 0.512 0.544 0.544 0.512 0.528
0.1721311 0.2295082 0.2540984 0.2213115 0.3032787 0.2786885 0.3114754 0.2459016 0.3032787 0.2540984 0.2704918
0.5163934 0.5245902 0.4836066 0.4918033 0.5081967 0.4180328 0.5163934 0.4672131 0.4426230 0.4344262 0.557377
0.1774194 0.1612903 0.1612903 0.2661290 0.2580645 0.2580645 0.2903226 0.2903226 0.3467742 0.3467742 0.3548387
0.8032787 0.8278689 0.8032787 0.8442623 0.8442623 0.8196721 0.8606557 0.8360656 0.852459 0.8196721 0.795082
0.2868852 0.2377049 0.2704918 0.2459016 0.2786885 0.2622951 0.2377049 0.2213115 0.2131148 0.2295082 0.2459016
0.7622951 0.8688525 0.8196721 0.7868852 0.7786885 0.7622951 0.7295082 0.7377049 0.6393443 0.5245902 0.6147541
0.7131148 0.7704918 0.6803279 0.6311475 0.6967213 0.7377049 0.647541 0.6393443 0.5901639 0.5491803 0.5655738
0.967742 0.9596774 0.967742 0.9354839 0.8870968 0.9193548 0.9193548 0.8870968 0.7983871 0.8870968 0.766129
0.09836066 0.1065574 0.1721311 0.1967213 0.2868852 0.2868852 0.3114754 0.3032787 0.3196721 0.3196721 0.352459
0.9917355 0.9504132 0.9256198 0.9586777 0.9421488 0.9504132 0.9421488 0.9504132 0.8512397 0.8842975 0.8842975
0.8278689 0.8114754 0.7786885 0.8442623 0.9180328 0.8442623 0.7704918 0.7622951 0.852459 0.7786885 0.7622951
0.9915254 0.898305 0.9745763 0.9237288 0.898305 0.898305 0.8728814 0.8220339 0.8474576 0.7288136 0.7881356
0.7258065 0.6370968 0.6693548 0.6451613 0.5887097 0.5887097 0.5645161 0.516129 0.5080645 0.4596774 0.3951613
0.8278689 0.8852459 0.8360656 0.8852459 0.9180328 0.9180328 0.8606557 0.8934426 0.942623 0.7786885 0.8934426
0.4796748 0.504065 0.4796748 0.4471545 0.4634146 0.4390244 0.4146341 0.3658537 0.3170732 0.2520325 0.2520325
0.6859504 0.7768595 0.8347107 0.892562 0.8429752 0.8842975 0.8842975 0.8512397 0.9090909 0.8842975 0.8842975
0.9672131 0.9754098 0.9016393 0.9016393 0.9180328 0.9016393 0.8934426 0.8934426 0.7868852 0.9016393 0.795082
0.7768595 0.768595 0.7603306 0.7933884 0.6446281 0.7520661 0.7768595 0.6694215 0.7355372 0.6446281 0.6942149
