0.495935 0.5121951 0.5121951 0.504065 0.5528455 0.5691057 0.6097561 0.6422764 0.699187 0.6910569 0.7235772
0.2413793 0.2413793 0.1982759 0.2413793 0.25 0.2758621 0.25 0.2327586 0.2672414 0.2844828 0.2586207
0.8842975 0.8677686 0.9421488 0.9421488 0.9504132 0.9173554 0.9338843 0.9173554 0.9338843 0.892562 0.9338843
0.8548387 0.8548387 0.8870968 0.8225806 0.9193548 0.8306452 0.8629032 0.766129 0.8548387 0.7741935 0.7580645
0.07142857 0.04761905 0.07142857 0.05555556 0.02380952 0.02380952 0.02380952 0.02380952 0.02380952 0.02380952 0.02380952
0.7413793 0.7586207 0.7844828 0.7413793 0.8103448 0.775862 0.8103448 0.7931034 0.8448276 0.8103448 0.8793103
0.2068966 0.1896552 0.1982759 0.2413793 0.2672414 0.2758621 0.2931034 0.3534483 0.3706897 0.387931 0.4224138
0.5609756 0.5528455 0.4878049 0.4552846 0.4227642 0.3089431 0.3577236 0.3414634 0.2682927 0.300813 0.2439024
0.4958678 0.4793388 0.4710744 0.5371901 0.5950413 0.6280992 0.5619835 0.5950413 0.7355372 0.7024793 0.6694215
0.5666667 0.6166667 0.5833333 0.7083333 0.65 0.6833333 0.7083333 0.7666667 0.7916667 0.825 0.8333333
0.0661157 0.05785124 0.0661157 0.1157025 0.1570248 0.1818182 0.1239669 0.2148760 0.2727273 0.3223140 0.338843
0.6904762 0.7301587 0.6507937 0.6507937 0.7063492 0.6984127 0.6984127 0.6746032 0.7222222 0.7380952 0.8095238
0.7327586 0.8017241 0.8017241 0.8793103 0.75 0.7931034 0.7586207 0.6810345 0.7155172 0.7586207 0.775862
0.5241935 0.4919355 0.4596774 0.4596774 0.4677419 0.5 0.5322581 0.516129 0.4193548 0.516129 0.4274194
0.175 0.1416667 0.125 0.1333333 0.1 0.09166667 0.1416667 0.1333333 0.1583333 0.1916667 0.1833333
0.03225806 0.01612903 0.02419355 0.01612903 0.008064516 0 0 0.008064516 0.03225806 0.01612903 0.02419355
0.1774194 0.2580645 0.3951613 0.4516129 0.3951613 0.4596774 0.5403226 0.5564516 0.6532258 0.6532258 0.7096774
0.5564516 0.6693548 0.6129032 0.6693548 0.75 0.7580645 0.8145161 0.8870968 0.8548387 0.8467742 0.9032258
0.8130081 0.7560976 0.7723577 0.804878 0.7642276 0.8211382 0.5853659 0.6422764 0.6260163 0.5284553 0.5447154
0.6810345 0.7155172 0.6465517 0.5775862 0.5689655 0.5603448 0.5 0.4482759 0.3965517 0.3793103 0.2931034
0.338843 0.3140496 0.3140496 0.338843 0.3719008 0.4049587 0.4214876 0.4132231 0.4628099 0.5123967 0.5123967
0.3888889 0.3809524 0.3730159 0.3650794 0.4047619 0.4206349 0.4444444 0.4365079 0.4523810 0.5 0.515873
0.7398374 0.7073171 0.7479675 0.699187 0.7154472 0.6829268 0.7154472 0.8292683 0.804878 0.8861789 0.8211382
0.03252033 0.008130081 0.05691057 0.01626016 0.02439024 0.008130081 0.01626016 0.01626016 0.04065041 0.03252033 0.04065041
0.03252033 0.04065041 0.05691057 0.02439024 0.03252033 0.02439024 0.04878049 0.05691057 0.1056911 0.1951220 0.2113821
0.1209677 0.1290323 0.1290323 0.1451613 0.1854839 0.1693548 0.2419355 0.2016129 0.2661290 0.3064516 0.3225806
0.5702479 0.4380165 0.4380165 0.338843 0.3471074 0.2975207 0.2314050 0.2314050 0.1983471 0.1735537 0.1818182
0.6 0.6166667 0.6166667 0.6583333 0.625 0.7166667 0.6916667 0.6666667 0.6666667 0.675 0.675
0.1300813 0.1056911 0.08130081 0.09756098 0.04065041 0.02439024 0.02439024 0.01626016 0.03252033 0.01626016 0
0.1896552 0.2155172 0.2068966 0.2155172 0.1724138 0.2068966 0.1896552 0.2068966 0.1637931 0.1982759 0.1724138
0.2644628 0.2561983 0.2396694 0.2396694 0.2066116 0.1983471 0.2231405 0.2231405 0.1900826 0.1900826 0.1818182
0.1428571 0.1666667 0.1825397 0.2142857 0.2301587 0.3412698 0.3809524 0.3650794 0.4285714 0.4126984 0.5
0.6115702 0.5289256 0.4793388 0.3553719 0.2975207 0.3140496 0.1652893 0.2396694 0.1239669 0.1404959 0.0909091
0.446281 0.553719 0.4958678 0.5123967 0.5454545 0.4710744 0.5785124 0.6115702 0.6198347 0.6363636 0.7107438
0.4568966 0.4568966 0.4482759 0.5344828 0.5862069 0.5775862 0.5862069 0.5603448 0.5689655 0.5517241 0.5172414
0.4112903 0.3709677 0.3467742 0.3870968 0.4112903 0.3951613 0.3951613 0.4032258 0.3870968 0.3467742 0.3870968
0.4416667 0.2333333 0.2 0.1833333 0.1083333 0.09166667 0.075 0.025 0.01666667 0.008333333 0.01666667
0.3534483 0.3448276 0.387931 0.4137931 0.4051724 0.4655172 0.4137931 0.4568966 0.5086207 0.4913793 0.5086207
0.1451613 0.1612903 0.1209677 0.1774194 0.2338710 0.2338710 0.1935484 0.1935484 0.2177419 0.2419355 0.2419355
0.8916667 0.8916667 0.9333333 0.8166667 0.7666667 0.7583333 0.8583333 0.7083333 0.7916667 0.675 0.65
0.9568966 0.9655172 0.9913793 0.974138 0.9310345 0.9655172 0.9655172 0.9482759 0.8448276 0.9051724 0.8793103
0.1551724 0.1120690 0.1379310 0.1379310 0.1206897 0.1206897 0.1637931 0.1637931 0.1465517 0.1293103 0.1379310
0.6034483 0.6034483 0.5862069 0.5086207 0.4568966 0.4655172 0.3534483 0.3448276 0.3103448 0.3017241 0.3017241
0.2916667 0.35 0.3166667 0.35 0.3583333 0.3666667 0.4416667 0.4583333 0.45 0.4583333 0.4666667
0.3577236 0.2032520 0.2764228 0.1626016 0.1138211 0.04878049 0.06504065 0.0894309 0.06504065 0.03252033 0.03252033
0.6551724 0.7155172 0.6810345 0.5775862 0.637931 0.5603448 0.5431034 0.5344828 0.5172414 0.5517241 0.4741379
0.7741935 0.8387097 0.75 0.7983871 0.75 0.7983871 0.8629032 0.8306452 0.782258 0.7741935 0.7580645
0.3548387 0.3709677 0.2983871 0.2661290 0.25 0.2338710 0.1612903 0.1935484 0.1774194 0.1935484 0.2016129
0.9032258 0.9193548 0.9112903 0.967742 0.9435484 0.9435484 0.9435484 0.9435484 0.8951613 0.9032258 0.9112903
0.894309 0.9349593 0.9674797 0.9268293 0.9512195 0.902439 0.7804878 0.8780488 0.804878 0.8130081 0.8211382
0.8548387 0.75 0.8387097 0.766129 0.7016129 0.6854839 0.733871 0.5967742 0.6129032 0.5322581 0.5403226
0.3189655 0.2844828 0.2931034 0.25 0.3017241 0.3793103 0.3362069 0.3534483 0.4224138 0.4396552 0.4224138
0.9482759 0.974138 0.8706897 0.9655172 0.8534483 0.9482759 0.8534483 0.8706897 0.8448276 0.8189655 0.775862
0.3140496 0.2644628 0.2396694 0.2066116 0.1404959 0.1322314 0.07438017 0.0661157 0.04958678 0.04958678 0.03305785
0.6206897 0.6293103 0.5862069 0.5086207 0.4051724 0.3793103 0.3189655 0.2844828 0.2413793 0.2758621 0.2241379
0.25 0.2413793 0.2672414 0.2413793 0.1896552 0.2241379 0.1810345 0.1551724 0.2413793 0.2327586 0.2241379
0.785124 0.768595 0.768595 0.661157 0.677686 0.7024793 0.6198347 0.661157 0.6280992 0.5041322 0.5371901
0.1652893 0.09917355 0.1239669 0.08264463 0.1074380 0.0909091 0.0909091 0.1404959 0.2231405 0.2809917 0.338843
0.6637931 0.637931 0.6465517 0.5775862 0.5431034 0.4482759 0.387931 0.3189655 0.3103448 0.25 0.2413793
0.2857143 0.3333333 0.3730159 0.4444444 0.5079365 0.531746 0.5555556 0.6587302 0.7301587 0.6984127 0.8095238
0.3801653 0.3884298 0.4297521 0.3719008 0.4214876 0.4214876 0.4380165 0.4049587 0.5041322 0.5371901 0.6363636
0.6451613 0.5887097 0.7016129 0.6612903 0.6290323 0.6532258 0.5564516 0.6693548 0.6451613 0.6451613 0.6048387
0.6206897 0.6465517 0.612069 0.5862069 0.7155172 0.7068966 0.724138 0.6206897 0.7413793 0.8103448 0.7068966
0.3719008 0.3223140 0.3471074 0.3057851 0.2727273 0.3140496 0.3305785 0.338843 0.3471074 0.3553719 0.3719008
0.983871 1 0.9758065 1 0.9758065 0.9758065 0.9516129 0.9516129 0.9354839 0.9032258 0.8790323
0.785124 0.6694215 0.7024793 0.6528926 0.6528926 0.6280992 0.5289256 0.5454545 0.4545455 0.4049587 0.4049587
0.55 0.6083333 0.5416667 0.55 0.475 0.3916667 0.35 0.3333333 0.3083333 0.2416667 0.25
0.5666667 0.5833333 0.5416667 0.575 0.5166667 0.475 0.4416667 0.425 0.375 0.375 0.3583333
0.8534483 0.9482759 0.8275862 0.9482759 0.8793103 0.9051724 0.9224138 0.8362069 0.8793103 0.8793103 0.7672414
0.008333333 0 0.01666667 0.008333333 0.01666667 0.025 0.075 0.08333333 0.1 0.125 0.1583333
0.5079365 0.515873 0.5555556 0.5396825 0.515873 0.4920635 0.5238095 0.4603175 0.4761905 0.4285714 0.4047619
0.8512397 0.8842975 0.8677686 0.9090909 0.8677686 0.9090909 0.8264463 0.9338843 0.8677686 0.8347107 0.8842975
0.8951613 0.8870968 0.8629032 0.8387097 0.8870968 0.8548387 0.7419355 0.8306452 0.7741935 0.6854839 0.5725806
0.6694215 0.7190083 0.7272727 0.7355372 0.7190083 0.8595041 0.7933884 0.8347107 0.8677686 0.8264463 0.8842975
0.5123967 0.4793388 0.4958678 0.5206612 0.5619835 0.5454545 0.5867769 0.6115702 0.7438017 0.7024793 0.8181818
0.6370968 0.7016129 0.7903226 0.7580645 0.9112903 0.9112903 0.8709677 0.9516129 0.8387097 0.9032258 0.8790323
0.6166667 0.6083333 0.625 0.5833333 0.6 0.5583333 0.5416667 0.525 0.5583333 0.45 0.3666667
0.5083333 0.475 0.4916667 0.4833333 0.4833333 0.45 0.5083333 0.4583333 0.5583333 0.5416667 0.5083333
0.6033058 0.5867769 0.5867769 0.5785124 0.553719 0.5289256 0.5702479 0.5867769 0.553719 0.5123967 0.5206612
0.09756098 0.1056911 0.08130081 0.07317073 0.04065041 0.06504065 0.04065041 0.04065041 0.06504065 0.08130081 0.06504065
0.5403226 0.5806452 0.6209677 0.6048387 0.7096774 0.7580645 0.6935484 0.7096774 0.7741935 0.782258 0.8225806
0.4596774 0.4758065 0.5564516 0.5080645 0.5645161 0.5 0.5322581 0.6209677 0.6129032 0.6774194 0.6370968
0.1666667 0.2063492 0.1825397 0.2301587 0.2460317 0.3095238 0.3253968 0.3492063 0.3412698 0.3333333 0.3492063
0.2155172 0.1810345 0.2327586 0.1982759 0.2241379 0.3189655 0.3189655 0.3534483 0.4224138 0.3793103 0.4224138
0.1982759 0.2241379 0.2413793 0.1206897 0.1551724 0.1810345 0.1379310 0.1120690 0.1465517 0.1206897 0.1379310
0.3951613 0.3870968 0.4193548 0.4596774 0.4758065 0.4758065 0.5 0.4596774 0.5403226 0.4193548 0.4758065
0.7419355 0.8467742 0.7096774 0.8225806 0.8629032 0.8870968 0.9112903 0.9435484 0.9032258 0.9193548 0.9032258
0.4051724 0.612069 0.5689655 0.612069 0.612069 0.6724138 0.6293103 0.6465517 0.6293103 0.6982759 0.775862
0.5862069 0.5172414 0.5258621 0.612069 0.5258621 0.5431034 0.5431034 0.4482759 0.5 0.4741379 0.4310345
0.008333333 0.025 0.01666667 0.05 0.05 0.09166667 0.1333333 0.2 0.225 0.225 0.2083333
0.7672414 0.6293103 0.6982759 0.7586207 0.7327586 0.724138 0.7327586 0.8017241 0.8275862 0.7931034 0.8103448
0.3790323 0.3951613 0.3790323 0.3387097 0.4274194 0.4758065 0.5 0.483871 0.5403226 0.6532258 0.6290323
0.8130081 0.7073171 0.7642276 0.6178862 0.7073171 0.6829268 0.6585366 0.6260163 0.7073171 0.7317073 0.6504065
0.2314050 0.1652893 0.1818182 0.1652893 0.1570248 0.1322314 0.1157025 0.1404959 0.1157025 0.1074380 0.1404959
0.1379310 0.1465517 0.1206897 0.1293103 0.1379310 0.1465517 0.1724138 0.1982759 0.2327586 0.1982759 0.2241379
0.7096774 0.7258065 0.8387097 0.8064516 0.8387097 0.8467742 0.8225806 0.9193548 0.8790323 0.8145161 0.8064516
0.483871 0.4516129 0.4274194 0.4435484 0.3387097 0.3387097 0.2983871 0.3306452 0.2741935 0.2903226 0.3064516
0.1982759 0.1120690 0.1810345 0.1379310 0.1982759 0.2327586 0.25 0.3017241 0.3103448 0.3017241 0.387931
0.4435484 0.4596774 0.5645161 0.5887097 0.6774194 0.6693548 0.6774194 0.6854839 0.7258065 0.6693548 0.6370968
0.5371901 0.4958678 0.5041322 0.4876033 0.4793388 0.3801653 0.3719008 0.3719008 0.2975207 0.2809917 0.2644628
0.09482759 0.1465517 0.1120690 0.0775862 0.1724138 0.1724138 0.1896552 0.2068966 0.25 0.25 0.2758621
0.6 0.5916667 0.55 0.55 0.55 0.5416667 0.4416667 0.4083333 0.525 0.45 0.4
0.4666667 0.475 0.5583333 0.5583333 0.5333333 0.5583333 0.4416667 0.4333333 0.3916667 0.3333333 0.3333333
0.8534483 0.7931034 0.7413793 0.8275862 0.7586207 0.7155172 0.7155172 0.75 0.7413793 0.724138 0.7672414
0.0661157 0.0661157 0.07438017 0.1239669 0.1239669 0.1239669 0.2231405 0.2314050 0.2396694 0.2479339 0.2727273
0.9655172 0.9568966 1 0.9655172 0.974138 0.974138 0.9482759 0.9482759 0.8793103 0.8793103 0.8103448
0.9674797 0.99187 0.9837398 0.9837398 0.9756098 0.9674797 0.9430894 0.9430894 0.9105691 0.8861789 0.9105691
0.9516129 0.9274194 0.8870968 0.9274194 1 0.9193548 0.9596774 0.9435484 0.9032258 0.9193548 0.9032258
0.0775862 0.1206897 0.1034483 0.1293103 0.1379310 0.1724138 0.1810345 0.2327586 0.2931034 0.2931034 0.3017241
0.1984127 0.1507937 0.1349206 0.05555556 0.02380952 0 0 0 0 0 0
0.03305785 0.008264463 0 0.01652893 0 0 0 0 0.008264463 0.008264463 0
0.974138 0.9568966 1 0.9655172 0.974138 0.974138 0.9482759 0.9482759 0.8793103 0.8793103 0.8103448
0.1612903 0.1693548 0.1370968 0.1129032 0.1290323 0.1209677 0.0967742 0.1290323 0.08870968 0.08870968 0.08870968
0.3534483 0.3448276 0.4482759 0.4310345 0.5603448 0.5775862 0.6465517 0.6810345 0.6896552 0.6551724 0.6293103
0.2066116 0.2727273 0.2479339 0.2479339 0.2561983 0.2727273 0.2231405 0.2314050 0.2231405 0.2148760 0.2479339
0.3636364 0.338843 0.3719008 0.4049587 0.4214876 0.4710744 0.446281 0.5123967 0.4710744 0.5454545 0.5206612
0.2419355 0.2983871 0.3709677 0.4193548 0.4516129 0.4354839 0.4193548 0.4516129 0.4919355 0.4596774 0.516129
0.1810345 0.1637931 0.1724138 0.1724138 0.1896552 0.1810345 0.1724138 0.1982759 0.2155172 0.2155172 0.2586207
0.5950413 0.5619835 0.5041322 0.5289256 0.5206612 0.5206612 0.4958678 0.5371901 0.5206612 0.5123967 0.5867769
0.1612903 0.1935484 0.2016129 0.2096774 0.25 0.2741935 0.3225806 0.3225806 0.3548387 0.3306452 0.3870968
0.733871 0.733871 0.8145161 0.8709677 0.7741935 0.8387097 0.766129 0.7580645 0.8387097 0.9032258 0.8064516
0.1833333 0.2333333 0.2 0.1833333 0.2166667 0.2083333 0.2333333 0.2416667 0.2333333 0.1916667 0.2083333
0.8548387 0.8709677 0.8870968 0.9435484 0.7983871 0.8467742 0.733871 0.782258 0.6854839 0.6290323 0.6612903
0.6746032 0.6904762 0.6904762 0.6587302 0.6507937 0.6269841 0.6190476 0.5714286 0.6190476 0.531746 0.5238095
0.9655172 0.974138 0.9913793 0.9224138 0.9310345 0.9137931 0.8103448 0.8706897 0.8448276 0.6982759 0.7068966
0.06896552 0.1379310 0.1465517 0.1637931 0.1982759 0.2413793 0.25 0.2155172 0.2672414 0.2758621 0.2758621
0.9224138 0.8275862 0.8534483 0.8706897 0.887931 0.9224138 0.887931 0.8706897 0.7931034 0.9051724 0.8793103
0.8595041 0.8347107 0.7520661 0.7933884 0.7520661 0.8512397 0.8099174 0.8429752 0.8099174 0.7520661 0.8099174
0.9752066 0.9752066 0.9338843 0.9256198 0.9338843 0.9090909 0.876033 0.8016529 0.7768595 0.8347107 0.7024793
0.6280992 0.5950413 0.5371901 0.5619835 0.4793388 0.4049587 0.3636364 0.3223140 0.2479339 0.2727273 0.1818182
0.8145161 0.9112903 0.8870968 0.9354839 0.9435484 0.9435484 0.8790323 0.9032258 0.8951613 0.9032258 0.8225806
0.4224138 0.4224138 0.3534483 0.3017241 0.2758621 0.2586207 0.2327586 0.2068966 0.2241379 0.2155172 0.2068966
0.7327586 0.8189655 0.8275862 0.8275862 0.8706897 0.8793103 0.8534483 0.8793103 0.8448276 0.9051724 0.8793103
0.8467742 0.9112903 0.9354839 0.8951613 0.8387097 0.8790323 0.8709677 0.9193548 0.9354839 0.9032258 0.8064516
0.6693548 0.717742 0.717742 0.6854839 0.6854839 0.7580645 0.6290323 0.6451613 0.6370968 0.6693548 0.6370968
