0.3947368 0.377193 0.4122807 0.5 0.4824561 0.5350877 0.5526316 0.5 0.6491228 0.6491228 0.6929825
0.1707317 0.2439024 0.1788618 0.2439024 0.2276423 0.2520325 0.2439024 0.2926829 0.2682927 0.2682927 0.2845528
0.9274194 0.9112903 0.9435484 0.9435484 0.9274194 0.9032258 0.9112903 0.8387097 0.9112903 0.9193548 0.8709677
0.8135593 0.8644068 0.8220339 0.838983 0.8050847 0.881356 0.7457627 0.7627119 0.7966102 0.7288136 0.7033898
0.08130081 0.09756098 0.07317073 0.04065041 0.03252033 0.06504065 0.03252033 0.03252033 0.06504065 0.05691057 0.04878049
0.789916 0.8067227 0.789916 0.7478992 0.8067227 0.789916 0.8487395 0.8067227 0.8403361 0.7983193 0.8235294
0.3709677 0.3629032 0.4193548 0.4274194 0.3870968 0.4919355 0.4274194 0.4677419 0.4758065 0.4758065 0.5887097
0.5423729 0.3983051 0.4576271 0.3644068 0.3474576 0.3220339 0.3389831 0.3728814 0.3644068 0.3728814 0.3728814
0.377193 0.4824561 0.4736842 0.5 0.5438596 0.5263158 0.6052632 0.6403509 0.6929825 0.6052632 0.754386
0.5853659 0.5934959 0.6097561 0.5609756 0.6829268 0.7073171 0.7642276 0.7398374 0.8130081 0.7642276 0.796748
0.03389831 0.04237288 0.05084746 0.05932203 0.1355932 0.2288136 0.1779661 0.2288136 0.2881356 0.3050847 0.3474576
0.7033898 0.7288136 0.7372881 0.720339 0.7118644 0.6694915 0.6440678 0.720339 0.6186441 0.6271186 0.5932203
0.7520661 0.8016529 0.8181818 0.6942149 0.7355372 0.7355372 0.8016529 0.7107438 0.7107438 0.7272727 0.6859504
0.4824561 0.3947368 0.4385965 0.5 0.5438596 0.5263158 0.5 0.4824561 0.4122807 0.4298246 0.4210526
0.2338710 0.2096774 0.2096774 0.1693548 0.1370968 0.1612903 0.1854839 0.1612903 0.2338710 0.25 0.2016129
0.05263158 0.02631579 0.02631579 0.01754386 0.00877193 0.00877193 0 0.00877193 0 0 0.00877193
0.1788618 0.2357724 0.2845528 0.3170732 0.3252033 0.398374 0.398374 0.5203252 0.5284553 0.5934959 0.5934959
0.5691057 0.601626 0.6504065 0.699187 0.7073171 0.7073171 0.796748 0.8617886 0.8536585 0.8211382 0.8861789
0.7310924 0.7563025 0.6470588 0.7563025 0.6638655 0.6638655 0.5882353 0.5630252 0.5630252 0.4705882 0.4201681
0.7377049 0.7786885 0.7540984 0.7295082 0.5819672 0.6557377 0.5 0.5327869 0.4754098 0.4508197 0.4180328
0.3140496 0.3305785 0.3140496 0.4710744 0.3553719 0.4545455 0.4545455 0.4628099 0.4958678 0.5206612 0.5454545
0.3739837 0.3739837 0.3414634 0.3414634 0.3333333 0.3821138 0.4146341 0.3739837 0.4715447 0.4634146 0.5203252
0.7033898 0.7711864 0.779661 0.7711864 0.779661 0.7542373 0.8305085 0.779661 0.9237288 0.8050847 0.8644068
0.03305785 0.008264463 0.008264463 0 0.02479339 0.01652893 0.01652893 0.04958678 0.04132231 0.03305785 0.0661157
0.05737705 0.08196721 0.07377049 0.1065574 0.1311475 0.1803279 0.1393443 0.1967213 0.2213115 0.2213115 0.2459016
0.08196721 0.09836066 0.09836066 0.1229508 0.1721311 0.1885246 0.2459016 0.2295082 0.2622951 0.2704918 0.3114754
0.4285714 0.3697479 0.3781513 0.2689076 0.2352941 0.1596639 0.1092437 0.1008403 0.1008403 0.05882353 0.09243697
0.7711864 0.7288136 0.779661 0.7711864 0.7118644 0.779661 0.7372881 0.8050847 0.7033898 0.8559322 0.7627119
0.1811024 0.1811024 0.1181102 0.1102362 0.07874016 0.07086614 0.05511811 0.02362205 0.03937008 0.02362205 0.007874016
0.2622951 0.1967213 0.2049180 0.2377049 0.2131148 0.2049180 0.2459016 0.1967213 0.1639344 0.2049180 0.1803279
0.2520325 0.2601626 0.2032520 0.2926829 0.2032520 0.2276423 0.1951220 0.1463415 0.1382114 0.1382114 0.08130081
0.1610169 0.1864407 0.2457627 0.2542373 0.3135593 0.3220339 0.3559322 0.3898305 0.4152542 0.4830508 0.4661017
0.4957983 0.4705882 0.4369748 0.3529412 0.2436975 0.1848739 0.1512605 0.1176471 0.1260504 0.09243697 0.06722689
0.4561404 0.4473684 0.4649123 0.5 0.5438596 0.5350877 0.5087719 0.6052632 0.6140351 0.6052632 0.6140351
0.5447154 0.5365854 0.5528455 0.5528455 0.6341463 0.6260163 0.5447154 0.6260163 0.6341463 0.6585366 0.6341463
0.4561404 0.4210526 0.4298246 0.377193 0.4210526 0.3947368 0.3859649 0.377193 0.3684211 0.4298246 0.4035088
0.4237288 0.3728814 0.3389831 0.220339 0.1440678 0.09322034 0.05932203 0.02542373 0.01694915 0.01694915 0.01694915
0.2283465 0.2362205 0.2204724 0.2440945 0.2440945 0.2834646 0.2992126 0.3464567 0.3858268 0.4251969 0.3858268
0.1403509 0.1754386 0.1491228 0.1929825 0.1842105 0.1578947 0.2017544 0.1842105 0.1929825 0.2192982 0.1929825
0.9327731 0.8907563 0.7983193 0.7983193 0.8235294 0.7394958 0.6806723 0.697479 0.7058824 0.697479 0.6638655
0.9180328 0.8360656 0.9344262 0.8442623 0.9016393 0.8688525 0.9180328 0.909836 0.9180328 0.9262295 0.8852459
0.2314050 0.2148760 0.1735537 0.1735537 0.2066116 0.1735537 0.2314050 0.2396694 0.1322314 0.1735537 0.1487603
0.7107438 0.6363636 0.6033058 0.5950413 0.553719 0.5619835 0.4793388 0.4545455 0.4628099 0.4049587 0.3966942
0.4552846 0.4552846 0.4878049 0.5365854 0.5772358 0.5853659 0.6341463 0.5772358 0.6422764 0.5772358 0.5284553
0.25 0.2580645 0.2338710 0.1129032 0.1532258 0.1290323 0.07258065 0.08870968 0.0483871 0.05645161 0.07258065
0.6386555 0.6386555 0.6218487 0.6218487 0.5798319 0.5714286 0.487395 0.5714286 0.4957983 0.5042017 0.4453782
0.8699187 0.894309 0.9105691 0.8861789 0.8699187 0.8211382 0.8617886 0.8455285 0.8780488 0.8373984 0.7479675
0.2622951 0.2295082 0.2295082 0.2131148 0.1803279 0.2049180 0.2377049 0.1967213 0.1885246 0.2049180 0.1639344
0.868421 0.9473684 0.9122807 0.9385965 0.9385965 0.8947368 0.9385965 0.877193 0.9561404 0.8947368 0.885965
0.9674797 0.9674797 0.99187 0.9268293 0.9593496 0.9593496 0.9593496 0.9186992 0.902439 0.8780488 0.796748
0.717742 0.6612903 0.6774194 0.6290323 0.6370968 0.6129032 0.5564516 0.5645161 0.4516129 0.3790323 0.3548387
0.2755906 0.2992126 0.3228346 0.3149606 0.3937008 0.4173228 0.3700787 0.4015748 0.4645669 0.4566929 0.5354331
0.9322034 0.898305 0.9152542 0.9067797 0.9322034 0.898305 0.7711864 0.8474576 0.8220339 0.8050847 0.8644068
0.3553719 0.2809917 0.2396694 0.1735537 0.1735537 0.1322314 0.1239669 0.07438017 0.04958678 0.04132231 0.04132231
0.6140351 0.5789474 0.4912281 0.5087719 0.4298246 0.4122807 0.2894737 0.3245614 0.2631579 0.2192982 0.1754386
0.2601626 0.2195122 0.2845528 0.2520325 0.2520325 0.2845528 0.1626016 0.2195122 0.2195122 0.1951220 0.1951220
0.75 0.6612903 0.6693548 0.6451613 0.6854839 0.6774194 0.6774194 0.6048387 0.5645161 0.5806452 0.6129032
0.4453782 0.3193277 0.3697479 0.302521 0.2689076 0.2689076 0.2521008 0.2857143 0.3613445 0.3109244 0.3781513
0.5423729 0.5423729 0.5508475 0.3983051 0.3389831 0.3135593 0.2711864 0.2881356 0.1949153 0.1440678 0.1186441
0.300813 0.300813 0.3821138 0.398374 0.4552846 0.5691057 0.6260163 0.6666667 0.6910569 0.7235772 0.9105691
0.5785124 0.5206612 0.4710744 0.5123967 0.4958678 0.6033058 0.4793388 0.5785124 0.6198347 0.6033058 0.677686
0.7317073 0.699187 0.7154472 0.7642276 0.7073171 0.6910569 0.699187 0.699187 0.6747967 0.6178862 0.5934959
0.6355932 0.6525424 0.6186441 0.6694915 0.7118644 0.7288136 0.7457627 0.779661 0.7033898 0.8050847 0.7627119
0.3445378 0.3529412 0.3193277 0.3361345 0.2521008 0.2941176 0.3193277 0.2857143 0.2857143 0.2689076 0.2773109
0.885965 0.9210526 0.9210526 0.9385965 0.9649123 0.9473684 0.9736842 0.9298246 0.9561404 0.8947368 0.885965
0.7288136 0.7711864 0.779661 0.6101695 0.6101695 0.6186441 0.6101695 0.5423729 0.4661017 0.4661017 0.3728814
0.6386555 0.5714286 0.5042017 0.4789916 0.487395 0.3529412 0.3277311 0.3697479 0.2521008 0.2436975 0.2016807
0.5785124 0.5371901 0.5371901 0.5041322 0.4958678 0.4793388 0.446281 0.4545455 0.4049587 0.4049587 0.4545455
0.9590164 0.9180328 0.9180328 0.942623 0.9016393 0.9754098 0.9180328 0.9180328 0.9180328 0.8114754 0.7622951
0 0 0.008403361 0.008403361 0.02521008 0.04201681 0.06722689 0.05882353 0.1008403 0.09243697 0.1260504
0.622807 0.6754386 0.6842105 0.622807 0.622807 0.6578947 0.5263158 0.6052632 0.5087719 0.4649123 0.5350877
0.894309 0.8861789 0.9105691 0.9105691 0.8861789 0.8699187 0.8861789 0.9105691 0.9430894 0.894309 0.9105691
0.8067227 0.7563025 0.8907563 0.8235294 0.8067227 0.7815126 0.7142857 0.7058824 0.697479 0.6218487 0.6386555
0.7874016 0.6850394 0.8188976 0.7480315 0.7637795 0.8503937 0.8188976 0.7952756 0.7795276 0.8661417 0.8503937
0.4193548 0.4677419 0.5080645 0.6048387 0.5967742 0.6129032 0.6612903 0.7903226 0.7903226 0.7258065 0.8225806
0.5614035 0.5526316 0.631579 0.754386 0.7105263 0.9122807 0.8070175 0.877193 0.9561404 0.8421053 0.8421053
0.6134454 0.4957983 0.5630252 0.487395 0.5378151 0.5210084 0.4285714 0.4033613 0.4117647 0.3781513 0.3865546
0.5645161 0.5241935 0.5403226 0.516129 0.5806452 0.5725806 0.6290323 0.6048387 0.6451613 0.6774194 0.6612903
0.4210526 0.3596491 0.3859649 0.3684211 0.3947368 0.4122807 0.3070175 0.3684211 0.3947368 0.4473684 0.4473684
0.1788618 0.1544715 0.1300813 0.09756098 0.1056911 0.1219512 0.1056911 0.0894309 0.1138211 0.0894309 0.1056911
0.5798319 0.6386555 0.5966387 0.6302521 0.6302521 0.6386555 0.6806723 0.7058824 0.7142857 0.697479 0.6806723
0.4754098 0.4918033 0.4836066 0.5491803 0.5 0.5163934 0.5737705 0.5245902 0.5819672 0.6229508 0.6311475
0.1626016 0.1300813 0.1788618 0.1951220 0.2032520 0.2682927 0.2520325 0.2601626 0.2926829 0.3252033 0.3333333
0.1707317 0.1463415 0.1300813 0.1219512 0.1138211 0.1219512 0.1219512 0.1056911 0.1300813 0.1056911 0.1382114
0.3225806 0.2822581 0.2096774 0.2016129 0.2016129 0.2016129 0.1451613 0.1451613 0.1129032 0.1129032 0.1048387
0.3790323 0.3467742 0.3548387 0.3709677 0.4032258 0.4435484 0.4112903 0.4112903 0.4032258 0.3870968 0.4274194
0.8373984 0.8780488 0.8699187 0.8292683 0.8130081 0.9268293 0.8861789 0.9105691 0.9430894 0.894309 0.9105691
0.2338710 0.2741935 0.3387097 0.3790323 0.4274194 0.4435484 0.4758065 0.5 0.4758065 0.4677419 0.5080645
0.5655738 0.5655738 0.5491803 0.557377 0.5655738 0.5081967 0.5081967 0.5245902 0.5 0.4590164 0.4344262
0.0483871 0.05645161 0.06451613 0.1129032 0.1048387 0.1290323 0.1935484 0.2096774 0.2338710 0.2177419 0.2822581
0.6129032 0.6935484 0.6693548 0.7419355 0.7419355 0.75 0.7580645 0.7983871 0.782258 0.75 0.8225806
0.3859649 0.3421053 0.3859649 0.4561404 0.4649123 0.4649123 0.4824561 0.5964912 0.5789474 0.5701754 0.6140351
0.733871 0.75 0.7016129 0.7016129 0.75 0.6935484 0.7016129 0.6935484 0.6693548 0.6935484 0.6854839
0.0661157 0.0661157 0.04958678 0.03305785 0.04132231 0.03305785 0.04958678 0.04958678 0.04132231 0.03305785 0.0661157
0.1229508 0.08196721 0.09016393 0.1065574 0.08196721 0.1639344 0.1393443 0.1967213 0.2049180 0.2540984 0.2377049
0.8130081 0.7886179 0.7479675 0.8861789 0.804878 0.8211382 0.8617886 0.8455285 0.9430894 0.894309 0.9105691
0.5263158 0.5175439 0.4210526 0.4649123 0.3684211 0.4122807 0.3333333 0.3070175 0.2807018 0.2631579 0.2543860
0.01680672 0 0.01680672 0.03361345 0.01680672 0.04201681 0.05042017 0.05882353 0.06722689 0.05882353 0.06722689
0.4634146 0.4796748 0.5284553 0.5447154 0.5853659 0.6097561 0.5691057 0.6341463 0.6097561 0.601626 0.6341463
0.4878049 0.504065 0.5203252 0.4796748 0.4390244 0.4390244 0.4146341 0.3577236 0.300813 0.2845528 0.2845528
0.1818182 0.1570248 0.1239669 0.1157025 0.1322314 0.1735537 0.2231405 0.2396694 0.2561983 0.2396694 0.2396694
0.5932203 0.6271186 0.5932203 0.5084746 0.559322 0.5254237 0.4067797 0.3898305 0.4152542 0.3728814 0.3728814
0.5206612 0.5041322 0.6033058 0.5950413 0.553719 0.5371901 0.4628099 0.446281 0.446281 0.4049587 0.3884298
0.7559055 0.7637795 0.7559055 0.8267717 0.7637795 0.7480315 0.7637795 0.8425197 0.7165354 0.6929134 0.7559055
0.1048387 0.08870968 0.08870968 0.0967742 0.1451613 0.1935484 0.2580645 0.2419355 0.2661290 0.2338710 0.3225806
0.9758065 0.9596774 0.983871 0.9758065 0.9596774 0.983871 0.9516129 0.9435484 0.8870968 0.8709677 0.8467742
0.96063 0.8976378 0.976378 0.952756 0.976378 0.9448819 0.9370079 0.952756 0.8818898 0.8661417 0.8503937
0.9274194 0.9274194 0.9435484 0.9758065 0.9596774 0.983871 0.967742 0.9354839 0.9112903 0.9193548 0.8709677
0.08870968 0.1209677 0.1370968 0.2177419 0.2016129 0.3064516 0.3467742 0.3145161 0.3306452 0.3790323 0.3467742
0.2436975 0.2521008 0.1344538 0.06722689 0.08403361 0.05882353 0.04201681 0.03361345 0.01680672 0.01680672 0.01680672
0.03278689 0.04098361 0.03278689 0.01639344 0.008196721 0 0.008196721 0.008196721 0 0.01639344 0.01639344
0.9837398 0.9674797 0.9430894 0.99187 0.9593496 0.9593496 0.9593496 0.9105691 0.9430894 0.894309 0.9105691
0.1491228 0.1578947 0.1315789 0.07894737 0.06140351 0.07894737 0.05263158 0.04385965 0.05263158 0.07017544 0.06140351
0.2894737 0.3245614 0.3245614 0.4122807 0.4298246 0.4210526 0.4210526 0.4473684 0.5263158 0.5087719 0.5175439
0.2131148 0.1721311 0.1803279 0.2295082 0.1721311 0.1967213 0.2213115 0.2049180 0.1967213 0.2213115 0.2131148
0.4132231 0.4297521 0.4380165 0.4958678 0.4545455 0.4793388 0.4958678 0.5041322 0.5454545 0.5867769 0.5371901
0.1949153 0.2627119 0.3050847 0.3135593 0.3474576 0.3813559 0.3644068 0.3898305 0.3983051 0.3898305 0.3983051
0.2204724 0.2519685 0.2598425 0.2362205 0.2362205 0.2440945 0.2598425 0.2677165 0.2677165 0.2834646 0.2598425
0.5789474 0.622807 0.4912281 0.5526316 0.4473684 0.5438596 0.4210526 0.3859649 0.4035088 0.5 0.4122807
0.06451613 0.0967742 0.1129032 0.1209677 0.1612903 0.1935484 0.25 0.2419355 0.3225806 0.2983871 0.3225806
0.8728814 0.8305085 0.8898305 0.7881356 0.8050847 0.8050847 0.7711864 0.8474576 0.7966102 0.8050847 0.7627119
0.3050847 0.2288136 0.2542373 0.2372881 0.2033898 0.2288136 0.2711864 0.279661 0.2457627 0.2372881 0.2627119
0.782258 0.782258 0.75 0.766129 0.7580645 0.7983871 0.6209677 0.6532258 0.6048387 0.516129 0.4435484
0.7786885 0.7295082 0.8196721 0.7540984 0.795082 0.7131148 0.7213115 0.6393443 0.5983607 0.5901639 0.5901639
0.9173554 0.9669421 0.9752066 0.9173554 0.9090909 0.892562 0.8842975 0.892562 0.8595041 0.8512397 0.7107438
0.1176471 0.1680672 0.1344538 0.2268908 0.2605042 0.3109244 0.3361345 0.302521 0.3361345 0.3781513 0.3697479
0.622807 0.6666667 0.7894737 0.8157895 0.8245614 0.7719298 0.9385965 0.885965 0.8508772 0.8947368 0.8421053
0.6491228 0.6578947 0.7894737 0.8245614 0.8245614 0.8947368 0.8157895 0.8508772 0.8508772 0.7280702 0.7719298
0.8861789 0.9674797 0.9349593 0.9512195 0.894309 0.9593496 0.8699187 0.8130081 0.8536585 0.8211382 0.796748
0.6209677 0.5483871 0.5 0.4435484 0.3870968 0.3548387 0.3467742 0.2258065 0.2258065 0.2338710 0.1935484
0.8225806 0.7903226 0.8548387 0.9596774 0.8951613 0.9596774 0.8548387 0.9032258 0.8387097 0.8225806 0.8709677
0.3070175 0.3245614 0.3070175 0.2807018 0.1929825 0.2105263 0.1403509 0.1578947 0.1228070 0.07894737 0.07017544
0.8305085 0.8644068 0.9067797 0.9067797 0.9830508 0.898305 0.9745763 0.8135593 0.9237288 0.8559322 0.8644068
0.9133858 0.8976378 0.8425197 0.984252 0.8818898 0.8503937 0.8897638 0.7952756 0.8818898 0.7874016 0.8503937
0.7272727 0.8016529 0.7355372 0.7024793 0.7603306 0.6528926 0.7024793 0.6280992 0.6859504 0.6280992 0.6363636
