0.3428571 0.3428571 0.3428571 0.3428571 0.3428571 0.3428571 0.3428571 0.3428571 0.3428571 0.3428571 0.3428571
0 0 0 0 0 0 0 0 0 0 0
0.3308824 0.3308824 0.3308824 0.3308824 0.3308824 0.3308824 0.3308824 0.3308824 0.3308824 0.3308824 0.3308824
0.2910448 0.2910448 0.2910448 0.2910448 0.2910448 0.2910448 0.2910448 0.2910448 0.2910448 0.2910448 0.2910448
0 0 0 0 0 0 0 0 0 0 0
0.3161765 0.3161765 0.3161765 0.3161765 0.3161765 0.3161765 0.3161765 0.3161765 0.3161765 0.3161765 0.3161765
0 0 0 0 0 0 0 0 0 0 0
0 0 0 0 0 0 0 0 0 0 0
0.3308824 0.3308824 0.3308824 0.3308824 0.3308824 0.3308824 0.3308824 0.3308824 0.3308824 0.3308824 0.3308824
0 0 0 0 0 0 0 0 0 0 0
0.3206107 0.3206107 0.3206107 0.3206107 0.3206107 0.3206107 0.3206107 0.3206107 0.3206107 0.3206107 0.3206107
0 0 0 0 0 0 0 0 0 0 0
0.3428571 0.3428571 0.3428571 0.3428571 0.3428571 0.3428571 0.3428571 0.3428571 0.3428571 0.3428571 0.3428571
0.3358779 0.3358779 0.3358779 0.3358779 0.3358779 0.3358779 0.3358779 0.3358779 0.3358779 0.3358779 0.3358779
0.3206107 0.3206107 0.3206107 0.3206107 0.3206107 0.3206107 0.3206107 0.3206107 0.3206107 0.3206107 0.3206107
0 0 0 0 0 0 0 0 0 0 0
0 0 0 0 0 0 0 0 0 0 0
0.3428571 0.3428571 0.3428571 0.3428571 0.3428571 0.3428571 0.3428571 0.3428571 0.3428571 0.3428571 0.3428571
0.3284672 0.3284672 0.3284672 0.3284672 0.3284672 0.3284672 0.3284672 0.3284672 0.3284672 0.3284672 0.3284672
0.3428571 0.3428571 0.3428571 0.3428571 0.3428571 0.3428571 0.3428571 0.3428571 0.3428571 0.3428571 0.3428571
0.3357143 0.3357143 0.3357143 0.3357143 0.3357143 0.3357143 0.3357143 0.3357143 0.3357143 0.3357143 0.3357143
0.3284672 0.3284672 0.3284672 0.3284672 0.3284672 0.3284672 0.3284672 0.3284672 0.3284672 0.3284672 0.3284672
0 0 0 0 0 0 0 0 0 0 0
0.3428571 0.3428571 0.3428571 0.3428571 0.3428571 0.3428571 0.3428571 0.3428571 0.3428571 0.3428571 0.3428571
0 0 0 0 0 0 0 0 0 0 0
0 0 0 0 0 0 0 0 0 0 0
0.3235294 0.3235294 0.3235294 0.3235294 0.3235294 0.3235294 0.3235294 0.3235294 0.3235294 0.3235294 0.3235294
0.3235294 0.3235294 0.3235294 0.3235294 0.3235294 0.3235294 0.3235294 0.3235294 0.3235294 0.3235294 0.3235294
0 0 0 0 0 0 0 0 0 0 0
0 0 0 0 0 0 0 0 0 0 0
0 0 0 0 0 0 0 0 0 0 0
0.3308824 0.3308824 0.3308824 0.3308824 0.3308824 0.3308824 0.3308824 0.3308824 0.3308824 0.3308824 0.3308824
0.3308824 0.3308824 0.3308824 0.3308824 0.3308824 0.3308824 0.3308824 0.3308824 0.3308824 0.3308824 0.3308824
0.3428571 0.3428571 0.3428571 0.3428571 0.3428571 0.3428571 0.3428571 0.3428571 0.3428571 0.3428571 0.3428571
0.2910448 0.2910448 0.2910448 0.2910448 0.2910448 0.2910448 0.2910448 0.2910448 0.2910448 0.2910448 0.2910448
0 0 0 0 0 0 0 0 0 0 0
0 0 0 0 0 0 0 0 0 0 0
0 0 0 0 0 0 0 0 0 0 0
0.3308824 0.3308824 0.3308824 0.3308824 0.3308824 0.3308824 0.3308824 0.3308824 0.3308824 0.3308824 0.3308824
0.3161765 0.3161765 0.3161765 0.3161765 0.3161765 0.3161765 0.3161765 0.3161765 0.3161765 0.3161765 0.3161765
0.3357143 0.3357143 0.3357143 0.3357143 0.3357143 0.3357143 0.3357143 0.3357143 0.3357143 0.3357143 0.3357143
0 0 0 0 0 0 0 0 0 0 0
0.3357143 0.3357143 0.3357143 0.3357143 0.3357143 0.3357143 0.3357143 0.3357143 0.3357143 0.3357143 0.3357143
0.3358779 0.3358779 0.3358779 0.3358779 0.3358779 0.3358779 0.3358779 0.3358779 0.3358779 0.3358779 0.3358779
0.3357143 0.3357143 0.3357143 0.3357143 0.3357143 0.3357143 0.3357143 0.3357143 0.3357143 0.3357143 0.3357143
0.3284672 0.3284672 0.3284672 0.3284672 0.3284672 0.3284672 0.3284672 0.3284672 0.3284672 0.3284672 0.3284672
0.2910448 0.2910448 0.2910448 0.2910448 0.2910448 0.2910448 0.2910448 0.2910448 0.2910448 0.2910448 0.2910448
0.3284672 0.3284672 0.3284672 0.3284672 0.3284672 0.3284672 0.3284672 0.3284672 0.3284672 0.3284672 0.3284672
0.3188406 0.3188406 0.3188406 0.3188406 0.3188406 0.3188406 0.3188406 0.3188406 0.3188406 0.3188406 0.3188406
0 0 0 0 0 0 0 0 0 0 0
0 0 0 0 0 0 0 0 0 0 0
0.3206107 0.3206107 0.3206107 0.3206107 0.3206107 0.3206107 0.3206107 0.3206107 0.3206107 0.3206107 0.3206107
0.3188406 0.3188406 0.3188406 0.3188406 0.3188406 0.3188406 0.3188406 0.3188406 0.3188406 0.3188406 0.3188406
0.2910448 0.2910448 0.2910448 0.2910448 0.2910448 0.2910448 0.2910448 0.2910448 0.2910448 0.2910448 0.2910448
0.3308824 0.3308824 0.3308824 0.3308824 0.3308824 0.3308824 0.3308824 0.3308824 0.3308824 0.3308824 0.3308824
0.3358779 0.3358779 0.3358779 0.3358779 0.3358779 0.3358779 0.3358779 0.3358779 0.3358779 0.3358779 0.3358779
0.3206107 0.3206107 0.3206107 0.3206107 0.3206107 0.3206107 0.3206107 0.3206107 0.3206107 0.3206107 0.3206107
0.3235294 0.3235294 0.3235294 0.3235294 0.3235294 0.3235294 0.3235294 0.3235294 0.3235294 0.3235294 0.3235294
0.3308824 0.3308824 0.3308824 0.3308824 0.3308824 0.3308824 0.3308824 0.3308824 0.3308824 0.3308824 0.3308824
0 0 0 0 0 0 0 0 0 0 0
0.3188406 0.3188406 0.3188406 0.3188406 0.3188406 0.3188406 0.3188406 0.3188406 0.3188406 0.3188406 0.3188406
0.3235294 0.3235294 0.3235294 0.3235294 0.3235294 0.3235294 0.3235294 0.3235294 0.3235294 0.3235294 0.3235294
0.2910448 0.2910448 0.2910448 0.2910448 0.2910448 0.2910448 0.2910448 0.2910448 0.2910448 0.2910448 0.2910448
0.3357143 0.3357143 0.3357143 0.3357143 0.3357143 0.3357143 0.3357143 0.3357143 0.3357143 0.3357143 0.3357143
0 0 0 0 0 0 0 0 0 0 0
0.3358779 0.3358779 0.3358779 0.3358779 0.3358779 0.3358779 0.3358779 0.3358779 0.3358779 0.3358779 0.3358779
0.3206107 0.3206107 0.3206107 0.3206107 0.3206107 0.3206107 0.3206107 0.3206107 0.3206107 0.3206107 0.3206107
0.3206107 0.3206107 0.3206107 0.3206107 0.3206107 0.3206107 0.3206107 0.3206107 0.3206107 0.3206107 0.3206107
0.3358779 0.3358779 0.3358779 0.3358779 0.3358779 0.3358779 0.3358779 0.3358779 0.3358779 0.3358779 0.3358779
0.3358779 0.3358779 0.3358779 0.3358779 0.3358779 0.3358779 0.3358779 0.3358779 0.3358779 0.3358779 0.3358779
0 0 0 0 0 0 0 0 0 0 0
0.3206107 0.3206107 0.3206107 0.3206107 0.3206107 0.3206107 0.3206107 0.3206107 0.3206107 0.3206107 0.3206107
0.3206107 0.3206107 0.3206107 0.3206107 0.3206107 0.3206107 0.3206107 0.3206107 0.3206107 0.3206107 0.3206107
0 0 0 0 0 0 0 0 0 0 0
0.3284672 0.3284672 0.3284672 0.3284672 0.3284672 0.3284672 0.3284672 0.3284672 0.3284672 0.3284672 0.3284672
0.2910448 0.2910448 0.2910448 0.2910448 0.2910448 0.2910448 0.2910448 0.2910448 0.2910448 0.2910448 0.2910448
0.3161765 0.3161765 0.3161765 0.3161765 0.3161765 0.3161765 0.3161765 0.3161765 0.3161765 0.3161765 0.3161765
0.3188406 0.3188406 0.3188406 0.3188406 0.3188406 0.3188406 0.3188406 0.3188406 0.3188406 0.3188406 0.3188406
0.3284672 0.3284672 0.3284672 0.3284672 0.3284672 0.3284672 0.3284672 0.3284672 0.3284672 0.3284672 0.3284672
0.3188406 0.3188406 0.3188406 0.3188406 0.3188406 0.3188406 0.3188406 0.3188406 0.3188406 0.3188406 0.3188406
0 0 0 0 0 0 0 0 0 0 0
0.3161765 0.3161765 0.3161765 0.3161765 0.3161765 0.3161765 0.3161765 0.3161765 0.3161765 0.3161765 0.3161765
0 0 0 0 0 0 0 0 0 0 0
0.3206107 0.3206107 0.3206107 0.3206107 0.3206107 0.3206107 0.3206107 0.3206107 0.3206107 0.3206107 0.3206107
0.3358779 0.3358779 0.3358779 0.3358779 0.3358779 0.3358779 0.3358779 0.3358779 0.3358779 0.3358779 0.3358779
0.3358779 0.3358779 0.3358779 0.3358779 0.3358779 0.3358779 0.3358779 0.3358779 0.3358779 0.3358779 0.3358779
0 0 0 0 0 0 0 0 0 0 0
0 0 0 0 0 0 0 0 0 0 0
0.3284672 0.3284672 0.3284672 0.3284672 0.3284672 0.3284672 0.3284672 0.3284672 0.3284672 0.3284672 0.3284672
0 0 0 0 0 0 0 0 0 0 0
0.3161765 0.3161765 0.3161765 0.3161765 0.3161765 0.3161765 0.3161765 0.3161765 0.3161765 0.3161765 0.3161765
0 0 0 0 0 0 0 0 0 0 0
0.3235294 0.3235294 0.3235294 0.3235294 0.3235294 0.3235294 0.3235294 0.3235294 0.3235294 0.3235294 0.3235294
0 0 0 0 0 0 0 0 0 0 0
0 0 0 0 0 0 0 0 0 0 0
0.3428571 0.3428571 0.3428571 0.3428571 0.3428571 0.3428571 0.3428571 0.3428571 0.3428571 0.3428571 0.3428571
0.2910448 0.2910448 0.2910448 0.2910448 0.2910448 0.2910448 0.2910448 0.2910448 0.2910448 0.2910448 0.2910448
0 0 0 0 0 0 0 0 0 0 0
0 0 0 0 0 0 0 0 0 0 0
0 0 0 0 0 0 0 0 0 0 0
0.3284672 0.3284672 0.3284672 0.3284672 0.3284672 0.3284672 0.3284672 0.3284672 0.3284672 0.3284672 0.3284672
0 0 0 0 0 0 0 0 0 0 0
0.3235294 0.3235294 0.3235294 0.3235294 0.3235294 0.3235294 0.3235294 0.3235294 0.3235294 0.3235294 0.3235294
0.3358779 0.3358779 0.3358779 0.3358779 0.3358779 0.3358779 0.3358779 0.3358779 0.3358779 0.3358779 0.3358779
0.3308824 0.3308824 0.3308824 0.3308824 0.3308824 0.3308824 0.3308824 0.3308824 0.3308824 0.3308824 0.3308824
0.3206107 0.3206107 0.3206107 0.3206107 0.3206107 0.3206107 0.3206107 0.3206107 0.3206107 0.3206107 0.3206107
0.3188406 0.3188406 0.3188406 0.3188406 0.3188406 0.3188406 0.3188406 0.3188406 0.3188406 0.3188406 0.3188406
0 0 0 0 0 0 0 0 0 0 0
0.3358779 0.3358779 0.3358779 0.3358779 0.3358779 0.3358779 0.3358779 0.3358779 0.3358779 0.3358779 0.3358779
0.3161765 0.3161765 0.3161765 0.3161765 0.3161765 0.3161765 0.3161765 0.3161765 0.3161765 0.3161765 0.3161765
0.3358779 0.3358779 0.3358779 0.3358779 0.3358779 0.3358779 0.3358779 0.3358779 0.3358779 0.3358779 0.3358779
0.3161765 0.3161765 0.3161765 0.3161765 0.3161765 0.3161765 0.3161765 0.3161765 0.3161765 0.3161765 0.3161765
0.3357143 0.3357143 0.3357143 0.3357143 0.3357143 0.3357143 0.3357143 0.3357143 0.3357143 0.3357143 0.3357143
0 0 0 0 0 0 0 0 0 0 0
0.3235294 0.3235294 0.3235294 0.3235294 0.3235294 0.3235294 0.3235294 0.3235294 0.3235294 0.3235294 0.3235294
0 0 0 0 0 0 0 0 0 0 0
0 0 0 0 0 0 0 0 0 0 0
0.3357143 0.3357143 0.3357143 0.3357143 0.3357143 0.3357143 0.3357143 0.3357143 0.3357143 0.3357143 0.3357143
0.3235294 0.3235294 0.3235294 0.3235294 0.3235294 0.3235294 0.3235294 0.3235294 0.3235294 0.3235294 0.3235294
0.3358779 0.3358779 0.3358779 0.3358779 0.3358779 0.3358779 0.3358779 0.3358779 0.3358779 0.3358779 0.3358779
0.3206107 0.3206107 0.3206107 0.3206107 0.3206107 0.3206107 0.3206107 0.3206107 0.3206107 0.3206107 0.3206107
0.3428571 0.3428571 0.3428571 0.3428571 0.3428571 0.3428571 0.3428571 0.3428571 0.3428571 0.3428571 0.3428571
0 0 0 0 0 0 0 0 0 0 0
0.3206107 0.3206107 0.3206107 0.3206107 0.3206107 0.3206107 0.3206107 0.3206107 0.3206107 0.3206107 0.3206107
0.3235294 0.3235294 0.3235294 0.3235294 0.3235294 0.3235294 0.3235294 0.3235294 0.3235294 0.3235294 0.3235294
0 0 0 0 0 0 0 0 0 0 0
0.3206107 0.3206107 0.3206107 0.3206107 0.3206107 0.3206107 0.3206107 0.3206107 0.3206107 0.3206107 0.3206107
0.3308824 0.3308824 0.3308824 0.3308824 0.3308824 0.3308824 0.3308824 0.3308824 0.3308824 0.3308824 0.3308824
0.3308824 0.3308824 0.3308824 0.3308824 0.3308824 0.3308824 0.3308824 0.3308824 0.3308824 0.3308824 0.3308824
0.3357143 0.3357143 0.3357143 0.3357143 0.3357143 0.3357143 0.3357143 0.3357143 0.3357143 0.3357143 0.3357143
0 0 0 0 0 0 0 0 0 0 0
0 0 0 0 0 0 0 0 0 0 0
0.3308824 0.3308824 0.3308824 0.3308824 0.3308824 0.3308824 0.3308824 0.3308824 0.3308824 0.3308824 0.3308824
0.3161765 0.3161765 0.3161765 0.3161765 0.3161765 0.3161765 0.3161765 0.3161765 0.3161765 0.3161765 0.3161765
0.3358779 0.3358779 0.3358779 0.3358779 0.3358779 0.3358779 0.3358779 0.3358779 0.3358779 0.3358779 0.3358779
0 0 0 0 0 0 0 0 0 0 0
0 0 0 0 0 0 0 0 0 0 0
0.3357143 0.3357143 0.3357143 0.3357143 0.3357143 0.3357143 0.3357143 0.3357143 0.3357143 0.3357143 0.3357143
0.3358779 0.3358779 0.3358779 0.3358779 0.3358779 0.3358779 0.3358779 0.3358779 0.3358779 0.3358779 0.3358779
0.3428571 0.3428571 0.3428571 0.3428571 0.3428571 0.3428571 0.3428571 0.3428571 0.3428571 0.3428571 0.3428571
0.3161765 0.3161765 0.3161765 0.3161765 0.3161765 0.3161765 0.3161765 0.3161765 0.3161765 0.3161765 0.3161765
0 0 0 0 0 0 0 0 0 0 0
0.3188406 0.3188406 0.3188406 0.3188406 0.3188406 0.3188406 0.3188406 0.3188406 0.3188406 0.3188406 0.3188406
0 0 0 0 0 0 0 0 0 0 0
0 0 0 0 0 0 0 0 0 0 0
0.3235294 0.3235294 0.3235294 0.3235294 0.3235294 0.3235294 0.3235294 0.3235294 0.3235294 0.3235294 0.3235294
0.3284672 0.3284672 0.3284672 0.3284672 0.3284672 0.3284672 0.3284672 0.3284672 0.3284672 0.3284672 0.3284672
0.3428571 0.3428571 0.3428571 0.3428571 0.3428571 0.3428571 0.3428571 0.3428571 0.3428571 0.3428571 0.3428571
0.3284672 0.3284672 0.3284672 0.3284672 0.3284672 0.3284672 0.3284672 0.3284672 0.3284672 0.3284672 0.3284672
0.3358779 0.3358779 0.3358779 0.3358779 0.3358779 0.3358779 0.3358779 0.3358779 0.3358779 0.3358779 0.3358779
0.3188406 0.3188406 0.3188406 0.3188406 0.3188406 0.3188406 0.3188406 0.3188406 0.3188406 0.3188406 0.3188406
