0.76 0.68
0.3360656 0.3442623
0.8157895 0.8070175
0.7560976 0.5772358
0.4298246 0.4035088
0.84375 0.8046875
0.4344262 0.4262295
0.3821138 0.4308943
0.75 0.7583333
0.795082 0.6885246
0.1951220 0.1951220
0.4065041 0.3821138
0.6796875 0.734375
0.5785124 0.6859504
0.3278689 0.3442623
0.2982456 0.2894737
0.5206612 0.4628099
0.7142857 0.7460317
0.76 0.672
0.531746 0.5
0.4916667 0.5
0.376 0.352
0.8416667 0.8333333
0.3421053 0.3508772
0.1557377 0.1393443
0.4390244 0.4634146
0.3083333 0.2583333
0.6198347 0.6528926
0.008264463 0.01652893
0.2786885 0.2868852
0.07317073 0.07317073
0.1707317 0.1951220
0.6967213 0.7622951
0.6140351 0.5350877
0.6910569 0.699187
0.008 0.008
0.1953125 0.15625
0.1788618 0.1951220
0.8157895 0.8070175
0.8157895 0.8070175
0.2777778 0.2857143
0.795082 0.6885246
0.4545455 0.446281
0.8095238 0.7460317
0.1818182 0.1735537
0.4344262 0.4098361
0.7265625 0.8046875
0.1587302 0.1428571
0.8416667 0.8333333
0.8095238 0.7460317
0.8157895 0.8070175
0.4365079 0.4761905
0.8780488 0.7560976
0.016 0.016
0.0661157 0.04958678
0.1929825 0.1491228
0.5 0.5789474
0.0661157 0.0661157
0.3333333 0.2456140
0.8157895 0.8070175
0.5964912 0.6491228
0.647541 0.6229508
0.8211382 0.7723577
0.3606557 0.3606557
0.8606557 0.8032787
0.4796748 0.4146341
0.232 0.224
0.300813 0.300813
0.2459016 0.2377049
0.8688525 0.7540984
0.1300813 0.1219512
0.3421053 0.4736842
0.8416667 0.8333333
0.8095238 0.7460317
0.8688525 0.7868852
0.656 0.6
0.8157895 0.8070175
0.2601626 0.2764228
0.4298246 0.3596491
0.5701754 0.5175439
0.8606557 0.7459016
0.1463415 0.1300813
0.5289256 0.5867769
0.5166667 0.5083333
0.1544715 0.1869919
0 0
0.03252033 0.008130081
0.2357724 0.2195122
0.8095238 0.7460317
0.3884298 0.5041322
0.544 0.576
0.2950820 0.3442623
0.7704918 0.7540984
0.4180328 0.4590164
0.7333333 0.6916667
0.1951220 0.1951220
0.4918033 0.4836066
0.7265625 0.8046875
0.4344262 0.4098361
0.07894737 0.07017544
0.1900826 0.2561983
0.312 0.264
0.3606557 0.3770492
0.300813 0.2682927
0.5166667 0.575
0.7520661 0.6942149
0.4878049 0.398374
0.8181818 0.785124
0.84375 0.8046875
0.8181818 0.785124
0.3333333 0.2456140
0.09166667 0.09166667
0.05737705 0.06557377
0.8157895 0.8070175
0.2807018 0.2368421
0.6083333 0.575
0.09375 0.1171875
0.3442623 0.352459
0.4 0.4083333
0.2704918 0.3442623
0.45 0.4
0.02459016 0.02459016
0.7520661 0.785124
0.09166667 0.1083333
0.544 0.576
0.7479675 0.699187
0.7583333 0.8333333
0.09756098 0.1219512
0.8780488 0.7560976
0.7704918 0.6885246
0.1916667 0.2083333
0.8606557 0.8032787
0.02631579 0.03508772
0.8780488 0.7560976
0.7265625 0.71875
0.544 0.424
