0.006 0.008
0.104 0.126
0.002 0.004
0.018 0.012
0.186 0.146
0 0
0.044 0.052
0.124 0.116
0.01 0.002
0.006 0.01
0.17 0.18
0.002 0.004
0 0.004
0.022 0.012
0.256 0.244
0.104 0.068
0.03 0.012
0.026 0.012
0.004 0.008
0.016 0.016
0.048 0.03
0.104 0.108
0.002 0.002
0.106 0.09
0.326 0.312
0.058 0.03
0.128 0.122
0.022 0.018
0.576 0.578
0.116 0.12
0.464 0.426
0.26 0.292
0.006 0.008
0.008 0.014
0.018 0.002
0.526 0.542
0.25 0.214
0.156 0.146
0.006 0.004
0 0.004
0.104 0.092
0.016 0.026
0.052 0.062
0.002 0.002
0.314 0.314
0.05 0.054
0.016 0.006
0.222 0.242
0 0
0 0
0.008 0.006
0.03 0.032
0.002 0.002
0.422 0.452
0.396 0.378
0.088 0.114
0.03 0.028
0.56 0.556
0.224 0.246
0 0
0.014 0.024
0.036 0.022
0 0.004
0.092 0.072
0 0
0.034 0.056
0.11 0.148
0.06 0.032
0.246 0.252
0.002 0.004
0.27 0.232
0.072 0.058
0.002 0.004
0.002 0.002
0.01 0.004
0.004 0.01
0 0
0.058 0.058
0.086 0.054
0.012 0.016
0.016 0.016
0.272 0.26
0.034 0.032
0.036 0.056
0.366 0.346
0.606 0.622
0.536 0.526
0.15 0.144
0.002 0.002
0.074 0.044
0.026 0.01
0.074 0.076
0.004 0.002
0.05 0.04
0.01 0.004
0.186 0.246
0.04 0.038
0 0
0.064 0.062
0.222 0.234
0.142 0.106
0.12 0.12
0.098 0.084
0.128 0.146
0.036 0.022
0.008 0.008
0.066 0.064
0.002 0
0.002 0
0 0
0.106 0.124
0.166 0.206
0.37 0.402
0 0
0.168 0.208
0.038 0.054
0.378 0.3
0.104 0.076
0.108 0.092
0.142 0.112
0.056 0.046
0.506 0.47
0.01 0.006
0.35 0.352
0.028 0.034
0.002 0.006
0.004 0.006
0.21 0.22
0.006 0
0.014 0.01
0.046 0.07
0 0
0.48 0.474
0 0
0.018 0.018
0.038 0.048
