0.002 0.01
0.14 0.11
0 0.004
0.01 0.016
0.186 0.174
0 0
0.048 0.046
0.044 0.046
0.016 0.008
0.006 0
0.234 0.228
0.064 0.072
0.008 0.006
0.028 0.018
0.126 0.122
0.242 0.216
0.034 0.056
0.02 0.004
0.034 0.032
0.02 0.014
0.062 0.04
0.088 0.064
0.004 0
0.098 0.078
0.25 0.218
0.024 0.018
0.196 0.166
0.028 0.022
0.564 0.548
0.142 0.124
0.546 0.574
0.29 0.296
0.002 0
0.006 0.01
0.012 0.016
0.42 0.436
0.222 0.22
0.244 0.2
0.016 0.01
0.004 0
0.088 0.106
0.028 0.014
0.05 0.048
0.006 0.004
0.412 0.41
0.004 0.002
0.008 0.008
0.252 0.234
0 0
0 0
0.002 0.01
0.05 0.066
0.002 0.002
0.318 0.4
0.324 0.378
0.116 0.126
0.018 0.022
0.596 0.566
0.288 0.284
0 0.004
0.048 0.04
0.008 0.002
0.006 0
0.092 0.078
0.002 0
0.068 0.082
0.136 0.152
0.068 0.096
0.28 0.294
0.008 0
0.22 0.226
0.048 0.048
0 0
0.006 0.004
0 0
0.016 0.004
0 0
0.064 0.072
0.062 0.044
0.03 0.014
0.006 0.006
0.278 0.238
0.028 0.016
0.03 0.03
0.336 0.374
0.602 0.656
0.418 0.436
0.17 0.194
0 0
0.04 0.052
0.026 0.018
0.116 0.074
0.008 0
0.026 0.022
0.03 0.008
0.24 0.226
0.042 0.038
0.008 0.002
0.08 0.072
0.448 0.446
0.124 0.116
0.11 0.126
0.078 0.076
0.108 0.12
0.08 0.088
0.002 0.002
0.106 0.092
0 0
0 0
0 0
0.132 0.122
0.404 0.416
0.38 0.41
0 0.002
0.31 0.316
0.062 0.06
0.28 0.236
0.03 0.048
0.086 0.064
0.166 0.122
0.054 0.044
0.344 0.328
0.002 0.002
0.45 0.482
0.046 0.032
0.008 0.008
0.004 0.002
0.304 0.324
0 0
0.014 0.012
0.176 0.218
0.002 0
0.464 0.49
0 0
0.012 0.022
0.034 0.044
