0.8306452 0.7419355
0.2926829 0.4308943
0.5641026 0.6239316
0.6910569 0.5853659
0.1451613 0.1612903
0.8699187 0.8211382
0.4583333 0.4666667
0.4296875 0.375
0.5528455 0.601626
0.6796875 0.734375
0.2416667 0.2666667
0.3951613 0.3387097
0.7583333 0.7833333
0.6290323 0.6290323
0.2520325 0.2601626
0.09756098 0.1382114
0.5365854 0.5365854
0.8119658 0.6837607
0.7033898 0.4830508
0.516129 0.4354839
0.475 0.4666667
0.3252033 0.3658537
0.8333333 0.7833333
0.2820513 0.2735043
0.1300813 0.1300813
0.4596774 0.5
0.4032258 0.3387097
0.699187 0.699187
0 0.008547009
0.425 0.275
0.04032258 0.03225806
0.225 0.1583333
0.8119658 0.7692308
0.6166667 0.7833333
0.5982906 0.5811966
0.04032258 0.03225806
0.1788618 0.2195122
0.1951220 0.2195122
0.6666667 0.7083333
0.8050847 0.7033898
0.3252033 0.4146341
0.6171875 0.5546875
0.4833333 0.4833333
0.6774194 0.5967742
0.1328125 0.1640625
0.3846154 0.3247863
0.6666667 0.6837607
0.2764228 0.3333333
0.8292683 0.8130081
0.8387097 0.8145161
0.7578125 0.8203125
0.3467742 0.3225806
0.8292683 0.8130081
0.03418803 0.04273504
0.02439024 0.01626016
0.2741935 0.2741935
0.5083333 0.4833333
0.1880342 0.1965812
0.1440678 0.1610169
0.8306452 0.8306452
0.8292683 0.7317073
0.5338983 0.4915254
0.733871 0.8306452
0.3333333 0.4146341
0.8306452 0.8306452
0.5934959 0.4796748
0.220339 0.2118644
0.3644068 0.3474576
0.1693548 0.1451613
0.6355932 0.7966102
0.1016949 0.1101695
0.4758065 0.4354839
0.8292683 0.8130081
0.8119658 0.7692308
0.8333333 0.7833333
0.8050847 0.6440678
0.8119658 0.7692308
0.4140625 0.453125
0.5128205 0.5299145
0.6829268 0.6504065
0.8387097 0.8145161
0.4102564 0.5042735
0.6048387 0.6612903
0.5934959 0.5365854
0.06451613 0.07258065
0 0
0.03418803 0.03418803
0.2520325 0.2357724
0.859375 0.8203125
0.3728814 0.4067797
0.5645161 0.6129032
0.2338710 0.2741935
0.7398374 0.8130081
0.5338983 0.4745763
0.5447154 0.6178862
0.2881356 0.2288136
0.5083333 0.4666667
0.8699187 0.8211382
0.5203252 0.6178862
0.05982906 0.04273504
0.220339 0.2288136
0.3089431 0.2926829
0.3170732 0.3821138
0.2682927 0.2276423
0.6048387 0.5403226
0.8130081 0.8617886
0.4583333 0.4416667
0.8119658 0.7692308
0.8333333 0.7833333
0.7983871 0.7983871
0.2903226 0.2903226
0.09756098 0.09756098
0.0483871 0.06451613
0.8699187 0.8211382
0.1949153 0.1949153
0.6290323 0.6612903
0.1048387 0.1290323
0.4065041 0.3658537
0.2903226 0.3548387
0.3548387 0.3629032
0.4661017 0.3559322
0.06666667 0.05
0.7642276 0.8617886
0.02564103 0.01709402
0.4576271 0.4830508
0.8306452 0.6612903
0.8119658 0.7692308
0.1864407 0.1440678
0.8387097 0.8145161
0.5725806 0.7016129
0.1854839 0.1532258
0.8699187 0.8211382
0.03389831 0.02542373
0.8292683 0.8130081
0.6747967 0.6504065
0.578125 0.5234375
