0.717742 0.8306452
0.3189655 0.3275862
0.796748 0.7723577
0.616 0.632
0.1653543 0.1968504
0.8706897 0.7931034
0.4137931 0.4224138
0.4344262 0.3032787
0.5983607 0.7540984
0.592 0.656
0.2822581 0.2741935
0.4396552 0.3706897
0.704 0.68
0.6585366 0.7723577
0.2459016 0.2377049
0.4146341 0.3739837
0.4672131 0.4836066
0.6451613 0.733871
0.6583333 0.7666667
0.5737705 0.5819672
0.4655172 0.5
0.3543307 0.3228346
0.8916667 0.825
0.3658537 0.3658537
0.1065574 0.1147541
0.36 0.432
0.304 0.28
0.6810345 0.7155172
0.02439024 0.01626016
0.4916667 0.5583333
0.02459016 0.04918033
0.15 0.1333333
0.7327586 0.7155172
0.6885246 0.7459016
0.7083333 0.6916667
0.02586207 0
0.16 0.176
0.176 0.232
0.5862069 0.6724138
0.8360656 0.8442623
0.3629032 0.3790323
0.5245902 0.4590164
0.464 0.512
0.7327586 0.7931034
0.2327586 0.2413793
0.6299213 0.6220472
0.6833333 0.7666667
0.3166667 0.275
0.8032787 0.8688525
0.8706897 0.7931034
0.8916667 0.825
0.416 0.408
0.825 0.8333333
0.1259843 0.07874016
0.1034483 0.0775862
0.1653543 0.1102362
0.6551724 0.6206897
0.03333333 0.03333333
0.1869919 0.1788618
0.796748 0.7723577
0.6178862 0.6097561
0.7327586 0.7155172
0.8467742 0.8306452
0.3467742 0.4032258
0.8916667 0.825
0.5 0.4919355
0.3083333 0.3583333
0.2931034 0.3448276
0.1102362 0.08661417
0.704 0.744
0.1833333 0.2416667
0.4754098 0.4262295
0.8360656 0.8442623
0.825 0.8333333
0.8706897 0.7931034
0.584 0.544
0.825 0.8333333
0.3189655 0.3706897
0.704 0.544
0.536 0.544
0.7083333 0.6333333
0.36 0.352
0.704 0.568
0.5901639 0.5655738
0.096 0.176
0.008333333 0.008333333
0.06666667 0.075
0.2540984 0.2786885
0.8032787 0.8688525
0.4098361 0.4344262
0.4878049 0.4471545
0.4333333 0.4333333
0.704 0.712
0.325 0.4
0.5689655 0.612069
0.1666667 0.175
0.4836066 0.5491803
0.8467742 0.8306452
0.4672131 0.4508197
0.125 0.1416667
0.1583333 0.2083333
0.3770492 0.3032787
0.3467742 0.4112903
0.2416667 0.2583333
0.6585366 0.6341463
0.8032787 0.7622951
0.519685 0.519685
0.8188976 0.7874016
0.8916667 0.825
0.8360656 0.8442623
0.3543307 0.3622047
0.3658537 0.3495935
0.008 0.016
0.816 0.712
0.216 0.184
0.4396552 0.4396552
0.06666667 0.05833333
0.4758065 0.3870968
0.3278689 0.3606557
0.2357724 0.2439024
0.5245902 0.4508197
0.05 0.05
0.7540984 0.7377049
0.1209677 0.1048387
0.7083333 0.5666667
0.717742 0.733871
0.704 0.744
0.1311475 0.1475410
0.816 0.712
0.6557377 0.6639344
0.2049180 0.2049180
0.825 0.8333333
0.008333333 0.008333333
0.796748 0.7723577
0.6833333 0.5916667
0.525 0.45
