0.8292683 0.8373984
0.2439024 0.300813
0.7377049 0.852459
0.6355932 0.6271186
0.2357724 0.2195122
0.7563025 0.815126
0.3770492 0.4672131
0.6065574 0.4918033
0.6885246 0.7295082
0.7226891 0.815126
0.1311475 0.1639344
0.8220339 0.7627119
0.7815126 0.605042
0.4836066 0.5901639
0.2436975 0.2689076
0.1953125 0.140625
0.6885246 0.5409836
0.6260163 0.7235772
0.5423729 0.5
0.7131148 0.8196721
0.4590164 0.5081967
0.2704918 0.2786885
0.882353 0.815126
0.3865546 0.3781513
0.1092437 0.1008403
0.5882353 0.697479
0.3697479 0.2857143
0.6666667 0.601626
0.0078125 0.03125
0.3414634 0.3333333
0.02439024 0.04878049
0.140625 0.1484375
0.8360656 0.7459016
0.7815126 0.6722689
0.6525424 0.6864407
0.05882353 0.06722689
0.1639344 0.2049180
0.1949153 0.2033898
0.8360656 0.852459
0.8739496 0.8067227
0.3671875 0.328125
0.5294118 0.487395
0.5847458 0.6016949
0.882353 0.697479
0.1525424 0.1186441
0.5737705 0.7213115
0.7815126 0.8067227
0.1260504 0.1596639
0.8032787 0.8196721
0.8739496 0.8067227
0.7622951 0.8114754
0.4576271 0.5
0.8292683 0.8373984
0.1393443 0.1475410
0.1147541 0.09016393
0.1967213 0.1639344
0.4576271 0.440678
0.008130081 0.03252033
0.1949153 0.220339
0.8114754 0.8114754
0.5737705 0.557377
0.5847458 0.6101695
0.8292683 0.8373984
0.3658537 0.5447154
0.8359375 0.78125
0.4576271 0.4067797
0.2926829 0.3333333
0.5423729 0.6271186
0.1885246 0.1803279
0.8292683 0.8292683
0.1707317 0.1138211
0.4634146 0.4715447
0.8114754 0.8114754
0.8360656 0.852459
0.882353 0.815126
0.7479675 0.8292683
0.8114754 0.8114754
0.5081967 0.4918033
0.5 0.4344262
0.6229508 0.6147541
0.7131148 0.7295082
0.1428571 0.1680672
0.5853659 0.6260163
0.512605 0.5378151
0.04878049 0.07317073
0.05042017 0.02521008
0.0234375 0.03125
0.3442623 0.2868852
0.8360656 0.852459
0.4705882 0.487395
0.5378151 0.5630252
0.3770492 0.4344262
0.7815126 0.8067227
0.5447154 0.6260163
0.601626 0.601626
0.1544715 0.1138211
0.515625 0.578125
0.882353 0.815126
0.4634146 0.5447154
0.04878049 0.0894309
0.1721311 0.2131148
0.2890625 0.265625
0.3688525 0.3606557
0.2439024 0.2845528
0.4491525 0.440678
0.6953125 0.703125
0.4921875 0.4609375
0.8671875 0.84375
0.8032787 0.8196721
0.8739496 0.8067227
0.3114754 0.3196721
0.06557377 0.06557377
0.1092437 0.1008403
0.8220339 0.7627119
0.1680672 0.1680672
0.6525424 0.6864407
0.1779661 0.1355932
0.3606557 0.3278689
0.2521008 0.2773109
0.2521008 0.2689076
0.5078125 0.40625
0.05882353 0.07563025
0.8114754 0.8114754
0.1803279 0.09836066
0.6470588 0.5378151
0.8114754 0.7295082
0.8114754 0.8114754
0.1788618 0.2113821
0.882353 0.815126
0.8292683 0.6260163
0.1953125 0.203125
0.7563025 0.815126
0.0234375 0.03125
0.8220339 0.7627119
0.6953125 0.78125
0.5078125 0.46875
