0.1914894 0.1560284 0.2127660 0.1914894 0.1702128 0.07801418 0 0 0 0 0
0.3071429 0.1571429 0.3357143 0.3357143 0.3357143 0.3357143 0.7285714 0.6928571 0.75 0.6714286 0.7285714
0.125 0 0.1911765 0.2132353 0.1764706 0.1838235 0.1985294 0 0 0 0
0.2761194 0.1567164 0.3134328 0.3134328 0.3134328 0.5597015 0.7238806 0.7313433 0.7313433 0.6567164 0.6044776
0.3037037 0.2740741 0.3111111 0.3111111 0.3111111 0.5555556 0.7111111 0.7259259 0.7037037 0.637037 0.7111111
0.1492537 0.1567164 0.1940299 0.2014925 0.1641791 0.1194030 0 0 0 0 0
0.3382353 0.1397059 0.3455882 0.3455882 0.3455882 0.3455882 0.7058824 0.7941176 0.7058824 0.6985294 0.6102941
0.1914894 0.1560284 0.2127660 0.1914894 0.1702128 0.07801418 0 0 0 0 0
0.08695652 0 0.1884058 0.2101449 0.1956522 0.1811594 0 0 0 0 0
0.2761194 0.1567164 0.3134328 0.3134328 0.3134328 0.5597015 0.7238806 0.7313433 0.7313433 0.6567164 0.6044776
0.1729323 0.1804511 0.1879699 0.1879699 0.1578947 0.1879699 0 0 0 0 0
0.2246377 0 0.3260870 0.3260870 0.3260870 0.5652174 0.731884 0.731884 0.7028986 0.6884058 0.768116
0.08695652 0 0.1884058 0.2101449 0.1956522 0.1811594 0 0 0 0 0
0.3382353 0.1397059 0.3455882 0.3455882 0.3455882 0.3455882 0.7058824 0.7941176 0.7058824 0.6985294 0.6102941
0.3382353 0.1397059 0.3455882 0.3455882 0.3455882 0.3455882 0.7058824 0.7941176 0.7058824 0.6985294 0.6102941
0.2352941 0 0.3235294 0.3235294 0.3235294 0.617647 0.6985294 0.7867647 0.6764706 0.6911765 0.7279412
0.125 0 0.1911765 0.2132353 0.1764706 0.1838235 0.1985294 0 0 0 0
0.2058824 0.1397059 0.2352941 0.2132353 0.1838235 0.2205882 0 0 0 0 0
0.2246377 0 0.3260870 0.3260870 0.3260870 0.5652174 0.731884 0.731884 0.7028986 0.6884058 0.768116
0.3157895 0.1804511 0.3157895 0.3157895 0.3157895 0.7067669 0.6917293 0.7368421 0.6842105 0.6766917 0.6466165
0.3383459 0.2481203 0.3458647 0.3458647 0.3458647 0.3458647 0.7218045 0.7368421 0.7293233 0.7443609 0.6616541
0.3382353 0.1397059 0.3455882 0.3455882 0.3455882 0.3455882 0.7058824 0.7941176 0.7058824 0.6985294 0.6102941
0.1729323 0.1804511 0.1879699 0.1879699 0.1578947 0.1879699 0 0 0 0 0
0.3382353 0.1397059 0.3455882 0.3455882 0.3455882 0.3455882 0.7058824 0.7941176 0.7058824 0.6985294 0.6102941
0.1492537 0.1567164 0.1940299 0.2014925 0.1641791 0.1194030 0 0 0 0 0
0.1729323 0.1804511 0.1879699 0.1879699 0.1578947 0.1879699 0 0 0 0 0
0.1492537 0.1567164 0.1940299 0.2014925 0.1641791 0.1194030 0 0 0 0 0
0.2932331 0.2781955 0.3082707 0.3082707 0.3082707 0.6090226 0.6917293 0.7443609 0.6466165 0.631579 0.7518797
0.2352941 0 0.3235294 0.3235294 0.3235294 0.617647 0.6985294 0.7867647 0.6764706 0.6911765 0.7279412
0.1729323 0.1804511 0.1879699 0.1879699 0.1578947 0.1879699 0 0 0 0 0
0.2932331 0.2781955 0.3082707 0.3082707 0.3082707 0.6090226 0.6917293 0.7443609 0.6466165 0.631579 0.7518797
0.1729323 0.1729323 0.2030075 0.1879699 0.1578947 0.1503759 0.1954887 0 0 0 0
0.1851852 0.1925926 0.1851852 0.1925926 0.1481481 0.1851852 0 0 0 0 0
0.2246377 0 0.3260870 0.3260870 0.3260870 0.5652174 0.731884 0.731884 0.7028986 0.6884058 0.768116
0.3382353 0.1397059 0.3455882 0.3455882 0.3455882 0.3455882 0.7058824 0.7941176 0.7058824 0.6985294 0.6102941
0.3383459 0.2481203 0.3458647 0.3458647 0.3458647 0.3458647 0.7218045 0.7368421 0.7293233 0.7443609 0.6616541
0.2932331 0.2781955 0.3082707 0.3082707 0.3082707 0.6090226 0.6917293 0.7443609 0.6466165 0.631579 0.7518797
0.1492537 0.1567164 0.1940299 0.2014925 0.1641791 0.1194030 0 0 0 0 0
0.1914894 0.1560284 0.2127660 0.1914894 0.1702128 0.07801418 0 0 0 0 0
0.1492537 0.1567164 0.1940299 0.2014925 0.1641791 0.1194030 0 0 0 0 0
0.3157895 0.1804511 0.3157895 0.3157895 0.3157895 0.7067669 0.6917293 0.7368421 0.6842105 0.6766917 0.6466165
0.3071429 0.1571429 0.3357143 0.3357143 0.3357143 0.3357143 0.7285714 0.6928571 0.75 0.6714286 0.7285714
0.3037037 0.2740741 0.3111111 0.3111111 0.3111111 0.5555556 0.7111111 0.7259259 0.7037037 0.637037 0.7111111
0.3157895 0.1804511 0.3157895 0.3157895 0.3157895 0.7067669 0.6917293 0.7368421 0.6842105 0.6766917 0.6466165
0.1729323 0.1804511 0.1879699 0.1879699 0.1578947 0.1879699 0 0 0 0 0
0.3037037 0.2740741 0.3111111 0.3111111 0.3111111 0.5555556 0.7111111 0.7259259 0.7037037 0.637037 0.7111111
0.3383459 0.2481203 0.3458647 0.3458647 0.3458647 0.3458647 0.7218045 0.7368421 0.7293233 0.7443609 0.6616541
0.2352941 0 0.3235294 0.3235294 0.3235294 0.617647 0.6985294 0.7867647 0.6764706 0.6911765 0.7279412
0.3191489 0.1560284 0.3191489 0.3191489 0.3191489 0.7304965 0.7446809 0.7234043 0.7021277 0.7021277 0.787234
0.3157895 0.1804511 0.3157895 0.3157895 0.3157895 0.7067669 0.6917293 0.7368421 0.6842105 0.6766917 0.6466165
0.2058824 0.1397059 0.2352941 0.2132353 0.1838235 0.2205882 0 0 0 0 0
0.125 0 0.1911765 0.2132353 0.1764706 0.1838235 0.1985294 0 0 0 0
0.2761194 0.1567164 0.3134328 0.3134328 0.3134328 0.5597015 0.7238806 0.7313433 0.7313433 0.6567164 0.6044776
0.3037037 0.2740741 0.3111111 0.3111111 0.3111111 0.5555556 0.7111111 0.7259259 0.7037037 0.637037 0.7111111
0.2761194 0.1567164 0.3134328 0.3134328 0.3134328 0.5597015 0.7238806 0.7313433 0.7313433 0.6567164 0.6044776
0.1729323 0.1729323 0.2030075 0.1879699 0.1578947 0.1503759 0.1954887 0 0 0 0
0.3383459 0.2481203 0.3458647 0.3458647 0.3458647 0.3458647 0.7218045 0.7368421 0.7293233 0.7443609 0.6616541
0.2352941 0 0.3235294 0.3235294 0.3235294 0.617647 0.6985294 0.7867647 0.6764706 0.6911765 0.7279412
0.3071429 0.1571429 0.3357143 0.3357143 0.3357143 0.3357143 0.7285714 0.6928571 0.75 0.6714286 0.7285714
0.2761194 0.1567164 0.3134328 0.3134328 0.3134328 0.5597015 0.7238806 0.7313433 0.7313433 0.6567164 0.6044776
0.2932331 0.2781955 0.3082707 0.3082707 0.3082707 0.6090226 0.6917293 0.7443609 0.6466165 0.631579 0.7518797
0.3382353 0.1397059 0.3455882 0.3455882 0.3455882 0.3455882 0.7058824 0.7941176 0.7058824 0.6985294 0.6102941
0.2246377 0 0.3260870 0.3260870 0.3260870 0.5652174 0.731884 0.731884 0.7028986 0.6884058 0.768116
0.3157895 0.1804511 0.3157895 0.3157895 0.3157895 0.7067669 0.6917293 0.7368421 0.6842105 0.6766917 0.6466165
0.2352941 0 0.3235294 0.3235294 0.3235294 0.617647 0.6985294 0.7867647 0.6764706 0.6911765 0.7279412
0.1729323 0.1729323 0.2030075 0.1879699 0.1578947 0.1503759 0.1954887 0 0 0 0
0.3071429 0.1571429 0.3357143 0.3357143 0.3357143 0.3357143 0.7285714 0.6928571 0.75 0.6714286 0.7285714
0.2761194 0.1567164 0.3134328 0.3134328 0.3134328 0.5597015 0.7238806 0.7313433 0.7313433 0.6567164 0.6044776
0.2352941 0 0.3235294 0.3235294 0.3235294 0.617647 0.6985294 0.7867647 0.6764706 0.6911765 0.7279412
0.2932331 0.2781955 0.3082707 0.3082707 0.3082707 0.6090226 0.6917293 0.7443609 0.6466165 0.631579 0.7518797
0.3071429 0.1571429 0.3357143 0.3357143 0.3357143 0.3357143 0.7285714 0.6928571 0.75 0.6714286 0.7285714
0.2214286 0.1571429 0.2 0.2071429 0.1642857 0.1357143 0 0 0 0 0
0.2352941 0 0.3235294 0.3235294 0.3235294 0.617647 0.6985294 0.7867647 0.6764706 0.6911765 0.7279412
0.3383459 0.2481203 0.3458647 0.3458647 0.3458647 0.3458647 0.7218045 0.7368421 0.7293233 0.7443609 0.6616541
0.1729323 0.1729323 0.2030075 0.1879699 0.1578947 0.1503759 0.1954887 0 0 0 0
0.3037037 0.2740741 0.3111111 0.3111111 0.3111111 0.5555556 0.7111111 0.7259259 0.7037037 0.637037 0.7111111
0.3383459 0.2481203 0.3458647 0.3458647 0.3458647 0.3458647 0.7218045 0.7368421 0.7293233 0.7443609 0.6616541
0.2932331 0.2781955 0.3082707 0.3082707 0.3082707 0.6090226 0.6917293 0.7443609 0.6466165 0.631579 0.7518797
0.3383459 0.2481203 0.3458647 0.3458647 0.3458647 0.3458647 0.7218045 0.7368421 0.7293233 0.7443609 0.6616541
0.3157895 0.1804511 0.3157895 0.3157895 0.3157895 0.7067669 0.6917293 0.7368421 0.6842105 0.6766917 0.6466165
0.3382353 0.1397059 0.3455882 0.3455882 0.3455882 0.3455882 0.7058824 0.7941176 0.7058824 0.6985294 0.6102941
0.1729323 0.1729323 0.2030075 0.1879699 0.1578947 0.1503759 0.1954887 0 0 0 0
0.3037037 0.2740741 0.3111111 0.3111111 0.3111111 0.5555556 0.7111111 0.7259259 0.7037037 0.637037 0.7111111
0.1729323 0.1729323 0.2030075 0.1879699 0.1578947 0.1503759 0.1954887 0 0 0 0
0.3191489 0.1560284 0.3191489 0.3191489 0.3191489 0.7304965 0.7446809 0.7234043 0.7021277 0.7021277 0.787234
0.3382353 0.1397059 0.3455882 0.3455882 0.3455882 0.3455882 0.7058824 0.7941176 0.7058824 0.6985294 0.6102941
0.1851852 0.1925926 0.1851852 0.1925926 0.1481481 0.1851852 0 0 0 0 0
0.1729323 0.1729323 0.2030075 0.1879699 0.1578947 0.1503759 0.1954887 0 0 0 0
0.2352941 0 0.3235294 0.3235294 0.3235294 0.617647 0.6985294 0.7867647 0.6764706 0.6911765 0.7279412
0.1851852 0.1925926 0.1851852 0.1925926 0.1481481 0.1851852 0 0 0 0 0
0.2214286 0.1571429 0.2 0.2071429 0.1642857 0.1357143 0 0 0 0 0
0.3037037 0.2740741 0.3111111 0.3111111 0.3111111 0.5555556 0.7111111 0.7259259 0.7037037 0.637037 0.7111111
0.3383459 0.2481203 0.3458647 0.3458647 0.3458647 0.3458647 0.7218045 0.7368421 0.7293233 0.7443609 0.6616541
0.1851852 0.1925926 0.1851852 0.1925926 0.1481481 0.1851852 0 0 0 0 0
0.2761194 0.1567164 0.3134328 0.3134328 0.3134328 0.5597015 0.7238806 0.7313433 0.7313433 0.6567164 0.6044776
0.125 0 0.1911765 0.2132353 0.1764706 0.1838235 0.1985294 0 0 0 0
0.1729323 0.1804511 0.1879699 0.1879699 0.1578947 0.1879699 0 0 0 0 0
0.2246377 0 0.3260870 0.3260870 0.3260870 0.5652174 0.731884 0.731884 0.7028986 0.6884058 0.768116
0.3037037 0.2740741 0.3111111 0.3111111 0.3111111 0.5555556 0.7111111 0.7259259 0.7037037 0.637037 0.7111111
0.08695652 0 0.1884058 0.2101449 0.1956522 0.1811594 0 0 0 0 0
0.3157895 0.1804511 0.3157895 0.3157895 0.3157895 0.7067669 0.6917293 0.7368421 0.6842105 0.6766917 0.6466165
0.3157895 0.1804511 0.3157895 0.3157895 0.3157895 0.7067669 0.6917293 0.7368421 0.6842105 0.6766917 0.6466165
0.3191489 0.1560284 0.3191489 0.3191489 0.3191489 0.7304965 0.7446809 0.7234043 0.7021277 0.7021277 0.787234
0.3157895 0.1804511 0.3157895 0.3157895 0.3157895 0.7067669 0.6917293 0.7368421 0.6842105 0.6766917 0.6466165
0.2352941 0 0.3235294 0.3235294 0.3235294 0.617647 0.6985294 0.7867647 0.6764706 0.6911765 0.7279412
0.1492537 0.1567164 0.1940299 0.2014925 0.1641791 0.1194030 0 0 0 0 0
0.3071429 0.1571429 0.3357143 0.3357143 0.3357143 0.3357143 0.7285714 0.6928571 0.75 0.6714286 0.7285714
0.3383459 0.2481203 0.3458647 0.3458647 0.3458647 0.3458647 0.7218045 0.7368421 0.7293233 0.7443609 0.6616541
0.3382353 0.1397059 0.3455882 0.3455882 0.3455882 0.3455882 0.7058824 0.7941176 0.7058824 0.6985294 0.6102941
0.3191489 0.1560284 0.3191489 0.3191489 0.3191489 0.7304965 0.7446809 0.7234043 0.7021277 0.7021277 0.787234
0.2352941 0 0.3235294 0.3235294 0.3235294 0.617647 0.6985294 0.7867647 0.6764706 0.6911765 0.7279412
0.1492537 0.1567164 0.1940299 0.2014925 0.1641791 0.1194030 0 0 0 0 0
0.3071429 0.1571429 0.3357143 0.3357143 0.3357143 0.3357143 0.7285714 0.6928571 0.75 0.6714286 0.7285714
0.2932331 0.2781955 0.3082707 0.3082707 0.3082707 0.6090226 0.6917293 0.7443609 0.6466165 0.631579 0.7518797
0.3191489 0.1560284 0.3191489 0.3191489 0.3191489 0.7304965 0.7446809 0.7234043 0.7021277 0.7021277 0.787234
0.1804511 0.2481203 0.2255639 0.1954887 0.1578947 0 0 0 0 0 0
0.1851852 0.1925926 0.1851852 0.1925926 0.1481481 0.1851852 0 0 0 0 0
0.2932331 0.2781955 0.3082707 0.3082707 0.3082707 0.6090226 0.6917293 0.7443609 0.6466165 0.631579 0.7518797
0.3191489 0.1560284 0.3191489 0.3191489 0.3191489 0.7304965 0.7446809 0.7234043 0.7021277 0.7021277 0.787234
0.3037037 0.2740741 0.3111111 0.3111111 0.3111111 0.5555556 0.7111111 0.7259259 0.7037037 0.637037 0.7111111
0.3383459 0.2481203 0.3458647 0.3458647 0.3458647 0.3458647 0.7218045 0.7368421 0.7293233 0.7443609 0.6616541
0.3383459 0.2481203 0.3458647 0.3458647 0.3458647 0.3458647 0.7218045 0.7368421 0.7293233 0.7443609 0.6616541
0.1729323 0.1804511 0.1879699 0.1879699 0.1578947 0.1879699 0 0 0 0 0
0.3382353 0.1397059 0.3455882 0.3455882 0.3455882 0.3455882 0.7058824 0.7941176 0.7058824 0.6985294 0.6102941
0.1729323 0.1729323 0.2030075 0.1879699 0.1578947 0.1503759 0.1954887 0 0 0 0
0.2761194 0.1567164 0.3134328 0.3134328 0.3134328 0.5597015 0.7238806 0.7313433 0.7313433 0.6567164 0.6044776
0.3383459 0.2481203 0.3458647 0.3458647 0.3458647 0.3458647 0.7218045 0.7368421 0.7293233 0.7443609 0.6616541
0.2761194 0.1567164 0.3134328 0.3134328 0.3134328 0.5597015 0.7238806 0.7313433 0.7313433 0.6567164 0.6044776
0.2246377 0 0.3260870 0.3260870 0.3260870 0.5652174 0.731884 0.731884 0.7028986 0.6884058 0.768116
0.1851852 0.1925926 0.1851852 0.1925926 0.1481481 0.1851852 0 0 0 0 0
0.1804511 0.2481203 0.2255639 0.1954887 0.1578947 0 0 0 0 0 0
0.2246377 0 0.3260870 0.3260870 0.3260870 0.5652174 0.731884 0.731884 0.7028986 0.6884058 0.768116
0.3071429 0.1571429 0.3357143 0.3357143 0.3357143 0.3357143 0.7285714 0.6928571 0.75 0.6714286 0.7285714
0.3383459 0.2481203 0.3458647 0.3458647 0.3458647 0.3458647 0.7218045 0.7368421 0.7293233 0.7443609 0.6616541
0.2246377 0 0.3260870 0.3260870 0.3260870 0.5652174 0.731884 0.731884 0.7028986 0.6884058 0.768116
0.1851852 0.1925926 0.1851852 0.1925926 0.1481481 0.1851852 0 0 0 0 0
0.08695652 0 0.1884058 0.2101449 0.1956522 0.1811594 0 0 0 0 0
0.3382353 0.1397059 0.3455882 0.3455882 0.3455882 0.3455882 0.7058824 0.7941176 0.7058824 0.6985294 0.6102941
0.2932331 0.2781955 0.3082707 0.3082707 0.3082707 0.6090226 0.6917293 0.7443609 0.6466165 0.631579 0.7518797
0.3071429 0.1571429 0.3357143 0.3357143 0.3357143 0.3357143 0.7285714 0.6928571 0.75 0.6714286 0.7285714
0.1804511 0.2481203 0.2255639 0.1954887 0.1578947 0 0 0 0 0 0
0.3383459 0.2481203 0.3458647 0.3458647 0.3458647 0.3458647 0.7218045 0.7368421 0.7293233 0.7443609 0.6616541
0.2932331 0.2781955 0.3082707 0.3082707 0.3082707 0.6090226 0.6917293 0.7443609 0.6466165 0.631579 0.7518797
0.1914894 0.1560284 0.2127660 0.1914894 0.1702128 0.07801418 0 0 0 0 0
0.125 0 0.1911765 0.2132353 0.1764706 0.1838235 0.1985294 0 0 0 0
0.2246377 0 0.3260870 0.3260870 0.3260870 0.5652174 0.731884 0.731884 0.7028986 0.6884058 0.768116
0.2761194 0.1567164 0.3134328 0.3134328 0.3134328 0.5597015 0.7238806 0.7313433 0.7313433 0.6567164 0.6044776
0.3157895 0.1804511 0.3157895 0.3157895 0.3157895 0.7067669 0.6917293 0.7368421 0.6842105 0.6766917 0.6466165
0.3382353 0.1397059 0.3455882 0.3455882 0.3455882 0.3455882 0.7058824 0.7941176 0.7058824 0.6985294 0.6102941
0.3157895 0.1804511 0.3157895 0.3157895 0.3157895 0.7067669 0.6917293 0.7368421 0.6842105 0.6766917 0.6466165
0.3383459 0.2481203 0.3458647 0.3458647 0.3458647 0.3458647 0.7218045 0.7368421 0.7293233 0.7443609 0.6616541
