0 0.02649007 0.2715232 0.1920530 0.1589404 0.1986755 0.2119205 0 0 0 0
0 0.1854305 0.3245033 0.3245033 0.3245033 0.6092715 0.6688742 0.7086093 0.7682119 0.4635762 0.5033113
0 0 0.1589404 0 0 0 0 0 0 0 0
0 0.1854305 0.3245033 0.3245033 0.3245033 0.3245033 0.410596 0.410596 0.410596 0.3245033 0
0 0.1854305 0.3245033 0.3245033 0.3245033 0.7284768 0.7284768 0.6688742 0.6092715 0.5231788 0.3774834
0 0.02649007 0.1192053 0.1523179 0.1125828 0.09933775 0 0 0 0 0
0 0.1854305 0.3245033 0.3245033 0.3245033 0.7284768 0.9006623 0.9006623 0.9006623 0.9006623 0.9006623
0 0.02649007 0.2715232 0.1920530 0.1589404 0.1986755 0.2119205 0 0 0 0
0 0.1854305 0.1854305 0.2185430 0.2251656 0.2516556 0.2119205 0 0 0 0
0 0.1854305 0.3245033 0.3245033 0.3245033 0.4635762 0.4635762 0.4635762 0.4635762 0.5629139 0.5033113
0 0 0.1589404 0 0 0 0 0 0 0 0
0 0.1854305 0.3245033 0.3245033 0.3245033 0.7284768 0.8278146 0.8278146 0.8278146 0.8278146 0.8278146
0 0.02649007 0.02649007 0.05298013 0.05298013 0.09933775 0 0 0 0 0
0 0.1854305 0.3245033 0.3245033 0.3245033 0.6092715 0.5298013 0.5298013 0.6490066 0.7682119 0.7682119
0 0.1854305 0.3245033 0.3245033 0.3245033 0.6092715 0.6688742 0.7086093 0.7682119 0.4635762 0.5033113
0 0.1854305 0.3245033 0.3245033 0.3245033 0.6092715 0.6688742 0.7086093 0.7682119 0.4635762 0.5033113
0 0.1854305 0.2980132 0.2980132 0.2980132 0.2251656 0 0 0 0 0
0 0.1523179 0.08609272 0.1192053 0.1854305 0 0 0 0 0 0
0 0.1854305 0.3245033 0.3245033 0.3245033 0.3774834 0.3245033 0.3245033 0.3245033 0.3774834 0.3774834
0 0.1854305 0.3245033 0.3245033 0.3245033 0.5298013 0.589404 0.5298013 0.5298013 0.5629139 0.5033113
0 0.1854305 0.3245033 0.3245033 0.3245033 0.6092715 0.5298013 0.5298013 0.6490066 0.7682119 0.7682119
0 0.1854305 0.3245033 0.3245033 0.3245033 0.3774834 0.3245033 0.3245033 0.3245033 0.3774834 0.3774834
0 0.1854305 0.1854305 0.2185430 0.2251656 0.2516556 0.2119205 0 0 0 0
0 0.1854305 0.3245033 0.3245033 0.3245033 0.6092715 0.5298013 0.5298013 0.6490066 0.7682119 0.7682119
0 0.1854305 0.1854305 0.2913907 0.2185430 0.08609272 0.2119205 0 0 0 0
0 0.1854305 0 0.02649007 0.02649007 0 0 0 0 0 0
0 0.02649007 0.1192053 0.1523179 0.1125828 0.09933775 0 0 0 0 0
0 0.1854305 0.3245033 0.3245033 0.3245033 0.5298013 0.589404 0.5298013 0.5298013 0.5629139 0.5033113
0 0.1854305 0.3245033 0.3245033 0.3245033 0.6092715 0.6688742 0.7086093 0.7682119 0.4635762 0.5033113
0 0.1523179 0.08609272 0.1192053 0.1854305 0 0 0 0 0 0
0 0.1854305 0.3245033 0.3245033 0.3245033 0.7284768 0.7284768 0.6688742 0.6092715 0.5231788 0.3774834
0 0.1854305 0 0.02649007 0.02649007 0 0 0 0 0 0
0 0.1854305 0.1854305 0.2185430 0.2251656 0.2516556 0.2119205 0 0 0 0
0 0.1854305 0.3245033 0.3245033 0.3245033 0.7284768 0.7682119 0.7682119 0.7086093 0.7086093 0.7086093
0 0.1854305 0.3245033 0.3245033 0.3245033 0.5298013 0.589404 0.5298013 0.5298013 0.5629139 0.5033113
0 0.1854305 0.3245033 0.3245033 0.3245033 0.7284768 0.9006623 0.9006623 0.9006623 0.9006623 0.9006623
0 0.1854305 0.3245033 0.3245033 0.3245033 0.3245033 0.410596 0.410596 0.410596 0.3245033 0
0 0.1854305 0.1854305 0.2185430 0.2251656 0.2516556 0.2119205 0 0 0 0
0 0.1854305 0.1854305 0.2185430 0.2251656 0.2516556 0.2119205 0 0 0 0
0 0.02649007 0.02649007 0.05298013 0.05298013 0.09933775 0 0 0 0 0
0 0.1854305 0.3245033 0.3245033 0.3245033 0.3245033 0.410596 0.410596 0.410596 0.3245033 0
0 0.1854305 0.3245033 0.3245033 0.3245033 0.3774834 0.3245033 0.3245033 0.3245033 0.3774834 0.3774834
0 0.1854305 0.3245033 0.3245033 0.3245033 0.7284768 0.9006623 0.9006623 0.9006623 0.9006623 0.9006623
0 0.1854305 0.3245033 0.3245033 0.3245033 0.5298013 0.589404 0.5298013 0.5298013 0.5629139 0.5033113
0 0.1523179 0.08609272 0.1192053 0.1854305 0 0 0 0 0 0
0 0.1854305 0.3245033 0.3245033 0.3245033 0.7284768 0.9006623 0.9006623 0.9006623 0.9006623 0.9006623
0 0.1854305 0.3245033 0.3245033 0.3245033 0.6092715 0.6688742 0.7086093 0.7682119 0.4635762 0.5033113
0 0.1854305 0.3245033 0.3245033 0.3245033 0.6092715 0.5298013 0.5298013 0.6490066 0.7682119 0.7682119
0 0.1854305 0.3245033 0.3245033 0.3245033 0.7284768 0.9006623 0.9006623 0.9006623 0.9006623 0.9006623
0 0.1854305 0.3245033 0.3245033 0.3245033 0.5298013 0.589404 0.5298013 0.5298013 0.5629139 0.5033113
0 0.02649007 0.02649007 0.05298013 0.05298013 0.09933775 0 0 0 0 0
0 0.02649007 0.2715232 0.1920530 0.1589404 0.1986755 0.2119205 0 0 0 0
0 0.1854305 0.3245033 0.3245033 0.3245033 0.5298013 0.589404 0.5298013 0.5298013 0.5629139 0.5033113
0 0.1854305 0.3245033 0.3245033 0.3245033 0.7284768 0.9006623 0.9006623 0.9006623 0.9006623 0.9006623
0 0.1854305 0.3245033 0.3245033 0.3245033 0.3774834 0.3245033 0.3245033 0.3245033 0.3774834 0.3774834
0 0.1854305 0.1854305 0.2185430 0.2251656 0.2516556 0.2119205 0 0 0 0
0 0.1854305 0.3245033 0.3245033 0.3245033 0.3774834 0.3245033 0.3245033 0.3245033 0.3774834 0.3774834
0 0.1854305 0.3245033 0.3245033 0.3245033 0.4635762 0.4635762 0.4635762 0.4635762 0.5629139 0.5033113
0 0.1854305 0.3245033 0.3245033 0.3245033 0.7284768 0.9006623 0.9006623 0.9006623 0.9006623 0.9006623
0 0.1854305 0.3245033 0.3245033 0.3245033 0.7284768 0.8278146 0.8278146 0.8278146 0.8278146 0.8278146
0 0.1854305 0.3245033 0.3245033 0.3245033 0.4635762 0.4635762 0.4635762 0.4635762 0.5629139 0.5033113
0 0.1854305 0.3245033 0.3245033 0.3245033 0.3774834 0.3245033 0.3245033 0.3245033 0.3774834 0.3774834
0 0.1854305 0.3245033 0.3245033 0.3245033 0.4635762 0.4635762 0.4635762 0.4635762 0.5629139 0.5033113
0 0.1854305 0.3245033 0.3245033 0.3245033 0.4635762 0.4635762 0.4635762 0.4635762 0.5629139 0.5033113
0 0.1854305 0.3245033 0.3245033 0.3245033 0.4635762 0.4635762 0.4635762 0.4635762 0.5629139 0.5033113
0 0.02649007 0.1192053 0.1523179 0.1125828 0.09933775 0 0 0 0 0
0 0.1854305 0.3245033 0.3245033 0.3245033 0.7284768 0.8278146 0.8278146 0.8278146 0.8278146 0.8278146
0 0.1854305 0.3245033 0.3245033 0.3245033 0.7284768 0.7682119 0.7682119 0.7086093 0.7086093 0.7086093
0 0.1854305 0.3245033 0.3245033 0.3245033 0.7284768 0.8278146 0.8278146 0.8278146 0.8278146 0.8278146
0 0.1854305 0.3245033 0.3245033 0.3245033 0.3774834 0.3245033 0.3245033 0.3245033 0.3774834 0.3774834
0 0.1854305 0.3245033 0.3245033 0.3245033 0.7284768 0.7682119 0.7682119 0.7086093 0.7086093 0.7086093
0 0.1854305 0.1854305 0.2185430 0.2251656 0.2516556 0.2119205 0 0 0 0
0 0.1854305 0.3245033 0.3245033 0.3245033 0.7284768 0.9006623 0.9006623 0.9006623 0.9006623 0.9006623
0 0.1854305 0.3245033 0.3245033 0.3245033 0.6092715 0.5298013 0.5298013 0.6490066 0.7682119 0.7682119
0 0.1523179 0.08609272 0.1192053 0.1854305 0 0 0 0 0 0
0 0.1854305 0.3245033 0.3245033 0.3245033 0.5298013 0.589404 0.5298013 0.5298013 0.5629139 0.5033113
0 0.1854305 0.3245033 0.3245033 0.3245033 0.5298013 0.589404 0.5298013 0.5298013 0.5629139 0.5033113
0 0.1854305 0.3245033 0.3245033 0.3245033 0.7284768 0.8278146 0.8278146 0.8278146 0.8278146 0.8278146
0 0.1854305 0.3245033 0.3245033 0.3245033 0.7284768 0.9006623 0.9006623 0.9006623 0.9006623 0.9006623
0 0.1854305 0.3245033 0.3245033 0.3245033 0.6092715 0.5298013 0.5298013 0.6490066 0.7682119 0.7682119
0 0.1854305 0.3245033 0.3245033 0.3245033 0.3774834 0.3245033 0.3245033 0.3245033 0.3774834 0.3774834
0 0.1854305 0 0.02649007 0.02649007 0 0 0 0 0 0
0 0.1854305 0.3245033 0.3245033 0.3245033 0.7284768 0.7682119 0.7682119 0.7086093 0.7086093 0.7086093
0 0.1854305 0.1854305 0.2185430 0.2251656 0.2516556 0.2119205 0 0 0 0
0 0.1854305 0.3245033 0.3245033 0.3245033 0.7284768 0.7284768 0.6688742 0.6092715 0.5231788 0.3774834
0 0.1854305 0.3245033 0.3245033 0.3245033 0.7284768 0.9006623 0.9006623 0.9006623 0.9006623 0.9006623
0 0.02649007 0.02649007 0.05298013 0.05298013 0.09933775 0 0 0 0 0
0 0.02649007 0.1192053 0.1523179 0.1125828 0.09933775 0 0 0 0 0
0 0.1854305 0.3245033 0.3245033 0.3245033 0.6092715 0.6688742 0.7086093 0.7682119 0.4635762 0.5033113
0 0.02649007 0.2715232 0.1920530 0.1589404 0.1986755 0.2119205 0 0 0 0
0 0.02649007 0.1192053 0.1523179 0.1125828 0.09933775 0 0 0 0 0
0 0.1854305 0.3245033 0.3245033 0.3245033 0.3245033 0.410596 0.410596 0.410596 0.3245033 0
0 0.1854305 0.3245033 0.3245033 0.3245033 0.6092715 0.6688742 0.7086093 0.7682119 0.4635762 0.5033113
0 0.1854305 0.2649007 0.05298013 0.1523179 0.08609272 0.2119205 0 0 0 0
0 0.1854305 0.3245033 0.3245033 0.3245033 0.7284768 0.7284768 0.6688742 0.6092715 0.5231788 0.3774834
0 0.1854305 0.2980132 0.2980132 0.2980132 0.2251656 0 0 0 0 0
0 0.1854305 0.1854305 0.2185430 0.2251656 0.2516556 0.2119205 0 0 0 0
0 0.1854305 0.3245033 0.3245033 0.3245033 0.3774834 0.3245033 0.3245033 0.3245033 0.3774834 0.3774834
0 0.1854305 0.3245033 0.3245033 0.3245033 0.4635762 0.4635762 0.4635762 0.4635762 0.5629139 0.5033113
0 0.02649007 0.02649007 0.05298013 0.05298013 0.09933775 0 0 0 0 0
0 0.1854305 0.3245033 0.3245033 0.3245033 0.3774834 0.3245033 0.3245033 0.3245033 0.3774834 0.3774834
0 0.1854305 0.3245033 0.3245033 0.3245033 0.4635762 0.4635762 0.4635762 0.4635762 0.5629139 0.5033113
0 0.1854305 0.3245033 0.3245033 0.3245033 0.6092715 0.6688742 0.7086093 0.7682119 0.4635762 0.5033113
0 0.1854305 0.3245033 0.3245033 0.3245033 0.6092715 0.5298013 0.5298013 0.6490066 0.7682119 0.7682119
0 0.1854305 0.3245033 0.3245033 0.3245033 0.3245033 0.410596 0.410596 0.410596 0.3245033 0
0 0.02649007 0.02649007 0.05298013 0.05298013 0.09933775 0 0 0 0 0
0 0.1854305 0.3245033 0.3245033 0.3245033 0.7284768 0.7284768 0.6688742 0.6092715 0.5231788 0.3774834
0 0.1854305 0.3245033 0.3245033 0.3245033 0.7284768 0.7682119 0.7682119 0.7086093 0.7086093 0.7086093
0 0.1854305 0.3245033 0.3245033 0.3245033 0.7284768 0.9006623 0.9006623 0.9006623 0.9006623 0.9006623
0 0.1854305 0.3245033 0.3245033 0.3245033 0.7284768 0.9006623 0.9006623 0.9006623 0.9006623 0.9006623
0 0.1854305 0.3245033 0.3245033 0.3245033 0.6092715 0.5298013 0.5298013 0.6490066 0.7682119 0.7682119
0 0 0.1589404 0 0 0 0 0 0 0 0
0 0.1854305 0.3245033 0.3245033 0.3245033 0.7284768 0.8278146 0.8278146 0.8278146 0.8278146 0.8278146
0 0.1854305 0.3245033 0.3245033 0.3245033 0.4635762 0.4635762 0.4635762 0.4635762 0.5629139 0.5033113
0 0.1854305 0.3245033 0.3245033 0.3245033 0.7284768 0.7682119 0.7682119 0.7086093 0.7086093 0.7086093
0 0.02649007 0.02649007 0.05298013 0.05298013 0.09933775 0 0 0 0 0
0 0.02649007 0.02649007 0.05298013 0.05298013 0.09933775 0 0 0 0 0
0 0.1854305 0.3245033 0.3245033 0.3245033 0.3245033 0.410596 0.410596 0.410596 0.3245033 0
0 0.1854305 0.3245033 0.3245033 0.3245033 0.6092715 0.6688742 0.7086093 0.7682119 0.4635762 0.5033113
0 0.1854305 0.3245033 0.3245033 0.3245033 0.7284768 0.8278146 0.8278146 0.8278146 0.8278146 0.8278146
0 0.1854305 0.3245033 0.3245033 0.3245033 0.5298013 0.589404 0.5298013 0.5298013 0.5629139 0.5033113
0 0.1854305 0.3245033 0.3245033 0.3245033 0.5298013 0.589404 0.5298013 0.5298013 0.5629139 0.5033113
0 0.1523179 0.08609272 0.1192053 0.1854305 0 0 0 0 0 0
0 0.1854305 0.3245033 0.3245033 0.3245033 0.3774834 0.3245033 0.3245033 0.3245033 0.3774834 0.3774834
0 0.1854305 0.2980132 0.2980132 0.2980132 0.2251656 0 0 0 0 0
0 0.1854305 0.3245033 0.3245033 0.3245033 0.7284768 0.7682119 0.7682119 0.7086093 0.7086093 0.7086093
0 0.1854305 0.3245033 0.3245033 0.3245033 0.4635762 0.4635762 0.4635762 0.4635762 0.5629139 0.5033113
0 0.1854305 0.3245033 0.3245033 0.3245033 0.7284768 0.9006623 0.9006623 0.9006623 0.9006623 0.9006623
0 0.1854305 0.3245033 0.3245033 0.3245033 0.5298013 0.589404 0.5298013 0.5298013 0.5629139 0.5033113
0 0.1854305 0.2980132 0.2980132 0.2980132 0.2251656 0 0 0 0 0
0 0.02649007 0.1192053 0.1523179 0.1125828 0.09933775 0 0 0 0 0
0 0.1854305 0.3245033 0.3245033 0.3245033 0.3245033 0.410596 0.410596 0.410596 0.3245033 0
0 0.1854305 0.3245033 0.3245033 0.3245033 0.7284768 0.7682119 0.7682119 0.7086093 0.7086093 0.7086093
0 0.1854305 0.3245033 0.3245033 0.3245033 0.7284768 0.8278146 0.8278146 0.8278146 0.8278146 0.8278146
0 0.1854305 0.3245033 0.3245033 0.3245033 0.6092715 0.5298013 0.5298013 0.6490066 0.7682119 0.7682119
0 0 0.1589404 0 0 0 0 0 0 0 0
0 0.02649007 0.02649007 0.05298013 0.05298013 0.09933775 0 0 0 0 0
0 0.1854305 0.3245033 0.3245033 0.3245033 0.7284768 0.9006623 0.9006623 0.9006623 0.9006623 0.9006623
0 0.1854305 0.3245033 0.3245033 0.3245033 0.7284768 0.9006623 0.9006623 0.9006623 0.9006623 0.9006623
0 0.1854305 0.3245033 0.3245033 0.3245033 0.7284768 0.7284768 0.6688742 0.6092715 0.5231788 0.3774834
0 0.1854305 0.1854305 0.2185430 0.2251656 0.2516556 0.2119205 0 0 0 0
0 0.1854305 0.3245033 0.3245033 0.3245033 0.3774834 0.3245033 0.3245033 0.3245033 0.3774834 0.3774834
0 0.1854305 0.3245033 0.3245033 0.3245033 0.7284768 0.8278146 0.8278146 0.8278146 0.8278146 0.8278146
0 0.1854305 0.1854305 0.2185430 0.2251656 0.2516556 0.2119205 0 0 0 0
0 0.1854305 0 0.02649007 0.02649007 0 0 0 0 0 0
0 0.1854305 0.3245033 0.3245033 0.3245033 0.7284768 0.8278146 0.8278146 0.8278146 0.8278146 0.8278146
0 0.1854305 0.3245033 0.3245033 0.3245033 0.7284768 0.8278146 0.8278146 0.8278146 0.8278146 0.8278146
0 0.1854305 0.3245033 0.3245033 0.3245033 0.3245033 0.410596 0.410596 0.410596 0.3245033 0
0 0.1854305 0.3245033 0.3245033 0.3245033 0.5298013 0.589404 0.5298013 0.5298013 0.5629139 0.5033113
0 0.1854305 0.3245033 0.3245033 0.3245033 0.3774834 0.3245033 0.3245033 0.3245033 0.3774834 0.3774834
0 0.1854305 0.3245033 0.3245033 0.3245033 0.7284768 0.7682119 0.7682119 0.7086093 0.7086093 0.7086093
