0.1716418 0.1567164 0.1641791 0.1865672 0.1716418 0.1567164 0 0 0 0 0
0.2985075 0.1417910 0.3283582 0.3283582 0.3283582 0.641791 0.7462687 0.7313433 0.738806 0.6940299 0.8134328
0.1470588 0.1544118 0.1838235 0.1911765 0.1323529 0.1323529 0 0 0 0 0
0 0 0.3286713 0.3286713 0.3286713 0.7202797 0.6923077 0.6923077 0.7202797 0.6433566 0
0.3115942 0.2101449 0.3115942 0.3115942 0.3115942 0.3115942 0.7608696 0.7826087 0.7391304 0.7101449 0.6231884
0.2132353 0.125 0.1838235 0.1911765 0.1397059 0.1617647 0 0 0 0 0
0.2846715 0.2408759 0.3357664 0.3357664 0.3357664 0.5912409 0.6642336 0.7737226 0.7080292 0.6423358 0.6423358
0.2132353 0.125 0.1838235 0.1911765 0.1397059 0.1617647 0 0 0 0 0
0.2014925 0.1417910 0.2014925 0.2089552 0.2014925 0.1492537 0 0 0 0 0
0.3208955 0.1567164 0.3208955 0.3208955 0.3208955 0.5746269 0.7313433 0.7835821 0.6791045 0.6567164 0.5970149
0.1470588 0.1544118 0.1838235 0.1911765 0.1323529 0.1323529 0 0 0 0 0
0.2846715 0.2408759 0.3357664 0.3357664 0.3357664 0.5912409 0.6642336 0.7737226 0.7080292 0.6423358 0.6423358
0.2014925 0.1417910 0.2014925 0.2089552 0.2014925 0.1492537 0 0 0 0 0
0.3115942 0.2101449 0.3115942 0.3115942 0.3115942 0.3115942 0.7608696 0.7826087 0.7391304 0.7101449 0.6231884
0.2985075 0.1417910 0.3283582 0.3283582 0.3283582 0.641791 0.7462687 0.7313433 0.738806 0.6940299 0.8134328
0.3021583 0.2086331 0.3165468 0.3165468 0.3165468 0.5611511 0.7410072 0.705036 0.6906475 0.676259 0.705036
0.2014925 0.1417910 0.2014925 0.2089552 0.2014925 0.1492537 0 0 0 0 0
0.2170543 0.1007752 0.1860465 0.2093023 0.1550388 0.2325581 0 0 0 0 0
0.2846715 0.2408759 0.3357664 0.3357664 0.3357664 0.5912409 0.6642336 0.7737226 0.7080292 0.6423358 0.6423358
0.3208955 0.1567164 0.3208955 0.3208955 0.3208955 0.5746269 0.7313433 0.7835821 0.6791045 0.6567164 0.5970149
0.3308271 0 0.3308271 0.3308271 0.3308271 0.6240602 0.7293233 0.6691729 0.6917293 0.6842105 0.7669173
0.3208955 0.1567164 0.3208955 0.3208955 0.3208955 0.5746269 0.7313433 0.7835821 0.6791045 0.6567164 0.5970149
0 0 0.1748252 0.2097902 0.1888112 0.1468531 0 0 0 0 0
0.3161765 0.125 0.3235294 0.3235294 0.3235294 0.3235294 0.6764706 0.75 0.7279412 0.7058824 0.7720588
0.2132353 0.125 0.1838235 0.1911765 0.1397059 0.1617647 0 0 0 0 0
0.1470588 0.1544118 0.1838235 0.1911765 0.1323529 0.1323529 0 0 0 0 0
0.2014925 0.1417910 0.2014925 0.2089552 0.2014925 0.1492537 0 0 0 0 0
0.3014706 0.2279412 0.3088235 0.3088235 0.3088235 0.3088235 0.7058824 0.7279412 0.6985294 0.7058824 0.632353
0.3308271 0 0.3308271 0.3308271 0.3308271 0.6240602 0.7293233 0.6691729 0.6917293 0.6842105 0.7669173
0.2030075 0 0.1954887 0.2030075 0.1879699 0.1503759 0 0 0 0 0
0.3333333 0.1007752 0.3410853 0.3410853 0.3410853 0.3410853 0.7829457 0.751938 0.6666667 0.6511628 0.7364341
0.2030075 0 0.1954887 0.2030075 0.1879699 0.1503759 0 0 0 0 0
0.1666667 0.1159420 0.1956522 0.1666667 0.1594203 0.1594203 0 0 0 0 0
0.3333333 0.1007752 0.3410853 0.3410853 0.3410853 0.3410853 0.7829457 0.751938 0.6666667 0.6511628 0.7364341
0.3014706 0.2279412 0.3088235 0.3088235 0.3088235 0.3088235 0.7058824 0.7279412 0.6985294 0.7058824 0.632353
0.3021583 0.2086331 0.3165468 0.3165468 0.3165468 0.5611511 0.7410072 0.705036 0.6906475 0.676259 0.705036
0.3115942 0.2101449 0.3115942 0.3115942 0.3115942 0.3115942 0.7608696 0.7826087 0.7391304 0.7101449 0.6231884
0.1798561 0.1007194 0.1798561 0.1870504 0.1510791 0.08633094 0 0 0 0 0
0.1798561 0.1007194 0.1798561 0.1870504 0.1510791 0.08633094 0 0 0 0 0
0 0 0.1748252 0.2097902 0.1888112 0.1468531 0 0 0 0 0
0.3308271 0 0.3308271 0.3308271 0.3308271 0.6240602 0.7293233 0.6691729 0.6917293 0.6842105 0.7669173
0.2985075 0.1417910 0.3283582 0.3283582 0.3283582 0.641791 0.7462687 0.7313433 0.738806 0.6940299 0.8134328
0.2985075 0.1417910 0.3283582 0.3283582 0.3283582 0.641791 0.7462687 0.7313433 0.738806 0.6940299 0.8134328
0.3021583 0.2086331 0.3165468 0.3165468 0.3165468 0.5611511 0.7410072 0.705036 0.6906475 0.676259 0.705036
0.2030075 0 0.1954887 0.2030075 0.1879699 0.1503759 0 0 0 0 0
0.3333333 0.1007752 0.3410853 0.3410853 0.3410853 0.3410853 0.7829457 0.751938 0.6666667 0.6511628 0.7364341
0.3333333 0.1007752 0.3410853 0.3410853 0.3410853 0.3410853 0.7829457 0.751938 0.6666667 0.6511628 0.7364341
0.2985075 0.1417910 0.3283582 0.3283582 0.3283582 0.641791 0.7462687 0.7313433 0.738806 0.6940299 0.8134328
0.3308271 0 0.3308271 0.3308271 0.3308271 0.6240602 0.7293233 0.6691729 0.6917293 0.6842105 0.7669173
0.3308271 0 0.3308271 0.3308271 0.3308271 0.6240602 0.7293233 0.6691729 0.6917293 0.6842105 0.7669173
0.2132353 0.125 0.1838235 0.1911765 0.1397059 0.1617647 0 0 0 0 0
0.1605839 0.1167883 0.1970803 0.2116788 0.1897810 0.2116788 0 0 0 0 0
0 0 0.3286713 0.3286713 0.3286713 0.7202797 0.6923077 0.6923077 0.7202797 0.6433566 0
0.3208955 0.1567164 0.3208955 0.3208955 0.3208955 0.5746269 0.7313433 0.7835821 0.6791045 0.6567164 0.5970149
0.3333333 0.1007752 0.3410853 0.3410853 0.3410853 0.3410853 0.7829457 0.751938 0.6666667 0.6511628 0.7364341
0.1605839 0.1167883 0.1970803 0.2116788 0.1897810 0.2116788 0 0 0 0 0
0.3161765 0.125 0.3235294 0.3235294 0.3235294 0.3235294 0.6764706 0.75 0.7279412 0.7058824 0.7720588
0.2985075 0.1417910 0.3283582 0.3283582 0.3283582 0.641791 0.7462687 0.7313433 0.738806 0.6940299 0.8134328
0.3021583 0.2086331 0.3165468 0.3165468 0.3165468 0.5611511 0.7410072 0.705036 0.6906475 0.676259 0.705036
0.3333333 0.1007752 0.3410853 0.3410853 0.3410853 0.3410853 0.7829457 0.751938 0.6666667 0.6511628 0.7364341
0.3161765 0.125 0.3235294 0.3235294 0.3235294 0.3235294 0.6764706 0.75 0.7279412 0.7058824 0.7720588
0.3208955 0.1567164 0.3208955 0.3208955 0.3208955 0.5746269 0.7313433 0.7835821 0.6791045 0.6567164 0.5970149
0.3333333 0.1007752 0.3410853 0.3410853 0.3410853 0.3410853 0.7829457 0.751938 0.6666667 0.6511628 0.7364341
0.2846715 0.2408759 0.3357664 0.3357664 0.3357664 0.5912409 0.6642336 0.7737226 0.7080292 0.6423358 0.6423358
0.3161765 0.125 0.3235294 0.3235294 0.3235294 0.3235294 0.6764706 0.75 0.7279412 0.7058824 0.7720588
0.1666667 0.1159420 0.1956522 0.1666667 0.1594203 0.1594203 0 0 0 0 0
0.3308271 0 0.3308271 0.3308271 0.3308271 0.6240602 0.7293233 0.6691729 0.6917293 0.6842105 0.7669173
0 0 0.3286713 0.3286713 0.3286713 0.7202797 0.6923077 0.6923077 0.7202797 0.6433566 0
0.3333333 0.1007752 0.3410853 0.3410853 0.3410853 0.3410853 0.7829457 0.751938 0.6666667 0.6511628 0.7364341
0.2846715 0.2408759 0.3357664 0.3357664 0.3357664 0.5912409 0.6642336 0.7737226 0.7080292 0.6423358 0.6423358
0.3308271 0 0.3308271 0.3308271 0.3308271 0.6240602 0.7293233 0.6691729 0.6917293 0.6842105 0.7669173
0.2132353 0.125 0.1838235 0.1911765 0.1397059 0.1617647 0 0 0 0 0
0 0 0.3286713 0.3286713 0.3286713 0.7202797 0.6923077 0.6923077 0.7202797 0.6433566 0
0.3021583 0.2086331 0.3165468 0.3165468 0.3165468 0.5611511 0.7410072 0.705036 0.6906475 0.676259 0.705036
0.1666667 0.1159420 0.1956522 0.1666667 0.1594203 0.1594203 0 0 0 0 0
0.3208955 0.1567164 0.3208955 0.3208955 0.3208955 0.5746269 0.7313433 0.7835821 0.6791045 0.6567164 0.5970149
0.3333333 0.1007752 0.3410853 0.3410853 0.3410853 0.3410853 0.7829457 0.751938 0.6666667 0.6511628 0.7364341
0.3333333 0.1007752 0.3410853 0.3410853 0.3410853 0.3410853 0.7829457 0.751938 0.6666667 0.6511628 0.7364341
0.2985075 0.1417910 0.3283582 0.3283582 0.3283582 0.641791 0.7462687 0.7313433 0.738806 0.6940299 0.8134328
0.3308271 0 0.3308271 0.3308271 0.3308271 0.6240602 0.7293233 0.6691729 0.6917293 0.6842105 0.7669173
0.2985075 0.1417910 0.3283582 0.3283582 0.3283582 0.641791 0.7462687 0.7313433 0.738806 0.6940299 0.8134328
0.2030075 0 0.1954887 0.2030075 0.1879699 0.1503759 0 0 0 0 0
0.3161765 0.125 0.3235294 0.3235294 0.3235294 0.3235294 0.6764706 0.75 0.7279412 0.7058824 0.7720588
0.2170543 0.1007752 0.1860465 0.2093023 0.1550388 0.2325581 0 0 0 0 0
0.3161765 0.125 0.3235294 0.3235294 0.3235294 0.3235294 0.6764706 0.75 0.7279412 0.7058824 0.7720588
0.3161765 0.125 0.3235294 0.3235294 0.3235294 0.3235294 0.6764706 0.75 0.7279412 0.7058824 0.7720588
0.1470588 0.1544118 0.1838235 0.1911765 0.1323529 0.1323529 0 0 0 0 0
0.1716418 0.1567164 0.1641791 0.1865672 0.1716418 0.1567164 0 0 0 0 0
0.3115942 0.2101449 0.3115942 0.3115942 0.3115942 0.3115942 0.7608696 0.7826087 0.7391304 0.7101449 0.6231884
0.1798561 0.1007194 0.1798561 0.1870504 0.1510791 0.08633094 0 0 0 0 0
0.1470588 0.1544118 0.1838235 0.1911765 0.1323529 0.1323529 0 0 0 0 0
0.3308271 0 0.3308271 0.3308271 0.3308271 0.6240602 0.7293233 0.6691729 0.6917293 0.6842105 0.7669173
0.2985075 0.1417910 0.3283582 0.3283582 0.3283582 0.641791 0.7462687 0.7313433 0.738806 0.6940299 0.8134328
0.1798561 0.1007194 0.1798561 0.1870504 0.1510791 0.08633094 0 0 0 0 0
0.2846715 0.2408759 0.3357664 0.3357664 0.3357664 0.5912409 0.6642336 0.7737226 0.7080292 0.6423358 0.6423358
0.1666667 0.1159420 0.1956522 0.1666667 0.1594203 0.1594203 0 0 0 0 0
0.2170543 0.1007752 0.1860465 0.2093023 0.1550388 0.2325581 0 0 0 0 0
0.3208955 0.1567164 0.3208955 0.3208955 0.3208955 0.5746269 0.7313433 0.7835821 0.6791045 0.6567164 0.5970149
0.3115942 0.2101449 0.3115942 0.3115942 0.3115942 0.3115942 0.7608696 0.7826087 0.7391304 0.7101449 0.6231884
0.1605839 0.1167883 0.1970803 0.2116788 0.1897810 0.2116788 0 0 0 0 0
0.3333333 0.1007752 0.3410853 0.3410853 0.3410853 0.3410853 0.7829457 0.751938 0.6666667 0.6511628 0.7364341
0.3333333 0.1007752 0.3410853 0.3410853 0.3410853 0.3410853 0.7829457 0.751938 0.6666667 0.6511628 0.7364341
0.3161765 0.125 0.3235294 0.3235294 0.3235294 0.3235294 0.6764706 0.75 0.7279412 0.7058824 0.7720588
0.2846715 0.2408759 0.3357664 0.3357664 0.3357664 0.5912409 0.6642336 0.7737226 0.7080292 0.6423358 0.6423358
0.3021583 0.2086331 0.3165468 0.3165468 0.3165468 0.5611511 0.7410072 0.705036 0.6906475 0.676259 0.705036
0.1716418 0.1567164 0.1641791 0.1865672 0.1716418 0.1567164 0 0 0 0 0
0.2846715 0.2408759 0.3357664 0.3357664 0.3357664 0.5912409 0.6642336 0.7737226 0.7080292 0.6423358 0.6423358
0.3308271 0 0.3308271 0.3308271 0.3308271 0.6240602 0.7293233 0.6691729 0.6917293 0.6842105 0.7669173
0.3014706 0.2279412 0.3088235 0.3088235 0.3088235 0.3088235 0.7058824 0.7279412 0.6985294 0.7058824 0.632353
0.3021583 0.2086331 0.3165468 0.3165468 0.3165468 0.5611511 0.7410072 0.705036 0.6906475 0.676259 0.705036
0.2985075 0.1417910 0.3283582 0.3283582 0.3283582 0.641791 0.7462687 0.7313433 0.738806 0.6940299 0.8134328
0.2170543 0.1007752 0.1860465 0.2093023 0.1550388 0.2325581 0 0 0 0 0
0.3014706 0.2279412 0.3088235 0.3088235 0.3088235 0.3088235 0.7058824 0.7279412 0.6985294 0.7058824 0.632353
0.3014706 0.2279412 0.3088235 0.3088235 0.3088235 0.3088235 0.7058824 0.7279412 0.6985294 0.7058824 0.632353
0.3333333 0.1007752 0.3410853 0.3410853 0.3410853 0.3410853 0.7829457 0.751938 0.6666667 0.6511628 0.7364341
0.1666667 0.1159420 0.1956522 0.1666667 0.1594203 0.1594203 0 0 0 0 0
0.1666667 0.1159420 0.1956522 0.1666667 0.1594203 0.1594203 0 0 0 0 0
0.3208955 0.1567164 0.3208955 0.3208955 0.3208955 0.5746269 0.7313433 0.7835821 0.6791045 0.6567164 0.5970149
0.3208955 0.1567164 0.3208955 0.3208955 0.3208955 0.5746269 0.7313433 0.7835821 0.6791045 0.6567164 0.5970149
0.3308271 0 0.3308271 0.3308271 0.3308271 0.6240602 0.7293233 0.6691729 0.6917293 0.6842105 0.7669173
0.3308271 0 0.3308271 0.3308271 0.3308271 0.6240602 0.7293233 0.6691729 0.6917293 0.6842105 0.7669173
0.2846715 0.2408759 0.3357664 0.3357664 0.3357664 0.5912409 0.6642336 0.7737226 0.7080292 0.6423358 0.6423358
0.1470588 0.1544118 0.1838235 0.1911765 0.1323529 0.1323529 0 0 0 0 0
0.3333333 0.1007752 0.3410853 0.3410853 0.3410853 0.3410853 0.7829457 0.751938 0.6666667 0.6511628 0.7364341
0.2014925 0.1417910 0.2014925 0.2089552 0.2014925 0.1492537 0 0 0 0 0
0.3014706 0.2279412 0.3088235 0.3088235 0.3088235 0.3088235 0.7058824 0.7279412 0.6985294 0.7058824 0.632353
0.2985075 0.1417910 0.3283582 0.3283582 0.3283582 0.641791 0.7462687 0.7313433 0.738806 0.6940299 0.8134328
0.3115942 0.2101449 0.3115942 0.3115942 0.3115942 0.3115942 0.7608696 0.7826087 0.7391304 0.7101449 0.6231884
0.3333333 0.1007752 0.3410853 0.3410853 0.3410853 0.3410853 0.7829457 0.751938 0.6666667 0.6511628 0.7364341
0.2030075 0 0.1954887 0.2030075 0.1879699 0.1503759 0 0 0 0 0
0.1470588 0.1544118 0.1838235 0.1911765 0.1323529 0.1323529 0 0 0 0 0
0.3014706 0.2279412 0.3088235 0.3088235 0.3088235 0.3088235 0.7058824 0.7279412 0.6985294 0.7058824 0.632353
0 0 0.3286713 0.3286713 0.3286713 0.7202797 0.6923077 0.6923077 0.7202797 0.6433566 0
0.3161765 0.125 0.3235294 0.3235294 0.3235294 0.3235294 0.6764706 0.75 0.7279412 0.7058824 0.7720588
0.3014706 0.2279412 0.3088235 0.3088235 0.3088235 0.3088235 0.7058824 0.7279412 0.6985294 0.7058824 0.632353
0.1798561 0.1007194 0.1798561 0.1870504 0.1510791 0.08633094 0 0 0 0 0
0.1716418 0.1567164 0.1641791 0.1865672 0.1716418 0.1567164 0 0 0 0 0
0 0 0.3286713 0.3286713 0.3286713 0.7202797 0.6923077 0.6923077 0.7202797 0.6433566 0
0.3308271 0 0.3308271 0.3308271 0.3308271 0.6240602 0.7293233 0.6691729 0.6917293 0.6842105 0.7669173
0.3161765 0.125 0.3235294 0.3235294 0.3235294 0.3235294 0.6764706 0.75 0.7279412 0.7058824 0.7720588
0.1716418 0.1567164 0.1641791 0.1865672 0.1716418 0.1567164 0 0 0 0 0
0.2846715 0.2408759 0.3357664 0.3357664 0.3357664 0.5912409 0.6642336 0.7737226 0.7080292 0.6423358 0.6423358
0.2985075 0.1417910 0.3283582 0.3283582 0.3283582 0.641791 0.7462687 0.7313433 0.738806 0.6940299 0.8134328
0.2170543 0.1007752 0.1860465 0.2093023 0.1550388 0.2325581 0 0 0 0 0
0.1716418 0.1567164 0.1641791 0.1865672 0.1716418 0.1567164 0 0 0 0 0
0.3333333 0.1007752 0.3410853 0.3410853 0.3410853 0.3410853 0.7829457 0.751938 0.6666667 0.6511628 0.7364341
0.3208955 0.1567164 0.3208955 0.3208955 0.3208955 0.5746269 0.7313433 0.7835821 0.6791045 0.6567164 0.5970149
0.3333333 0.1007752 0.3410853 0.3410853 0.3410853 0.3410853 0.7829457 0.751938 0.6666667 0.6511628 0.7364341
0.2846715 0.2408759 0.3357664 0.3357664 0.3357664 0.5912409 0.6642336 0.7737226 0.7080292 0.6423358 0.6423358
0.3115942 0.2101449 0.3115942 0.3115942 0.3115942 0.3115942 0.7608696 0.7826087 0.7391304 0.7101449 0.6231884
0.3208955 0.1567164 0.3208955 0.3208955 0.3208955 0.5746269 0.7313433 0.7835821 0.6791045 0.6567164 0.5970149
