0 0 0.078 0.476 0.884 0.992 0.998 1 1 1 1
0 0 0 0 0 0.006 0.19 0.62 0.91 0.97 0.994
0 0.006 0.118 0.59 0.922 0.996 1 1 0.998 1 1
0 0 0 0 0 0.002 0.078 0.464 0.818 0.95 0.996
0 0 0 0 0 0.002 0.116 0.512 0.818 0.94 0.98
0 0.01 0.222 0.74 0.966 1 1 1 1 1 1
0 0 0 0 0 0.006 0.19 0.62 0.91 0.97 0.994
0 0.022 0.222 0.75 0.978 0.996 1 1 1 1 1
0 0.006 0.126 0.626 0.944 0.998 1 1 1 1 1
0 0 0 0 0 0.002 0.132 0.584 0.88 0.97 0.996
0 0.022 0.222 0.75 0.978 0.996 1 1 1 1 1
0 0 0 0 0 0.004 0.088 0.494 0.826 0.97 0.996
0 0.01 0.222 0.74 0.966 1 1 1 1 1 1
0 0 0 0 0 0.006 0.11 0.516 0.856 0.978 0.996
0 0 0 0 0 0.006 0.19 0.62 0.91 0.97 0.994
0 0 0 0 0 0.002 0.116 0.512 0.818 0.94 0.98
0 0.002 0.128 0.588 0.948 1 1 1 1 1 1
0 0 0.054 0.472 0.908 0.994 0.998 1 1 1 1
0 0 0 0 0 0.014 0.2 0.696 0.924 0.992 0.998
0 0 0 0 0 0.004 0.206 0.664 0.898 0.976 0.998
0 0 0 0 0 0.002 0.196 0.602 0.924 0.986 0.998
0 0 0 0 0 0.014 0.2 0.696 0.924 0.992 0.998
0 0.006 0.126 0.626 0.944 0.998 1 1 1 1 1
0 0 0 0 0 0.002 0.116 0.512 0.818 0.94 0.98
0 0 0.098 0.518 0.95 0.992 1 1 1 1 1
0 0.022 0.222 0.75 0.978 0.996 1 1 1 1 1
0 0.006 0.126 0.626 0.944 0.998 1 1 1 1 1
0 0 0 0 0 0.006 0.11 0.516 0.856 0.978 0.996
0 0 0 0 0 0.006 0.11 0.516 0.856 0.978 0.996
0 0 0.098 0.518 0.95 0.992 1 1 1 1 1
0 0 0 0 0 0.002 0.078 0.464 0.818 0.95 0.996
0 0.022 0.222 0.75 0.978 0.996 1 1 1 1 1
0 0 0.098 0.518 0.95 0.992 1 1 1 1 1
0 0 0 0 0 0.002 0.116 0.512 0.818 0.94 0.98
0 0 0 0 0 0.002 0.078 0.464 0.818 0.95 0.996
0 0 0 0 0 0.014 0.2 0.696 0.924 0.992 0.998
0 0 0 0 0 0 0.046 0.322 0.696 0.934 0.97
0 0.022 0.222 0.75 0.978 0.996 1 1 1 1 1
0 0.006 0.118 0.59 0.922 0.996 1 1 0.998 1 1
0 0.006 0.118 0.59 0.922 0.996 1 1 0.998 1 1
0 0 0 0 0 0.004 0.206 0.664 0.898 0.976 0.998
0 0 0 0 0 0.002 0.132 0.584 0.88 0.97 0.996
0 0 0 0 0 0.006 0.11 0.516 0.856 0.978 0.996
0 0 0 0 0 0.004 0.206 0.664 0.898 0.976 0.998
0 0.002 0.128 0.588 0.948 1 1 1 1 1 1
0 0 0 0 0 0.002 0.132 0.584 0.88 0.97 0.996
0 0 0 0 0 0 0.046 0.322 0.696 0.934 0.97
0 0 0 0 0 0.004 0.206 0.664 0.898 0.976 0.998
0 0 0 0 0 0.002 0.196 0.602 0.924 0.986 0.998
0 0 0 0 0 0.004 0.206 0.664 0.898 0.976 0.998
0 0.006 0.118 0.59 0.922 0.996 1 1 0.998 1 1
0 0 0.054 0.472 0.908 0.994 0.998 1 1 1 1
0 0 0 0 0 0.002 0.078 0.464 0.818 0.95 0.996
0 0 0 0 0 0.014 0.2 0.696 0.924 0.992 0.998
0 0 0 0 0 0.006 0.11 0.516 0.856 0.978 0.996
0 0.006 0.118 0.59 0.922 0.996 1 1 0.998 1 1
0 0 0 0 0 0.002 0.116 0.512 0.818 0.94 0.98
0 0 0 0 0 0.006 0.11 0.516 0.856 0.978 0.996
0 0 0 0 0 0.002 0.116 0.512 0.818 0.94 0.98
0 0 0 0 0 0.002 0.116 0.512 0.818 0.94 0.98
0 0 0 0 0 0.002 0.116 0.512 0.818 0.94 0.98
0 0 0 0 0 0.002 0.132 0.584 0.88 0.97 0.996
0 0 0 0 0 0.004 0.088 0.494 0.826 0.97 0.996
0 0 0 0 0 0.006 0.19 0.62 0.91 0.97 0.994
0 0 0 0 0 0.006 0.19 0.62 0.91 0.97 0.994
0 0 0.048 0.588 0.932 0.996 1 1 1 1 1
0 0 0 0 0 0.014 0.2 0.696 0.924 0.992 0.998
0 0 0 0 0 0.002 0.078 0.464 0.818 0.95 0.996
0 0 0 0 0 0.006 0.19 0.62 0.91 0.97 0.994
0 0 0 0 0 0.002 0.132 0.584 0.88 0.97 0.996
0 0 0 0 0 0.002 0.078 0.464 0.818 0.95 0.996
0 0.006 0.118 0.59 0.922 0.996 1 1 0.998 1 1
0 0 0 0 0 0.002 0.196 0.602 0.924 0.986 0.998
0 0 0 0 0 0.004 0.206 0.664 0.898 0.976 0.998
0 0 0.098 0.518 0.95 0.992 1 1 1 1 1
0 0 0 0 0 0.014 0.2 0.696 0.924 0.992 0.998
0 0 0 0 0 0.002 0.116 0.512 0.818 0.94 0.98
0 0 0 0 0 0.002 0.078 0.464 0.818 0.95 0.996
0 0 0 0 0 0.002 0.116 0.512 0.818 0.94 0.98
0 0 0 0 0 0.002 0.116 0.512 0.818 0.94 0.98
0 0 0 0 0 0.006 0.19 0.62 0.91 0.97 0.994
0 0.022 0.222 0.75 0.978 0.996 1 1 1 1 1
0 0 0 0 0 0.006 0.11 0.516 0.856 0.978 0.996
0 0.006 0.126 0.626 0.944 0.998 1 1 1 1 1
0 0 0 0 0 0.002 0.078 0.464 0.818 0.95 0.996
0 0 0 0 0 0.004 0.206 0.664 0.898 0.976 0.998
0 0.022 0.222 0.75 0.978 0.996 1 1 1 1 1
0 0.022 0.222 0.75 0.978 0.996 1 1 1 1 1
0 0 0 0 0 0.004 0.206 0.664 0.898 0.976 0.998
0 0.002 0.128 0.588 0.948 1 1 1 1 1 1
0 0 0.078 0.476 0.884 0.992 0.998 1 1 1 1
0 0 0 0 0 0.002 0.132 0.584 0.88 0.97 0.996
0 0 0 0 0 0.006 0.19 0.62 0.91 0.97 0.994
0 0 0.058 0.474 0.918 0.996 1 1 1 1 1
0 0 0 0 0 0.002 0.196 0.602 0.924 0.986 0.998
0 0.022 0.222 0.75 0.978 0.996 1 1 1 1 1
0 0 0.058 0.474 0.918 0.996 1 1 1 1 1
0 0 0 0 0 0 0.046 0.322 0.696 0.934 0.97
0 0 0 0 0 0.002 0.132 0.584 0.88 0.97 0.996
0 0.006 0.118 0.59 0.922 0.996 1 1 0.998 1 1
0 0 0 0 0 0.006 0.11 0.516 0.856 0.978 0.996
0 0 0 0 0 0.014 0.2 0.696 0.924 0.992 0.998
0 0 0 0 0 0.006 0.19 0.62 0.91 0.97 0.994
0 0 0 0 0 0.004 0.088 0.494 0.826 0.97 0.996
0 0 0 0 0 0.002 0.196 0.602 0.924 0.986 0.998
0 0.002 0.128 0.588 0.948 1 1 1 1 1 1
0 0 0 0 0 0.004 0.088 0.494 0.826 0.97 0.996
0 0 0 0 0 0.006 0.11 0.516 0.856 0.978 0.996
0 0 0 0 0 0 0.046 0.322 0.696 0.934 0.97
0 0 0 0 0 0.006 0.11 0.516 0.856 0.978 0.996
0 0 0 0 0 0.002 0.116 0.512 0.818 0.94 0.98
0 0.006 0.126 0.626 0.944 0.998 1 1 1 1 1
0 0 0 0 0 0.002 0.132 0.584 0.88 0.97 0.996
0 0 0 0 0 0.002 0.116 0.512 0.818 0.94 0.98
0 0 0 0 0 0.002 0.116 0.512 0.818 0.94 0.98
0 0.006 0.126 0.626 0.944 0.998 1 1 1 1 1
0 0.01 0.222 0.74 0.966 1 1 1 1 1 1
0 0 0 0 0 0.006 0.19 0.62 0.91 0.97 0.994
0 0 0 0 0 0.002 0.196 0.602 0.924 0.986 0.998
0 0 0 0 0 0.002 0.132 0.584 0.88 0.97 0.996
0 0 0 0 0 0.002 0.196 0.602 0.924 0.986 0.998
0 0 0 0 0 0.002 0.132 0.584 0.88 0.97 0.996
0 0.002 0.128 0.588 0.948 1 1 1 1 1 1
0 0 0 0 0 0.002 0.196 0.602 0.924 0.986 0.998
0 0 0.078 0.476 0.884 0.992 0.998 1 1 1 1
0 0 0 0 0 0.002 0.078 0.464 0.818 0.95 0.996
0 0 0 0 0 0.002 0.196 0.602 0.924 0.986 0.998
0 0 0 0 0 0.002 0.078 0.464 0.818 0.95 0.996
0 0 0 0 0 0.002 0.078 0.464 0.818 0.95 0.996
0 0 0.058 0.474 0.918 0.996 1 1 1 1 1
0 0.006 0.126 0.626 0.944 0.998 1 1 1 1 1
0 0 0 0 0 0.006 0.19 0.62 0.91 0.97 0.994
0 0 0 0 0 0.002 0.116 0.512 0.818 0.94 0.98
0 0 0 0 0 0.002 0.078 0.464 0.818 0.95 0.996
0 0 0 0 0 0 0.046 0.322 0.696 0.934 0.97
0 0 0.078 0.476 0.884 0.992 0.998 1 1 1 1
0 0.002 0.128 0.588 0.948 1 1 1 1 1 1
0 0 0 0 0 0.004 0.206 0.664 0.898 0.976 0.998
0 0 0 0 0 0.004 0.088 0.494 0.826 0.97 0.996
0 0 0 0 0 0.014 0.2 0.696 0.924 0.992 0.998
0 0.01 0.222 0.74 0.966 1 1 1 1 1 1
0 0 0 0 0 0 0.046 0.322 0.696 0.934 0.97
0 0 0 0 0 0.002 0.116 0.512 0.818 0.94 0.98
0 0.022 0.222 0.75 0.978 0.996 1 1 1 1 1
0 0 0.078 0.476 0.884 0.992 0.998 1 1 1 1
0 0 0 0 0 0.006 0.11 0.516 0.856 0.978 0.996
0 0 0 0 0 0.002 0.132 0.584 0.88 0.97 0.996
0 0 0 0 0 0.006 0.19 0.62 0.91 0.97 0.994
0 0 0 0 0 0.002 0.078 0.464 0.818 0.95 0.996
0 0 0 0 0 0.006 0.11 0.516 0.856 0.978 0.996
0 0 0 0 0 0.004 0.088 0.494 0.826 0.97 0.996
