0 0.002 0.076 0.592 0.942 0.994 1 1 1 1 1
0 0 0 0 0 0 0.118 0.494 0.828 0.96 0.996
0 0.008 0.076 0.572 0.914 0.994 1 1 1 1 1
0 0 0 0 0 0.004 0.146 0.596 0.882 0.97 0.998
0 0 0 0 0 0 0.118 0.494 0.828 0.96 0.996
0 0.002 0.132 0.616 0.968 1 1 1 1 1 1
0 0 0 0 0 0 0.118 0.494 0.828 0.96 0.996
0 0.002 0.078 0.486 0.948 0.996 1 1 1 1 1
0 0 0.05 0.478 0.908 0.98 1 1 1 1 1
0 0 0 0 0 0.002 0.086 0.472 0.852 0.964 0.992
0 0.002 0.132 0.616 0.968 1 1 1 1 1 1
0 0 0 0 0 0.014 0.22 0.678 0.92 0.962 0.994
0 0.002 0.092 0.526 0.902 0.992 1 1 1 1 1
0 0 0 0 0 0.004 0.146 0.596 0.882 0.97 0.998
0 0 0 0 0 0.002 0.15 0.656 0.926 0.982 0.998
0 0 0 0 0 0.004 0.16 0.64 0.902 0.986 0.996
0 0.002 0.058 0.532 0.91 0.998 0.998 1 1 1 1
0 0.002 0.092 0.526 0.902 0.992 1 1 1 1 1
0 0 0 0 0 0.002 0.086 0.472 0.852 0.964 0.992
0 0 0 0 0 0 0.142 0.534 0.9 0.976 0.992
0 0 0 0 0 0.002 0.11 0.558 0.844 0.964 0.99
0 0 0 0 0 0.002 0.11 0.558 0.844 0.964 0.99
0 0.006 0.14 0.654 0.964 0.998 1 1 1 1 1
0 0 0 0 0 0 0.036 0.408 0.698 0.91 0.978
0 0 0.05 0.478 0.908 0.98 1 1 1 1 1
0 0.008 0.076 0.572 0.914 0.994 1 1 1 1 1
0 0.004 0.128 0.606 0.926 0.996 1 1 1 1 1
0 0 0 0 0 0.002 0.11 0.558 0.844 0.964 0.99
0 0 0 0 0 0 0.118 0.494 0.828 0.96 0.996
0 0.002 0.076 0.592 0.942 0.994 1 1 1 1 1
0 0 0 0 0 0.004 0.146 0.596 0.882 0.97 0.998
0 0.008 0.076 0.572 0.914 0.994 1 1 1 1 1
0 0.006 0.14 0.654 0.964 0.998 1 1 1 1 1
0 0 0 0 0 0.004 0.146 0.596 0.882 0.97 0.998
0 0 0 0 0 0.004 0.16 0.64 0.902 0.986 0.996
0 0 0 0 0 0.004 0.146 0.596 0.882 0.97 0.998
0 0 0 0 0 0.002 0.15 0.656 0.926 0.982 0.998
0 0.008 0.076 0.572 0.914 0.994 1 1 1 1 1
0 0.002 0.092 0.526 0.902 0.992 1 1 1 1 1
0 0.002 0.058 0.532 0.91 0.998 0.998 1 1 1 1
0 0 0 0 0 0 0.142 0.534 0.9 0.976 0.992
0 0 0 0 0 0 0.142 0.534 0.9 0.976 0.992
0 0 0 0 0 0.002 0.11 0.558 0.844 0.964 0.99
0 0 0 0 0 0 0.118 0.494 0.828 0.96 0.996
0 0.004 0.128 0.606 0.926 0.996 1 1 1 1 1
0 0 0 0 0 0 0.064 0.454 0.864 0.934 0.988
0 0 0 0 0 0 0.064 0.454 0.864 0.934 0.988
0 0 0 0 0 0.002 0.11 0.558 0.844 0.964 0.99
0 0 0 0 0 0 0.118 0.494 0.828 0.96 0.996
0 0 0 0 0 0.002 0.15 0.656 0.926 0.982 0.998
0 0.002 0.058 0.532 0.91 0.998 0.998 1 1 1 1
0 0.002 0.078 0.486 0.948 0.996 1 1 1 1 1
0 0 0 0 0 0 0.064 0.454 0.864 0.934 0.988
0 0 0 0 0 0.002 0.15 0.656 0.926 0.982 0.998
0 0 0 0 0 0 0.118 0.494 0.828 0.96 0.996
0 0.008 0.076 0.572 0.914 0.994 1 1 1 1 1
0 0 0 0 0 0.004 0.16 0.64 0.902 0.986 0.996
0 0 0 0 0 0.002 0.11 0.558 0.844 0.964 0.99
0 0 0 0 0 0 0.036 0.408 0.698 0.91 0.978
0 0 0 0 0 0 0.036 0.408 0.698 0.91 0.978
0 0 0 0 0 0 0.036 0.408 0.698 0.91 0.978
0 0 0 0 0 0.002 0.15 0.656 0.926 0.982 0.998
0 0 0 0 0 0.002 0.086 0.472 0.852 0.964 0.992
0 0 0 0 0 0 0.036 0.408 0.698 0.91 0.978
0 0 0 0 0 0.014 0.22 0.678 0.92 0.962 0.994
0 0.004 0.128 0.606 0.926 0.996 1 1 1 1 1
0 0 0 0 0 0.002 0.086 0.472 0.852 0.964 0.992
0 0 0 0 0 0.002 0.11 0.558 0.844 0.964 0.99
0 0 0 0 0 0 0.142 0.534 0.9 0.976 0.992
0 0 0 0 0 0.004 0.16 0.64 0.902 0.986 0.996
0 0 0 0 0 0.004 0.146 0.596 0.882 0.97 0.998
0 0 0.05 0.478 0.908 0.98 1 1 1 1 1
0 0 0 0 0 0.002 0.11 0.558 0.844 0.964 0.99
0 0 0 0 0 0.002 0.11 0.558 0.844 0.964 0.99
0 0.004 0.128 0.606 0.926 0.996 1 1 1 1 1
0 0 0 0 0 0.004 0.16 0.64 0.902 0.986 0.996
0 0 0 0 0 0.014 0.22 0.678 0.92 0.962 0.994
0 0 0 0 0 0.014 0.22 0.678 0.92 0.962 0.994
0 0 0 0 0 0.002 0.11 0.558 0.844 0.964 0.99
0 0 0 0 0 0.014 0.22 0.678 0.92 0.962 0.994
0 0 0 0 0 0 0.064 0.454 0.864 0.934 0.988
0 0.002 0.058 0.532 0.91 0.998 0.998 1 1 1 1
0 0 0 0 0 0.014 0.22 0.678 0.92 0.962 0.994
0 0.006 0.14 0.654 0.964 0.998 1 1 1 1 1
0 0 0 0 0 0.014 0.22 0.678 0.92 0.962 0.994
0 0 0 0 0 0.002 0.086 0.472 0.852 0.964 0.992
0 0.008 0.076 0.572 0.914 0.994 1 1 1 1 1
0 0.006 0.14 0.654 0.964 0.998 1 1 1 1 1
0 0 0 0 0 0.014 0.22 0.678 0.92 0.962 0.994
0 0.004 0.128 0.606 0.926 0.996 1 1 1 1 1
0 0.002 0.076 0.592 0.942 0.994 1 1 1 1 1
0 0 0 0 0 0 0.064 0.454 0.864 0.934 0.988
0 0 0 0 0 0.002 0.086 0.472 0.852 0.964 0.992
0 0.002 0.132 0.616 0.968 1 1 1 1 1 1
0 0 0 0 0 0 0.118 0.494 0.828 0.96 0.996
0 0.002 0.076 0.592 0.942 0.994 1 1 1 1 1
0 0.008 0.154 0.714 0.972 0.996 1 1 1 1 1
0 0 0 0 0 0 0.142 0.534 0.9 0.976 0.992
0 0 0 0 0 0.014 0.22 0.678 0.92 0.962 0.994
0 0.002 0.058 0.532 0.91 0.998 0.998 1 1 1 1
0 0 0 0 0 0 0.064 0.454 0.864 0.934 0.988
0 0 0 0 0 0.004 0.16 0.64 0.902 0.986 0.996
0 0 0 0 0 0.002 0.11 0.558 0.844 0.964 0.99
0 0 0 0 0 0.002 0.086 0.472 0.852 0.964 0.992
0 0 0 0 0 0.014 0.22 0.678 0.92 0.962 0.994
0 0.006 0.14 0.654 0.964 0.998 1 1 1 1 1
0 0 0 0 0 0 0.118 0.494 0.828 0.96 0.996
0 0 0 0 0 0.002 0.15 0.656 0.926 0.982 0.998
0 0 0 0 0 0 0.118 0.494 0.828 0.96 0.996
0 0 0 0 0 0 0.064 0.454 0.864 0.934 0.988
0 0 0 0 0 0 0.142 0.534 0.9 0.976 0.992
0 0.002 0.092 0.526 0.902 0.992 1 1 1 1 1
0 0 0 0 0 0.002 0.11 0.558 0.844 0.964 0.99
0 0 0 0 0 0.002 0.086 0.472 0.852 0.964 0.992
0 0 0 0 0 0.002 0.15 0.656 0.926 0.982 0.998
0 0.004 0.128 0.606 0.926 0.996 1 1 1 1 1
0 0.006 0.14 0.654 0.964 0.998 1 1 1 1 1
0 0 0 0 0 0.004 0.16 0.64 0.902 0.986 0.996
0 0 0 0 0 0.002 0.11 0.558 0.844 0.964 0.99
0 0 0 0 0 0.004 0.146 0.596 0.882 0.97 0.998
0 0 0 0 0 0.004 0.16 0.64 0.902 0.986 0.996
0 0 0 0 0 0.004 0.146 0.596 0.882 0.97 0.998
0 0.002 0.092 0.526 0.902 0.992 1 1 1 1 1
0 0 0 0 0 0.004 0.146 0.596 0.882 0.97 0.998
0 0.004 0.128 0.606 0.926 0.996 1 1 1 1 1
0 0 0 0 0 0 0.064 0.454 0.864 0.934 0.988
0 0 0 0 0 0.004 0.16 0.64 0.902 0.986 0.996
0 0 0 0 0 0 0.142 0.534 0.9 0.976 0.992
0 0 0 0 0 0 0.118 0.494 0.828 0.96 0.996
0 0.002 0.092 0.526 0.902 0.992 1 1 1 1 1
0 0.002 0.058 0.532 0.91 0.998 0.998 1 1 1 1
0 0 0 0 0 0.004 0.16 0.64 0.902 0.986 0.996
0 0 0 0 0 0 0.036 0.408 0.698 0.91 0.978
0 0 0 0 0 0.002 0.086 0.472 0.852 0.964 0.992
0 0 0 0 0 0.004 0.16 0.64 0.902 0.986 0.996
0 0.002 0.078 0.486 0.948 0.996 1 1 1 1 1
0 0.002 0.092 0.526 0.902 0.992 1 1 1 1 1
0 0 0 0 0 0.004 0.16 0.64 0.902 0.986 0.996
0 0 0 0 0 0.002 0.15 0.656 0.926 0.982 0.998
0 0 0 0 0 0.002 0.086 0.472 0.852 0.964 0.992
0 0.002 0.092 0.526 0.902 0.992 1 1 1 1 1
0 0 0 0 0 0 0.142 0.534 0.9 0.976 0.992
0 0 0 0 0 0.002 0.11 0.558 0.844 0.964 0.99
0 0.008 0.154 0.714 0.972 0.996 1 1 1 1 1
0 0.002 0.092 0.526 0.902 0.992 1 1 1 1 1
0 0 0 0 0 0.002 0.086 0.472 0.852 0.964 0.992
0 0 0 0 0 0 0.064 0.454 0.864 0.934 0.988
0 0 0 0 0 0.004 0.16 0.64 0.902 0.986 0.996
0 0 0 0 0 0.002 0.11 0.558 0.844 0.964 0.99
0 0 0 0 0 0 0.036 0.408 0.698 0.91 0.978
0 0 0 0 0 0 0.036 0.408 0.698 0.91 0.978
