0.2014925 0.1343284 0.2164179 0.1940299 0.1641791 0 0 0 0 0 0
0.3307692 0 0.3384615 0.3384615 0.3384615 0.7230769 0.7615385 0.7384615 0.6846154 0.7307692 0
0.2030075 0.1954887 0.1804511 0.1879699 0.1428571 0 0 0 0 0 0
0.3157895 0.2706767 0.3157895 0.3157895 0.3157895 0.3157895 0.7142857 0.7819549 0.7218045 0.7293233 0.7443609
0.3188406 0.2246377 0.3260870 0.3260870 0.3260870 0.5652174 0.7391304 0.7246377 0.6666667 0.7101449 0.7753623
0.1739130 0.2246377 0.1811594 0.1956522 0.1739130 0.1521739 0 0 0 0 0
0.2014925 0.1343284 0.3358209 0.3358209 0.3358209 0.5597015 0.7089552 0.738806 0.7313433 0.6641791 0.6343284
0.1526718 0 0.2137405 0.2061069 0.1755725 0.1221374 0 0 0 0 0
0.1407407 0.2444444 0.2 0.2 0.1777778 0.2 0 0 0 0 0
0.3188406 0.2246377 0.3260870 0.3260870 0.3260870 0.5652174 0.7391304 0.7246377 0.6666667 0.7101449 0.7753623
0.1407407 0.2444444 0.2 0.2 0.1777778 0.2 0 0 0 0 0
0.3037037 0.2444444 0.3111111 0.3111111 0.3111111 0.6592593 0.6518519 0.7259259 0.6518519 0.6296296 0.5333333
0.1407407 0.2444444 0.2 0.2 0.1777778 0.2 0 0 0 0 0
0.3037037 0.2444444 0.3111111 0.3111111 0.3111111 0.6592593 0.6518519 0.7259259 0.6518519 0.6296296 0.5333333
0.3307692 0 0.3384615 0.3384615 0.3384615 0.7230769 0.7615385 0.7384615 0.6846154 0.7307692 0
0.3307692 0 0.3384615 0.3384615 0.3384615 0.7230769 0.7615385 0.7384615 0.6846154 0.7307692 0
0.2014925 0.1343284 0.2164179 0.1940299 0.1641791 0 0 0 0 0 0
0.2222222 0.2222222 0.1851852 0.2074074 0.1703704 0.1111111 0 0 0 0 0
0.3307692 0 0.3384615 0.3384615 0.3384615 0.7230769 0.7615385 0.7384615 0.6846154 0.7307692 0
0.1526718 0 0.3129771 0.3129771 0.3129771 0.7480916 0.7480916 0.7175573 0.7251908 0.7328244 0.7480916
0.1526718 0 0.3129771 0.3129771 0.3129771 0.7480916 0.7480916 0.7175573 0.7251908 0.7328244 0.7480916
0.3 0.2142857 0.3214286 0.3214286 0.3214286 0.3214286 0.7071429 0.7214286 0.7285714 0.6428571 0.5714286
0.2014925 0.1343284 0.2164179 0.1940299 0.1641791 0 0 0 0 0 0
0.3 0.2142857 0.3214286 0.3214286 0.3214286 0.3214286 0.7071429 0.7214286 0.7285714 0.6428571 0.5714286
0.1526718 0 0.2137405 0.2061069 0.1755725 0.1221374 0 0 0 0 0
0.2222222 0.2222222 0.1851852 0.2074074 0.1703704 0.1111111 0 0 0 0 0
0.1407407 0.2444444 0.2 0.2 0.1777778 0.2 0 0 0 0 0
0.2727273 0 0.3286713 0.3286713 0.3286713 0.5874126 0.7342657 0.6923077 0.7622378 0.6993007 0.6223776
0.3037037 0.2444444 0.3111111 0.3111111 0.3111111 0.6592593 0.6518519 0.7259259 0.6518519 0.6296296 0.5333333
0.2222222 0.2222222 0.1851852 0.2074074 0.1703704 0.1111111 0 0 0 0 0
0.3157895 0.2706767 0.3157895 0.3157895 0.3157895 0.3157895 0.7142857 0.7819549 0.7218045 0.7293233 0.7443609
0.2030075 0.1954887 0.1804511 0.1879699 0.1428571 0 0 0 0 0 0
0.2014925 0.1343284 0.2164179 0.1940299 0.1641791 0 0 0 0 0 0
0.3214286 0.1642857 0.3285714 0.3285714 0.3285714 0.3285714 0.7214286 0.7357143 0.7142857 0.6928571 0.7071429
0.1526718 0 0.3129771 0.3129771 0.3129771 0.7480916 0.7480916 0.7175573 0.7251908 0.7328244 0.7480916
0.3157895 0.2706767 0.3157895 0.3157895 0.3157895 0.3157895 0.7142857 0.7819549 0.7218045 0.7293233 0.7443609
0.3307692 0 0.3384615 0.3384615 0.3384615 0.7230769 0.7615385 0.7384615 0.6846154 0.7307692 0
0.1526718 0 0.2137405 0.2061069 0.1755725 0.1221374 0 0 0 0 0
0.1407407 0.2444444 0.2 0.2 0.1777778 0.2 0 0 0 0 0
0.1526718 0 0.2137405 0.2061069 0.1755725 0.1221374 0 0 0 0 0
0.1526718 0 0.3129771 0.3129771 0.3129771 0.7480916 0.7480916 0.7175573 0.7251908 0.7328244 0.7480916
0.3259259 0.2222222 0.3259259 0.3259259 0.3259259 0.7407407 0.7185185 0.7407407 0.6888889 0.7037037 0.6
0.2014925 0.1343284 0.3358209 0.3358209 0.3358209 0.5597015 0.7089552 0.738806 0.7313433 0.6641791 0.6343284
0.3037037 0.2444444 0.3111111 0.3111111 0.3111111 0.6592593 0.6518519 0.7259259 0.6518519 0.6296296 0.5333333
0.1785714 0.1642857 0.2 0.1928571 0.1857143 0.1357143 0 0 0 0 0
0.1526718 0 0.3129771 0.3129771 0.3129771 0.7480916 0.7480916 0.7175573 0.7251908 0.7328244 0.7480916
0.3 0.2142857 0.3214286 0.3214286 0.3214286 0.3214286 0.7071429 0.7214286 0.7285714 0.6428571 0.5714286
0.2014925 0.1343284 0.3358209 0.3358209 0.3358209 0.5597015 0.7089552 0.738806 0.7313433 0.6641791 0.6343284
0.3157895 0.2706767 0.3157895 0.3157895 0.3157895 0.3157895 0.7142857 0.7819549 0.7218045 0.7293233 0.7443609
0.3307692 0 0.3384615 0.3384615 0.3384615 0.7230769 0.7615385 0.7384615 0.6846154 0.7307692 0
0.1526718 0 0.2137405 0.2061069 0.1755725 0.1221374 0 0 0 0 0
0.1526718 0 0.2137405 0.2061069 0.1755725 0.1221374 0 0 0 0 0
0.3307692 0 0.3384615 0.3384615 0.3384615 0.7230769 0.7615385 0.7384615 0.6846154 0.7307692 0
0.2727273 0 0.3286713 0.3286713 0.3286713 0.5874126 0.7342657 0.6923077 0.7622378 0.6993007 0.6223776
0.3307692 0 0.3384615 0.3384615 0.3384615 0.7230769 0.7615385 0.7384615 0.6846154 0.7307692 0
0.1818182 0 0.1678322 0.2027972 0.1608392 0.1818182 0 0 0 0 0
0.3214286 0.1642857 0.3285714 0.3285714 0.3285714 0.3285714 0.7214286 0.7357143 0.7142857 0.6928571 0.7071429
0.1526718 0 0.3129771 0.3129771 0.3129771 0.7480916 0.7480916 0.7175573 0.7251908 0.7328244 0.7480916
0.2014925 0.1343284 0.3358209 0.3358209 0.3358209 0.5597015 0.7089552 0.738806 0.7313433 0.6641791 0.6343284
0.1526718 0 0.3129771 0.3129771 0.3129771 0.7480916 0.7480916 0.7175573 0.7251908 0.7328244 0.7480916
0.3307692 0 0.3384615 0.3384615 0.3384615 0.7230769 0.7615385 0.7384615 0.6846154 0.7307692 0
0.3 0.2142857 0.3214286 0.3214286 0.3214286 0.3214286 0.7071429 0.7214286 0.7285714 0.6428571 0.5714286
0.3307692 0 0.3384615 0.3384615 0.3384615 0.7230769 0.7615385 0.7384615 0.6846154 0.7307692 0
0.2014925 0.1343284 0.3358209 0.3358209 0.3358209 0.5597015 0.7089552 0.738806 0.7313433 0.6641791 0.6343284
0.3259259 0.2222222 0.3259259 0.3259259 0.3259259 0.7407407 0.7185185 0.7407407 0.6888889 0.7037037 0.6
0.2030075 0.1954887 0.1804511 0.1879699 0.1428571 0 0 0 0 0 0
0.3259259 0.2222222 0.3259259 0.3259259 0.3259259 0.7407407 0.7185185 0.7407407 0.6888889 0.7037037 0.6
0.3037037 0.2444444 0.3111111 0.3111111 0.3111111 0.6592593 0.6518519 0.7259259 0.6518519 0.6296296 0.5333333
0.3157895 0.2706767 0.3157895 0.3157895 0.3157895 0.3157895 0.7142857 0.7819549 0.7218045 0.7293233 0.7443609
0.3 0.2142857 0.3214286 0.3214286 0.3214286 0.3214286 0.7071429 0.7214286 0.7285714 0.6428571 0.5714286
0.3259259 0.2222222 0.3259259 0.3259259 0.3259259 0.7407407 0.7185185 0.7407407 0.6888889 0.7037037 0.6
0.2222222 0.2222222 0.1851852 0.2074074 0.1703704 0.1111111 0 0 0 0 0
0.2727273 0 0.3286713 0.3286713 0.3286713 0.5874126 0.7342657 0.6923077 0.7622378 0.6993007 0.6223776
0.2727273 0 0.3286713 0.3286713 0.3286713 0.5874126 0.7342657 0.6923077 0.7622378 0.6993007 0.6223776
0.1407407 0.2444444 0.2 0.2 0.1777778 0.2 0 0 0 0 0
0.3037037 0.2444444 0.3111111 0.3111111 0.3111111 0.6592593 0.6518519 0.7259259 0.6518519 0.6296296 0.5333333
0.2014925 0.1343284 0.3358209 0.3358209 0.3358209 0.5597015 0.7089552 0.738806 0.7313433 0.6641791 0.6343284
0.2014925 0.1343284 0.3358209 0.3358209 0.3358209 0.5597015 0.7089552 0.738806 0.7313433 0.6641791 0.6343284
0.3259259 0.2222222 0.3259259 0.3259259 0.3259259 0.7407407 0.7185185 0.7407407 0.6888889 0.7037037 0.6
0.3259259 0.2222222 0.3259259 0.3259259 0.3259259 0.7407407 0.7185185 0.7407407 0.6888889 0.7037037 0.6
0.3259259 0.2222222 0.3259259 0.3259259 0.3259259 0.7407407 0.7185185 0.7407407 0.6888889 0.7037037 0.6
0.1739130 0.2246377 0.1811594 0.1956522 0.1739130 0.1521739 0 0 0 0 0
0.3157895 0.2706767 0.3157895 0.3157895 0.3157895 0.3157895 0.7142857 0.7819549 0.7218045 0.7293233 0.7443609
0.1928571 0.2142857 0.2 0.2142857 0.1642857 0.1642857 0.1285714 0 0 0 0
0.2727273 0 0.3286713 0.3286713 0.3286713 0.5874126 0.7342657 0.6923077 0.7622378 0.6993007 0.6223776
0.3307692 0 0.3384615 0.3384615 0.3384615 0.7230769 0.7615385 0.7384615 0.6846154 0.7307692 0
0.1526718 0 0.2137405 0.2061069 0.1755725 0.1221374 0 0 0 0 0
0.1785714 0.1642857 0.2 0.1928571 0.1857143 0.1357143 0 0 0 0 0
0.3188406 0.2246377 0.3260870 0.3260870 0.3260870 0.5652174 0.7391304 0.7246377 0.6666667 0.7101449 0.7753623
0.1818182 0 0.1678322 0.2027972 0.1608392 0.1818182 0 0 0 0 0
0.1928571 0.2142857 0.2 0.2142857 0.1642857 0.1642857 0.1285714 0 0 0 0
0.1526718 0 0.3129771 0.3129771 0.3129771 0.7480916 0.7480916 0.7175573 0.7251908 0.7328244 0.7480916
0.3214286 0.1642857 0.3285714 0.3285714 0.3285714 0.3285714 0.7214286 0.7357143 0.7142857 0.6928571 0.7071429
0.1923077 0 0.1923077 0.2 0.1846154 0.1230769 0 0 0 0 0
0.3307692 0 0.3384615 0.3384615 0.3384615 0.7230769 0.7615385 0.7384615 0.6846154 0.7307692 0
0.1526718 0 0.2137405 0.2061069 0.1755725 0.1221374 0 0 0 0 0
0.2030075 0.1954887 0.1804511 0.1879699 0.1428571 0 0 0 0 0 0
0.3157895 0.2706767 0.3157895 0.3157895 0.3157895 0.3157895 0.7142857 0.7819549 0.7218045 0.7293233 0.7443609
0.2014925 0.1343284 0.3358209 0.3358209 0.3358209 0.5597015 0.7089552 0.738806 0.7313433 0.6641791 0.6343284
0.1739130 0.2246377 0.1811594 0.1956522 0.1739130 0.1521739 0 0 0 0 0
0.3259259 0.2222222 0.3259259 0.3259259 0.3259259 0.7407407 0.7185185 0.7407407 0.6888889 0.7037037 0.6
0.3188406 0.2246377 0.3260870 0.3260870 0.3260870 0.5652174 0.7391304 0.7246377 0.6666667 0.7101449 0.7753623
0.1526718 0 0.3129771 0.3129771 0.3129771 0.7480916 0.7480916 0.7175573 0.7251908 0.7328244 0.7480916
0.3259259 0.2222222 0.3259259 0.3259259 0.3259259 0.7407407 0.7185185 0.7407407 0.6888889 0.7037037 0.6
0.3188406 0.2246377 0.3260870 0.3260870 0.3260870 0.5652174 0.7391304 0.7246377 0.6666667 0.7101449 0.7753623
0.2030075 0.1954887 0.1804511 0.1879699 0.1428571 0 0 0 0 0 0
0.3 0.2142857 0.3214286 0.3214286 0.3214286 0.3214286 0.7071429 0.7214286 0.7285714 0.6428571 0.5714286
0.3214286 0.1642857 0.3285714 0.3285714 0.3285714 0.3285714 0.7214286 0.7357143 0.7142857 0.6928571 0.7071429
0.3 0.2142857 0.3214286 0.3214286 0.3214286 0.3214286 0.7071429 0.7214286 0.7285714 0.6428571 0.5714286
0.3157895 0.2706767 0.3157895 0.3157895 0.3157895 0.3157895 0.7142857 0.7819549 0.7218045 0.7293233 0.7443609
0.3157895 0.2706767 0.3157895 0.3157895 0.3157895 0.3157895 0.7142857 0.7819549 0.7218045 0.7293233 0.7443609
0.1928571 0.2142857 0.2 0.2142857 0.1642857 0.1642857 0.1285714 0 0 0 0
0.2014925 0.1343284 0.3358209 0.3358209 0.3358209 0.5597015 0.7089552 0.738806 0.7313433 0.6641791 0.6343284
0.2014925 0.1343284 0.3358209 0.3358209 0.3358209 0.5597015 0.7089552 0.738806 0.7313433 0.6641791 0.6343284
0.2727273 0 0.3286713 0.3286713 0.3286713 0.5874126 0.7342657 0.6923077 0.7622378 0.6993007 0.6223776
0.2222222 0.2222222 0.1851852 0.2074074 0.1703704 0.1111111 0 0 0 0 0
0.1923077 0 0.1923077 0.2 0.1846154 0.1230769 0 0 0 0 0
0.3188406 0.2246377 0.3260870 0.3260870 0.3260870 0.5652174 0.7391304 0.7246377 0.6666667 0.7101449 0.7753623
0.1526718 0 0.3129771 0.3129771 0.3129771 0.7480916 0.7480916 0.7175573 0.7251908 0.7328244 0.7480916
0.3214286 0.1642857 0.3285714 0.3285714 0.3285714 0.3285714 0.7214286 0.7357143 0.7142857 0.6928571 0.7071429
0.3259259 0.2222222 0.3259259 0.3259259 0.3259259 0.7407407 0.7185185 0.7407407 0.6888889 0.7037037 0.6
0.3307692 0 0.3384615 0.3384615 0.3384615 0.7230769 0.7615385 0.7384615 0.6846154 0.7307692 0
0.1923077 0 0.1923077 0.2 0.1846154 0.1230769 0 0 0 0 0
0.2014925 0.1343284 0.3358209 0.3358209 0.3358209 0.5597015 0.7089552 0.738806 0.7313433 0.6641791 0.6343284
0.1739130 0.2246377 0.1811594 0.1956522 0.1739130 0.1521739 0 0 0 0 0
0.3214286 0.1642857 0.3285714 0.3285714 0.3285714 0.3285714 0.7214286 0.7357143 0.7142857 0.6928571 0.7071429
0.3188406 0.2246377 0.3260870 0.3260870 0.3260870 0.5652174 0.7391304 0.7246377 0.6666667 0.7101449 0.7753623
0.3214286 0.1642857 0.3285714 0.3285714 0.3285714 0.3285714 0.7214286 0.7357143 0.7142857 0.6928571 0.7071429
0.3307692 0 0.3384615 0.3384615 0.3384615 0.7230769 0.7615385 0.7384615 0.6846154 0.7307692 0
0.2030075 0.1954887 0.1804511 0.1879699 0.1428571 0 0 0 0 0 0
0.2030075 0.1954887 0.1804511 0.1879699 0.1428571 0 0 0 0 0 0
0.3214286 0.1642857 0.3285714 0.3285714 0.3285714 0.3285714 0.7214286 0.7357143 0.7142857 0.6928571 0.7071429
0.3157895 0.2706767 0.3157895 0.3157895 0.3157895 0.3157895 0.7142857 0.7819549 0.7218045 0.7293233 0.7443609
0.1526718 0 0.3129771 0.3129771 0.3129771 0.7480916 0.7480916 0.7175573 0.7251908 0.7328244 0.7480916
0.3307692 0 0.3384615 0.3384615 0.3384615 0.7230769 0.7615385 0.7384615 0.6846154 0.7307692 0
0.1407407 0.2444444 0.2 0.2 0.1777778 0.2 0 0 0 0 0
0.1928571 0.2142857 0.2 0.2142857 0.1642857 0.1642857 0.1285714 0 0 0 0
0.2014925 0.1343284 0.3358209 0.3358209 0.3358209 0.5597015 0.7089552 0.738806 0.7313433 0.6641791 0.6343284
0.3037037 0.2444444 0.3111111 0.3111111 0.3111111 0.6592593 0.6518519 0.7259259 0.6518519 0.6296296 0.5333333
0.3037037 0.2444444 0.3111111 0.3111111 0.3111111 0.6592593 0.6518519 0.7259259 0.6518519 0.6296296 0.5333333
0.1785714 0.1642857 0.2 0.1928571 0.1857143 0.1357143 0 0 0 0 0
0.3157895 0.2706767 0.3157895 0.3157895 0.3157895 0.3157895 0.7142857 0.7819549 0.7218045 0.7293233 0.7443609
0.3188406 0.2246377 0.3260870 0.3260870 0.3260870 0.5652174 0.7391304 0.7246377 0.6666667 0.7101449 0.7753623
0.1923077 0 0.1923077 0.2 0.1846154 0.1230769 0 0 0 0 0
0.1923077 0 0.1923077 0.2 0.1846154 0.1230769 0 0 0 0 0
0.1526718 0 0.3129771 0.3129771 0.3129771 0.7480916 0.7480916 0.7175573 0.7251908 0.7328244 0.7480916
0.3188406 0.2246377 0.3260870 0.3260870 0.3260870 0.5652174 0.7391304 0.7246377 0.6666667 0.7101449 0.7753623
0.3307692 0 0.3384615 0.3384615 0.3384615 0.7230769 0.7615385 0.7384615 0.6846154 0.7307692 0
0.3037037 0.2444444 0.3111111 0.3111111 0.3111111 0.6592593 0.6518519 0.7259259 0.6518519 0.6296296 0.5333333
0.2014925 0.1343284 0.3358209 0.3358209 0.3358209 0.5597015 0.7089552 0.738806 0.7313433 0.6641791 0.6343284
0.3259259 0.2222222 0.3259259 0.3259259 0.3259259 0.7407407 0.7185185 0.7407407 0.6888889 0.7037037 0.6
