0.1654135 0.1654135 0.2030075 0.2105263 0.1879699 0.1729323 0 0.1729323 0 0 0
0.2824427 0.2366412 0.3206107 0.3206107 0.3206107 0.3206107 0.7862595 0.7328244 0.6946565 0.7251908 0
0.1925926 0.1851852 0.2074074 0.2 0.1481481 0.2 0 0 0 0 0
0.3071429 0.1928571 0.3214286 0.3214286 0.3214286 0.3214286 0.7142857 0.7285714 0.6714286 0.65 0.6857143
0.2824427 0.2366412 0.3206107 0.3206107 0.3206107 0.3206107 0.7862595 0.7328244 0.6946565 0.7251908 0
0.1942446 0 0.2014388 0.1798561 0.1151079 0.1007194 0.1870504 0 0 0 0
0.2463768 0 0.3333333 0.3333333 0.3333333 0.731884 0.7028986 0.731884 0.7246377 0.6666667 0.6666667
0.1428571 0.1928571 0.1928571 0.1928571 0.1642857 0.1928571 0 0 0 0 0
0.1428571 0.1928571 0.1928571 0.1928571 0.1642857 0.1928571 0 0 0 0 0
0.3071429 0.1928571 0.3214286 0.3214286 0.3214286 0.3214286 0.7142857 0.7285714 0.6714286 0.65 0.6857143
0.1086957 0 0.2101449 0.2028986 0.1884058 0.1666667 0 0 0 0 0
0.2463768 0 0.3333333 0.3333333 0.3333333 0.731884 0.7028986 0.731884 0.7246377 0.6666667 0.6666667
0.1428571 0.1928571 0.1928571 0.1928571 0.1642857 0.1928571 0 0 0 0 0
0.2824427 0.2366412 0.3206107 0.3206107 0.3206107 0.3206107 0.7862595 0.7328244 0.6946565 0.7251908 0
0.3358209 0.1492537 0.3358209 0.3358209 0.3358209 0.3358209 0.7462687 0.7462687 0.6716418 0.6865672 0.7014925
0.3181818 0 0.3181818 0.3181818 0.3181818 0.6439394 0.7272727 0.7575758 0.7121212 0.6136364 0.5681818
0.1654135 0.1654135 0.2030075 0.2105263 0.1879699 0.1729323 0 0.1729323 0 0 0
0.1925926 0.1851852 0.2074074 0.2 0.1481481 0.2 0 0 0 0 0
0.3358209 0.1492537 0.3358209 0.3358209 0.3358209 0.3358209 0.7462687 0.7462687 0.6716418 0.6865672 0.7014925
0.3358209 0.1492537 0.3358209 0.3358209 0.3358209 0.3358209 0.7462687 0.7462687 0.6716418 0.6865672 0.7014925
0.3181818 0 0.3181818 0.3181818 0.3181818 0.6439394 0.7272727 0.7575758 0.7121212 0.6136364 0.5681818
0.3181818 0 0.3181818 0.3181818 0.3181818 0.6439394 0.7272727 0.7575758 0.7121212 0.6136364 0.5681818
0.1654135 0.1654135 0.2030075 0.2105263 0.1879699 0.1729323 0 0.1729323 0 0 0
0.2631579 0.1654135 0.3308271 0.3308271 0.3308271 0.6842105 0.6992481 0.6541353 0.7218045 0.6616541 0.7518797
0.2045455 0 0.2045455 0.2045455 0.1590909 0.1969697 0.2045455 0 0 0 0
0.1755725 0.2366412 0.1832061 0.1908397 0.1603053 0.1221374 0 0 0 0 0
0.1925926 0.1851852 0.2074074 0.2 0.1481481 0.2 0 0 0 0 0
0.2631579 0.1654135 0.3308271 0.3308271 0.3308271 0.6842105 0.6992481 0.6541353 0.7218045 0.6616541 0.7518797
0.2463768 0 0.3333333 0.3333333 0.3333333 0.731884 0.7028986 0.731884 0.7246377 0.6666667 0.6666667
0.2014925 0.1492537 0.2014925 0.1865672 0.1940299 0 0 0 0 0 0
0.2814815 0.2592593 0.3037037 0.3037037 0.3037037 0.7185185 0.6888889 0.7111111 0.7407407 0.6 0.5185185
0.1942446 0 0.2014388 0.1798561 0.1151079 0.1007194 0.1870504 0 0 0 0
0.2014925 0.1492537 0.2014925 0.1865672 0.1940299 0 0 0 0 0 0
0.2824427 0.2366412 0.3206107 0.3206107 0.3206107 0.3206107 0.7862595 0.7328244 0.6946565 0.7251908 0
0.2824427 0.2366412 0.3206107 0.3206107 0.3206107 0.3206107 0.7862595 0.7328244 0.6946565 0.7251908 0
0.3071429 0.1928571 0.3214286 0.3214286 0.3214286 0.3214286 0.7142857 0.7285714 0.6714286 0.65 0.6857143
0.2814815 0.2592593 0.3037037 0.3037037 0.3037037 0.7185185 0.6888889 0.7111111 0.7407407 0.6 0.5185185
0.2045455 0 0.2045455 0.2045455 0.1590909 0.1969697 0.2045455 0 0 0 0
0.1942446 0 0.2014388 0.1798561 0.1151079 0.1007194 0.1870504 0 0 0 0
0.1755725 0.2366412 0.1832061 0.1908397 0.1603053 0.1221374 0 0 0 0 0
0.3181818 0 0.3181818 0.3181818 0.3181818 0.6439394 0.7272727 0.7575758 0.7121212 0.6136364 0.5681818
0.2631579 0.1654135 0.3308271 0.3308271 0.3308271 0.6842105 0.6992481 0.6541353 0.7218045 0.6616541 0.7518797
0.2463768 0 0.3333333 0.3333333 0.3333333 0.731884 0.7028986 0.731884 0.7246377 0.6666667 0.6666667
0.3358209 0.1492537 0.3358209 0.3358209 0.3358209 0.3358209 0.7462687 0.7462687 0.6716418 0.6865672 0.7014925
0.1942446 0 0.1798561 0.1942446 0.1870504 0 0 0 0 0 0
0.2463768 0 0.3333333 0.3333333 0.3333333 0.731884 0.7028986 0.731884 0.7246377 0.6666667 0.6666667
0.3071429 0.1928571 0.3214286 0.3214286 0.3214286 0.3214286 0.7142857 0.7285714 0.6714286 0.65 0.6857143
0.3260870 0.2391304 0.3333333 0.3333333 0.3333333 0.5652174 0.7826087 0.789855 0.6449275 0.673913 0.7101449
0.3093525 0 0.3309353 0.3309353 0.3309353 0.6402878 0.705036 0.7194245 0.6618705 0.647482 0.618705
0.3260870 0.2391304 0.3333333 0.3333333 0.3333333 0.5652174 0.7826087 0.789855 0.6449275 0.673913 0.7101449
0.2045455 0 0.2045455 0.2045455 0.1590909 0.1969697 0.2045455 0 0 0 0
0.1086957 0 0.2101449 0.2028986 0.1884058 0.1666667 0 0 0 0 0
0.2631579 0.1654135 0.3308271 0.3308271 0.3308271 0.6842105 0.6992481 0.6541353 0.7218045 0.6616541 0.7518797
0.3093525 0 0.3309353 0.3309353 0.3309353 0.6402878 0.705036 0.7194245 0.6618705 0.647482 0.618705
0.3093525 0 0.3309353 0.3309353 0.3309353 0.6402878 0.705036 0.7194245 0.6618705 0.647482 0.618705
0.1942446 0 0.1798561 0.1942446 0.1870504 0 0 0 0 0 0
0.2814815 0.2592593 0.3037037 0.3037037 0.3037037 0.7185185 0.6888889 0.7111111 0.7407407 0.6 0.5185185
0.2631579 0.1654135 0.3308271 0.3308271 0.3308271 0.6842105 0.6992481 0.6541353 0.7218045 0.6616541 0.7518797
0.3260870 0.2391304 0.3333333 0.3333333 0.3333333 0.5652174 0.7826087 0.789855 0.6449275 0.673913 0.7101449
0.2814815 0.2592593 0.3037037 0.3037037 0.3037037 0.7185185 0.6888889 0.7111111 0.7407407 0.6 0.5185185
0.2814815 0.2592593 0.3037037 0.3037037 0.3037037 0.7185185 0.6888889 0.7111111 0.7407407 0.6 0.5185185
0.2824427 0.2366412 0.3206107 0.3206107 0.3206107 0.3206107 0.7862595 0.7328244 0.6946565 0.7251908 0
0.3260870 0.2391304 0.3333333 0.3333333 0.3333333 0.5652174 0.7826087 0.789855 0.6449275 0.673913 0.7101449
0.3093525 0 0.3309353 0.3309353 0.3309353 0.6402878 0.705036 0.7194245 0.6618705 0.647482 0.618705
0.3181818 0 0.3181818 0.3181818 0.3181818 0.6439394 0.7272727 0.7575758 0.7121212 0.6136364 0.5681818
0.1654135 0.1654135 0.2030075 0.2105263 0.1879699 0.1729323 0 0.1729323 0 0 0
0.3358209 0.1492537 0.3358209 0.3358209 0.3358209 0.3358209 0.7462687 0.7462687 0.6716418 0.6865672 0.7014925
0.2824427 0.2366412 0.3206107 0.3206107 0.3206107 0.3206107 0.7862595 0.7328244 0.6946565 0.7251908 0
0.3165468 0 0.3165468 0.3165468 0.3165468 0.6906475 0.6906475 0.7194245 0.7266187 0.6834532 0.7410072
0.2824427 0.2366412 0.3206107 0.3206107 0.3206107 0.3206107 0.7862595 0.7328244 0.6946565 0.7251908 0
0.2463768 0 0.3333333 0.3333333 0.3333333 0.731884 0.7028986 0.731884 0.7246377 0.6666667 0.6666667
0.1654135 0.1654135 0.2030075 0.2105263 0.1879699 0.1729323 0 0.1729323 0 0 0
0.3165468 0 0.3165468 0.3165468 0.3165468 0.6906475 0.6906475 0.7194245 0.7266187 0.6834532 0.7410072
0.3358209 0.1492537 0.3358209 0.3358209 0.3358209 0.3358209 0.7462687 0.7462687 0.6716418 0.6865672 0.7014925
0.1925926 0.1851852 0.2074074 0.2 0.1481481 0.2 0 0 0 0 0
0.2814815 0.2592593 0.3037037 0.3037037 0.3037037 0.7185185 0.6888889 0.7111111 0.7407407 0.6 0.5185185
0.2463768 0 0.3333333 0.3333333 0.3333333 0.731884 0.7028986 0.731884 0.7246377 0.6666667 0.6666667
0.3358209 0.1492537 0.3358209 0.3358209 0.3358209 0.3358209 0.7462687 0.7462687 0.6716418 0.6865672 0.7014925
0.3181818 0 0.3181818 0.3181818 0.3181818 0.6439394 0.7272727 0.7575758 0.7121212 0.6136364 0.5681818
0.2814815 0.2592593 0.3037037 0.3037037 0.3037037 0.7185185 0.6888889 0.7111111 0.7407407 0.6 0.5185185
0.2463768 0 0.3333333 0.3333333 0.3333333 0.731884 0.7028986 0.731884 0.7246377 0.6666667 0.6666667
0.1755725 0.2366412 0.1832061 0.1908397 0.1603053 0.1221374 0 0 0 0 0
0.3358209 0.1492537 0.3358209 0.3358209 0.3358209 0.3358209 0.7462687 0.7462687 0.6716418 0.6865672 0.7014925
0.2014925 0.1492537 0.2014925 0.1865672 0.1940299 0 0 0 0 0 0
0.3165468 0 0.3165468 0.3165468 0.3165468 0.6906475 0.6906475 0.7194245 0.7266187 0.6834532 0.7410072
0.3165468 0 0.3165468 0.3165468 0.3165468 0.6906475 0.6906475 0.7194245 0.7266187 0.6834532 0.7410072
0.1925926 0.1851852 0.2074074 0.2 0.1481481 0.2 0 0 0 0 0
0.1755725 0.2366412 0.1832061 0.1908397 0.1603053 0.1221374 0 0 0 0 0
0.2631579 0.1654135 0.3308271 0.3308271 0.3308271 0.6842105 0.6992481 0.6541353 0.7218045 0.6616541 0.7518797
0.2173913 0.2391304 0.2173913 0.2028986 0.1811594 0.2101449 0 0 0 0 0
0.1755725 0.2366412 0.1832061 0.1908397 0.1603053 0.1221374 0 0 0 0 0
0.3358209 0.1492537 0.3358209 0.3358209 0.3358209 0.3358209 0.7462687 0.7462687 0.6716418 0.6865672 0.7014925
0.3181818 0 0.3181818 0.3181818 0.3181818 0.6439394 0.7272727 0.7575758 0.7121212 0.6136364 0.5681818
0.1428571 0.1928571 0.1928571 0.1928571 0.1642857 0.1928571 0 0 0 0 0
0.3165468 0 0.3165468 0.3165468 0.3165468 0.6906475 0.6906475 0.7194245 0.7266187 0.6834532 0.7410072
0.2173913 0.2391304 0.2173913 0.2028986 0.1811594 0.2101449 0 0 0 0 0
0.2045455 0 0.2045455 0.2045455 0.1590909 0.1969697 0.2045455 0 0 0 0
0.2814815 0.2592593 0.3037037 0.3037037 0.3037037 0.7185185 0.6888889 0.7111111 0.7407407 0.6 0.5185185
0.3260870 0.2391304 0.3333333 0.3333333 0.3333333 0.5652174 0.7826087 0.789855 0.6449275 0.673913 0.7101449
0.1755725 0.2366412 0.1832061 0.1908397 0.1603053 0.1221374 0 0 0 0 0
0.3358209 0.1492537 0.3358209 0.3358209 0.3358209 0.3358209 0.7462687 0.7462687 0.6716418 0.6865672 0.7014925
0.2631579 0.1654135 0.3308271 0.3308271 0.3308271 0.6842105 0.6992481 0.6541353 0.7218045 0.6616541 0.7518797
0.3358209 0.1492537 0.3358209 0.3358209 0.3358209 0.3358209 0.7462687 0.7462687 0.6716418 0.6865672 0.7014925
0.3071429 0.1928571 0.3214286 0.3214286 0.3214286 0.3214286 0.7142857 0.7285714 0.6714286 0.65 0.6857143
0.2631579 0.1654135 0.3308271 0.3308271 0.3308271 0.6842105 0.6992481 0.6541353 0.7218045 0.6616541 0.7518797
0.1925926 0.1851852 0.2074074 0.2 0.1481481 0.2 0 0 0 0 0
0.3260870 0.2391304 0.3333333 0.3333333 0.3333333 0.5652174 0.7826087 0.789855 0.6449275 0.673913 0.7101449
0.3093525 0 0.3309353 0.3309353 0.3309353 0.6402878 0.705036 0.7194245 0.6618705 0.647482 0.618705
0.2463768 0 0.3333333 0.3333333 0.3333333 0.731884 0.7028986 0.731884 0.7246377 0.6666667 0.6666667
0.3358209 0.1492537 0.3358209 0.3358209 0.3358209 0.3358209 0.7462687 0.7462687 0.6716418 0.6865672 0.7014925
0.3071429 0.1928571 0.3214286 0.3214286 0.3214286 0.3214286 0.7142857 0.7285714 0.6714286 0.65 0.6857143
0.1942446 0 0.2014388 0.1798561 0.1151079 0.1007194 0.1870504 0 0 0 0
0.2631579 0.1654135 0.3308271 0.3308271 0.3308271 0.6842105 0.6992481 0.6541353 0.7218045 0.6616541 0.7518797
0.2824427 0.2366412 0.3206107 0.3206107 0.3206107 0.3206107 0.7862595 0.7328244 0.6946565 0.7251908 0
0.2631579 0.1654135 0.3308271 0.3308271 0.3308271 0.6842105 0.6992481 0.6541353 0.7218045 0.6616541 0.7518797
0.2045455 0 0.2045455 0.2045455 0.1590909 0.1969697 0.2045455 0 0 0 0
0.2014925 0.1492537 0.2014925 0.1865672 0.1940299 0 0 0 0 0 0
0.2824427 0.2366412 0.3206107 0.3206107 0.3206107 0.3206107 0.7862595 0.7328244 0.6946565 0.7251908 0
0.3260870 0.2391304 0.3333333 0.3333333 0.3333333 0.5652174 0.7826087 0.789855 0.6449275 0.673913 0.7101449
0.2824427 0.2366412 0.3206107 0.3206107 0.3206107 0.3206107 0.7862595 0.7328244 0.6946565 0.7251908 0
0.3181818 0 0.3181818 0.3181818 0.3181818 0.6439394 0.7272727 0.7575758 0.7121212 0.6136364 0.5681818
0.3093525 0 0.3309353 0.3309353 0.3309353 0.6402878 0.705036 0.7194245 0.6618705 0.647482 0.618705
0.2045455 0 0.2045455 0.2045455 0.1590909 0.1969697 0.2045455 0 0 0 0
0.3093525 0 0.3309353 0.3309353 0.3309353 0.6402878 0.705036 0.7194245 0.6618705 0.647482 0.618705
0.2173913 0.2391304 0.2173913 0.2028986 0.1811594 0.2101449 0 0 0 0 0
0.2824427 0.2366412 0.3206107 0.3206107 0.3206107 0.3206107 0.7862595 0.7328244 0.6946565 0.7251908 0
0.3260870 0.2391304 0.3333333 0.3333333 0.3333333 0.5652174 0.7826087 0.789855 0.6449275 0.673913 0.7101449
0.3181818 0 0.3181818 0.3181818 0.3181818 0.6439394 0.7272727 0.7575758 0.7121212 0.6136364 0.5681818
0.3071429 0.1928571 0.3214286 0.3214286 0.3214286 0.3214286 0.7142857 0.7285714 0.6714286 0.65 0.6857143
0.1925926 0.1851852 0.2074074 0.2 0.1481481 0.2 0 0 0 0 0
0.1942446 0 0.1798561 0.1942446 0.1870504 0 0 0 0 0 0
0.3181818 0 0.3181818 0.3181818 0.3181818 0.6439394 0.7272727 0.7575758 0.7121212 0.6136364 0.5681818
0.3260870 0.2391304 0.3333333 0.3333333 0.3333333 0.5652174 0.7826087 0.789855 0.6449275 0.673913 0.7101449
0.3358209 0.1492537 0.3358209 0.3358209 0.3358209 0.3358209 0.7462687 0.7462687 0.6716418 0.6865672 0.7014925
0.3093525 0 0.3309353 0.3309353 0.3309353 0.6402878 0.705036 0.7194245 0.6618705 0.647482 0.618705
0.1755725 0.2366412 0.1832061 0.1908397 0.1603053 0.1221374 0 0 0 0 0
0.2045455 0 0.2045455 0.2045455 0.1590909 0.1969697 0.2045455 0 0 0 0
0.3181818 0 0.3181818 0.3181818 0.3181818 0.6439394 0.7272727 0.7575758 0.7121212 0.6136364 0.5681818
0.3181818 0 0.3181818 0.3181818 0.3181818 0.6439394 0.7272727 0.7575758 0.7121212 0.6136364 0.5681818
0.3165468 0 0.3165468 0.3165468 0.3165468 0.6906475 0.6906475 0.7194245 0.7266187 0.6834532 0.7410072
0.1925926 0.1851852 0.2074074 0.2 0.1481481 0.2 0 0 0 0 0
0.2824427 0.2366412 0.3206107 0.3206107 0.3206107 0.3206107 0.7862595 0.7328244 0.6946565 0.7251908 0
0.2631579 0.1654135 0.3308271 0.3308271 0.3308271 0.6842105 0.6992481 0.6541353 0.7218045 0.6616541 0.7518797
0.1942446 0 0.2014388 0.1798561 0.1151079 0.1007194 0.1870504 0 0 0 0
0.1086957 0 0.2101449 0.2028986 0.1884058 0.1666667 0 0 0 0 0
0.2463768 0 0.3333333 0.3333333 0.3333333 0.731884 0.7028986 0.731884 0.7246377 0.6666667 0.6666667
0.3165468 0 0.3165468 0.3165468 0.3165468 0.6906475 0.6906475 0.7194245 0.7266187 0.6834532 0.7410072
0.3093525 0 0.3309353 0.3309353 0.3309353 0.6402878 0.705036 0.7194245 0.6618705 0.647482 0.618705
0.2631579 0.1654135 0.3308271 0.3308271 0.3308271 0.6842105 0.6992481 0.6541353 0.7218045 0.6616541 0.7518797
0.3260870 0.2391304 0.3333333 0.3333333 0.3333333 0.5652174 0.7826087 0.789855 0.6449275 0.673913 0.7101449
0.2631579 0.1654135 0.3308271 0.3308271 0.3308271 0.6842105 0.6992481 0.6541353 0.7218045 0.6616541 0.7518797
