0 0 0.02649007 0.02649007 0.02649007 0 0 0 0 0 0
0.0397351 0.2251656 0.3245033 0.3245033 0.3245033 0.397351 0.589404 0.5430464 0.6953642 0.6953642 0.589404
0.0397351 0.06622517 0.06622517 0.06622517 0.06622517 0 0 0 0 0 0
0.0397351 0.2251656 0.3245033 0.3245033 0.3245033 0.6423841 0.8543046 0.8543046 0.8543046 0.9139073 0.9139073
0.0397351 0.2251656 0.3245033 0.3245033 0.3245033 0.397351 0.4304636 0.4768212 0.4768212 0.4039735 0.4039735
0.0397351 0.1125828 0.1456954 0.1125828 0.1125828 0.1324503 0 0 0 0 0
0.0397351 0.2251656 0.3245033 0.3245033 0.3245033 0.3245033 0.3245033 0.3576159 0.3245033 0.4701987 0.4039735
0.0397351 0.2251656 0.1125828 0.1456954 0.1456954 0.1655629 0 0 0 0 0
0.0397351 0.1125828 0.1456954 0.1125828 0.1125828 0.1324503 0 0 0 0 0
0.0397351 0.2251656 0.3245033 0.3245033 0.3245033 0.5629139 0.5430464 0.6423841 0.6490066 0.5430464 0.4039735
0.0397351 0.1125828 0.1456954 0.1125828 0.1125828 0.1324503 0 0 0 0 0
0.0397351 0.2251656 0.3245033 0.3245033 0.3245033 0.397351 0.4304636 0.4768212 0.4768212 0.4039735 0.4039735
0.0397351 0.2251656 0.1125828 0.1456954 0.1456954 0.1655629 0 0 0 0 0
0.0397351 0.2251656 0.3245033 0.3245033 0.3245033 0.397351 0.589404 0.5430464 0.6953642 0.6953642 0.589404
0.0397351 0.2251656 0.3245033 0.3245033 0.3245033 0.6423841 0.8543046 0.8543046 0.8543046 0.9139073 0.9139073
0.0397351 0.2251656 0.3245033 0.3245033 0.3245033 0.6423841 0.8543046 0.8543046 0.8543046 0.9139073 0.9139073
0.0397351 0.2251656 0.205298 0.2450331 0.2980132 0.1986755 0 0 0 0 0
0.0397351 0.1125828 0.2516556 0.2715232 0.2450331 0.1986755 0 0 0 0 0
0.0397351 0.2251656 0.3245033 0.3245033 0.3245033 0.6423841 0.8543046 0.8543046 0.8543046 0.9139073 0.9139073
0.0397351 0.2251656 0.3245033 0.3245033 0.3245033 0.397351 0.589404 0.5430464 0.6953642 0.6953642 0.589404
0.0397351 0.2251656 0.3245033 0.3245033 0.3245033 0.3245033 0.3245033 0.3576159 0.3245033 0.4701987 0.4039735
0.0397351 0.2251656 0.3245033 0.3245033 0.3245033 0.3245033 0.3245033 0.3576159 0.3245033 0.4701987 0.4039735
0.0397351 0.1125828 0.2516556 0.2715232 0.2450331 0.1986755 0 0 0 0 0
0.0397351 0.2251656 0.3245033 0.3245033 0.3245033 0.8807947 0.9403974 0.9403974 0.9403974 0.8543046 0.8543046
0.0397351 0.1125828 0.1788079 0.1788079 0.1986755 0.1986755 0.2980132 0 0 0 0
0.0397351 0 0 0 0 0 0 0 0 0 0
0.0397351 0.2251656 0.3046358 0.205298 0.1788079 0.1125828 0 0 0 0 0
0.0397351 0.2251656 0.3245033 0.3245033 0.3245033 0.397351 0.589404 0.5430464 0.6953642 0.6953642 0.589404
0.0397351 0.2251656 0.3245033 0.3245033 0.3245033 0.397351 0.589404 0.5430464 0.6953642 0.6953642 0.589404
0.0397351 0 0 0 0 0 0 0 0 0 0
0.0397351 0.2251656 0.3245033 0.3245033 0.3245033 0.6423841 0.6887417 0.6887417 0.5430464 0.5430464 0.589404
0.0397351 0.1125828 0.2516556 0.2715232 0.2450331 0.1986755 0 0 0 0 0
0.0397351 0.1125828 0.2516556 0.2715232 0.2450331 0.1986755 0 0 0 0 0
0.0397351 0.2251656 0.3245033 0.3245033 0.3245033 0.6423841 0.4966887 0.4304636 0.4304636 0.3576159 0.3576159
0.0397351 0.2251656 0.3245033 0.3245033 0.3245033 0.8807947 0.794702 0.794702 0.794702 0.794702 0.589404
0.0397351 0.2251656 0.3245033 0.3245033 0.3245033 0.8807947 0.794702 0.794702 0.794702 0.794702 0.589404
0.0397351 0.2251656 0.3245033 0.3245033 0.3245033 0.397351 0.589404 0.5430464 0.6953642 0.6953642 0.589404
0.0397351 0.2251656 0.2317881 0.2251656 0.2251656 0.3046358 0 0 0 0 0
0.0397351 0.06622517 0.06622517 0.06622517 0.06622517 0 0 0 0 0 0
0.0397351 0.1125828 0.2516556 0.2715232 0.2450331 0.1986755 0 0 0 0 0
0.0397351 0.2251656 0.3245033 0.3245033 0.3245033 0.397351 0.589404 0.5430464 0.6953642 0.6953642 0.589404
0.0397351 0.2251656 0.3245033 0.3245033 0.3245033 0.5629139 0.397351 0.3245033 0.397351 0.3245033 0
0.0397351 0.2251656 0.3245033 0.3245033 0.3245033 0.397351 0.589404 0.5430464 0.6953642 0.6953642 0.589404
0.0397351 0.2251656 0.3245033 0.3245033 0.3245033 0.6423841 0.6887417 0.6887417 0.5430464 0.5430464 0.589404
0 0 0.02649007 0.02649007 0.02649007 0 0 0 0 0 0
0.0397351 0.2251656 0.3245033 0.3245033 0.3245033 0.8807947 0.794702 0.794702 0.794702 0.794702 0.589404
0.0397351 0.2251656 0.3245033 0.3245033 0.3245033 0.8807947 0.794702 0.794702 0.794702 0.794702 0.589404
0.0397351 0.2251656 0.3245033 0.3245033 0.3245033 0.8807947 0.9403974 0.9403974 0.9403974 0.8543046 0.8543046
0.0397351 0.2251656 0.3245033 0.3245033 0.3245033 0.6423841 0.8543046 0.8543046 0.8543046 0.9139073 0.9139073
0.0397351 0.2251656 0.3245033 0.3245033 0.3245033 0.5629139 0.397351 0.3245033 0.397351 0.3245033 0
0.0397351 0.06622517 0.06622517 0.06622517 0.06622517 0 0 0 0 0 0
0.0397351 0.2251656 0.1125828 0.1456954 0.1456954 0.1655629 0 0 0 0 0
0.0397351 0.2251656 0.3245033 0.3245033 0.3245033 0.3245033 0.3245033 0.3576159 0.3245033 0.4701987 0.4039735
0.0397351 0.2251656 0.3245033 0.3245033 0.3245033 0.3245033 0.3245033 0.3576159 0.3245033 0.4701987 0.4039735
0.0397351 0.2251656 0.3245033 0.3245033 0.3245033 0.6423841 0.4966887 0.4304636 0.4304636 0.3576159 0.3576159
0.0397351 0.2251656 0.2317881 0.2251656 0.2251656 0.3046358 0 0 0 0 0
0.0397351 0.2251656 0.3245033 0.3245033 0.3245033 0.6423841 0.6887417 0.6887417 0.5430464 0.5430464 0.589404
0.0397351 0.2251656 0.3245033 0.3245033 0.3245033 0.397351 0.589404 0.5430464 0.6953642 0.6953642 0.589404
0.0397351 0.2251656 0.3245033 0.3245033 0.3245033 0.6423841 0.6887417 0.6887417 0.5430464 0.5430464 0.589404
0.0397351 0.2251656 0.3245033 0.3245033 0.3245033 0.8807947 0.9403974 0.9403974 0.9403974 0.8543046 0.8543046
0.0397351 0.2251656 0.3245033 0.3245033 0.3245033 0.397351 0.589404 0.5430464 0.6953642 0.6953642 0.589404
0.0397351 0.2251656 0.3245033 0.3245033 0.3245033 0.5629139 0.397351 0.3245033 0.397351 0.3245033 0
0.0397351 0.2251656 0.3245033 0.3245033 0.3245033 0.6423841 0.6887417 0.6887417 0.5430464 0.5430464 0.589404
0.0397351 0.2251656 0.3245033 0.3245033 0.3245033 0.397351 0.589404 0.5430464 0.6953642 0.6953642 0.589404
0.0397351 0.2251656 0.3245033 0.3245033 0.3245033 0.3245033 0.3245033 0.3576159 0.3245033 0.4701987 0.4039735
0.0397351 0.1125828 0.2516556 0.2715232 0.2450331 0.1986755 0 0 0 0 0
0.0397351 0.2251656 0.3245033 0.3245033 0.3245033 0.397351 0.4304636 0.4768212 0.4768212 0.4039735 0.4039735
0.0397351 0.2251656 0.3245033 0.3245033 0.3245033 0.5629139 0.5430464 0.6423841 0.6490066 0.5430464 0.4039735
0.0397351 0.2251656 0.3245033 0.3245033 0.3245033 0.6423841 0.8543046 0.8543046 0.8543046 0.9139073 0.9139073
0.0397351 0.2251656 0.3245033 0.3245033 0.3245033 0.5629139 0.397351 0.3245033 0.397351 0.3245033 0
0.0397351 0.2251656 0.3245033 0.3245033 0.3245033 0.6423841 0.4966887 0.4304636 0.4304636 0.3576159 0.3576159
0.0397351 0.06622517 0.06622517 0.06622517 0.06622517 0 0 0 0 0 0
0.0397351 0.2251656 0.3245033 0.3245033 0.3245033 0.397351 0.4304636 0.4768212 0.4768212 0.4039735 0.4039735
0.0397351 0.2251656 0.3245033 0.3245033 0.3245033 0.397351 0.4304636 0.4768212 0.4768212 0.4039735 0.4039735
0.0397351 0.2251656 0.205298 0.2450331 0.2980132 0.1986755 0 0 0 0 0
0.0397351 0.2251656 0.3245033 0.3245033 0.3245033 0.6423841 0.6887417 0.6887417 0.5430464 0.5430464 0.589404
0.0397351 0.2251656 0.3245033 0.3245033 0.3245033 0.6423841 0.8543046 0.8543046 0.8543046 0.9139073 0.9139073
0.0397351 0.2251656 0.3245033 0.3245033 0.3245033 0.6423841 0.6887417 0.6887417 0.5430464 0.5430464 0.589404
0.0397351 0.2251656 0.3245033 0.3245033 0.3245033 0.3245033 0.3245033 0.3576159 0.3245033 0.4701987 0.4039735
0.0397351 0.2251656 0.3245033 0.3245033 0.3245033 0.6423841 0.6887417 0.6887417 0.5430464 0.5430464 0.589404
0.0397351 0.2251656 0.3245033 0.3245033 0.3245033 0.6423841 0.6887417 0.6887417 0.5430464 0.5430464 0.589404
0.0397351 0.1125828 0.1788079 0.1788079 0.1986755 0.1986755 0.2980132 0 0 0 0
0.0397351 0.2251656 0.3245033 0.3245033 0.3245033 0.5629139 0.5430464 0.6423841 0.6490066 0.5430464 0.4039735
0.0397351 0.1125828 0.1456954 0.1125828 0.1125828 0.1324503 0 0 0 0 0
0.0397351 0.2251656 0.3245033 0.3245033 0.3245033 0.6423841 0.8543046 0.8543046 0.8543046 0.9139073 0.9139073
0.0397351 0.2251656 0.3245033 0.3245033 0.3245033 0.6423841 0.6887417 0.6887417 0.5430464 0.5430464 0.589404
0.0397351 0.06622517 0.06622517 0.06622517 0.06622517 0 0 0 0 0 0
0 0 0.02649007 0.02649007 0.02649007 0 0 0 0 0 0
0.0397351 0.2251656 0.3245033 0.3245033 0.3245033 0.8807947 0.794702 0.794702 0.794702 0.794702 0.589404
0.0397351 0.06622517 0.06622517 0.06622517 0.06622517 0 0 0 0 0 0
0.0397351 0.2251656 0.1125828 0.1456954 0.1456954 0.1655629 0 0 0 0 0
0.0397351 0.2251656 0.3245033 0.3245033 0.3245033 0.6423841 0.4966887 0.4304636 0.4304636 0.3576159 0.3576159
0.0397351 0.2251656 0.3245033 0.3245033 0.3245033 0.6423841 0.4966887 0.4304636 0.4304636 0.3576159 0.3576159
0.0397351 0 0 0 0 0 0 0 0 0 0
0.0397351 0.2251656 0.3245033 0.3245033 0.3245033 0.8807947 0.9403974 0.9403974 0.9403974 0.8543046 0.8543046
0.0397351 0.1125828 0.2516556 0.2715232 0.2450331 0.1986755 0 0 0 0 0
0.0397351 0.1125828 0.1788079 0.1788079 0.1986755 0.1986755 0.2980132 0 0 0 0
0.0397351 0.2251656 0.3245033 0.3245033 0.3245033 0.397351 0.4304636 0.4768212 0.4768212 0.4039735 0.4039735
0.0397351 0.2251656 0.3245033 0.3245033 0.3245033 0.5629139 0.5430464 0.6423841 0.6490066 0.5430464 0.4039735
0.0397351 0.2251656 0.2317881 0.2251656 0.2251656 0.3046358 0 0 0 0 0
0.0397351 0.2251656 0.3245033 0.3245033 0.3245033 0.6423841 0.6887417 0.6887417 0.5430464 0.5430464 0.589404
0.0397351 0.2251656 0.3245033 0.3245033 0.3245033 0.397351 0.589404 0.5430464 0.6953642 0.6953642 0.589404
0.0397351 0.2251656 0.3245033 0.3245033 0.3245033 0.6423841 0.6887417 0.6887417 0.5430464 0.5430464 0.589404
0.0397351 0.2251656 0.3245033 0.3245033 0.3245033 0.8807947 0.9403974 0.9403974 0.9403974 0.8543046 0.8543046
0.0397351 0.2251656 0.3245033 0.3245033 0.3245033 0.5629139 0.5430464 0.6423841 0.6490066 0.5430464 0.4039735
0.0397351 0.2251656 0.1125828 0.1456954 0.1456954 0.1655629 0 0 0 0 0
0.0397351 0.2251656 0.3245033 0.3245033 0.3245033 0.3245033 0.3245033 0.3576159 0.3245033 0.4701987 0.4039735
0.0397351 0.2251656 0.3245033 0.3245033 0.3245033 0.6423841 0.6887417 0.6887417 0.5430464 0.5430464 0.589404
0.0397351 0.2251656 0.3245033 0.3245033 0.3245033 0.6423841 0.8543046 0.8543046 0.8543046 0.9139073 0.9139073
0.0397351 0.2251656 0.3245033 0.3245033 0.3245033 0.397351 0.4304636 0.4768212 0.4768212 0.4039735 0.4039735
0.0397351 0.2251656 0.3245033 0.3245033 0.3245033 0.6423841 0.4966887 0.4304636 0.4304636 0.3576159 0.3576159
0.0397351 0 0 0 0 0 0 0 0 0 0
0.0397351 0.2251656 0.3245033 0.3245033 0.3245033 0.397351 0.589404 0.5430464 0.6953642 0.6953642 0.589404
0.0397351 0.2251656 0.3245033 0.3245033 0.3245033 0.3245033 0.3245033 0.3576159 0.3245033 0.4701987 0.4039735
0.0397351 0.2251656 0.3245033 0.3245033 0.3245033 0.3245033 0.3245033 0.3576159 0.3245033 0.4701987 0.4039735
0.0397351 0.2251656 0.205298 0.2450331 0.2980132 0.1986755 0 0 0 0 0
0.0397351 0.2251656 0.3046358 0.205298 0.1788079 0.1125828 0 0 0 0 0
0.0397351 0.2251656 0.3245033 0.3245033 0.3245033 0.397351 0.589404 0.5430464 0.6953642 0.6953642 0.589404
0.0397351 0.2251656 0.3245033 0.3245033 0.3245033 0.8807947 0.9403974 0.9403974 0.9403974 0.8543046 0.8543046
0.0397351 0.2251656 0.3245033 0.3245033 0.3245033 0.6423841 0.6887417 0.6887417 0.5430464 0.5430464 0.589404
0.0397351 0.2251656 0.3245033 0.3245033 0.3245033 0.3245033 0.3245033 0.3576159 0.3245033 0.4701987 0.4039735
0.0397351 0.2251656 0.3245033 0.3245033 0.3245033 0.8807947 0.9403974 0.9403974 0.9403974 0.8543046 0.8543046
0.0397351 0.1125828 0.1456954 0.1125828 0.1125828 0.1324503 0 0 0 0 0
0.0397351 0.2251656 0.3245033 0.3245033 0.3245033 0.5629139 0.397351 0.3245033 0.397351 0.3245033 0
0.0397351 0.2251656 0.205298 0.2450331 0.2980132 0.1986755 0 0 0 0 0
0.0397351 0.2251656 0.3245033 0.3245033 0.3245033 0.6423841 0.8543046 0.8543046 0.8543046 0.9139073 0.9139073
0.0397351 0.2251656 0.3245033 0.3245033 0.3245033 0.6423841 0.4966887 0.4304636 0.4304636 0.3576159 0.3576159
0.0397351 0.2251656 0.3245033 0.3245033 0.3245033 0.6423841 0.8543046 0.8543046 0.8543046 0.9139073 0.9139073
0.0397351 0.2251656 0.3245033 0.3245033 0.3245033 0.5629139 0.5430464 0.6423841 0.6490066 0.5430464 0.4039735
0.0397351 0.2251656 0.3046358 0.205298 0.1788079 0.1125828 0 0 0 0 0
0.0397351 0.06622517 0.06622517 0.06622517 0.06622517 0 0 0 0 0 0
0.0397351 0.2251656 0.3245033 0.3245033 0.3245033 0.8807947 0.9403974 0.9403974 0.9403974 0.8543046 0.8543046
0.0397351 0.2251656 0.3245033 0.3245033 0.3245033 0.397351 0.589404 0.5430464 0.6953642 0.6953642 0.589404
0.0397351 0.2251656 0.3245033 0.3245033 0.3245033 0.397351 0.4304636 0.4768212 0.4768212 0.4039735 0.4039735
0.0397351 0.2251656 0.3245033 0.3245033 0.3245033 0.397351 0.4304636 0.4768212 0.4768212 0.4039735 0.4039735
0 0 0.02649007 0.02649007 0.02649007 0 0 0 0 0 0
0 0 0.02649007 0.02649007 0.02649007 0 0 0 0 0 0
0.0397351 0.2251656 0.3245033 0.3245033 0.3245033 0.397351 0.4304636 0.4768212 0.4768212 0.4039735 0.4039735
0.0397351 0.2251656 0.3245033 0.3245033 0.3245033 0.5629139 0.5430464 0.6423841 0.6490066 0.5430464 0.4039735
0.0397351 0.2251656 0.3245033 0.3245033 0.3245033 0.6423841 0.6887417 0.6887417 0.5430464 0.5430464 0.589404
0 0 0.02649007 0.02649007 0.02649007 0 0 0 0 0 0
0.0397351 0.2251656 0.3245033 0.3245033 0.3245033 0.6423841 0.8543046 0.8543046 0.8543046 0.9139073 0.9139073
0.0397351 0.2251656 0.3245033 0.3245033 0.3245033 0.8807947 0.794702 0.794702 0.794702 0.794702 0.589404
0.0397351 0.1125828 0.1788079 0.1788079 0.1986755 0.1986755 0.2980132 0 0 0 0
0.0397351 0.1125828 0.2516556 0.2715232 0.2450331 0.1986755 0 0 0 0 0
0.0397351 0.2251656 0.3245033 0.3245033 0.3245033 0.8807947 0.794702 0.794702 0.794702 0.794702 0.589404
0.0397351 0.2251656 0.3245033 0.3245033 0.3245033 0.6423841 0.8543046 0.8543046 0.8543046 0.9139073 0.9139073
0.0397351 0.2251656 0.3245033 0.3245033 0.3245033 0.6423841 0.6887417 0.6887417 0.5430464 0.5430464 0.589404
0.0397351 0.2251656 0.3245033 0.3245033 0.3245033 0.8807947 0.9403974 0.9403974 0.9403974 0.8543046 0.8543046
0.0397351 0.2251656 0.3245033 0.3245033 0.3245033 0.8807947 0.794702 0.794702 0.794702 0.794702 0.589404
0.0397351 0.2251656 0.3245033 0.3245033 0.3245033 0.8807947 0.794702 0.794702 0.794702 0.794702 0.589404
