0 0.004 0.162 0.662 0.964 0.998 1 1 1 1 1
0 0 0 0 0 0 0.084 0.458 0.78 0.954 0.986
0 0.002 0.14 0.634 0.958 0.994 0.998 1 1 1 1
0 0 0 0 0 0 0.106 0.536 0.87 0.972 0.994
0 0 0 0 0 0 0.084 0.458 0.78 0.954 0.986
0 0.004 0.064 0.486 0.914 0.99 1 1 1 1 1
0 0 0 0 0 0.002 0.14 0.546 0.894 0.98 0.994
0 0.002 0.14 0.634 0.958 0.994 0.998 1 1 1 1
0 0.002 0.094 0.532 0.906 0.992 1 1 1 1 1
0 0 0 0 0 0.014 0.198 0.648 0.874 0.968 0.988
0 0.002 0.14 0.634 0.958 0.994 0.998 1 1 1 1
0 0 0 0 0 0 0.106 0.536 0.87 0.972 0.994
0 0.002 0.092 0.586 0.938 0.986 0.998 1 1 1 1
0 0 0 0 0 0.006 0.094 0.53 0.842 0.984 0.996
0 0 0 0 0 0.014 0.198 0.648 0.874 0.968 0.988
0 0 0 0 0 0 0.142 0.59 0.894 0.978 1
0 0.002 0.094 0.532 0.906 0.992 1 1 1 1 1
0 0.006 0.098 0.604 0.932 0.998 1 1 1 1 1
0 0 0 0 0 0 0.106 0.536 0.87 0.972 0.994
0 0 0 0 0 0.006 0.094 0.53 0.842 0.984 0.996
0 0 0 0 0 0.006 0.094 0.53 0.842 0.984 0.996
0 0 0 0 0 0.002 0.14 0.546 0.894 0.98 0.994
0 0.004 0.064 0.486 0.914 0.99 1 1 1 1 1
0 0 0 0 0 0.014 0.198 0.648 0.874 0.968 0.988
0 0.004 0.064 0.486 0.914 0.99 1 1 1 1 1
0 0.004 0.064 0.486 0.914 0.99 1 1 1 1 1
0 0.004 0.064 0.486 0.914 0.99 1 1 1 1 1
0 0 0 0 0 0 0.086 0.434 0.84 0.958 0.994
0 0 0 0 0 0.004 0.118 0.592 0.918 0.966 0.992
0 0.004 0.162 0.662 0.964 0.998 1 1 1 1 1
0 0 0 0 0 0 0.084 0.458 0.78 0.954 0.986
0 0.006 0.124 0.6 0.95 0.994 1 1 1 1 1
0 0.002 0.14 0.634 0.958 0.994 0.998 1 1 1 1
0 0 0 0 0 0.006 0.136 0.54 0.86 0.974 0.998
0 0 0 0 0 0 0.106 0.536 0.87 0.972 0.994
0 0 0 0 0 0.014 0.198 0.648 0.874 0.968 0.988
0 0 0 0 0 0.004 0.156 0.592 0.9 0.976 0.992
0 0.004 0.082 0.574 0.926 0.994 1 1 1 1 1
0 0.002 0.14 0.634 0.958 0.994 0.998 1 1 1 1
0 0.002 0.092 0.586 0.938 0.986 0.998 1 1 1 1
0 0 0 0 0 0 0.142 0.59 0.894 0.978 1
0 0 0 0 0 0.006 0.136 0.54 0.86 0.974 0.998
0 0 0 0 0 0 0.106 0.536 0.87 0.972 0.994
0 0 0 0 0 0.014 0.198 0.648 0.874 0.968 0.988
0 0.004 0.082 0.574 0.926 0.994 1 1 1 1 1
0 0 0 0 0 0.002 0.14 0.546 0.894 0.98 0.994
0 0 0 0 0 0.006 0.136 0.54 0.86 0.974 0.998
0 0 0 0 0 0.006 0.136 0.54 0.86 0.974 0.998
0 0 0 0 0 0.006 0.094 0.53 0.842 0.984 0.996
0 0 0 0 0 0.006 0.136 0.54 0.86 0.974 0.998
0 0.002 0.094 0.532 0.906 0.992 1 1 1 1 1
0 0.004 0.082 0.574 0.926 0.994 1 1 1 1 1
0 0 0 0 0 0 0.086 0.434 0.84 0.958 0.994
0 0 0 0 0 0.006 0.094 0.53 0.842 0.984 0.996
0 0 0 0 0 0.006 0.094 0.53 0.842 0.984 0.996
0 0.002 0.08 0.536 0.922 0.996 1 1 1 1 1
0 0 0 0 0 0 0.106 0.536 0.87 0.972 0.994
0 0 0 0 0 0 0.086 0.434 0.84 0.958 0.994
0 0 0 0 0 0 0.106 0.536 0.87 0.972 0.994
0 0 0 0 0 0.004 0.156 0.592 0.9 0.976 0.992
0 0 0 0 0 0.006 0.094 0.53 0.842 0.984 0.996
0 0 0 0 0 0 0.106 0.536 0.87 0.972 0.994
0 0 0 0 0 0 0.086 0.434 0.84 0.958 0.994
0 0 0 0 0 0 0.086 0.434 0.84 0.958 0.994
0 0 0 0 0 0 0.142 0.59 0.894 0.978 1
0 0.004 0.082 0.574 0.926 0.994 1 1 1 1 1
0 0 0 0 0 0 0.086 0.434 0.84 0.958 0.994
0 0 0 0 0 0 0.106 0.536 0.87 0.972 0.994
0 0 0 0 0 0.004 0.156 0.592 0.9 0.976 0.992
0 0 0 0 0 0 0.084 0.458 0.78 0.954 0.986
0 0 0 0 0 0 0.086 0.434 0.84 0.958 0.994
0 0.006 0.098 0.604 0.932 0.998 1 1 1 1 1
0 0 0 0 0 0.004 0.156 0.592 0.9 0.976 0.992
0 0 0 0 0 0.002 0.14 0.546 0.894 0.98 0.994
0 0.004 0.064 0.486 0.914 0.99 1 1 1 1 1
0 0 0 0 0 0 0.084 0.458 0.78 0.954 0.986
0 0 0 0 0 0.004 0.156 0.592 0.9 0.976 0.992
0 0 0 0 0 0.004 0.156 0.592 0.9 0.976 0.992
0 0 0 0 0 0.002 0.14 0.546 0.894 0.98 0.994
0 0 0 0 0 0.004 0.156 0.592 0.9 0.976 0.992
0 0 0 0 0 0.004 0.156 0.592 0.9 0.976 0.992
0 0.002 0.092 0.586 0.938 0.986 0.998 1 1 1 1
0 0 0 0 0 0 0.086 0.434 0.84 0.958 0.994
0 0.002 0.092 0.586 0.938 0.986 0.998 1 1 1 1
0 0 0 0 0 0 0.086 0.434 0.84 0.958 0.994
0 0 0 0 0 0.014 0.198 0.648 0.874 0.968 0.988
0 0 0.054 0.496 0.886 0.988 1 1 1 1 1
0 0.002 0.08 0.536 0.922 0.996 1 1 1 1 1
0 0 0 0 0 0.002 0.14 0.546 0.894 0.98 0.994
0 0.002 0.092 0.586 0.938 0.986 0.998 1 1 1 1
0 0.004 0.064 0.486 0.914 0.99 1 1 1 1 1
0 0 0 0 0 0.002 0.14 0.546 0.894 0.98 0.994
0 0 0 0 0 0.006 0.136 0.54 0.86 0.974 0.998
0 0.006 0.098 0.604 0.932 0.998 1 1 1 1 1
0 0 0 0 0 0 0.084 0.458 0.78 0.954 0.986
0 0.004 0.162 0.662 0.964 0.998 1 1 1 1 1
0 0.006 0.124 0.6 0.95 0.994 1 1 1 1 1
0 0 0 0 0 0.014 0.198 0.648 0.874 0.968 0.988
0 0 0 0 0 0 0.084 0.458 0.78 0.954 0.986
0 0.004 0.162 0.662 0.964 0.998 1 1 1 1 1
0 0 0 0 0 0.006 0.094 0.53 0.842 0.984 0.996
0 0 0 0 0 0 0.142 0.59 0.894 0.978 1
0 0 0 0 0 0.002 0.14 0.546 0.894 0.98 0.994
0 0 0 0 0 0 0.084 0.458 0.78 0.954 0.986
0 0 0 0 0 0 0.106 0.536 0.87 0.972 0.994
0 0 0.054 0.496 0.886 0.988 1 1 1 1 1
0 0 0 0 0 0.004 0.118 0.592 0.918 0.966 0.992
0 0 0 0 0 0.004 0.118 0.592 0.918 0.966 0.992
0 0 0 0 0 0.006 0.094 0.53 0.842 0.984 0.996
0 0 0 0 0 0.006 0.136 0.54 0.86 0.974 0.998
0 0 0 0 0 0.006 0.094 0.53 0.842 0.984 0.996
0 0.002 0.14 0.634 0.958 0.994 0.998 1 1 1 1
0 0 0 0 0 0.014 0.198 0.648 0.874 0.968 0.988
0 0 0 0 0 0 0.106 0.536 0.87 0.972 0.994
0 0 0 0 0 0.006 0.136 0.54 0.86 0.974 0.998
0 0.004 0.082 0.574 0.926 0.994 1 1 1 1 1
0 0.004 0.082 0.574 0.926 0.994 1 1 1 1 1
0 0 0 0 0 0.006 0.094 0.53 0.842 0.984 0.996
0 0 0 0 0 0.006 0.136 0.54 0.86 0.974 0.998
0 0 0 0 0 0.006 0.136 0.54 0.86 0.974 0.998
0 0 0 0 0 0.004 0.118 0.592 0.918 0.966 0.992
0 0 0 0 0 0.006 0.136 0.54 0.86 0.974 0.998
0 0.002 0.094 0.532 0.906 0.992 1 1 1 1 1
0 0 0 0 0 0.006 0.094 0.53 0.842 0.984 0.996
0 0.002 0.092 0.586 0.938 0.986 0.998 1 1 1 1
0 0 0 0 0 0.004 0.156 0.592 0.9 0.976 0.992
0 0 0 0 0 0.004 0.156 0.592 0.9 0.976 0.992
0 0 0 0 0 0 0.084 0.458 0.78 0.954 0.986
0 0 0 0 0 0.014 0.198 0.648 0.874 0.968 0.988
0 0.006 0.098 0.604 0.932 0.998 1 1 1 1 1
0 0.006 0.124 0.6 0.95 0.994 1 1 1 1 1
0 0 0 0 0 0.014 0.198 0.648 0.874 0.968 0.988
0 0 0 0 0 0 0.142 0.59 0.894 0.978 1
0 0 0 0 0 0 0.106 0.536 0.87 0.972 0.994
0 0 0 0 0 0 0.142 0.59 0.894 0.978 1
0 0.006 0.124 0.6 0.95 0.994 1 1 1 1 1
0 0.002 0.094 0.532 0.906 0.992 1 1 1 1 1
0 0 0 0 0 0 0.106 0.536 0.87 0.972 0.994
0 0 0 0 0 0 0.106 0.536 0.87 0.972 0.994
0 0 0 0 0 0 0.142 0.59 0.894 0.978 1
0 0.002 0.08 0.536 0.922 0.996 1 1 1 1 1
0 0 0 0 0 0.006 0.094 0.53 0.842 0.984 0.996
0 0 0 0 0 0 0.142 0.59 0.894 0.978 1
0 0.002 0.14 0.634 0.958 0.994 0.998 1 1 1 1
0 0.006 0.124 0.6 0.95 0.994 1 1 1 1 1
0 0 0 0 0 0 0.086 0.434 0.84 0.958 0.994
0 0 0 0 0 0.004 0.118 0.592 0.918 0.966 0.992
0 0 0 0 0 0.002 0.14 0.546 0.894 0.98 0.994
0 0 0 0 0 0 0.142 0.59 0.894 0.978 1
0 0 0 0 0 0.004 0.118 0.592 0.918 0.966 0.992
0 0 0 0 0 0 0.106 0.536 0.87 0.972 0.994
