0 0 0.144 0.672 0.952 0.998 1 1 1 1 1
0 0 0 0 0 0.002 0.138 0.578 0.902 0.974 0.994
0 0.002 0.102 0.584 0.934 0.996 1 0.998 1 1 1
0 0 0 0 0 0.004 0.17 0.594 0.9 0.982 0.996
0 0 0 0 0 0.002 0.068 0.472 0.818 0.966 0.998
0 0.012 0.184 0.714 0.95 1 1 1 1 1 1
0 0 0 0 0 0.01 0.154 0.572 0.872 0.972 0.998
0 0.012 0.184 0.714 0.95 1 1 1 1 1 1
0 0.002 0.096 0.53 0.926 0.99 1 1 1 1 1
0 0 0 0 0 0.006 0.122 0.574 0.838 0.972 0.996
0 0.004 0.07 0.504 0.91 0.994 1 1 1 1 1
0 0 0 0 0 0 0.042 0.354 0.714 0.922 0.976
0 0.002 0.062 0.506 0.918 0.998 1 1 1 1 1
0 0 0 0 0 0.004 0.17 0.594 0.9 0.982 0.996
0 0 0 0 0 0.006 0.2 0.686 0.92 0.992 1
0 0 0 0 0 0 0.042 0.354 0.714 0.922 0.976
0 0.002 0.046 0.466 0.904 0.994 1 1 1 1 1
0 0.002 0.102 0.584 0.934 0.996 1 0.998 1 1 1
0 0 0 0 0 0 0.134 0.546 0.872 0.968 0.994
0 0 0 0 0 0.006 0.122 0.574 0.838 0.972 0.996
0 0 0 0 0.002 0.006 0.12 0.532 0.842 0.964 0.996
0 0 0 0 0 0.004 0.17 0.594 0.9 0.982 0.996
0 0.004 0.07 0.504 0.91 0.994 1 1 1 1 1
0 0 0 0 0 0.01 0.154 0.572 0.872 0.972 0.998
0 0.002 0.096 0.53 0.926 0.99 1 1 1 1 1
0 0.012 0.184 0.714 0.95 1 1 1 1 1 1
0 0.002 0.102 0.584 0.934 0.996 1 0.998 1 1 1
0 0 0 0 0 0 0.134 0.546 0.872 0.968 0.994
0 0 0 0 0 0.004 0.17 0.594 0.9 0.982 0.996
0 0 0.09 0.614 0.948 1 1 1 1 1 1
0 0 0 0 0 0.004 0.17 0.594 0.9 0.982 0.996
0 0.01 0.196 0.678 0.944 0.994 1 1 1 1 1
0 0 0.144 0.672 0.952 0.998 1 1 1 1 1
0 0 0 0 0 0.01 0.154 0.572 0.872 0.972 0.998
0 0 0 0 0 0.002 0.068 0.472 0.818 0.966 0.998
0 0 0 0 0 0.004 0.18 0.598 0.856 0.958 0.988
0 0 0 0 0 0.004 0.17 0.594 0.9 0.982 0.996
0 0.004 0.07 0.504 0.91 0.994 1 1 1 1 1
0 0.002 0.102 0.584 0.934 0.996 1 0.998 1 1 1
0 0.002 0.052 0.524 0.908 0.988 1 1 1 1 1
0 0 0 0 0 0.002 0.068 0.472 0.818 0.966 0.998
0 0 0 0 0 0.004 0.18 0.598 0.856 0.958 0.988
0 0 0 0 0 0 0.134 0.546 0.872 0.968 0.994
0 0 0 0 0 0.004 0.18 0.598 0.856 0.958 0.988
0 0.002 0.096 0.53 0.926 0.99 1 1 1 1 1
0 0 0 0 0 0 0.134 0.546 0.872 0.968 0.994
0 0 0 0 0 0 0.134 0.546 0.872 0.968 0.994
0 0 0 0 0 0.004 0.18 0.598 0.856 0.958 0.988
0 0 0 0 0 0.006 0.122 0.574 0.838 0.972 0.996
0 0 0 0 0 0 0.042 0.354 0.714 0.922 0.976
0 0.002 0.102 0.584 0.934 0.996 1 0.998 1 1 1
0 0 0.09 0.614 0.948 1 1 1 1 1 1
0 0 0 0 0 0 0.134 0.546 0.872 0.968 0.994
0 0 0 0 0 0.002 0.138 0.578 0.902 0.974 0.994
0 0 0 0 0 0.006 0.2 0.686 0.92 0.992 1
0 0.002 0.052 0.524 0.908 0.988 1 1 1 1 1
0 0 0 0 0 0.002 0.138 0.578 0.902 0.974 0.994
0 0 0 0 0 0 0.042 0.354 0.714 0.922 0.976
0 0 0 0 0 0 0.042 0.354 0.714 0.922 0.976
0 0 0 0 0 0.002 0.068 0.472 0.818 0.966 0.998
0 0 0 0 0 0 0.134 0.546 0.872 0.968 0.994
0 0 0 0 0 0.002 0.138 0.578 0.902 0.974 0.994
0 0 0 0 0 0 0.042 0.354 0.714 0.922 0.976
0 0 0 0 0 0 0.042 0.354 0.714 0.922 0.976
0 0 0 0 0 0.002 0.138 0.578 0.902 0.974 0.994
0 0.002 0.096 0.53 0.926 0.99 1 1 1 1 1
0 0 0 0 0 0 0.134 0.546 0.872 0.968 0.994
0 0 0 0 0 0.004 0.18 0.598 0.856 0.958 0.988
0 0 0 0 0 0 0.134 0.546 0.872 0.968 0.994
0 0 0 0 0 0.01 0.154 0.572 0.872 0.972 0.998
0 0 0 0 0 0.01 0.154 0.572 0.872 0.972 0.998
0 0 0.09 0.614 0.948 1 1 1 1 1 1
0 0 0 0 0 0.004 0.18 0.598 0.856 0.958 0.988
0 0 0 0 0 0.006 0.122 0.574 0.838 0.972 0.996
0 0.002 0.062 0.506 0.918 0.998 1 1 1 1 1
0 0 0 0 0 0 0.042 0.354 0.714 0.922 0.976
0 0 0 0 0 0 0.042 0.354 0.714 0.922 0.976
0 0 0 0 0 0.004 0.17 0.594 0.9 0.982 0.996
0 0 0 0 0 0.01 0.154 0.572 0.872 0.972 0.998
0 0 0 0 0 0.006 0.122 0.574 0.838 0.972 0.996
0 0 0 0 0 0.01 0.154 0.572 0.872 0.972 0.998
0 0.002 0.052 0.524 0.908 0.988 1 1 1 1 1
0 0 0 0 0 0 0.042 0.354 0.714 0.922 0.976
0 0.002 0.062 0.506 0.918 0.998 1 1 1 1 1
0 0 0 0 0 0.004 0.18 0.598 0.856 0.958 0.988
0 0 0 0 0 0.004 0.17 0.594 0.9 0.982 0.996
0 0.01 0.196 0.678 0.944 0.994 1 1 1 1 1
0 0.002 0.102 0.584 0.934 0.996 1 0.998 1 1 1
0 0 0 0 0 0.002 0.138 0.578 0.902 0.974 0.994
0 0.012 0.184 0.714 0.95 1 1 1 1 1 1
0 0.012 0.184 0.714 0.95 1 1 1 1 1 1
0 0 0 0 0 0 0.134 0.546 0.872 0.968 0.994
0 0 0 0 0 0.004 0.17 0.594 0.9 0.982 0.996
0 0 0.09 0.614 0.948 1 1 1 1 1 1
0 0 0 0 0 0.006 0.122 0.574 0.838 0.972 0.996
0 0 0.09 0.614 0.948 1 1 1 1 1 1
0 0.01 0.196 0.678 0.944 0.994 1 1 1 1 1
0 0 0 0 0 0.006 0.122 0.574 0.838 0.972 0.996
0 0 0 0 0 0 0.134 0.546 0.872 0.968 0.994
0 0 0.144 0.672 0.952 0.998 1 1 1 1 1
0 0 0 0 0.002 0.006 0.12 0.532 0.842 0.964 0.996
0 0 0 0 0 0 0.042 0.354 0.714 0.922 0.976
0 0 0 0 0 0.004 0.17 0.594 0.9 0.982 0.996
0 0 0 0 0 0.004 0.18 0.598 0.856 0.958 0.988
0 0 0 0 0 0.006 0.122 0.574 0.838 0.972 0.996
0 0.01 0.196 0.678 0.944 0.994 1 1 1 1 1
0 0 0 0 0 0.006 0.122 0.574 0.838 0.972 0.996
0 0 0 0 0 0.004 0.18 0.598 0.856 0.958 0.988
0 0 0 0 0 0.006 0.122 0.574 0.838 0.972 0.996
0 0 0 0 0 0.006 0.2 0.686 0.92 0.992 1
0 0 0 0 0 0.004 0.18 0.598 0.856 0.958 0.988
0 0.004 0.07 0.504 0.91 0.994 1 1 1 1 1
0 0 0 0 0.002 0.006 0.12 0.532 0.842 0.964 0.996
0 0 0 0 0 0 0.134 0.546 0.872 0.968 0.994
0 0 0 0 0 0 0.134 0.546 0.872 0.968 0.994
0 0 0.144 0.672 0.952 0.998 1 1 1 1 1
0 0.01 0.196 0.678 0.944 0.994 1 1 1 1 1
0 0 0 0 0 0.004 0.17 0.594 0.9 0.982 0.996
0 0 0 0 0 0.01 0.154 0.572 0.872 0.972 0.998
0 0 0 0 0 0.006 0.122 0.574 0.838 0.972 0.996
0 0 0 0 0 0.002 0.068 0.472 0.818 0.966 0.998
0 0 0 0 0 0.01 0.154 0.572 0.872 0.972 0.998
0 0.002 0.062 0.506 0.918 0.998 1 1 1 1 1
0 0 0 0 0 0.01 0.154 0.572 0.872 0.972 0.998
0 0.01 0.196 0.678 0.944 0.994 1 1 1 1 1
0 0 0 0 0 0.004 0.17 0.594 0.9 0.982 0.996
0 0 0 0 0.002 0.006 0.12 0.532 0.842 0.964 0.996
0 0 0 0 0 0.01 0.154 0.572 0.872 0.972 0.998
0 0 0 0 0.002 0.006 0.12 0.532 0.842 0.964 0.996
0 0.002 0.052 0.524 0.908 0.988 1 1 1 1 1
0 0.012 0.184 0.714 0.95 1 1 1 1 1 1
0 0 0 0 0 0.002 0.138 0.578 0.902 0.974 0.994
0 0 0 0 0 0.002 0.068 0.472 0.818 0.966 0.998
0 0 0 0 0 0.002 0.138 0.578 0.902 0.974 0.994
0 0 0 0 0 0.002 0.138 0.578 0.902 0.974 0.994
0 0.01 0.196 0.678 0.944 0.994 1 1 1 1 1
0 0.002 0.102 0.584 0.934 0.996 1 0.998 1 1 1
0 0 0 0 0.002 0.006 0.12 0.532 0.842 0.964 0.996
0 0 0 0 0 0 0.042 0.354 0.714 0.922 0.976
0 0 0 0 0 0.006 0.122 0.574 0.838 0.972 0.996
0 0.012 0.184 0.714 0.95 1 1 1 1 1 1
0 0 0 0 0 0.002 0.068 0.472 0.818 0.966 0.998
0 0 0 0 0 0 0.042 0.354 0.714 0.922 0.976
0 0.002 0.052 0.524 0.908 0.988 1 1 1 1 1
0 0.004 0.07 0.504 0.91 0.994 1 1 1 1 1
0 0 0 0 0.002 0.006 0.12 0.532 0.842 0.964 0.996
0 0 0 0 0 0.002 0.068 0.472 0.818 0.966 0.998
0 0 0 0 0 0 0.134 0.546 0.872 0.968 0.994
0 0 0 0 0 0.002 0.138 0.578 0.902 0.974 0.994
0 0 0 0 0 0.004 0.18 0.598 0.856 0.958 0.988
0 0 0 0 0 0.004 0.18 0.598 0.856 0.958 0.988
