0.3023256 0.3023256 0.3023256 0.3023256 0.3023256 0.3023256 0.3023256 0.3023256 0.3023256 0.3023256 0.3023256
0 0 0 0 0 0 0 0 0 0 0
0.3404255 0.3404255 0.3404255 0.3404255 0.3404255 0.3404255 0.3404255 0.3404255 0.3404255 0.3404255 0.3404255
0.3023256 0.3023256 0.3023256 0.3023256 0.3023256 0.3023256 0.3023256 0.3023256 0.3023256 0.3023256 0.3023256
0 0 0 0 0 0 0 0 0 0 0
0.3284672 0.3284672 0.3284672 0.3284672 0.3284672 0.3284672 0.3284672 0.3284672 0.3284672 0.3284672 0.3284672
0 0 0 0 0 0 0 0 0 0 0
0 0 0 0 0 0 0 0 0 0 0
0.3381295 0.3381295 0.3381295 0.3381295 0.3381295 0.3381295 0.3381295 0.3381295 0.3381295 0.3381295 0.3381295
0 0 0 0 0 0 0 0 0 0 0
0.3357664 0.3357664 0.3357664 0.3357664 0.3357664 0.3357664 0.3357664 0.3357664 0.3357664 0.3357664 0.3357664
0 0 0 0 0 0 0 0 0 0 0
0.3208955 0.3208955 0.3208955 0.3208955 0.3208955 0.3208955 0.3208955 0.3208955 0.3208955 0.3208955 0.3208955
0.3208955 0.3208955 0.3208955 0.3208955 0.3208955 0.3208955 0.3208955 0.3208955 0.3208955 0.3208955 0.3208955
0.3053435 0.3053435 0.3053435 0.3053435 0.3053435 0.3053435 0.3053435 0.3053435 0.3053435 0.3053435 0.3053435
0 0 0 0 0 0 0 0 0 0 0
0 0 0 0 0 0 0 0 0 0 0
0.3023256 0.3023256 0.3023256 0.3023256 0.3023256 0.3023256 0.3023256 0.3023256 0.3023256 0.3023256 0.3023256
0.3053435 0.3053435 0.3053435 0.3053435 0.3053435 0.3053435 0.3053435 0.3053435 0.3053435 0.3053435 0.3053435
0.3284672 0.3284672 0.3284672 0.3284672 0.3284672 0.3284672 0.3284672 0.3284672 0.3284672 0.3284672 0.3284672
0.3309353 0.3309353 0.3309353 0.3309353 0.3309353 0.3309353 0.3309353 0.3309353 0.3309353 0.3309353 0.3309353
0.3309353 0.3309353 0.3309353 0.3309353 0.3309353 0.3309353 0.3309353 0.3309353 0.3309353 0.3309353 0.3309353
0 0 0 0 0 0 0 0 0 0 0
0.3357664 0.3357664 0.3357664 0.3357664 0.3357664 0.3357664 0.3357664 0.3357664 0.3357664 0.3357664 0.3357664
0 0 0 0 0 0 0 0 0 0 0
0 0 0 0 0 0 0 0 0 0 0
0.3381295 0.3381295 0.3381295 0.3381295 0.3381295 0.3381295 0.3381295 0.3381295 0.3381295 0.3381295 0.3381295
0.3161765 0.3161765 0.3161765 0.3161765 0.3161765 0.3161765 0.3161765 0.3161765 0.3161765 0.3161765 0.3161765
0 0 0 0 0 0 0 0 0 0 0
0 0 0 0 0 0 0 0 0 0 0
0 0 0 0 0 0 0 0 0 0 0
0.3284672 0.3284672 0.3284672 0.3284672 0.3284672 0.3284672 0.3284672 0.3284672 0.3284672 0.3284672 0.3284672
0.3309353 0.3309353 0.3309353 0.3309353 0.3309353 0.3309353 0.3309353 0.3309353 0.3309353 0.3309353 0.3309353
0.3284672 0.3284672 0.3284672 0.3284672 0.3284672 0.3284672 0.3284672 0.3284672 0.3284672 0.3284672 0.3284672
0.3381295 0.3381295 0.3381295 0.3381295 0.3381295 0.3381295 0.3381295 0.3381295 0.3381295 0.3381295 0.3381295
0 0 0 0 0 0 0 0 0 0 0
0 0 0 0 0 0 0 0 0 0 0
0 0 0 0 0 0 0 0 0 0 0
0.3284672 0.3284672 0.3284672 0.3284672 0.3284672 0.3284672 0.3284672 0.3284672 0.3284672 0.3284672 0.3284672
0.3357664 0.3357664 0.3357664 0.3357664 0.3357664 0.3357664 0.3357664 0.3357664 0.3357664 0.3357664 0.3357664
0.3357664 0.3357664 0.3357664 0.3357664 0.3357664 0.3357664 0.3357664 0.3357664 0.3357664 0.3357664 0.3357664
0 0 0 0 0 0 0 0 0 0 0
0.3023256 0.3023256 0.3023256 0.3023256 0.3023256 0.3023256 0.3023256 0.3023256 0.3023256 0.3023256 0.3023256
0.3309353 0.3309353 0.3309353 0.3309353 0.3309353 0.3309353 0.3309353 0.3309353 0.3309353 0.3309353 0.3309353
0.3235294 0.3235294 0.3235294 0.3235294 0.3235294 0.3235294 0.3235294 0.3235294 0.3235294 0.3235294 0.3235294
0.3404255 0.3404255 0.3404255 0.3404255 0.3404255 0.3404255 0.3404255 0.3404255 0.3404255 0.3404255 0.3404255
0.3161765 0.3161765 0.3161765 0.3161765 0.3161765 0.3161765 0.3161765 0.3161765 0.3161765 0.3161765 0.3161765
0.3023256 0.3023256 0.3023256 0.3023256 0.3023256 0.3023256 0.3023256 0.3023256 0.3023256 0.3023256 0.3023256
0.3235294 0.3235294 0.3235294 0.3235294 0.3235294 0.3235294 0.3235294 0.3235294 0.3235294 0.3235294 0.3235294
0 0 0 0 0 0 0 0 0 0 0
0 0 0 0 0 0 0 0 0 0 0
0.3284672 0.3284672 0.3284672 0.3284672 0.3284672 0.3284672 0.3284672 0.3284672 0.3284672 0.3284672 0.3284672
0.3235294 0.3235294 0.3235294 0.3235294 0.3235294 0.3235294 0.3235294 0.3235294 0.3235294 0.3235294 0.3235294
0.3381295 0.3381295 0.3381295 0.3381295 0.3381295 0.3381295 0.3381295 0.3381295 0.3381295 0.3381295 0.3381295
0.3023256 0.3023256 0.3023256 0.3023256 0.3023256 0.3023256 0.3023256 0.3023256 0.3023256 0.3023256 0.3023256
0.3023256 0.3023256 0.3023256 0.3023256 0.3023256 0.3023256 0.3023256 0.3023256 0.3023256 0.3023256 0.3023256
0.3381295 0.3381295 0.3381295 0.3381295 0.3381295 0.3381295 0.3381295 0.3381295 0.3381295 0.3381295 0.3381295
0.3357664 0.3357664 0.3357664 0.3357664 0.3357664 0.3357664 0.3357664 0.3357664 0.3357664 0.3357664 0.3357664
0.3357664 0.3357664 0.3357664 0.3357664 0.3357664 0.3357664 0.3357664 0.3357664 0.3357664 0.3357664 0.3357664
0 0 0 0 0 0 0 0 0 0 0
0.3053435 0.3053435 0.3053435 0.3053435 0.3053435 0.3053435 0.3053435 0.3053435 0.3053435 0.3053435 0.3053435
0.3208955 0.3208955 0.3208955 0.3208955 0.3208955 0.3208955 0.3208955 0.3208955 0.3208955 0.3208955 0.3208955
0.3023256 0.3023256 0.3023256 0.3023256 0.3023256 0.3023256 0.3023256 0.3023256 0.3023256 0.3023256 0.3023256
0.3161765 0.3161765 0.3161765 0.3161765 0.3161765 0.3161765 0.3161765 0.3161765 0.3161765 0.3161765 0.3161765
0 0 0 0 0 0 0 0 0 0 0
0.3381295 0.3381295 0.3381295 0.3381295 0.3381295 0.3381295 0.3381295 0.3381295 0.3381295 0.3381295 0.3381295
0.3357664 0.3357664 0.3357664 0.3357664 0.3357664 0.3357664 0.3357664 0.3357664 0.3357664 0.3357664 0.3357664
0.3404255 0.3404255 0.3404255 0.3404255 0.3404255 0.3404255 0.3404255 0.3404255 0.3404255 0.3404255 0.3404255
0.3208955 0.3208955 0.3208955 0.3208955 0.3208955 0.3208955 0.3208955 0.3208955 0.3208955 0.3208955 0.3208955
0.3023256 0.3023256 0.3023256 0.3023256 0.3023256 0.3023256 0.3023256 0.3023256 0.3023256 0.3023256 0.3023256
0 0 0 0 0 0 0 0 0 0 0
0.3023256 0.3023256 0.3023256 0.3023256 0.3023256 0.3023256 0.3023256 0.3023256 0.3023256 0.3023256 0.3023256
0.3053435 0.3053435 0.3053435 0.3053435 0.3053435 0.3053435 0.3053435 0.3053435 0.3053435 0.3053435 0.3053435
0 0 0 0 0 0 0 0 0 0 0
0.3208955 0.3208955 0.3208955 0.3208955 0.3208955 0.3208955 0.3208955 0.3208955 0.3208955 0.3208955 0.3208955
0.3161765 0.3161765 0.3161765 0.3161765 0.3161765 0.3161765 0.3161765 0.3161765 0.3161765 0.3161765 0.3161765
0.3023256 0.3023256 0.3023256 0.3023256 0.3023256 0.3023256 0.3023256 0.3023256 0.3023256 0.3023256 0.3023256
0.3161765 0.3161765 0.3161765 0.3161765 0.3161765 0.3161765 0.3161765 0.3161765 0.3161765 0.3161765 0.3161765
0.3309353 0.3309353 0.3309353 0.3309353 0.3309353 0.3309353 0.3309353 0.3309353 0.3309353 0.3309353 0.3309353
0.3309353 0.3309353 0.3309353 0.3309353 0.3309353 0.3309353 0.3309353 0.3309353 0.3309353 0.3309353 0.3309353
0 0 0 0 0 0 0 0 0 0 0
0.3161765 0.3161765 0.3161765 0.3161765 0.3161765 0.3161765 0.3161765 0.3161765 0.3161765 0.3161765 0.3161765
0 0 0 0 0 0 0 0 0 0 0
0.3235294 0.3235294 0.3235294 0.3235294 0.3235294 0.3235294 0.3235294 0.3235294 0.3235294 0.3235294 0.3235294
0.3381295 0.3381295 0.3381295 0.3381295 0.3381295 0.3381295 0.3381295 0.3381295 0.3381295 0.3381295 0.3381295
0.3053435 0.3053435 0.3053435 0.3053435 0.3053435 0.3053435 0.3053435 0.3053435 0.3053435 0.3053435 0.3053435
0 0 0 0 0 0 0 0 0 0 0
0 0 0 0 0 0 0 0 0 0 0
0.3404255 0.3404255 0.3404255 0.3404255 0.3404255 0.3404255 0.3404255 0.3404255 0.3404255 0.3404255 0.3404255
0 0 0 0 0 0 0 0 0 0 0
0.3235294 0.3235294 0.3235294 0.3235294 0.3235294 0.3235294 0.3235294 0.3235294 0.3235294 0.3235294 0.3235294
0 0 0 0 0 0 0 0 0 0 0
0.3208955 0.3208955 0.3208955 0.3208955 0.3208955 0.3208955 0.3208955 0.3208955 0.3208955 0.3208955 0.3208955
0 0 0 0 0 0 0 0 0 0 0
0 0 0 0 0 0 0 0 0 0 0
0.3235294 0.3235294 0.3235294 0.3235294 0.3235294 0.3235294 0.3235294 0.3235294 0.3235294 0.3235294 0.3235294
0.3208955 0.3208955 0.3208955 0.3208955 0.3208955 0.3208955 0.3208955 0.3208955 0.3208955 0.3208955 0.3208955
0 0 0 0 0 0 0 0 0 0 0
0 0 0 0 0 0 0 0 0 0 0
0 0 0 0 0 0 0 0 0 0 0
0.3235294 0.3235294 0.3235294 0.3235294 0.3235294 0.3235294 0.3235294 0.3235294 0.3235294 0.3235294 0.3235294
0 0 0 0 0 0 0 0 0 0 0
0.3357664 0.3357664 0.3357664 0.3357664 0.3357664 0.3357664 0.3357664 0.3357664 0.3357664 0.3357664 0.3357664
0.3053435 0.3053435 0.3053435 0.3053435 0.3053435 0.3053435 0.3053435 0.3053435 0.3053435 0.3053435 0.3053435
0.3161765 0.3161765 0.3161765 0.3161765 0.3161765 0.3161765 0.3161765 0.3161765 0.3161765 0.3161765 0.3161765
0.3404255 0.3404255 0.3404255 0.3404255 0.3404255 0.3404255 0.3404255 0.3404255 0.3404255 0.3404255 0.3404255
0.3284672 0.3284672 0.3284672 0.3284672 0.3284672 0.3284672 0.3284672 0.3284672 0.3284672 0.3284672 0.3284672
0 0 0 0 0 0 0 0 0 0 0
0.3404255 0.3404255 0.3404255 0.3404255 0.3404255 0.3404255 0.3404255 0.3404255 0.3404255 0.3404255 0.3404255
0.3161765 0.3161765 0.3161765 0.3161765 0.3161765 0.3161765 0.3161765 0.3161765 0.3161765 0.3161765 0.3161765
0.3053435 0.3053435 0.3053435 0.3053435 0.3053435 0.3053435 0.3053435 0.3053435 0.3053435 0.3053435 0.3053435
0.3023256 0.3023256 0.3023256 0.3023256 0.3023256 0.3023256 0.3023256 0.3023256 0.3023256 0.3023256 0.3023256
0.3381295 0.3381295 0.3381295 0.3381295 0.3381295 0.3381295 0.3381295 0.3381295 0.3381295 0.3381295 0.3381295
0 0 0 0 0 0 0 0 0 0 0
0.3357664 0.3357664 0.3357664 0.3357664 0.3357664 0.3357664 0.3357664 0.3357664 0.3357664 0.3357664 0.3357664
0 0 0 0 0 0 0 0 0 0 0
0 0 0 0 0 0 0 0 0 0 0
0.3309353 0.3309353 0.3309353 0.3309353 0.3309353 0.3309353 0.3309353 0.3309353 0.3309353 0.3309353 0.3309353
0.3235294 0.3235294 0.3235294 0.3235294 0.3235294 0.3235294 0.3235294 0.3235294 0.3235294 0.3235294 0.3235294
0.3284672 0.3284672 0.3284672 0.3284672 0.3284672 0.3284672 0.3284672 0.3284672 0.3284672 0.3284672 0.3284672
0.3053435 0.3053435 0.3053435 0.3053435 0.3053435 0.3053435 0.3053435 0.3053435 0.3053435 0.3053435 0.3053435
0.3235294 0.3235294 0.3235294 0.3235294 0.3235294 0.3235294 0.3235294 0.3235294 0.3235294 0.3235294 0.3235294
0 0 0 0 0 0 0 0 0 0 0
0.3404255 0.3404255 0.3404255 0.3404255 0.3404255 0.3404255 0.3404255 0.3404255 0.3404255 0.3404255 0.3404255
0.3309353 0.3309353 0.3309353 0.3309353 0.3309353 0.3309353 0.3309353 0.3309353 0.3309353 0.3309353 0.3309353
0 0 0 0 0 0 0 0 0 0 0
0.3404255 0.3404255 0.3404255 0.3404255 0.3404255 0.3404255 0.3404255 0.3404255 0.3404255 0.3404255 0.3404255
0.3208955 0.3208955 0.3208955 0.3208955 0.3208955 0.3208955 0.3208955 0.3208955 0.3208955 0.3208955 0.3208955
0.3208955 0.3208955 0.3208955 0.3208955 0.3208955 0.3208955 0.3208955 0.3208955 0.3208955 0.3208955 0.3208955
0.3381295 0.3381295 0.3381295 0.3381295 0.3381295 0.3381295 0.3381295 0.3381295 0.3381295 0.3381295 0.3381295
0 0 0 0 0 0 0 0 0 0 0
0 0 0 0 0 0 0 0 0 0 0
0.3284672 0.3284672 0.3284672 0.3284672 0.3284672 0.3284672 0.3284672 0.3284672 0.3284672 0.3284672 0.3284672
0.3381295 0.3381295 0.3381295 0.3381295 0.3381295 0.3381295 0.3381295 0.3381295 0.3381295 0.3381295 0.3381295
0.3053435 0.3053435 0.3053435 0.3053435 0.3053435 0.3053435 0.3053435 0.3053435 0.3053435 0.3053435 0.3053435
0 0 0 0 0 0 0 0 0 0 0
0 0 0 0 0 0 0 0 0 0 0
0.3357664 0.3357664 0.3357664 0.3357664 0.3357664 0.3357664 0.3357664 0.3357664 0.3357664 0.3357664 0.3357664
0.3053435 0.3053435 0.3053435 0.3053435 0.3053435 0.3053435 0.3053435 0.3053435 0.3053435 0.3053435 0.3053435
0.3235294 0.3235294 0.3235294 0.3235294 0.3235294 0.3235294 0.3235294 0.3235294 0.3235294 0.3235294 0.3235294
0.3357664 0.3357664 0.3357664 0.3357664 0.3357664 0.3357664 0.3357664 0.3357664 0.3357664 0.3357664 0.3357664
0 0 0 0 0 0 0 0 0 0 0
0.3404255 0.3404255 0.3404255 0.3404255 0.3404255 0.3404255 0.3404255 0.3404255 0.3404255 0.3404255 0.3404255
0 0 0 0 0 0 0 0 0 0 0
0 0 0 0 0 0 0 0 0 0 0
0.3161765 0.3161765 0.3161765 0.3161765 0.3161765 0.3161765 0.3161765 0.3161765 0.3161765 0.3161765 0.3161765
0.3208955 0.3208955 0.3208955 0.3208955 0.3208955 0.3208955 0.3208955 0.3208955 0.3208955 0.3208955 0.3208955
0.3208955 0.3208955 0.3208955 0.3208955 0.3208955 0.3208955 0.3208955 0.3208955 0.3208955 0.3208955 0.3208955
0.3309353 0.3309353 0.3309353 0.3309353 0.3309353 0.3309353 0.3309353 0.3309353 0.3309353 0.3309353 0.3309353
0.3053435 0.3053435 0.3053435 0.3053435 0.3053435 0.3053435 0.3053435 0.3053435 0.3053435 0.3053435 0.3053435
0.3284672 0.3284672 0.3284672 0.3284672 0.3284672 0.3284672 0.3284672 0.3284672 0.3284672 0.3284672 0.3284672
