0.012 0.028
0.086 0.038
0 0.002
0.028 0.038
0.288 0.3
0 0
0.028 0.022
0.14 0.144
0.024 0.012
0.01 0
0.19 0.178
0.078 0.11
0.016 0.01
0.008 0.01
0.11 0.102
0.194 0.172
0.012 0.012
0.012 0.012
0.02 0.014
0.028 0.028
0.046 0.038
0.106 0.082
0 0
0.064 0.034
0.31 0.294
0.066 0.03
0.264 0.274
0.042 0.028
0.604 0.614
0.136 0.136
0.264 0.238
0.142 0.182
0.006 0.008
0.014 0.008
0.014 0.008
0.6 0.622
0.22 0.228
0.414 0.344
0 0.002
0.012 0.016
0.226 0.226
0.042 0.066
0.06 0.036
0.016 0.012
0.286 0.296
0.012 0.008
0.014 0.004
0.156 0.12
0 0
0 0.002
0.004 0
0.018 0.008
0.008 0.004
0.464 0.496
0.436 0.488
0.17 0.184
0.044 0.052
0.208 0.19
0.41 0.408
0.004 0.002
0.026 0.026
0.03 0.04
0.006 0.004
0.126 0.076
0.002 0.002
0.056 0.056
0.1 0.124
0.094 0.084
0.23 0.268
0.004 0.004
0.196 0.178
0.07 0.04
0.006 0.002
0.01 0.008
0.002 0.002
0.018 0.006
0.002 0
0.026 0.026
0.04 0.038
0.008 0.012
0.018 0.02
0.296 0.314
0.02 0.006
0.052 0.06
0.532 0.518
0.466 0.446
0.114 0.094
0.152 0.176
0.004 0
0.03 0.014
0.038 0.034
0.15 0.09
0 0
0.028 0.008
0.028 0.024
0.062 0.066
0.058 0.048
0.008 0.004
0.14 0.158
0.246 0.242
0.214 0.162
0.128 0.154
0.156 0.1
0.054 0.022
0.05 0.048
0.016 0.014
0.07 0.062
0.002 0
0.002 0
0 0
0.326 0.246
0.418 0.45
0.218 0.198
0 0.004
0.22 0.256
0.03 0.012
0.246 0.254
0.106 0.086
0.086 0.086
0.162 0.134
0.062 0.052
0.266 0.192
0.008 0.014
0.552 0.584
0.044 0.036
0.006 0.004
0.012 0.014
0.186 0.158
0.008 0
0.024 0.024
0.056 0.044
0 0
0.428 0.396
0.002 0.002
0.002 0.002
0.07 0.104
