0.012 0.004
0.114 0.122
0 0.004
0.014 0.018
0.156 0.128
0 0
0.068 0.036
0.134 0.132
0.016 0.02
0.04 0.02
0.228 0.224
0.004 0
0.028 0.014
0.018 0.016
0.072 0.1
0.25 0.254
0.054 0.056
0.03 0.028
0.028 0.026
0.044 0.054
0.046 0.032
0.072 0.072
0 0.004
0.078 0.064
0.312 0.312
0.056 0.03
0.236 0.272
0.034 0.028
0.376 0.35
0.196 0.25
0.466 0.48
0.324 0.402
0.008 0
0.008 0.002
0.022 0.024
0.594 0.622
0.234 0.22
0.316 0.338
0.008 0.004
0.01 0.014
0.246 0.248
0.086 0.07
0.042 0.038
0.014 0.016
0.26 0.262
0.038 0.034
0.004 0.004
0.16 0.13
0 0
0 0
0.006 0.006
0.036 0.022
0.004 0.012
0.48 0.498
0.398 0.458
0.224 0.264
0.05 0.054
0.088 0.084
0.334 0.328
0.002 0.002
0.04 0.03
0.034 0.04
0.004 0.002
0.048 0.024
0 0.002
0.06 0.08
0.236 0.238
0.056 0.066
0.184 0.146
0 0
0.056 0.088
0.062 0.07
0.002 0
0.004 0.002
0.004 0.006
0.01 0.01
0.008 0.006
0.052 0.03
0.038 0.02
0.024 0.022
0.008 0.012
0.304 0.27
0.01 0.006
0.064 0.048
0.52 0.506
0.584 0.576
0.582 0.548
0.128 0.136
0.002 0.002
0.032 0.014
0.036 0.064
0.058 0.064
0.002 0.004
0.028 0.026
0.006 0.006
0.194 0.216
0.026 0.026
0.006 0.004
0.112 0.106
0.238 0.256
0.122 0.13
0.076 0.074
0.068 0.076
0.118 0.134
0.074 0.076
0.006 0.01
0.13 0.098
0 0
0 0.002
0.004 0
0.396 0.366
0.44 0.44
0.24 0.246
0 0.002
0.408 0.39
0.032 0.02
0.27 0.252
0.106 0.082
0.118 0.14
0.164 0.154
0.062 0.04
0.32 0.338
0.01 0.006
0.342 0.404
0.002 0.006
0.024 0.022
0.008 0.008
0.3 0.292
0 0.002
0.014 0.02
0.222 0.25
0 0
0.24 0.206
0.01 0
0.012 0.014
0.072 0.058
