0.014 0.01
0.082 0.062
0.002 0
0.032 0.018
0.164 0.126
0 0.002
0.012 0.008
0.132 0.126
0.034 0.03
0.016 0.002
0.186 0.134
0.02 0.01
0.01 0.014
0.034 0.012
0.158 0.124
0.13 0.144
0.05 0.042
0.01 0.006
0.004 0.014
0.02 0.028
0.058 0.048
0.166 0.166
0 0
0.05 0.048
0.39 0.408
0.05 0.034
0.29 0.346
0.038 0.032
0.574 0.526
0.192 0.188
0.476 0.466
0.35 0.374
0.016 0.01
0.008 0.006
0.01 0.004
0.518 0.548
0.252 0.258
0.292 0.306
0 0.002
0.002 0.008
0.184 0.186
0.022 0.03
0.018 0.014
0.008 0.014
0.156 0.18
0.022 0.008
0.012 0.006
0.124 0.096
0 0.002
0.006 0
0.006 0.002
0.034 0.026
0 0.002
0.274 0.268
0.304 0.334
0.164 0.198
0.07 0.078
0.22 0.268
0.332 0.356
0 0.002
0.048 0.026
0.024 0.028
0.002 0.004
0.078 0.052
0 0.002
0.01 0.008
0.184 0.18
0.054 0.042
0.194 0.228
0.008 0.002
0.156 0.168
0.044 0.018
0.002 0.006
0.006 0.008
0.002 0
0.008 0.006
0 0.002
0.114 0.072
0.072 0.062
0.016 0.01
0.004 0.004
0.266 0.256
0.018 0.01
0.038 0.022
0.386 0.354
0.664 0.646
0.504 0.524
0.25 0.248
0 0
0.052 0.056
0.024 0.018
0.166 0.068
0.002 0
0.036 0.03
0.024 0.012
0.088 0.096
0.08 0.06
0.004 0.002
0.05 0.07
0.462 0.44
0.216 0.144
0.132 0.168
0.104 0.072
0.09 0.106
0.054 0.044
0.006 0.014
0.046 0.028
0.004 0
0 0
0.002 0
0.308 0.274
0.448 0.516
0.314 0.302
0.004 0.002
0.216 0.242
0.016 0.012
0.244 0.24
0.06 0.06
0.09 0.106
0.154 0.124
0.034 0.066
0.394 0.362
0.002 0.004
0.332 0.324
0.052 0.048
0.014 0.004
0.016 0.01
0.312 0.336
0 0
0.012 0.012
0.156 0.234
0 0
0.484 0.556
0.006 0.002
0.01 0.012
0.056 0.044
