0.006 0.006
0.118 0.088
0.002 0.002
0.01 0.006
0.358 0.298
0 0
0.02 0.006
0.228 0.226
0.048 0.016
0.01 0.006
0.148 0.14
0.074 0.078
0.014 0.02
0.046 0.024
0.068 0.066
0.056 0.034
0.048 0.022
0.012 0.004
0.052 0.038
0.02 0.024
0.01 0.014
0.132 0.13
0 0.002
0.048 0.036
0.282 0.262
0.086 0.054
0.166 0.162
0.012 0.022
0.376 0.372
0.202 0.26
0.584 0.614
0.354 0.376
0.002 0
0.006 0.01
0.006 0.01
0.528 0.582
0.288 0.294
0.29 0.274
0.014 0.008
0.008 0.006
0.136 0.17
0.042 0.06
0.084 0.066
0.022 0.004
0.276 0.262
0.008 0
0.004 0.008
0.152 0.17
0.002 0
0 0
0.002 0.006
0.038 0.016
0.004 0.004
0.43 0.504
0.436 0.472
0.194 0.182
0.028 0.026
0.22 0.246
0.454 0.478
0.004 0
0.048 0.012
0.006 0.02
0.012 0.004
0.046 0.036
0.004 0
0.1 0.082
0.19 0.17
0.082 0.07
0.172 0.232
0.002 0.002
0.04 0.034
0.036 0.038
0 0.002
0.002 0
0.002 0.002
0.01 0.004
0 0.002
0.066 0.038
0.028 0.026
0.032 0.022
0.028 0.038
0.272 0.286
0.016 0.004
0.044 0.056
0.6 0.51
0.644 0.682
0.572 0.554
0.088 0.078
0.006 0.004
0.028 0.016
0.018 0.024
0.104 0.096
0.006 0.004
0.038 0.03
0.028 0.02
0.072 0.068
0.04 0.034
0.006 0.002
0.08 0.084
0.284 0.308
0.088 0.064
0.11 0.104
0.066 0.048
0.152 0.104
0.07 0.084
0.008 0.006
0.032 0.026
0.002 0
0 0
0 0
0.424 0.376
0.318 0.404
0.364 0.388
0.004 0
0.398 0.402
0.032 0.016
0.192 0.154
0.138 0.078
0.12 0.086
0.274 0.202
0.072 0.09
0.462 0.398
0.006 0.004
0.428 0.484
0.044 0.042
0.012 0.012
0.006 0.002
0.342 0.344
0.004 0
0.02 0.004
0.246 0.274
0.006 0
0.534 0.502
0.002 0.002
0.01 0.01
0.092 0.078
