0.004 0.004
0.14 0.148
0 0.002
0.01 0.008
0.148 0.148
0 0
0.048 0.046
0.216 0.27
0.036 0.01
0.002 0.002
0.212 0.16
0.198 0.234
0.01 0.01
0.018 0.01
0.2 0.168
0.216 0.186
0.01 0.008
0.014 0.004
0.024 0.02
0.042 0.068
0.018 0.018
0.142 0.116
0 0
0.058 0.044
0.294 0.266
0.042 0.03
0.27 0.326
0.018 0.014
0.574 0.612
0.178 0.222
0.422 0.404
0.278 0.36
0.006 0.004
0.024 0.014
0.024 0.014
0.564 0.598
0.19 0.17
0.176 0.158
0.002 0.004
0.004 0.008
0.2 0.252
0.056 0.048
0.078 0.056
0.01 0.006
0.102 0.112
0.06 0.04
0.006 0.01
0.152 0.148
0 0
0.002 0
0.002 0
0.03 0.012
0.024 0.036
0.462 0.41
0.464 0.546
0.098 0.136
0.066 0.054
0.258 0.284
0.32 0.364
0.002 0.002
0.036 0.036
0.034 0.016
0.004 0.002
0.056 0.044
0 0
0.088 0.09
0.168 0.148
0.028 0.038
0.212 0.2
0.008 0.006
0.032 0.036
0.054 0.05
0.002 0
0.022 0.024
0.01 0.002
0.006 0
0 0
0.128 0.06
0.02 0.02
0.012 0.012
0.03 0.018
0.046 0.054
0.032 0.016
0.042 0.026
0.472 0.414
0.514 0.5
0.54 0.524
0.266 0.272
0.002 0.002
0.06 0.04
0.038 0.064
0.134 0.112
0 0.004
0.026 0.022
0.01 0.018
0.246 0.262
0.106 0.1
0.01 0
0.16 0.202
0.312 0.368
0.16 0.138
0.07 0.062
0.054 0.046
0.062 0.066
0.024 0.028
0.014 0.008
0.068 0.046
0.002 0
0.002 0
0 0
0.184 0.172
0.364 0.346
0.292 0.266
0.004 0.004
0.414 0.426
0.038 0.042
0.106 0.104
0.082 0.034
0.1 0.078
0.162 0.148
0.072 0.082
0.43 0.386
0.012 0.004
0.35 0.356
0.024 0.028
0.018 0.026
0.022 0.006
0.222 0.234
0 0
0.026 0.01
0.2 0.136
0.002 0
0.584 0.584
0.004 0.002
0.024 0.01
0.056 0.052
