0.7132353 0.7352941
0.2279412 0.2941176
0.7720588 0.8014706
0.5735294 0.5882353
0.2573529 0.2720588
0.867647 0.867647
0.4485294 0.4411765
0.3676471 0.3529412
0.632353 0.7058824
0.8088235 0.7058824
0.1985294 0.2279412
0.3235294 0.2941176
0.8088235 0.8014706
0.7352941 0.8014706
0.375 0.3088235
0.1838235 0.1617647
0.5367647 0.4044118
0.7058824 0.8014706
0.632353 0.5588235
0.7132353 0.6764706
0.4705882 0.4632353
0.4705882 0.5147059
0.9338235 0.867647
0.5 0.4632353
0.1029412 0.1470588
0.632353 0.5147059
0.1029412 0.05147059
0.5073529 0.5735294
0.007352941 0
0.2867647 0.2205882
0.02205882 0.02941176
0.07352941 0.04411765
0.867647 0.867647
0.6102941 0.6764706
0.6838235 0.7352941
0.01470588 0.01470588
0.1764706 0.1764706
0.125 0.1323529
0.7720588 0.867647
0.7720588 0.7647059
0.25 0.2426471
0.4338235 0.4632353
0.4338235 0.5367647
0.6617647 0.6764706
0.07352941 0.05882353
0.5735294 0.4926471
0.8088235 0.7352941
0.1911765 0.1911765
0.9338235 0.867647
0.9338235 0.867647
0.7352941 0.7647059
0.6102941 0.632353
0.867647 0.7058824
0.1691176 0.09558824
0.09558824 0.08088235
0.2132353 0.1985294
0.4485294 0.4264706
0.2352941 0.2794118
0.1323529 0.06617647
0.7720588 0.7647059
0.5073529 0.5588235
0.5882353 0.5882353
0.9338235 0.867647
0.4705882 0.5367647
0.9338235 0.867647
0.3823529 0.3308824
0.3014706 0.2352941
0.3382353 0.3455882
0.2205882 0.1691176
0.9338235 0.867647
0.2720588 0.3529412
0.7352941 0.6617647
0.757353 0.867647
0.8088235 0.7647059
0.7720588 0.867647
0.6838235 0.6617647
0.867647 0.867647
0.4044118 0.3970588
0.4926471 0.5735294
0.6617647 0.6985294
0.5367647 0.5882353
0.06617647 0.1029412
0.5882353 0.6397059
0.5294118 0.4558824
0.1544118 0.1985294
0.03676471 0.1176471
0.3897059 0.3897059
0.2720588 0.25
0.867647 0.867647
0.5661765 0.5882353
0.5367647 0.5514706
0.3308824 0.3676471
0.867647 0.867647
0.5073529 0.625
0.6544118 0.5294118
0.3088235 0.25
0.3897059 0.4264706
0.867647 0.8014706
0.4485294 0.4632353
0.04411765 0.03676471
0.2647059 0.3308824
0.2352941 0.25
0.3088235 0.375
0.3382353 0.3161765
0.4117647 0.4117647
0.8088235 0.7352941
0.3529412 0.3823529
0.9338235 0.867647
0.9338235 0.8014706
0.867647 0.867647
0.05147059 0.0882353
0.02941176 0.02205882
0.1617647 0.1323529
0.8088235 0.7647059
0.2058824 0.2132353
0.5882353 0.617647
0.1323529 0.1838235
0.4191176 0.4485294
0.3602941 0.2867647
0.2941176 0.3235294
0.6102941 0.4926471
0.05882353 0.07352941
0.8088235 0.8014706
0 0.007352941
0.5367647 0.5073529
0.7132353 0.7058824
0.757353 0.867647
0.07352941 0.1102941
0.8088235 0.867647
0.6617647 0.6397059
0.1470588 0.125
0.9338235 0.8014706
0.1176471 0.1544118
0.867647 0.8014706
0.6985294 0.6397059
0.4264706 0.4117647
