0.012 0.006
0.096 0.094
0.004 0
0.024 0.02
0.172 0.146
0 0
0.092 0.056
0.196 0.182
0.018 0.012
0.002 0.002
0.256 0.244
0.088 0.104
0.016 0.026
0.026 0.01
0.176 0.138
0.216 0.196
0.02 0.018
0.012 0.008
0.042 0.024
0.036 0.032
0.046 0.024
0.15 0.12
0 0
0.14 0.14
0.324 0.294
0.086 0.04
0.194 0.24
0.014 0.022
0.462 0.46
0.102 0.108
0.352 0.38
0.378 0.388
0.006 0.002
0.02 0.026
0.03 0.006
0.33 0.34
0.224 0.216
0.272 0.23
0.006 0.006
0.008 0.012
0.126 0.18
0.034 0.028
0.054 0.038
0.022 0.008
0.242 0.272
0.04 0.04
0.01 0.004
0.094 0.06
0.002 0
0 0
0.008 0.006
0.054 0.022
0.002 0.004
0.402 0.458
0.452 0.48
0.198 0.188
0.066 0.054
0.206 0.186
0.434 0.514
0.006 0.01
0.046 0.034
0.036 0.024
0.006 0.004
0.048 0.024
0.002 0
0.044 0.06
0.2 0.232
0.096 0.058
0.188 0.17
0 0.004
0.046 0.04
0.034 0.05
0 0
0.002 0.008
0.006 0
0.026 0.016
0 0
0.038 0.03
0.004 0
0.014 0.02
0.042 0.042
0.014 0.026
0.046 0.018
0.054 0.046
0.496 0.442
0.622 0.636
0.176 0.164
0.214 0.24
0.004 0
0.046 0.044
0.026 0.018
0.094 0.036
0.012 0.004
0.018 0.016
0.022 0.03
0.156 0.132
0.046 0.018
0.008 0.006
0.112 0.088
0.29 0.34
0.11 0.084
0.094 0.114
0.064 0.046
0.136 0.142
0.046 0.03
0.004 0.008
0.048 0.036
0.002 0.002
0.002 0
0 0
0.196 0.22
0.428 0.432
0.32 0.376
0.002 0.002
0.26 0.336
0.052 0.062
0.362 0.34
0.076 0.078
0.056 0.072
0.158 0.144
0.062 0.056
0.42 0.344
0.016 0.006
0.438 0.478
0.042 0.052
0.014 0.002
0.016 0.028
0.242 0.28
0.006 0.002
0.014 0.008
0.226 0.25
0 0.004
0.334 0.364
0.004 0.006
0.016 0.006
0.008 0.002
