0.004 0.008
0.148 0.134
0.002 0.004
0.008 0.022
0.206 0.188
0.004 0.004
0.08 0.072
0.174 0.2
0.026 0.018
0.01 0.01
0.178 0.112
0.084 0.094
0.024 0.01
0.016 0.014
0.164 0.144
0.076 0.072
0.018 0.01
0.006 0.004
0.028 0.012
0.032 0.044
0.1 0.078
0.236 0.25
0 0
0.05 0.03
0.394 0.342
0.028 0.01
0.27 0.254
0.018 0.008
0.384 0.406
0.154 0.146
0.61 0.594
0.294 0.314
0.008 0.006
0.012 0.012
0.002 0.018
0.438 0.448
0.27 0.288
0.314 0.316
0.002 0
0.004 0.006
0.276 0.346
0.066 0.068
0.026 0.016
0.008 0.004
0.23 0.232
0.048 0.058
0.014 0.01
0.21 0.23
0.002 0
0 0.002
0.006 0.008
0.036 0.016
0 0
0.396 0.436
0.402 0.384
0.234 0.246
0.05 0.084
0.094 0.094
0.318 0.35
0 0.002
0.04 0.032
0.03 0.022
0.008 0.004
0.068 0.044
0 0
0.138 0.14
0.228 0.252
0.088 0.1
0.208 0.214
0 0.002
0.162 0.136
0.084 0.07
0 0.002
0.006 0.004
0 0.004
0.016 0.01
0.004 0.002
0.046 0.03
0.046 0.042
0.018 0.008
0.008 0.006
0.28 0.284
0.006 0.002
0.034 0.026
0.34 0.326
0.628 0.658
0.524 0.53
0.232 0.244
0 0
0.028 0.028
0.044 0.036
0.1 0.092
0.002 0.002
0.01 0.014
0.006 0.008
0.122 0.14
0.046 0.026
0.008 0.002
0.068 0.104
0.414 0.496
0.164 0.134
0.186 0.168
0.088 0.086
0.206 0.182
0.09 0.074
0.006 0.006
0.06 0.046
0 0.002
0.002 0
0.002 0
0.334 0.332
0.39 0.426
0.194 0.204
0.002 0.002
0.394 0.388
0.048 0.02
0.254 0.24
0.05 0.042
0.086 0.088
0.166 0.138
0.062 0.064
0.224 0.3
0.012 0
0.286 0.36
0 0.006
0.012 0.004
0.004 0
0.108 0.128
0.002 0
0.016 0.014
0.192 0.23
0.002 0
0.404 0.384
0.006 0.002
0.014 0.01
0.024 0.032
