0.008 0
0.082 0.056
0 0.002
0.018 0.016
0.15 0.15
0.004 0
0.066 0.056
0.156 0.126
0.034 0.006
0.006 0.002
0.288 0.248
0.188 0.166
0.014 0.018
0.028 0.028
0.048 0.028
0.268 0.278
0.05 0.026
0.014 0.008
0.012 0.016
0.036 0.042
0.034 0.028
0.14 0.118
0.004 0
0.058 0.072
0.368 0.38
0.08 0.028
0.298 0.376
0.028 0.026
0.464 0.528
0.138 0.136
0.448 0.444
0.296 0.318
0.006 0.004
0.014 0.016
0.008 0.01
0.41 0.452
0.22 0.236
0.258 0.28
0 0.004
0.002 0.008
0.15 0.166
0.05 0.05
0.058 0.05
0.018 0.012
0.33 0.33
0.002 0.01
0.01 0.006
0.09 0.092
0 0.002
0.002 0
0.008 0.006
0.062 0.058
0.004 0.006
0.344 0.372
0.392 0.464
0.238 0.252
0.062 0.058
0.238 0.204
0.338 0.386
0.002 0.002
0.026 0.034
0.028 0.032
0.004 0.002
0.066 0.066
0 0
0.062 0.094
0.38 0.38
0.096 0.084
0.128 0.154
0.004 0
0.18 0.182
0.086 0.066
0 0
0 0.006
0.006 0.002
0.01 0.002
0.002 0.002
0.092 0.048
0.07 0.062
0.022 0.024
0.016 0.022
0.232 0.208
0.014 0.004
0.034 0.036
0.492 0.468
0.656 0.71
0.462 0.472
0.202 0.194
0.004 0
0.018 0.008
0.032 0.018
0.12 0.094
0.002 0
0.042 0.028
0.014 0.006
0.136 0.146
0.028 0.028
0.024 0.004
0.082 0.086
0.4 0.368
0.16 0.136
0.092 0.094
0.064 0.078
0.116 0.11
0.042 0.04
0.026 0.018
0.07 0.058
0.004 0.002
0 0.002
0.004 0
0.354 0.322
0.312 0.366
0.362 0.392
0.002 0
0.228 0.292
0.064 0.068
0.206 0.182
0.082 0.078
0.118 0.098
0.064 0.068
0.024 0.016
0.298 0.296
0.012 0.004
0.476 0.438
0.044 0.03
0.008 0.006
0 0
0.27 0.282
0.002 0
0.014 0.012
0.224 0.228
0.002 0.002
0.504 0.506
0.002 0.006
0.008 0.022
0.074 0.056
