0.022 0.004
0.062 0.128
0 0.006
0.042 0.044
0.134 0.14
0 0
0.094 0.086
0.162 0.19
0.032 0.038
0.016 0.012
0.206 0.15
0.144 0.148
0.042 0.044
0.024 0.038
0.07 0.064
0.226 0.236
0.036 0.038
0.014 0.006
0.026 0.02
0.022 0.028
0.028 0.038
0.194 0.2
0.002 0
0.046 0.054
0.386 0.408
0.036 0.058
0.286 0.348
0.02 0.028
0.54 0.516
0.058 0.06
0.586 0.552
0.208 0.246
0.012 0.002
0.018 0.018
0.018 0.008
0.54 0.476
0.228 0.224
0.26 0.272
0.006 0.008
0.018 0.016
0.198 0.218
0.03 0.032
0.082 0.054
0.012 0.018
0.232 0.25
0.038 0.032
0.012 0.002
0.014 0.012
0.002 0.002
0 0.002
0.004 0.006
0.066 0.034
0 0.002
0.32 0.376
0.354 0.374
0.204 0.206
0.018 0.028
0.45 0.44
0.394 0.414
0 0
0.08 0.064
0.044 0.028
0.002 0.002
0.092 0.068
0 0
0.068 0.07
0.144 0.192
0.08 0.062
0.09 0.124
0.002 0.002
0.072 0.07
0.046 0.038
0.004 0
0.004 0.01
0.006 0.004
0.012 0.024
0 0.002
0.06 0.052
0.016 0.018
0.014 0.022
0.024 0.024
0.072 0.054
0.058 0.052
0.024 0.022
0.152 0.132
0.392 0.42
0.144 0.112
0.18 0.178
0 0
0.06 0.052
0.02 0.024
0.162 0.142
0.004 0.004
0.076 0.072
0.02 0.022
0.09 0.102
0.03 0.03
0.006 0.004
0.126 0.142
0.33 0.352
0.168 0.138
0.102 0.082
0.092 0.07
0.15 0.108
0.046 0.076
0 0.006
0.084 0.076
0.002 0
0.002 0
0.002 0
0.142 0.146
0.374 0.438
0.532 0.524
0.002 0
0.344 0.42
0.01 0.018
0.27 0.24
0.094 0.07
0.078 0.074
0.098 0.1
0.106 0.116
0.37 0.344
0.008 0
0.452 0.476
0.022 0.016
0.008 0.016
0.008 0.016
0.246 0.242
0.002 0.002
0.046 0.046
0.134 0.12
0.006 0
0.21 0.2
0.01 0.004
0.05 0.052
0.044 0.026
