0.036 0.026
0.068 0.064
0.022 0.008
0.08 0.072
0.12 0.16
0.002 0.002
0.102 0.128
0.03 0.054
0.036 0.026
0.028 0.014
0.174 0.134
0.026 0.026
0.1 0.112
0.016 0.008
0.18 0.138
0.198 0.184
0.006 0.006
0.048 0.038
0.012 0.002
0.002 0
0.022 0.02
0.076 0.048
0.014 0.004
0.076 0.066
0.19 0.154
0.054 0.038
0.142 0.128
0.002 0
0.384 0.352
0.166 0.17
0.378 0.366
0.158 0.212
0 0.004
0.022 0.008
0.048 0.038
0.436 0.432
0.218 0.206
0.244 0.258
0.002 0.004
0.018 0.02
0.05 0.056
0.012 0.016
0.234 0.208
0.004 0
0.128 0.168
0.014 0.01
0.044 0.034
0.278 0.282
0.002 0
0 0.004
0.002 0.002
0.448 0.462
0 0
0.472 0.544
0.372 0.44
0.12 0.13
0.018 0.03
0.336 0.314
0.16 0.158
0.024 0.018
0.13 0.13
0.02 0.006
0.006 0.006
0.046 0.048
0.002 0.004
0.038 0.038
0.07 0.056
0.096 0.092
0.08 0.11
0.022 0.024
0.17 0.158
0.024 0.032
0.012 0.008
0 0.004
0.006 0
0.036 0.024
0.018 0.002
0.09 0.058
0.026 0.026
0.014 0.012
0.068 0.084
0.152 0.182
0.048 0.022
0.212 0.22
0.348 0.342
0.504 0.56
0.676 0.66
0.186 0.21
0.002 0
0.072 0.058
0.008 0.002
0.078 0.074
0.024 0.026
0.17 0.172
0.208 0.214
0.178 0.198
0.038 0.032
0.002 0.002
0.02 0.01
0.302 0.308
0.172 0.16
0.106 0.084
0.182 0.122
0.188 0.246
0.02 0.028
0.082 0.06
0.056 0.04
0.002 0
0.002 0.002
0 0
0.112 0.122
0.18 0.236
0.492 0.474
0.002 0.008
0.264 0.248
0.03 0.032
0.256 0.294
0.388 0.41
0.066 0.076
0.164 0.12
0.166 0.212
0.394 0.4
0.002 0
0.34 0.362
0.028 0.004
0.006 0.01
0 0.004
0.242 0.264
0.002 0
0.004 0.002
0.132 0.152
0 0
0.398 0.38
0.002 0
0.044 0.038
0.344 0.392
