0.032 0.024
0.108 0.066
0.012 0.006
0.138 0.176
0.126 0.102
0.002 0
0.136 0.106
0.038 0.036
0.094 0.074
0.02 0.014
0.114 0.104
0.068 0.078
0.06 0.058
0.016 0.018
0.16 0.12
0.16 0.138
0.016 0.006
0.04 0.028
0.02 0.01
0.002 0
0.024 0.014
0.06 0.038
0.002 0.002
0.106 0.09
0.188 0.136
0.058 0.038
0.1 0.128
0 0
0.31 0.364
0.212 0.206
0.45 0.328
0.278 0.32
0 0.002
0.012 0.004
0.052 0.026
0.322 0.306
0.242 0.22
0.196 0.168
0 0.002
0.016 0.022
0.104 0.102
0.004 0.022
0.236 0.228
0.002 0
0.216 0.23
0.012 0.008
0.05 0.036
0.218 0.198
0 0
0.002 0
0.002 0
0.344 0.412
0.002 0
0.53 0.548
0.37 0.392
0.092 0.108
0.014 0.022
0.106 0.08
0.158 0.176
0.02 0.012
0.194 0.164
0.006 0.004
0.004 0.014
0.104 0.064
0 0.004
0.022 0.022
0.038 0.072
0.036 0.032
0.04 0.044
0.02 0.014
0.092 0.09
0.046 0.05
0.008 0.006
0 0
0.018 0.008
0.04 0.05
0 0.008
0.132 0.084
0.026 0.03
0.014 0.006
0.05 0.062
0.128 0.128
0.086 0.06
0.148 0.176
0.328 0.282
0.51 0.544
0.754 0.722
0.226 0.176
0.002 0.006
0.026 0.028
0.004 0.004
0.108 0.062
0.004 0
0.172 0.136
0.208 0.264
0.104 0.09
0.042 0.036
0.02 0.024
0.002 0
0.184 0.168
0.196 0.152
0.054 0.052
0.106 0.084
0.316 0.368
0.032 0.022
0.036 0.028
0.044 0.03
0.002 0
0.002 0.004
0 0
0.108 0.086
0.248 0.278
0.546 0.554
0.008 0.004
0.23 0.224
0.006 0.004
0.326 0.252
0.382 0.378
0.15 0.126
0.112 0.102
0.252 0.28
0.24 0.244
0 0
0.244 0.258
0.01 0.006
0.004 0.002
0 0
0.218 0.228
0 0.002
0.002 0.002
0.082 0.124
0.002 0.002
0.408 0.426
0.014 0.002
0.04 0.038
0.366 0.408
