0.6 0.6
0.4796748 0.495935
0.7226891 0.7563025
0.2231405 0.1735537
0.344 0.296
0.8571429 0.8655462
0.2790698 0.3178295
0.5772358 0.5447154
0.456 0.528
0.6470588 0.7058824
0.2833333 0.3583333
0.4453782 0.4285714
0.4516129 0.3306452
0.6854839 0.7096774
0.275 0.3166667
0.2148760 0.2148760
0.7795276 0.8503937
0.3965517 0.4827586
0.848 0.824
0.766129 0.8225806
0.775 0.775
0.5 0.475
0.8449612 0.8217054
0.2833333 0.4083333
0.2016807 0.2100840
0.552 0.608
0.3387097 0.2983871
0.8666667 0.8083333
0.06504065 0.07317073
0.2833333 0.2666667
0.0967742 0.08064516
0.3719008 0.3636364
0.8534483 0.8448276
0.7815126 0.8655462
0.6 0.5583333
0.08264463 0.1074380
0.2283465 0.1889764
0.1333333 0.125
0.7083333 0.725
0.7479675 0.6829268
0.5882353 0.4453782
0.6637931 0.6810345
0.0862069 0.06034483
0.8666667 0.8083333
0.08264463 0.04958678
0.8666667 0.725
0.6666667 0.5333333
0.2100840 0.1764706
0.8264463 0.8016529
0.848 0.824
0.75 0.8083333
0.2314050 0.2727273
0.8536585 0.8617886
0.025 0.01666667
0.1034483 0.1034483
0.425 0.4416667
0.6134454 0.6806723
0.2672414 0.2844828
0.2992126 0.2677165
0.7 0.6416667
0.1637931 0.1379310
0.675 0.65
0.7244094 0.8503937
0.2561983 0.3884298
0.8449612 0.8217054
0.6293103 0.6465517
0.4916667 0.475
0.3865546 0.4201681
0.5203252 0.4715447
0.7107438 0.553719
0.275 0.275
0.5284553 0.699187
0.8225806 0.8225806
0.8264463 0.8016529
0.8833333 0.8666667
0.5798319 0.4957983
0.7795276 0.7559055
0.387931 0.4827586
0.8264463 0.677686
0.6589147 0.8217054
0.4583333 0.3833333
0.2113821 0.2682927
0.4274194 0.5
0.1724138 0.1724138
0.08130081 0.1300813
0.008333333 0.008333333
0.01666667 0
0.1637931 0.1465517
0.8264463 0.8016529
0.5284553 0.504065
0.7107438 0.6942149
0.5833333 0.6083333
0.7244094 0.7244094
0.2032520 0.3089431
0.2436975 0.1512605
0.3275862 0.2844828
0.45 0.5166667
0.6612903 0.6209677
0.5798319 0.5210084
0.1724138 0.1465517
0.1550388 0.2713178
0.5166667 0.4916667
0.3858268 0.4488189
0.1034483 0.1034483
0.6666667 0.6124031
0.5172414 0.5948276
0.5203252 0.5691057
0.8534483 0.8448276
0.8833333 0.8666667
0.8225806 0.8225806
0.392 0.392
0.2586207 0.1637931
0.0909091 0.1074380
0.8582677 0.8503937
0.2689076 0.2184874
0.5725806 0.7096774
0.2100840 0.1512605
0.09243697 0.09243697
0.3387097 0.3225806
0.32 0.336
0.25 0.1379310
0.075 0.125
0.848 0.824
0.1209677 0.06451613
0.7672414 0.6810345
0.8449612 0.8217054
0.8582677 0.8503937
0.03333333 0.05833333
0.7723577 0.8617886
0.75 0.724138
0.425 0.4416667
0.8833333 0.8666667
0.1487603 0.1983471
0.736 0.824
0.496 0.496
0.08403361 0.07563025
