0.09160305 0.1145038 0.07633588 0.04580153 0.04580153 0.01526718 0.04580153 0.03053435 0.007633588 0.01526718 0.02290076
0.8148148 0.7703704 0.7777778 0.762963 0.7037037 0.7703704 0.6814815 0.6666667 0.6592593 0.6666667 0.6518519
0.2388060 0.2686567 0.3208955 0.2611940 0.2910448 0.2910448 0.3358209 0.2985075 0.3283582 0.3582090 0.3656716
0.8832117 0.8832117 0.919708 0.8321168 0.8248175 0.8175182 0.8686131 0.8467153 0.6788321 0.6861314 0.7226277
0.8518519 0.7925926 0.8222222 0.8222222 0.9185185 0.8444444 0.8296296 0.7407407 0.8222222 0.7407407 0.762963
0.3777778 0.2888889 0.3629630 0.2740741 0.3111111 0.2592593 0.2296296 0.2444444 0.2592593 0.2518519 0.2296296
0.7028986 0.8623188 0.789855 0.731884 0.7101449 0.7391304 0.6956522 0.6449275 0.7246377 0.673913 0.7391304
0.5725191 0.480916 0.5801527 0.6259542 0.5877863 0.6335878 0.6793893 0.6870229 0.7557252 0.7328244 0.7022901
0.5970149 0.5223881 0.5298507 0.5597015 0.5746269 0.5597015 0.5820896 0.5820896 0.5671642 0.5895522 0.6492537
0.3 0.2714286 0.2 0.1571429 0.2714286 0.2214286 0.2357143 0.2928571 0.2857143 0.3285714 0.3142857
0.7445255 0.7810219 0.7372263 0.729927 0.7591241 0.8321168 0.8248175 0.7445255 0.7664234 0.7226277 0.6788321
0.731884 0.7971014 0.789855 0.7826087 0.8043478 0.8188406 0.9057971 0.826087 0.8043478 0.768116 0.7391304
0.2666667 0.2148148 0.2740741 0.2962963 0.3703704 0.3555556 0.3111111 0.3037037 0.3333333 0.3629630 0.3333333
0.7022901 0.7480916 0.740458 0.6717557 0.6870229 0.5648855 0.519084 0.480916 0.4427481 0.4580153 0.3969466
0.7518248 0.7737226 0.729927 0.6934307 0.6715328 0.6934307 0.7518248 0.6423358 0.7591241 0.5985401 0.6350365
0.4817518 0.4744526 0.5255474 0.4817518 0.5036496 0.4525547 0.459854 0.4379562 0.4160584 0.4014599 0.3795620
0.4444444 0.4444444 0.4222222 0.4518519 0.4444444 0.3851852 0.4 0.3629630 0.3481481 0.3851852 0.3851852
0.09160305 0.08396947 0.09160305 0.08396947 0.09160305 0.07633588 0.1221374 0.1145038 0.129771 0.1145038 0.09160305
0.1984733 0.1068702 0.259542 0.3511450 0.3053435 0.4122137 0.4274809 0.480916 0.4580153 0.5801527 0.480916
0.7883212 0.8467153 0.7372263 0.839416 0.810219 0.8321168 0.8248175 0.8248175 0.7664234 0.7226277 0.6788321
0.6567164 0.5895522 0.6492537 0.5597015 0.6119403 0.5820896 0.5970149 0.6119403 0.5522388 0.5597015 0.5522388
0.5766423 0.5766423 0.5620438 0.4963504 0.5620438 0.5109489 0.4817518 0.4963504 0.4817518 0.4963504 0.5109489
0.4029851 0.3432836 0.3880597 0.3955224 0.3880597 0.3507463 0.4029851 0.3656716 0.3432836 0.3731343 0.3507463
0.9270073 0.9416058 0.9270073 0.9270073 0.8978102 0.8832117 0.8759124 0.810219 0.7591241 0.7226277 0.6861314
0.1185185 0.0962963 0.1037037 0.2444444 0.3555556 0.3777778 0.3481481 0.3851852 0.3703704 0.3925926 0.3703704
0.3571429 0.3571429 0.3071429 0.2285714 0.2357143 0.2 0.1642857 0.1642857 0.1142857 0.1642857 0.1857143
0.2554745 0.270073 0.2919708 0.3649635 0.4014599 0.4160584 0.459854 0.4744526 0.4817518 0.4890511 0.540146
0.5942029 0.6304348 0.5507246 0.4492754 0.3478261 0.2608696 0.1884058 0.1449275 0.1304348 0.1376812 0.08695652
0.3880597 0.2985075 0.3507463 0.3731343 0.380597 0.4029851 0.4626866 0.5 0.5597015 0.5597015 0.5298507
0.0962963 0.1111111 0.05925926 0.05185185 0.05185185 0.05925926 0.03703704 0.02962963 0.02962963 0.02962963 0.02962963
0.4592593 0.437037 0.4296296 0.4592593 0.3703704 0.3333333 0.2444444 0.2444444 0.2296296 0.2296296 0.2370370
0.5481481 0.4814815 0.4962963 0.6518519 0.5777778 0.7407407 0.7777778 0.6962963 0.8074074 0.7481481 0.6962963
0.03816794 0.04580153 0.01526718 0.007633588 0.007633588 0.01526718 0.01526718 0.007633588 0.02290076 0.04580153 0.0610687
0.4740741 0.4814815 0.4518519 0.437037 0.3555556 0.2518519 0.2296296 0.1703704 0.1481481 0.1259259 0.1111111
0.4744526 0.4817518 0.4817518 0.4890511 0.5474453 0.5182482 0.5839416 0.6569343 0.6058394 0.620438 0.5912409
0.08695652 0.1014493 0.07971014 0.1521739 0.1884058 0.2608696 0.3623188 0.3695652 0.3333333 0.3405797 0.3043478
0.5142857 0.4928571 0.55 0.6642857 0.5785714 0.6071429 0.6571429 0.7571429 0.6928571 0.7214286 0.6857143
0.3941606 0.4452555 0.3430657 0.2919708 0.1970803 0.08759124 0.03649635 0.01459854 0.01459854 0.00729927 0
0.3037037 0.3777778 0.3185185 0.2740741 0.2296296 0.2444444 0.2370370 0.2370370 0.2740741 0.2814815 0.3111111
0.2714286 0.2428571 0.2 0.1642857 0.1785714 0.1571429 0.2 0.1857143 0.1214286 0.1857143 0.1857143
0.5648855 0.610687 0.5954198 0.5954198 0.5496183 0.5496183 0.5572519 0.5954198 0.5801527 0.5954198 0.610687
0.9347826 0.942029 0.884058 0.8985507 0.9057971 0.8913043 0.9057971 0.826087 0.8043478 0.768116 0.7391304
0.2627737 0.2919708 0.2919708 0.2189781 0.1459854 0.1824818 0.1094891 0.09489051 0.1021898 0.09489051 0.08759124
0.3985507 0.4275362 0.4130435 0.4565217 0.442029 0.442029 0.4492754 0.4710145 0.4347826 0.4637681 0.4347826
0.5693431 0.5547445 0.6277372 0.5912409 0.5620438 0.5547445 0.6715328 0.7080292 0.7226277 0.7226277 0.6788321
0.437037 0.3925926 0.4666667 0.4888889 0.5111111 0.4962963 0.5777778 0.5703704 0.5185185 0.562963 0.5185185
0.1167883 0.1532847 0.1678832 0.1240876 0.06569343 0.1386861 0.08029197 0.05839416 0.08759124 0.08029197 0.0729927
0.6376812 0.615942 0.6884058 0.6449275 0.5797101 0.5724638 0.5942029 0.615942 0.6376812 0.6014493 0.6304348
0.8518519 0.874074 0.8444444 0.8222222 0.7925926 0.7703704 0.7185185 0.6666667 0.6592593 0.6666667 0.6518519
0.9465649 0.9465649 0.8473282 0.9160305 0.9160305 0.8854962 0.8167939 0.8091603 0.7557252 0.7328244 0.7022901
0.480916 0.4503817 0.4732824 0.4274809 0.480916 0.4274809 0.4961832 0.4427481 0.4198473 0.4580153 0.4198473
0.3 0.2857143 0.2785714 0.3071429 0.2428571 0.3 0.3 0.3285714 0.3214286 0.3285714 0.3357143
0.8666667 0.9333333 0.9555556 0.8814815 0.8666667 0.874074 0.837037 0.8 0.7703704 0.6666667 0.6518519
0.9555556 0.874074 0.874074 0.8814815 0.8666667 0.874074 0.837037 0.8 0.7703704 0.6666667 0.6518519
0.5746269 0.5746269 0.5373134 0.5671642 0.5970149 0.5746269 0.5746269 0.5447761 0.5149254 0.5149254 0.5522388
0.6444444 0.6148148 0.6444444 0.6074074 0.6296296 0.6888889 0.6740741 0.6444444 0.6592593 0.5777778 0.5925926
0.6857143 0.6785714 0.7428571 0.6928571 0.7428571 0.65 0.6428571 0.65 0.6857143 0.5714286 0.5714286
0.2740741 0.2666667 0.2148148 0.1555556 0.1629630 0.1259259 0.1037037 0.07407407 0.04444444 0.05185185 0.05925926
0.3507463 0.2835821 0.2313433 0.1940299 0.1268657 0.1119403 0.05970149 0.02985075 0.02985075 0.02985075 0.02985075
0.03703704 0.02962963 0.03703704 0.03703704 0.06666667 0.05185185 0.08888889 0.08148148 0.08888889 0.1037037 0.06666667
0.5037037 0.4888889 0.4740741 0.4666667 0.4296296 0.3703704 0.3555556 0.3333333 0.3259259 0.3185185 0.2444444
0.06569343 0.04379562 0.04379562 0.02919708 0.05109489 0.06569343 0.1532847 0.1824818 0.2627737 0.2481752 0.2481752
0.3481481 0.3777778 0.3111111 0.2148148 0.1777778 0.07407407 0.05925926 0.06666667 0.05925926 0.05925926 0.02222222
0.6715328 0.6131387 0.6642336 0.6861314 0.6934307 0.7737226 0.7226277 0.7445255 0.7226277 0.7226277 0.6788321
0.8518519 0.7925926 0.8814815 0.9185185 0.8592593 0.8444444 0.7703704 0.8 0.8222222 0.7407407 0.762963
0.09160305 0.05343511 0.0610687 0.0610687 0.07633588 0.07633588 0.1221374 0.1374046 0.1679389 0.1984733 0.1755725
0.8518519 0.925926 0.8814815 0.8296296 0.9185185 0.8444444 0.8296296 0.8 0.8222222 0.7407407 0.762963
0.1185185 0.1703704 0.1259259 0.2444444 0.3111111 0.2962963 0.2962963 0.2962963 0.3333333 0.3185185 0.3037037
0.8074074 0.874074 0.874074 0.8222222 0.8666667 0.874074 0.837037 0.8 0.7703704 0.6666667 0.6518519
0.6715328 0.729927 0.6788321 0.649635 0.5620438 0.5255474 0.5328467 0.4890511 0.4379562 0.3941606 0.4160584
0.5185185 0.5481481 0.5259259 0.4814815 0.4888889 0.4740741 0.3851852 0.4 0.3703704 0.3777778 0.3703704
0.1984733 0.1755725 0.259542 0.2519084 0.1984733 0.2137405 0.2442748 0.259542 0.2519084 0.2290076 0.2137405
0.3880597 0.2835821 0.2835821 0.2985075 0.2537313 0.2462687 0.2313433 0.1791045 0.2014925 0.1940299 0.2089552
0.9111111 0.962963 0.9481481 0.9185185 0.925926 0.8592593 0.8074074 0.8 0.8074074 0.7481481 0.6962963
0.1094891 0.1386861 0.1751825 0.2043796 0.1386861 0.1386861 0.1386861 0.1313869 0.1313869 0.09489051 0.1459854
0.3503650 0.2262774 0.3503650 0.4014599 0.3941606 0.4087591 0.459854 0.4671533 0.4379562 0.5036496 0.4160584
0.9347826 0.9057971 0.9492754 0.8985507 0.8405797 0.8913043 0.9057971 0.826087 0.8043478 0.768116 0.7391304
0.6788321 0.7080292 0.7007299 0.620438 0.7153285 0.6131387 0.6569343 0.6569343 0.5766423 0.5985401 0.5620438
0.8695652 0.8623188 0.884058 0.8478261 0.8405797 0.8913043 0.9057971 0.826087 0.8043478 0.768116 0.7391304
0.5693431 0.5766423 0.6058394 0.649635 0.7080292 0.8029197 0.7445255 0.7737226 0.7737226 0.6861314 0.7226277
0.7777778 0.7481481 0.7481481 0.7851852 0.8074074 0.7777778 0.8296296 0.8 0.8222222 0.7407407 0.762963
0.08955224 0.1119403 0.1417910 0.1940299 0.2537313 0.3507463 0.3955224 0.4179104 0.4552239 0.4477612 0.5522388
0.6518519 0.5407407 0.6222222 0.5333333 0.5037037 0.5407407 0.5555556 0.5259259 0.5037037 0.5259259 0.5111111
0.8296296 0.7851852 0.837037 0.7481481 0.8666667 0.8592593 0.8074074 0.8 0.8074074 0.7185185 0.6962963
0.5547445 0.5328467 0.5328467 0.5693431 0.5839416 0.5109489 0.5985401 0.5620438 0.6058394 0.5693431 0.5693431
0.7313433 0.7089552 0.6567164 0.7014925 0.641791 0.761194 0.6567164 0.6268657 0.5970149 0.6119403 0.5895522
0.2408759 0.270073 0.2116788 0.1605839 0.1021898 0.05839416 0.1167883 0.05839416 0.0729927 0.09489051 0.08759124
0.762963 0.7851852 0.874074 0.8814815 0.8666667 0.874074 0.837037 0.8 0.7703704 0.6666667 0.6518519
0.7022901 0.7480916 0.8473282 0.7480916 0.7099237 0.6412214 0.6335878 0.6259542 0.6030534 0.5954198 0.5877863
0.00729927 0 0.00729927 0.00729927 0.00729927 0.01459854 0.05839416 0.05839416 0.08029197 0.1167883 0.1532847
0.2222222 0.2814815 0.1925926 0.1555556 0.1111111 0.08148148 0.08148148 0.0962963 0.08888889 0.07407407 0.08888889
0.5407407 0.5555556 0.5407407 0.5481481 0.5185185 0.5407407 0.5481481 0.5703704 0.5555556 0.5703704 0.5703704
0.1755725 0.1221374 0.1679389 0.1679389 0.1984733 0.259542 0.2213740 0.2824427 0.3282443 0.2366412 0.2137405
0.8148148 0.7777778 0.7777778 0.8 0.7481481 0.7777778 0.7703704 0.7407407 0.8222222 0.7407407 0.762963
0.8888889 0.8888889 0.9481481 0.8666667 0.925926 0.8592593 0.8074074 0.8 0.8074074 0.7481481 0.6962963
0.2748092 0.2519084 0.259542 0.2748092 0.3664122 0.4122137 0.4503817 0.480916 0.5419847 0.480916 0.610687
0.2313433 0.2313433 0.2014925 0.1492537 0.09701493 0.07462687 0.07462687 0.08955224 0.05970149 0.08955224 0.09701493
0.25 0.2571429 0.3285714 0.3 0.3714286 0.4428571 0.4357143 0.4428571 0.4357143 0.4785714 0.4428571
0.919708 0.8759124 0.9124088 0.9635036 0.9270073 0.9124088 0.8686131 0.8467153 0.7737226 0.6861314 0.7226277
0.1094891 0.1021898 0.0729927 0.1970803 0.2116788 0.2627737 0.2554745 0.2481752 0.2846715 0.2992701 0.3138686
0.9007634 0.8244275 0.8244275 0.8167939 0.7862595 0.8091603 0.8167939 0.8091603 0.7557252 0.7328244 0.7022901
0.4274809 0.3511450 0.4580153 0.4198473 0.4503817 0.4274809 0.4198473 0.3511450 0.3282443 0.3053435 0.2442748
0.7518248 0.7007299 0.7591241 0.729927 0.6788321 0.6934307 0.729927 0.6423358 0.6569343 0.5839416 0.5766423
0.1526718 0.1603053 0.1679389 0.2061069 0.1603053 0.1755725 0.1450382 0.1755725 0.1679389 0.2290076 0.1984733
0.8432836 0.8208955 0.8208955 0.880597 0.8656716 0.8208955 0.7835821 0.738806 0.6940299 0.6567164 0.6492537
0.3284672 0.270073 0.3649635 0.3357664 0.3357664 0.3868613 0.4233577 0.3868613 0.4160584 0.3868613 0.3795620
0.8888889 0.9333333 0.9481481 0.9185185 0.8666667 0.8592593 0.8074074 0.8 0.8074074 0.7481481 0.6962963
0.5109489 0.5328467 0.5693431 0.4963504 0.4890511 0.5182482 0.4160584 0.4233577 0.4452555 0.4525547 0.4306569
0.1824818 0.2627737 0.1313869 0.1678832 0.1824818 0.1897810 0.2043796 0.1824818 0.1897810 0.1751825 0.1897810
0.3507463 0.3432836 0.3731343 0.3880597 0.3880597 0.4626866 0.4626866 0.4925373 0.4701493 0.4701493 0.5895522
0.6304348 0.6666667 0.6594203 0.615942 0.6086957 0.5797101 0.5797101 0.5797101 0.5507246 0.5217391 0.6086957
0.1739130 0.1231884 0.0942029 0.1811594 0.1304348 0.1231884 0.1811594 0.1666667 0.1956522 0.1811594 0.1811594
0.3503650 0.3138686 0.3722628 0.2992701 0.3138686 0.3284672 0.3284672 0.2554745 0.1970803 0.2262774 0.2189781
0.3037037 0.2148148 0.2888889 0.2962963 0.3777778 0.3481481 0.4 0.4074074 0.3777778 0.4222222 0.4444444
0.1185185 0.0962963 0.1333333 0.1851852 0.2592593 0.2666667 0.3555556 0.3629630 0.4 0.3555556 0.3851852
0.649635 0.4452555 0.5474453 0.5328467 0.5839416 0.4963504 0.4890511 0.4379562 0.4160584 0.4525547 0.4744526
0.6962963 0.637037 0.6666667 0.6666667 0.6888889 0.7555556 0.7777778 0.6888889 0.8074074 0.7481481 0.6962963
0.890511 0.8686131 0.9270073 0.8540146 0.8978102 0.8832117 0.8759124 0.810219 0.7591241 0.7226277 0.6861314
0.08148148 0.1185185 0.07407407 0.1037037 0.2370370 0.2888889 0.2888889 0.3185185 0.3333333 0.3111111 0.3333333
0.9347826 0.9275362 0.9492754 0.8985507 0.9057971 0.8913043 0.9057971 0.768116 0.8043478 0.768116 0.7391304
0.9160305 0.9389313 0.9007634 0.9160305 0.9160305 0.8854962 0.8167939 0.8091603 0.7557252 0.7328244 0.7022901
0.9007634 0.9465649 0.9541985 0.9160305 0.9160305 0.8854962 0.8167939 0.8091603 0.7557252 0.7328244 0.7022901
0.02222222 0.01481481 0.01481481 0.02222222 0.02962963 0.08148148 0.1333333 0.2148148 0.2592593 0.2518519 0.2592593
0.2313433 0.2313433 0.2014925 0.1716418 0.1417910 0.1417910 0.08955224 0.08955224 0.08955224 0.06716418 0.08208955
0.1984733 0.2671756 0.1374046 0.1679389 0.1832061 0.1679389 0.1755725 0.2290076 0.2290076 0.2137405 0.2442748
0.6058394 0.6277372 0.6423358 0.6058394 0.6642336 0.6423358 0.6569343 0.6131387 0.649635 0.6423358 0.6569343
0.8888889 0.9333333 0.8814815 0.9185185 0.925926 0.8592593 0.8074074 0.8 0.8074074 0.7481481 0.6962963
0.2666667 0.2370370 0.1925926 0.1851852 0.1407407 0.08148148 0.0962963 0.06666667 0.05925926 0.06666667 0.04444444
0.5970149 0.5970149 0.6044776 0.6268657 0.641791 0.5820896 0.5746269 0.6119403 0.6268657 0.6567164 0.6268657
0.3142857 0.3 0.4071429 0.3857143 0.3928571 0.3857143 0.3142857 0.3142857 0.2857143 0.2928571 0.2642857
0.7259259 0.7111111 0.7037037 0.6962963 0.6592593 0.7259259 0.7185185 0.6666667 0.6592593 0.6148148 0.6518519
0.1231884 0.1086957 0.1666667 0.2028986 0.3478261 0.442029 0.4275362 0.4710145 0.5 0.4710145 0.4492754
0.05839416 0.1167883 0.1167883 0.06569343 0.06569343 0.08759124 0.1167883 0.09489051 0.1094891 0.1532847 0.1678832
0.4296296 0.4888889 0.4666667 0.4592593 0.4296296 0.3481481 0.2962963 0.2962963 0.3259259 0.3481481 0.3555556
0.7164179 0.738806 0.7313433 0.7313433 0.7164179 0.7537313 0.6567164 0.738806 0.6940299 0.6567164 0.6492537
0.05109489 0.02189781 0.04379562 0.04379562 0.0729927 0.1021898 0.2043796 0.1824818 0.2116788 0.2262774 0.2481752
0.1111111 0.1185185 0.1037037 0.05185185 0.1111111 0.07407407 0.08148148 0.0962963 0.05925926 0.05925926 0.1111111
0.6350365 0.6277372 0.6423358 0.6788321 0.6642336 0.6861314 0.729927 0.6934307 0.6788321 0.6861314 0.7226277
0.0962963 0.1629630 0.0962963 0.03703704 0.03703704 0.02962963 0.05185185 0.04444444 0.04444444 0.03703704 0.04444444
0.7226277 0.7153285 0.7007299 0.6642336 0.7080292 0.6642336 0.6131387 0.5693431 0.6642336 0.620438 0.5912409
0.1313869 0.08029197 0.1605839 0.1751825 0.2335766 0.1751825 0.1897810 0.2408759 0.1897810 0.1897810 0.2335766
0.7080292 0.7372263 0.729927 0.6788321 0.6788321 0.6569343 0.6423358 0.5985401 0.6131387 0.5839416 0.5839416
0.55 0.5357143 0.5214286 0.55 0.5785714 0.5928571 0.6428571 0.5928571 0.6285714 0.7214286 0.6428571
0.8 0.7851852 0.7259259 0.7925926 0.8666667 0.7925926 0.8074074 0.7481481 0.8074074 0.7481481 0.6962963
0.3785714 0.3428571 0.3285714 0.3357143 0.3071429 0.3071429 0.3 0.3214286 0.3214286 0.3285714 0.3142857
0.8832117 0.810219 0.8248175 0.8540146 0.8321168 0.8029197 0.7956204 0.810219 0.7591241 0.7226277 0.6861314
0.3925926 0.4592593 0.4296296 0.4592593 0.4148148 0.5185185 0.5259259 0.562963 0.5925926 0.562963 0.5851852
0.5985401 0.6642336 0.6350365 0.540146 0.459854 0.4452555 0.3722628 0.3065693 0.2919708 0.2408759 0.2481752
0.649635 0.6861314 0.649635 0.7810219 0.8248175 0.810219 0.7664234 0.8467153 0.7737226 0.6861314 0.7226277
0.7285714 0.7785714 0.7571429 0.8214286 0.7785714 0.8285714 0.8357143 0.8071429 0.7428571 0.7214286 0.6857143
0.7537313 0.8208955 0.8208955 0.880597 0.8134328 0.8208955 0.7835821 0.738806 0.6940299 0.6567164 0.6492537
