0.278 0.294 0.278 0.286 0.364 0.386 0.466 0.494 0.552 0.534 0.504
0.054 0.052 0.066 0.06 0.042 0.042 0.012 0.006 0.006 0.002 0
0.278 0.32 0.282 0.284 0.246 0.248 0.174 0.112 0.118 0.12 0.082
0.016 0.01 0.012 0.006 0.014 0.01 0.004 0.008 0.002 0 0.002
0.012 0.006 0.008 0.006 0.004 0.006 0.002 0.002 0 0 0
0.298 0.27 0.34 0.33 0.344 0.294 0.33 0.298 0.292 0.312 0.26
0.02 0.032 0.014 0.02 0.012 0.02 0.01 0.006 0.008 0.004 0
0.208 0.11 0.108 0.092 0.066 0.042 0.038 0.014 0.006 0.004 0.002
0.076 0.048 0.066 0.04 0.036 0.034 0.014 0.006 0.004 0.004 0.002
0.208 0.222 0.214 0.258 0.276 0.29 0.258 0.194 0.206 0.218 0.204
0.058 0.032 0.02 0.026 0.006 0.016 0.008 0.004 0.002 0.002 0
0.028 0.04 0.022 0.018 0.008 0.008 0 0.004 0.002 0.002 0
0.268 0.214 0.232 0.222 0.19 0.212 0.164 0.134 0.112 0.092 0.092
0.046 0.018 0.016 0.022 0.04 0.042 0.044 0.042 0.05 0.056 0.062
0.048 0.058 0.064 0.056 0.046 0.054 0.016 0.012 0.03 0.026 0.012
0.186 0.176 0.206 0.18 0.162 0.16 0.15 0.12 0.1 0.1 0.172
0.232 0.264 0.252 0.242 0.232 0.242 0.252 0.272 0.298 0.272 0.282
0.282 0.308 0.348 0.36 0.384 0.416 0.422 0.458 0.52 0.498 0.55
0.386 0.34 0.276 0.258 0.212 0.176 0.164 0.112 0.062 0.044 0.038
0.034 0.026 0.022 0.016 0.01 0.006 0.002 0.002 0.002 0 0
0.132 0.146 0.114 0.076 0.07 0.088 0.08 0.078 0.116 0.102 0.106
0.184 0.168 0.186 0.176 0.174 0.156 0.128 0.094 0.104 0.1 0.086
0.194 0.166 0.172 0.144 0.18 0.176 0.156 0.132 0.096 0.08 0.086
0.004 0 0 0.004 0 0.002 0.002 0 0 0 0
0.452 0.418 0.4 0.346 0.252 0.214 0.19 0.154 0.116 0.108 0.124
0.152 0.184 0.22 0.266 0.274 0.348 0.442 0.452 0.496 0.546 0.498
0.256 0.22 0.2 0.148 0.112 0.114 0.084 0.06 0.03 0.024 0.014
0.052 0.094 0.092 0.122 0.216 0.254 0.322 0.356 0.426 0.436 0.428
0.268 0.236 0.268 0.232 0.194 0.132 0.1 0.076 0.046 0.024 0.022
0.48 0.494 0.482 0.47 0.482 0.552 0.54 0.576 0.586 0.594 0.632
0.132 0.154 0.14 0.182 0.164 0.212 0.216 0.268 0.27 0.256 0.288
0.128 0.116 0.104 0.074 0.052 0.036 0.016 0.008 0.002 0 0
0.464 0.53 0.572 0.57 0.606 0.622 0.618 0.626 0.578 0.574 0.542
0.212 0.224 0.256 0.262 0.344 0.408 0.404 0.448 0.522 0.516 0.514
0.17 0.2 0.166 0.098 0.132 0.082 0.054 0.028 0.024 0.014 0.014
0.502 0.46 0.442 0.384 0.332 0.252 0.22 0.202 0.22 0.22 0.262
0.124 0.1 0.088 0.058 0.02 0.032 0.016 0.022 0.008 0.002 0.004
0.076 0.124 0.142 0.222 0.316 0.386 0.492 0.558 0.636 0.654 0.682
0.214 0.272 0.222 0.288 0.284 0.288 0.266 0.276 0.216 0.184 0.182
0.396 0.358 0.41 0.372 0.358 0.362 0.378 0.316 0.316 0.298 0.312
0.062 0.064 0.06 0.044 0.048 0.034 0.036 0.018 0.016 0.008 0.008
0.006 0.006 0.004 0 0.004 0.002 0 0 0.002 0 0
0.318 0.254 0.314 0.36 0.398 0.444 0.452 0.474 0.562 0.546 0.552
0.214 0.152 0.208 0.17 0.134 0.122 0.106 0.092 0.074 0.052 0.054
0.128 0.146 0.112 0.086 0.064 0.06 0.016 0.014 0.004 0.004 0
0.21 0.192 0.174 0.112 0.09 0.084 0.054 0.036 0.036 0.034 0.034
0.33 0.292 0.266 0.304 0.302 0.322 0.362 0.388 0.432 0.448 0.464
0.066 0.056 0.062 0.076 0.066 0.038 0.022 0.028 0.018 0.006 0.008
0.02 0.014 0.02 0.002 0.024 0.008 0.004 0.006 0.004 0.006 0.002
0.006 0.004 0.012 0.004 0.004 0.002 0.002 0.002 0 0 0
0.094 0.132 0.114 0.106 0.062 0.068 0.066 0.06 0.058 0.056 0.054
0.332 0.314 0.294 0.31 0.298 0.274 0.218 0.264 0.266 0.192 0.204
0.002 0.004 0 0 0.008 0.002 0 0 0 0 0
0.002 0.004 0.004 0.002 0.006 0 0.002 0 0 0 0
0.09 0.09 0.074 0.076 0.066 0.068 0.074 0.062 0.042 0.03 0.028
0.082 0.082 0.046 0.036 0.034 0.04 0.018 0.016 0.024 0.008 0.006
0.028 0.038 0.04 0.03 0.024 0.02 0.022 0.018 0.004 0.018 0.022
0.32 0.364 0.38 0.454 0.496 0.512 0.608 0.614 0.616 0.616 0.608
0.164 0.19 0.262 0.262 0.392 0.386 0.49 0.538 0.566 0.592 0.54
0.412 0.388 0.378 0.392 0.386 0.396 0.402 0.452 0.458 0.474 0.45
0.076 0.09 0.098 0.104 0.122 0.104 0.142 0.134 0.18 0.168 0.256
0.386 0.404 0.398 0.452 0.398 0.398 0.346 0.288 0.252 0.222 0.226
0.108 0.12 0.158 0.232 0.262 0.322 0.394 0.464 0.508 0.562 0.488
0.09 0.046 0.044 0.05 0.022 0.004 0.012 0.01 0.004 0 0
0.014 0.018 0.006 0.01 0.004 0.008 0.004 0.002 0 0.002 0.002
0.47 0.456 0.464 0.46 0.466 0.488 0.47 0.4 0.396 0.382 0.356
0.01 0.01 0.01 0.008 0.008 0.008 0.002 0.002 0.002 0 0
0.33 0.366 0.358 0.314 0.22 0.25 0.216 0.166 0.154 0.17 0.164
0.012 0.006 0.002 0.006 0.004 0.002 0.004 0.002 0 0 0
0.046 0.032 0.048 0.056 0.052 0.064 0.068 0.074 0.09 0.076 0.102
0.118 0.112 0.142 0.11 0.11 0.158 0.166 0.146 0.144 0.156 0.154
0.224 0.252 0.272 0.222 0.194 0.232 0.224 0.18 0.198 0.212 0.198
0.202 0.228 0.302 0.312 0.314 0.304 0.348 0.324 0.33 0.308 0.334
0.002 0.004 0.004 0 0.004 0.002 0 0.004 0.004 0.004 0
0.52 0.53 0.472 0.456 0.498 0.488 0.464 0.47 0.47 0.482 0.448
0.228 0.238 0.236 0.204 0.152 0.156 0.114 0.07 0.064 0.052 0.046
0.004 0.004 0.01 0.004 0.002 0.002 0 0 0.002 0 0
0.066 0.062 0.064 0.048 0.036 0.044 0.048 0.04 0.024 0.014 0.016
0.03 0.016 0.018 0.008 0.004 0 0 0 0 0 0
0.122 0.094 0.052 0.05 0.054 0.012 0.014 0.006 0 0 0
0.086 0.04 0.02 0.02 0.004 0.004 0 0 0 0 0
0.488 0.45 0.39 0.392 0.32 0.212 0.158 0.134 0.074 0.062 0.038
0.086 0.098 0.106 0.094 0.106 0.09 0.066 0.052 0.07 0.036 0.046
0.096 0.082 0.038 0.018 0.012 0.002 0.008 0.002 0.002 0 0
0.132 0.132 0.122 0.132 0.09 0.08 0.05 0.058 0.038 0.044 0.032
0.058 0.048 0.05 0.048 0.036 0.058 0.068 0.066 0.088 0.072 0.068
0.22 0.226 0.284 0.304 0.3 0.364 0.44 0.458 0.478 0.532 0.478
0.028 0.026 0.014 0.002 0.002 0.006 0 0.004 0 0 0
0.03 0.01 0.016 0.02 0.018 0.014 0.02 0.026 0.02 0.016 0.018
0.734 0.68 0.668 0.652 0.626 0.59 0.534 0.432 0.45 0.434 0.42
0.26 0.322 0.344 0.396 0.496 0.544 0.596 0.596 0.672 0.644 0.612
0.11 0.108 0.108 0.116 0.076 0.074 0.066 0.054 0.04 0.024 0.022
0.41 0.414 0.374 0.42 0.376 0.394 0.376 0.392 0.348 0.396 0.36
0.036 0.016 0.024 0.018 0.018 0.02 0.008 0.012 0.012 0.006 0.002
0.008 0.008 0.004 0.002 0 0 0.002 0 0 0 0
0.336 0.282 0.248 0.23 0.234 0.172 0.136 0.076 0.058 0.038 0.028
0.366 0.408 0.452 0.47 0.502 0.524 0.532 0.52 0.566 0.518 0.486
0.458 0.4 0.36 0.332 0.272 0.212 0.188 0.1 0.074 0.082 0.064
0.006 0.002 0.002 0.006 0.002 0 0 0 0.002 0 0
0.256 0.246 0.246 0.27 0.236 0.186 0.122 0.178 0.152 0.108 0.152
0.024 0.012 0.008 0.006 0.008 0.006 0.004 0.002 0 0 0
0.188 0.178 0.168 0.128 0.122 0.134 0.152 0.14 0.16 0.168 0.21
0.026 0.042 0.028 0.034 0.03 0.016 0.026 0.036 0.022 0.016 0.028
0.31 0.326 0.318 0.304 0.322 0.328 0.322 0.318 0.374 0.304 0.372
0.006 0 0.006 0.002 0.004 0.002 0 0.004 0 0 0
0.284 0.266 0.282 0.238 0.196 0.194 0.198 0.138 0.112 0.09 0.09
0.01 0.004 0 0.004 0.002 0 0.002 0.002 0.002 0 0
0.156 0.122 0.15 0.132 0.124 0.116 0.154 0.114 0.124 0.13 0.162
0.284 0.292 0.256 0.26 0.274 0.284 0.288 0.304 0.306 0.366 0.358
0.25 0.242 0.188 0.186 0.178 0.144 0.104 0.084 0.038 0.036 0.046
0.106 0.074 0.102 0.072 0.04 0.048 0.046 0.05 0.036 0.04 0.034
0.41 0.386 0.422 0.392 0.364 0.424 0.386 0.39 0.412 0.374 0.426
0.238 0.248 0.208 0.204 0.244 0.244 0.278 0.274 0.268 0.304 0.316
0.332 0.312 0.266 0.226 0.186 0.216 0.148 0.146 0.106 0.1 0.108
0.29 0.238 0.192 0.198 0.152 0.154 0.14 0.148 0.176 0.138 0.138
0.12 0.112 0.106 0.11 0.08 0.114 0.108 0.072 0.076 0.074 0.056
0.09 0.082 0.08 0.06 0.024 0.012 0.014 0.002 0 0 0
0.012 0.004 0.002 0.006 0.002 0.004 0 0.002 0 0 0
0.502 0.48 0.478 0.448 0.394 0.314 0.31 0.206 0.214 0.196 0.202
0.008 0.008 0.01 0.006 0.004 0 0.004 0.004 0.002 0.002 0
0.024 0.006 0.008 0.008 0.002 0.002 0 0 0 0 0
0.006 0.004 0.004 0.002 0.008 0.006 0.002 0 0 0 0
0.664 0.632 0.576 0.574 0.51 0.46 0.424 0.35 0.27 0.298 0.238
0.26 0.286 0.272 0.32 0.334 0.398 0.386 0.456 0.516 0.522 0.53
0.3 0.31 0.32 0.38 0.334 0.396 0.408 0.414 0.41 0.366 0.392
0.1 0.106 0.094 0.066 0.062 0.038 0.042 0.028 0.016 0.012 0.012
0.006 0 0.006 0.006 0.004 0.002 0 0 0 0 0
0.282 0.296 0.278 0.312 0.3 0.376 0.356 0.442 0.416 0.44 0.492
0.12 0.132 0.112 0.122 0.096 0.068 0.052 0.036 0.03 0.036 0.022
0.294 0.26 0.204 0.188 0.188 0.192 0.19 0.226 0.23 0.23 0.252
0.082 0.076 0.074 0.066 0.044 0.026 0.028 0.022 0.01 0.008 0.014
0.472 0.46 0.398 0.398 0.322 0.24 0.178 0.106 0.084 0.08 0.06
0.45 0.438 0.434 0.42 0.402 0.368 0.33 0.278 0.252 0.222 0.194
0.116 0.14 0.122 0.142 0.136 0.158 0.18 0.194 0.188 0.16 0.154
0.092 0.058 0.052 0.02 0.032 0.02 0.018 0.004 0.006 0.008 0
0.476 0.48 0.408 0.388 0.354 0.33 0.254 0.18 0.148 0.136 0.108
0.366 0.386 0.384 0.424 0.5 0.496 0.534 0.468 0.536 0.506 0.492
0.082 0.086 0.064 0.078 0.052 0.042 0.018 0.016 0.014 0.006 0
0.43 0.412 0.45 0.484 0.526 0.582 0.584 0.594 0.642 0.63 0.636
0.038 0.018 0.024 0.016 0.03 0.022 0.01 0.02 0.02 0.008 0.016
0.534 0.508 0.464 0.438 0.422 0.414 0.388 0.388 0.39 0.37 0.316
0.034 0.04 0.042 0.05 0.028 0.046 0.042 0.038 0.03 0.038 0.052
0.122 0.084 0.054 0.06 0.044 0.036 0.012 0.01 0 0.004 0.006
0.026 0.018 0.01 0.012 0.008 0.008 0.002 0.004 0.004 0.006 0.002
0.29 0.32 0.304 0.284 0.278 0.26 0.278 0.264 0.26 0.192 0.194
0.028 0.008 0.01 0.002 0.008 0 0.004 0 0 0 0
0.312 0.282 0.246 0.242 0.216 0.214 0.124 0.072 0.054 0.034 0.032
0.144 0.138 0.172 0.194 0.254 0.256 0.326 0.282 0.284 0.338 0.328
0.08 0.052 0.048 0.028 0.01 0.008 0.004 0 0 0 0
0.018 0.014 0.012 0.006 0.006 0.008 0 0 0 0 0
0.014 0.006 0.008 0.006 0.004 0 0.002 0 0.004 0.002 0.002
