0.3629630 0.3037037 0.2962963 0.2074074 0.2 0.1037037 0.08148148 0.05925926 0.0962963 0.05185185 0.05925926
0.7111111 0.6962963 0.6518519 0.6518519 0.6740741 0.7259259 0.6 0.6222222 0.5925926 0.6444444 0.5777778
0.3823529 0.3970588 0.4191176 0.3897059 0.4117647 0.4191176 0.3602941 0.4485294 0.4117647 0.4558824 0.4558824
0.880597 0.8880597 0.8656716 0.902985 0.8432836 0.9104478 0.7985075 0.7686567 0.7686567 0.7014925 0.7164179
0.876923 0.9076923 0.8461538 0.8461538 0.9153846 0.9 0.8615385 0.8153846 0.7923077 0.7692308 0.7230769
0.1240876 0.2262774 0.1532847 0.1824818 0.1678832 0.1167883 0.1240876 0.1532847 0.1824818 0.2189781 0.2408759
0.8059701 0.7761194 0.761194 0.8208955 0.7985075 0.7985075 0.7313433 0.7014925 0.7686567 0.7014925 0.7164179
0.3897059 0.3897059 0.4044118 0.4632353 0.4705882 0.5367647 0.5735294 0.625 0.632353 0.6470588 0.7279412
0.5109489 0.5182482 0.5766423 0.5839416 0.5620438 0.5620438 0.649635 0.6277372 0.5985401 0.6642336 0.6058394
0.2592593 0.2 0.2444444 0.2222222 0.1925926 0.2370370 0.2814815 0.2888889 0.2962963 0.3185185 0.3185185
0.839416 0.7883212 0.7664234 0.7883212 0.7372263 0.810219 0.8248175 0.7810219 0.649635 0.6642336 0.6715328
0.762963 0.7333333 0.8148148 0.762963 0.8074074 0.8222222 0.8 0.837037 0.8074074 0.7925926 0.7185185
0.2262774 0.2481752 0.2116788 0.2262774 0.3576642 0.3284672 0.3138686 0.3503650 0.3503650 0.3576642 0.3065693
0.6791045 0.6940299 0.7537313 0.6641791 0.619403 0.6044776 0.5522388 0.5 0.4477612 0.4552239 0.4253731
0.7194245 0.7697842 0.7482014 0.733813 0.676259 0.6402878 0.6546763 0.7194245 0.6330935 0.6402878 0.6618705
0.4104478 0.3656716 0.4253731 0.4402985 0.4104478 0.4701493 0.4402985 0.4328358 0.4179104 0.4402985 0.4029851
0.380597 0.380597 0.3582090 0.3059701 0.3432836 0.3358209 0.2686567 0.2537313 0.2313433 0.2164179 0.2313433
0.2101449 0.2391304 0.1739130 0.1666667 0.1159420 0.1014493 0.1521739 0.1521739 0.0942029 0.1159420 0.0942029
0.1313869 0.1605839 0.1897810 0.2262774 0.2408759 0.2773723 0.3357664 0.3430657 0.3576642 0.3138686 0.3576642
0.8467153 0.8832117 0.8832117 0.8321168 0.810219 0.7737226 0.8321168 0.8321168 0.7810219 0.7591241 0.7372263
0.5109489 0.5547445 0.5839416 0.5620438 0.5693431 0.5620438 0.5693431 0.5620438 0.5182482 0.4744526 0.5182482
0.5220588 0.5147059 0.5294118 0.5147059 0.5367647 0.4926471 0.5514706 0.5220588 0.4926471 0.4779412 0.5
0.4565217 0.4637681 0.4057971 0.4130435 0.384058 0.3695652 0.3695652 0.3695652 0.3623188 0.3478261 0.3478261
0.923077 0.9076923 0.8923077 0.9384615 0.9153846 0.9 0.8615385 0.8153846 0.7923077 0.7692308 0.7230769
0.04444444 0.02962963 0.03703704 0.1037037 0.2370370 0.3111111 0.3703704 0.3777778 0.3851852 0.4 0.3851852
0.2116788 0.270073 0.1970803 0.1751825 0.06569343 0.05839416 0.06569343 0.06569343 0.08029197 0.1094891 0.1094891
0.4202899 0.384058 0.3623188 0.4492754 0.4057971 0.4782609 0.4275362 0.5072464 0.4855072 0.5217391 0.5507246
0.5185185 0.562963 0.4740741 0.3925926 0.2518519 0.2 0.08148148 0.06666667 0.05185185 0.05925926 0.05185185
0.3481481 0.3481481 0.3185185 0.3925926 0.4296296 0.4222222 0.4888889 0.4888889 0.5555556 0.6444444 0.6296296
0.0729927 0.1021898 0.1021898 0.1021898 0.05109489 0.05839416 0.05839416 0.05839416 0.03649635 0.03649635 0.03649635
0.5259259 0.4962963 0.4962963 0.4888889 0.4444444 0.437037 0.3333333 0.2888889 0.2814815 0.2518519 0.2518519
0.5735294 0.4558824 0.4779412 0.5367647 0.5441176 0.625 0.6617647 0.6838235 0.6985294 0.7720588 0.7279412
0.00729927 0.01459854 0.00729927 0 0 0 0.01459854 0.01459854 0.00729927 0.00729927 0.02919708
0.4558824 0.4632353 0.4191176 0.4191176 0.3161765 0.2573529 0.2279412 0.2205882 0.1323529 0.125 0.1470588
0.557971 0.442029 0.4782609 0.4927536 0.5217391 0.5362319 0.5362319 0.5217391 0.5652174 0.6086957 0.5652174
0.08208955 0.08208955 0.1044776 0.1791045 0.2761194 0.3134328 0.2985075 0.3208955 0.3283582 0.2761194 0.2313433
0.562963 0.4962963 0.5925926 0.5703704 0.5851852 0.6962963 0.562963 0.6666667 0.7259259 0.7481481 0.6962963
0.4538462 0.5230769 0.4307692 0.3230769 0.1692308 0.1307692 0.05384615 0.05384615 0.01538462 0.01538462 0.007692308
0.2014925 0.2313433 0.2014925 0.1641791 0.2089552 0.2238806 0.2686567 0.2462687 0.2910448 0.2835821 0.2761194
0.05109489 0.06569343 0.08759124 0.04379562 0.05839416 0.05839416 0.06569343 0.08759124 0.08029197 0.09489051 0.1240876
0.7333333 0.7111111 0.6740741 0.7037037 0.6148148 0.6518519 0.6740741 0.6222222 0.7037037 0.6888889 0.7185185
0.880597 0.9626866 0.8656716 0.9402985 0.9477612 0.9104478 0.902985 0.7686567 0.7686567 0.7014925 0.7164179
0.3153846 0.2384615 0.3615385 0.2307692 0.2307692 0.1923077 0.1384615 0.1538462 0.1538462 0.1153846 0.1307692
0.3925926 0.437037 0.3407407 0.4074074 0.3333333 0.4074074 0.3777778 0.4074074 0.4148148 0.4 0.437037
0.3823529 0.3970588 0.3970588 0.4411765 0.4852941 0.5073529 0.5735294 0.625 0.632353 0.6544118 0.6691176
0.4316547 0.4532374 0.4244604 0.4964029 0.5179856 0.4892086 0.5611511 0.5467626 0.6330935 0.618705 0.5611511
0.1678832 0.1897810 0.1532847 0.1678832 0.1167883 0.1386861 0.1678832 0.1240876 0.1021898 0.1313869 0.1094891
0.649635 0.6715328 0.5693431 0.6131387 0.540146 0.4963504 0.6058394 0.540146 0.5839416 0.5985401 0.620438
0.880597 0.9552239 0.7835821 0.8955224 0.9477612 0.8656716 0.7313433 0.7014925 0.7686567 0.7014925 0.7164179
0.9637681 0.9275362 0.9637681 0.8985507 0.8913043 0.8768116 0.7753623 0.826087 0.7101449 0.6811594 0.6304348
0.5367647 0.5441176 0.5661765 0.5367647 0.5294118 0.5441176 0.5735294 0.5147059 0.5441176 0.5514706 0.4926471
0.1386861 0.2043796 0.1824818 0.1897810 0.1751825 0.2408759 0.2116788 0.2481752 0.2773723 0.2481752 0.3138686
0.9402985 0.8880597 0.9477612 0.8955224 0.8432836 0.9104478 0.902985 0.7686567 0.7686567 0.7014925 0.7164179
0.9333333 0.9407407 0.9333333 0.9703704 0.9333333 0.8814815 0.8666667 0.837037 0.8074074 0.7925926 0.7185185
0.6521739 0.6449275 0.5942029 0.6304348 0.6304348 0.5362319 0.5 0.557971 0.5144928 0.5652174 0.5144928
0.4710145 0.4927536 0.5362319 0.6086957 0.6086957 0.5652174 0.5652174 0.5869565 0.6231884 0.6231884 0.5507246
0.7205882 0.8014706 0.7647059 0.7132353 0.757353 0.6544118 0.632353 0.7941176 0.5882353 0.617647 0.6544118
0.2352941 0.2941176 0.3308824 0.2279412 0.09558824 0.05882353 0.09558824 0.08088235 0.04411765 0.05147059 0.03676471
0.2919708 0.2992701 0.2773723 0.1824818 0.1021898 0.0729927 0.08029197 0.05839416 0.03649635 0.02919708 0.02919708
0.1970803 0.1532847 0.1970803 0.270073 0.1897810 0.1751825 0.1678832 0.1386861 0.1386861 0.1313869 0.1240876
0.5149254 0.6567164 0.5895522 0.5970149 0.5373134 0.5074627 0.4850746 0.4402985 0.3880597 0.3358209 0.3208955
0.0923077 0.07692308 0.07692308 0.0923077 0.08461538 0.1153846 0.1384615 0.1692308 0.2461538 0.2307692 0.2615385
0.3358209 0.3656716 0.3134328 0.2537313 0.1492537 0.1268657 0.08208955 0.07462687 0.05970149 0.04477612 0.04477612
0.6615385 0.6923077 0.6461538 0.7076923 0.776923 0.7384615 0.7538462 0.7538462 0.7 0.7692308 0.7230769
0.8561151 0.8345324 0.8201439 0.7841727 0.7841727 0.8705036 0.7769784 0.8561151 0.7769784 0.7410072 0.7194245
0.00729927 0.02189781 0.01459854 0.03649635 0.03649635 0.04379562 0.06569343 0.09489051 0.08029197 0.1240876 0.09489051
0.8970588 0.9117647 0.875 0.882353 0.867647 0.8529412 0.7720588 0.75 0.7794118 0.7720588 0.7279412
0.2384615 0.2076923 0.3153846 0.3153846 0.2538462 0.3 0.3076923 0.3307692 0.3384615 0.3307692 0.2923077
0.9124088 0.8832117 0.9416058 0.8686131 0.9051095 0.8540146 0.7591241 0.8321168 0.7810219 0.7591241 0.7372263
0.615942 0.6811594 0.5724638 0.5797101 0.5217391 0.5289855 0.5 0.4057971 0.3695652 0.3985507 0.3695652
0.5735294 0.5661765 0.5588235 0.5220588 0.5220588 0.4485294 0.5073529 0.3970588 0.4117647 0.4044118 0.4411765
0.3741007 0.3669065 0.4100719 0.3956835 0.4172662 0.3381295 0.323741 0.3381295 0.2877698 0.2805755 0.323741
0.2681159 0.3043478 0.2463768 0.2463768 0.2028986 0.1449275 0.2028986 0.1666667 0.2246377 0.1811594 0.1811594
0.9637681 0.9275362 0.9637681 0.8985507 0.8913043 0.8768116 0.7753623 0.826087 0.7101449 0.6811594 0.6304348
0.1230769 0.1153846 0.0923077 0.0923077 0.1 0.1307692 0.0923077 0.0923077 0.07692308 0.06153846 0.1076923
0.3884892 0.3453237 0.4172662 0.3956835 0.4604317 0.4676259 0.4316547 0.5107914 0.4964029 0.4460432 0.4532374
0.8880597 0.8880597 0.9477612 0.9402985 0.9477612 0.9104478 0.902985 0.7686567 0.7686567 0.7014925 0.7164179
0.6615385 0.6615385 0.7384615 0.7307692 0.6692308 0.6307692 0.6384615 0.7461538 0.6384615 0.6769231 0.6384615
0.8518519 0.7851852 0.8222222 0.8814815 0.874074 0.8814815 0.8666667 0.837037 0.8074074 0.7925926 0.7185185
0.7037037 0.5407407 0.637037 0.7111111 0.7703704 0.762963 0.7481481 0.7555556 0.8074074 0.7925926 0.7185185
0.7407407 0.6962963 0.6962963 0.7703704 0.8222222 0.8296296 0.7481481 0.8074074 0.8074074 0.7481481 0.6962963
0.1037037 0.1111111 0.1111111 0.2370370 0.3111111 0.3629630 0.437037 0.4814815 0.5259259 0.5777778 0.5111111
0.6296296 0.5407407 0.5111111 0.5407407 0.5407407 0.5111111 0.5185185 0.4740741 0.5259259 0.4888889 0.5259259
0.6086957 0.5652174 0.6231884 0.6449275 0.6811594 0.731884 0.7753623 0.6956522 0.7101449 0.6811594 0.6304348
0.5230769 0.5230769 0.5538462 0.5384615 0.5384615 0.5230769 0.5 0.5615385 0.5692308 0.5 0.5230769
0.7333333 0.7851852 0.6962963 0.6518519 0.6222222 0.637037 0.5481481 0.4740741 0.437037 0.4 0.3851852
0.3043478 0.3260870 0.2318841 0.1666667 0.2028986 0.1304348 0.07971014 0.05797101 0.05797101 0.0942029 0.08695652
0.6102941 0.625 0.6691176 0.6102941 0.7058824 0.75 0.6911765 0.7941176 0.7794118 0.7720588 0.7279412
0.8307692 0.8076923 0.823077 0.823077 0.8 0.7076923 0.6923077 0.6230769 0.6384615 0.6307692 0.6076923
0.007352941 0 0 0.007352941 0.02941176 0.02205882 0.0882353 0.09558824 0.1176471 0.1691176 0.1911765
0.2318841 0.2536232 0.1231884 0.0942029 0.03623188 0.03623188 0.03623188 0.01449275 0.05072464 0.03623188 0.04347826
0.4296296 0.437037 0.4666667 0.4296296 0.4074074 0.4518519 0.4740741 0.4518519 0.4740741 0.4740741 0.5481481
0.1615385 0.1384615 0.1615385 0.2153846 0.2076923 0.2153846 0.2153846 0.2692308 0.2461538 0.3076923 0.2538462
0.7851852 0.7851852 0.8 0.7703704 0.8074074 0.7481481 0.7851852 0.7555556 0.8074074 0.7925926 0.7185185
0.8705036 0.942446 0.9352518 0.9352518 0.8776978 0.8705036 0.8633094 0.8561151 0.7769784 0.7410072 0.7194245
0.2681159 0.2826087 0.2898551 0.3623188 0.3550725 0.3768116 0.4275362 0.4710145 0.5144928 0.5434783 0.5144928
0.1582734 0.1942446 0.1151079 0.1942446 0.09352518 0.1223022 0.1079137 0.1151079 0.1079137 0.1151079 0.1366906
0.1111111 0.1333333 0.04444444 0.1703704 0.2518519 0.2814815 0.3555556 0.3333333 0.3851852 0.4296296 0.4814815
0.923077 0.876923 0.8923077 0.9384615 0.9153846 0.9 0.8615385 0.8153846 0.7923077 0.7692308 0.7230769
0.1884058 0.2681159 0.2028986 0.2173913 0.2246377 0.2536232 0.3333333 0.2753623 0.2826087 0.2971014 0.2971014
0.7737226 0.7956204 0.7080292 0.7883212 0.7372263 0.810219 0.8248175 0.6715328 0.649635 0.6642336 0.6715328
0.4558824 0.4191176 0.4191176 0.4705882 0.4632353 0.4485294 0.4191176 0.3970588 0.3897059 0.3014706 0.3161765
0.7971014 0.7608696 0.7536232 0.7971014 0.826087 0.8188406 0.7101449 0.673913 0.7101449 0.6014493 0.5652174
0.2246377 0.1666667 0.2391304 0.2536232 0.2463768 0.2463768 0.3043478 0.1884058 0.2173913 0.2173913 0.2318841
0.8518519 0.874074 0.8814815 0.8814815 0.874074 0.8222222 0.8666667 0.837037 0.8074074 0.7925926 0.7185185
0.3507463 0.3582090 0.3283582 0.380597 0.3582090 0.3955224 0.3134328 0.3880597 0.380597 0.3432836 0.3208955
0.8405797 0.8913043 0.9057971 0.9202899 0.884058 0.9130435 0.7391304 0.7826087 0.7101449 0.7101449 0.673913
0.6044776 0.5970149 0.5895522 0.5970149 0.5671642 0.5373134 0.5149254 0.5447761 0.5074627 0.4850746 0.4850746
0.2971014 0.2971014 0.3260870 0.2681159 0.2463768 0.2463768 0.2246377 0.1884058 0.1739130 0.2028986 0.2101449
0.4104478 0.380597 0.4328358 0.4402985 0.4701493 0.4776119 0.4552239 0.5 0.4850746 0.5 0.5074627
0.618705 0.6258993 0.5827338 0.6906475 0.5755396 0.5971223 0.589928 0.5755396 0.6258993 0.589928 0.618705
0.1538462 0.1384615 0.1846154 0.2076923 0.1384615 0.1307692 0.1384615 0.1615385 0.1615385 0.1461538 0.1384615
0.3656716 0.3955224 0.4328358 0.4253731 0.3955224 0.3582090 0.3134328 0.2835821 0.2910448 0.2238806 0.2164179
0.3230769 0.2615385 0.3230769 0.3923077 0.3153846 0.3692308 0.4307692 0.4307692 0.4384615 0.3923077 0.4076923
0.1884058 0.1884058 0.2753623 0.2826087 0.3478261 0.3260870 0.3405797 0.3405797 0.3405797 0.3478261 0.3623188
0.4817518 0.5328467 0.5109489 0.5109489 0.5036496 0.4817518 0.4890511 0.4817518 0.4744526 0.4087591 0.4525547
0.6029412 0.5661765 0.6029412 0.5367647 0.6691176 0.6764706 0.6764706 0.75 0.6985294 0.7720588 0.7279412
0.9064748 0.942446 0.8776978 0.9352518 0.8776978 0.8705036 0.8633094 0.8561151 0.7769784 0.7410072 0.7194245
0.04316547 0.04316547 0.0647482 0.1079137 0.1582734 0.2230216 0.2517986 0.3381295 0.3093525 0.3021583 0.3021583
0.8814815 0.9407407 0.9333333 0.8814815 0.874074 0.8814815 0.8666667 0.837037 0.8074074 0.7925926 0.7185185
0.923077 0.9076923 0.9692308 0.9384615 0.9153846 0.9 0.8615385 0.8153846 0.7923077 0.7692308 0.7230769
0.9124088 0.8832117 0.8832117 0.9416058 0.8686131 0.8540146 0.8321168 0.8321168 0.7810219 0.7591241 0.7372263
0.01449275 0.01449275 0.04347826 0.02898551 0.03623188 0.06521739 0.1304348 0.1376812 0.2246377 0.2898551 0.2753623
0.2814815 0.2296296 0.1851852 0.2296296 0.1629630 0.1777778 0.1555556 0.1407407 0.1185185 0.1037037 0.08888889
0.3851852 0.4 0.3407407 0.3407407 0.2370370 0.2814815 0.2296296 0.2370370 0.2148148 0.2592593 0.2888889
0.5683453 0.6258993 0.6258993 0.6906475 0.6115108 0.676259 0.6978417 0.7194245 0.6690647 0.6834532 0.6618705
0.925926 0.9037037 0.9185185 0.9111111 0.8814815 0.8296296 0.8074074 0.8074074 0.8074074 0.7481481 0.6962963
0.4148148 0.4074074 0.4444444 0.3925926 0.3481481 0.3333333 0.2666667 0.2222222 0.1703704 0.1481481 0.1629630
0.4814815 0.5185185 0.5555556 0.5703704 0.5111111 0.5259259 0.5555556 0.6 0.5925926 0.6518519 0.6592593
0.1956522 0.1449275 0.2101449 0.2463768 0.2101449 0.2246377 0.1956522 0.2028986 0.2246377 0.2028986 0.1884058
0.6769231 0.7230769 0.6461538 0.7538462 0.6692308 0.7 0.7153846 0.6923077 0.7 0.6307692 0.6769231
0.08888889 0.02962963 0.08148148 0.1333333 0.2814815 0.3481481 0.3777778 0.4222222 0.4666667 0.4814815 0.4740741
0.02877698 0.01438849 0.03597122 0.03597122 0.02877698 0.1438849 0.1151079 0.1510791 0.1654676 0.1942446 0.1942446
0.4740741 0.4962963 0.4814815 0.4074074 0.4222222 0.3925926 0.3703704 0.3185185 0.3111111 0.2888889 0.3259259
0.7080292 0.7445255 0.7153285 0.7883212 0.729927 0.810219 0.8248175 0.7810219 0.649635 0.6642336 0.6715328
0.1021898 0.1094891 0.09489051 0.1240876 0.1751825 0.1970803 0.2189781 0.2335766 0.2554745 0.2408759 0.2773723
0.1240876 0.1386861 0.08759124 0.03649635 0.05109489 0.05839416 0.04379562 0.05839416 0.05109489 0.03649635 0.03649635
0.5869565 0.5869565 0.5144928 0.5362319 0.6304348 0.6014493 0.6304348 0.6231884 0.6666667 0.7101449 0.673913
0.07246377 0.07246377 0.07971014 0.04347826 0.05072464 0.07246377 0.0942029 0.1521739 0.1666667 0.1594203 0.1739130
0.7538462 0.7615385 0.8153846 0.7692308 0.6538462 0.6307692 0.6923077 0.6230769 0.6076923 0.6538462 0.5846154
0.1615385 0.1230769 0.2 0.1615385 0.2 0.2230769 0.2153846 0.2307692 0.2076923 0.1923077 0.2307692
0.7173913 0.7391304 0.7101449 0.6521739 0.7391304 0.6594203 0.557971 0.5942029 0.5362319 0.5217391 0.5144928
0.5109489 0.4890511 0.5182482 0.5620438 0.6131387 0.620438 0.5912409 0.5985401 0.5985401 0.6131387 0.5839416
0.8321168 0.7956204 0.8540146 0.7372263 0.810219 0.729927 0.7591241 0.7372263 0.7810219 0.6788321 0.7372263
0.08759124 0.1094891 0.1386861 0.1459854 0.1532847 0.1751825 0.1605839 0.1970803 0.1751825 0.1970803 0.2262774
0.8686131 0.8759124 0.8467153 0.7956204 0.8686131 0.8540146 0.7737226 0.8321168 0.7810219 0.7591241 0.7372263
0.2592593 0.2962963 0.3111111 0.3037037 0.2888889 0.3851852 0.3851852 0.4444444 0.4518519 0.4740741 0.5333333
0.6014493 0.557971 0.5144928 0.442029 0.384058 0.3188406 0.2608696 0.2463768 0.2391304 0.2391304 0.2101449
0.6923077 0.7 0.776923 0.7538462 0.8538462 0.7615385 0.8615385 0.8153846 0.7923077 0.7692308 0.7230769
0.876923 0.8384615 0.8384615 0.8461538 0.9153846 0.9 0.8615385 0.8153846 0.7923077 0.7692308 0.7230769
0.8444444 0.9777778 0.837037 0.837037 0.874074 0.8222222 0.8666667 0.837037 0.8074074 0.7925926 0.7185185
