0.08 0.07 0.06 0.064 0.06 0.03 0.026 0.02 0.016 0.006 0.006
0.032 0.048 0.044 0.026 0.032 0.02 0.006 0.016 0.01 0.004 0.002
0.212 0.202 0.256 0.22 0.212 0.208 0.198 0.148 0.156 0.116 0.108
0.012 0.012 0.018 0.022 0.014 0.008 0.014 0.008 0.002 0.004 0
0.016 0.01 0.014 0.006 0.006 0.002 0.004 0.002 0 0 0
0.254 0.26 0.254 0.246 0.236 0.286 0.246 0.288 0.252 0.266 0.25
0.024 0.028 0.036 0.02 0.024 0.032 0.012 0.012 0.008 0 0
0.19 0.16 0.112 0.074 0.052 0.038 0.014 0.016 0.008 0.01 0
0.088 0.076 0.06 0.048 0.042 0.022 0.014 0.002 0 0.004 0.004
0.256 0.242 0.286 0.27 0.248 0.214 0.194 0.196 0.176 0.176 0.144
0.036 0.04 0.044 0.02 0.02 0.006 0.008 0.002 0 0 0
0.038 0.032 0.034 0.014 0.02 0.008 0.008 0 0 0 0
0.34 0.252 0.304 0.256 0.208 0.23 0.222 0.168 0.162 0.146 0.136
0 0.004 0.002 0 0.002 0.008 0 0 0 0.002 0
0.03 0.028 0.052 0.05 0.032 0.046 0.03 0.036 0.028 0.03 0.018
0.112 0.138 0.136 0.106 0.134 0.114 0.102 0.082 0.084 0.086 0.072
0.194 0.232 0.238 0.262 0.266 0.26 0.27 0.28 0.276 0.236 0.288
0.294 0.304 0.31 0.358 0.382 0.42 0.42 0.426 0.424 0.398 0.442
0.416 0.358 0.306 0.25 0.204 0.182 0.13 0.112 0.068 0.05 0.054
0.028 0.014 0.016 0.012 0.002 0.006 0.002 0 0 0 0
0.098 0.082 0.058 0.08 0.06 0.074 0.08 0.086 0.086 0.116 0.114
0.078 0.084 0.096 0.1 0.082 0.084 0.09 0.072 0.082 0.074 0.066
0.166 0.212 0.174 0.152 0.148 0.148 0.114 0.094 0.098 0.112 0.106
0 0 0.002 0.004 0 0.002 0.004 0 0 0 0
0.426 0.388 0.368 0.308 0.288 0.204 0.194 0.15 0.138 0.102 0.096
0.278 0.276 0.37 0.346 0.436 0.48 0.592 0.546 0.612 0.542 0.576
0.324 0.284 0.244 0.208 0.184 0.146 0.168 0.092 0.08 0.058 0.024
0.07 0.09 0.14 0.178 0.242 0.326 0.376 0.404 0.52 0.5 0.55
0.266 0.302 0.248 0.228 0.168 0.15 0.078 0.058 0.036 0.034 0.01
0.454 0.438 0.424 0.46 0.466 0.532 0.532 0.588 0.578 0.538 0.566
0.122 0.162 0.186 0.18 0.182 0.184 0.236 0.228 0.244 0.286 0.354
0.154 0.144 0.076 0.052 0.024 0.018 0.018 0.012 0.002 0 0
0.488 0.448 0.544 0.592 0.606 0.622 0.648 0.604 0.618 0.5 0.554
0.138 0.158 0.184 0.226 0.278 0.324 0.38 0.44 0.45 0.56 0.49
0.17 0.134 0.128 0.104 0.092 0.074 0.058 0.028 0.028 0.012 0.024
0.282 0.234 0.246 0.228 0.166 0.138 0.132 0.092 0.108 0.168 0.152
0.16 0.118 0.074 0.058 0.03 0.044 0.018 0.01 0.006 0.004 0
0.132 0.18 0.232 0.284 0.41 0.54 0.612 0.674 0.75 0.746 0.778
0.274 0.278 0.352 0.382 0.358 0.364 0.35 0.328 0.312 0.322 0.304
0.306 0.3 0.336 0.36 0.35 0.336 0.376 0.3 0.258 0.314 0.254
0.038 0.056 0.05 0.026 0.046 0.042 0.032 0.02 0.012 0.02 0.008
0.004 0.01 0.012 0.002 0.002 0 0 0.002 0 0 0
0.23 0.224 0.24 0.332 0.328 0.376 0.4 0.454 0.46 0.46 0.518
0.148 0.174 0.156 0.196 0.188 0.156 0.186 0.14 0.15 0.108 0.102
0.144 0.11 0.098 0.072 0.066 0.028 0.024 0.014 0.006 0.012 0
0.218 0.212 0.146 0.13 0.094 0.1 0.052 0.038 0.038 0.008 0.018
0.262 0.238 0.322 0.31 0.344 0.324 0.426 0.466 0.464 0.486 0.496
0.082 0.08 0.066 0.078 0.074 0.062 0.052 0.034 0.016 0.022 0.016
0.016 0.008 0.01 0.004 0.006 0.008 0.002 0.016 0.012 0.006 0.002
0.008 0.006 0.002 0.002 0.004 0.002 0 0 0 0 0
0.044 0.03 0.018 0.008 0.014 0.006 0.004 0.006 0 0.002 0
0.294 0.256 0.286 0.252 0.254 0.298 0.232 0.216 0.204 0.17 0.17
0.004 0.004 0.006 0.006 0 0 0 0 0 0.002 0
0.008 0.002 0.004 0 0.004 0 0 0 0 0 0
0.068 0.08 0.072 0.034 0.042 0.054 0.052 0.048 0.032 0.036 0.038
0.06 0.056 0.046 0.034 0.03 0.01 0.014 0.008 0.006 0.002 0
0.034 0.032 0.026 0.016 0.022 0.02 0.028 0.018 0.006 0.012 0.006
0.318 0.354 0.366 0.396 0.484 0.506 0.522 0.57 0.594 0.648 0.65
0.208 0.206 0.262 0.286 0.4 0.472 0.5 0.524 0.576 0.596 0.642
0.294 0.282 0.296 0.3 0.316 0.35 0.362 0.416 0.442 0.474 0.378
0.104 0.128 0.116 0.144 0.134 0.146 0.136 0.18 0.198 0.228 0.232
0.368 0.412 0.466 0.432 0.404 0.46 0.382 0.334 0.27 0.316 0.316
0.104 0.114 0.14 0.168 0.216 0.288 0.314 0.466 0.432 0.494 0.446
0.086 0.052 0.068 0.048 0.028 0.018 0.006 0.006 0.006 0 0.002
0.022 0.024 0.004 0.016 0.01 0.006 0.016 0.002 0 0.002 0
0.476 0.486 0.546 0.528 0.58 0.552 0.516 0.56 0.5 0.524 0.486
0.018 0.012 0.018 0.002 0.012 0.01 0.002 0.004 0.002 0 0
0.386 0.4 0.324 0.298 0.298 0.242 0.252 0.176 0.178 0.192 0.22
0.012 0.012 0.01 0.006 0.006 0.01 0 0.002 0 0 0
0.028 0.024 0.04 0.04 0.03 0.044 0.038 0.022 0.024 0.052 0.038
0.092 0.098 0.096 0.096 0.084 0.122 0.122 0.106 0.15 0.14 0.126
0.15 0.184 0.1 0.124 0.09 0.07 0.044 0.026 0.018 0.008 0.012
0.242 0.266 0.294 0.258 0.268 0.282 0.272 0.274 0.26 0.254 0.268
0.008 0.006 0.006 0.008 0.002 0.006 0 0.002 0.004 0 0.002
0.452 0.4 0.406 0.466 0.436 0.478 0.5 0.536 0.532 0.584 0.544
0.254 0.224 0.226 0.162 0.114 0.118 0.078 0.062 0.05 0.068 0.044
0.01 0.004 0.002 0.004 0.006 0 0.002 0.002 0 0 0.002
0.064 0.048 0.052 0.038 0.036 0.028 0.014 0.022 0.024 0.018 0.012
0.022 0.016 0.01 0.012 0.002 0.004 0 0 0 0 0
0.134 0.1 0.086 0.052 0.044 0.052 0.02 0.01 0.006 0.002 0
0.1 0.074 0.042 0.022 0.014 0.006 0.004 0 0 0 0
0.514 0.456 0.46 0.386 0.328 0.25 0.182 0.116 0.076 0.074 0.058
0.05 0.086 0.052 0.05 0.062 0.052 0.036 0.026 0.018 0.008 0.01
0.128 0.102 0.04 0.038 0.018 0.012 0.008 0.006 0.004 0.002 0
0.134 0.148 0.138 0.154 0.092 0.082 0.056 0.058 0.04 0.046 0.034
0.034 0.026 0.04 0.036 0.03 0.022 0.036 0.044 0.02 0.03 0.022
0.21 0.22 0.234 0.282 0.3 0.35 0.386 0.388 0.402 0.388 0.404
0.026 0.02 0.008 0 0.002 0.002 0.004 0 0 0 0
0.03 0.02 0.028 0.018 0.02 0.024 0.018 0.024 0.024 0.038 0.032
0.722 0.722 0.68 0.628 0.636 0.588 0.54 0.518 0.478 0.49 0.49
0.332 0.384 0.398 0.464 0.54 0.554 0.566 0.674 0.678 0.66 0.654
0.066 0.076 0.082 0.074 0.088 0.058 0.054 0.036 0.024 0.034 0.024
0.418 0.382 0.38 0.366 0.36 0.324 0.324 0.27 0.302 0.28 0.312
0.026 0.026 0.03 0.026 0.014 0.012 0.012 0.006 0.008 0 0
0.008 0.004 0.002 0.006 0 0 0.004 0 0 0 0
0.314 0.306 0.264 0.25 0.18 0.178 0.114 0.11 0.052 0.044 0.022
0.346 0.364 0.38 0.402 0.426 0.466 0.478 0.48 0.488 0.528 0.46
0.312 0.296 0.274 0.286 0.218 0.164 0.12 0.072 0.062 0.04 0.028
0.014 0.004 0.004 0 0.004 0 0.004 0 0 0 0
0.34 0.32 0.304 0.228 0.298 0.252 0.2 0.238 0.166 0.174 0.156
0.008 0.01 0.01 0.014 0.01 0.02 0.01 0.002 0.002 0 0
0.262 0.24 0.208 0.156 0.178 0.154 0.14 0.168 0.18 0.202 0.224
0.032 0.036 0.026 0.028 0.024 0.032 0.014 0.014 0.034 0.026 0.028
0.4 0.356 0.352 0.344 0.322 0.346 0.324 0.34 0.334 0.296 0.32
0.01 0.008 0.004 0.004 0.002 0.002 0 0.002 0 0.002 0
0.33 0.286 0.272 0.252 0.242 0.23 0.246 0.182 0.166 0.136 0.178
0.008 0.006 0.012 0.008 0.01 0.008 0.004 0.002 0.008 0 0.002
0.042 0.038 0.048 0.04 0.038 0.044 0.022 0.014 0.012 0.02 0.022
0.248 0.296 0.264 0.296 0.29 0.296 0.326 0.304 0.364 0.338 0.358
0.192 0.198 0.166 0.17 0.13 0.136 0.106 0.082 0.046 0.072 0.062
0.076 0.054 0.07 0.068 0.064 0.072 0.052 0.052 0.038 0.026 0.016
0.376 0.358 0.418 0.402 0.388 0.428 0.422 0.434 0.438 0.422 0.414
0.278 0.262 0.28 0.252 0.24 0.24 0.29 0.3 0.29 0.336 0.376
0.254 0.248 0.232 0.162 0.2 0.142 0.108 0.084 0.092 0.086 0.072
0.452 0.416 0.3 0.292 0.244 0.212 0.182 0.14 0.098 0.086 0.112
0.096 0.086 0.072 0.082 0.064 0.072 0.052 0.052 0.048 0.04 0.054
0.068 0.044 0.068 0.034 0.034 0.034 0.022 0.02 0.006 0.002 0
0.014 0.008 0.002 0.004 0.006 0.002 0.002 0 0 0 0
0.618 0.584 0.556 0.524 0.4 0.356 0.316 0.232 0.2 0.216 0.23
0.008 0.002 0.008 0 0.002 0 0.002 0 0 0 0
0.004 0 0.004 0 0.004 0 0 0 0 0 0
0.002 0.004 0.002 0.002 0 0 0 0 0 0 0
0.622 0.676 0.652 0.562 0.516 0.424 0.386 0.358 0.278 0.272 0.264
0.368 0.352 0.308 0.376 0.372 0.446 0.498 0.528 0.614 0.582 0.628
0.258 0.284 0.284 0.318 0.342 0.318 0.33 0.384 0.334 0.304 0.312
0.098 0.104 0.086 0.066 0.052 0.03 0.026 0.014 0.02 0.012 0.006
0 0.002 0.004 0.004 0 0.002 0 0 0 0 0
0.226 0.224 0.288 0.314 0.298 0.366 0.41 0.43 0.42 0.496 0.48
0.144 0.116 0.084 0.068 0.054 0.062 0.044 0.034 0.024 0.016 0.008
0.278 0.236 0.246 0.208 0.208 0.184 0.16 0.196 0.228 0.196 0.214
0.078 0.068 0.044 0.044 0.028 0.036 0.028 0.014 0.018 0.01 0.012
0.496 0.516 0.49 0.384 0.306 0.254 0.18 0.154 0.104 0.08 0.088
0.494 0.54 0.448 0.49 0.448 0.49 0.446 0.416 0.398 0.384 0.394
0.142 0.168 0.154 0.17 0.14 0.152 0.138 0.176 0.142 0.174 0.15
0.06 0.064 0.054 0.032 0.026 0.02 0.01 0.016 0.006 0.006 0
0.424 0.506 0.484 0.444 0.442 0.376 0.346 0.29 0.24 0.194 0.224
0.326 0.356 0.354 0.408 0.406 0.414 0.45 0.506 0.448 0.514 0.452
0.106 0.092 0.08 0.074 0.04 0.034 0.04 0.016 0.012 0.002 0.002
0.274 0.33 0.296 0.348 0.39 0.37 0.442 0.386 0.364 0.432 0.422
0.042 0.046 0.024 0.032 0.034 0.046 0.032 0.01 0.008 0.02 0.022
0.468 0.416 0.386 0.412 0.356 0.356 0.378 0.326 0.366 0.362 0.348
0.06 0.046 0.062 0.046 0.054 0.042 0.036 0.02 0.032 0.032 0.05
0.126 0.106 0.09 0.06 0.036 0.042 0.024 0.008 0.01 0.006 0.002
0.016 0.018 0.01 0.006 0.004 0.006 0.006 0.002 0.006 0.002 0.002
0.376 0.34 0.332 0.312 0.33 0.304 0.256 0.24 0.282 0.178 0.19
0.012 0.014 0.01 0.014 0.01 0.004 0 0.006 0.004 0 0
0.168 0.21 0.168 0.154 0.15 0.118 0.08 0.054 0.03 0.014 0.014
0.086 0.076 0.106 0.11 0.158 0.17 0.222 0.222 0.28 0.258 0.262
0.058 0.024 0.024 0.012 0.002 0.006 0.002 0.004 0 0 0
0.04 0.012 0.012 0.006 0.004 0 0 0 0 0 0
0.016 0.006 0.012 0.008 0.002 0.002 0.006 0.002 0.006 0.004 0
