0.304 0.33 0.348 0.368 0.404 0.454 0.51 0.548 0.542 0.558 0.584
0.044 0.066 0.044 0.046 0.054 0.018 0.03 0.016 0.004 0.022 0.01
0.204 0.202 0.19 0.192 0.184 0.14 0.134 0.108 0.086 0.072 0.07
0.018 0.01 0.018 0.006 0.016 0.006 0.006 0.012 0.002 0.004 0
0.012 0.008 0.012 0.008 0.012 0.004 0.006 0 0 0 0
0.238 0.22 0.218 0.212 0.202 0.22 0.204 0.146 0.128 0.17 0.146
0.03 0.026 0.024 0.028 0.018 0.018 0.022 0.008 0.014 0.004 0
0.2 0.178 0.158 0.114 0.068 0.052 0.042 0.012 0.008 0.012 0
0.14 0.116 0.09 0.054 0.066 0.042 0.022 0.016 0.002 0.01 0.01
0.194 0.21 0.206 0.24 0.252 0.19 0.236 0.198 0.2 0.152 0.172
0.042 0.03 0.018 0.01 0.01 0.004 0.006 0.002 0 0 0.002
0.054 0.052 0.03 0.022 0.006 0.012 0.004 0.004 0 0 0
0.29 0.248 0.204 0.192 0.21 0.164 0.152 0.136 0.122 0.092 0.076
0.05 0.044 0.048 0.048 0.038 0.042 0.052 0.066 0.076 0.072 0.052
0.006 0.016 0.01 0.004 0.006 0.004 0 0 0.004 0 0.002
0.148 0.17 0.18 0.152 0.156 0.14 0.12 0.124 0.124 0.13 0.162
0.26 0.298 0.272 0.282 0.304 0.334 0.324 0.326 0.292 0.298 0.308
0.266 0.264 0.272 0.308 0.294 0.346 0.326 0.298 0.336 0.396 0.4
0.34 0.35 0.282 0.278 0.202 0.164 0.124 0.12 0.07 0.04 0.038
0.028 0.01 0.018 0.014 0.006 0.012 0.008 0.002 0.002 0 0
0.11 0.104 0.1 0.08 0.06 0.078 0.072 0.086 0.088 0.108 0.122
0.078 0.084 0.092 0.062 0.072 0.044 0.086 0.054 0.062 0.05 0.044
0.228 0.208 0.222 0.254 0.234 0.224 0.254 0.224 0.194 0.134 0.136
0.002 0.008 0.006 0 0.006 0.002 0 0 0 0 0
0.3 0.3 0.266 0.232 0.166 0.186 0.14 0.1 0.108 0.116 0.11
0.178 0.208 0.274 0.284 0.352 0.39 0.388 0.474 0.462 0.44 0.386
0.332 0.274 0.254 0.25 0.178 0.16 0.14 0.114 0.056 0.048 0.028
0.07 0.094 0.15 0.172 0.25 0.33 0.354 0.382 0.468 0.55 0.524
0.246 0.208 0.22 0.222 0.152 0.108 0.096 0.07 0.042 0.022 0.014
0.446 0.44 0.45 0.43 0.5 0.546 0.558 0.55 0.594 0.558 0.56
0.14 0.138 0.158 0.16 0.16 0.156 0.144 0.174 0.232 0.232 0.234
0.142 0.092 0.074 0.06 0.032 0.024 0.022 0.01 0.002 0.002 0
0.51 0.586 0.606 0.634 0.66 0.684 0.65 0.67 0.626 0.636 0.614
0.168 0.154 0.206 0.214 0.296 0.324 0.366 0.38 0.424 0.466 0.49
0.136 0.132 0.136 0.09 0.066 0.068 0.044 0.042 0.026 0.02 0.016
0.246 0.222 0.256 0.18 0.136 0.152 0.114 0.098 0.09 0.126 0.146
0.182 0.136 0.114 0.088 0.034 0.038 0.016 0.006 0.016 0.004 0.002
0.134 0.192 0.248 0.328 0.452 0.478 0.552 0.644 0.676 0.696 0.728
0.336 0.344 0.35 0.334 0.348 0.364 0.354 0.332 0.284 0.292 0.264
0.276 0.33 0.35 0.286 0.286 0.332 0.3 0.278 0.272 0.282 0.248
0.072 0.082 0.09 0.098 0.076 0.032 0.034 0.024 0.032 0.014 0.008
0.006 0.006 0.004 0.006 0.004 0.002 0.002 0.002 0.002 0 0
0.25 0.306 0.308 0.33 0.382 0.436 0.464 0.47 0.5 0.564 0.558
0.148 0.14 0.158 0.132 0.108 0.098 0.118 0.124 0.07 0.066 0.044
0.162 0.108 0.114 0.092 0.072 0.056 0.014 0.024 0.006 0 0.002
0.234 0.21 0.172 0.132 0.104 0.114 0.042 0.032 0.034 0.034 0.03
0.136 0.122 0.154 0.166 0.208 0.218 0.234 0.302 0.304 0.294 0.31
0.094 0.084 0.11 0.076 0.076 0.062 0.038 0.032 0.022 0.022 0.02
0.006 0.006 0.008 0.004 0.004 0.004 0.004 0.004 0.006 0 0.004
0.004 0.002 0.01 0 0.002 0.002 0.004 0.002 0 0 0
0.154 0.126 0.11 0.13 0.118 0.118 0.102 0.094 0.076 0.076 0.052
0.27 0.286 0.256 0.304 0.284 0.294 0.25 0.218 0.2 0.23 0.198
0.012 0.004 0.002 0.006 0.002 0.002 0.004 0 0 0 0
0.004 0.004 0.004 0 0 0.002 0 0 0 0 0
0.042 0.022 0.016 0.03 0.014 0.03 0.022 0.03 0.034 0.02 0.01
0.09 0.068 0.066 0.06 0.034 0.02 0.022 0.026 0.01 0.008 0.01
0.058 0.048 0.06 0.032 0.04 0.024 0.028 0.012 0.014 0.01 0.014
0.288 0.312 0.358 0.372 0.422 0.458 0.574 0.53 0.582 0.576 0.586
0.14 0.116 0.194 0.23 0.234 0.306 0.34 0.388 0.442 0.432 0.476
0.518 0.472 0.472 0.414 0.49 0.45 0.426 0.462 0.482 0.5 0.512
0.088 0.108 0.124 0.094 0.15 0.158 0.156 0.16 0.158 0.2 0.224
0.398 0.442 0.478 0.446 0.424 0.4 0.356 0.272 0.244 0.252 0.22
0.114 0.118 0.146 0.21 0.26 0.294 0.39 0.402 0.468 0.466 0.49
0.108 0.1 0.062 0.042 0.034 0.02 0.01 0.012 0.008 0.004 0.008
0.018 0.016 0.01 0.012 0.012 0.01 0.004 0 0.002 0.002 0
0.544 0.552 0.576 0.592 0.558 0.598 0.56 0.544 0.558 0.524 0.528
0.008 0.006 0.008 0.008 0 0 0.002 0 0 0 0
0.092 0.074 0.098 0.082 0.094 0.104 0.1 0.102 0.098 0.096 0.092
0.014 0.01 0.004 0.002 0 0 0 0 0 0 0
0.052 0.046 0.066 0.04 0.064 0.058 0.078 0.07 0.076 0.11 0.102
0.14 0.112 0.136 0.104 0.128 0.13 0.122 0.134 0.13 0.092 0.122
0.302 0.276 0.28 0.268 0.252 0.24 0.246 0.27 0.252 0.272 0.254
0.246 0.242 0.29 0.326 0.33 0.316 0.278 0.272 0.28 0.324 0.298
0.002 0.004 0.002 0.004 0.008 0.006 0.01 0.008 0.002 0.004 0.01
0.43 0.376 0.392 0.388 0.392 0.386 0.43 0.412 0.482 0.456 0.434
0.268 0.262 0.218 0.228 0.202 0.134 0.122 0.076 0.08 0.044 0.046
0.004 0.002 0.008 0.002 0.002 0.006 0 0 0 0.004 0
0.046 0.042 0.046 0.044 0.032 0.03 0.036 0.026 0.034 0.024 0.026
0.012 0.024 0.004 0.008 0.008 0 0 0 0 0 0
0.132 0.116 0.098 0.062 0.036 0.02 0.004 0.01 0 0 0
0.082 0.05 0.02 0.008 0.006 0.004 0.006 0 0 0.002 0
0.488 0.486 0.422 0.41 0.33 0.282 0.214 0.18 0.112 0.092 0.062
0.066 0.098 0.07 0.08 0.092 0.068 0.094 0.076 0.062 0.03 0.04
0.138 0.066 0.048 0.022 0.004 0 0.006 0 0 0.002 0
0.126 0.104 0.116 0.1 0.086 0.086 0.06 0.068 0.036 0.034 0.044
0.056 0.054 0.052 0.034 0.058 0.052 0.038 0.042 0.032 0.036 0.032
0.292 0.288 0.364 0.386 0.426 0.424 0.474 0.484 0.538 0.49 0.49
0.048 0.024 0.02 0.024 0.008 0 0 0.004 0 0 0
0.02 0.024 0.036 0.02 0.02 0.026 0.032 0.03 0.018 0.038 0.022
0.54 0.532 0.502 0.462 0.452 0.398 0.408 0.338 0.302 0.274 0.254
0.33 0.352 0.432 0.502 0.518 0.564 0.63 0.58 0.63 0.692 0.656
0.088 0.062 0.068 0.046 0.074 0.06 0.04 0.028 0.04 0.024 0.02
0.38 0.382 0.37 0.34 0.336 0.334 0.266 0.216 0.224 0.202 0.192
0.04 0.042 0.028 0.022 0.028 0.008 0.02 0.006 0.008 0.004 0
0.006 0.006 0.006 0.002 0 0 0 0 0 0 0
0.342 0.35 0.282 0.264 0.214 0.138 0.13 0.114 0.058 0.062 0.026
0.332 0.36 0.418 0.43 0.496 0.478 0.51 0.552 0.542 0.488 0.506
0.392 0.368 0.392 0.31 0.234 0.162 0.134 0.106 0.13 0.042 0.068
0.01 0.008 0.004 0.004 0 0 0 0 0 0 0
0.33 0.308 0.346 0.308 0.266 0.252 0.23 0.15 0.108 0.15 0.094
0.01 0.006 0.004 0.006 0.006 0.006 0.006 0.004 0 0 0
0.162 0.162 0.188 0.154 0.15 0.106 0.13 0.108 0.098 0.078 0.076
0.03 0.034 0.01 0.022 0.018 0.01 0.008 0.002 0.006 0.004 0.006
0.222 0.19 0.198 0.194 0.178 0.18 0.176 0.218 0.222 0.24 0.258
0.006 0.004 0.004 0.004 0 0 0.002 0.006 0.002 0 0
0.21 0.192 0.218 0.176 0.126 0.138 0.12 0.082 0.074 0.082 0.066
0.014 0.008 0.004 0.004 0.002 0 0.002 0 0 0 0
0.048 0.036 0.05 0.056 0.038 0.04 0.07 0.032 0.032 0.038 0.036
0.204 0.182 0.184 0.22 0.206 0.226 0.212 0.228 0.254 0.27 0.264
0.152 0.152 0.162 0.148 0.114 0.12 0.114 0.06 0.05 0.066 0.038
0.072 0.066 0.06 0.062 0.06 0.052 0.064 0.034 0.014 0.032 0.018
0.404 0.408 0.426 0.404 0.42 0.418 0.422 0.412 0.422 0.38 0.44
0.282 0.326 0.282 0.272 0.284 0.298 0.264 0.262 0.3 0.298 0.306
0.164 0.238 0.194 0.186 0.17 0.116 0.12 0.102 0.076 0.088 0.08
0.428 0.37 0.34 0.276 0.24 0.214 0.18 0.202 0.15 0.18 0.132
0.11 0.114 0.104 0.1 0.094 0.108 0.09 0.064 0.082 0.09 0.064
0.042 0.058 0.038 0.032 0.024 0.014 0.012 0.002 0.002 0 0
0.014 0.002 0 0 0 0.004 0 0.002 0 0 0
0.458 0.426 0.424 0.308 0.312 0.23 0.166 0.094 0.104 0.068 0.058
0.018 0.006 0.012 0.008 0.008 0 0 0.002 0 0.002 0.002
0.008 0.004 0.006 0 0 0 0 0 0 0 0
0.004 0.004 0.002 0.002 0.002 0 0 0 0 0 0
0.564 0.578 0.592 0.6 0.512 0.488 0.378 0.342 0.26 0.252 0.204
0.258 0.266 0.238 0.26 0.282 0.288 0.338 0.398 0.402 0.408 0.482
0.282 0.242 0.276 0.314 0.256 0.316 0.362 0.344 0.338 0.274 0.24
0.11 0.09 0.086 0.082 0.042 0.048 0.02 0.022 0.014 0.016 0.01
0.006 0.006 0.004 0.004 0.004 0.002 0.002 0 0.002 0 0
0.274 0.23 0.298 0.332 0.356 0.38 0.466 0.416 0.488 0.532 0.528
0.154 0.158 0.14 0.088 0.092 0.084 0.054 0.036 0.036 0.026 0.018
0.282 0.276 0.256 0.22 0.21 0.238 0.27 0.276 0.282 0.284 0.242
0.078 0.058 0.046 0.018 0.024 0.006 0.006 0.002 0.002 0 0
0.438 0.402 0.432 0.34 0.254 0.208 0.154 0.106 0.08 0.06 0.05
0.504 0.49 0.464 0.456 0.484 0.432 0.41 0.384 0.382 0.394 0.392
0.118 0.1 0.12 0.122 0.12 0.124 0.148 0.156 0.154 0.12 0.116
0.058 0.068 0.044 0.034 0.024 0.028 0.008 0.01 0 0.002 0.002
0.436 0.42 0.396 0.386 0.338 0.31 0.236 0.194 0.17 0.154 0.156
0.362 0.358 0.406 0.384 0.434 0.492 0.52 0.572 0.534 0.56 0.48
0.05 0.05 0.042 0.042 0.038 0.016 0.01 0.01 0 0.004 0
0.348 0.414 0.47 0.504 0.538 0.574 0.612 0.678 0.668 0.586 0.606
0.062 0.056 0.044 0.068 0.056 0.07 0.048 0.036 0.016 0.032 0.022
0.556 0.394 0.392 0.348 0.324 0.296 0.238 0.182 0.17 0.13 0.088
0.05 0.06 0.054 0.042 0.044 0.036 0.036 0.034 0.026 0.034 0.044
0.09 0.104 0.096 0.078 0.044 0.03 0.024 0.022 0.026 0.016 0.01
0.018 0.014 0.014 0.006 0.004 0 0.004 0 0 0 0
0.454 0.406 0.362 0.334 0.28 0.332 0.274 0.224 0.212 0.228 0.214
0.018 0.018 0.012 0.004 0.01 0.008 0 0.002 0 0 0
0.266 0.272 0.262 0.226 0.184 0.166 0.098 0.076 0.068 0.048 0.048
0.07 0.086 0.118 0.16 0.164 0.202 0.284 0.296 0.29 0.27 0.328
0.116 0.076 0.056 0.044 0.012 0.004 0.002 0.002 0 0 0
0.034 0.016 0.004 0.006 0 0.002 0.002 0 0.004 0 0
0.01 0.014 0.016 0.008 0.006 0.002 0.002 0.002 0.004 0.004 0.006
