0.376 0.358 0.364 0.402 0.422 0.432 0.482 0.5 0.528 0.546 0.57
0.034 0.058 0.046 0.062 0.066 0.074 0.068 0.062 0.068 0.06 0.052
0.328 0.324 0.342 0.364 0.384 0.4 0.442 0.476 0.464 0.458 0.41
0.078 0.058 0.05 0.056 0.054 0.034 0.044 0.044 0.038 0.05 0.05
0.042 0.044 0.038 0.052 0.06 0.046 0.046 0.066 0.036 0.048 0.042
0.616 0.584 0.522 0.48 0.458 0.424 0.416 0.386 0.338 0.312 0.33
0.19 0.148 0.136 0.094 0.102 0.094 0.062 0.08 0.072 0.084 0.08
0.474 0.4 0.298 0.29 0.186 0.172 0.178 0.118 0.074 0.046 0.036
0.438 0.32 0.292 0.214 0.196 0.174 0.158 0.148 0.174 0.234 0.314
0.304 0.374 0.402 0.454 0.454 0.478 0.522 0.524 0.572 0.502 0.536
0.078 0.084 0.064 0.052 0.064 0.03 0.042 0.032 0.042 0.026 0.036
0.272 0.296 0.212 0.234 0.216 0.154 0.172 0.164 0.134 0.142 0.108
0.678 0.506 0.47 0.32 0.292 0.224 0.224 0.174 0.192 0.156 0.16
0.16 0.12 0.094 0.114 0.088 0.11 0.098 0.074 0.084 0.078 0.088
0.096 0.108 0.09 0.098 0.106 0.104 0.092 0.064 0.07 0.072 0.064
0.536 0.548 0.518 0.486 0.452 0.496 0.476 0.448 0.44 0.462 0.442
0.498 0.446 0.386 0.374 0.346 0.362 0.35 0.344 0.286 0.236 0.226
0.534 0.436 0.344 0.308 0.302 0.238 0.194 0.12 0.134 0.112 0.106
0.272 0.268 0.24 0.22 0.23 0.234 0.17 0.184 0.174 0.118 0.114
0.076 0.066 0.064 0.052 0.032 0.044 0.042 0.034 0.032 0.028 0.024
0.434 0.368 0.372 0.37 0.346 0.408 0.368 0.408 0.44 0.394 0.448
0.12 0.126 0.164 0.162 0.184 0.134 0.1 0.128 0.082 0.092 0.126
0.278 0.274 0.276 0.224 0.284 0.248 0.228 0.198 0.196 0.164 0.154
0.086 0.064 0.054 0.044 0.034 0.024 0.032 0.038 0.032 0.036 0.032
0.584 0.504 0.466 0.38 0.402 0.366 0.354 0.344 0.362 0.374 0.354
0.238 0.294 0.332 0.394 0.498 0.526 0.538 0.582 0.61 0.626 0.598
0.382 0.394 0.31 0.282 0.186 0.144 0.092 0.088 0.064 0.046 0.056
0.212 0.228 0.368 0.422 0.528 0.58 0.67 0.718 0.76 0.792 0.792
0.34 0.312 0.316 0.244 0.2 0.152 0.108 0.094 0.046 0.03 0.042
0.454 0.434 0.422 0.384 0.358 0.38 0.396 0.366 0.394 0.318 0.276
0.278 0.226 0.228 0.248 0.262 0.324 0.354 0.408 0.492 0.534 0.584
0.088 0.058 0.066 0.032 0.05 0.03 0.034 0.022 0.02 0.03 0.024
0.4 0.438 0.562 0.602 0.712 0.67 0.754 0.714 0.752 0.734 0.768
0.33 0.384 0.42 0.48 0.486 0.554 0.604 0.632 0.632 0.692 0.72
0.468 0.472 0.542 0.494 0.48 0.426 0.414 0.354 0.312 0.276 0.306
0.514 0.508 0.478 0.476 0.516 0.464 0.412 0.476 0.47 0.508 0.48
0.194 0.168 0.154 0.098 0.108 0.076 0.056 0.04 0.04 0.024 0.01
0.098 0.154 0.232 0.256 0.35 0.4 0.462 0.51 0.574 0.572 0.588
0.416 0.396 0.354 0.408 0.412 0.462 0.46 0.42 0.464 0.432 0.448
0.466 0.46 0.436 0.434 0.43 0.392 0.374 0.276 0.286 0.262 0.224
0.192 0.234 0.23 0.28 0.246 0.318 0.306 0.316 0.318 0.276 0.326
0.078 0.094 0.08 0.11 0.102 0.106 0.12 0.114 0.092 0.072 0.072
0.582 0.538 0.484 0.51 0.436 0.414 0.36 0.396 0.354 0.312 0.27
0.366 0.382 0.442 0.442 0.426 0.498 0.534 0.526 0.518 0.532 0.502
0.33 0.3 0.29 0.232 0.22 0.186 0.128 0.118 0.078 0.058 0.046
0.236 0.238 0.28 0.284 0.262 0.286 0.298 0.304 0.256 0.244 0.248
0.796 0.682 0.668 0.634 0.658 0.612 0.612 0.596 0.642 0.646 0.61
0.12 0.158 0.186 0.138 0.142 0.172 0.158 0.204 0.192 0.178 0.242
0.116 0.13 0.142 0.146 0.13 0.12 0.094 0.098 0.11 0.08 0.084
0.018 0.022 0.028 0.028 0.034 0.034 0.034 0.04 0.062 0.054 0.044
0.2 0.208 0.224 0.192 0.212 0.174 0.17 0.164 0.174 0.218 0.224
0.288 0.3 0.298 0.302 0.296 0.28 0.22 0.218 0.234 0.184 0.208
0.012 0.016 0.01 0.004 0.01 0.02 0.014 0.01 0.022 0.026 0.012
0.018 0.038 0.026 0.026 0.056 0.042 0.05 0.032 0.032 0.024 0.028
0.308 0.326 0.286 0.276 0.232 0.222 0.172 0.156 0.15 0.11 0.11
0.132 0.158 0.168 0.162 0.168 0.172 0.172 0.226 0.31 0.368 0.452
0.088 0.08 0.09 0.094 0.088 0.08 0.054 0.052 0.052 0.056 0.062
0.468 0.47 0.468 0.5 0.446 0.49 0.476 0.418 0.43 0.448 0.374
0.266 0.304 0.268 0.342 0.34 0.366 0.29 0.278 0.2 0.18 0.128
0.578 0.57 0.518 0.532 0.54 0.616 0.612 0.636 0.696 0.642 0.69
0.234 0.274 0.3 0.302 0.344 0.408 0.478 0.558 0.578 0.662 0.644
0.278 0.322 0.402 0.4 0.44 0.408 0.454 0.378 0.3 0.264 0.24
0.326 0.344 0.362 0.388 0.44 0.476 0.438 0.458 0.478 0.436 0.412
0.256 0.248 0.144 0.138 0.084 0.062 0.076 0.092 0.102 0.156 0.222
0.062 0.098 0.066 0.088 0.08 0.088 0.07 0.062 0.032 0.038 0.03
0.564 0.624 0.628 0.612 0.634 0.638 0.646 0.612 0.644 0.554 0.606
0.028 0.026 0.02 0.016 0.022 0.028 0.026 0.034 0.032 0.024 0.016
0.548 0.55 0.57 0.564 0.594 0.592 0.602 0.572 0.63 0.592 0.586
0.132 0.144 0.154 0.162 0.162 0.164 0.184 0.182 0.162 0.194 0.204
0.302 0.316 0.36 0.402 0.426 0.5 0.538 0.52 0.578 0.602 0.574
0.396 0.39 0.376 0.332 0.274 0.272 0.266 0.196 0.214 0.22 0.222
0.294 0.29 0.282 0.368 0.37 0.392 0.32 0.356 0.38 0.34 0.368
0.49 0.526 0.484 0.5 0.518 0.438 0.378 0.39 0.304 0.28 0.254
0.04 0.048 0.044 0.052 0.054 0.05 0.06 0.044 0.072 0.054 0.056
0.452 0.466 0.47 0.476 0.45 0.478 0.48 0.53 0.492 0.518 0.548
0.384 0.31 0.316 0.3 0.298 0.32 0.354 0.362 0.354 0.36 0.382
0.028 0.034 0.018 0.01 0.028 0.016 0.018 0.034 0.014 0.024 0.018
0.158 0.142 0.122 0.1 0.09 0.072 0.052 0.058 0.04 0.048 0.048
0.098 0.084 0.056 0.038 0.048 0.034 0.038 0.028 0.034 0.034 0.036
0.32 0.342 0.278 0.266 0.246 0.21 0.192 0.186 0.164 0.108 0.1
0.356 0.288 0.298 0.282 0.22 0.206 0.198 0.164 0.098 0.104 0.044
0.762 0.71 0.642 0.592 0.496 0.412 0.304 0.258 0.172 0.138 0.098
0.326 0.334 0.3 0.238 0.17 0.184 0.184 0.17 0.074 0.094 0.056
0.214 0.18 0.178 0.156 0.13 0.146 0.096 0.112 0.106 0.086 0.04
0.434 0.376 0.374 0.33 0.286 0.264 0.21 0.198 0.168 0.148 0.106
0.086 0.106 0.118 0.076 0.118 0.148 0.194 0.27 0.274 0.324 0.34
0.202 0.24 0.264 0.336 0.36 0.428 0.448 0.464 0.518 0.542 0.516
0.084 0.064 0.078 0.054 0.03 0.028 0.012 0.006 0.004 0 0.002
0.064 0.048 0.076 0.076 0.064 0.068 0.058 0.06 0.054 0.056 0.042
0.68 0.552 0.564 0.46 0.41 0.368 0.34 0.308 0.274 0.21 0.208
0.464 0.452 0.476 0.504 0.438 0.436 0.432 0.382 0.316 0.292 0.296
0.156 0.192 0.192 0.168 0.266 0.29 0.28 0.29 0.308 0.308 0.262
0.512 0.48 0.416 0.41 0.39 0.332 0.296 0.238 0.232 0.226 0.174
0.046 0.054 0.064 0.062 0.068 0.052 0.06 0.05 0.046 0.066 0.092
0.05 0.046 0.06 0.032 0.054 0.038 0.022 0.022 0.03 0.048 0.042
0.28 0.258 0.26 0.256 0.224 0.17 0.188 0.114 0.11 0.102 0.048
0.212 0.238 0.336 0.364 0.494 0.542 0.572 0.574 0.584 0.544 0.534
0.362 0.368 0.396 0.33 0.34 0.316 0.272 0.262 0.246 0.232 0.26
0.068 0.078 0.08 0.06 0.07 0.06 0.046 0.06 0.062 0.056 0.042
0.534 0.592 0.574 0.612 0.566 0.582 0.57 0.588 0.528 0.55 0.54
0.046 0.026 0.03 0.016 0.014 0.004 0 0.004 0 0.004 0
0.342 0.284 0.254 0.262 0.248 0.302 0.294 0.34 0.334 0.3 0.28
0.194 0.214 0.228 0.244 0.242 0.206 0.246 0.256 0.26 0.24 0.316
0.396 0.398 0.392 0.418 0.414 0.416 0.428 0.4 0.446 0.38 0.36
0.154 0.168 0.134 0.104 0.108 0.098 0.098 0.066 0.076 0.06 0.08
0.562 0.554 0.52 0.514 0.438 0.51 0.474 0.44 0.412 0.342 0.324
0.044 0.036 0.042 0.022 0.044 0.06 0.042 0.048 0.044 0.022 0.018
0.25 0.258 0.258 0.254 0.214 0.216 0.16 0.134 0.092 0.068 0.088
0.308 0.352 0.326 0.364 0.388 0.452 0.48 0.486 0.554 0.536 0.54
0.254 0.286 0.264 0.262 0.256 0.248 0.23 0.182 0.14 0.146 0.074
0.148 0.152 0.196 0.232 0.214 0.182 0.176 0.152 0.106 0.11 0.08
0.528 0.438 0.458 0.43 0.382 0.35 0.362 0.354 0.37 0.418 0.412
0.424 0.44 0.384 0.36 0.334 0.334 0.352 0.326 0.306 0.248 0.234
0.298 0.422 0.428 0.462 0.446 0.388 0.358 0.286 0.328 0.286 0.306
0.502 0.442 0.46 0.454 0.382 0.366 0.348 0.346 0.324 0.334 0.316
0.074 0.098 0.106 0.106 0.146 0.144 0.186 0.188 0.184 0.24 0.248
0.172 0.142 0.154 0.136 0.14 0.138 0.126 0.106 0.126 0.11 0.128
0.094 0.074 0.058 0.042 0.036 0.02 0.038 0.042 0.052 0.072 0.09
0.548 0.478 0.47 0.378 0.364 0.35 0.35 0.304 0.33 0.302 0.32
0.02 0.034 0.024 0.034 0.038 0.042 0.058 0.066 0.138 0.118 0.158
0.194 0.112 0.062 0.02 0.008 0.008 0.004 0 0.004 0.002 0
0.038 0.022 0.012 0.016 0.01 0.012 0.008 0.006 0.004 0.002 0.002
0.628 0.63 0.548 0.548 0.514 0.432 0.412 0.348 0.312 0.282 0.238
0.448 0.508 0.5 0.544 0.556 0.566 0.606 0.584 0.582 0.59 0.602
0.596 0.544 0.522 0.488 0.432 0.466 0.372 0.332 0.298 0.214 0.22
0.25 0.266 0.238 0.222 0.214 0.198 0.196 0.188 0.172 0.152 0.176
0.036 0.032 0.052 0.04 0.03 0.048 0.058 0.046 0.066 0.068 0.06
0.378 0.402 0.442 0.414 0.424 0.508 0.514 0.518 0.528 0.49 0.568
0.338 0.334 0.32 0.276 0.264 0.192 0.202 0.134 0.092 0.102 0.062
0.3 0.3 0.302 0.256 0.22 0.224 0.22 0.21 0.208 0.198 0.196
0.12 0.096 0.104 0.12 0.114 0.116 0.114 0.1 0.15 0.184 0.278
0.554 0.522 0.49 0.4 0.312 0.2 0.164 0.1 0.056 0.038 0.024
0.42 0.462 0.466 0.422 0.444 0.456 0.434 0.41 0.448 0.398 0.432
0.19 0.244 0.234 0.226 0.216 0.174 0.162 0.162 0.138 0.148 0.122
0.134 0.13 0.138 0.1 0.128 0.092 0.09 0.09 0.088 0.13 0.154
0.608 0.566 0.554 0.486 0.478 0.442 0.41 0.41 0.386 0.398 0.366
0.272 0.312 0.398 0.436 0.548 0.58 0.59 0.614 0.572 0.566 0.494
0.148 0.126 0.154 0.14 0.128 0.152 0.138 0.13 0.104 0.084 0.078
0.54 0.6 0.616 0.562 0.532 0.506 0.464 0.434 0.45 0.452 0.446
0.11 0.108 0.128 0.16 0.154 0.206 0.17 0.198 0.162 0.166 0.166
0.498 0.446 0.404 0.362 0.296 0.254 0.202 0.208 0.168 0.15 0.118
0.202 0.208 0.254 0.244 0.242 0.228 0.24 0.208 0.172 0.188 0.154
0.124 0.172 0.162 0.154 0.164 0.146 0.148 0.138 0.142 0.156 0.14
0.02 0.03 0.024 0.014 0.034 0.036 0.044 0.044 0.058 0.072 0.098
0.48 0.478 0.478 0.466 0.454 0.51 0.47 0.472 0.416 0.388 0.332
0.492 0.402 0.358 0.298 0.308 0.256 0.226 0.206 0.186 0.148 0.11
0.176 0.172 0.188 0.126 0.154 0.144 0.1 0.126 0.09 0.078 0.066
0.21 0.254 0.288 0.358 0.336 0.452 0.48 0.524 0.55 0.542 0.594
0.146 0.156 0.144 0.144 0.156 0.134 0.122 0.146 0.146 0.136 0.082
0.084 0.096 0.088 0.074 0.096 0.07 0.066 0.07 0.084 0.074 0.048
0.072 0.08 0.07 0.05 0.05 0.068 0.082 0.094 0.102 0.124 0.104
