0.374 0.426 0.41 0.442 0.506 0.502 0.528 0.558 0.604 0.596 0.614
0.038 0.058 0.048 0.056 0.072 0.064 0.058 0.06 0.074 0.028 0.046
0.488 0.502 0.552 0.558 0.612 0.596 0.604 0.606 0.576 0.574 0.5
0.162 0.098 0.098 0.084 0.064 0.06 0.048 0.05 0.052 0.05 0.084
0.028 0.026 0.036 0.03 0.03 0.042 0.046 0.042 0.042 0.052 0.052
0.574 0.484 0.45 0.386 0.33 0.334 0.294 0.276 0.242 0.262 0.25
0.17 0.158 0.142 0.134 0.104 0.104 0.084 0.072 0.094 0.09 0.13
0.476 0.384 0.274 0.248 0.204 0.134 0.104 0.088 0.096 0.038 0.026
0.286 0.262 0.19 0.18 0.152 0.144 0.118 0.15 0.16 0.212 0.29
0.188 0.21 0.224 0.23 0.226 0.282 0.31 0.334 0.328 0.348 0.288
0.084 0.084 0.088 0.064 0.038 0.048 0.04 0.032 0.036 0.038 0.028
0.204 0.232 0.154 0.16 0.13 0.12 0.12 0.11 0.098 0.084 0.096
0.662 0.548 0.434 0.326 0.3 0.258 0.202 0.142 0.12 0.152 0.104
0.11 0.094 0.122 0.116 0.102 0.154 0.134 0.15 0.124 0.138 0.194
0.082 0.096 0.086 0.098 0.112 0.094 0.068 0.086 0.068 0.09 0.078
0.522 0.502 0.486 0.53 0.466 0.534 0.498 0.536 0.554 0.546 0.564
0.34 0.332 0.328 0.354 0.35 0.346 0.348 0.42 0.364 0.354 0.336
0.502 0.414 0.37 0.318 0.2 0.188 0.18 0.106 0.102 0.102 0.088
0.334 0.326 0.324 0.324 0.262 0.256 0.264 0.252 0.208 0.204 0.152
0.066 0.062 0.064 0.064 0.04 0.042 0.04 0.042 0.024 0.016 0.018
0.372 0.422 0.316 0.346 0.324 0.314 0.388 0.446 0.46 0.476 0.448
0.188 0.172 0.148 0.18 0.148 0.156 0.126 0.104 0.126 0.106 0.124
0.266 0.246 0.246 0.25 0.222 0.208 0.194 0.118 0.134 0.134 0.122
0.104 0.046 0.052 0.074 0.06 0.034 0.028 0.034 0.022 0.028 0.026
0.462 0.444 0.378 0.396 0.342 0.376 0.368 0.362 0.39 0.396 0.41
0.298 0.352 0.442 0.482 0.534 0.556 0.6 0.66 0.68 0.62 0.664
0.44 0.462 0.426 0.326 0.294 0.188 0.114 0.088 0.074 0.034 0.022
0.244 0.308 0.364 0.4 0.468 0.532 0.648 0.654 0.726 0.788 0.776
0.38 0.376 0.312 0.318 0.296 0.234 0.24 0.114 0.08 0.104 0.064
0.564 0.55 0.536 0.49 0.522 0.49 0.482 0.45 0.45 0.382 0.414
0.282 0.238 0.258 0.272 0.284 0.328 0.444 0.47 0.574 0.59 0.686
0.134 0.136 0.068 0.072 0.038 0.028 0.028 0.018 0.028 0.02 0.032
0.286 0.398 0.436 0.516 0.614 0.668 0.724 0.722 0.788 0.75 0.788
0.22 0.214 0.26 0.304 0.388 0.412 0.52 0.538 0.55 0.612 0.592
0.482 0.51 0.562 0.512 0.518 0.43 0.38 0.334 0.28 0.26 0.208
0.54 0.544 0.51 0.508 0.456 0.424 0.454 0.478 0.468 0.514 0.512
0.186 0.218 0.166 0.142 0.13 0.126 0.104 0.076 0.058 0.05 0.034
0.108 0.168 0.196 0.272 0.328 0.366 0.418 0.434 0.482 0.568 0.574
0.418 0.446 0.46 0.38 0.402 0.436 0.55 0.522 0.482 0.492 0.546
0.494 0.454 0.502 0.442 0.48 0.424 0.382 0.356 0.378 0.316 0.292
0.128 0.18 0.186 0.208 0.29 0.28 0.292 0.336 0.34 0.348 0.368
0.054 0.062 0.098 0.096 0.108 0.114 0.108 0.136 0.13 0.128 0.1
0.586 0.558 0.54 0.468 0.466 0.43 0.366 0.362 0.33 0.294 0.248
0.242 0.254 0.306 0.324 0.372 0.38 0.404 0.438 0.48 0.462 0.464
0.37 0.306 0.256 0.212 0.166 0.132 0.114 0.088 0.066 0.056 0.044
0.268 0.256 0.232 0.226 0.216 0.23 0.186 0.176 0.182 0.148 0.136
0.718 0.632 0.598 0.602 0.584 0.622 0.61 0.626 0.626 0.586 0.554
0.134 0.13 0.15 0.126 0.15 0.142 0.134 0.172 0.168 0.158 0.136
0.124 0.13 0.122 0.124 0.118 0.086 0.098 0.122 0.12 0.122 0.106
0.02 0.018 0.018 0.022 0.02 0.03 0.024 0.024 0.05 0.036 0.05
0.144 0.176 0.152 0.218 0.174 0.204 0.164 0.19 0.222 0.226 0.248
0.2 0.234 0.248 0.232 0.216 0.192 0.152 0.148 0.126 0.138 0.152
0.022 0.014 0.012 0.014 0.016 0.01 0.018 0.018 0.022 0.028 0.026
0.02 0.042 0.03 0.03 0.04 0.04 0.044 0.05 0.044 0.038 0.05
0.338 0.328 0.268 0.22 0.166 0.16 0.14 0.1 0.092 0.106 0.058
0.148 0.158 0.188 0.162 0.194 0.22 0.226 0.26 0.328 0.39 0.506
0.038 0.064 0.064 0.078 0.054 0.044 0.03 0.038 0.034 0.036 0.048
0.532 0.558 0.56 0.52 0.534 0.548 0.55 0.534 0.496 0.51 0.516
0.196 0.236 0.254 0.302 0.286 0.318 0.248 0.228 0.186 0.132 0.136
0.544 0.556 0.592 0.56 0.598 0.59 0.654 0.672 0.668 0.692 0.732
0.208 0.224 0.29 0.316 0.312 0.382 0.374 0.416 0.542 0.568 0.588
0.26 0.286 0.37 0.356 0.324 0.336 0.304 0.314 0.254 0.244 0.218
0.35 0.346 0.402 0.448 0.494 0.478 0.52 0.476 0.476 0.482 0.418
0.288 0.188 0.152 0.108 0.128 0.088 0.106 0.082 0.088 0.134 0.184
0.07 0.062 0.064 0.07 0.086 0.056 0.046 0.062 0.048 0.032 0.048
0.654 0.614 0.624 0.612 0.678 0.634 0.674 0.638 0.566 0.566 0.59
0.018 0.03 0.022 0.026 0.01 0.022 0.012 0.024 0.01 0.014 0.016
0.5 0.468 0.58 0.59 0.58 0.61 0.61 0.628 0.652 0.574 0.636
0.164 0.156 0.148 0.16 0.134 0.144 0.166 0.198 0.174 0.198 0.17
0.308 0.342 0.364 0.42 0.456 0.47 0.516 0.57 0.572 0.594 0.598
0.404 0.402 0.366 0.31 0.254 0.21 0.148 0.16 0.136 0.128 0.122
0.214 0.268 0.264 0.302 0.306 0.38 0.346 0.328 0.278 0.266 0.27
0.392 0.426 0.426 0.446 0.356 0.298 0.268 0.234 0.242 0.214 0.188
0.058 0.05 0.066 0.058 0.076 0.058 0.068 0.076 0.072 0.088 0.052
0.438 0.46 0.45 0.472 0.47 0.53 0.484 0.514 0.464 0.552 0.484
0.336 0.276 0.288 0.304 0.334 0.318 0.304 0.326 0.272 0.334 0.29
0.038 0.056 0.034 0.056 0.044 0.04 0.042 0.036 0.056 0.038 0.05
0.24 0.2 0.158 0.082 0.076 0.054 0.056 0.054 0.048 0.044 0.054
0.042 0.036 0.028 0.036 0.03 0.03 0.018 0.02 0.03 0.028 0.032
0.214 0.226 0.202 0.158 0.168 0.17 0.124 0.106 0.092 0.082 0.062
0.176 0.156 0.114 0.082 0.058 0.034 0.026 0.028 0.02 0.004 0.002
0.732 0.684 0.622 0.546 0.452 0.324 0.25 0.182 0.124 0.092 0.06
0.32 0.288 0.25 0.196 0.184 0.154 0.138 0.102 0.102 0.08 0.054
0.232 0.17 0.152 0.12 0.116 0.108 0.092 0.064 0.092 0.07 0.038
0.432 0.416 0.436 0.352 0.33 0.302 0.264 0.258 0.226 0.184 0.198
0.084 0.086 0.114 0.082 0.102 0.136 0.172 0.196 0.224 0.24 0.304
0.142 0.236 0.258 0.362 0.344 0.476 0.514 0.534 0.56 0.608 0.618
0.042 0.048 0.036 0.036 0.02 0.014 0.006 0.006 0.006 0.008 0
0.062 0.06 0.056 0.072 0.074 0.066 0.08 0.07 0.066 0.034 0.04
0.702 0.596 0.542 0.506 0.446 0.41 0.378 0.318 0.286 0.246 0.214
0.432 0.446 0.46 0.462 0.462 0.448 0.43 0.378 0.366 0.33 0.314
0.166 0.212 0.19 0.202 0.192 0.216 0.23 0.296 0.274 0.314 0.33
0.492 0.394 0.394 0.362 0.292 0.318 0.29 0.266 0.222 0.256 0.256
0.038 0.056 0.062 0.074 0.054 0.09 0.1 0.072 0.048 0.068 0.08
0.038 0.04 0.032 0.02 0.02 0.02 0.03 0.024 0.036 0.026 0.026
0.256 0.308 0.234 0.252 0.244 0.186 0.14 0.122 0.106 0.086 0.074
0.28 0.332 0.442 0.514 0.582 0.628 0.672 0.68 0.694 0.6 0.614
0.394 0.442 0.444 0.386 0.406 0.406 0.356 0.358 0.316 0.352 0.344
0.08 0.08 0.122 0.084 0.086 0.07 0.064 0.054 0.032 0.038 0.028
0.454 0.468 0.53 0.5 0.488 0.472 0.454 0.442 0.384 0.406 0.372
0.072 0.062 0.062 0.072 0.088 0.068 0.052 0.064 0.062 0.056 0.066
0.282 0.334 0.252 0.332 0.304 0.322 0.334 0.332 0.338 0.3 0.332
0.132 0.176 0.174 0.156 0.174 0.198 0.24 0.27 0.272 0.348 0.332
0.442 0.414 0.458 0.466 0.45 0.43 0.426 0.42 0.45 0.478 0.432
0.224 0.17 0.142 0.142 0.126 0.112 0.122 0.118 0.128 0.114 0.122
0.598 0.552 0.576 0.48 0.492 0.434 0.416 0.396 0.33 0.31 0.274
0.048 0.026 0.04 0.046 0.048 0.042 0.034 0.046 0.038 0.032 0.02
0.264 0.31 0.304 0.256 0.182 0.188 0.156 0.118 0.11 0.084 0.042
0.476 0.456 0.502 0.51 0.562 0.562 0.606 0.682 0.714 0.704 0.664
0.24 0.25 0.268 0.278 0.288 0.264 0.228 0.192 0.164 0.092 0.076
0.09 0.126 0.144 0.142 0.12 0.118 0.126 0.094 0.08 0.07 0.082
0.428 0.422 0.414 0.43 0.38 0.43 0.396 0.412 0.38 0.372 0.38
0.478 0.408 0.408 0.404 0.384 0.394 0.382 0.388 0.358 0.392 0.36
0.492 0.464 0.516 0.466 0.462 0.384 0.38 0.344 0.32 0.35 0.378
0.562 0.52 0.5 0.41 0.39 0.376 0.366 0.354 0.318 0.322 0.286
0.094 0.096 0.132 0.14 0.18 0.17 0.22 0.232 0.256 0.276 0.352
0.312 0.262 0.21 0.184 0.146 0.13 0.132 0.126 0.116 0.102 0.086
0.042 0.046 0.042 0.028 0.054 0.026 0.034 0.064 0.07 0.102 0.13
0.668 0.588 0.584 0.468 0.414 0.444 0.442 0.416 0.414 0.348 0.372
0.01 0.022 0.022 0.024 0.036 0.028 0.052 0.078 0.09 0.122 0.138
0.148 0.112 0.054 0.036 0.006 0.008 0.002 0.004 0.006 0.002 0
0.162 0.168 0.172 0.2 0.188 0.158 0.162 0.156 0.14 0.154 0.108
0.686 0.646 0.62 0.548 0.522 0.42 0.402 0.378 0.282 0.288 0.264
0.426 0.49 0.528 0.576 0.626 0.648 0.686 0.702 0.694 0.67 0.7
0.592 0.506 0.474 0.392 0.372 0.314 0.236 0.2 0.132 0.09 0.07
0.268 0.236 0.25 0.228 0.196 0.166 0.184 0.15 0.146 0.122 0.168
0.024 0.024 0.02 0.038 0.046 0.036 0.056 0.056 0.086 0.064 0.052
0.394 0.41 0.462 0.518 0.54 0.55 0.598 0.584 0.614 0.652 0.622
0.316 0.302 0.248 0.276 0.248 0.21 0.192 0.12 0.09 0.046 0.036
0.376 0.318 0.29 0.254 0.266 0.236 0.292 0.224 0.252 0.298 0.256
0.208 0.146 0.132 0.102 0.104 0.094 0.104 0.114 0.112 0.148 0.198
0.606 0.548 0.486 0.39 0.306 0.204 0.102 0.08 0.06 0.024 0.026
0.396 0.466 0.374 0.388 0.346 0.364 0.324 0.338 0.298 0.288 0.308
0.146 0.21 0.214 0.17 0.202 0.186 0.156 0.138 0.12 0.116 0.132
0.134 0.17 0.16 0.162 0.138 0.114 0.096 0.08 0.034 0.036 0.026
0.54 0.514 0.512 0.446 0.414 0.352 0.328 0.32 0.296 0.288 0.29
0.302 0.36 0.458 0.53 0.598 0.636 0.624 0.66 0.59 0.594 0.57
0.184 0.19 0.188 0.204 0.194 0.202 0.164 0.18 0.162 0.11 0.132
0.476 0.552 0.522 0.558 0.546 0.498 0.466 0.456 0.454 0.442 0.478
0.11 0.098 0.14 0.132 0.16 0.178 0.176 0.192 0.174 0.21 0.178
0.664 0.568 0.49 0.492 0.368 0.354 0.344 0.296 0.274 0.286 0.294
0.114 0.174 0.188 0.198 0.2 0.194 0.182 0.142 0.132 0.096 0.072
0.134 0.136 0.172 0.156 0.136 0.13 0.112 0.13 0.144 0.154 0.134
0.024 0.016 0.02 0.02 0.018 0.024 0.038 0.036 0.046 0.068 0.064
0.474 0.492 0.564 0.58 0.536 0.564 0.528 0.556 0.53 0.466 0.406
0.464 0.43 0.34 0.294 0.264 0.264 0.21 0.176 0.154 0.136 0.094
0.224 0.258 0.238 0.244 0.2 0.192 0.116 0.112 0.102 0.094 0.09
0.088 0.15 0.162 0.21 0.19 0.326 0.314 0.402 0.434 0.506 0.498
0.142 0.15 0.13 0.122 0.14 0.122 0.144 0.156 0.15 0.126 0.08
0.156 0.148 0.132 0.102 0.126 0.102 0.116 0.088 0.1 0.09 0.066
0.066 0.066 0.084 0.054 0.06 0.096 0.084 0.116 0.11 0.114 0.13
