0.378 0.406 0.362 0.392 0.442 0.472 0.516 0.516 0.512 0.53 0.558
0.064 0.068 0.07 0.082 0.036 0.026 0.036 0.022 0.016 0.022 0.016
0.376 0.358 0.448 0.482 0.484 0.536 0.558 0.556 0.564 0.62 0.524
0.08 0.082 0.096 0.074 0.068 0.056 0.038 0.048 0.048 0.068 0.11
0.042 0.066 0.046 0.052 0.024 0.046 0.028 0.062 0.054 0.05 0.058
0.616 0.59 0.57 0.526 0.464 0.416 0.332 0.288 0.22 0.206 0.146
0.154 0.162 0.142 0.116 0.086 0.098 0.058 0.092 0.046 0.084 0.07
0.514 0.434 0.366 0.272 0.234 0.152 0.108 0.098 0.062 0.038 0.024
0.338 0.204 0.182 0.16 0.122 0.082 0.088 0.1 0.096 0.13 0.19
0.236 0.218 0.29 0.31 0.328 0.324 0.352 0.338 0.374 0.382 0.378
0.104 0.102 0.092 0.082 0.056 0.06 0.044 0.034 0.034 0.022 0.022
0.196 0.218 0.192 0.2 0.126 0.112 0.148 0.102 0.132 0.1 0.106
0.664 0.566 0.478 0.384 0.288 0.246 0.202 0.176 0.146 0.15 0.124
0.114 0.108 0.104 0.122 0.106 0.116 0.118 0.12 0.124 0.126 0.136
0.124 0.118 0.1 0.1 0.076 0.066 0.076 0.046 0.042 0.036 0.046
0.288 0.286 0.292 0.346 0.35 0.384 0.382 0.398 0.406 0.392 0.402
0.412 0.39 0.358 0.4 0.388 0.402 0.368 0.354 0.434 0.344 0.376
0.51 0.52 0.414 0.32 0.296 0.27 0.228 0.174 0.194 0.142 0.152
0.278 0.292 0.292 0.3 0.294 0.242 0.224 0.214 0.156 0.148 0.084
0.052 0.032 0.064 0.048 0.046 0.058 0.048 0.038 0.042 0.014 0.01
0.366 0.45 0.392 0.376 0.354 0.348 0.362 0.39 0.428 0.434 0.39
0.16 0.198 0.2 0.198 0.212 0.19 0.146 0.144 0.102 0.118 0.112
0.24 0.222 0.25 0.246 0.25 0.17 0.152 0.142 0.096 0.14 0.098
0.078 0.07 0.09 0.068 0.054 0.048 0.022 0.038 0.016 0.028 0.024
0.582 0.524 0.47 0.452 0.456 0.418 0.42 0.408 0.42 0.456 0.458
0.224 0.316 0.324 0.42 0.478 0.548 0.582 0.544 0.624 0.628 0.608
0.36 0.374 0.342 0.322 0.242 0.246 0.172 0.126 0.082 0.054 0.05
0.162 0.182 0.22 0.332 0.394 0.46 0.578 0.646 0.69 0.716 0.718
0.386 0.348 0.384 0.322 0.302 0.234 0.172 0.122 0.124 0.108 0.078
0.536 0.518 0.496 0.474 0.41 0.438 0.354 0.408 0.344 0.338 0.314
0.268 0.252 0.276 0.232 0.272 0.254 0.354 0.43 0.5 0.528 0.544
0.1 0.074 0.082 0.08 0.05 0.054 0.038 0.022 0.028 0.028 0.014
0.312 0.384 0.48 0.502 0.568 0.636 0.65 0.65 0.696 0.708 0.676
0.188 0.22 0.308 0.358 0.438 0.522 0.556 0.622 0.678 0.65 0.672
0.35 0.352 0.358 0.286 0.354 0.27 0.238 0.204 0.164 0.17 0.174
0.49 0.464 0.45 0.432 0.454 0.424 0.428 0.516 0.484 0.516 0.5
0.234 0.196 0.174 0.134 0.138 0.128 0.11 0.068 0.074 0.056 0.062
0.092 0.154 0.242 0.304 0.412 0.452 0.512 0.55 0.616 0.668 0.65
0.462 0.452 0.5 0.446 0.476 0.496 0.488 0.518 0.474 0.468 0.504
0.394 0.402 0.37 0.388 0.356 0.362 0.282 0.312 0.254 0.238 0.244
0.248 0.26 0.188 0.212 0.288 0.296 0.274 0.308 0.294 0.266 0.314
0.054 0.048 0.056 0.084 0.06 0.068 0.086 0.092 0.098 0.074 0.052
0.516 0.53 0.456 0.39 0.354 0.32 0.296 0.316 0.294 0.288 0.266
0.25 0.308 0.33 0.362 0.368 0.366 0.382 0.366 0.408 0.402 0.34
0.252 0.24 0.244 0.142 0.194 0.128 0.13 0.088 0.066 0.068 0.06
0.28 0.294 0.314 0.28 0.332 0.288 0.238 0.248 0.232 0.19 0.192
0.638 0.56 0.502 0.46 0.5 0.556 0.584 0.568 0.564 0.564 0.538
0.118 0.132 0.138 0.15 0.124 0.112 0.124 0.158 0.192 0.204 0.196
0.138 0.128 0.14 0.126 0.124 0.148 0.104 0.126 0.144 0.138 0.108
0.024 0.03 0.03 0.042 0.024 0.072 0.06 0.06 0.058 0.062 0.052
0.204 0.23 0.22 0.23 0.242 0.232 0.216 0.23 0.23 0.262 0.272
0.218 0.196 0.202 0.18 0.168 0.138 0.114 0.082 0.064 0.118 0.116
0.02 0.024 0.01 0.03 0.02 0.016 0.016 0.016 0.014 0.022 0.016
0.022 0.036 0.026 0.036 0.04 0.046 0.056 0.03 0.028 0.03 0.034
0.342 0.342 0.318 0.354 0.258 0.214 0.182 0.174 0.15 0.14 0.108
0.13 0.166 0.166 0.184 0.19 0.236 0.278 0.332 0.382 0.49 0.558
0.046 0.042 0.086 0.054 0.078 0.08 0.044 0.046 0.048 0.04 0.068
0.58 0.572 0.548 0.566 0.526 0.522 0.56 0.558 0.53 0.49 0.5
0.246 0.272 0.302 0.352 0.362 0.296 0.334 0.278 0.202 0.158 0.124
0.554 0.562 0.518 0.544 0.552 0.516 0.572 0.594 0.614 0.654 0.642
0.186 0.216 0.248 0.294 0.308 0.324 0.378 0.452 0.532 0.566 0.6
0.246 0.286 0.326 0.336 0.368 0.35 0.288 0.246 0.222 0.168 0.142
0.236 0.314 0.316 0.382 0.428 0.414 0.43 0.422 0.438 0.42 0.44
0.234 0.142 0.138 0.104 0.09 0.06 0.068 0.092 0.118 0.116 0.196
0.08 0.05 0.07 0.054 0.084 0.048 0.034 0.044 0.028 0.026 0.02
0.666 0.628 0.634 0.61 0.636 0.62 0.656 0.642 0.642 0.59 0.534
0.032 0.038 0.034 0.024 0.018 0.024 0.022 0.038 0.028 0.042 0.022
0.416 0.512 0.482 0.47 0.446 0.484 0.422 0.456 0.476 0.492 0.472
0.186 0.232 0.196 0.184 0.214 0.16 0.178 0.166 0.158 0.206 0.186
0.344 0.378 0.454 0.456 0.472 0.534 0.56 0.578 0.608 0.598 0.656
0.464 0.432 0.392 0.36 0.28 0.226 0.18 0.22 0.17 0.18 0.184
0.268 0.316 0.346 0.338 0.362 0.356 0.38 0.374 0.408 0.37 0.378
0.424 0.422 0.466 0.406 0.39 0.344 0.3 0.24 0.214 0.182 0.176
0.068 0.058 0.038 0.058 0.058 0.06 0.062 0.08 0.062 0.06 0.094
0.35 0.362 0.37 0.316 0.32 0.316 0.304 0.272 0.304 0.276 0.282
0.35 0.342 0.354 0.286 0.316 0.326 0.3 0.302 0.31 0.284 0.24
0.03 0.026 0.03 0.022 0.012 0.018 0.018 0.014 0.012 0.01 0.01
0.14 0.098 0.122 0.13 0.092 0.064 0.07 0.05 0.052 0.04 0.056
0.04 0.036 0.026 0.03 0.02 0.03 0.016 0.022 0.022 0.016 0.02
0.21 0.176 0.138 0.13 0.114 0.068 0.068 0.07 0.034 0.034 0.02
0.38 0.36 0.302 0.276 0.248 0.216 0.208 0.186 0.118 0.126 0.072
0.692 0.662 0.594 0.484 0.418 0.38 0.238 0.216 0.156 0.12 0.076
0.328 0.332 0.264 0.26 0.218 0.228 0.162 0.156 0.138 0.094 0.072
0.254 0.232 0.218 0.17 0.152 0.154 0.142 0.138 0.112 0.094 0.082
0.408 0.45 0.386 0.35 0.296 0.278 0.228 0.214 0.18 0.178 0.18
0.052 0.042 0.066 0.054 0.064 0.082 0.146 0.164 0.206 0.22 0.274
0.182 0.23 0.294 0.374 0.416 0.458 0.5 0.528 0.592 0.598 0.556
0.114 0.052 0.072 0.052 0.028 0.026 0.014 0.008 0.002 0 0
0.076 0.096 0.076 0.072 0.08 0.1 0.078 0.078 0.072 0.044 0.046
0.636 0.652 0.58 0.502 0.476 0.448 0.412 0.368 0.35 0.332 0.342
0.364 0.438 0.414 0.402 0.482 0.47 0.392 0.38 0.35 0.318 0.324
0.162 0.166 0.164 0.214 0.242 0.252 0.242 0.278 0.296 0.316 0.324
0.486 0.456 0.414 0.386 0.326 0.29 0.27 0.238 0.226 0.196 0.168
0.046 0.054 0.074 0.06 0.068 0.078 0.058 0.074 0.066 0.086 0.13
0.086 0.096 0.088 0.084 0.04 0.034 0.016 0.012 0.022 0.028 0.016
0.238 0.26 0.282 0.256 0.204 0.184 0.184 0.122 0.098 0.096 0.056
0.244 0.34 0.386 0.5 0.594 0.666 0.658 0.65 0.648 0.648 0.634
0.262 0.308 0.308 0.318 0.292 0.292 0.278 0.27 0.288 0.282 0.318
0.026 0.016 0.016 0.016 0.026 0.016 0.004 0.008 0.004 0.006 0.002
0.484 0.488 0.6 0.526 0.564 0.496 0.448 0.41 0.384 0.328 0.294
0.082 0.084 0.1 0.062 0.066 0.064 0.044 0.054 0.044 0.048 0.034
0.386 0.3 0.312 0.298 0.312 0.318 0.36 0.33 0.332 0.328 0.32
0.13 0.15 0.172 0.168 0.19 0.164 0.204 0.194 0.208 0.266 0.28
0.372 0.382 0.392 0.398 0.424 0.404 0.392 0.396 0.398 0.402 0.386
0.104 0.06 0.026 0.032 0.01 0.01 0.012 0.014 0.008 0.004 0
0.51 0.556 0.55 0.512 0.498 0.506 0.482 0.496 0.434 0.438 0.356
0.042 0.044 0.048 0.046 0.042 0.044 0.022 0.034 0.022 0.028 0.018
0.242 0.236 0.246 0.218 0.176 0.222 0.142 0.118 0.082 0.04 0.04
0.404 0.416 0.438 0.45 0.466 0.524 0.566 0.574 0.628 0.628 0.622
0.296 0.286 0.29 0.354 0.348 0.338 0.326 0.228 0.178 0.142 0.104
0.112 0.148 0.176 0.182 0.198 0.21 0.194 0.194 0.154 0.13 0.148
0.29 0.216 0.206 0.192 0.162 0.138 0.142 0.14 0.152 0.21 0.22
0.48 0.478 0.444 0.424 0.384 0.374 0.356 0.408 0.424 0.41 0.412
0.322 0.372 0.402 0.396 0.432 0.438 0.416 0.354 0.34 0.362 0.392
0.546 0.546 0.49 0.484 0.434 0.426 0.406 0.432 0.398 0.39 0.416
0.064 0.076 0.104 0.098 0.14 0.142 0.156 0.196 0.194 0.31 0.376
0.23 0.224 0.2 0.192 0.154 0.208 0.152 0.118 0.164 0.118 0.092
0.048 0.034 0.032 0.024 0.026 0.02 0.026 0.038 0.04 0.078 0.112
0.58 0.522 0.564 0.484 0.462 0.442 0.426 0.444 0.432 0.406 0.336
0.008 0.004 0.012 0.008 0.02 0.016 0.018 0.016 0.024 0.038 0.032
0.154 0.108 0.052 0.036 0.02 0.008 0.004 0.008 0.006 0 0
0.108 0.146 0.14 0.156 0.122 0.13 0.132 0.126 0.128 0.09 0.062
0.582 0.594 0.486 0.52 0.462 0.426 0.432 0.348 0.374 0.29 0.3
0.486 0.544 0.582 0.67 0.682 0.72 0.728 0.768 0.734 0.736 0.758
0.712 0.646 0.61 0.564 0.474 0.396 0.38 0.252 0.216 0.208 0.138
0.244 0.21 0.188 0.168 0.126 0.098 0.076 0.078 0.054 0.098 0.14
0.046 0.028 0.052 0.032 0.05 0.046 0.058 0.05 0.056 0.05 0.034
0.338 0.388 0.412 0.456 0.466 0.46 0.47 0.474 0.5 0.552 0.526
0.328 0.306 0.262 0.266 0.262 0.242 0.184 0.168 0.122 0.092 0.084
0.346 0.322 0.314 0.254 0.24 0.218 0.212 0.256 0.266 0.302 0.252
0.214 0.196 0.128 0.138 0.122 0.116 0.116 0.122 0.096 0.16 0.16
0.488 0.456 0.366 0.294 0.192 0.16 0.114 0.03 0.044 0.02 0.01
0.48 0.454 0.434 0.436 0.436 0.422 0.412 0.392 0.414 0.44 0.402
0.16 0.164 0.154 0.156 0.15 0.152 0.098 0.09 0.072 0.046 0.056
0.204 0.202 0.198 0.202 0.162 0.154 0.116 0.132 0.146 0.156 0.162
0.614 0.552 0.488 0.446 0.454 0.352 0.316 0.332 0.242 0.292 0.216
0.308 0.342 0.45 0.464 0.58 0.616 0.652 0.642 0.636 0.668 0.65
0.174 0.202 0.204 0.188 0.17 0.17 0.152 0.15 0.166 0.136 0.134
0.526 0.48 0.506 0.494 0.444 0.432 0.43 0.424 0.436 0.428 0.438
0.082 0.108 0.106 0.154 0.134 0.128 0.152 0.13 0.134 0.096 0.094
0.57 0.48 0.432 0.37 0.32 0.332 0.29 0.292 0.306 0.294 0.292
0.192 0.172 0.22 0.192 0.204 0.21 0.2 0.164 0.14 0.188 0.144
0.136 0.134 0.186 0.162 0.144 0.134 0.128 0.108 0.106 0.148 0.154
0.016 0.022 0.014 0.018 0.024 0.026 0.034 0.034 0.048 0.058 0.076
0.452 0.49 0.548 0.538 0.574 0.574 0.516 0.508 0.474 0.424 0.398
0.468 0.458 0.35 0.274 0.258 0.25 0.234 0.218 0.166 0.144 0.09
0.212 0.228 0.242 0.198 0.194 0.166 0.142 0.154 0.112 0.11 0.104
0.112 0.124 0.144 0.202 0.29 0.308 0.342 0.356 0.462 0.448 0.466
0.14 0.118 0.114 0.144 0.128 0.146 0.15 0.138 0.14 0.086 0.06
0.08 0.116 0.07 0.096 0.084 0.052 0.084 0.09 0.052 0.046 0.036
0.042 0.044 0.05 0.046 0.044 0.048 0.078 0.088 0.112 0.106 0.098
