0.458 0.498 0.512 0.492 0.52 0.534 0.55 0.572 0.63 0.704 0.644
0.06 0.062 0.062 0.05 0.088 0.066 0.052 0.088 0.082 0.084 0.108
0.48 0.47 0.514 0.562 0.588 0.58 0.616 0.614 0.64 0.676 0.682
0.064 0.062 0.052 0.044 0.044 0.032 0.016 0.02 0.028 0.026 0.008
0.026 0.048 0.052 0.042 0.038 0.04 0.036 0.034 0.066 0.058 0.062
0.632 0.562 0.522 0.502 0.48 0.408 0.39 0.36 0.316 0.274 0.244
0.174 0.164 0.174 0.114 0.1 0.07 0.074 0.084 0.076 0.11 0.084
0.362 0.304 0.21 0.148 0.102 0.096 0.068 0.07 0.042 0.016 0.028
0.448 0.358 0.308 0.208 0.208 0.198 0.178 0.19 0.212 0.282 0.338
0.262 0.254 0.334 0.322 0.36 0.406 0.374 0.394 0.406 0.37 0.346
0.102 0.068 0.058 0.066 0.076 0.034 0.044 0.024 0.026 0.016 0.02
0.18 0.218 0.158 0.176 0.152 0.132 0.134 0.158 0.132 0.126 0.1
0.654 0.556 0.472 0.364 0.296 0.256 0.174 0.168 0.118 0.124 0.102
0.106 0.108 0.084 0.136 0.108 0.09 0.114 0.092 0.128 0.136 0.114
0.084 0.082 0.086 0.09 0.098 0.08 0.092 0.094 0.098 0.094 0.084
0.408 0.388 0.424 0.428 0.446 0.4 0.384 0.356 0.37 0.316 0.356
0.494 0.458 0.408 0.452 0.43 0.406 0.44 0.43 0.378 0.386 0.388
0.42 0.35 0.334 0.266 0.256 0.212 0.152 0.098 0.098 0.064 0.072
0.302 0.3 0.296 0.274 0.264 0.28 0.258 0.222 0.208 0.2 0.136
0.098 0.114 0.068 0.082 0.064 0.064 0.076 0.034 0.036 0.024 0.004
0.396 0.344 0.302 0.282 0.302 0.338 0.33 0.346 0.36 0.412 0.416
0.218 0.204 0.236 0.224 0.206 0.178 0.162 0.132 0.112 0.112 0.116
0.24 0.246 0.256 0.222 0.216 0.216 0.186 0.152 0.13 0.146 0.11
0.068 0.054 0.072 0.034 0.04 0.022 0.01 0.012 0.016 0.02 0.024
0.562 0.502 0.422 0.458 0.436 0.376 0.398 0.354 0.414 0.446 0.472
0.376 0.382 0.448 0.49 0.558 0.556 0.59 0.538 0.602 0.554 0.538
0.33 0.344 0.286 0.256 0.188 0.098 0.078 0.03 0.024 0.016 0.008
0.308 0.332 0.408 0.436 0.594 0.626 0.722 0.796 0.776 0.824 0.802
0.316 0.324 0.374 0.28 0.238 0.198 0.136 0.1 0.082 0.058 0.06
0.574 0.51 0.486 0.492 0.454 0.406 0.364 0.39 0.34 0.334 0.288
0.242 0.22 0.182 0.164 0.176 0.186 0.248 0.268 0.334 0.372 0.454
0.062 0.056 0.06 0.03 0.024 0.014 0.012 0.012 0.012 0.006 0.002
0.302 0.408 0.464 0.566 0.626 0.686 0.712 0.736 0.734 0.704 0.73
0.224 0.324 0.306 0.378 0.472 0.482 0.544 0.62 0.66 0.658 0.72
0.426 0.46 0.52 0.492 0.476 0.45 0.338 0.306 0.23 0.152 0.126
0.594 0.52 0.524 0.522 0.48 0.488 0.464 0.536 0.548 0.556 0.6
0.214 0.21 0.216 0.15 0.128 0.122 0.09 0.078 0.09 0.04 0.064
0.164 0.24 0.31 0.428 0.508 0.532 0.57 0.584 0.576 0.572 0.624
0.348 0.316 0.42 0.366 0.338 0.376 0.412 0.44 0.398 0.39 0.39
0.35 0.388 0.38 0.418 0.388 0.42 0.354 0.326 0.29 0.286 0.24
0.18 0.212 0.236 0.284 0.274 0.316 0.312 0.34 0.32 0.346 0.32
0.014 0.014 0.016 0.014 0.018 0.014 0.008 0.028 0.02 0.004 0.01
0.692 0.636 0.51 0.502 0.48 0.426 0.378 0.346 0.372 0.334 0.328
0.32 0.378 0.414 0.446 0.478 0.518 0.558 0.51 0.538 0.536 0.548
0.338 0.232 0.216 0.172 0.138 0.12 0.092 0.08 0.062 0.052 0.038
0.23 0.208 0.226 0.218 0.202 0.154 0.188 0.132 0.126 0.13 0.068
0.682 0.658 0.644 0.588 0.59 0.542 0.592 0.572 0.544 0.544 0.454
0.14 0.116 0.108 0.14 0.142 0.174 0.166 0.142 0.126 0.192 0.168
0.118 0.136 0.122 0.128 0.126 0.118 0.126 0.086 0.128 0.096 0.106
0.024 0.014 0.018 0.036 0.022 0.024 0.04 0.044 0.064 0.038 0.036
0.152 0.166 0.188 0.206 0.196 0.212 0.206 0.226 0.206 0.216 0.18
0.288 0.316 0.292 0.248 0.264 0.192 0.172 0.168 0.174 0.196 0.17
0.024 0.022 0.018 0.016 0.02 0.016 0.014 0.024 0.02 0.014 0.02
0.044 0.042 0.056 0.064 0.044 0.052 0.054 0.046 0.042 0.032 0.062
0.344 0.366 0.302 0.274 0.24 0.232 0.18 0.15 0.146 0.116 0.082
0.126 0.14 0.128 0.164 0.136 0.162 0.204 0.206 0.222 0.28 0.288
0.07 0.11 0.09 0.07 0.05 0.066 0.06 0.044 0.058 0.046 0.062
0.558 0.568 0.57 0.54 0.538 0.512 0.528 0.478 0.492 0.51 0.484
0.134 0.158 0.204 0.21 0.254 0.244 0.246 0.238 0.164 0.144 0.124
0.554 0.522 0.538 0.55 0.53 0.534 0.592 0.588 0.61 0.608 0.602
0.196 0.218 0.248 0.276 0.298 0.348 0.358 0.428 0.478 0.468 0.566
0.17 0.204 0.218 0.202 0.202 0.226 0.216 0.184 0.178 0.146 0.168
0.26 0.314 0.326 0.374 0.432 0.422 0.406 0.38 0.33 0.382 0.308
0.278 0.208 0.134 0.11 0.114 0.08 0.104 0.072 0.114 0.168 0.184
0.036 0.032 0.064 0.064 0.044 0.03 0.018 0.028 0.018 0.016 0.012
0.586 0.604 0.638 0.656 0.658 0.674 0.72 0.648 0.594 0.606 0.622
0.022 0.042 0.04 0.016 0.028 0.024 0.03 0.052 0.05 0.04 0.036
0.418 0.504 0.502 0.554 0.472 0.544 0.568 0.566 0.566 0.572 0.608
0.016 0.008 0.002 0.006 0.002 0.002 0 0.002 0.002 0.002 0
0.296 0.332 0.33 0.36 0.42 0.452 0.502 0.458 0.522 0.562 0.544
0.404 0.364 0.35 0.322 0.252 0.268 0.222 0.176 0.228 0.168 0.168
0.304 0.332 0.34 0.326 0.32 0.33 0.34 0.282 0.306 0.288 0.338
0.408 0.452 0.422 0.39 0.436 0.38 0.32 0.324 0.322 0.302 0.274
0.058 0.05 0.042 0.054 0.04 0.068 0.068 0.074 0.066 0.082 0.06
0.398 0.396 0.442 0.392 0.45 0.458 0.484 0.516 0.49 0.452 0.49
0.254 0.21 0.192 0.168 0.22 0.192 0.2 0.232 0.244 0.214 0.234
0.024 0.02 0.024 0.028 0.022 0.014 0.014 0.014 0.024 0.01 0.012
0.118 0.112 0.076 0.092 0.052 0.05 0.05 0.062 0.046 0.052 0.056
0.084 0.062 0.08 0.022 0.036 0.028 0.026 0.014 0.03 0.02 0.022
0.31 0.276 0.246 0.2 0.15 0.18 0.142 0.138 0.092 0.088 0.07
0.306 0.288 0.238 0.216 0.22 0.214 0.212 0.134 0.11 0.1 0.062
0.752 0.664 0.618 0.566 0.404 0.338 0.266 0.204 0.134 0.076 0.078
0.304 0.278 0.294 0.262 0.208 0.176 0.16 0.136 0.108 0.102 0.062
0.258 0.202 0.186 0.124 0.15 0.136 0.126 0.1 0.098 0.082 0.042
0.498 0.484 0.442 0.364 0.384 0.29 0.326 0.254 0.262 0.226 0.236
0.15 0.116 0.108 0.13 0.11 0.146 0.226 0.242 0.258 0.33 0.33
0.224 0.268 0.28 0.354 0.408 0.51 0.536 0.58 0.618 0.642 0.63
0.066 0.048 0.064 0.032 0.028 0.018 0.014 0 0.004 0 0.002
0.068 0.07 0.07 0.09 0.062 0.066 0.066 0.058 0.054 0.032 0.02
0.64 0.606 0.55 0.52 0.458 0.42 0.372 0.324 0.348 0.308 0.29
0.4 0.426 0.396 0.422 0.448 0.47 0.426 0.38 0.34 0.328 0.302
0.094 0.134 0.132 0.154 0.192 0.192 0.18 0.252 0.258 0.248 0.242
0.406 0.358 0.402 0.344 0.324 0.264 0.248 0.22 0.188 0.204 0.226
0.084 0.082 0.086 0.09 0.126 0.126 0.108 0.13 0.082 0.102 0.118
0.07 0.038 0.03 0.036 0.032 0.032 0.02 0.016 0.03 0.04 0.04
0.284 0.28 0.31 0.274 0.194 0.21 0.168 0.126 0.086 0.058 0.044
0.286 0.39 0.434 0.562 0.612 0.65 0.708 0.744 0.742 0.656 0.636
0.32 0.368 0.374 0.33 0.296 0.282 0.2 0.162 0.128 0.15 0.11
0.124 0.092 0.108 0.092 0.1 0.09 0.08 0.062 0.062 0.038 0.038
0.442 0.504 0.558 0.516 0.49 0.47 0.466 0.44 0.446 0.488 0.426
0.056 0.058 0.05 0.054 0.03 0.032 0.026 0.024 0.034 0.03 0.02
0.346 0.324 0.276 0.286 0.294 0.308 0.3 0.328 0.392 0.408 0.378
0.108 0.1 0.1 0.108 0.118 0.102 0.092 0.106 0.11 0.15 0.11
0.414 0.402 0.41 0.408 0.438 0.368 0.398 0.418 0.364 0.402 0.37
0.168 0.14 0.128 0.102 0.09 0.104 0.074 0.09 0.078 0.082 0.09
0.58 0.55 0.522 0.516 0.492 0.448 0.488 0.38 0.422 0.342 0.34
0.02 0.034 0.048 0.062 0.044 0.038 0.048 0.034 0.038 0.03 0.014
0.288 0.3 0.272 0.24 0.224 0.198 0.166 0.13 0.084 0.076 0.066
0.392 0.384 0.398 0.398 0.384 0.442 0.396 0.52 0.5 0.536 0.55
0.252 0.254 0.3 0.296 0.352 0.258 0.186 0.174 0.116 0.098 0.062
0.074 0.09 0.098 0.132 0.142 0.13 0.158 0.114 0.118 0.1 0.128
0.464 0.47 0.394 0.34 0.346 0.366 0.368 0.374 0.362 0.334 0.36
0.548 0.518 0.512 0.442 0.436 0.398 0.43 0.45 0.412 0.43 0.374
0.438 0.432 0.474 0.438 0.444 0.42 0.374 0.368 0.338 0.352 0.384
0.61 0.52 0.484 0.432 0.432 0.376 0.364 0.374 0.312 0.264 0.214
0.096 0.114 0.088 0.126 0.19 0.184 0.206 0.228 0.238 0.296 0.312
0.242 0.238 0.158 0.162 0.17 0.18 0.158 0.15 0.136 0.116 0.098
0.044 0.03 0.022 0.018 0.02 0.016 0.028 0.018 0.018 0.04 0.074
0.696 0.668 0.6 0.524 0.45 0.46 0.468 0.404 0.404 0.37 0.368
0.022 0.024 0.028 0.028 0.052 0.05 0.044 0.09 0.122 0.11 0.112
0.12 0.038 0.036 0.018 0.004 0.012 0.004 0.004 0.006 0.002 0.002
0.146 0.158 0.188 0.134 0.144 0.138 0.14 0.12 0.14 0.112 0.072
0.588 0.55 0.528 0.506 0.496 0.404 0.436 0.374 0.308 0.226 0.25
0.246 0.36 0.366 0.424 0.51 0.506 0.522 0.488 0.474 0.504 0.462
0.554 0.564 0.472 0.442 0.394 0.31 0.26 0.18 0.142 0.112 0.092
0.39 0.334 0.278 0.262 0.218 0.202 0.192 0.196 0.17 0.204 0.242
0.028 0.03 0.048 0.032 0.036 0.042 0.032 0.054 0.052 0.048 0.058
0.462 0.49 0.504 0.516 0.504 0.534 0.556 0.56 0.526 0.59 0.562
0.342 0.306 0.32 0.264 0.256 0.198 0.16 0.158 0.11 0.078 0.05
0.412 0.344 0.304 0.29 0.278 0.274 0.244 0.21 0.182 0.24 0.216
0.172 0.142 0.122 0.104 0.09 0.11 0.098 0.118 0.132 0.186 0.252
0.46 0.47 0.456 0.382 0.26 0.192 0.144 0.098 0.05 0.038 0.018
0.506 0.508 0.502 0.448 0.416 0.41 0.41 0.372 0.354 0.342 0.332
0.06 0.074 0.09 0.1 0.07 0.072 0.086 0.078 0.082 0.076 0.122
0.2 0.194 0.196 0.158 0.136 0.094 0.1 0.122 0.1 0.104 0.136
0.59 0.586 0.56 0.504 0.422 0.408 0.358 0.362 0.342 0.354 0.324
0.248 0.344 0.446 0.502 0.562 0.614 0.584 0.556 0.516 0.502 0.484
0.12 0.14 0.152 0.184 0.15 0.168 0.13 0.15 0.132 0.126 0.07
0.478 0.508 0.476 0.46 0.45 0.41 0.394 0.324 0.336 0.332 0.346
0.044 0.068 0.058 0.072 0.068 0.086 0.064 0.08 0.086 0.08 0.078
0.598 0.514 0.456 0.436 0.346 0.314 0.334 0.33 0.296 0.276 0.264
0.246 0.228 0.272 0.286 0.28 0.262 0.222 0.14 0.134 0.104 0.11
0.116 0.098 0.1 0.118 0.116 0.11 0.096 0.132 0.122 0.11 0.132
0.022 0.024 0.028 0.024 0.022 0.038 0.036 0.056 0.05 0.062 0.058
0.496 0.508 0.538 0.562 0.588 0.572 0.526 0.536 0.444 0.424 0.348
0.442 0.39 0.406 0.31 0.31 0.306 0.228 0.176 0.158 0.148 0.102
0.27 0.234 0.28 0.226 0.19 0.166 0.194 0.112 0.134 0.092 0.09
0.104 0.142 0.194 0.26 0.264 0.316 0.374 0.412 0.498 0.536 0.508
0.166 0.162 0.132 0.144 0.13 0.11 0.152 0.126 0.108 0.104 0.086
0.118 0.1 0.094 0.098 0.078 0.056 0.07 0.068 0.064 0.058 0.04
0.088 0.066 0.06 0.046 0.044 0.054 0.056 0.058 0.072 0.138 0.138
