0.2132353 0.3088235 0.3014706 0.1911765 0.2205882 0.1029412 0.1029412 0.09558824 0.08088235 0.1029412 0.08088235
0.8785714 0.9214286 0.9142857 0.9428571 0.9 0.8571429 0.8642857 0.8714286 0.95 0.9 0.7857143
0.3587786 0.4045802 0.3740458 0.4351145 0.3282443 0.2900763 0.2366412 0.1603053 0.2061069 0.1450382 0.1603053
0.8731343 0.858209 0.8955224 0.902985 0.8955224 0.902985 0.8880597 0.858209 0.8507463 0.7089552 0.6940299
0.9428571 0.9428571 0.9142857 0.9428571 0.9214286 0.95 0.9714286 0.8714286 0.9357143 0.8 0.8428571
0.2043796 0.1313869 0.1751825 0.2262774 0.3138686 0.2846715 0.2919708 0.3211679 0.3065693 0.3065693 0.3138686
0.7835821 0.7686567 0.761194 0.8059701 0.7835821 0.8731343 0.8955224 0.9179104 0.9477612 0.9402985 0.9328358
0.5144928 0.3188406 0.4492754 0.4710145 0.6086957 0.6811594 0.6666667 0.731884 0.826087 0.942029 0.9057971
0.637037 0.4444444 0.6148148 0.6814815 0.7037037 0.7259259 0.7111111 0.6592593 0.6148148 0.4444444 0.4148148
0.4926471 0.5073529 0.4191176 0.4411765 0.4705882 0.4191176 0.3602941 0.3676471 0.3235294 0.3014706 0.3088235
0.8785714 0.8071429 0.8285714 0.8142857 0.8714286 0.8285714 0.8642857 0.9071429 0.8928571 0.8714286 0.8714286
0.5970149 0.6044776 0.6268657 0.6641791 0.5895522 0.641791 0.5373134 0.5895522 0.5223881 0.5149254 0.5298507
0.2366412 0.06870229 0.08396947 0.3206107 0.389313 0.5038168 0.519084 0.5267176 0.5801527 0.6793893 0.648855
0.8142857 0.7642857 0.7071429 0.7714286 0.7571429 0.75 0.6285714 0.6571429 0.65 0.5928571 0.5142857
0.7785714 0.8214286 0.8 0.8071429 0.7928571 0.7928571 0.8 0.7714286 0.7928571 0.6857143 0.7642857
0.09285714 0.1142857 0.1 0.06428571 0.1 0.1785714 0.1571429 0.1428571 0.1785714 0.1357143 0.15
0.3642857 0.3928571 0.3142857 0.3 0.3142857 0.3071429 0.3071429 0.3 0.25 0.2285714 0.2214286
0.3206107 0.1679389 0.1832061 0.3206107 0.5114504 0.5114504 0.519084 0.6335878 0.6259542 0.6641221 0.5954198
0.3587786 0.2977099 0.3587786 0.3816794 0.3969466 0.4351145 0.4580153 0.4427481 0.4961832 0.5114504 0.5572519
0.8625954 0.8778626 0.8549618 0.8473282 0.8549618 0.8396947 0.8015267 0.8244275 0.832061 0.9312977 0.9770992
0.3432836 0.3134328 0.2985075 0.4029851 0.4253731 0.3656716 0.4104478 0.3955224 0.2910448 0.3880597 0.3507463
0.5714286 0.6071429 0.5857143 0.5571429 0.7285714 0.5642857 0.7642857 0.6714286 0.7857143 0.6857143 0.5642857
0.4492754 0.442029 0.4710145 0.4275362 0.4637681 0.4710145 0.5507246 0.5217391 0.5652174 0.5942029 0.4927536
0.9179104 0.8880597 0.9253731 0.9179104 0.9626866 0.8955224 0.9626866 0.9402985 0.9701493 0.9179104 0.8880597
0.3065693 0.1751825 0.1386861 0.2408759 0.3138686 0.2627737 0.2627737 0.2408759 0.2335766 0.2043796 0.1970803
0.2992701 0.4233577 0.2846715 0.1751825 0.1313869 0.09489051 0.0729927 0.1094891 0.08759124 0.08759124 0.05839416
0.4 0.3703704 0.3777778 0.4222222 0.5037037 0.5851852 0.6666667 0.7333333 0.8592593 0.9037037 0.7925926
0.25 0.4485294 0.3897059 0.2132353 0.07352941 0.02205882 0.01470588 0 0 0 0
0.3333333 0.3188406 0.3260870 0.3115942 0.3985507 0.4492754 0.5072464 0.6231884 0.5869565 0.6521739 0.5942029
0.2089552 0.2313433 0.2313433 0.1567164 0.2164179 0.3507463 0.3731343 0.3507463 0.4626866 0.4552239 0.5
0.5149254 0.5671642 0.4477612 0.4701493 0.3955224 0.2835821 0.2164179 0.1492537 0.1119403 0.08208955 0.06716418
0.8656716 0.8134328 0.7910448 0.8134328 0.8955224 0.9179104 0.8955224 0.902985 0.9477612 0.9402985 0.9328358
0.02238806 0.3507463 0.1567164 0.05970149 0.007462687 0 0.01492537 0.007462687 0.007462687 0.007462687 0.007462687
0.2794118 0.4779412 0.3823529 0.3823529 0.25 0.1029412 0.1029412 0.09558824 0.05882353 0.05882353 0.05882353
0.2857143 0.25 0.1714286 0.2285714 0.2785714 0.2285714 0.35 0.4 0.4785714 0.5357143 0.5714286
0.1037037 0.08148148 0.06666667 0.1777778 0.1851852 0.2740741 0.1703704 0.2444444 0.1851852 0.1777778 0.1555556
0.6911765 0.6691176 0.6544118 0.6838235 0.75 0.7794118 0.7720588 0.7720588 0.7794118 0.8897059 0.8529412
0.4 0.6444444 0.4962963 0.4222222 0.1481481 0.1703704 0.07407407 0.04444444 0.03703704 0.02962963 0.007407407
0.3134328 0.3880597 0.2910448 0.2164179 0.1791045 0.1268657 0.08955224 0.1194030 0.1044776 0.1044776 0.1791045
0.1086957 0.1739130 0.1594203 0.1086957 0.1521739 0.1884058 0.1884058 0.2608696 0.2608696 0.3768116 0.3188406
0.5142857 0.6285714 0.5071429 0.45 0.4714286 0.4285714 0.3428571 0.3857143 0.2928571 0.2428571 0.25
0.8731343 0.8731343 0.858209 0.902985 0.8134328 0.8656716 0.8134328 0.8134328 0.738806 0.8208955 0.7313433
0.2213740 0.1068702 0.06870229 0.2290076 0.3053435 0.2900763 0.3358779 0.4045802 0.3816794 0.5038168 0.5114504
0.1304348 0.3188406 0.2028986 0.1086957 0.1086957 0.1086957 0.07971014 0.05797101 0.06521739 0.0942029 0.06521739
0.6142857 0.5071429 0.6214286 0.6571429 0.7285714 0.6714286 0.7071429 0.7428571 0.7785714 0.8071429 0.7428571
0.5419847 0.5954198 0.5267176 0.5877863 0.5343511 0.4656489 0.4503817 0.4198473 0.5114504 0.4961832 0.4656489
0.007352941 0.007352941 0 0.007352941 0.01470588 0.01470588 0.01470588 0.007352941 0.05882353 0.05882353 0.03676471
0.6791045 0.7761194 0.7164179 0.7313433 0.6641791 0.641791 0.5373134 0.4776119 0.4626866 0.4402985 0.4402985
0.7285714 0.7928571 0.7071429 0.7 0.7428571 0.7642857 0.7285714 0.6642857 0.6857143 0.6857143 0.6785714
0.9626866 1 1 0.9477612 0.9626866 0.9552239 0.9328358 0.9253731 0.9328358 0.8507463 0.880597
0.7014925 0.6865672 0.6865672 0.6791045 0.5820896 0.5970149 0.5447761 0.4552239 0.4402985 0.4253731 0.4477612
0.4925373 0.5298507 0.5522388 0.5074627 0.4850746 0.4477612 0.4104478 0.4477612 0.4850746 0.4776119 0.4029851
0.9770992 0.9923664 1 0.9847328 0.961832 0.9847328 0.961832 0.9541985 0.9160305 0.9160305 0.9541985
0.9777778 1 0.9703704 1 0.9851852 0.9407407 0.9777778 0.925926 0.9777778 0.962963 0.8888889
0.5074627 0.4253731 0.5223881 0.5970149 0.6268657 0.619403 0.5895522 0.6268657 0.6343284 0.6641791 0.6268657
0.6569343 0.729927 0.6423358 0.6642336 0.6788321 0.5620438 0.5109489 0.459854 0.3649635 0.2627737 0.2627737
0.8358209 0.9552239 0.8955224 0.8358209 0.8656716 0.902985 0.8731343 0.8880597 0.8507463 0.8059701 0.7985075
0.08759124 0.05109489 0.05109489 0.08759124 0.0729927 0.1386861 0.1094891 0.1167883 0.1167883 0.1313869 0.1459854
0.2824427 0.3740458 0.3282443 0.3206107 0.2671756 0.2900763 0.3282443 0.3664122 0.389313 0.4427481 0.4503817
0.05 0.03571429 0.03571429 0.02857143 0.02142857 0.02857143 0.02857143 0.02857143 0.02142857 0.01428571 0.02142857
0.4452555 0.5255474 0.5328467 0.4817518 0.4014599 0.2919708 0.270073 0.1897810 0.09489051 0.1021898 0.05839416
0.3511450 0.3816794 0.389313 0.3206107 0.2366412 0.3053435 0.3206107 0.389313 0.4045802 0.5038168 0.480916
0.07352941 0.2573529 0.05147059 0.02205882 0.02941176 0.02205882 0.01470588 0.007352941 0.05147059 0.1029412 0.0882353
0.7709924 0.6030534 0.648855 0.740458 0.7862595 0.8091603 0.7633588 0.6717557 0.7480916 0.519084 0.4503817
0.8432836 0.9253731 0.9179104 0.8880597 0.880597 0.9477612 0.9104478 0.9253731 0.9402985 0.9477612 0.902985
0.007246377 0.02173913 0 0.007246377 0.01449275 0.02173913 0.02173913 0.02898551 0.02898551 0.02173913 0.02898551
0.9850746 0.9626866 0.9850746 0.9701493 0.9328358 0.9701493 0.9626866 0.9328358 0.9402985 0.9552239 0.9179104
0.007352941 0.1102941 0.04411765 0.02205882 0.03676471 0.08088235 0.03676471 0.06617647 0.05147059 0.1029412 0.08088235
0.7910448 0.8059701 0.7238806 0.6865672 0.7835821 0.7910448 0.5820896 0.5373134 0.5074627 0.4776119 0.4179104
0.1102941 0.3088235 0.2058824 0.1617647 0.05147059 0.02205882 0.02205882 0.007352941 0.01470588 0.007352941 0.007352941
0.3587786 0.2442748 0.2519084 0.3969466 0.4580153 0.5038168 0.4045802 0.4045802 0.4045802 0.4580153 0.4274809
0.4379562 0.4525547 0.5328467 0.459854 0.4233577 0.4160584 0.4087591 0.4087591 0.3430657 0.3722628 0.3576642
0.1323529 0.2352941 0.2205882 0.2794118 0.2794118 0.3088235 0.3602941 0.3823529 0.3676471 0.3823529 0.4632353
0.962963 0.8888889 0.8814815 0.9777778 0.8666667 0.874074 0.8148148 0.8592593 0.8814815 0.8296296 0.8888889
0.2238806 0.1865672 0.2089552 0.2164179 0.2611940 0.2388060 0.2761194 0.2537313 0.2089552 0.2462687 0.2014925
0.3768116 0.4202899 0.4637681 0.4710145 0.4637681 0.4275362 0.3985507 0.4057971 0.4347826 0.3913043 0.3985507
0.9925373 0.9850746 0.9850746 0.9925373 0.9850746 0.9328358 0.977612 0.9626866 0.9626866 0.9850746 0.9850746
0.7910448 0.7686567 0.7910448 0.8507463 0.8283582 0.858209 0.902985 0.8507463 0.902985 0.7313433 0.761194
0.9703704 0.8962963 0.9037037 0.9777778 0.9481481 0.9333333 0.9925926 0.962963 0.9481481 0.9481481 0.9333333
0.5970149 0.4776119 0.6119403 0.6343284 0.6641791 0.6716418 0.6567164 0.7014925 0.7238806 0.7014925 0.6865672
0.5362319 0.4927536 0.4710145 0.5362319 0.5072464 0.4855072 0.4927536 0.5289855 0.6014493 0.673913 0.7753623
0.09558824 0.03676471 0.05882353 0.0882353 0.2426471 0.3897059 0.375 0.4852941 0.5294118 0.625 0.6911765
0.5522388 0.4925373 0.5597015 0.5895522 0.5895522 0.641791 0.619403 0.7014925 0.7313433 0.6791045 0.7686567
0.7175573 0.5496183 0.5954198 0.6030534 0.7480916 0.6946565 0.7251908 0.6717557 0.6335878 0.740458 0.7633588
0.4 0.25 0.2428571 0.3285714 0.4 0.4285714 0.4714286 0.45 0.45 0.4857143 0.4857143
0.7956204 0.7518248 0.7226277 0.729927 0.6934307 0.6350365 0.5766423 0.5109489 0.4087591 0.3065693 0.3284672
0.3333333 0.4296296 0.4148148 0.2962963 0.1777778 0.1111111 0.1037037 0.1037037 0.08888889 0.08148148 0.08888889
0.890511 0.8540146 0.890511 0.9051095 0.8686131 0.9343066 0.919708 0.9489051 0.9635036 0.9489051 0.9270073
0.8059701 0.8358209 0.7910448 0.761194 0.738806 0.7313433 0.6940299 0.7014925 0.6940299 0.6343284 0.5895522
0.07462687 0.02238806 0.01492537 0.1044776 0.1119403 0.1567164 0.2238806 0.2537313 0.2910448 0.3283582 0.2238806
0.1824818 0.1751825 0.1240876 0.1094891 0.1167883 0.1532847 0.1751825 0.270073 0.2846715 0.2481752 0.2627737
0.65 0.6714286 0.6285714 0.6428571 0.5928571 0.5428571 0.5285714 0.4357143 0.4142857 0.3571429 0.3214286
0.3731343 0.2910448 0.380597 0.2985075 0.3955224 0.4626866 0.4552239 0.4328358 0.4626866 0.5074627 0.5
0.8507463 0.9104478 0.8656716 0.902985 0.8507463 0.8283582 0.8432836 0.8432836 0.8731343 0.738806 0.6641791
0.9411765 0.9411765 0.882353 0.9191176 0.9852941 0.9779412 0.9705882 0.9705882 0.9558824 0.9117647 0.9191176
0.6268657 0.4701493 0.4179104 0.5223881 0.5895522 0.641791 0.6940299 0.7014925 0.7238806 0.7462687 0.6865672
0.08955224 0.2835821 0.1343284 0.07462687 0.03731343 0.01492537 0.03731343 0.05970149 0.05970149 0.06716418 0.1044776
0.2148148 0.2962963 0.3111111 0.2518519 0.3111111 0.2518519 0.2592593 0.3037037 0.3259259 0.2592593 0.2370370
0.902985 0.8134328 0.8283582 0.8358209 0.8358209 0.8955224 0.8208955 0.858209 0.902985 0.8731343 0.8656716
0.1240876 0.1386861 0.1021898 0.09489051 0.1094891 0.1751825 0.1678832 0.1897810 0.2116788 0.2189781 0.1459854
0.8785714 0.8857143 0.9 0.9357143 0.9285714 0.95 0.95 0.9428571 0.9357143 0.8785714 0.9142857
0.4626866 0.4776119 0.5597015 0.4925373 0.4626866 0.4850746 0.4179104 0.4701493 0.5074627 0.5149254 0.5597015
0.6838235 0.6764706 0.6911765 0.6544118 0.632353 0.5514706 0.5735294 0.5441176 0.3897059 0.3529412 0.3897059
0.2444444 0.3185185 0.3259259 0.2148148 0.2444444 0.2666667 0.2592593 0.2148148 0.2148148 0.2074074 0.1925926
0.778626 0.6946565 0.7709924 0.778626 0.778626 0.7557252 0.7557252 0.7175573 0.6717557 0.6641221 0.5572519
0.1374046 0.06870229 0.06870229 0.1145038 0.1450382 0.1450382 0.1984733 0.2061069 0.2442748 0.2366412 0.3053435
0.9927007 0.9416058 0.9635036 0.9562044 0.9635036 0.9781022 0.9562044 0.9854015 0.9270073 0.9489051 0.8832117
0.5285714 0.5928571 0.5428571 0.6285714 0.5785714 0.6714286 0.6714286 0.6714286 0.7571429 0.7928571 0.8357143
0.2388060 0.3582090 0.3656716 0.2611940 0.1492537 0.1417910 0.1492537 0.05970149 0.07462687 0.02238806 0.03731343
0.4296296 0.4518519 0.3259259 0.4222222 0.3185185 0.3703704 0.3851852 0.4962963 0.4814815 0.5481481 0.4814815
0.7185185 0.8518519 0.8148148 0.7481481 0.7037037 0.7407407 0.6592593 0.6444444 0.7037037 0.7037037 0.7259259
0.5925926 0.4888889 0.5111111 0.5925926 0.5407407 0.5555556 0.5037037 0.4888889 0.4592593 0.3777778 0.3333333
0.2014925 0.08208955 0.09701493 0.1343284 0.1791045 0.3134328 0.2164179 0.2761194 0.2686567 0.3358209 0.3208955
0.3208955 0.3507463 0.2910448 0.2462687 0.2611940 0.2835821 0.3283582 0.3507463 0.3059701 0.3955224 0.3208955
0.1142857 0.1071429 0.1285714 0.2928571 0.3357143 0.3071429 0.3642857 0.2785714 0.2714286 0.3142857 0.3071429
0.6811594 0.7608696 0.7536232 0.7173913 0.6884058 0.5869565 0.4927536 0.4347826 0.4275362 0.3623188 0.2826087
0.6086957 0.5724638 0.6594203 0.6376812 0.7028986 0.6086957 0.6231884 0.6014493 0.6449275 0.6594203 0.7101449
0.9850746 1 1 0.9850746 1 1 0.977612 0.9253731 0.8656716 0.8507463 0.7238806
0.08955224 0.03731343 0.05223881 0.1268657 0.2014925 0.1716418 0.1940299 0.2313433 0.2014925 0.1865672 0.2388060
0.9626866 1 0.9925373 0.9701493 0.977612 0.9402985 0.9104478 0.7910448 0.7985075 0.641791 0.6343284
0.9253731 0.7835821 0.8507463 0.9104478 0.902985 0.9402985 0.9253731 0.9626866 0.9477612 0.9402985 0.9328358
0.9477612 0.9328358 0.9179104 0.9328358 0.9477612 0.9626866 0.9626866 0.9626866 0.9477612 0.9402985 0.9328358
0.01470588 0.02205882 0.01470588 0.0882353 0.1985294 0.2426471 0.2720588 0.3676471 0.3823529 0.4117647 0.4485294
0.1323529 0.2794118 0.1323529 0.09558824 0.06617647 0.02205882 0.05882353 0.05882353 0.04411765 0.01470588 0.04411765
0.1044776 0.06716418 0.05223881 0.08955224 0.2164179 0.2686567 0.3059701 0.4104478 0.4328358 0.4925373 0.5970149
0.5285714 0.4714286 0.5571429 0.6 0.7214286 0.5857143 0.5857143 0.5928571 0.4928571 0.5071429 0.4714286
0.9007634 0.9236641 0.9389313 0.9389313 0.8854962 0.8549618 0.8244275 0.8244275 0.7480916 0.7480916 0.7557252
0.1532847 0.2481752 0.1751825 0.1021898 0.06569343 0.1240876 0.0729927 0.05109489 0.06569343 0.02189781 0.05109489
0.4351145 0.4656489 0.4885496 0.4961832 0.4961832 0.5496183 0.5801527 0.6412214 0.7099237 0.7022901 0.8549618
0.5419847 0.4427481 0.4580153 0.519084 0.6183206 0.6030534 0.6335878 0.6335878 0.5648855 0.5114504 0.5267176
0.6946565 0.5877863 0.610687 0.5725191 0.6870229 0.6946565 0.648855 0.5725191 0.5343511 0.3435115 0.3358779
0.4 0.2142857 0.3 0.35 0.4785714 0.5785714 0.6785714 0.7357143 0.8214286 0.8714286 0.9642857
0.2608696 0.3188406 0.2318841 0.2318841 0.2608696 0.2826087 0.3333333 0.3550725 0.3260870 0.4130435 0.3913043
0.6791045 0.641791 0.641791 0.6567164 0.5373134 0.5746269 0.6492537 0.5447761 0.7313433 0.6492537 0.5671642
0.6304348 0.6521739 0.5144928 0.6231884 0.6304348 0.5869565 0.6449275 0.615942 0.5869565 0.6014493 0.6304348
0.04477612 0.02985075 0.07462687 0.1044776 0.1343284 0.2686567 0.3880597 0.4029851 0.5 0.4552239 0.5373134
0.2761194 0.5373134 0.380597 0.3134328 0.1194030 0.1119403 0.05970149 0.05970149 0.08208955 0.1119403 0.1044776
0.5766423 0.5985401 0.6131387 0.620438 0.5912409 0.5912409 0.5109489 0.5182482 0.5693431 0.5328467 0.620438
0.1142857 0.04285714 0.07857143 0.08571429 0.1142857 0.1928571 0.2 0.2285714 0.2142857 0.2142857 0.2
0.761194 0.8358209 0.8059701 0.7686567 0.7910448 0.7537313 0.6268657 0.5373134 0.5447761 0.5970149 0.5298507
0.1641791 0.08955224 0.1194030 0.2462687 0.2164179 0.2686567 0.2761194 0.3059701 0.3432836 0.3283582 0.3880597
0.5362319 0.5724638 0.5144928 0.4347826 0.4782609 0.4275362 0.4202899 0.442029 0.4275362 0.4347826 0.4492754
0.7835821 0.858209 0.8059701 0.7910448 0.7537313 0.7313433 0.6940299 0.7164179 0.7014925 0.6268657 0.5820896
0.9214286 0.9571429 0.9428571 0.8642857 0.95 0.8857143 0.8857143 0.9357143 0.8214286 0.7857143 0.6428571
0.0610687 0.1832061 0.1450382 0.07633588 0.1068702 0.0610687 0.1145038 0.1755725 0.1450382 0.1908397 0.1984733
0.3111111 0.2518519 0.2740741 0.2740741 0.3555556 0.4 0.4444444 0.4666667 0.4666667 0.5555556 0.5925926
0.6268657 0.5597015 0.5223881 0.6119403 0.5597015 0.7089552 0.7835821 0.7089552 0.8134328 0.7761194 0.7238806
0.6641791 0.7686567 0.7164179 0.6268657 0.5074627 0.4701493 0.3283582 0.2462687 0.1268657 0.1641791 0.1417910
0.6666667 0.6444444 0.6518519 0.6740741 0.637037 0.6962963 0.5407407 0.5407407 0.4666667 0.6222222 0.762963
0.9179104 0.8432836 0.8432836 0.8507463 0.8208955 0.8432836 0.9104478 0.8208955 0.8731343 0.880597 0.9328358
0.9111111 0.8888889 0.9333333 0.9703704 0.925926 0.925926 0.9037037 0.8592593 0.8 0.7555556 0.6814815
