0.4071429 0.3285714 0.3785714 0.3714286 0.3142857 0.3142857 0.3071429 0.3714286 0.5357143 0.6142857 0.65
0.5658915 0.4728682 0.496124 0.496124 0.4573643 0.496124 0.5503876 0.5891473 0.5968992 0.5581395 0.5581395
0.3617021 0.3262411 0.2411348 0.1985816 0.1560284 0.1489362 0.1063830 0.1134752 0.1063830 0.1134752 0.1134752
0.06521739 0.05072464 0.05072464 0.05797101 0.06521739 0.05797101 0.05072464 0.07246377 0.06521739 0.07971014 0.0942029
0.3629630 0.3851852 0.4148148 0.3925926 0.4888889 0.4444444 0.5111111 0.5407407 0.5481481 0.7777778 0.8074074
0.1357143 0.2071429 0.1142857 0.06428571 0.05 0.05714286 0.06428571 0.04285714 0.03571429 0.03571429 0.02857143
0.5037037 0.4666667 0.4814815 0.4444444 0.4962963 0.5111111 0.6222222 0.7037037 0.6296296 0.762963 0.7333333
0.01470588 0.01470588 0.02205882 0.01470588 0.007352941 0.01470588 0.01470588 0.01470588 0.02941176 0.05147059 0.05147059
0.4214286 0.4571429 0.4142857 0.3214286 0.3285714 0.2785714 0.3071429 0.2714286 0.2714286 0.2357143 0.2285714
0.6857143 0.7785714 0.7285714 0.7785714 0.8214286 0.7571429 0.8928571 0.7428571 0.6642857 0.7357143 0.7214286
0.1515152 0.1666667 0.1515152 0.1287879 0.1818182 0.2045455 0.2121212 0.2651515 0.3030303 0.3106061 0.4772727
0.883721 0.9069767 0.883721 0.8294574 0.8604651 0.8372093 0.7209302 0.8527132 0.875969 0.9302326 0.9612403
0.4318182 0.4545455 0.3939394 0.3636364 0.3636364 0.4090909 0.4469697 0.4545455 0.469697 0.4469697 0.6439394
0.8939394 0.8636364 0.8787879 0.9090909 0.8333333 0.9469697 0.8787879 0.7424242 0.5757576 0.5833333 0.6212121
0.8768116 0.9492754 0.7826087 0.8550725 0.8913043 0.768116 0.7753623 0.7028986 0.5869565 0.5217391 0.4492754
0.4565217 0.3985507 0.4637681 0.4492754 0.5362319 0.4492754 0.442029 0.4637681 0.442029 0.3985507 0.5289855
0.04347826 0.05072464 0.02898551 0.01449275 0.01449275 0.02173913 0.01449275 0.02898551 0.02898551 0.02173913 0.01449275
0.06666667 0.07407407 0.06666667 0.05185185 0.08148148 0.1037037 0.1333333 0.1259259 0.1259259 0.1925926 0.2148148
0.5073529 0.5 0.5220588 0.4852941 0.4632353 0.5514706 0.4926471 0.5147059 0.4485294 0.4926471 0.5588235
0.762963 0.7925926 0.7259259 0.7259259 0.8296296 0.6296296 0.562963 0.7333333 0.6296296 0.4592593 0.5703704
0.02173913 0.03623188 0.05797101 0.1594203 0.1521739 0.2173913 0.2463768 0.2391304 0.1956522 0.2101449 0.1594203
0.5185185 0.4666667 0.5481481 0.5333333 0.4666667 0.4888889 0.4 0.4444444 0.4518519 0.4666667 0.5851852
0.1428571 0.2142857 0.2 0.1857143 0.1571429 0.1428571 0.1642857 0.1428571 0.1785714 0.1428571 0.1142857
0.9703704 0.9555556 0.9555556 0.9037037 0.9481481 0.8592593 0.7407407 0.8444444 0.6148148 0.5703704 0.6444444
0.08695652 0.0942029 0.05072464 0.06521739 0.07971014 0.05797101 0.07246377 0.06521739 0.06521739 0.05797101 0.05797101
0.03623188 0.03623188 0.03623188 0.07246377 0.08695652 0.1014493 0.1014493 0.1231884 0.1376812 0.1304348 0.1594203
0.2074074 0.1925926 0.1925926 0.1629630 0.1407407 0.1259259 0.1111111 0.0962963 0.0962963 0.08148148 0.0962963
0.8592593 0.8888889 0.9407407 0.925926 0.9555556 0.9703704 0.9925926 0.9407407 0.925926 0.9777778 0.9333333
0.2536232 0.2536232 0.2608696 0.2246377 0.2318841 0.1666667 0.1884058 0.1521739 0.1594203 0.1014493 0.1086957
0.2205882 0.1617647 0.1691176 0.125 0.125 0.1176471 0.1397059 0.125 0.1470588 0.1617647 0.1617647
0.9347826 0.9492754 0.9202899 0.942029 0.9565217 0.8985507 0.9347826 0.9565217 0.942029 0.8695652 0.884058
0.1705426 0.1627907 0.1782946 0.2170543 0.2015504 0.2248062 0.2015504 0.1937984 0.2093023 0.1937984 0.1627907
0.01550388 0.01550388 0.02325581 0.04651163 0.0620155 0.0620155 0.09302326 0.1007752 0.1007752 0.1317829 0.1317829
0.1550388 0.1550388 0.2015504 0.2170543 0.2248062 0.2093023 0.1782946 0.2093023 0.1937984 0.1860465 0.1860465
0.4926471 0.5073529 0.5147059 0.5220588 0.5882353 0.5808824 0.5367647 0.4632353 0.4558824 0.5220588 0.5808824
0.5177305 0.5460993 0.5815603 0.6666667 0.5744681 0.6666667 0.5460993 0.6524823 0.5106383 0.4822695 0.4397163
0.2867647 0.2867647 0.3014706 0.4117647 0.3897059 0.4117647 0.3823529 0.3529412 0.3823529 0.4044118 0.4558824
0.6434109 0.6589147 0.4573643 0.3100775 0.2868217 0.2868217 0.3100775 0.3100775 0.2868217 0.2868217 0.3255814
0.09848485 0.0530303 0.03787879 0.03030303 0.03030303 0.02272727 0.04545455 0.06060606 0.02272727 0.03787879 0.02272727
0.1742424 0.2121212 0.2121212 0.1893939 0.2196970 0.2045455 0.2121212 0.1893939 0.1969697 0.2348485 0.1818182
0.8148148 0.762963 0.6962963 0.7925926 0.6592593 0.6444444 0.6740741 0.7259259 0.6074074 0.4888889 0.5851852
0.6666667 0.7111111 0.7851852 0.7925926 0.762963 0.6074074 0.6518519 0.4814815 0.4592593 0.3555556 0.3111111
0.787234 0.7092199 0.787234 0.6879433 0.7446809 0.8794326 0.6950355 0.8156028 0.8652482 0.9148936 0.8723404
0.7037037 0.7037037 0.8074074 0.8 0.8 0.8 0.9185185 0.8518519 0.8666667 0.8296296 0.7555556
0 0 0 0 0 0 0 0 0 0 0
0.6714286 0.5857143 0.5785714 0.6071429 0.6857143 0.7571429 0.6642857 0.5642857 0.4571429 0.6142857 0.4285714
0.8939394 0.8636364 0.8787879 0.8636364 0.8333333 0.9469697 0.9242424 0.9166667 0.9318182 0.9090909 0.8409091
0.6642857 0.6714286 0.6214286 0.7357143 0.8142857 0.7785714 0.8928571 0.8785714 0.8857143 0.9214286 0.9714286
0.4444444 0.4 0.4074074 0.3629630 0.4592593 0.4444444 0.437037 0.4222222 0.4 0.4962963 0.4740741
0.04444444 0.05925926 0.05925926 0.1037037 0.1555556 0.1851852 0.2074074 0.2444444 0.2370370 0.4148148 0.4444444
0.1439394 0.1439394 0.1515152 0.1363636 0.1060606 0.1136364 0.1212121 0.1060606 0.1666667 0.1666667 0.1136364
0.4015152 0.3712121 0.3939394 0.3409091 0.3484848 0.3787879 0.4848485 0.5151515 0.6060606 0.6363636 0.75
0.442029 0.5217391 0.4637681 0.4927536 0.4637681 0.5 0.5507246 0.442029 0.5434783 0.5072464 0.731884
0.7878788 0.6439394 0.75 0.6666667 0.75 0.6287879 0.6439394 0.8030303 0.7348485 0.8257576 0.8409091
0.8148148 0.762963 0.7481481 0.7925926 0.6518519 0.8074074 0.6296296 0.6148148 0.7111111 0.6592593 0.7555556
0.4964539 0.5248227 0.5035461 0.5319149 0.4822695 0.4539007 0.5106383 0.5815603 0.6382979 0.6950355 0.7659574
0.7851852 0.7407407 0.6222222 0.7925926 0.8 0.8074074 0.8222222 0.8666667 0.8518519 0.6888889 0.8518519
0.8518519 0.8222222 0.9333333 0.8962963 0.874074 0.8888889 0.9333333 0.8962963 0.925926 0.8814815 0.8
0.2867647 0.2794118 0.3529412 0.3455882 0.3235294 0.3088235 0.2794118 0.2647059 0.2720588 0.2647059 0.3014706
0.3798450 0.3333333 0.4108527 0.3333333 0.3488372 0.3178295 0.3798450 0.3100775 0.372093 0.3023256 0.4186047
0.4148148 0.4148148 0.5259259 0.4518519 0.4666667 0.4666667 0.5481481 0.4814815 0.5185185 0.4518519 0.4444444
0.5652174 0.615942 0.5797101 0.615942 0.557971 0.5869565 0.768116 0.7608696 0.7173913 0.8115942 0.9347826
0.5744681 0.5744681 0.6312057 0.6241135 0.7943262 0.6950355 0.6099291 0.7801418 0.7659574 0.7446809 0.7588652
0.8814815 0.9185185 0.8814815 0.8814815 0.8074074 0.7407407 0.762963 0.562963 0.6444444 0.7333333 0.5481481
0.4492754 0.4855072 0.5289855 0.4347826 0.615942 0.5217391 0.5652174 0.6231884 0.7173913 0.7391304 0.7391304
0.2222222 0.2666667 0.2592593 0.2148148 0.2370370 0.2296296 0.2444444 0.2222222 0.2 0.2074074 0.2
0.9407407 0.9555556 0.9407407 0.925926 0.9111111 0.8814815 0.9185185 0.7407407 0.7407407 0.8296296 0.762963
0.5259259 0.5555556 0.5481481 0.4740741 0.4518519 0.4666667 0.4518519 0.4962963 0.437037 0.3851852 0.3925926
0.2878788 0.2954545 0.3030303 0.3484848 0.4242424 0.3636364 0.3863636 0.2954545 0.3636364 0.4621212 0.4545455
0.9185185 0.8666667 0.8666667 0.8518519 0.7777778 0.6888889 0.5555556 0.6962963 0.6888889 0.5777778 0.6074074
0.5909091 0.5530303 0.6666667 0.75 0.5833333 0.6287879 0.5984848 0.7045455 0.530303 0.5833333 0.5
0.06666667 0.05925926 0.1333333 0.1259259 0.1555556 0.1777778 0.1555556 0.1333333 0.1925926 0.1777778 0.1629630
0.7058824 0.625 0.7352941 0.5735294 0.6544118 0.6985294 0.625 0.7352941 0.617647 0.7352941 0.7132353
0.4545455 0.4924242 0.4621212 0.5151515 0.6060606 0.5075758 0.4772727 0.6666667 0.6060606 0.6212121 0.6515152
0.5681818 0.5757576 0.4621212 0.4545455 0.4015152 0.3181818 0.2651515 0.2727273 0.2803030 0.2196970 0.1893939
0.4964539 0.4397163 0.4609929 0.5177305 0.5035461 0.5886525 0.5106383 0.5177305 0.4822695 0.4964539 0.4609929
0.5407407 0.4962963 0.5481481 0.5333333 0.5111111 0.4666667 0.6592593 0.5555556 0.4814815 0.5777778 0.5481481
0.7703704 0.7481481 0.8074074 0.7851852 0.8 0.8592593 0.8222222 0.8666667 0.8 0.8148148 0.8222222
0.7481481 0.762963 0.8074074 0.762963 0.7333333 0.7333333 0.6518519 0.5925926 0.4592593 0.4074074 0.5555556
0.8372093 0.8372093 0.751938 0.751938 0.7674419 0.9379845 0.7984496 0.8527132 0.7674419 0.7906977 0.7829457
0.762963 0.5259259 0.7111111 0.7481481 0.762963 0.6814815 0.7925926 0.7037037 0.7111111 0.7333333 0.762963
0.124031 0.1085271 0.08527132 0.04651163 0.0620155 0.05426357 0.03100775 0.03875969 0.03100775 0.03875969 0.03100775
0.4962963 0.6074074 0.5481481 0.5777778 0.6444444 0.6148148 0.762963 0.7407407 0.8666667 0.8296296 0.7333333
0.1594203 0.1884058 0.1594203 0.1304348 0.0942029 0.05797101 0.04347826 0.06521739 0.06521739 0.05797101 0.05797101
0.5037037 0.4518519 0.5555556 0.4444444 0.4 0.3777778 0.4 0.3481481 0.2592593 0.2370370 0.2296296
0.5507246 0.5362319 0.6666667 0.5942029 0.6086957 0.5362319 0.7028986 0.5942029 0.6304348 0.6376812 0.7608696
0.1642857 0.1285714 0.15 0.1857143 0.1714286 0.2285714 0.2357143 0.25 0.25 0.2285714 0.2285714
0.2868217 0.2403101 0.2403101 0.2170543 0.1782946 0.2015504 0.1550388 0.1550388 0.1550388 0.1317829 0.1317829
0.4015152 0.4545455 0.4015152 0.4545455 0.4545455 0.4924242 0.469697 0.4924242 0.4242424 0.5833333 0.4545455
0.4148148 0.4 0.3481481 0.3333333 0.2444444 0.2148148 0.2222222 0.1851852 0.1703704 0.1703704 0.1555556
0.5073529 0.5441176 0.3529412 0.3529412 0.3014706 0.2279412 0.2058824 0.1691176 0.1470588 0.1838235 0.1691176
0.7925926 0.8222222 0.7925926 0.874074 0.8518519 0.8296296 0.8592593 0.8592593 0.925926 0.9481481 0.874074
0.8074074 0.8222222 0.7259259 0.8222222 0.8 0.7555556 0.8074074 0.8518519 0.7555556 0.7333333 0.7259259
0.2196970 0.2045455 0.2196970 0.2727273 0.3106061 0.3106061 0.2954545 0.2954545 0.4166667 0.5075758 0.7348485
0.4148148 0.4444444 0.4518519 0.4444444 0.4444444 0.4444444 0.4444444 0.4740741 0.5481481 0.4 0.437037
0.2028986 0.1884058 0.1956522 0.2028986 0.2101449 0.2391304 0.2536232 0.2246377 0.2028986 0.2318841 0.2173913
0.1259259 0.1555556 0.1333333 0.1185185 0.1185185 0.1185185 0.1259259 0.1333333 0.1259259 0.1481481 0.1629630
0.3636364 0.3257576 0.25 0.2878788 0.2348485 0.2727273 0.2121212 0.1742424 0.1666667 0.1666667 0.1515152
0.2196970 0.2878788 0.3030303 0.3409091 0.3560606 0.3636364 0.4166667 0.4924242 0.4621212 0.4772727 0.5
0.3257576 0.3257576 0.4090909 0.3409091 0.3560606 0.3257576 0.4621212 0.5 0.469697 0.5833333 0.75
0.9057971 0.8768116 0.9057971 0.8913043 0.8623188 0.8405797 0.8478261 0.8623188 0.7753623 0.6884058 0.731884
0.8372093 0.9069767 0.883721 0.8294574 0.8604651 0.8372093 0.9069767 0.9147287 0.9612403 0.9302326 0.9612403
0.9637681 0.8623188 0.8550725 0.8913043 0.884058 0.884058 0.8623188 0.8115942 0.826087 0.7391304 0.7101449
0.6899225 0.6976744 0.8062016 0.751938 0.6899225 0.7906977 0.9069767 0.8527132 0.9612403 0.8914729 0.9147287
0.7720588 0.7279412 0.757353 0.7720588 0.8382353 0.7647059 0.8014706 0.8455882 0.8897059 0.8161765 0.75
0.2592593 0.2592593 0.2740741 0.2592593 0.2962963 0.3259259 0.3703704 0.4444444 0.562963 0.637037 0.8222222
0.4751773 0.4255319 0.4680851 0.5106383 0.5035461 0.4255319 0.4042553 0.5248227 0.3829787 0.3617021 0.4539007
0.5185185 0.5259259 0.5037037 0.5555556 0.4888889 0.4888889 0.5037037 0.4592593 0.4518519 0.3481481 0.4444444
0.7925926 0.8148148 0.7925926 0.762963 0.6666667 0.6666667 0.6444444 0.5925926 0.4444444 0.4074074 0.4740741
0.6811594 0.6884058 0.5724638 0.5797101 0.5724638 0.4565217 0.4202899 0.4275362 0.384058 0.3260870 0.442029
0.9185185 0.8666667 0.8666667 0.8962963 0.7185185 0.6222222 0.5555556 0.6148148 0.5259259 0.4962963 0.4814815
0.3985507 0.3913043 0.3478261 0.3260870 0.3188406 0.3550725 0.3405797 0.2971014 0.3768116 0.3333333 0.3695652
0.8148148 0.9555556 0.874074 0.9111111 0.9481481 0.8592593 0.9111111 0.9481481 0.9851852 0.9703704 0.9777778
0.4214286 0.4142857 0.4642857 0.4642857 0.4714286 0.5 0.6285714 0.5071429 0.4285714 0.6071429 0.45
0.3428571 0.2785714 0.3428571 0.3928571 0.4714286 0.4642857 0.7714286 0.5857143 0.5071429 0.5071429 0.5285714
0.3629630 0.3037037 0.3333333 0.3185185 0.3259259 0.3777778 0.3629630 0.4296296 0.5851852 0.8148148 0.8518519
0.3623188 0.3913043 0.3913043 0.3478261 0.3478261 0.3333333 0.3695652 0.3260870 0.384058 0.4710145 0.3405797
0.7647059 0.7058824 0.7205882 0.7867647 0.5441176 0.5073529 0.625 0.5 0.617647 0.5220588 0.5147059
0.6838235 0.6838235 0.6397059 0.5735294 0.6544118 0.6838235 0.5735294 0.6838235 0.617647 0.6029412 0.4632353
0.8865248 0.8723404 0.9219858 0.8865248 0.8439716 0.8794326 0.929078 0.9078014 0.929078 0.9432624 0.9716312
0.9411765 0.8970588 0.8455882 0.9632353 0.9411765 0.9705882 0.9779412 0.9779412 0.9779412 0.9705882 0.9779412
0.8372093 0.8372093 0.751938 0.7596899 0.7751938 0.6976744 0.7209302 0.627907 0.6589147 0.5813953 0.5968992
0.3023256 0.1705426 0.2325581 0.2093023 0.1782946 0.124031 0.124031 0.1395349 0.1085271 0.08527132 0.1085271
0.8156028 0.8014184 0.9007092 0.7234043 0.7446809 0.6737589 0.8794326 0.7801418 0.5957447 0.5602837 0.6028369
0.2170543 0.1860465 0.2093023 0.2248062 0.1937984 0.2403101 0.2558140 0.3023256 0.3488372 0.3023256 0.3953488
0.4852941 0.5147059 0.617647 0.5294118 0.5514706 0.6397059 0.5808824 0.5955882 0.7647059 0.867647 0.8382353
0.4148148 0.4666667 0.4518519 0.5185185 0.4666667 0.437037 0.4074074 0.4 0.3777778 0.4222222 0.4
0.9411765 0.8455882 0.7720588 0.8602941 0.8529412 0.9338235 0.9191176 0.8897059 0.9117647 0.9411765 0.9338235
0.9703704 0.9555556 0.9555556 0.9111111 0.9481481 0.962963 0.9555556 0.8962963 0.8962963 0.9185185 0.8222222
0.1333333 0.1037037 0.1185185 0.1629630 0.1407407 0.1111111 0.1333333 0.1259259 0.08148148 0.1259259 0.1185185
0.1472868 0.1472868 0.1627907 0.1627907 0.1627907 0.1705426 0.1705426 0.2093023 0.1782946 0.1937984 0.1705426
0.1086957 0.07971014 0.1594203 0.2173913 0.1811594 0.2608696 0.3115942 0.3043478 0.3985507 0.4710145 0.7608696
0.8865248 0.9219858 0.9219858 0.8865248 0.858156 0.8865248 0.929078 0.9503546 0.8723404 0.893617 0.8723404
0.8074074 0.874074 0.9407407 0.925926 0.8962963 0.8962963 0.8518519 0.7481481 0.7555556 0.7777778 0.637037
0.6642857 0.7285714 0.7142857 0.6071429 0.6357143 0.5142857 0.5642857 0.5142857 0.4214286 0.3571429 0.3
0.1162791 0.0620155 0.08527132 0.06976744 0.0620155 0.04651163 0.03100775 0.03875969 0.03100775 0.03100775 0.03100775
0.03875969 0.03100775 0.01550388 0.03100775 0.007751938 0 0.007751938 0 0 0 0
0.5735294 0.5661765 0.4632353 0.4926471 0.4779412 0.5955882 0.5147059 0.5147059 0.5073529 0.5514706 0.7205882
0.7364341 0.7674419 0.7984496 0.751938 0.6434109 0.751938 0.7984496 0.744186 0.6666667 0.627907 0.5581395
0.9703704 0.8666667 0.8888889 0.8148148 0.8814815 0.874074 0.7925926 0.9037037 0.925926 0.9037037 0.8814815
0.08695652 0.08695652 0.1594203 0.1739130 0.1521739 0.1739130 0.2463768 0.2681159 0.2536232 0.2971014 0.2826087
0.3023256 0.3410853 0.4496124 0.4651163 0.4418605 0.4496124 0.4806202 0.5891473 0.5658915 0.5581395 0.5348837
0.7333333 0.6666667 0.637037 0.6148148 0.5777778 0.6222222 0.4888889 0.4518519 0.5185185 0.3925926 0.3851852
0.01481481 0.007407407 0.01481481 0.02962963 0.01481481 0.007407407 0.02962963 0.03703704 0.02962963 0.02962963 0.02962963
0.1666667 0.2045455 0.1893939 0.1666667 0.1818182 0.2121212 0.2045455 0.2424242 0.2575758 0.2878788 0.3484848
0.8518519 0.8148148 0.7851852 0.8962963 0.8 0.8444444 0.7925926 0.9037037 0.8814815 0.9185185 0.9333333
0.3623188 0.3405797 0.3913043 0.4565217 0.4275362 0.4565217 0.3985507 0.4637681 0.384058 0.3260870 0.3695652
0.5968992 0.6589147 0.4651163 0.4031008 0.4573643 0.4728682 0.5116279 0.5891473 0.5426357 0.5891473 0.6666667
0.9057971 0.8985507 0.9202899 0.9565217 0.942029 0.9492754 0.9710145 0.9927536 0.9927536 1 0.9710145
0.557971 0.5144928 0.5507246 0.615942 0.5362319 0.5 0.6594203 0.6086957 0.6376812 0.6086957 0.7391304
0.6666667 0.6376812 0.6449275 0.6086957 0.6231884 0.6376812 0.6956522 0.6594203 0.6231884 0.5942029 0.5507246
