0.04347826 0.07246377 0.06521739 0.05072464 0.06521739 0.0942029 0.07246377 0.1014493 0.08695652 0.1014493 0.1159420
0.3333333 0.2962963 0.3185185 0.3037037 0.2814815 0.3037037 0.2962963 0.2962963 0.2814815 0.2148148 0.1851852
0.1742424 0.1136364 0.1666667 0.2348485 0.2121212 0.2651515 0.2727273 0.3106061 0.3030303 0.4242424 0.3712121
0.7941176 0.7867647 0.7941176 0.8088235 0.7205882 0.7058824 0.7058824 0.8970588 0.8382353 0.8308824 0.9117647
0.5073529 0.5073529 0.5294118 0.6470588 0.6911765 0.6911765 0.7058824 0.7205882 0.7205882 0.757353 0.867647
0.2753623 0.2971014 0.2753623 0.2608696 0.2101449 0.2246377 0.1884058 0.1811594 0.1666667 0.1739130 0.1594203
0.9022556 0.7518797 0.7593985 0.7443609 0.7744361 0.8270677 0.8195489 0.8045113 0.8045113 0.81203 0.8421053
0.08510638 0.04255319 0.06382979 0.04964539 0.05673759 0.02836879 0.04964539 0.05673759 0.02836879 0.04255319 0.03546099
0.08148148 0.0962963 0.0962963 0.07407407 0.05185185 0.03703704 0.02222222 0.02222222 0.01481481 0.01481481 0.01481481
0.6241135 0.716312 0.6879433 0.6666667 0.6170213 0.6028369 0.5248227 0.5319149 0.5815603 0.4751773 0.4751773
0.3308271 0.2180451 0.2406015 0.2255639 0.2030075 0.1729323 0.1654135 0.2105263 0.1879699 0.1954887 0.1729323
0.8623188 0.9130435 0.8768116 0.9275362 0.9202899 0.8985507 0.9130435 0.942029 0.9347826 0.9202899 0.9565217
0.2255639 0.2556391 0.2631579 0.2932331 0.2857143 0.2932331 0.3684211 0.3458647 0.3684211 0.5037594 0.3007519
0.942029 0.9130435 0.942029 0.9275362 0.9202899 0.9492754 0.9927536 0.942029 0.9710145 0.9637681 0.9782609
0.9117647 0.9411765 0.9338235 0.9264706 0.9044118 0.9264706 0.9558824 0.8970588 0.9264706 0.8235294 0.8308824
0.8148148 0.762963 0.8 0.7111111 0.6296296 0.637037 0.5777778 0.6592593 0.5185185 0.5185185 0.437037
0.3308824 0.3676471 0.3161765 0.3014706 0.3235294 0.2352941 0.2426471 0.2720588 0.2647059 0.1985294 0.2132353
0.1893939 0.1666667 0.1590909 0.2045455 0.1893939 0.2348485 0.2045455 0.1893939 0.3030303 0.2272727 0.2348485
0.7727273 0.7575758 0.9318182 0.8181818 0.8333333 0.8181818 0.9545455 0.9318182 0.8863636 0.9166667 0.9015152
0.5882353 0.5808824 0.5514706 0.6397059 0.742647 0.6911765 0.7058824 0.6617647 0.8235294 0.625 0.6617647
0.4962406 0.5338346 0.4962406 0.5864662 0.5112782 0.5112782 0.518797 0.593985 0.593985 0.593985 0.5112782
0.8296296 0.8222222 0.8518519 0.7037037 0.7777778 0.762963 0.7111111 0.6888889 0.6296296 0.5333333 0.5555556
0.3157895 0.3533835 0.3007519 0.3308271 0.3157895 0.2631579 0.2706767 0.3082707 0.2481203 0.2631579 0.2556391
0.2651515 0.3333333 0.3333333 0.3106061 0.3257576 0.2803030 0.2727273 0.2651515 0.1818182 0.2196970 0.2272727
0.09558824 0.125 0.1323529 0.1323529 0.1323529 0.1176471 0.1397059 0.1764706 0.1617647 0.1323529 0.1323529
0.03623188 0.02173913 0.01449275 0.007246377 0.02898551 0.02173913 0.01449275 0.02173913 0.04347826 0.01449275 0.03623188
0.384058 0.3985507 0.3623188 0.3550725 0.3405797 0.3333333 0.2826087 0.3043478 0.2826087 0.2826087 0.2463768
0.9057971 0.9057971 0.9202899 0.8985507 0.942029 0.9057971 0.9492754 0.8405797 0.9492754 0.9492754 0.9347826
0.7121212 0.8030303 0.6060606 0.7272727 0.6515152 0.8181818 0.7727273 0.75 0.6818182 0.6590909 0.780303
0.4511278 0.4586466 0.4210526 0.4962406 0.4360902 0.4360902 0.4360902 0.5037594 0.5112782 0.6766917 0.5714286
0.8115942 0.7391304 0.7391304 0.6231884 0.7753623 0.7028986 0.673913 0.7536232 0.7536232 0.6956522 0.6594203
0.2255639 0.1879699 0.1654135 0.1503759 0.2030075 0.2180451 0.1729323 0.2180451 0.2105263 0.2105263 0.2180451
0.7272727 0.689394 0.4848485 0.4545455 0.4545455 0.4469697 0.4318182 0.5 0.4848485 0.719697 0.5454545
0.7819549 0.6466165 0.7368421 0.6992481 0.6015038 0.6466165 0.6390977 0.6766917 0.556391 0.593985 0.5488722
0.530303 0.5075758 0.5075758 0.5909091 0.5909091 0.5833333 0.5 0.6287879 0.4545455 0.5151515 0.5984848
0.6470588 0.625 0.6985294 0.6764706 0.6617647 0.6911765 0.7058824 0.7720588 0.6544118 0.8235294 0.6397059
0.9057971 0.9057971 0.9202899 0.8985507 0.942029 0.9057971 0.9492754 0.9275362 0.8913043 0.9492754 0.9347826
0.1159420 0.1014493 0.07246377 0.05072464 0.06521739 0.05072464 0.01449275 0.01449275 0.05072464 0.01449275 0.02173913
0.2330827 0.1954887 0.2481203 0.2631579 0.2030075 0.2030075 0.2481203 0.2330827 0.2406015 0.3007519 0.2481203
0.3257576 0.3181818 0.3030303 0.2424242 0.2424242 0.2348485 0.2348485 0.2348485 0.2651515 0.2954545 0.3181818
0.9117647 0.9411765 0.9338235 0.9264706 0.9044118 0.8602941 0.8161765 0.9338235 0.8602941 0.7941176 0.9705882
0.3617021 0.3617021 0.4184397 0.5177305 0.5390071 0.5886525 0.6666667 0.751773 0.7234043 0.751773 0.7234043
0.7067669 0.6090226 0.7593985 0.6992481 0.7518797 0.8796992 0.6992481 0.7293233 0.7669173 0.593985 0.6390977
0.7058824 0.6617647 0.75 0.6764706 0.6764706 0.75 0.6617647 0.6029412 0.617647 0.5661765 0.5147059
0.2127660 0.2269504 0.2411348 0.2340426 0.2127660 0.2978723 0.2553191 0.3049645 0.2907801 0.2978723 0.3475177
0.810606 0.8257576 0.7045455 0.7272727 0.6439394 0.5909091 0.75 0.6742424 0.6742424 0.6439394 0.6590909
0.8484848 0.8333333 0.9166667 0.8636364 0.8939394 0.8181818 0.8712121 0.7575758 0.8484848 0.8409091 0.75
0.874074 0.925926 0.9037037 0.9037037 0.9481481 0.9407407 0.9555556 0.925926 0.9555556 0.925926 0.9407407
0.925926 0.8888889 0.9703704 0.9037037 0.9481481 0.9407407 0.8962963 0.8962963 0.9037037 0.925926 0.9407407
0.6521739 0.6521739 0.7101449 0.6594203 0.6086957 0.5797101 0.768116 0.731884 0.7608696 0.7971014 0.826087
0.6453901 0.5744681 0.5106383 0.4609929 0.4468085 0.4255319 0.4326241 0.4184397 0.4184397 0.5815603 0.4184397
0.1102941 0.08088235 0.05147059 0.03676471 0.02941176 0.007352941 0 0 0.007352941 0.007352941 0.01470588
0.8296296 0.7259259 0.8 0.7185185 0.7777778 0.6888889 0.7333333 0.7703704 0.6518519 0.6666667 0.5555556
0.3712121 0.4015152 0.4469697 0.3560606 0.3560606 0.2803030 0.2651515 0.2651515 0.2045455 0.2196970 0.2424242
0.8296296 0.7851852 0.762963 0.7777778 0.9037037 0.8814815 0.8222222 0.925926 0.9555556 0.925926 0.962963
0.1838235 0.1323529 0.1102941 0.1397059 0.125 0.1323529 0.1764706 0.2279412 0.2426471 0.375 0.3970588
0.3157895 0.2932331 0.3007519 0.3308271 0.3458647 0.2932331 0.3157895 0.3308271 0.3007519 0.1879699 0.2030075
0.7272727 0.689394 0.780303 0.8030303 0.780303 0.6590909 0.7575758 0.7878788 0.7878788 0.8484848 0.8257576
0.06818182 0.04545455 0.0909091 0.09848485 0.1439394 0.1666667 0.2045455 0.1515152 0.2045455 0.2196970 0.2575758
0.3695652 0.4275362 0.4275362 0.4347826 0.4347826 0.442029 0.4637681 0.4782609 0.4855072 0.4637681 0.4275362
0.2962963 0.2888889 0.3481481 0.3703704 0.4296296 0.4666667 0.4962963 0.4814815 0.5481481 0.5333333 0.5703704
0.4242424 0.3636364 0.4318182 0.3712121 0.4242424 0.3712121 0.4166667 0.4015152 0.3939394 0.469697 0.4545455
0.7246377 0.7246377 0.7391304 0.8115942 0.6594203 0.7028986 0.7246377 0.7536232 0.7246377 0.6449275 0.5724638
0.5661765 0.5661765 0.5 0.4852941 0.4852941 0.5588235 0.5 0.5 0.5367647 0.5073529 0.617647
0.3550725 0.3188406 0.3695652 0.3913043 0.3623188 0.4130435 0.3260870 0.3623188 0.3768116 0.3768116 0.3550725
0.01470588 0.007352941 0.01470588 0.007352941 0.007352941 0.007352941 0.01470588 0.007352941 0.01470588 0.02205882 0.01470588
0.5530303 0.5454545 0.6363636 0.7121212 0.780303 0.8484848 0.8939394 0.8333333 0.9166667 0.969697 0.9242424
0.007575758 0.02272727 0.02272727 0.03030303 0.06060606 0.0530303 0.03787879 0.04545455 0.07575758 0.06818182 0.0530303
0.7246377 0.6521739 0.6666667 0.6086957 0.7101449 0.6086957 0.8478261 0.7971014 0.6884058 0.7391304 0.5724638
0.8333333 0.8636364 0.8939394 0.8863636 0.8333333 0.8484848 0.8863636 0.8333333 0.8484848 0.810606 0.810606
0.6439394 0.7575758 0.7424242 0.75 0.75 0.5909091 0.5227273 0.5984848 0.4924242 0.4621212 0.3939394
0.5797101 0.5434783 0.5942029 0.5 0.5072464 0.4855072 0.5942029 0.5797101 0.4855072 0.6956522 0.5724638
0.8148148 0.7259259 0.7111111 0.7037037 0.6296296 0.762963 0.6888889 0.6666667 0.6518519 0.6666667 0.6444444
0.8409091 0.8712121 0.9166667 0.8636364 0.8939394 0.8636364 0.9621212 0.9090909 0.8560606 0.9090909 0.9242424
0.09022556 0.08270677 0.05263158 0.04511278 0.09774436 0.07518797 0.09774436 0.08270677 0.1127820 0.1353383 0.1954887
0.810606 0.8181818 0.7651515 0.6969697 0.6666667 0.75 0.7045455 0.6742424 0.7348485 0.5 0.6212121
0.02272727 0.02272727 0.02272727 0.03787879 0.06818182 0.03030303 0.08333333 0.0909091 0.1136364 0.09848485 0.1212121
0.787234 0.751773 0.8085106 0.7021277 0.6170213 0.5886525 0.6879433 0.6312057 0.6524823 0.5815603 0.5035461
0.6590909 0.5984848 0.7348485 0.7272727 0.7121212 0.5833333 0.7272727 0.7424242 0.7424242 0.7954545 0.7348485
0.3823529 0.3970588 0.4705882 0.5514706 0.5588235 0.5441176 0.5808824 0.5955882 0.5882353 0.6911765 0.757353
0.942029 0.9130435 0.942029 0.9275362 0.8695652 0.9492754 0.9130435 0.942029 0.9275362 0.9492754 0.8985507
0.007575758 0.007575758 0.007575758 0.007575758 0.01515152 0.007575758 0 0 0 0 0
0.6231884 0.6304348 0.4565217 0.557971 0.4492754 0.4492754 0.4347826 0.3985507 0.4057971 0.3985507 0.3550725
0.1764706 0.1764706 0.2352941 0.2205882 0.1617647 0.1691176 0.1911765 0.1911765 0.1985294 0.1985294 0.2058824
0.742647 0.625 0.6470588 0.6470588 0.6764706 0.75 0.7205882 0.8088235 0.742647 0.875 0.7720588
0.884058 0.826087 0.8550725 0.826087 0.8695652 0.7173913 0.9275362 0.7536232 0.7826087 0.8623188 0.789855
0.3409091 0.3560606 0.3863636 0.3333333 0.2878788 0.3257576 0.2727273 0.1742424 0.1893939 0.1666667 0.1893939
0.1014493 0.1014493 0.1014493 0.1376812 0.08695652 0.1159420 0.1086957 0.1014493 0.1086957 0.1014493 0.1376812
0.751773 0.787234 0.8510638 0.680851 0.7092199 0.6312057 0.787234 0.8368794 0.7943262 0.7588652 0.7021277
0.007575758 0 0.007575758 0.007575758 0.007575758 0.01515152 0.02272727 0.02272727 0.03030303 0.02272727 0.02272727
0.1304348 0.1739130 0.1521739 0.1594203 0.1449275 0.1739130 0.2028986 0.1884058 0.1956522 0.2246377 0.2463768
0.5661765 0.5808824 0.5882353 0.5514706 0.5441176 0.4632353 0.3823529 0.375 0.3014706 0.2867647 0.2058824
0.4888889 0.4592593 0.5037037 0.637037 0.6074074 0.6888889 0.6148148 0.7037037 0.6296296 0.6740741 0.5111111
0.5530303 0.469697 0.3863636 0.3181818 0.2727273 0.2878788 0.25 0.2348485 0.2121212 0.1742424 0.1969697
0.8405797 0.8623188 0.8623188 0.884058 0.8623188 0.6666667 0.7391304 0.7246377 0.768116 0.768116 0.7391304
0.06818182 0.03787879 0.03787879 0.03030303 0.03787879 0.03030303 0.03030303 0.03787879 0.04545455 0.03030303 0.03787879
0.2706767 0.2180451 0.2481203 0.2330827 0.2406015 0.2406015 0.2255639 0.2330827 0.2556391 0.2706767 0.2180451
0.5724638 0.4565217 0.6594203 0.6014493 0.5724638 0.6304348 0.8043478 0.7028986 0.7608696 0.768116 0.6231884
0.615942 0.557971 0.7101449 0.673913 0.673913 0.6521739 0.8043478 0.7028986 0.6884058 0.6884058 0.6231884
0.719697 0.5606061 0.4621212 0.4090909 0.3560606 0.3939394 0.3484848 0.3636364 0.3863636 0.3333333 0.3484848
0.4242424 0.4015152 0.5530303 0.4318182 0.5 0.5151515 0.5757576 0.530303 0.5227273 0.4621212 0.4924242
0.6956522 0.7753623 0.6594203 0.673913 0.7608696 0.7028986 0.6376812 0.8405797 0.768116 0.6956522 0.7028986
0.08148148 0.1037037 0.1185185 0.1925926 0.1925926 0.2888889 0.2518519 0.3925926 0.3925926 0.4296296 0.3851852
0.5724638 0.6594203 0.6376812 0.5507246 0.5289855 0.5289855 0.6231884 0.5869565 0.5724638 0.557971 0.4927536
0.2246377 0.3115942 0.3188406 0.3550725 0.442029 0.4202899 0.5217391 0.5434783 0.6086957 0.673913 0.6086957
0.1397059 0.1764706 0.1691176 0.1617647 0.1911765 0.1911765 0.2205882 0.2426471 0.2647059 0.2941176 0.3382353
0.7819549 0.8270677 0.7593985 0.8270677 0.7518797 0.8270677 0.7518797 0.8947368 0.8045113 0.7368421 0.9323308
0.939394 0.9166667 0.9166667 0.9469697 0.939394 0.9242424 0.9621212 0.9318182 0.969697 0.9318182 0.9242424
0.9548872 0.9172932 0.8947368 0.9172932 0.8345865 0.887218 0.9022556 0.8646617 0.887218 0.8947368 0.9398496
0.5441176 0.6617647 0.6470588 0.7058824 0.8235294 0.75 0.7647059 0.8455882 0.7867647 0.8970588 0.8308824
0.3695652 0.4782609 0.4492754 0.5869565 0.5072464 0.6521739 0.768116 0.8043478 0.8405797 0.7463768 0.9565217
0.1838235 0.1764706 0.2205882 0.2132353 0.2132353 0.1911765 0.2573529 0.3014706 0.3308824 0.375 0.5294118
0.757353 0.8529412 0.8088235 0.757353 0.8897059 0.8970588 0.8235294 0.8382353 0.8529412 0.875 0.8382353
0.557971 0.4565217 0.5144928 0.5217391 0.557971 0.5072464 0.5144928 0.5289855 0.5434783 0.5289855 0.5289855
0.810606 0.8181818 0.8181818 0.8787879 0.8333333 0.8484848 0.9015152 0.9545455 0.9166667 0.9545455 0.9166667
0.1811594 0.1811594 0.1521739 0.1739130 0.1811594 0.1521739 0.1739130 0.1594203 0.1521739 0.1304348 0.1521739
0.2246377 0.1956522 0.2391304 0.1956522 0.1956522 0.2318841 0.2536232 0.2246377 0.2608696 0.2971014 0.3260870
0.4057971 0.4202899 0.3623188 0.4855072 0.4855072 0.5072464 0.5072464 0.4202899 0.4855072 0.4492754 0.4275362
0.9338235 0.7720588 0.8455882 0.8455882 0.8897059 0.8088235 0.75 0.7720588 0.8235294 0.7058824 0.7720588
0.7058824 0.8455882 0.75 0.7279412 0.8161765 0.8382353 0.7058824 0.7720588 0.7279412 0.6691176 0.6397059
0.03787879 0.06060606 0.1136364 0.1212121 0.1666667 0.1363636 0.1590909 0.1363636 0.1363636 0.1439394 0.09848485
0.9548872 0.9172932 0.8947368 0.9172932 0.9172932 0.9699248 0.9022556 0.8947368 0.887218 0.9022556 0.8947368
0.1617647 0.1617647 0.1470588 0.1323529 0.1176471 0.08088235 0.05147059 0.04411765 0.01470588 0.02205882 0.01470588
0.4469697 0.4090909 0.4621212 0.4090909 0.4015152 0.4318182 0.4015152 0.4318182 0.3863636 0.3712121 0.3939394
0.1666667 0.1590909 0.1666667 0.1363636 0.1893939 0.1893939 0.1666667 0.1363636 0.1287879 0.1363636 0.1060606
0.884058 0.9347826 0.8550725 0.9130435 0.8695652 0.9130435 0.9275362 0.9637681 0.884058 0.8043478 0.7536232
0.5227273 0.5075758 0.6363636 0.6136364 0.5909091 0.4924242 0.6212121 0.6136364 0.6212121 0.719697 0.6363636
0.8787879 0.939394 0.8939394 0.8787879 0.9015152 0.8484848 0.8863636 0.810606 0.7727273 0.7954545 0.7424242
0.4782609 0.5217391 0.5797101 0.5724638 0.4855072 0.5072464 0.5072464 0.5652174 0.5652174 0.4782609 0.5724638
0.4565217 0.557971 0.5434783 0.442029 0.4347826 0.4275362 0.442029 0.5289855 0.5144928 0.731884 0.5724638
0.2101449 0.1811594 0.1884058 0.1739130 0.2028986 0.1739130 0.1811594 0.1811594 0.1666667 0.2173913 0.1739130
0.9057971 0.9057971 0.9202899 0.8985507 0.942029 0.9057971 0.9130435 0.8695652 0.9202899 0.9492754 0.9347826
0.5909091 0.5454545 0.530303 0.5833333 0.5 0.5530303 0.5227273 0.530303 0.5833333 0.5378788 0.5378788
0.2740741 0.2592593 0.2222222 0.2518519 0.2296296 0.2222222 0.1851852 0.1555556 0.1111111 0.1111111 0.1185185
0.742647 0.6397059 0.5735294 0.5955882 0.6985294 0.5588235 0.632353 0.6544118 0.5882353 0.6470588 0.5808824
0.5248227 0.5035461 0.3617021 0.4539007 0.4326241 0.4113475 0.4468085 0.4397163 0.4184397 0.4893617 0.4822695
0.5248227 0.4397163 0.3617021 0.3191489 0.3120567 0.2978723 0.2978723 0.2695035 0.2695035 0.3475177 0.2553191
0.6594203 0.6521739 0.6086957 0.6666667 0.6304348 0.5652174 0.6376812 0.6231884 0.5724638 0.557971 0.5507246
0.2706767 0.2932331 0.3233083 0.3308271 0.3609023 0.3533835 0.4360902 0.4887218 0.4887218 0.6766917 0.81203
0.3111111 0.2962963 0.3481481 0.3629630 0.3629630 0.4666667 0.437037 0.437037 0.4222222 0.4518519 0.4444444
0.2279412 0.1911765 0.1911765 0.1911765 0.1470588 0.1470588 0.1617647 0.1397059 0.1029412 0.1323529 0.1029412
0.6544118 0.5808824 0.5588235 0.6764706 0.6911765 0.6102941 0.6544118 0.6985294 0.6911765 0.6691176 0.6838235
0.6911765 0.6544118 0.6617647 0.7647059 0.6397059 0.757353 0.8161765 0.8308824 0.8602941 0.8455882 0.9632353
0.01481481 0.01481481 0.02222222 0.01481481 0.04444444 0.03703704 0.04444444 0.05925926 0.06666667 0.0962963 0.08148148
0.4191176 0.3823529 0.4411765 0.3602941 0.3308824 0.3308824 0.2867647 0.2941176 0.3235294 0.3308824 0.3602941
0.4015152 0.3333333 0.4166667 0.3787879 0.4166667 0.3333333 0.4015152 0.3409091 0.3636364 0.3787879 0.2803030
0.1333333 0.1925926 0.2222222 0.2518519 0.2740741 0.3333333 0.3925926 0.3777778 0.3925926 0.3555556 0.3555556
0.4130435 0.4130435 0.5 0.5724638 0.5362319 0.5869565 0.5434783 0.6376812 0.7173913 0.5869565 0.5072464
0.6015038 0.631579 0.5639098 0.593985 0.6466165 0.5488722 0.5112782 0.556391 0.4511278 0.4135338 0.4962406
0.757353 0.7647059 0.75 0.7279412 0.742647 0.8088235 0.875 0.757353 0.6985294 0.7058824 0.6838235
0.5531915 0.5602837 0.6666667 0.6524823 0.7304965 0.6737589 0.6524823 0.6099291 0.5319149 0.5815603 0.5815603
