0.1167883 0.1167883 0.1167883 0.09489051 0.0729927 0.06569343 0.0729927 0.05109489 0.05839416 0.06569343 0.08759124
0.2394366 0.2535211 0.3591549 0.3309859 0.3591549 0.2816901 0.2464789 0.1478873 0.1619718 0.1478873 0.1197183
0.1629630 0.2074074 0.2296296 0.2074074 0.1851852 0.2148148 0.2962963 0.3333333 0.4 0.4074074 0.7111111
0.7153285 0.6715328 0.7226277 0.729927 0.7445255 0.7664234 0.7664234 0.8759124 0.8978102 0.9270073 0.9270073
0.1223022 0.1294964 0.1582734 0.1726619 0.2086331 0.1942446 0.2230216 0.2230216 0.2230216 0.2733813 0.3093525
0.0882353 0.1176471 0.07352941 0.05147059 0.02941176 0.02205882 0.02205882 0.007352941 0.007352941 0.007352941 0.007352941
0.9481481 0.8814815 0.8962963 0.9185185 0.962963 0.9407407 0.8814815 0.8666667 0.6518519 0.5185185 0.3703704
0.6343284 0.6044776 0.3880597 0.2761194 0.2089552 0.1791045 0.1417910 0.1194030 0.1194030 0.1119403 0.1268657
0.2962963 0.2814815 0.2888889 0.2444444 0.2814815 0.4074074 0.3925926 0.437037 0.5333333 0.7481481 0.5925926
0.6740741 0.6740741 0.7111111 0.6814815 0.7111111 0.8814815 0.9111111 0.8814815 0.925926 0.8518519 0.9185185
0.007407407 0.007407407 0.007407407 0.007407407 0.06666667 0.08148148 0.1185185 0.1777778 0.2222222 0.2592593 0.3111111
0.1629630 0.1703704 0.2222222 0.2370370 0.3481481 0.3703704 0.5185185 0.5703704 0.6814815 0.8814815 0.8888889
0.5384615 0.5230769 0.5461538 0.4230769 0.3153846 0.3 0.2384615 0.2230769 0.2461538 0.2076923 0.2461538
0.4485294 0.5514706 0.3970588 0.5147059 0.6029412 0.6029412 0.5882353 0.6911765 0.9117647 0.8602941 0.9044118
0.4264706 0.5441176 0.5441176 0.4558824 0.5955882 0.5441176 0.632353 0.5661765 0.6102941 0.4117647 0.4926471
0.6692308 0.7307692 0.8846154 0.7 0.7538462 0.8307692 0.8153846 0.7461538 0.6307692 0.7153846 0.7384615
0.2740741 0.2 0.2444444 0.2370370 0.2962963 0.2666667 0.2370370 0.3185185 0.3259259 0.3407407 0.4148148
0.2814815 0.2444444 0.2888889 0.2074074 0.2666667 0.2074074 0.2444444 0.2518519 0.1629630 0.2592593 0.2962963
0.8455882 0.7941176 0.7867647 0.8088235 0.75 0.8235294 0.8897059 0.75 0.8382353 0.882353 0.8161765
0.3021583 0.3309353 0.381295 0.4100719 0.381295 0.4532374 0.4676259 0.3381295 0.294964 0.3093525 0.2805755
0.9411765 0.9852941 0.9191176 0.9264706 0.867647 0.9705882 0.8897059 0.7941176 0.7867647 0.6838235 0.632353
0.7553957 0.7194245 0.6115108 0.647482 0.5683453 0.5971223 0.5467626 0.6115108 0.5755396 0.6690647 0.6258993
0.3692308 0.3153846 0.3076923 0.2692308 0.2230769 0.2153846 0.1538462 0.1384615 0.1846154 0.2 0.2076923
0.6940299 0.7089552 0.6567164 0.7462687 0.6567164 0.7462687 0.7089552 0.7462687 0.7462687 0.6865672 0.7537313
0.05185185 0.05185185 0.1481481 0.06666667 0.08888889 0.0962963 0.1259259 0.0962963 0.1407407 0.1185185 0.1259259
0.1629630 0.1555556 0.1777778 0.1407407 0.1259259 0.1629630 0.1629630 0.1555556 0.1111111 0.2074074 0.2370370
0.1654676 0.1726619 0.1151079 0.1151079 0.1079137 0.07913669 0.08633094 0.0647482 0.1079137 0.08633094 0.1079137
0.7259259 0.7777778 0.8962963 0.7851852 0.5925926 0.6 0.6888889 0.562963 0.7703704 0.7037037 0.4
0.4338235 0.4044118 0.3897059 0.4044118 0.4117647 0.3970588 0.3897059 0.3161765 0.3014706 0.3455882 0.2794118
0.5555556 0.4444444 0.2814815 0.2 0.1777778 0.1407407 0.1333333 0.0962963 0.1185185 0.1111111 0.1037037
0.875 0.8382353 0.9558824 0.75 0.75 0.6102941 0.5441176 0.3970588 0.3602941 0.25 0.2352941
0.1691176 0.1764706 0.1985294 0.2279412 0.2794118 0.2647059 0.2426471 0.2867647 0.3161765 0.375 0.4191176
0.2846154 0.3 0.2307692 0.2615385 0.3153846 0.3 0.2769231 0.4384615 0.3846154 0.5615385 0.5230769
0.6764706 0.5882353 0.5073529 0.5 0.3529412 0.3308824 0.3014706 0.1617647 0.125 0.1323529 0.1323529
0.4379562 0.4671533 0.3941606 0.3576642 0.4379562 0.3868613 0.270073 0.2262774 0.2043796 0.1970803 0.1897810
0.9647887 0.9295775 0.8943662 0.9295775 0.8732394 0.8380282 0.7957746 0.7183099 0.6408451 0.6197183 0.528169
0.7384615 0.7461538 0.8384615 0.7615385 0.7923077 0.8692308 0.8153846 0.7692308 0.7 0.6923077 0.6230769
0.1197183 0.1478873 0.1267606 0.1056338 0.07042254 0.08450704 0.06338028 0.08450704 0.09859155 0.08450704 0.06338028
0.04411765 0.02941176 0.05147059 0.07352941 0.05147059 0.05882353 0.05882353 0.0882353 0.08088235 0.08088235 0.0882353
0.4592593 0.4222222 0.2666667 0.1407407 0.1925926 0.1111111 0.1037037 0.06666667 0.05925926 0.05925926 0.05185185
0.3021583 0.1942446 0.2661871 0.2877698 0.2661871 0.294964 0.3309353 0.3093525 0.294964 0.2805755 0.3381295
0.8518519 0.8814815 0.8962963 0.8444444 0.8666667 0.8814815 0.7259259 0.6962963 0.7481481 0.7481481 0.7185185
0.4923077 0.6307692 0.5615385 0.6615385 0.7 0.8307692 0.9153846 0.8923077 0.9153846 0.8846154 0.9153846
0.761194 0.8208955 0.8358209 0.8283582 0.8059701 0.8432836 0.9179104 0.8208955 0.9328358 0.9328358 0.8731343
0.02919708 0.00729927 0.03649635 0.05839416 0.1021898 0.1897810 0.2116788 0.4087591 0.4817518 0.6350365 0.7372263
0.6153846 0.7076923 0.7538462 0.7 0.7384615 0.823077 0.7461538 0.8 0.7538462 0.8153846 0.7846154
0.874074 0.7777778 0.7925926 0.8074074 0.7259259 0.6592593 0.6740741 0.5111111 0.6296296 0.6148148 0.5925926
0.875 0.8455882 0.6985294 0.9264706 0.7941176 0.7794118 0.632353 0.6544118 0.6102941 0.5367647 0.4411765
0.2611940 0.3507463 0.4776119 0.4328358 0.4253731 0.4179104 0.3507463 0.3432836 0.2686567 0.2761194 0.2611940
0.6470588 0.4485294 0.3970588 0.5367647 0.5367647 0.5882353 0.5808824 0.6838235 0.8088235 0.9044118 0.9117647
0.04411765 0.07352941 0.05147059 0.04411765 0.02941176 0.02941176 0.03676471 0.02941176 0.03676471 0.02941176 0.02941176
0.637037 0.6074074 0.4148148 0.2592593 0.2888889 0.2592593 0.1555556 0.08888889 0.1037037 0.07407407 0.08888889
0.4028777 0.5107914 0.4316547 0.5827338 0.5971223 0.5035971 0.6402878 0.6546763 0.5683453 0.6258993 0.6834532
0.1703704 0.1703704 0.1925926 0.2074074 0.2 0.1481481 0.1259259 0.0962963 0.07407407 0.0962963 0.08888889
0.8686131 0.8321168 0.8321168 0.7445255 0.839416 0.8321168 0.8175182 0.839416 0.8467153 0.8248175 0.7664234
0.4148148 0.4 0.2888889 0.1925926 0.1703704 0.1629630 0.1777778 0.08888889 0.1407407 0.1037037 0.1777778
0.6222222 0.7037037 0.7185185 0.6814815 0.8222222 0.6666667 0.637037 0.4592593 0.4 0.4074074 0.3777778
0.2262774 0.2992701 0.2773723 0.2408759 0.2262774 0.2335766 0.1532847 0.2043796 0.1605839 0.1386861 0.1313869
0.8633094 0.8417266 0.8776978 0.942446 0.9496403 0.8992806 0.9496403 0.9352518 0.9568345 0.9568345 0.9064748
0.9481481 0.9333333 0.962963 0.9185185 0.962963 0.9407407 0.9333333 0.8888889 0.8296296 0.7259259 0.5703704
0.6838235 0.5808824 0.632353 0.5588235 0.6617647 0.6617647 0.632353 0.5955882 0.6911765 0.4705882 0.4264706
0.4925373 0.5820896 0.5447761 0.619403 0.6268657 0.5820896 0.619403 0.761194 0.761194 0.6343284 0.7014925
0.6740741 0.6666667 0.7185185 0.6962963 0.7111111 0.6 0.5259259 0.5407407 0.3703704 0.4222222 0.4592593
0.1153846 0.1307692 0.1846154 0.1538462 0.2923077 0.3 0.2769231 0.3076923 0.3076923 0.3461538 0.4
0.4328358 0.4925373 0.4179104 0.5597015 0.5373134 0.4552239 0.5522388 0.5820896 0.6492537 0.7089552 0.6641791
0.06666667 0.06666667 0.05185185 0.03703704 0.03703704 0.05925926 0.07407407 0.07407407 0.05925926 0.0962963 0.1111111
0.7266187 0.7410072 0.8345324 0.8273381 0.8561151 0.8633094 0.8489209 0.8633094 0.8633094 0.7913669 0.7913669
0.9481481 0.9333333 0.962963 0.9185185 0.962963 0.9407407 0.9333333 0.9333333 0.9333333 0.9703704 0.9555556
0.2538462 0.3307692 0.3307692 0.3538462 0.4076923 0.4846154 0.5230769 0.6384615 0.4461538 0.4846154 0.5307692
0.3481481 0.3629630 0.4592593 0.437037 0.4666667 0.5259259 0.5481481 0.7259259 0.6814815 0.6888889 0.7703704
0.4923077 0.6307692 0.5769231 0.6076923 0.5076923 0.4846154 0.5230769 0.5384615 0.4230769 0.3615385 0.3692308
0.2189781 0.2481752 0.2262774 0.1751825 0.1751825 0.09489051 0.0729927 0.05839416 0.05109489 0.05839416 0.05109489
0.4923077 0.7230769 0.7 0.6692308 0.7230769 0.5384615 0.5153846 0.5692308 0.5153846 0.4153846 0.6230769
0.8692308 0.9307692 0.8846154 0.8538462 0.9615385 0.8923077 0.8923077 0.9153846 0.7538462 0.8307692 0.8307692
0.3208955 0.4477612 0.4328358 0.4253731 0.4253731 0.5746269 0.4552239 0.4104478 0.7089552 0.5895522 0.5447761
0.8897059 0.9485294 0.9558824 0.9044118 0.9117647 0.8382353 0.875 0.882353 0.8382353 0.7279412 0.6838235
0.7153285 0.7737226 0.8321168 0.7372263 0.8613139 0.7883212 0.8978102 0.8978102 0.9416058 0.9124088 0.9270073
0.5895522 0.5671642 0.5597015 0.5 0.5223881 0.4179104 0.4552239 0.4850746 0.4253731 0.4328358 0.4179104
0.9037037 0.8814815 0.962963 0.9185185 0.962963 0.925926 0.9333333 0.9333333 0.9481481 0.9555556 0.8592593
0.7037037 0.6148148 0.7259259 0.7481481 0.7185185 0.8148148 0.7703704 0.8888889 0.6518519 0.6296296 0.6222222
0.5846154 0.6384615 0.7538462 0.7 0.7615385 0.823077 0.7461538 0.8076923 0.7923077 0.8153846 0.776923
0.4817518 0.3795620 0.3795620 0.2846715 0.1751825 0.1167883 0.09489051 0.09489051 0.08759124 0.09489051 0.06569343
0.882353 0.882353 0.9558824 0.9632353 0.8529412 0.7720588 0.7205882 0.7867647 0.6838235 0.6617647 0.5588235
0.1194030 0.08955224 0.1492537 0.1641791 0.1865672 0.2238806 0.3208955 0.3955224 0.3432836 0.4253731 0.380597
0.8358209 0.8432836 0.880597 0.8432836 0.8358209 0.858209 0.8432836 0.7313433 0.8955224 0.8731343 0.8507463
0.971223 0.9640288 0.9352518 0.942446 0.9496403 0.9352518 0.913669 0.9568345 0.9568345 0.942446 0.9568345
0.4222222 0.3703704 0.3925926 0.2814815 0.2740741 0.2148148 0.2 0.2370370 0.1629630 0.1777778 0.2296296
0.1029412 0.1102941 0.09558824 0.1176471 0.1470588 0.1764706 0.1838235 0.1838235 0.1911765 0.3235294 0.2720588
0.757353 0.6985294 0.6617647 0.7867647 0.7941176 0.8161765 0.8235294 0.8088235 0.8970588 0.9558824 0.9191176
0.2720588 0.2279412 0.2205882 0.1911765 0.1544118 0.1691176 0.1617647 0.1691176 0.1911765 0.1985294 0.1911765
0.2444444 0.2 0.1703704 0.1333333 0.1259259 0.1259259 0.1333333 0.06666667 0.1037037 0.1037037 0.08148148
0.4888889 0.437037 0.6 0.6148148 0.5333333 0.5777778 0.6740741 0.7037037 0.6814815 0.6888889 0.7259259
0.5185185 0.437037 0.3407407 0.3185185 0.3037037 0.2074074 0.1111111 0.1407407 0.1555556 0.1407407 0.1407407
0.6222222 0.5185185 0.4444444 0.2814815 0.3925926 0.4074074 0.4444444 0.437037 0.5333333 0.4592593 0.5925926
0.5522388 0.6044776 0.6567164 0.5746269 0.5597015 0.7238806 0.4925373 0.5074627 0.3582090 0.4253731 0.3134328
0.5522388 0.6343284 0.4477612 0.4029851 0.4552239 0.4701493 0.4029851 0.4850746 0.6492537 0.6865672 0.7761194
0.3925926 0.2592593 0.2222222 0.1407407 0.1555556 0.1555556 0.1555556 0.1481481 0.3111111 0.2296296 0.2666667
0.7464789 0.6830986 0.6338028 0.6408451 0.6056338 0.4929577 0.3873239 0.3661972 0.2957746 0.2464789 0.2816901
0.9777778 0.962963 0.9703704 0.9777778 0.9777778 0.9555556 0.8296296 0.8592593 0.6666667 0.7037037 0.7259259
0.25 0.2573529 0.2426471 0.2647059 0.2867647 0.3308824 0.3161765 0.2941176 0.3897059 0.3970588 0.4191176
0.7555556 0.6148148 0.7407407 0.6444444 0.7777778 0.7037037 0.7703704 0.7259259 0.7481481 0.7185185 0.4666667
0.3897059 0.4264706 0.4558824 0.4632353 0.5955882 0.632353 0.617647 0.7720588 0.6470588 0.5514706 0.7279412
0.4859155 0.3873239 0.3943662 0.4859155 0.4295775 0.3521127 0.3380282 0.2957746 0.2112676 0.1901408 0.2394366
0.562963 0.5555556 0.6296296 0.6074074 0.4592593 0.5259259 0.5703704 0.437037 0.4740741 0.5407407 0.4148148
0.5925926 0.6148148 0.6148148 0.6888889 0.5555556 0.8148148 0.7111111 0.7777778 0.8296296 0.8814815 0.9703704
0.1223022 0.1007194 0.1582734 0.1726619 0.2158273 0.2374101 0.2374101 0.3309353 0.352518 0.4532374 0.352518
0.2538462 0.3307692 0.3384615 0.3230769 0.3923077 0.3769231 0.3769231 0.2230769 0.1230769 0.2 0.1846154
0.8384615 0.8076923 0.7923077 0.7615385 0.7846154 0.8692308 0.8153846 0.7461538 0.7153846 0.6307692 0.5384615
0.4963504 0.4379562 0.540146 0.540146 0.6350365 0.7956204 0.8175182 0.8540146 0.9124088 0.8978102 0.8686131
0.8897059 0.882353 0.8455882 0.867647 0.9411765 0.9338235 0.9411765 0.9485294 0.9779412 0.9558824 0.9705882
0.649635 0.7153285 0.7445255 0.729927 0.839416 0.8613139 0.8175182 0.8175182 0.7445255 0.8686131 0.7226277
0.3455882 0.3676471 0.3161765 0.2720588 0.2941176 0.3235294 0.3088235 0.3382353 0.3088235 0.3823529 0.3676471
0.7697842 0.6906475 0.7194245 0.7410072 0.6906475 0.8129496 0.5107914 0.5971223 0.4388489 0.5107914 0.6258993
0.4461538 0.4538462 0.5 0.4538462 0.4230769 0.4923077 0.5153846 0.5230769 0.3538462 0.4153846 0.3692308
0.4626866 0.4776119 0.6044776 0.5970149 0.6567164 0.7238806 0.8283582 0.8134328 0.8955224 0.9701493 0.858209
0.2313433 0.2537313 0.2238806 0.1641791 0.1716418 0.1417910 0.1492537 0.1194030 0.1194030 0.1417910 0.1641791
0.3873239 0.4577465 0.3943662 0.4154930 0.4084507 0.4295775 0.5 0.584507 0.6619718 0.6056338 0.7112676
0.4230769 0.4153846 0.3307692 0.5461538 0.5076923 0.6230769 0.6846154 0.7 0.5230769 0.6076923 0.5461538
0.5307692 0.6153846 0.6384615 0.6384615 0.6461538 0.6076923 0.6769231 0.7461538 0.5461538 0.7230769 0.7307692
0.8148148 0.8148148 0.8518519 0.8518519 0.8222222 0.7851852 0.8148148 0.7925926 0.8 0.562963 0.5703704
0.1407407 0.1851852 0.2074074 0.2370370 0.2888889 0.3481481 0.2962963 0.2814815 0.2592593 0.2148148 0.2074074
0.9366197 0.9577465 0.9366197 0.9295775 0.9295775 0.915493 0.8802817 0.943662 0.8380282 0.859155 0.8028169
0.1176471 0.1176471 0.1029412 0.0882353 0.1029412 0.1544118 0.125 0.1102941 0.1691176 0.1911765 0.1838235
0.6764706 0.742647 0.757353 0.625 0.8529412 0.5661765 0.6029412 0.7352941 0.5735294 0.4558824 0.4852941
0.1851852 0.1259259 0.1925926 0.1629630 0.2222222 0.1925926 0.2740741 0.2888889 0.4 0.4962963 0.4740741
0.3925926 0.4148148 0.4814815 0.4592593 0.4592593 0.4444444 0.4296296 0.4222222 0.437037 0.4592593 0.6222222
0.3629630 0.4 0.4518519 0.4740741 0.4962963 0.4814815 0.6148148 0.6740741 0.6222222 0.5407407 0.6
0.2043796 0.270073 0.270073 0.2554745 0.3211679 0.3138686 0.270073 0.3211679 0.3649635 0.2846715 0.3211679
0.9338235 0.8455882 0.9044118 0.8014706 0.7941176 0.6102941 0.6470588 0.5882353 0.5147059 0.4117647 0.3970588
0.1267606 0.1126761 0.04929577 0.02816901 0.02112676 0.02112676 0.02112676 0.007042254 0.01408451 0.01408451 0.01408451
0.0962963 0.05185185 0.1333333 0.1259259 0.1777778 0.2222222 0.2888889 0.437037 0.5407407 0.5703704 0.5777778
0.4148148 0.4222222 0.4296296 0.5037037 0.4814815 0.5037037 0.2962963 0.3851852 0.3037037 0.3259259 0.2888889
0.2941176 0.2573529 0.2794118 0.3529412 0.3382353 0.3308824 0.3529412 0.3823529 0.3088235 0.3970588 0.3676471
0.8222222 0.925926 0.9407407 0.9111111 0.7703704 0.9555556 0.7333333 0.7111111 0.7185185 0.6148148 0.5407407
0.5185185 0.4444444 0.4888889 0.5259259 0.5259259 0.5111111 0.437037 0.4 0.3629630 0.3333333 0.3185185
0.06666667 0.07407407 0.0962963 0.07407407 0.05185185 0.05185185 0.05185185 0.03703704 0.03703704 0.05185185 0.03703704
0.0962963 0.05185185 0.05185185 0.07407407 0.07407407 0.0962963 0.07407407 0.06666667 0.08148148 0.08888889 0.1111111
0.8529412 0.8235294 0.8161765 0.8235294 0.8161765 0.7720588 0.875 0.8455882 0.9191176 0.8897059 0.9191176
0.6764706 0.6397059 0.6985294 0.6470588 0.7647059 0.6029412 0.6838235 0.6691176 0.6691176 0.7058824 0.8455882
0.4925373 0.380597 0.5447761 0.6641791 0.6567164 0.6865672 0.7089552 0.7835821 0.8955224 0.9552239 0.8283582
0.3098592 0.3873239 0.3802817 0.3732394 0.3239437 0.3732394 0.471831 0.528169 0.5633803 0.5070423 0.528169
0.2846154 0.3538462 0.3307692 0.3846154 0.4076923 0.4846154 0.5230769 0.6230769 0.7230769 0.7153846 0.7538462
0.3615385 0.4 0.3384615 0.3769231 0.4307692 0.4153846 0.4461538 0.3769231 0.3384615 0.3076923 0.2846154
0.8175182 0.6715328 0.7007299 0.6715328 0.6642336 0.5839416 0.5766423 0.7226277 0.7007299 0.7737226 0.7518248
0.02158273 0.02158273 0.02877698 0.02158273 0.03597122 0.03597122 0.02877698 0.02877698 0.03597122 0.02877698 0.04316547
0.1492537 0.2014925 0.2014925 0.2761194 0.3432836 0.3208955 0.3432836 0.4029851 0.5 0.4328358 0.5373134
0.5820896 0.5970149 0.5671642 0.5 0.5373134 0.4179104 0.3507463 0.2388060 0.2462687 0.1641791 0.1716418
0.6923077 0.6923077 0.8 0.7307692 0.8538462 0.7615385 0.8538462 0.8461538 0.823077 0.6923077 0.8076923
0.2554745 0.2919708 0.3284672 0.2846715 0.2846715 0.2554745 0.1751825 0.2846715 0.1605839 0.2189781 0.1751825
0.5147059 0.4705882 0.5 0.4852941 0.5367647 0.5735294 0.5367647 0.4264706 0.4117647 0.3823529 0.375
0.9333333 0.925926 0.9407407 0.9777778 0.9703704 0.9555556 0.8296296 0.8 0.6592593 0.6148148 0.5555556
