0.3161765 0.3455882 0.3602941 0.3161765 0.2867647 0.2794118 0.3088235 0.3382353 0.3088235 0.2867647 0.4338235
0.5109489 0.5912409 0.6277372 0.5620438 0.6569343 0.7080292 0.620438 0.6934307 0.7226277 0.7226277 0.7153285
0.1544118 0.1102941 0.1544118 0.1323529 0.1838235 0.09558824 0.1029412 0.1470588 0.1323529 0.125 0.1691176
0.6842105 0.6766917 0.7443609 0.6766917 0.7894737 0.6466165 0.7067669 0.7368421 0.631579 0.7293233 0.6992481
0.2357143 0.2357143 0.2642857 0.2642857 0.3714286 0.3571429 0.3928571 0.4642857 0.4928571 0.5 0.5
0.04511278 0.01503759 0.01503759 0.007518797 0.007518797 0.02255639 0.01503759 0.01503759 0.02255639 0.02255639 0.01503759
0.6857143 0.6571429 0.6357143 0.6071429 0.6285714 0.55 0.5857143 0.4785714 0.5785714 0.6714286 0.5571429
0.3142857 0.2642857 0.2071429 0.2142857 0.2071429 0.15 0.2142857 0.15 0.1785714 0.1571429 0.1928571
0.7883212 0.7518248 0.729927 0.5766423 0.6642336 0.6715328 0.620438 0.6788321 0.7956204 0.729927 0.7956204
0.882353 0.8602941 0.8235294 0.9191176 0.8161765 0.8161765 0.8602941 0.8529412 0.8602941 0.757353 0.7132353
0.1954887 0.2255639 0.2105263 0.1578947 0.1654135 0.1428571 0.1428571 0.1578947 0.1428571 0.1729323 0.1954887
0.5434783 0.7391304 0.7101449 0.7173913 0.7173913 0.7971014 0.7608696 0.8768116 0.8985507 0.9202899 0.9347826
0.00729927 0.02189781 0.05839416 0.06569343 0.1532847 0.1751825 0.1897810 0.2554745 0.2992701 0.270073 0.3430657
0.762963 0.8592593 0.7259259 0.6962963 0.6592593 0.6148148 0.5851852 0.5851852 0.5333333 0.5037037 0.4814815
0.742647 0.8088235 0.8235294 0.8088235 0.8014706 0.7647059 0.8161765 0.7132353 0.6397059 0.5441176 0.5147059
0.2444444 0.2666667 0.3481481 0.2740741 0.3629630 0.2444444 0.3185185 0.3037037 0.3037037 0.2296296 0.2074074
0.2932331 0.443609 0.3684211 0.3684211 0.3383459 0.5263158 0.6015038 0.6766917 0.7744361 0.81203 0.7443609
0.4222222 0.2592593 0.2222222 0.1555556 0.0962963 0.06666667 0.05925926 0.04444444 0.05185185 0.04444444 0.06666667
0.649635 0.5912409 0.6277372 0.5912409 0.5693431 0.6058394 0.6131387 0.6788321 0.6569343 0.5474453 0.620438
0.8088235 0.8970588 0.882353 0.8897059 0.9485294 0.8897059 0.882353 0.8382353 0.9558824 0.875 0.867647
0.4926471 0.5661765 0.5294118 0.4632353 0.4852941 0.4558824 0.3602941 0.3088235 0.3235294 0.3382353 0.3014706
0.8695652 0.826087 0.8985507 0.8623188 0.768116 0.8333333 0.7391304 0.731884 0.7826087 0.7608696 0.7391304
0.3925926 0.437037 0.4 0.3333333 0.437037 0.3703704 0.4444444 0.5111111 0.437037 0.4888889 0.5925926
0.3161765 0.2867647 0.3602941 0.4485294 0.4191176 0.6838235 0.7279412 0.6911765 0.9117647 0.9705882 0.9191176
0.07518797 0.07518797 0.09022556 0.09022556 0.09774436 0.09774436 0.1052632 0.1428571 0.1353383 0.1804511 0.1879699
0.1629630 0.07407407 0.04444444 0.02222222 0.02222222 0.01481481 0.007407407 0.007407407 0.01481481 0.007407407 0.007407407
0.07352941 0.08088235 0.07352941 0.0882353 0.1323529 0.1323529 0.1691176 0.1691176 0.2205882 0.2794118 0.2941176
0.6617647 0.6911765 0.6617647 0.5441176 0.6029412 0.5661765 0.5367647 0.4632353 0.5294118 0.5367647 0.5147059
0.4160584 0.3503650 0.3649635 0.4160584 0.4014599 0.3868613 0.4744526 0.540146 0.5474453 0.4890511 0.5912409
0.3458647 0.3458647 0.3157895 0.2932331 0.2255639 0.2857143 0.3458647 0.3684211 0.5488722 0.556391 0.6165414
0.5294118 0.4191176 0.6029412 0.5441176 0.5 0.4705882 0.3235294 0.4191176 0.3970588 0.3455882 0.4485294
0.02941176 0.04411765 0.02941176 0.03676471 0.04411765 0.05147059 0.05882353 0.06617647 0.05147059 0.1102941 0.08088235
0.2105263 0.2330827 0.2105263 0.2706767 0.2330827 0.2857143 0.2631579 0.2481203 0.2406015 0.2631579 0.4210526
0.5263158 0.6015038 0.7142857 0.7218045 0.8270677 0.8947368 0.8571429 0.8796992 0.9774436 0.8721805 0.9473684
0.9705882 0.9191176 0.8088235 0.8235294 0.7794118 0.757353 0.6691176 0.5294118 0.5294118 0.5 0.3602941
0.3925926 0.3629630 0.3259259 0.3259259 0.4148148 0.2444444 0.1777778 0.1777778 0.1481481 0.1629630 0.08888889
0.6592593 0.6074074 0.6814815 0.6444444 0.6444444 0.6148148 0.5481481 0.5851852 0.5333333 0.5703704 0.6
0.4518519 0.4222222 0.3259259 0.2444444 0.1111111 0.0962963 0.05925926 0.02962963 0.05925926 0.04444444 0.02222222
0.5338346 0.5112782 0.4135338 0.5338346 0.481203 0.5413534 0.6240602 0.6766917 0.7819549 0.8195489 0.8421053
0.437037 0.4148148 0.4148148 0.4 0.5037037 0.437037 0.4592593 0.6 0.6074074 0.5481481 0.8
0.7259259 0.8296296 0.8518519 0.8296296 0.8518519 0.9703704 0.8148148 0.8666667 0.8296296 0.8666667 0.9111111
0.9774436 0.9097744 0.8721805 0.8045113 0.7669173 0.6917293 0.5413534 0.4511278 0.4360902 0.3759398 0.3533835
0.8550725 0.9057971 0.8985507 0.8623188 0.8695652 0.8043478 0.8043478 0.6666667 0.6521739 0.5434783 0.557971
0.4338235 0.4485294 0.375 0.4485294 0.5073529 0.4779412 0.4558824 0.4485294 0.4705882 0.4338235 0.4264706
0.05882353 0.04411765 0.02205882 0.01470588 0.01470588 0.01470588 0.01470588 0.007352941 0.01470588 0.01470588 0.01470588
0.4485294 0.4411765 0.6838235 0.5220588 0.6102941 0.5661765 0.4926471 0.5073529 0.5514706 0.5441176 0.6544118
0.3458647 0.4661654 0.4661654 0.5338346 0.6992481 0.6766917 0.7368421 0.7969925 0.81203 0.7067669 0.7142857
0.6222222 0.6148148 0.6222222 0.6148148 0.6814815 0.6740741 0.7037037 0.6074074 0.874074 0.7481481 0.962963
0.742647 0.742647 0.7058824 0.7794118 0.6985294 0.6985294 0.6617647 0.7352941 0.6544118 0.6617647 0.6029412
0.4852941 0.5661765 0.5294118 0.4632353 0.5441176 0.625 0.8014706 0.7058824 0.7352941 0.7132353 0.7794118
0.2932331 0.3909774 0.3007519 0.2857143 0.1879699 0.1954887 0.3308271 0.2932331 0.4586466 0.3609023 0.3609023
0.4710145 0.6086957 0.5289855 0.4710145 0.4057971 0.4347826 0.3478261 0.4057971 0.5507246 0.6376812 0.6014493
0.4411765 0.5073529 0.5441176 0.4485294 0.4926471 0.5294118 0.5367647 0.5367647 0.4926471 0.5147059 0.4779412
0.8248175 0.7664234 0.8832117 0.729927 0.8248175 0.7883212 0.9051095 0.9124088 0.919708 0.9416058 0.8321168
0.2647059 0.3088235 0.375 0.3382353 0.4779412 0.4926471 0.5367647 0.5588235 0.8382353 0.6985294 0.7647059
0.2 0.1703704 0.1333333 0.08888889 0.05925926 0.03703704 0.05925926 0.02962963 0.02962963 0.02962963 0.05925926
0.4558824 0.5147059 0.5147059 0.5441176 0.5441176 0.4338235 0.5441176 0.4852941 0.4264706 0.3308824 0.3088235
0.6444444 0.7037037 0.637037 0.6074074 0.6962963 0.6962963 0.7111111 0.7481481 0.7851852 0.6666667 0.6962963
0.8571429 0.8270677 0.8571429 0.7969925 0.8646617 0.7368421 0.7293233 0.7368421 0.7518797 0.7293233 0.6015038
0.5925926 0.5555556 0.7555556 0.7259259 0.6888889 0.7555556 0.8148148 0.874074 0.8666667 0.9111111 0.8962963
0.9473684 0.8947368 0.9398496 0.9323308 0.8646617 0.8195489 0.9473684 0.9699248 0.7819549 0.81203 0.7969925
0.5703704 0.5037037 0.5185185 0.4518519 0.4814815 0.3333333 0.4222222 0.2592593 0.3259259 0.2518519 0.2592593
0.4857143 0.5 0.4428571 0.4571429 0.4142857 0.3714286 0.35 0.35 0.2714286 0.3142857 0.3285714
0.6029412 0.5882353 0.5367647 0.5588235 0.6397059 0.5514706 0.4926471 0.4926471 0.375 0.2426471 0.2352941
0.8666667 0.9037037 0.9037037 0.8814815 0.8444444 0.962963 0.9555556 0.9703704 0.962963 0.9185185 0.8888889
0.08695652 0.1014493 0.07246377 0.0942029 0.07246377 0.0942029 0.0942029 0.1014493 0.1086957 0.1449275 0.1521739
0.5259259 0.5777778 0.5851852 0.5481481 0.6518519 0.637037 0.6740741 0.6888889 0.6666667 0.7407407 0.6740741
0.6222222 0.6296296 0.5851852 0.6592593 0.5925926 0.5481481 0.4740741 0.5333333 0.4074074 0.4148148 0.3925926
0.919708 0.8978102 0.9562044 0.9562044 0.9489051 0.9270073 0.919708 0.9635036 0.9781022 0.9489051 0.890511
0.9558824 0.9632353 0.9852941 0.9338235 0.9191176 0.8455882 0.8088235 0.7352941 0.6470588 0.5955882 0.5367647
0.07352941 0.0882353 0.1617647 0.1470588 0.2205882 0.2720588 0.2573529 0.2941176 0.2867647 0.3529412 0.4632353
0.3857143 0.45 0.3 0.2928571 0.2857143 0.25 0.2785714 0.35 0.25 0.3142857 0.2642857
0.4586466 0.5789474 0.5112782 0.4586466 0.3909774 0.406015 0.3609023 0.3383459 0.3458647 0.2706767 0.2706767
0.2132353 0.1617647 0.3382353 0.2794118 0.3676471 0.3529412 0.4852941 0.4558824 0.5367647 0.625 0.7352941
0.3458647 0.3157895 0.3233083 0.2631579 0.2781955 0.2481203 0.2631579 0.2706767 0.2556391 0.3609023 0.3157895
0.9191176 0.9558824 0.9191176 0.9044118 0.9044118 0.9632353 0.9338235 0.9117647 0.8970588 0.9338235 0.9117647
0.9485294 0.9632353 0.9338235 0.9779412 0.9779412 0.9779412 0.9044118 0.9117647 0.7941176 0.6764706 0.6838235
0.8043478 0.7463768 0.8985507 0.8333333 0.8550725 0.8985507 0.8985507 0.9275362 0.8985507 0.9202899 0.9347826
0.631579 0.5488722 0.5714286 0.7067669 0.556391 0.6165414 0.5037594 0.6090226 0.4736842 0.5338346 0.5338346
0.9172932 0.8045113 0.7744361 0.8270677 0.7293233 0.7744361 0.7518797 0.8270677 0.7894737 0.6992481 0.7067669
0.9191176 0.9117647 0.9044118 0.9558824 0.9411765 0.9705882 1 0.992647 0.9852941 0.9852941 0.9411765
0.1703704 0.1111111 0.1037037 0.1037037 0.07407407 0.05185185 0.02222222 0.02962963 0.02962963 0.04444444 0.02222222
0.8623188 0.8695652 0.942029 0.8623188 0.942029 0.8478261 0.9492754 0.9275362 0.8115942 0.826087 0.826087
0.2296296 0.2074074 0.2666667 0.2444444 0.2444444 0.2666667 0.2888889 0.2148148 0.2148148 0.2296296 0.2962963
0.631579 0.7218045 0.5714286 0.6616541 0.7894737 0.6466165 0.6691729 0.7142857 0.5338346 0.5488722 0.5639098
0.7352941 0.6029412 0.6102941 0.632353 0.5661765 0.5367647 0.5220588 0.4852941 0.5 0.5367647 0.3897059
0.3233083 0.3458647 0.2932331 0.2255639 0.1578947 0.1428571 0.1127820 0.1278195 0.09774436 0.1127820 0.1203008
0.7720588 0.8455882 0.7794118 0.6838235 0.5294118 0.5808824 0.5588235 0.8088235 0.757353 0.8970588 0.6838235
0.3642857 0.4142857 0.4071429 0.3571429 0.3928571 0.4714286 0.4571429 0.5428571 0.5785714 0.6142857 0.6857143
0.2919708 0.3357664 0.3065693 0.2554745 0.2481752 0.2189781 0.2627737 0.2189781 0.2335766 0.2262774 0.1678832
0.4736842 0.4661654 0.3684211 0.3308271 0.1879699 0.1428571 0.1578947 0.1503759 0.1879699 0.1804511 0.1804511
0.9333333 0.837037 0.8444444 0.8814815 0.9111111 0.9777778 0.962963 0.9703704 0.8888889 0.9333333 0.9703704
0.919708 0.9489051 0.9416058 0.9562044 0.9489051 0.9124088 0.8686131 0.7810219 0.7956204 0.7591241 0.6350365
0 0.01428571 0.02142857 0.04285714 0.09285714 0.08571429 0.1142857 0.1214286 0.1071429 0.1071429 0.15
0.270073 0.2408759 0.3649635 0.3576642 0.4890511 0.5547445 0.6423358 0.8613139 0.7956204 0.839416 0.8613139
0.2105263 0.1729323 0.2706767 0.2105263 0.1954887 0.1654135 0.1353383 0.1428571 0.1353383 0.1278195 0.1203008
0.3777778 0.3629630 0.3703704 0.3925926 0.3407407 0.3407407 0.3703704 0.4296296 0.4592593 0.3777778 0.4148148
0.882353 0.8602941 0.882353 0.8602941 0.757353 0.8308824 0.6985294 0.7352941 0.757353 0.7205882 0.6764706
0.7007299 0.6715328 0.729927 0.6934307 0.8248175 0.7518248 0.810219 0.8248175 0.8175182 0.7591241 0.6350365
0.1654135 0.1654135 0.2030075 0.1879699 0.1353383 0.1428571 0.1353383 0.1428571 0.1278195 0.1578947 0.1278195
0.4705882 0.3897059 0.4117647 0.4264706 0.4264706 0.4926471 0.4485294 0.4411765 0.5220588 0.5735294 0.5588235
0.962963 0.9481481 0.9037037 0.9481481 0.9111111 0.962963 0.925926 0.9185185 0.7851852 0.7333333 0.6666667
0.9347826 0.9057971 0.942029 0.9275362 0.942029 0.8985507 0.9492754 0.9855072 0.8695652 0.8405797 0.8768116
0.6090226 0.5488722 0.556391 0.5639098 0.6015038 0.6616541 0.6090226 0.5338346 0.593985 0.6691729 0.6015038
0.6428571 0.6571429 0.6571429 0.6214286 0.6071429 0.55 0.4071429 0.35 0.3285714 0.2714286 0.2785714
0.2408759 0.2408759 0.1751825 0.1240876 0.1313869 0.08029197 0.05109489 0.05839416 0.04379562 0.08029197 0.05109489
0.5407407 0.5555556 0.6296296 0.6444444 0.6296296 0.5481481 0.5481481 0.5185185 0.5481481 0.4888889 0.4888889
0.7753623 0.7391304 0.8985507 0.7391304 0.8695652 0.8405797 0.8623188 0.9275362 0.8985507 0.9130435 0.8985507
0.1851852 0.2148148 0.1629630 0.0962963 0.1259259 0.2 0.1333333 0.08888889 0.1185185 0.08888889 0.08888889
0.742647 0.757353 0.7794118 0.757353 0.7794118 0.742647 0.8455882 0.8529412 0.7058824 0.757353 0.8235294
0.8814815 0.9481481 0.9037037 0.8148148 0.8222222 0.962963 0.9555556 0.9333333 0.9333333 0.9333333 0.9703704
0.2781955 0.3458647 0.3684211 0.3533835 0.3233083 0.3007519 0.4511278 0.5112782 0.5789474 0.5864662 0.5639098
0.8695652 0.9057971 0.942029 0.9275362 0.8115942 0.8043478 0.6376812 0.6014493 0.5434783 0.5144928 0.4710145
0.5220588 0.4411765 0.4338235 0.4191176 0.5441176 0.4705882 0.5 0.4044118 0.4264706 0.3823529 0.4926471
0.7142857 0.7293233 0.6917293 0.7744361 0.8195489 0.7218045 0.7518797 0.8646617 0.6766917 0.8646617 0.7218045
0.3458647 0.3082707 0.3082707 0.2631579 0.2781955 0.2330827 0.2481203 0.2631579 0.2481203 0.3233083 0.2932331
0.06666667 0.0962963 0.08888889 0.1185185 0.1333333 0.1481481 0.1703704 0.2222222 0.2148148 0.2444444 0.3407407
0.6616541 0.5338346 0.5112782 0.5037594 0.4887218 0.4736842 0.443609 0.3909774 0.3684211 0.4285714 0.4210526
0.4428571 0.4571429 0.4214286 0.4214286 0.4142857 0.4928571 0.3714286 0.3571429 0.4285714 0.5 0.5857143
0.5220588 0.5220588 0.4264706 0.5661765 0.5661765 0.4705882 0.5147059 0.5147059 0.5073529 0.5514706 0.5
0.3759398 0.3909774 0.3609023 0.406015 0.4285714 0.3458647 0.3308271 0.2932331 0.3157895 0.4285714 0.406015
0.7142857 0.7819549 0.7443609 0.7293233 0.81203 0.7669173 0.7819549 0.7744361 0.7593985 0.8045113 0.7744361
0.1691176 0.1323529 0.1102941 0.1029412 0.09558824 0.06617647 0.06617647 0.05147059 0.02941176 0.05147059 0.07352941
0.9774436 0.9548872 0.9323308 0.9473684 0.9774436 0.9548872 0.9699248 0.9172932 0.9473684 0.887218 0.9473684
0.2481203 0.3308271 0.2932331 0.2631579 0.2406015 0.2781955 0.3609023 0.4511278 0.6240602 0.6015038 0.6616541
0.6102941 0.6029412 0.6029412 0.625 0.6102941 0.6617647 0.6544118 0.617647 0.7058824 0.6397059 0.632353
0.7259259 0.5555556 0.6296296 0.7037037 0.6666667 0.637037 0.5851852 0.4962963 0.5185185 0.4 0.4
0.6 0.6148148 0.5407407 0.5777778 0.6 0.4888889 0.4888889 0.3481481 0.3851852 0.2666667 0.3333333
0.6102941 0.757353 0.6985294 0.7941176 0.757353 0.8235294 0.9558824 0.8970588 0.9779412 0.8897059 0.9117647
0.1691176 0.1470588 0.1397059 0.1470588 0.1838235 0.1397059 0.1764706 0.1838235 0.1764706 0.2132353 0.1911765
0.2335766 0.270073 0.2773723 0.3357664 0.3138686 0.3503650 0.4160584 0.3941606 0.6642336 0.6788321 0.649635
0.6240602 0.5789474 0.6015038 0.7218045 0.7142857 0.6390977 0.5488722 0.556391 0.5112782 0.5037594 0.4210526
0.3382353 0.3676471 0.3897059 0.3455882 0.375 0.3455882 0.3676471 0.2352941 0.2132353 0.1985294 0.1985294
0.7142857 0.4962406 0.7218045 0.7067669 0.6766917 0.6165414 0.5789474 0.5639098 0.5413534 0.5263158 0.518797
0.8235294 0.8602941 0.7794118 0.7720588 0.8382353 0.882353 0.8970588 0.8529412 0.8014706 0.7279412 0.7794118
0.02941176 0.02941176 0 0.007352941 0 0 0 0 0 0 0
0.4148148 0.4814815 0.5333333 0.3407407 0.3629630 0.3333333 0.4148148 0.4074074 0.3851852 0.3629630 0.4592593
0.2105263 0.4360902 0.4360902 0.4360902 0.4360902 0.5263158 0.556391 0.4736842 0.5037594 0.4135338 0.4887218
0.6571429 0.6571429 0.6642857 0.5714286 0.6285714 0.55 0.5 0.5357143 0.5285714 0.4857143 0.6357143
0.1323529 0.1176471 0.1911765 0.1764706 0.2132353 0.2647059 0.2720588 0.2647059 0.3823529 0.4338235 0.4632353
0.2932331 0.3684211 0.3684211 0.4135338 0.3909774 0.4962406 0.6616541 0.7067669 0.887218 0.849624 0.9022556
0.5294118 0.5073529 0.4632353 0.625 0.4926471 0.617647 0.6764706 0.7941176 0.7647059 0.8014706 0.9264706
0.3925926 0.4888889 0.4296296 0.4740741 0.5925926 0.5851852 0.6222222 0.5185185 0.6074074 0.637037 0.6592593
0.2714286 0.3214286 0.3071429 0.3714286 0.35 0.3642857 0.3928571 0.6214286 0.6142857 0.6142857 0.6714286
0.09558824 0.05882353 0.0882353 0.0882353 0.1176471 0.1102941 0.1617647 0.09558824 0.1617647 0.1764706 0.2058824
0.08695652 0.1014493 0.1449275 0.1956522 0.2101449 0.2898551 0.2898551 0.2898551 0.2826087 0.2753623 0.2536232
0.9347826 0.9057971 0.8985507 0.9637681 0.942029 0.9130435 0.8985507 0.8913043 0.8188406 0.7463768 0.8550725
0.4852941 0.5220588 0.5514706 0.4705882 0.5882353 0.5955882 0.6617647 0.6911765 0.6470588 0.6764706 0.7867647
0.1159420 0.1304348 0.1594203 0.1594203 0.2246377 0.2898551 0.3115942 0.3768116 0.3985507 0.3985507 0.3623188
0.5912409 0.5255474 0.5328467 0.5547445 0.4014599 0.459854 0.2919708 0.2627737 0.1678832 0.2189781 0.1678832
0.5481481 0.4888889 0.5111111 0.4888889 0.5111111 0.5481481 0.5481481 0.6888889 0.5481481 0.5259259 0.5407407
