0.7983193 0.9327731
0.2032520 0.1788618
0.6747967 0.8211382
0.8110236 0.7165354
0.064 0.096
0.8306452 0.8145161
0.4032258 0.3548387
0.5206612 0.3966942
0.6637931 0.637931
0.6495726 0.5897436
0.2032520 0.2439024
0.4227642 0.4390244
0.8974359 0.7521368
0.4166667 0.5
0.1935484 0.2419355
0.05 0.1083333
0.56 0.616
0.785124 0.8099174
0.6910569 0.6829268
0.7155172 0.7586207
0.5772358 0.5772358
0.175 0.2583333
0.8534483 0.8275862
0.04310345 0.06034483
0.1282051 0.1709402
0.1900826 0.2066116
0.4796748 0.4390244
0.446281 0.4710744
0 0
0.5691057 0.495935
0.112 0.16
0.4715447 0.5609756
0.3064516 0.2580645
0.5811966 0.6752137
0.7333333 0.7416667
0.4957265 0.4871795
0.08130081 0.0894309
0.5609756 0.5528455
0.0483871 0.0967742
0.7419355 0.6451613
0.9 0.7916667
0.2 0.192
0.302521 0.2016807
0.8016529 0.7520661
0.08264463 0.08264463
0.4715447 0.4390244
0.8534483 0.8189655
0.01680672 0.008403361
0.9159664 0.9327731
0.9159664 0.9327731
0.7606838 0.7179487
0.5299145 0.5641026
0.5528455 0.4146341
0.04032258 0.04032258
0 0
0.1344538 0.1512605
0.6220472 0.5905512
0.2155172 0.2068966
0.1056911 0.08130081
0.9186992 0.7073171
0.5833333 0.6083333
0.4876033 0.3305785
0.816 0.8
0.45 0.4666667
0.8974359 0.8376068
0.2809917 0.2066116
0.1983471 0.1404959
0.3333333 0.2820513
0.7155172 0.7586207
0.3166667 0.375
0.5669291 0.5590551
0.8275862 0.775862
0.4 0.4166667
0.8275862 0.8275862
0.9055118 0.8031496
0.9055118 0.8110236
0.4112903 0.3870968
0.6299213 0.8110236
0.8655462 0.7394958
0.08130081 0.08130081
0.7438017 0.7272727
0.8017241 0.775862
0.08333333 0.125
0.5447154 0.5528455
0.1935484 0.2419355
0.4482759 0.3103448
0.8487395 0.8403361
0.5775862 0.5172414
0.424 0.408
0.302521 0.4537815
0.7479675 0.7154472
0.5603448 0.5775862
0.4871795 0.5299145
0.096 0.064
0.4444444 0.4871795
0.8181818 0.9008264
0.08333333 0.04166667
0.2016807 0.2773109
0.785124 0.7520661
0.3464567 0.3779528
0.3083333 0.4166667
0.3089431 0.2601626
0.4112903 0.3790323
0.8275862 0.8275862
0.2096774 0.25
0.8974359 0.8376068
0.872 0.872
0.9159664 0.9327731
0.3166667 0.3
0.06666667 0.04166667
0.01626016 0.02439024
0.9159664 0.9327731
0.1680672 0.1932773
0.3706897 0.3189655
0.1111111 0.0940171
0.3445378 0.5042017
0.3613445 0.3445378
0.5172414 0.4482759
0.5867769 0.5702479
0.1138211 0.1544715
0.6410256 0.5641026
0.3275862 0.3275862
0.446281 0.3057851
0.6153846 0.5555556
0.68 0.616
0.3076923 0.3247863
0.8119658 0.8376068
0.8455285 0.8211382
0.9055118 0.7480315
0.1896552 0.09482759
0.9310345 0.9051724
0.05042017 0.04201681
0.8455285 0.8211382
0.6747967 0.8211382
0.68 0.616
