0.7844828 0.6724138
0.2 0.232
0.7903226 0.7580645
0.6034483 0.6034483
0.1260504 0.1764706
0.9495798 0.8655462
0.362069 0.3793103
0.1452991 0.1025641
0.5491803 0.5983607
0.7903226 0.8790323
0.1209677 0.1935484
0.5867769 0.5371901
0.736 0.768
0.5689655 0.6465517
0.2622951 0.2049180
0.01709402 0.008547009
0.4705882 0.5966387
0.7603306 0.8429752
0.6639344 0.6393443
0.3145161 0.3387097
0.5354331 0.5669291
0.475 0.4916667
0.8974359 0.91453
0.2586207 0.25
0.325 0.375
0.1147541 0.1475410
0.3362069 0.3103448
0.6333333 0.6416667
0 0
0.1896552 0.1551724
0.3467742 0.3951613
0.5603448 0.6293103
0.03418803 0.03418803
0.6068376 0.6923077
0.7258065 0.75
0.5275591 0.5669291
0.008547009 0.008547009
0.1818182 0.2231405
0.08661417 0.1181102
0.7413793 0.8706897
0.7815126 0.7983193
0.3471074 0.2727273
0.5689655 0.3965517
0.6637931 0.637931
0.1008403 0.1344538
0.48 0.48
0.8655462 0.8067227
0.325 0.3666667
0.9274194 0.9354839
0.965812 0.91453
0.4354839 0.4112903
0.4354839 0.4516129
0.5826772 0.5354331
0.08403361 0.08403361
0.2148760 0.1652893
0.4017094 0.3504274
0.712 0.672
0.1932773 0.2100840
0.09448819 0.08661417
0.816 0.888
0.728 0.68
0.4273504 0.3247863
0.7795276 0.8976378
0.4958678 0.5785124
0.8974359 0.91453
0.3360656 0.4098361
0.35 0.2666667
0.3442623 0.4016393
0.9008264 0.8429752
0.2016129 0.2177419
0.4214876 0.3553719
0.875 0.8
0.7580645 0.7096774
0.7844828 0.7672414
0.7327586 0.6982759
0.816 0.888
0.4545455 0.4297521
0.8974359 0.8461538
0.5983607 0.647541
0.2741935 0.1774194
0.8166667 0.875
0.6299213 0.6062992
0.05645161 0.05645161
0.07377049 0.1475410
0.1379310 0.1206897
0.5641026 0.5470085
0.882353 0.8655462
0.475 0.4166667
0.448 0.384
0.475 0.5
0.8571429 0.8067227
0.7583333 0.6833333
0.7583333 0.6833333
0.1209677 0.08870968
0.5819672 0.5901639
0.7844828 0.7586207
0.2049180 0.2377049
0.2580645 0.3387097
0.7155172 0.7672414
0.3688525 0.3442623
0.08264463 0.09917355
0.3196721 0.4098361
0.5882353 0.4789916
0.5299145 0.5726496
0.2644628 0.2727273
0.9274194 0.9354839
0.8974359 0.91453
0.9016393 0.8770492
0.3362069 0.3448276
0.0775862 0.04310345
0.03225806 0.0483871
0.864 0.888
0.1416667 0.1416667
0.4596774 0.516129
0.2307692 0.2735043
0.5042735 0.6495726
0.2307692 0.2222222
0.2758621 0.3275862
0.7058824 0.6218487
0.1290323 0.1774194
0.6612903 0.733871
0.2148760 0.2314050
0.512605 0.4117647
0.6495726 0.6495726
0.9008264 0.8429752
0.368 0.384
0.9274194 0.9354839
0.875 0.875
0.7480315 0.6299213
0.2583333 0.2416667
0.9008264 0.8429752
0.1848739 0.1260504
0.8467742 0.8629032
0.9495798 0.8655462
0.5666667 0.6083333
