0.018 0.014
0.058 0.046
0.002 0
0.018 0.014
0.252 0.202
0 0
0.128 0.084
0.194 0.24
0.06 0.048
0.024 0.01
0.162 0.14
0.094 0.14
0.012 0.02
0.018 0.026
0.264 0.244
0.322 0.292
0.082 0.046
0.016 0.008
0.042 0.028
0.098 0.112
0.06 0.06
0.138 0.13
0.012 0.004
0.378 0.388
0.29 0.21
0.122 0.112
0.096 0.108
0.056 0.056
0.518 0.528
0.134 0.162
0.354 0.356
0.046 0.018
0.27 0.268
0.026 0.018
0.016 0.016
0.014 0.022
0.144 0.15
0.216 0.234
0.25 0.272
0.016 0.012
0.016 0.018
0.156 0.148
0.154 0.178
0.014 0.01
0.386 0.424
0.038 0.046
0.028 0.012
0.374 0.402
0.008 0
0.012 0.01
0.02 0.032
0.054 0.052
0.018 0.034
0.4 0.458
0.368 0.414
0.086 0.116
0.014 0.022
0.124 0.11
0.236 0.26
0.008 0.012
0.036 0.022
0.012 0.014
0.014 0.012
0.068 0.052
0 0
0.138 0.212
0.16 0.17
0.142 0.15
0.006 0.018
0.174 0.146
0.082 0.06
0.02 0.014
0.066 0.06
0.01 0.004
0.016 0.016
0.006 0.004
0.004 0.008
0.034 0.032
0.014 0.016
0.068 0.066
0.024 0.008
0.018 0.012
0.186 0.184
0.302 0.236
0.136 0.128
0.128 0.106
0.004 0.002
0.152 0.136
0.016 0.026
0.19 0.146
0.002 0
0.074 0.064
0.058 0.066
0.156 0.176
0.116 0.082
0.002 0.004
0.446 0.438
0.174 0.184
0.026 0.024
0.02 0.012
0.164 0.162
0.144 0.142
0.032 0.028
0.034 0.04
0.104 0.076
0.006 0.002
0.01 0.002
0.002 0.002
0.134 0.1
0.482 0.494
0.414 0.414
0.002 0.002
0.354 0.352
0.12 0.106
0.444 0.39
0.152 0.118
0.16 0.168
0.08 0.068
0.05 0.046
0.296 0.282
0.002 0.006
0.224 0.196
0.008 0.006
0.024 0.026
0.016 0.01
0.13 0.112
0.002 0.004
0.004 0.004
0.028 0.036
0.164 0.184
0.006 0
0.268 0.35
0 0.002
0.024 0.006
0.012 0.008
