0.8319328 0.8235294
0.3303571 0.4107143
0.8 0.848
0.824 0.792
0.184 0.16
0.9083333 0.8666667
0.338843 0.4297521
0.3223140 0.2561983
0.5634921 0.547619
0.7886179 0.7642276
0.1735537 0.2396694
0.744 0.672
0.84 0.792
0.5714286 0.6160714
0.2352941 0.1764706
0.25 0.2833333
0.5166667 0.625
0.7073171 0.8373984
0.7731092 0.6722689
0.4583333 0.35
0.5206612 0.4793388
0.3666667 0.4166667
0.789916 0.815126
0.1916667 0.1
0.1512605 0.1680672
0.144 0.224
0.5166667 0.4833333
0.5416667 0.5416667
0 0
0.4375 0.4107143
0.1160714 0.1071429
0.3658537 0.4796748
0.04464286 0.008928571
0.792 0.776
0.5982143 0.5892857
0.6160714 0.6517857
0.008 0.024
0.125 0.1517857
0.1349206 0.2063492
0.896 0.808
0.8016529 0.7520661
0.2352941 0.1764706
0.3865546 0.3613445
0.789916 0.7478992
0.04 0.032
0.5238095 0.547619
0.8125 0.7232143
0.1056911 0.09756098
0.896 0.808
0.896 0.808
0.677686 0.6942149
0.432 0.432
0.7142857 0.6218487
0.01652893 0.01652893
0.09243697 0.1008403
0.5446429 0.4196429
0.4821429 0.4910714
0.2809917 0.3884298
0.168 0.128
0.8571429 0.8319328
0.44 0.568
0.424 0.368
0.8181818 0.8677686
0.4201681 0.5798319
0.896 0.808
0.5798319 0.487395
0.288 0.264
0.2833333 0.2666667
0.888 0.808
0.1875 0.1875
0.5378151 0.5630252
0.8739496 0.907563
0.5041322 0.4545455
0.8333333 0.7857143
0.789916 0.815126
0.8016529 0.8677686
0.4 0.488
0.6916667 0.8166667
0.8666667 0.8166667
0.1983471 0.1900826
0.592 0.584
0.688 0.72
0.01626016 0.02439024
0.1056911 0.09756098
0.1951220 0.1788618
0.3809524 0.3571429
0.815126 0.8235294
0.4308943 0.5447154
0.4642857 0.3035714
0.2764228 0.3252033
0.8 0.848
0.6218487 0.6386555
0.592 0.672
0.1300813 0.1382114
0.3416667 0.5
0.9243697 0.9243697
0.1300813 0.1463415
0.264 0.224
0.5714286 0.5238095
0.4537815 0.4285714
0.144 0.2
0.2857143 0.3095238
0.7226891 0.6470588
0.6785714 0.7232143
0.3865546 0.3613445
0.9243697 0.8403361
0.8655462 0.9243697
0.9196429 0.9196429
0.4537815 0.3697479
0.02678571 0.008928571
0.225 0.1416667
0.9196429 0.9196429
0.4821429 0.4107143
0.4214876 0.4132231
0.04065041 0.03252033
0.512605 0.5294118
0.394958 0.3865546
0.4642857 0.4553571
0.5714286 0.5238095
0.144 0.144
0.8319328 0.7310924
0.2539683 0.1984127
0.4876033 0.3966942
0.776 0.736
0.5714286 0.4553571
0.2352941 0.1764706
0.8571429 0.9243697
0.9196429 0.9196429
0.4642857 0.4285714
0.1964286 0.1428571
0.8666667 0.8666667
0.1344538 0.08403361
0.776 0.888
0.7647059 0.7310924
0.5666667 0.5416667
