0.006 0.008
0.292 0.278
0.016 0.012
0.018 0.02
0.298 0.256
0 0
0.228 0.16
0.09 0.088
0.034 0.018
0.008 0.006
0.24 0.222
0.096 0.082
0.002 0.004
0.048 0.024
0.216 0.162
0.298 0.318
0.042 0.01
0.006 0.004
0.042 0.044
0.03 0.03
0.054 0.034
0.054 0.048
0 0.002
0.336 0.35
0.066 0.04
0.072 0.05
0.078 0.096
0.028 0.028
0.698 0.718
0.152 0.152
0.112 0.1
0.104 0.094
0.154 0.2
0.036 0.034
0.038 0.054
0.01 0.01
0.444 0.472
0.192 0.128
0.32 0.236
0.028 0.022
0.01 0.012
0.208 0.212
0.042 0.032
0.014 0.016
0.278 0.354
0.062 0.108
0.012 0.004
0.096 0.09
0 0
0.002 0.002
0.03 0.062
0.054 0.054
0.012 0.018
0.224 0.232
0.124 0.124
0.154 0.14
0.024 0.026
0.238 0.238
0.086 0.056
0.006 0.01
0.022 0.038
0.06 0.062
0.01 0.014
0.124 0.096
0.002 0.002
0.046 0.03
0.264 0.24
0.098 0.086
0.008 0
0.198 0.166
0.078 0.066
0 0.004
0.064 0.056
0.016 0.01
0.004 0.008
0.002 0
0.1 0.104
0.03 0.02
0.022 0.032
0.27 0.266
0.014 0.014
0.038 0.03
0.298 0.3
0.39 0.41
0.116 0.11
0.1 0.068
0.004 0
0.064 0.05
0.1 0.11
0.042 0.036
0.006 0.006
0.05 0.042
0.048 0.058
0.15 0.134
0.024 0.024
0.008 0.006
0.328 0.422
0.102 0.062
0.06 0.032
0.084 0.098
0.068 0.066
0.172 0.192
0.028 0.038
0.044 0.03
0.12 0.114
0 0
0.01 0
0 0
0.098 0.112
0.468 0.496
0.308 0.262
0.004 0
0.254 0.242
0.088 0.088
0.366 0.4
0.09 0.062
0.174 0.192
0.178 0.176
0.006 0.018
0.21 0.206
0.048 0.028
0.198 0.202
0.022 0.004
0.046 0.054
0 0.004
0.166 0.176
0.002 0
0.002 0.002
0.012 0.022
0.216 0.206
0.006 0
0.324 0.334
0.008 0.002
0.028 0.014
0.052 0.044
