0.006 0.006
0.13 0.134
0.016 0.02
0.018 0.01
0.41 0.392
0.002 0.002
0.104 0.064
0.138 0.132
0.058 0.05
0.016 0.006
0.202 0.204
0.052 0.058
0.012 0.01
0.076 0.056
0.102 0.088
0.316 0.328
0.028 0.018
0.02 0.006
0.02 0.022
0.034 0.044
0.04 0.056
0.036 0.032
0.002 0.002
0.406 0.43
0.098 0.084
0.116 0.114
0.1 0.166
0.044 0.016
0.738 0.732
0.038 0.06
0.292 0.25
0.114 0.104
0.21 0.248
0.04 0.018
0.022 0.018
0.036 0.044
0.428 0.394
0.24 0.198
0.266 0.304
0.024 0.018
0.01 0.002
0.252 0.252
0.026 0.04
0.024 0.02
0.254 0.3
0.108 0.158
0.024 0.016
0.078 0.062
0.004 0.002
0 0.002
0.038 0.05
0.066 0.04
0.052 0.058
0.136 0.114
0.356 0.366
0.204 0.236
0.062 0.076
0.106 0.138
0.322 0.368
0.014 0.014
0.018 0.024
0.078 0.094
0.008 0.004
0.098 0.064
0 0
0.15 0.17
0.068 0.068
0.124 0.09
0.014 0.004
0.226 0.208
0.04 0.048
0.004 0.006
0.026 0.032
0.006 0.008
0.038 0.032
0.004 0.002
0.054 0.044
0.02 0.008
0.01 0.016
0.186 0.184
0.016 0.028
0.034 0.028
0.332 0.282
0.138 0.128
0.106 0.07
0.104 0.124
0.002 0
0.032 0.02
0.1 0.112
0.164 0.154
0.008 0.014
0.038 0.022
0.012 0.004
0.3 0.354
0.092 0.066
0.004 0.004
0.286 0.304
0.148 0.124
0.014 0.012
0.086 0.096
0.128 0.094
0.086 0.066
0.014 0.008
0.038 0.04
0.126 0.108
0 0.006
0 0.002
0 0
0.126 0.138
0.372 0.374
0.396 0.388
0 0.002
0.112 0.15
0.11 0.112
0.382 0.35
0.07 0.078
0.048 0.046
0.23 0.258
0.058 0.04
0.276 0.278
0.01 0.006
0.218 0.234
0.128 0.094
0.022 0.022
0.016 0.01
0.256 0.224
0.006 0.006
0.002 0
0.012 0.01
0.194 0.25
0.002 0
0.3 0.314
0.006 0.008
0.022 0.014
0.022 0.012
