0.815126 0.7478992
0.2627119 0.2288136
0.9338843 0.8595041
0.8306452 0.8306452
0.1875 0.2767857
0.8306452 0.9032258
0.3225806 0.3790323
0.338843 0.2975207
0.5483871 0.6774194
0.7394958 0.7563025
0.1707317 0.1788618
0.4715447 0.4878049
0.804878 0.7560976
0.5853659 0.5934959
0.2283465 0.2519685
0.1517857 0.1785714
0.516129 0.6048387
0.7542373 0.7966102
0.7321429 0.7410714
0.3636364 0.2975207
0.5564516 0.6451613
0.2767857 0.2946429
0.8595041 0.8842975
0.3223140 0.2727273
0.2542373 0.2542373
0.2881356 0.3220339
0.4322034 0.3728814
0.7589286 0.7410714
0 0
0.25 0.2767857
0.1290323 0.1209677
0.4285714 0.5446429
0.07086614 0.06299213
0.7142857 0.6470588
0.7394958 0.6806723
0.6033058 0.661157
0.01626016 0.01626016
0.1875 0.1428571
0.1190476 0.1349206
0.7235772 0.7560976
0.9055118 0.7874016
0.2661290 0.1935484
0.3644068 0.3135593
0.8677686 0.6859504
0.03937008 0.02362205
0.4715447 0.4634146
0.7258065 0.7419355
0.03305785 0.02479339
0.8660714 0.8214286
0.8660714 0.8214286
0.4958678 0.4380165
0.3801653 0.3719008
0.6190476 0.5555556
0.03389831 0.02542373
0.2561983 0.2561983
0.3801653 0.3801653
0.6859504 0.6363636
0.2063492 0.2380952
0.1101695 0.05932203
0.8968254 0.8015873
0.4642857 0.5267857
0.5371901 0.4380165
0.7372881 0.7966102
0.4876033 0.5371901
0.907563 0.8403361
0.7768595 0.6115702
0.338843 0.3140496
0.3779528 0.4173228
0.8595041 0.8347107
0.3613445 0.3193277
0.5 0.5079365
0.907563 0.8403361
0.6585366 0.5447154
0.766129 0.8145161
0.8125 0.75
0.782258 0.8387097
0.3577236 0.3902439
0.8050847 0.8050847
0.7457627 0.7372881
0.4453782 0.3697479
0.6048387 0.7258065
0.6209677 0.6612903
0.02479339 0.02479339
0.03937008 0.07086614
0.1190476 0.1269841
0.3839286 0.4821429
0.8387097 0.9112903
0.4274194 0.5403226
0.5294118 0.4537815
0.1463415 0.2520325
0.8125 0.8214286
0.4745763 0.5169492
0.6269841 0.5873016
0.2396694 0.1735537
0.4152542 0.4915254
0.7410714 0.8214286
0.03361345 0.05882353
0.3193277 0.2689076
0.6585366 0.6341463
0.4677419 0.483871
0.1092437 0.1260504
0.3050847 0.2966102
0.5483871 0.5403226
0.785124 0.7190083
0.4107143 0.375
0.8644068 0.8728814
0.9055118 0.8740157
0.9338843 0.8595041
0.2913386 0.2598425
0.1092437 0.09243697
0.02479339 0.02479339
0.9338843 0.8595041
0.1239669 0.09917355
0.3193277 0.4285714
0.08064516 0.1451613
0.3801653 0.446281
0.3928571 0.3660714
0.3389831 0.3389831
0.5887097 0.6209677
0.0661157 0.1157025
0.8125 0.75
0.3225806 0.2822581
0.5365854 0.4634146
0.7321429 0.7232143
0.8050847 0.7372881
0.2053571 0.1785714
0.9193548 0.9032258
0.9008264 0.8842975
0.8303571 0.6428571
0.2521008 0.2352941
0.9193548 0.9032258
0.09243697 0.09243697
0.8968254 0.8492063
0.6696429 0.6071429
0.4464286 0.5357143
