0.016 0.01
0.246 0.248
0.02 0.01
0.016 0.006
0.226 0.246
0 0
0.084 0.07
0.268 0.276
0.042 0.04
0.028 0.016
0.132 0.108
0.114 0.094
0.008 0.012
0.092 0.078
0.15 0.106
0.312 0.33
0.07 0.046
0.018 0.006
0.05 0.056
0.016 0.024
0.05 0.05
0.064 0.04
0.008 0.006
0.348 0.372
0.274 0.208
0.172 0.164
0.13 0.14
0.012 0.018
0.454 0.528
0.136 0.12
0.272 0.282
0.066 0.072
0.116 0.11
0.012 0.008
0.014 0.008
0.044 0.028
0.418 0.474
0.222 0.228
0.386 0.374
0.026 0.03
0.008 0.012
0.144 0.152
0.108 0.142
0.024 0.018
0.294 0.304
0.028 0.026
0.008 0.004
0.23 0.266
0.002 0
0.002 0.002
0.042 0.036
0.04 0.022
0.034 0.026
0.238 0.204
0.362 0.41
0.148 0.184
0.054 0.03
0.34 0.286
0.232 0.298
0.014 0.012
0.042 0.044
0.058 0.048
0.004 0.006
0.078 0.058
0 0
0.23 0.286
0.146 0.178
0.09 0.098
0.008 0.014
0.112 0.108
0.102 0.1
0.008 0.002
0.03 0.06
0.014 0.002
0.018 0.014
0.008 0.008
0.048 0.1
0.016 0.014
0.014 0.028
0.284 0.278
0.028 0.042
0.04 0.05
0.474 0.438
0.168 0.114
0.246 0.268
0.052 0.058
0.008 0.01
0.118 0.128
0.034 0.04
0.196 0.118
0.01 0.002
0.1 0.082
0.016 0.022
0.272 0.292
0.206 0.132
0 0.01
0.54 0.576
0.19 0.146
0.04 0.036
0.168 0.128
0.158 0.116
0.178 0.144
0.042 0.032
0.02 0.036
0.118 0.122
0.002 0
0 0
0 0.004
0.116 0.118
0.296 0.314
0.594 0.526
0.004 0.004
0.16 0.128
0.148 0.154
0.418 0.422
0.104 0.114
0.25 0.298
0.176 0.142
0.01 0.01
0.174 0.15
0.018 0.018
0.104 0.12
0.066 0.078
0.034 0.048
0.026 0.028
0.268 0.238
0.01 0.008
0.004 0.002
0.036 0.032
0.14 0.144
0.002 0.004
0.504 0.57
0 0
0.018 0.014
0.022 0.028
