0.8264463 0.6942149
0.4453125 0.34375
0.7377049 0.7786885
0.7540984 0.7868852
0.03333333 0.05
0.9396552 0.8965517
0.4098361 0.3442623
0.203125 0.203125
0.6810345 0.5689655
0.785124 0.7603306
0.3652174 0.4173913
0.6 0.6086957
0.7217391 0.6695652
0.4793388 0.5371901
0.53125 0.609375
0.1217391 0.09565217
0.5409836 0.5245902
0.8869565 0.8782609
0.6557377 0.6721311
0.4568966 0.4051724
0.5517241 0.5775862
0.3043478 0.3652174
0.724138 0.7413793
0.03278689 0.02459016
0.3706897 0.4310345
0.2586207 0.3275862
0.4173228 0.519685
0.59375 0.5
0 0
0.2677165 0.3070866
0.2131148 0.1721311
0.5130435 0.5130435
0.25 0.2413793
0.6982759 0.6637931
0.6229508 0.6393443
0.5391304 0.5217391
0.09016393 0.03278689
0.3636364 0.4132231
0.01666667 0.01666667
0.7295082 0.7131148
0.852459 0.8442623
0.1913043 0.1826087
0.3278689 0.2622951
0.6033058 0.6528926
0.2479339 0.1983471
0.4016393 0.3934426
0.8 0.7913043
0.1157025 0.1074380
0.8362069 0.9224138
0.8515625 0.90625
0.5826772 0.6456693
0.4741379 0.5
0.5916667 0.5083333
0.375 0.3416667
0.075 0.08333333
0.2377049 0.1557377
0.5603448 0.4224138
0.1229508 0.1721311
0.2677165 0.2913386
0.862069 0.8362069
0.5619835 0.6528926
0.5862069 0.5689655
0.796875 0.7890625
0.6833333 0.5916667
0.9396552 0.8965517
0.2608696 0.2521739
0.15625 0.09375
0.4094488 0.3385827
0.7672414 0.6982759
0.2109375 0.2578125
0.4545455 0.4628099
0.8606557 0.852459
0.6206897 0.5603448
0.8362069 0.8017241
0.7421875 0.671875
0.773913 0.8782609
0.4098361 0.3442623
0.6171875 0.7265625
0.7130435 0.6695652
0.1120690 0.1810345
0.773913 0.8173913
0.475 0.5
0.1574803 0.1811024
0.01666667 0.03333333
0.3305785 0.3140496
0.375 0.4083333
0.8869565 0.8782609
0.6724138 0.6465517
0.2916667 0.3333333
0.3448276 0.4224138
0.862069 0.8965517
0.5081967 0.5819672
0.5603448 0.612069
0.475 0.5
0.5409836 0.557377
0.773913 0.7304348
0.02362205 0.007874016
0.1639344 0.2213115
0.6393443 0.7131148
0.3828125 0.359375
0.2521739 0.2782609
0.296875 0.3359375
0.5 0.5
0.7931034 0.75
0.2782609 0.2869565
0.9051724 0.9224138
0.8842975 0.8512397
0.8916667 0.8916667
0.225 0.2166667
0.1803279 0.1475410
0.01652893 0.008264463
0.9396552 0.8965517
0.046875 0.0390625
0.3442623 0.3278689
0.03333333 0.03333333
0.5517241 0.4827586
0.387931 0.3448276
0.2672414 0.3017241
0.5702479 0.4214876
0.1417323 0.1338583
0.8278689 0.852459
0.1393443 0.1147541
0.6724138 0.8017241
0.7586207 0.724138
0.9396552 0.775862
0.1652893 0.1983471
0.8770492 0.8360656
0.8916667 0.8916667
0.724138 0.9224138
0.1913043 0.1913043
0.9396552 0.8965517
0.03125 0.0546875
0.8869565 0.8782609
0.9396552 0.8965517
0.5603448 0.6034483
