0.8739496 0.7563025
0.1 0.125
0.8728814 0.898305
0.856 0.824
0.1269841 0.1111111
0.8174603 0.8015873
0.4919355 0.4596774
0.3217391 0.3304348
0.704 0.656
0.6370968 0.7580645
0.1739130 0.2521739
0.9083333 0.6916667
0.8728814 0.898305
0.6666667 0.6341463
0.1935484 0.2983871
0.1825397 0.2301587
0.5462185 0.5966387
0.776 0.824
0.5762712 0.5762712
0.4758065 0.4274194
0.3223140 0.3966942
0.3277311 0.3697479
0.796748 0.8455285
0.1056911 0.0894309
0.1774194 0.2016129
0.2396694 0.1818182
0.1666667 0.2
0.6134454 0.605042
0.01612903 0
0.336 0.304
0.1739130 0.1304348
0.6825397 0.5873016
0.09322034 0.05932203
0.7731092 0.7815126
0.525 0.5416667
0.6779661 0.6779661
0.01739130 0.008695652
0.1694915 0.2627119
0.1507937 0.1111111
0.7107438 0.677686
0.776 0.904
0.4390244 0.3414634
0.2869565 0.3043478
0.525 0.5583333
0.08064516 0.08064516
0.4047619 0.3809524
0.766129 0.75
0.05833333 0.05833333
0.9043478 0.8695652
0.9067797 0.898305
0.5882353 0.5966387
0.5166667 0.5166667
0.7130435 0.626087
0.01626016 0.01626016
0.3966942 0.3471074
0.2869565 0.3913043
0.4830508 0.4830508
0.1869919 0.2520325
0.03174603 0.03968254
0.7542373 0.838983
0.6333333 0.6083333
0.5403226 0.4596774
0.776 0.72
0.3916667 0.4
0.9274194 0.8709677
0.4434783 0.3478261
0.1826087 0.1565217
0.2916667 0.2833333
0.7565217 0.773913
0.4920635 0.515873
0.5217391 0.4521739
0.7520661 0.876033
0.6528926 0.5371901
0.9274194 0.8225806
0.6779661 0.6949153
0.7565217 0.8173913
0.4545455 0.4214876
0.6260163 0.7235772
0.8225806 0.7016129
0.232 0.224
0.6434783 0.6347826
0.515873 0.5
0.2605042 0.2352941
0.02608696 0.01739130
0.1612903 0.1774194
0.440678 0.3474576
0.9663866 0.9159664
0.432 0.432
0.5322581 0.4677419
0.1694915 0.2118644
0.8130081 0.804878
0.3884298 0.3801653
0.5254237 0.6694915
0.07317073 0.08130081
0.3739837 0.3902439
0.9083333 0.8
0.1209677 0.1451613
0.3781513 0.3613445
0.6774194 0.6854839
0.4453782 0.3613445
0.2764228 0.3495935
0.279661 0.3644068
0.5 0.4237288
0.7478261 0.8521739
0.2561983 0.2892562
0.9083333 0.8
0.8181818 0.876033
0.9663866 0.9159664
0.2561983 0.338843
0.04201681 0.02521008
0 0
0.9043478 0.8695652
0.075 0.09166667
0.376 0.416
0.05882353 0.06722689
0.4789916 0.4621849
0.3445378 0.3613445
0.3445378 0.4201681
0.5609756 0.6178862
0.2260870 0.3043478
0.7565217 0.7304348
0.1694915 0.2033898
0.5 0.4112903
0.6859504 0.7272727
0.6859504 0.7272727
0.1565217 0.1913043
0.9083333 0.8
0.9274194 0.8709677
0.704 0.608
0.4380165 0.4297521
0.9112903 0.8870968
0.02419355 0.008064516
0.9067797 0.898305
0.7741935 0.8870968
0.7096774 0.6532258
