0.925 0.8833333
0.1612903 0.1693548
0.9137931 0.887931
0.8067227 0.7815126
0.1209677 0.1532258
0.9180328 0.9180328
0.3966942 0.4380165
0.3658537 0.3333333
0.6311475 0.7295082
0.7333333 0.6833333
0.2619048 0.2936508
0.3884298 0.3884298
0.8448276 0.887931
0.5952381 0.5873016
0.1746032 0.2142857
0.07258065 0.1048387
0.5564516 0.5725806
0.9137931 0.887931
0.6293103 0.5689655
0.3965517 0.3534483
0.3193277 0.3445378
0.4677419 0.4274194
0.8861789 0.9105691
0.04918033 0.04098361
0.1557377 0.2131148
0.1393443 0.1885246
0.3196721 0.2704918
0.5416667 0.4916667
0.008130081 0
0.2727273 0.2479339
0.2941176 0.3697479
0.3884298 0.4049587
0.3852459 0.3606557
0.5333333 0.6083333
0.7936508 0.7777778
0.6229508 0.6967213
0.008333333 0.008333333
0.2131148 0.2622951
0.2016807 0.1680672
0.7723577 0.7235772
0.766129 0.8145161
0.2941176 0.2352941
0.1724138 0.1637931
0.7886179 0.7886179
0.1666667 0.2142857
0.5086207 0.4741379
0.7666667 0.7
0.02479339 0.02479339
0.9193548 0.8709677
0.9180328 0.852459
0.7142857 0.7310924
0.5630252 0.4705882
0.4568966 0.4482759
0.06557377 0.04918033
0.3529412 0.2689076
0.2950820 0.2704918
0.5966387 0.5714286
0.1475410 0.1885246
0.1034483 0.06034483
0.7580645 0.782258
0.557377 0.5081967
0.4827586 0.4482759
0.7916667 0.8333333
0.4482759 0.4051724
0.9180328 0.909836
0.4227642 0.3170732
0.2131148 0.2049180
0.4833333 0.3916667
0.8606557 0.852459
0.45 0.5333333
0.4224138 0.4051724
0.7540984 0.7131148
0.45 0.3916667
0.7540984 0.7295082
0.6890756 0.6554622
0.9430894 0.9105691
0.8067227 0.7142857
0.7704918 0.704918
0.7131148 0.7131148
0.1487603 0.1487603
0.5934959 0.6666667
0.5833333 0.6583333
0.02479339 0.02479339
0.0775862 0.0862069
0.1031746 0.1349206
0.4836066 0.4180328
0.9016393 0.7131148
0.3196721 0.4180328
0.6446281 0.6115702
0.2892562 0.3471074
0.7622951 0.8606557
0.5396825 0.6031746
0.5983607 0.6147541
0.1885246 0.1229508
0.3666667 0.425
0.8512397 0.8347107
0.02479339 0.02479339
0.2377049 0.2459016
0.5462185 0.5714286
0.5081967 0.4262295
0.2177419 0.2016129
0.3553719 0.3884298
0.5916667 0.5166667
0.6885246 0.6557377
0.4827586 0.4310345
0.9137931 0.887931
0.9590164 0.9180328
0.9047619 0.8730159
0.3606557 0.4262295
0.008196721 0.01639344
0.008196721 0
0.9016393 0.8852459
0.06722689 0.07563025
0.4369748 0.4285714
0.1935484 0.25
0.5528455 0.4715447
0.2439024 0.2845528
0.2295082 0.2786885
0.5966387 0.6554622
0.1229508 0.1885246
0.7768595 0.6115702
0.0661157 0.03305785
0.3833333 0.3666667
0.6333333 0.6416667
0.8067227 0.7815126
0.3174603 0.3095238
0.8448276 0.887931
0.9180328 0.8606557
0.6034483 0.6465517
0.1206897 0.1293103
0.8448276 0.8189655
0.1048387 0.1370968
0.8861789 0.9105691
0.8196721 0.852459
0.7886179 0.5934959
