0.6504065 0.8699187
0.2053571 0.1607143
0.8861789 0.7804878
0.699187 0.6422764
0.328125 0.390625
0.9224138 0.887931
0.2905983 0.3418803
0.1607143 0.1517857
0.5384615 0.5897436
0.7704918 0.7213115
0.5178571 0.5178571
0.6034483 0.6896552
0.8303571 0.7857143
0.7868852 0.8032787
0.5365854 0.5772358
0.01785714 0.04464286
0.5344828 0.5172414
0.8196721 0.8032787
0.5178571 0.4375
0.3770492 0.2786885
0.5772358 0.5528455
0.5446429 0.4732143
0.8303571 0.7857143
0.04310345 0.04310345
0.112 0.168
0.1965812 0.2735043
0.2410714 0.2232143
0.472 0.536
0 0
0.4308943 0.4878049
0.04878049 0.06504065
0.4227642 0.3821138
0.078125 0.09375
0.7377049 0.6311475
0.6785714 0.625
0.7068966 0.6637931
0.01626016 0
0.1637931 0.1379310
0.3931624 0.3418803
0.6504065 0.7154472
0.8547009 0.7948718
0.2063492 0.2539683
0.4921875 0.4921875
0.7560976 0.7235772
0.016 0.016
0.4634146 0.5284553
0.7327586 0.8189655
0.04918033 0.04918033
0.8861789 0.894309
0.8828125 0.8515625
0.5691057 0.495935
0.495935 0.495935
0.5086207 0.3362069
0.3534483 0.3448276
0.04761905 0.03968254
0.1120690 0.1206897
0.7868852 0.7704918
0.2131148 0.1967213
0.359375 0.3828125
0.7698413 0.6984127
0.5691057 0.6747967
0.5 0.4107143
0.7421875 0.734375
0.352 0.416
0.8928571 0.8839286
0.4227642 0.3821138
0.1880342 0.1709402
0.3214286 0.3125
0.7868852 0.8114754
0.1746032 0.1904762
0.4471545 0.398374
0.8536585 0.8699187
0.5384615 0.5555556
0.752 0.8
0.5172414 0.5172414
0.8373984 0.8373984
0.6637931 0.7327586
0.6160714 0.5625
0.699187 0.8699187
0.2327586 0.2241379
0.5299145 0.5555556
0.6349206 0.6190476
0.1056911 0.06504065
0.05357143 0.07142857
0.1328125 0.15625
0.2301587 0.1984127
0.8103448 0.8103448
0.448 0.456
0.2926829 0.2926829
0.2301587 0.1984127
0.7264957 0.8119658
0.4444444 0.5042735
0.576 0.536
0.2195122 0.2357724
0.4262295 0.3688525
0.8196721 0.8114754
0.3839286 0.375
0.4146341 0.3902439
0.6837607 0.7350427
0.4426230 0.5081967
0.1382114 0.2357724
0.6696429 0.6696429
0.8211382 0.6666667
0.6585366 0.7154472
0.576 0.608
0.9224138 0.887931
0.8861789 0.8373984
0.9344262 0.8934426
0.4188034 0.3076923
0.1282051 0.07692308
0.007936508 0.01587302
0.8536585 0.8699187
0.1428571 0.1607143
0.5365854 0.6585366
0.08035714 0.1160714
0.4444444 0.484127
0.4188034 0.3504274
0.1544715 0.1951220
0.3448276 0.2413793
0.2276423 0.2113821
0.7931034 0.75
0.128 0.104
0.5299145 0.4444444
0.7398374 0.7073171
0.7692308 0.7948718
0.09482759 0.1206897
0.904 0.888
0.8547009 0.8119658
0.5446429 0.5535714
0.1788618 0.2113821
0.8928571 0.8839286
0.1544715 0.1219512
0.8928571 0.8839286
0.7767857 0.7410714
0.7179487 0.6837607
