0.004 0.004
0.102 0.068
0 0.002
0.016 0.012
0.104 0.136
0 0
0.074 0.054
0.11 0.096
0.014 0.016
0.02 0.012
0.358 0.29
0.13 0.11
0.022 0.018
0.01 0.02
0.038 0.032
0.22 0.244
0.024 0.012
0.006 0.006
0.02 0.016
0.02 0.014
0.046 0.044
0.122 0.126
0.002 0
0.14 0.15
0.332 0.286
0.054 0.046
0.14 0.146
0.046 0.028
0.562 0.55
0.158 0.174
0.51 0.48
0.296 0.354
0.004 0
0.014 0.018
0.02 0.008
0.476 0.532
0.256 0.308
0.19 0.206
0.01 0
0 0.002
0.18 0.218
0.032 0.03
0.04 0.022
0.004 0.008
0.326 0.384
0.036 0.022
0.008 0.008
0.218 0.194
0 0
0 0.002
0.002 0
0.058 0.056
0.004 0.004
0.464 0.476
0.394 0.414
0.13 0.108
0.04 0.03
0.308 0.278
0.262 0.298
0.004 0.006
0.042 0.03
0.016 0.018
0.002 0
0.1 0.076
0 0
0.028 0.048
0.148 0.116
0.108 0.076
0.12 0.13
0.002 0.002
0.212 0.198
0.072 0.048
0.002 0
0.008 0.002
0.01 0.002
0.008 0.008
0 0
0.032 0.03
0.036 0.056
0.026 0.016
0.002 0.01
0.254 0.268
0.01 0.016
0.01 0.012
0.348 0.346
0.648 0.658
0.476 0.464
0.16 0.126
0 0
0.03 0.02
0.026 0.018
0.084 0.062
0 0
0.056 0.05
0.024 0.016
0.148 0.164
0.036 0.024
0 0
0.056 0.074
0.36 0.362
0.136 0.132
0.144 0.138
0.088 0.05
0.1 0.104
0.034 0.016
0.008 0.004
0.064 0.04
0 0
0 0
0 0
0.156 0.126
0.356 0.342
0.396 0.372
0.004 0
0.234 0.238
0.022 0.022
0.276 0.342
0.104 0.048
0.158 0.134
0.108 0.104
0.08 0.102
0.33 0.336
0.004 0
0.222 0.218
0.03 0.028
0.006 0.004
0.004 0
0.276 0.288
0 0
0.02 0.01
0.238 0.258
0 0
0.478 0.482
0 0.002
0.004 0.004
0.032 0.022
