0.8842975 0.8347107
0.1818182 0.2314050
0.7317073 0.7886179
0.6612903 0.7419355
0.2066116 0.2314050
0.824 0.776
0.3801653 0.3471074
0.2419355 0.2661290
0.5952381 0.6031746
0.7107438 0.8099174
0.16 0.248
0.3666667 0.3583333
0.7833333 0.7333333
0.5483871 0.5645161
0.2222222 0.2460317
0.1932773 0.1932773
0.6470588 0.6134454
0.6833333 0.7333333
0.7438017 0.6198347
0.5447154 0.5853659
0.4051724 0.4482759
0.3017241 0.3189655
0.8842975 0.8099174
0.3333333 0.3410853
0.1111111 0.1190476
0.4065041 0.4552846
0.2758621 0.1982759
0.5 0.5689655
0.008264463 0.008264463
0.4214876 0.3801653
0.08870968 0.08870968
0.1056911 0.1056911
0.8842975 0.8099174
0.5483871 0.5887097
0.7226891 0.815126
0.03225806 0.03225806
0.1984127 0.1666667
0.1951220 0.2113821
0.85 0.8166667
0.8067227 0.7226891
0.3170732 0.2926829
0.5203252 0.5203252
0.5862069 0.5603448
0.6280992 0.7355372
0.1206897 0.1120690
0.624 0.656
0.664 0.776
0.2155172 0.2327586
0.8842975 0.8347107
0.8492063 0.7857143
0.7226891 0.815126
0.3951613 0.4274194
0.824 0.776
0.03968254 0.01587302
0.1322314 0.1074380
0.3170732 0.3170732
0.6470588 0.605042
0.2068966 0.1982759
0.1317829 0.1007752
0.8604651 0.6589147
0.5116279 0.5116279
0.6428571 0.6031746
0.8842975 0.8099174
0.4883721 0.4108527
0.85 0.8166667
0.5 0.362069
0.2479339 0.2479339
0.4051724 0.3362069
0.2439024 0.2195122
0.8067227 0.815126
0.1209677 0.0967742
0.4365079 0.4603175
0.7931034 0.8017241
0.7931034 0.8017241
0.7931034 0.8017241
0.6890756 0.7226891
0.85 0.8166667
0.45 0.4833333
0.4224138 0.3189655
0.65 0.6833333
0.72 0.672
0.1176471 0.1344538
0.7083333 0.6833333
0.553719 0.5785124
0.08333333 0.1083333
0 0
0.03252033 0.02439024
0.2314050 0.2314050
0.85 0.8166667
0.4655172 0.5517241
0.5454545 0.5867769
0.336 0.344
0.6859504 0.8099174
0.536 0.48
0.6280992 0.6198347
0.3140496 0.2727273
0.5271318 0.5271318
0.8292683 0.7886179
0.4083333 0.375
0.05042017 0.07563025
0.248 0.264
0.2521008 0.2773109
0.3275862 0.3189655
0.2396694 0.2892562
0.525 0.5333333
0.8842975 0.8099174
0.4628099 0.5041322
0.8492063 0.7857143
0.8842975 0.8347107
0.824 0.776
0.3333333 0.3170732
0.1 0.08333333
0.02586207 0.06034483
0.8842975 0.8099174
0.2063492 0.1587302
0.6551724 0.6293103
0.1239669 0.1404959
0.3613445 0.3529412
0.3017241 0.3189655
0.2822581 0.2903226
0.3613445 0.3697479
0.08064516 0.08870968
0.85 0.8166667
0.03225806 0.03225806
0.6551724 0.5258621
0.664 0.688
0.8067227 0.815126
0.1056911 0.1463415
0.8842975 0.8347107
0.7833333 0.7
0.2016807 0.1932773
0.8067227 0.815126
0.02325581 0.03875969
0.8842975 0.8099174
0.6890756 0.6638655
0.4677419 0.4919355
