0.006 0.002
0.13 0.124
0.004 0.002
0.006 0.012
0.172 0.17
0.004 0.002
0.046 0.036
0.13 0.168
0.014 0.004
0.008 0.012
0.23 0.196
0.104 0.094
0.012 0.008
0.01 0.02
0.102 0.068
0.248 0.228
0.024 0.022
0.002 0.004
0.02 0.006
0.028 0.036
0.056 0.052
0.03 0.054
0.004 0
0.074 0.066
0.204 0.212
0.102 0.084
0.104 0.118
0.014 0.01
0.63 0.602
0.068 0.078
0.41 0.372
0.352 0.344
0.01 0.006
0.006 0.008
0.016 0.018
0.52 0.534
0.27 0.292
0.234 0.2
0.014 0.016
0.01 0.006
0.09 0.076
0.024 0.02
0.046 0.03
0.01 0.004
0.234 0.292
0.002 0.01
0.022 0.006
0.288 0.274
0.004 0.004
0.002 0
0.004 0.002
0.064 0.02
0 0.004
0.224 0.302
0.336 0.374
0.176 0.216
0.02 0.018
0.276 0.264
0.3 0.304
0 0
0.016 0.016
0.016 0.012
0 0.004
0.06 0.058
0 0.002
0.036 0.058
0.098 0.146
0.088 0.09
0.114 0.146
0.008 0.002
0.172 0.138
0.058 0.048
0 0
0.008 0.004
0.004 0
0.002 0.002
0 0
0.078 0.036
0.056 0.07
0.008 0.004
0.018 0.01
0.312 0.244
0.016 0.012
0.02 0.008
0.266 0.286
0.676 0.71
0.518 0.46
0.192 0.172
0 0
0.002 0.002
0.016 0.012
0.118 0.12
0.002 0.004
0.018 0.008
0.006 0.02
0.236 0.246
0.048 0.014
0.008 0.012
0.146 0.136
0.35 0.356
0.156 0.116
0.126 0.12
0.106 0.1
0.17 0.19
0.038 0.056
0.014 0.004
0.07 0.044
0 0
0.002 0
0 0
0.2 0.178
0.328 0.362
0.21 0.218
0 0.004
0.25 0.246
0.026 0.024
0.326 0.28
0.102 0.074
0.096 0.092
0.11 0.124
0.038 0.036
0.418 0.366
0 0
0.18 0.198
0.012 0.02
0.01 0.006
0.002 0.004
0.336 0.376
0.002 0.006
0.026 0.024
0.038 0.038
0.002 0.002
0.21 0.208
0.008 0.002
0.012 0.016
0.062 0.026
