0.7438017 0.8016529
0.2881356 0.3135593
0.7731092 0.7983193
0.6806723 0.6386555
0.28 0.272
0.856 0.776
0.5206612 0.5371901
0.3589744 0.2820513
0.6585366 0.6747967
0.76 0.776
0.2357724 0.2682927
0.3739837 0.3821138
0.7073171 0.6910569
0.6422764 0.6747967
0.3305085 0.3050847
0.08474576 0.1186441
0.5123967 0.553719
0.6446281 0.7107438
0.6864407 0.6779661
0.5213675 0.4786325
0.4102564 0.4529915
0.3412698 0.3650794
0.9090909 0.8016529
0.3412698 0.3571429
0.04273504 0.05128205
0.4380165 0.4876033
0.3089431 0.3089431
0.6484375 0.640625
0 0.01626016
0.3801653 0.338843
0.008403361 0.03361345
0.1176471 0.1428571
0.7603306 0.8016529
0.6904762 0.6984127
0.5726496 0.6837607
0.008403361 0.01680672
0.1694915 0.1355932
0.05128205 0.05982906
0.7073171 0.8292683
0.7863248 0.7521368
0.3589744 0.3162393
0.6115702 0.5619835
0.5123967 0.5289256
0.8373984 0.7154472
0.1111111 0.1190476
0.7435897 0.6837607
0.8253968 0.6587302
0.1735537 0.1900826
0.7731092 0.7983193
0.8305085 0.7966102
0.7863248 0.7521368
0.4444444 0.4700855
0.8305085 0.7966102
0.1640625 0.109375
0.03389831 0.008474576
0.21875 0.1796875
0.5873016 0.547619
0.1880342 0.2136752
0.1404959 0.1322314
0.7863248 0.7521368
0.6271186 0.6779661
0.5238095 0.531746
0.8305085 0.7118644
0.3884298 0.4628099
0.8181818 0.7768595
0.4537815 0.3781513
0.2809917 0.2479339
0.4308943 0.398374
0.3193277 0.2773109
0.7619048 0.6587302
0.1900826 0.1983471
0.3305785 0.3553719
0.7734375 0.8359375
0.8828125 0.7265625
0.8373984 0.8292683
0.7073171 0.6910569
0.9090909 0.8016529
0.4380165 0.5289256
0.4132231 0.3884298
0.5702479 0.5289256
0.7190083 0.7107438
0.152 0.168
0.6890756 0.7310924
0.468254 0.4761905
0.046875 0.109375
0.03389831 0.04237288
0.3333333 0.3760684
0.2142857 0.2460317
0.856 0.776
0.4765625 0.5859375
0.5952381 0.6190476
0.3333333 0.3247863
0.7698413 0.6984127
0.4745763 0.5169492
0.6355932 0.661017
0.1538462 0.1452991
0.5630252 0.6806723
0.7731092 0.7983193
0.2809917 0.2727273
0.088 0.072
0.3140496 0.3140496
0.344 0.272
0.3675214 0.3675214
0.2975207 0.2809917
0.496 0.488
0.7478992 0.7310924
0.468254 0.4761905
0.9047619 0.8412698
0.8253968 0.7539683
0.7731092 0.7983193
0.2268908 0.2436975
0.1587302 0.07936508
0.05785124 0.0661157
0.9090909 0.8016529
0.2578125 0.2109375
0.5206612 0.5289256
0.1440678 0.2033898
0.368 0.376
0.3675214 0.3931624
0.3174603 0.3412698
0.4545455 0.4710744
0.1440678 0.1271186
0.8305085 0.7966102
0.05785124 0.0661157
0.576 0.584
0.7619048 0.6984127
0.856 0.776
0.1269841 0.1746032
0.8305085 0.7966102
0.6890756 0.6806723
0.1932773 0.1428571
0.9047619 0.8412698
0.04201681 0.03361345
0.7435897 0.7521368
0.7372881 0.661017
0.5691057 0.5121951
