0.006 0.004
0.028 0.014
0.004 0.002
0.012 0.014
0.162 0.136
0 0
0.052 0.046
0.144 0.086
0.016 0.018
0.03 0.022
0.212 0.164
0.078 0.094
0.01 0.01
0.024 0.01
0.092 0.068
0.08 0.038
0.054 0.034
0.008 0.004
0.01 0.016
0.016 0.01
0.044 0.024
0.07 0.064
0.002 0
0.068 0.044
0.322 0.318
0.052 0.046
0.14 0.198
0.03 0.032
0.594 0.586
0.126 0.15
0.448 0.444
0.33 0.372
0.004 0.01
0.016 0.012
0.024 0.012
0.586 0.634
0.298 0.31
0.27 0.188
0.016 0.004
0.008 0
0.17 0.186
0.014 0.034
0.05 0.034
0.014 0.008
0.3 0.282
0.048 0.034
0.022 0.004
0.24 0.238
0.002 0
0.002 0.002
0 0.006
0.046 0.04
0 0
0.12 0.182
0.448 0.476
0.112 0.116
0.03 0.026
0.272 0.306
0.228 0.256
0.006 0.006
0.016 0.022
0.074 0.056
0.016 0.004
0.098 0.054
0.002 0
0.036 0.068
0.154 0.12
0.096 0.048
0.156 0.124
0.006 0
0.29 0.236
0.018 0.018
0 0
0.006 0.002
0.002 0.002
0.036 0.02
0.002 0.004
0.116 0.08
0.034 0.036
0.002 0.004
0.008 0.006
0.324 0.276
0.008 0.006
0.04 0.038
0.45 0.404
0.622 0.64
0.482 0.508
0.14 0.124
0 0
0.012 0.012
0.036 0.032
0.06 0.05
0.008 0.004
0.03 0.022
0.02 0.016
0.172 0.212
0.048 0.044
0 0
0.064 0.044
0.24 0.26
0.142 0.088
0.108 0.132
0.104 0.086
0.042 0.032
0.026 0.018
0.01 0.004
0.024 0.018
0 0
0 0
0 0
0.172 0.156
0.358 0.428
0.428 0.414
0 0
0.218 0.23
0.03 0.028
0.354 0.276
0.056 0.03
0.098 0.104
0.092 0.086
0.01 0.016
0.45 0.37
0.002 0.002
0.348 0.346
0.02 0.016
0.01 0.02
0.006 0.008
0.244 0.228
0 0.002
0.01 0.016
0.31 0.318
0 0
0.52 0.486
0.002 0.002
0.004 0.004
0.022 0.028
