0.002 0.004
0.096 0.088
0.006 0.004
0.016 0.012
0.156 0.142
0 0
0.136 0.094
0.114 0.102
0.02 0.012
0.01 0.01
0.19 0.122
0.108 0.132
0.008 0.006
0.022 0.01
0.098 0.078
0.19 0.174
0.018 0.006
0.036 0.024
0.016 0.004
0.012 0.006
0.01 0.018
0.136 0.11
0.002 0.002
0.084 0.086
0.27 0.25
0.046 0.034
0.148 0.134
0.022 0.012
0.594 0.546
0.086 0.112
0.532 0.484
0.158 0.138
0 0
0.008 0.01
0.016 0.008
0.34 0.402
0.276 0.274
0.232 0.254
0.004 0.006
0.004 0.002
0.112 0.156
0.01 0.016
0.096 0.05
0.014 0.006
0.37 0.4
0.018 0.008
0.01 0.006
0.27 0.282
0 0
0 0
0.004 0.006
0.016 0.014
0.004 0.002
0.466 0.55
0.336 0.402
0.086 0.092
0.03 0.036
0.21 0.23
0.21 0.226
0.004 0.01
0.052 0.028
0.042 0.04
0.004 0.004
0.122 0.078
0 0
0.022 0.058
0.128 0.14
0.096 0.068
0.14 0.104
0.002 0
0.186 0.214
0.046 0.036
0.008 0.004
0 0
0.006 0.002
0.006 0.006
0 0
0.11 0.102
0.008 0.008
0.018 0.018
0.008 0.012
0.322 0.3
0.014 0.006
0.044 0.032
0.402 0.358
0.55 0.602
0.44 0.442
0.184 0.216
0 0
0.042 0.024
0.04 0.046
0.066 0.02
0.014 0.006
0.044 0.024
0.022 0.036
0.132 0.132
0.042 0.024
0.006 0.002
0.098 0.102
0.284 0.324
0.236 0.166
0.07 0.124
0.078 0.046
0.2 0.196
0.036 0.042
0.002 0.006
0.048 0.038
0 0
0 0
0 0
0.158 0.13
0.206 0.252
0.196 0.186
0 0
0.184 0.224
0.04 0.034
0.266 0.274
0.064 0.042
0.144 0.15
0.134 0.114
0.06 0.078
0.378 0.318
0 0.002
0.39 0.422
0.018 0.018
0.002 0.01
0.002 0
0.386 0.348
0.002 0.002
0.006 0.01
0.2 0.23
0 0
0.26 0.24
0.004 0
0.008 0.004
0.034 0.038
