0.002 0
0.13 0.118
0.002 0
0.014 0.014
0.186 0.182
0 0.002
0.064 0.038
0.138 0.142
0.01 0.006
0.006 0.002
0.206 0.176
0.092 0.11
0.016 0.01
0.018 0.022
0.118 0.124
0.296 0.318
0.04 0.034
0.01 0.006
0.016 0.018
0.024 0.032
0.028 0.028
0.106 0.1
0.002 0
0.09 0.098
0.252 0.266
0.058 0.054
0.216 0.224
0.026 0.02
0.506 0.446
0.078 0.07
0.528 0.498
0.228 0.232
0 0
0.01 0.01
0.01 0.004
0.564 0.576
0.338 0.288
0.334 0.3
0.012 0.008
0.002 0.004
0.158 0.172
0.02 0.026
0.058 0.042
0.01 0.006
0.33 0.376
0.02 0.004
0.012 0.006
0.262 0.248
0 0
0.002 0.002
0.004 0.002
0.062 0.04
0.004 0
0.514 0.548
0.458 0.468
0.1 0.102
0.03 0.016
0.258 0.264
0.326 0.358
0 0
0.016 0.012
0.022 0.016
0.004 0
0.098 0.068
0 0
0.002 0.006
0.16 0.194
0.07 0.07
0.142 0.188
0.012 0
0.228 0.246
0.086 0.046
0.004 0
0 0.004
0 0
0.014 0.004
0.002 0.002
0.156 0.122
0.056 0.032
0.008 0.006
0.006 0.008
0.266 0.248
0.042 0.022
0.036 0.02
0.386 0.338
0.47 0.49
0.522 0.47
0.264 0.26
0 0
0.028 0.012
0.044 0.07
0.144 0.092
0.014 0.004
0.05 0.04
0.014 0.014
0.25 0.222
0.038 0.026
0.002 0.006
0.062 0.058
0.474 0.478
0.138 0.102
0.098 0.102
0.084 0.062
0.172 0.148
0.04 0.07
0.006 0.006
0.05 0.048
0 0
0 0
0 0
0.122 0.126
0.248 0.284
0.302 0.342
0 0
0.244 0.276
0.008 0.006
0.186 0.154
0.098 0.092
0.132 0.134
0.106 0.084
0.092 0.07
0.382 0.362
0 0.006
0.132 0.136
0.008 0.01
0.006 0.01
0.002 0
0.238 0.23
0.002 0
0.028 0.008
0.222 0.26
0 0
0.504 0.484
0.004 0.004
0.032 0.008
0.026 0.026
