0.008 0.004
0.154 0.144
0.006 0.004
0.008 0.008
0.128 0.15
0 0
0.06 0.046
0.168 0.148
0.01 0.016
0.016 0.006
0.222 0.174
0.118 0.118
0.004 0.008
0.006 0.008
0.166 0.16
0.214 0.212
0.014 0.008
0.008 0.004
0.024 0.008
0.022 0.03
0.03 0.024
0.106 0.076
0.002 0
0.084 0.066
0.276 0.23
0.034 0.026
0.104 0.128
0.004 0.01
0.594 0.588
0.146 0.154
0.408 0.388
0.254 0.236
0.016 0.004
0.016 0.026
0.008 0.012
0.582 0.55
0.192 0.142
0.174 0.16
0 0.008
0.002 0
0.12 0.116
0.024 0.028
0.058 0.048
0.004 0.008
0.278 0.262
0.044 0.026
0.01 0.004
0.228 0.208
0 0
0 0.004
0.002 0.002
0.036 0.032
0.008 0.016
0.478 0.48
0.46 0.442
0.132 0.17
0.022 0.04
0.33 0.332
0.24 0.25
0.002 0.004
0.024 0.026
0.014 0.016
0.004 0.006
0.092 0.046
0.002 0
0.068 0.046
0.14 0.164
0.036 0.018
0.156 0.174
0.008 0.01
0.078 0.062
0.056 0.052
0.002 0.002
0.01 0.024
0.002 0.002
0.012 0.008
0 0
0.128 0.112
0.01 0.01
0.006 0.012
0.018 0.006
0.048 0.036
0.016 0.01
0.028 0.038
0.386 0.382
0.456 0.476
0.508 0.488
0.184 0.174
0.002 0
0.062 0.054
0.024 0.034
0.098 0.062
0.01 0.006
0.036 0.03
0.008 0.006
0.276 0.296
0.078 0.082
0.006 0.004
0.086 0.124
0.368 0.39
0.15 0.104
0.146 0.14
0.062 0.056
0.14 0.194
0.044 0.05
0.01 0.016
0.106 0.088
0.002 0
0 0.002
0.002 0
0.09 0.094
0.298 0.318
0.268 0.268
0 0
0.288 0.284
0.052 0.034
0.148 0.152
0.07 0.056
0.07 0.076
0.124 0.088
0.052 0.078
0.378 0.378
0 0
0.432 0.428
0.004 0.014
0.01 0.008
0.012 0.006
0.284 0.264
0.002 0
0.016 0.004
0.3 0.272
0 0
0.482 0.504
0.002 0.008
0.02 0.014
0.026 0.038
