0.006 0
0.156 0.116
0.02 0.004
0.012 0.018
0.234 0.204
0 0
0.12 0.108
0.118 0.092
0.014 0.016
0.006 0.008
0.224 0.19
0.052 0.086
0.012 0.006
0.004 0.002
0.124 0.102
0.248 0.242
0.034 0.032
0.012 0.004
0.008 0.004
0.018 0.014
0.07 0.062
0.028 0.042
0.002 0.002
0.154 0.128
0.246 0.25
0.04 0.046
0.128 0.144
0.024 0.012
0.55 0.502
0.108 0.134
0.528 0.496
0.326 0.316
0.012 0.006
0.012 0.014
0.028 0.012
0.608 0.586
0.352 0.318
0.242 0.26
0.02 0.006
0.006 0.006
0.134 0.158
0.044 0.042
0.044 0.032
0.002 0.004
0.092 0.098
0.03 0.012
0.016 0.008
0.286 0.296
0.002 0
0 0
0.002 0
0.042 0.036
0.004 0
0.524 0.576
0.188 0.246
0.038 0.05
0.024 0.022
0.324 0.296
0.208 0.24
0 0
0.036 0.022
0.02 0.018
0.004 0.002
0.132 0.06
0 0
0.054 0.044
0.148 0.132
0.042 0.016
0.094 0.1
0.008 0.012
0.264 0.254
0.092 0.08
0.002 0
0 0
0.004 0.002
0.002 0
0 0
0.054 0.024
0.082 0.098
0.004 0.002
0.02 0.014
0.242 0.276
0.038 0.04
0.01 0.014
0.38 0.336
0.6 0.622
0.51 0.436
0.244 0.236
0 0
0.04 0.03
0.022 0.034
0.072 0.052
0.052 0.034
0.06 0.05
0.05 0.04
0.092 0.104
0.054 0.046
0.008 0.004
0.054 0.062
0.35 0.332
0.21 0.178
0.106 0.102
0.07 0.062
0.134 0.112
0.044 0.038
0.002 0
0.094 0.072
0 0.002
0 0.002
0.002 0
0.148 0.148
0.424 0.44
0.394 0.376
0 0
0.168 0.196
0.038 0.034
0.31 0.26
0.082 0.096
0.116 0.072
0.024 0.024
0.052 0.046
0.362 0.332
0 0.002
0.366 0.356
0.022 0.026
0.008 0.002
0.004 0.016
0.314 0.284
0 0.002
0.01 0.024
0.232 0.26
0.002 0
0.24 0.214
0.002 0.002
0.006 0.002
0.038 0.026
