0.002 0.002
0.124 0.11
0.008 0
0.02 0.028
0.14 0.158
0 0
0.03 0.024
0.016 0.028
0.016 0.004
0.008 0.004
0.184 0.186
0.096 0.128
0 0.01
0.004 0.01
0.126 0.126
0.214 0.244
0.034 0.036
0.022 0.018
0.006 0.01
0.018 0.028
0.084 0.062
0.108 0.114
0.002 0
0.098 0.092
0.366 0.344
0.086 0.032
0.228 0.278
0.022 0.044
0.558 0.582
0.126 0.122
0.5 0.486
0.258 0.294
0.004 0.006
0.012 0.018
0.01 0.006
0.488 0.49
0.274 0.276
0.346 0.338
0 0
0.008 0.004
0.092 0.14
0.008 0.014
0.024 0.028
0.008 0.002
0.254 0.304
0.012 0.002
0.012 0.01
0.274 0.308
0.004 0
0.002 0
0.002 0.01
0.06 0.036
0.002 0.006
0.49 0.46
0.444 0.422
0.108 0.108
0.022 0.032
0.26 0.26
0.324 0.358
0.004 0.002
0.026 0.014
0.018 0.018
0.004 0
0.062 0.042
0 0.004
0.016 0.014
0.272 0.234
0.04 0.038
0.094 0.096
0 0
0.23 0.238
0.052 0.044
0.004 0
0.002 0.002
0.004 0
0.008 0.008
0.002 0
0.088 0.048
0.018 0.046
0.016 0.022
0.014 0.014
0.266 0.28
0.038 0.018
0.04 0.052
0.388 0.344
0.626 0.648
0.532 0.496
0.314 0.342
0.002 0
0.03 0.014
0.03 0.032
0.124 0.116
0.01 0.014
0.056 0.034
0.054 0.032
0.264 0.268
0.044 0.012
0.006 0.004
0.098 0.09
0.548 0.58
0.118 0.116
0.086 0.084
0.068 0.06
0.172 0.158
0.026 0.052
0.018 0.014
0.066 0.046
0 0
0 0
0 0
0.174 0.168
0.306 0.316
0.416 0.378
0 0
0.322 0.296
0.024 0.022
0.232 0.176
0.074 0.07
0.186 0.216
0.114 0.126
0.066 0.096
0.382 0.374
0 0.002
0.436 0.448
0.01 0.006
0.008 0.008
0.006 0.006
0.236 0.264
0 0.002
0.008 0.01
0.214 0.214
0 0.002
0.426 0.482
0.004 0.004
0.004 0.002
0.064 0.05
