0.012 0.006
0.12 0.086
0.01 0.012
0.004 0.01
0.19 0.156
0 0
0.074 0.058
0.128 0.114
0.008 0.008
0.016 0.008
0.184 0.156
0.11 0.116
0.008 0.014
0.026 0.012
0.152 0.102
0.276 0.252
0.04 0.02
0.012 0.002
0.016 0.018
0.036 0.046
0.052 0.048
0.104 0.122
0 0.002
0.084 0.076
0.248 0.216
0.038 0.028
0.124 0.132
0.008 0.018
0.672 0.654
0.068 0.108
0.38 0.392
0.284 0.29
0.008 0.008
0.028 0.008
0.018 0.008
0.52 0.52
0.224 0.238
0.24 0.16
0.002 0
0.006 0.006
0.154 0.206
0.024 0.022
0.05 0.048
0.004 0.014
0.228 0.248
0.04 0.026
0.012 0.014
0.29 0.28
0 0.002
0 0
0.012 0.002
0.04 0.02
0 0.002
0.438 0.454
0.376 0.394
0.128 0.174
0.022 0.024
0.284 0.278
0.256 0.248
0.002 0
0.032 0.022
0.01 0.012
0.002 0.002
0.096 0.06
0 0
0.042 0.044
0.182 0.22
0.074 0.056
0.148 0.156
0.006 0.002
0.14 0.186
0.044 0.022
0.006 0
0.002 0.006
0.008 0.002
0.006 0.006
0 0
0.082 0.064
0.052 0.058
0.02 0.022
0.022 0.014
0.262 0.3
0.012 0.012
0.038 0.026
0.348 0.306
0.414 0.496
0.456 0.392
0.198 0.194
0 0.002
0.02 0.02
0.034 0.02
0.108 0.096
0.008 0.008
0.052 0.032
0.022 0.028
0.258 0.25
0.03 0.026
0.004 0.006
0.09 0.092
0.288 0.3
0.15 0.15
0.122 0.108
0.07 0.068
0.146 0.174
0.044 0.044
0.006 0.004
0.044 0.078
0 0
0 0.002
0 0
0.12 0.12
0.182 0.22
0.448 0.41
0.002 0.004
0.288 0.306
0.014 0.026
0.182 0.204
0.078 0.074
0.076 0.076
0.136 0.09
0.06 0.066
0.392 0.382
0.002 0.006
0.408 0.406
0.01 0.01
0.008 0.008
0.008 0.004
0.26 0.254
0.006 0.006
0.016 0.016
0.268 0.306
0 0
0.408 0.388
0.002 0
0.012 0.006
0.032 0.038
