0.8086957 0.7391304
0.3149606 0.3307087
0.8695652 0.8
0.6521739 0.6608696
0.216 0.216
0.8403361 0.8319328
0.4634146 0.4471545
0.300813 0.3658537
0.6290323 0.6532258
0.6386555 0.6890756
0.2268908 0.2773109
0.6771654 0.5984252
0.6504065 0.6747967
0.6178862 0.601626
0.352 0.336
0.1557377 0.1721311
0.584 0.688
0.6722689 0.7142857
0.6829268 0.5853659
0.6 0.512
0.4390244 0.4308943
0.3307087 0.3070866
0.8373984 0.804878
0.3445378 0.3109244
0.09016393 0.08196721
0.4201681 0.4537815
0.300813 0.3089431
0.6178862 0.601626
0.008403361 0.008403361
0.4065041 0.398374
0.02608696 0.02608696
0.1260504 0.1176471
0.824 0.76
0.6386555 0.6554622
0.6062992 0.6535433
0.04065041 0.04878049
0.1707317 0.1869919
0.1764706 0.2184874
0.6956522 0.8
0.7322835 0.8188976
0.4033613 0.3277311
0.6692913 0.6377953
0.4918033 0.5245902
0.7226891 0.8319328
0.1382114 0.1382114
0.6521739 0.6
0.601626 0.6585366
0.1612903 0.1935484
0.8695652 0.8
0.8739496 0.8487395
0.8739496 0.8487395
0.4754098 0.5491803
0.7786885 0.7459016
0 0.008130081
0.05217391 0.04347826
0.3613445 0.3781513
0.6290323 0.5403226
0.1574803 0.1968504
0.1774194 0.1290323
0.7310924 0.8319328
0.5630252 0.5966387
0.5528455 0.601626
0.8373984 0.6747967
0.3858268 0.4251969
0.8373984 0.8130081
0.5043478 0.4260870
0.2049180 0.1803279
0.4065041 0.3902439
0.2786885 0.2459016
0.7322835 0.7244094
0.2016807 0.1932773
0.4789916 0.4789916
0.7258065 0.782258
0.8373984 0.8130081
0.8086957 0.7304348
0.7226891 0.6806723
0.8145161 0.782258
0.3445378 0.394958
0.5983607 0.7459016
0.6829268 0.6747967
0.6521739 0.6086957
0.12 0.088
0.7086614 0.7086614
0.5983607 0.5901639
0.07826087 0.1304348
0 0
0.0483871 0.07258065
0.2184874 0.2689076
0.8739496 0.8487395
0.5691057 0.5934959
0.544 0.456
0.3652174 0.4260870
0.8403361 0.8319328
0.4789916 0.4621849
0.7086614 0.6062992
0.2204724 0.2362205
0.4957983 0.512605
0.7786885 0.7459016
0.4869565 0.4260870
0.1478261 0.1391304
0.2436975 0.302521
0.3070866 0.2992126
0.3652174 0.3913043
0.2086957 0.1913043
0.6134454 0.5882353
0.6693548 0.6532258
0.3770492 0.3606557
0.824 0.76
0.824 0.76
0.8695652 0.8
0.2184874 0.2521008
0.1130435 0.1304348
0.1147541 0.1721311
0.7786885 0.7459016
0.2096774 0.2177419
0.6097561 0.601626
0.1176471 0.1344538
0.4015748 0.4094488
0.1544715 0.2276423
0.2436975 0.2941176
0.3629032 0.3951613
0.1056911 0.1544715
0.7226891 0.6890756
0.04065041 0.04878049
0.6048387 0.5725806
0.7786885 0.7459016
0.7258065 0.782258
0.07826087 0.06086957
0.8695652 0.8
0.7086614 0.7086614
0.2100840 0.2521008
0.8582677 0.8188976
0.048 0.064
0.7322835 0.8188976
0.6722689 0.7563025
0.6535433 0.4724409
