0.034 0.046 0.042 0.028 0.02 0.014 0.004 0.004 0.006 0 0
0.22 0.214 0.25 0.25 0.18 0.154 0.182 0.174 0.15 0.098 0.052
0.01 0.01 0.012 0.01 0 0.002 0 0.004 0.002 0.002 0
0.008 0.006 0.004 0.004 0.002 0 0 0 0 0 0
0.312 0.354 0.31 0.3 0.31 0.296 0.264 0.248 0.22 0.184 0.158
0.008 0.014 0.008 0.008 0.002 0 0 0.002 0 0 0
0.072 0.064 0.062 0.05 0.03 0.026 0.01 0.018 0.01 0.01 0.004
0.116 0.092 0.11 0.118 0.104 0.104 0.098 0.096 0.118 0.112 0.108
0.072 0.074 0.052 0.04 0.026 0.022 0.014 0.006 0.006 0 0
0.07 0.076 0.04 0.036 0.016 0.026 0.006 0.006 0.004 0.002 0.002
0.334 0.294 0.254 0.25 0.208 0.176 0.152 0.136 0.126 0.094 0.078
0.018 0.008 0.008 0.006 0.012 0.002 0 0 0 0 0.002
0.018 0.008 0.004 0.006 0.01 0.014 0.016 0.016 0.02 0.018 0.02
0.064 0.07 0.092 0.078 0.076 0.072 0.046 0.04 0.024 0.026 0.032
0.228 0.188 0.218 0.19 0.206 0.176 0.18 0.184 0.174 0.17 0.132
0.154 0.16 0.162 0.196 0.196 0.192 0.204 0.23 0.218 0.204 0.21
0.406 0.394 0.29 0.262 0.244 0.154 0.128 0.092 0.072 0.05 0.024
0.028 0.024 0.014 0.02 0.008 0.004 0.008 0 0.002 0.002 0
0.052 0.066 0.044 0.06 0.048 0.042 0.042 0.024 0.028 0.026 0.024
0.064 0.06 0.052 0.074 0.056 0.04 0.036 0.048 0.044 0.046 0.034
0.258 0.262 0.212 0.24 0.202 0.18 0.164 0.102 0.098 0.068 0.08
0.14 0.168 0.134 0.168 0.164 0.172 0.174 0.154 0.142 0.08 0.112
0.028 0.022 0.01 0.012 0.012 0.006 0 0 0.002 0 0
0.32 0.308 0.258 0.3 0.292 0.24 0.208 0.194 0.21 0.16 0.126
0.184 0.258 0.254 0.276 0.264 0.318 0.322 0.318 0.278 0.252 0.266
0.282 0.296 0.284 0.206 0.216 0.146 0.144 0.144 0.122 0.048 0.024
0.03 0.032 0.03 0.06 0.078 0.098 0.134 0.158 0.206 0.272 0.244
0.24 0.216 0.208 0.196 0.144 0.132 0.092 0.078 0.064 0.05 0.04
0.478 0.518 0.538 0.528 0.556 0.526 0.622 0.564 0.63 0.642 0.602
0.1 0.072 0.07 0.04 0.058 0.058 0.056 0.068 0.148 0.124 0.154
0.46 0.5 0.53 0.556 0.524 0.528 0.528 0.53 0.496 0.518 0.508
0.132 0.11 0.148 0.162 0.196 0.256 0.292 0.366 0.404 0.372 0.372
0.088 0.07 0.052 0.042 0.03 0.032 0.02 0.03 0.01 0.006 0.006
0.088 0.106 0.07 0.08 0.092 0.046 0.042 0.048 0.022 0.016 0.016
0.136 0.104 0.078 0.072 0.06 0.026 0.028 0.02 0.022 0.006 0.002
0.178 0.228 0.274 0.374 0.47 0.51 0.572 0.606 0.672 0.682 0.69
0.304 0.334 0.36 0.298 0.28 0.308 0.244 0.268 0.212 0.182 0.164
0.474 0.44 0.404 0.38 0.376 0.368 0.336 0.316 0.288 0.258 0.232
0.058 0.042 0.05 0.05 0.034 0.034 0.022 0.016 0.01 0.006 0.004
0.018 0.012 0.012 0.01 0.006 0 0 0.002 0 0 0
0.132 0.074 0.116 0.104 0.102 0.096 0.152 0.19 0.236 0.268 0.246
0.056 0.036 0.042 0.04 0.044 0.046 0.024 0.044 0.028 0.038 0.022
0.104 0.118 0.086 0.076 0.04 0.054 0.02 0.01 0.01 0.006 0
0.092 0.088 0.09 0.064 0.086 0.06 0.04 0.022 0.02 0.02 0.02
0.148 0.176 0.22 0.25 0.264 0.278 0.304 0.324 0.398 0.432 0.41
0.056 0.076 0.062 0.068 0.058 0.028 0.032 0.034 0.02 0.01 0.016
0.028 0.026 0.024 0.006 0.008 0.01 0.008 0.006 0.006 0 0
0.226 0.214 0.178 0.2 0.182 0.226 0.202 0.262 0.206 0.186 0.192
0.014 0.006 0.006 0.002 0.002 0.002 0.002 0 0 0 0
0.004 0 0 0.002 0.002 0 0 0 0.002 0 0
0.028 0.018 0.018 0.022 0.004 0.004 0.006 0.004 0.006 0.002 0.008
0.05 0.052 0.046 0.042 0.024 0.014 0 0.004 0.006 0.004 0
0.038 0.022 0.02 0.018 0.026 0.014 0.006 0.016 0.002 0.004 0.004
0.138 0.204 0.158 0.19 0.274 0.318 0.348 0.368 0.458 0.5 0.476
0.132 0.158 0.208 0.226 0.306 0.284 0.394 0.416 0.442 0.464 0.532
0.246 0.166 0.154 0.162 0.14 0.136 0.162 0.2 0.208 0.214 0.22
0.144 0.122 0.128 0.12 0.14 0.108 0.088 0.088 0.068 0.088 0.056
0.486 0.498 0.486 0.47 0.53 0.444 0.474 0.492 0.408 0.408 0.372
0.106 0.124 0.114 0.15 0.234 0.268 0.324 0.32 0.384 0.438 0.422
0.014 0.014 0.012 0.01 0.002 0.002 0.004 0 0.002 0 0
0.046 0.032 0.044 0.024 0.028 0.004 0.014 0.004 0.008 0 0
0.142 0.15 0.122 0.114 0.122 0.084 0.054 0.05 0.054 0.042 0.052
0.03 0.018 0.014 0.006 0.006 0.002 0.004 0.002 0.002 0 0.002
0.344 0.344 0.316 0.364 0.346 0.27 0.242 0.204 0.132 0.092 0.072
0.012 0.012 0.002 0.002 0.002 0 0 0 0.004 0 0
0.032 0.024 0.026 0.046 0.034 0.032 0.056 0.066 0.086 0.114 0.116
0.046 0.07 0.05 0.072 0.062 0.06 0.052 0.056 0.036 0.042 0.056
0.332 0.234 0.22 0.222 0.248 0.202 0.2 0.176 0.142 0.116 0.094
0.254 0.25 0.244 0.238 0.254 0.25 0.25 0.256 0.278 0.232 0.294
0.006 0.012 0.006 0.002 0.012 0 0.004 0.006 0.006 0.002 0
0.43 0.408 0.38 0.334 0.356 0.302 0.276 0.268 0.316 0.28 0.294
0.296 0.274 0.256 0.246 0.212 0.164 0.16 0.122 0.122 0.096 0.084
0.008 0.008 0.002 0.01 0.002 0.002 0.008 0.002 0.002 0 0
0.07 0.06 0.056 0.058 0.044 0.044 0.026 0.018 0.012 0.004 0.014
0.026 0.04 0.022 0.004 0.016 0.008 0.002 0.002 0.002 0 0
0.058 0.052 0.04 0.028 0.028 0.012 0.01 0.006 0 0 0
0.072 0.056 0.022 0.008 0.006 0.004 0 0 0 0 0
0.432 0.362 0.328 0.33 0.24 0.196 0.156 0.17 0.126 0.09 0.1
0.068 0.068 0.08 0.084 0.084 0.096 0.088 0.106 0.08 0.092 0.094
0.12 0.138 0.128 0.076 0.064 0.064 0.054 0.048 0.018 0.02 0.012
0.028 0.014 0.012 0.012 0.012 0.006 0.002 0.004 0.004 0.004 0.006
0.22 0.206 0.254 0.242 0.22 0.282 0.236 0.264 0.244 0.21 0.218
0.064 0.064 0.044 0.034 0.026 0.006 0.004 0 0 0 0
0.088 0.084 0.074 0.044 0.044 0.048 0.03 0.01 0.012 0.002 0.004
0.564 0.572 0.606 0.542 0.548 0.536 0.506 0.462 0.426 0.376 0.336
0.306 0.368 0.41 0.436 0.442 0.482 0.518 0.524 0.542 0.532 0.544
0.126 0.142 0.164 0.17 0.168 0.24 0.262 0.308 0.302 0.29 0.292
0.206 0.148 0.136 0.104 0.138 0.088 0.092 0.086 0.068 0.09 0.078
0.012 0.02 0.008 0.014 0.008 0.008 0.004 0 0 0 0
0.206 0.158 0.146 0.12 0.082 0.076 0.044 0.036 0.014 0.006 0.002
0.052 0.054 0.054 0.028 0.064 0.042 0.036 0.036 0.028 0.034 0.02
0.532 0.476 0.46 0.456 0.382 0.444 0.3 0.258 0.27 0.242 0.216
0.034 0.048 0.042 0.034 0.036 0.022 0.008 0 0.004 0.002 0
0.14 0.116 0.098 0.078 0.048 0.026 0.016 0.006 0.01 0.002 0.004
0.046 0.036 0.028 0.028 0.036 0.006 0.002 0.004 0.004 0.002 0.006
0.218 0.228 0.24 0.244 0.3 0.266 0.28 0.308 0.352 0.358 0.372
0.32 0.33 0.288 0.288 0.254 0.182 0.142 0.124 0.078 0.054 0.046
0.014 0.024 0.014 0.01 0.002 0.004 0 0.004 0 0 0
0.092 0.068 0.06 0.052 0.06 0.06 0.05 0.042 0.036 0.024 0.026
0.368 0.396 0.442 0.426 0.474 0.512 0.55 0.584 0.556 0.592 0.564
0.266 0.256 0.238 0.202 0.176 0.152 0.13 0.1 0.078 0.038 0.048
0.152 0.106 0.132 0.088 0.142 0.122 0.126 0.15 0.164 0.144 0.16
0.074 0.066 0.084 0.062 0.084 0.05 0.05 0.052 0.072 0.064 0.042
0.006 0.026 0.022 0.022 0.012 0.018 0.028 0.01 0.014 0.022 0.024
0.038 0.048 0.032 0.062 0.048 0.104 0.096 0.116 0.112 0.136 0.122
0.012 0.02 0.008 0.004 0.002 0.004 0.002 0 0.002 0 0
0.282 0.286 0.296 0.25 0.222 0.146 0.16 0.094 0.098 0.068 0.092
0 0 0.002 0 0 0 0 0 0 0 0
0.006 0.004 0.004 0.002 0 0.004 0 0 0 0 0
0.004 0.002 0 0.002 0.002 0 0 0 0 0 0
0.484 0.328 0.406 0.302 0.322 0.292 0.242 0.252 0.18 0.216 0.14
0.142 0.148 0.126 0.136 0.188 0.196 0.176 0.224 0.246 0.288 0.256
0.244 0.242 0.284 0.202 0.234 0.27 0.228 0.272 0.212 0.216 0.23
0 0.008 0.002 0.004 0 0.004 0 0 0 0 0
0.17 0.154 0.184 0.196 0.196 0.232 0.194 0.242 0.294 0.256 0.262
0.128 0.112 0.09 0.092 0.084 0.078 0.084 0.024 0.03 0.016 0.014
0.292 0.328 0.314 0.3 0.29 0.342 0.306 0.308 0.292 0.248 0.25
0.098 0.102 0.06 0.05 0.038 0.036 0.026 0.006 0.006 0.002 0.006
0.32 0.276 0.246 0.192 0.154 0.118 0.104 0.086 0.112 0.098 0.1
0.2 0.198 0.206 0.168 0.17 0.15 0.166 0.15 0.112 0.094 0.118
0.104 0.076 0.088 0.098 0.084 0.082 0.094 0.118 0.116 0.12 0.16
0.428 0.39 0.42 0.384 0.362 0.414 0.42 0.38 0.372 0.322 0.304
0.034 0.05 0.04 0.032 0.016 0.024 0.012 0.01 0.006 0.006 0.004
0.38 0.326 0.338 0.32 0.356 0.338 0.31 0.286 0.28 0.284 0.282
0.02 0.016 0.024 0.016 0.026 0.018 0.02 0.01 0.014 0.014 0.01
0.024 0.018 0.032 0.036 0.018 0.022 0.014 0.012 0.01 0.008 0.018
0.03 0.028 0.042 0.024 0.03 0.012 0.03 0.018 0.012 0.02 0.008
0.264 0.222 0.222 0.206 0.2 0.262 0.262 0.25 0.27 0.2 0.266
0.024 0.016 0.016 0.008 0 0.002 0.002 0 0.002 0.002 0
0.032 0.03 0.028 0.026 0.014 0.028 0.026 0.01 0.022 0.004 0.008
0.044 0.08 0.082 0.106 0.148 0.166 0.22 0.25 0.276 0.24 0.26
0.012 0.018 0.012 0.008 0.002 0 0 0.002 0 0 0
0.256 0.268 0.28 0.262 0.3 0.256 0.292 0.284 0.308 0.27 0.262
0.088 0.054 0.032 0.012 0.014 0.01 0.002 0.004 0.002 0 0
0.026 0.016 0.016 0.016 0.014 0.008 0.002 0.006 0 0.004 0
0.028 0.016 0.018 0.01 0.004 0.002 0.006 0 0 0.002 0
