0.8571429 0.7563025 0.7731092 0.882353 0.7478992 0.8235294 0.8487395 0.7478992 0.7731092 0.6890756 0.7226891
0.2809917 0.2231405 0.338843 0.2231405 0.2396694 0.1735537 0.2644628 0.3057851 0.2809917 0.3057851 0.2892562
0.8991597 0.8907563 0.9663866 0.9243697 0.8907563 0.882353 0.8571429 0.8655462 0.789916 0.7310924 0.7226891
0.789916 0.8235294 0.882353 0.8991597 0.7731092 0.8235294 0.8487395 0.7478992 0.7731092 0.6890756 0.7226891
0.184 0.152 0.224 0.104 0.104 0.152 0.136 0.2 0.216 0.28 0.256
0.9411765 0.9831933 0.9663866 0.9243697 0.9327731 0.882353 0.8571429 0.8655462 0.789916 0.7310924 0.7226891
0.5423729 0.559322 0.5508475 0.5169492 0.5932203 0.6016949 0.6101695 0.5932203 0.5677966 0.6186441 0.559322
0.5080645 0.4193548 0.4677419 0.3790323 0.4758065 0.4193548 0.3467742 0.3870968 0.4112903 0.3225806 0.2903226
0.6134454 0.6218487 0.7058824 0.7647059 0.7731092 0.8235294 0.7563025 0.7478992 0.7731092 0.6890756 0.7226891
0.5254237 0.5762712 0.4915254 0.5677966 0.6101695 0.6525424 0.7457627 0.6949153 0.7542373 0.7288136 0.6864407
0.1900826 0.1900826 0.2561983 0.2561983 0.3223140 0.3223140 0.3057851 0.3305785 0.4049587 0.4545455 0.4380165
0.6302521 0.6638655 0.6722689 0.7731092 0.6890756 0.6806723 0.6302521 0.6722689 0.5798319 0.5882353 0.6218487
0.8253968 0.8888889 0.9047619 0.920635 0.8253968 0.8015873 0.8015873 0.7936508 0.6825397 0.6587302 0.6111111
0.487395 0.4789916 0.4621849 0.512605 0.5042017 0.4453782 0.4537815 0.4621849 0.4621849 0.4201681 0.4957983
0.4152542 0.3983051 0.4067797 0.3813559 0.3559322 0.3220339 0.3813559 0.3389831 0.3728814 0.3305085 0.279661
0.2627119 0.2627119 0.2457627 0.2542373 0.220339 0.1864407 0.1440678 0.1694915 0.1694915 0.1694915 0.1779661
0.08661417 0.1102362 0.1259843 0.2125984 0.2362205 0.3070866 0.3622047 0.4173228 0.4488189 0.4015748 0.488189
0.8067227 0.697479 0.7815126 0.7815126 0.882353 0.7815126 0.8571429 0.8655462 0.789916 0.7310924 0.7226891
0.5950413 0.6115702 0.6280992 0.6033058 0.5454545 0.6280992 0.4958678 0.5371901 0.5123967 0.5123967 0.4876033
0.487395 0.4453782 0.487395 0.512605 0.4201681 0.4621849 0.4537815 0.4621849 0.4621849 0.4537815 0.487395
0.2288136 0.2457627 0.2627119 0.2627119 0.279661 0.3644068 0.3220339 0.3305085 0.3898305 0.4152542 0.3983051
0.3445378 0.3781513 0.4369748 0.4117647 0.4201681 0.4285714 0.4369748 0.4453782 0.4621849 0.4285714 0.4285714
0.736 0.792 0.792 0.864 0.848 0.792 0.848 0.832 0.784 0.712 0.688
0.2619048 0.2857143 0.2142857 0.1984127 0.1666667 0.2380952 0.2301587 0.3095238 0.2698413 0.2777778 0.3095238
0.2301587 0.2619048 0.1190476 0.1190476 0.07142857 0.07936508 0.07936508 0.07936508 0.1190476 0.1428571 0.1269841
0.1848739 0.2773109 0.1596639 0.2436975 0.302521 0.394958 0.3277311 0.3613445 0.4453782 0.4957983 0.5294118
0.7355372 0.7107438 0.6280992 0.5702479 0.446281 0.4049587 0.3553719 0.2809917 0.2066116 0.1983471 0.1570248
0.2809917 0.338843 0.3057851 0.3636364 0.3966942 0.3553719 0.4297521 0.5123967 0.5041322 0.4876033 0.5123967
0 0.008403361 0.008403361 0 0 0 0 0.008403361 0.008403361 0.01680672 0.008403361
0.5669291 0.5826772 0.5275591 0.5669291 0.5354331 0.503937 0.488189 0.4015748 0.3622047 0.3070866 0.2677165
0.007874016 0.007874016 0.007874016 0 0 0 0.007874016 0.007874016 0 0.007874016 0
0.4112903 0.3467742 0.3870968 0.2741935 0.25 0.1209677 0.07258065 0.06451613 0.07258065 0.06451613 0.04032258
0.5511811 0.519685 0.511811 0.5354331 0.5984252 0.5748031 0.5275591 0.6062992 0.5984252 0.6771654 0.6456693
0.4710744 0.4380165 0.4958678 0.5371901 0.5041322 0.5123967 0.4958678 0.5371901 0.5454545 0.5785124 0.553719
0.3412698 0.4285714 0.4206349 0.5714286 0.5714286 0.5873016 0.547619 0.7142857 0.6269841 0.7539683 0.6904762
0.3613445 0.3109244 0.1428571 0.07563025 0.06722689 0.04201681 0.008403361 0.01680672 0.008403361 0 0
0.1322314 0.0661157 0.0909091 0.0909091 0.07438017 0.0909091 0.1074380 0.1570248 0.1900826 0.2066116 0.2148760
0.03174603 0.01587302 0.02380952 0.03174603 0.04761905 0.03968254 0.07936508 0.05555556 0.1190476 0.1428571 0.1507937
0.72 0.72 0.688 0.624 0.6 0.664 0.616 0.552 0.584 0.632 0.632
0.8655462 0.9327731 0.789916 0.8319328 0.8487395 0.7731092 0.7478992 0.6218487 0.5966387 0.6134454 0.5546218
0.5294118 0.5882353 0.4369748 0.487395 0.5882353 0.4789916 0.4453782 0.3865546 0.3277311 0.3277311 0.2689076
0.6220472 0.6062992 0.5826772 0.5511811 0.5905512 0.511811 0.496063 0.5826772 0.5275591 0.519685 0.496063
0.4537815 0.4621849 0.4201681 0.4621849 0.6470588 0.5798319 0.5462185 0.5882353 0.6554622 0.7310924 0.6302521
0.516129 0.4516129 0.5080645 0.4677419 0.5080645 0.4435484 0.4758065 0.4919355 0.5241935 0.5241935 0.5645161
0.312 0.32 0.296 0.24 0.16 0.12 0.112 0.112 0.08 0.072 0.072
0.5905512 0.5905512 0.5275591 0.5354331 0.5433071 0.503937 0.519685 0.5984252 0.5669291 0.6062992 0.5905512
0.8 0.768 0.736 0.8 0.744 0.792 0.672 0.832 0.784 0.712 0.688
0.2436975 0.2352941 0.2521008 0.2100840 0.2016807 0.2857143 0.2184874 0.2352941 0.2941176 0.2184874 0.2689076
0.9322034 0.9067797 0.9491525 0.9067797 0.8474576 0.8135593 0.8220339 0.7711864 0.7542373 0.7288136 0.6864407
0.8650794 0.9444444 0.9047619 0.8730159 0.952381 0.8809524 0.8492063 0.8412698 0.7539683 0.6984127 0.6904762
0.8319328 0.7815126 0.7058824 0.7647059 0.7142857 0.6722689 0.6890756 0.6134454 0.6806723 0.6470588 0.6302521
0.487395 0.6134454 0.6470588 0.5882353 0.605042 0.6470588 0.7478992 0.5798319 0.5966387 0.6134454 0.5546218
0.9327731 0.9327731 0.7310924 0.7647059 0.8487395 0.7731092 0.7478992 0.6218487 0.5966387 0.6134454 0.5546218
0.512605 0.5546218 0.4369748 0.4537815 0.4453782 0.4117647 0.3445378 0.2436975 0.1932773 0.1260504 0.1092437
0.2903226 0.2419355 0.1935484 0.1451613 0.08870968 0.05645161 0.04032258 0.04032258 0.03225806 0.03225806 0.03225806
0.2268908 0.2689076 0.2773109 0.302521 0.2941176 0.2857143 0.2689076 0.1764706 0.1932773 0.2268908 0.1344538
0.4201681 0.3445378 0.3445378 0.4285714 0.3781513 0.4369748 0.3697479 0.4117647 0.4453782 0.4117647 0.3697479
0.09243697 0.06722689 0.1176471 0.1260504 0.08403361 0.1596639 0.1092437 0.1680672 0.1596639 0.1512605 0.2184874
0.3983051 0.3559322 0.3474576 0.2372881 0.1525424 0.1186441 0.09322034 0.05932203 0.04237288 0.03389831 0.03389831
0.8548387 0.8629032 0.9193548 0.8548387 0.7741935 0.8306452 0.7016129 0.7741935 0.7903226 0.6774194 0.6854839
0.688 0.672 0.712 0.584 0.64 0.68 0.744 0.832 0.784 0.712 0.688
0.5882353 0.5378151 0.5546218 0.5042017 0.5294118 0.4957983 0.5378151 0.4789916 0.5462185 0.5462185 0.512605
0.8174603 0.8730159 0.7857143 0.8571429 0.8174603 0.8015873 0.8571429 0.7936508 0.8412698 0.7539683 0.6904762
0.06722689 0.02521008 0.01680672 0.01680672 0.03361345 0.1008403 0.1680672 0.1260504 0.2436975 0.2268908 0.2857143
0.8991597 0.815126 0.9663866 0.8739496 0.9327731 0.882353 0.8571429 0.8655462 0.789916 0.7310924 0.7226891
0.7731092 0.8403361 0.7142857 0.7478992 0.7563025 0.7815126 0.6722689 0.512605 0.4705882 0.4537815 0.4201681
0.5882353 0.6218487 0.4957983 0.5714286 0.5210084 0.4789916 0.4537815 0.4453782 0.4453782 0.4369748 0.4033613
0.184 0.232 0.184 0.2 0.216 0.256 0.296 0.312 0.304 0.368 0.344
0.2881356 0.3050847 0.2457627 0.2372881 0.1949153 0.2457627 0.220339 0.1864407 0.1949153 0.1864407 0.1864407
0.97479 0.9495798 0.8991597 0.9243697 0.882353 0.882353 0.8571429 0.8655462 0.789916 0.7310924 0.7226891
0.08403361 0.1260504 0.1176471 0.1512605 0.1260504 0.1848739 0.1932773 0.1596639 0.1680672 0.1344538 0.1512605
0.1848739 0.1596639 0.2184874 0.2605042 0.2689076 0.2773109 0.3697479 0.3613445 0.3193277 0.3613445 0.302521
0.8897638 0.952756 0.8346457 0.8897638 0.8818898 0.8267717 0.8110236 0.7795276 0.7007874 0.6771654 0.6456693
0.6638655 0.7226891 0.6638655 0.6470588 0.6890756 0.6386555 0.7142857 0.6218487 0.5882353 0.6470588 0.6218487
0.8135593 0.7457627 0.8474576 0.779661 0.9322034 0.8135593 0.7542373 0.7711864 0.7542373 0.7288136 0.6864407
0.512605 0.512605 0.5630252 0.605042 0.697479 0.789916 0.7142857 0.6722689 0.7731092 0.6890756 0.7226891
0.5645161 0.5564516 0.6935484 0.7903226 0.8387097 0.8548387 0.8225806 0.7741935 0.7903226 0.6774194 0.6854839
0.1048387 0.1290323 0.1290323 0.0967742 0.2661290 0.25 0.3145161 0.2822581 0.2983871 0.3387097 0.3790323
0.6746032 0.547619 0.515873 0.468254 0.468254 0.3888889 0.4206349 0.3571429 0.3888889 0.3253968 0.2936508
0.4789916 0.4957983 0.487395 0.4537815 0.4621849 0.487395 0.4537815 0.4621849 0.487395 0.4537815 0.4957983
0.6554622 0.7310924 0.6806723 0.7731092 0.7058824 0.6806723 0.8487395 0.6722689 0.7058824 0.6470588 0.5378151
0.2627119 0.2627119 0.2457627 0.1949153 0.1440678 0.1186441 0.1440678 0.1186441 0.1525424 0.1440678 0.1525424
0.7226891 0.7310924 0.789916 0.7647059 0.8487395 0.7731092 0.7478992 0.6218487 0.5966387 0.6134454 0.5546218
0.4915254 0.5 0.5762712 0.5677966 0.5254237 0.559322 0.559322 0.6949153 0.7542373 0.7288136 0.5847458
0 0 0 0 0 0.008403361 0.008403361 0.02521008 0.02521008 0.02521008 0.05882353
0.1596639 0.1512605 0.1428571 0.08403361 0.04201681 0.05042017 0.04201681 0.02521008 0.02521008 0.02521008 0.02521008
0.3140496 0.2809917 0.2975207 0.3553719 0.2396694 0.1322314 0.1570248 0.1570248 0.1900826 0.1735537 0.1570248
0.2542373 0.3135593 0.3135593 0.3220339 0.3559322 0.2627119 0.3389831 0.3559322 0.3305085 0.3305085 0.3135593
0.872 0.856 0.856 0.864 0.848 0.704 0.848 0.832 0.784 0.712 0.688
0.5378151 0.5294118 0.5630252 0.6554622 0.5882353 0.6386555 0.6302521 0.5798319 0.5966387 0.6134454 0.5546218
0.5423729 0.5423729 0.5847458 0.5169492 0.5 0.4661017 0.5084746 0.5 0.4322034 0.4830508 0.4830508
0.02380952 0.03174603 0.03968254 0.04761905 0.04761905 0.08730159 0.1507937 0.2380952 0.2698413 0.2698413 0.2857143
0.553719 0.5950413 0.6115702 0.5950413 0.5041322 0.6280992 0.8181818 0.7603306 0.6363636 0.677686 0.6528926
0.3174603 0.4206349 0.468254 0.4444444 0.5396825 0.5793651 0.6349206 0.6825397 0.7539683 0.6507937 0.6904762
0.8403361 0.7394958 0.789916 0.7394958 0.815126 0.8235294 0.7983193 0.7478992 0.789916 0.6218487 0.7226891
0.2396694 0.2148760 0.2314050 0.1900826 0.1983471 0.1404959 0.0661157 0.1074380 0.09917355 0.09917355 0.07438017
0.2268908 0.2521008 0.2689076 0.3529412 0.2857143 0.302521 0.394958 0.3529412 0.3781513 0.3865546 0.3865546
0.8467742 0.8145161 0.766129 0.8548387 0.8790323 0.8306452 0.7016129 0.7741935 0.6854839 0.6774194 0.6854839
0.3983051 0.4152542 0.3898305 0.4237288 0.3898305 0.440678 0.4322034 0.440678 0.3813559 0.4067797 0.3135593
0.1404959 0.1239669 0.08264463 0.0909091 0.07438017 0.04958678 0.04958678 0.04958678 0.04132231 0.04132231 0.0661157
0.3445378 0.3445378 0.3529412 0.4117647 0.4201681 0.4117647 0.4453782 0.4453782 0.487395 0.4369748 0.5042017
0.440678 0.4915254 0.5338983 0.4237288 0.4745763 0.3898305 0.279661 0.2711864 0.2288136 0.2288136 0.2118644
0.2542373 0.2966102 0.3220339 0.3305085 0.3559322 0.2966102 0.3813559 0.440678 0.4067797 0.3389831 0.3898305
0.7063492 0.7222222 0.7857143 0.7222222 0.6904762 0.7222222 0.7063492 0.7301587 0.6666667 0.5793651 0.5873016
0.5826772 0.5669291 0.5748031 0.5354331 0.503937 0.480315 0.496063 0.488189 0.4566929 0.480315 0.4251969
0.8888889 0.8888889 0.8412698 0.8571429 0.8174603 0.8650794 0.8571429 0.7936508 0.8412698 0.7539683 0.6904762
0.2689076 0.3193277 0.3529412 0.3781513 0.4621849 0.4117647 0.4453782 0.4789916 0.4705882 0.4537815 0.4369748
0.97479 0.9831933 0.9663866 0.9243697 0.9327731 0.882353 0.8571429 0.8655462 0.789916 0.7310924 0.7226891
0.8655462 0.9579832 0.9579832 0.8991597 0.9243697 0.8235294 0.8487395 0.7478992 0.7731092 0.6890756 0.7226891
0.984 0.968 0.928 0.928 0.896 0.856 0.848 0.832 0.784 0.712 0.688
0.1239669 0.0661157 0.07438017 0.0909091 0.1570248 0.1322314 0.1983471 0.2148760 0.1983471 0.2066116 0.2396694
0.3983051 0.3050847 0.3135593 0.2118644 0.1440678 0.1525424 0.1101695 0.1186441 0.1186441 0.1016949 0.1355932
0.05645161 0.04032258 0.0483871 0.0483871 0.08064516 0.05645161 0.07258065 0.08870968 0.07258065 0.08870968 0.1532258
0.9090909 0.9504132 0.9173554 0.9173554 0.8677686 0.8512397 0.8181818 0.7603306 0.7272727 0.677686 0.6528926
0.3445378 0.3361345 0.302521 0.2184874 0.302521 0.2436975 0.2521008 0.2352941 0.1932773 0.1680672 0.1512605
0.4033613 0.4117647 0.4453782 0.4537815 0.4369748 0.5294118 0.4957983 0.4789916 0.5378151 0.4957983 0.5294118
0.3474576 0.3389831 0.3389831 0.3644068 0.279661 0.2627119 0.2627119 0.279661 0.2542373 0.2372881 0.2627119
0.468254 0.5793651 0.6269841 0.6587302 0.6031746 0.6666667 0.6507937 0.6428571 0.6746032 0.7539683 0.6904762
0.1496063 0.1968504 0.2755906 0.2598425 0.3307087 0.3464567 0.3149606 0.4015748 0.3622047 0.2834646 0.3228346
0.2222222 0.2063492 0.2380952 0.3253968 0.3253968 0.2936508 0.3174603 0.3253968 0.3015873 0.3095238 0.3015873
0.4621849 0.512605 0.5042017 0.4285714 0.4789916 0.512605 0.4789916 0.4621849 0.4705882 0.4033613 0.3529412
0.0967742 0.1209677 0.08870968 0.06451613 0.06451613 0.08064516 0.07258065 0.08064516 0.1129032 0.0967742 0.1209677
0.72 0.736 0.704 0.712 0.648 0.696 0.672 0.728 0.672 0.712 0.688
0.1900826 0.1322314 0.09917355 0.1322314 0.1487603 0.0909091 0.09917355 0.1570248 0.09917355 0.1157025 0.1074380
0.8225806 0.7741935 0.8467742 0.7903226 0.733871 0.6693548 0.5403226 0.6370968 0.5967742 0.5887097 0.5887097
0.7698413 0.7619048 0.7777778 0.7142857 0.952381 0.7857143 0.6825397 0.6904762 0.7539683 0.6507937 0.5873016
0.7698413 0.8571429 0.8253968 0.7777778 0.8095238 0.7460317 0.8492063 0.7301587 0.7539683 0.6984127 0.6904762
0.1774194 0.1693548 0.1532258 0.1129032 0.08064516 0.1129032 0.08064516 0.1129032 0.1290323 0.1370968 0.1774194
0.8492063 0.8650794 0.9047619 0.8730159 0.952381 0.8809524 0.8492063 0.8412698 0.7539683 0.6984127 0.6904762
0.8095238 0.6825397 0.7301587 0.7380952 0.7301587 0.6507937 0.7222222 0.7936508 0.6269841 0.6587302 0.6111111
0.5702479 0.4876033 0.4628099 0.3884298 0.3801653 0.2809917 0.2644628 0.2066116 0.1900826 0.1735537 0.1570248
0.8492063 0.9603175 0.9047619 0.920635 0.9047619 0.8650794 0.8571429 0.7936508 0.8412698 0.7539683 0.6904762
0.184 0.16 0.168 0.104 0.144 0.096 0.088 0.088 0.064 0.096 0.096
0.5714286 0.6302521 0.605042 0.6554622 0.7478992 0.6470588 0.6302521 0.6218487 0.5966387 0.6134454 0.5546218
0.8655462 0.882353 0.907563 0.7647059 0.7478992 0.7731092 0.7478992 0.6218487 0.5966387 0.6134454 0.5546218
0.7142857 0.8650794 0.8253968 0.8730159 0.8095238 0.8809524 0.8492063 0.7301587 0.7539683 0.6984127 0.6904762
