0.028 0.026 0.02 0.008 0.014 0.02 0.004 0.008 0.002 0 0
0.204 0.216 0.206 0.22 0.226 0.246 0.224 0.248 0.216 0.21 0.128
0.004 0.018 0.01 0.014 0.01 0.006 0.002 0.002 0.002 0 0
0.038 0.04 0.02 0.008 0.008 0.002 0.004 0 0 0 0
0.244 0.236 0.254 0.276 0.228 0.238 0.228 0.238 0.172 0.178 0.156
0.002 0.006 0.006 0.002 0.002 0 0.002 0 0 0 0
0.084 0.1 0.074 0.06 0.054 0.03 0.02 0.012 0.004 0.012 0
0.116 0.138 0.146 0.164 0.244 0.156 0.212 0.18 0.212 0.224 0.192
0.042 0.018 0.018 0.018 0.008 0.006 0.004 0.008 0.004 0.002 0.002
0.048 0.038 0.042 0.03 0.012 0.022 0.006 0 0 0.002 0
0.252 0.22 0.246 0.208 0.226 0.206 0.23 0.182 0.182 0.14 0.134
0.038 0.072 0.04 0.03 0.03 0.036 0.038 0.032 0.026 0.026 0.036
0.02 0.018 0.02 0.022 0.008 0.012 0.016 0.01 0.002 0.012 0.008
0.09 0.104 0.076 0.068 0.096 0.07 0.06 0.04 0.042 0.024 0.022
0.128 0.202 0.15 0.134 0.142 0.126 0.116 0.132 0.11 0.084 0.09
0.212 0.24 0.254 0.232 0.282 0.266 0.27 0.27 0.286 0.264 0.234
0.358 0.326 0.278 0.266 0.2 0.212 0.142 0.122 0.092 0.088 0.048
0.028 0.03 0.038 0.022 0.01 0.02 0.008 0.004 0.004 0.004 0
0.072 0.074 0.088 0.054 0.032 0.048 0.026 0.024 0.042 0.018 0.042
0.1 0.078 0.092 0.108 0.108 0.072 0.1 0.062 0.054 0.058 0.036
0.242 0.28 0.236 0.238 0.212 0.188 0.174 0.13 0.09 0.092 0.08
0.136 0.156 0.134 0.142 0.122 0.086 0.07 0.082 0.078 0.078 0.068
0.01 0.024 0.014 0.006 0.008 0.004 0.002 0 0 0 0
0.174 0.148 0.154 0.164 0.164 0.14 0.134 0.134 0.088 0.078 0.084
0.23 0.254 0.268 0.332 0.374 0.362 0.416 0.386 0.444 0.41 0.388
0.178 0.154 0.156 0.154 0.134 0.142 0.108 0.084 0.074 0.044 0.034
0.016 0.018 0.018 0.042 0.062 0.05 0.134 0.144 0.236 0.252 0.256
0.208 0.23 0.214 0.192 0.17 0.186 0.124 0.112 0.086 0.08 0.054
0.5 0.532 0.468 0.474 0.524 0.496 0.562 0.588 0.608 0.562 0.624
0.096 0.084 0.066 0.082 0.068 0.072 0.106 0.11 0.136 0.128 0.14
0.51 0.568 0.63 0.6 0.64 0.674 0.596 0.6 0.61 0.604 0.566
0.1 0.132 0.114 0.162 0.206 0.238 0.272 0.294 0.324 0.42 0.398
0.068 0.072 0.058 0.056 0.038 0.024 0.038 0.016 0.016 0.014 0.008
0.156 0.144 0.11 0.088 0.072 0.064 0.038 0.03 0.02 0.016 0.016
0.158 0.134 0.08 0.06 0.042 0.036 0.012 0.002 0.012 0.004 0
0.132 0.15 0.182 0.26 0.256 0.302 0.372 0.392 0.438 0.41 0.462
0.312 0.362 0.414 0.358 0.362 0.352 0.306 0.352 0.292 0.25 0.246
0.368 0.384 0.418 0.41 0.428 0.392 0.39 0.388 0.384 0.356 0.304
0.032 0.042 0.04 0.042 0.054 0.046 0.026 0.022 0.02 0.012 0.012
0.002 0.002 0 0.002 0 0 0 0 0 0 0
0.102 0.098 0.07 0.092 0.086 0.116 0.136 0.152 0.206 0.216 0.25
0.046 0.026 0.05 0.05 0.044 0.056 0.04 0.048 0.044 0.054 0.04
0.158 0.17 0.122 0.124 0.084 0.058 0.028 0.03 0.004 0 0.002
0.052 0.052 0.084 0.054 0.066 0.026 0.036 0.036 0.032 0.028 0.026
0.186 0.246 0.216 0.188 0.206 0.246 0.218 0.234 0.258 0.254 0.236
0.082 0.09 0.064 0.044 0.068 0.066 0.038 0.038 0.016 0.012 0.02
0.016 0.018 0.018 0.016 0.01 0.004 0.008 0.004 0 0 0
0.24 0.22 0.222 0.218 0.218 0.178 0.172 0.152 0.136 0.126 0.098
0.004 0.012 0.006 0.006 0 0.002 0.006 0 0 0.002 0
0 0.002 0 0.002 0.002 0 0 0 0 0 0
0.036 0.03 0.028 0.038 0.026 0.04 0.018 0.03 0.022 0.02 0.008
0.108 0.056 0.058 0.054 0.02 0.01 0.004 0.006 0 0 0
0.008 0.002 0.006 0.01 0.004 0.004 0.002 0.002 0.002 0.006 0
0.172 0.2 0.132 0.166 0.186 0.162 0.22 0.214 0.29 0.344 0.334
0.13 0.158 0.178 0.218 0.324 0.312 0.362 0.41 0.478 0.53 0.536
0.184 0.176 0.17 0.162 0.156 0.156 0.174 0.174 0.234 0.278 0.262
0.07 0.086 0.068 0.064 0.056 0.06 0.066 0.058 0.06 0.064 0.066
0.226 0.27 0.276 0.222 0.272 0.242 0.24 0.24 0.216 0.21 0.19
0.12 0.156 0.176 0.172 0.204 0.298 0.338 0.292 0.378 0.418 0.434
0.006 0.002 0.01 0.004 0.008 0.008 0.002 0 0.002 0.004 0
0.012 0.024 0.02 0.026 0.03 0.006 0.01 0.004 0 0.002 0.006
0.06 0.062 0.058 0.07 0.058 0.076 0.054 0.048 0.04 0.046 0.04
0.006 0.006 0.004 0.006 0.002 0.004 0 0 0.002 0 0
0.426 0.418 0.448 0.416 0.362 0.348 0.3 0.224 0.19 0.122 0.114
0.02 0.014 0.012 0.006 0.004 0.002 0.004 0.002 0 0 0
0.03 0.032 0.028 0.028 0.032 0.034 0.034 0.054 0.062 0.06 0.096
0.068 0.058 0.054 0.05 0.07 0.07 0.064 0.074 0.092 0.104 0.108
0.208 0.208 0.194 0.2 0.18 0.166 0.142 0.126 0.126 0.088 0.068
0.194 0.184 0.198 0.196 0.184 0.222 0.2 0.214 0.222 0.248 0.234
0.006 0.012 0.008 0.002 0.008 0.004 0.004 0.002 0 0 0
0.244 0.272 0.242 0.212 0.23 0.182 0.18 0.198 0.18 0.17 0.166
0.214 0.224 0.212 0.188 0.178 0.154 0.144 0.138 0.098 0.07 0.062
0.006 0.008 0 0.004 0.004 0 0.002 0 0 0.002 0
0.058 0.042 0.048 0.04 0.024 0.024 0.032 0.014 0.024 0.02 0.01
0.016 0.02 0.012 0.008 0.008 0.008 0.004 0.002 0 0 0
0.116 0.09 0.066 0.072 0.032 0.014 0.012 0.016 0.006 0.002 0
0.066 0.042 0.032 0.014 0.002 0 0 0 0 0 0
0.336 0.264 0.276 0.22 0.18 0.136 0.13 0.08 0.066 0.052 0.038
0.044 0.06 0.054 0.058 0.058 0.066 0.062 0.062 0.066 0.05 0.056
0.108 0.098 0.102 0.064 0.038 0.054 0.054 0.052 0.042 0.024 0.026
0.036 0.036 0.018 0.02 0.016 0.006 0.018 0.012 0.004 0.004 0.006
0.15 0.218 0.212 0.216 0.244 0.264 0.266 0.304 0.362 0.32 0.348
0.024 0.018 0.012 0.004 0.004 0.002 0 0.002 0 0.002 0
0.02 0.004 0.02 0.006 0.01 0.004 0.004 0 0 0.002 0.002
0.636 0.624 0.61 0.618 0.586 0.6 0.574 0.538 0.53 0.464 0.412
0.302 0.292 0.346 0.412 0.428 0.502 0.562 0.628 0.648 0.622 0.628
0.16 0.174 0.216 0.23 0.272 0.292 0.368 0.4 0.43 0.41 0.406
0.296 0.264 0.244 0.222 0.236 0.27 0.232 0.24 0.242 0.226 0.272
0.01 0.004 0.004 0.006 0.006 0.002 0 0.002 0 0 0
0.1 0.076 0.03 0.044 0.026 0.032 0.012 0.002 0.002 0.006 0
0.094 0.096 0.112 0.08 0.084 0.076 0.062 0.05 0.062 0.044 0.042
0.428 0.418 0.4 0.37 0.306 0.276 0.226 0.222 0.19 0.136 0.148
0.054 0.034 0.028 0.024 0.022 0.02 0.004 0.002 0.002 0 0
0.12 0.096 0.068 0.056 0.038 0.036 0.02 0.012 0.004 0.004 0
0.03 0.038 0.04 0.024 0.018 0.014 0.014 0.016 0.006 0.008 0.01
0.236 0.24 0.248 0.272 0.288 0.23 0.274 0.248 0.224 0.232 0.256
0.212 0.194 0.192 0.196 0.202 0.186 0.172 0.156 0.118 0.058 0.062
0.01 0.006 0.006 0.016 0.004 0.002 0.004 0 0 0.004 0
0.072 0.078 0.062 0.06 0.064 0.068 0.08 0.088 0.1 0.102 0.084
0.356 0.352 0.36 0.374 0.428 0.348 0.388 0.382 0.398 0.424 0.44
0.14 0.134 0.166 0.122 0.106 0.082 0.094 0.072 0.048 0.042 0.036
0.118 0.17 0.158 0.118 0.112 0.118 0.128 0.13 0.154 0.124 0.162
0.228 0.25 0.184 0.162 0.19 0.106 0.1 0.096 0.082 0.056 0.042
0.05 0.038 0.024 0.022 0.018 0.024 0.014 0.024 0.01 0.014 0.002
0.092 0.072 0.066 0.088 0.054 0.064 0.058 0.052 0.052 0.054 0.06
0.006 0.004 0.004 0.002 0.004 0 0.004 0.006 0 0 0
0.166 0.158 0.156 0.14 0.122 0.096 0.078 0.046 0.074 0.044 0.054
0.002 0 0.002 0 0 0 0.002 0 0 0 0
0.008 0.02 0.01 0.002 0.002 0 0 0.002 0 0.004 0
0.002 0.008 0.004 0.002 0.002 0 0 0 0 0 0
0.516 0.53 0.53 0.514 0.482 0.502 0.408 0.426 0.366 0.288 0.316
0.19 0.194 0.214 0.198 0.262 0.266 0.306 0.354 0.354 0.424 0.366
0.272 0.256 0.248 0.264 0.242 0.244 0.244 0.27 0.262 0.234 0.214
0.006 0.004 0.004 0 0.002 0 0 0 0 0 0
0.178 0.154 0.172 0.168 0.22 0.17 0.188 0.218 0.26 0.246 0.246
0.168 0.152 0.124 0.112 0.078 0.072 0.072 0.056 0.054 0.042 0.054
0.118 0.136 0.114 0.132 0.124 0.128 0.126 0.09 0.13 0.102 0.07
0.092 0.076 0.062 0.052 0.016 0.026 0.018 0.014 0.006 0.006 0
0.38 0.338 0.384 0.296 0.242 0.242 0.178 0.196 0.178 0.166 0.152
0.296 0.322 0.292 0.258 0.27 0.246 0.234 0.256 0.246 0.198 0.172
0.13 0.096 0.12 0.118 0.106 0.106 0.102 0.11 0.118 0.104 0.112
0.388 0.37 0.334 0.346 0.338 0.336 0.366 0.368 0.35 0.298 0.282
0.024 0.056 0.04 0.026 0.026 0.018 0.012 0.018 0.012 0.004 0
0.252 0.29 0.28 0.322 0.364 0.338 0.414 0.408 0.444 0.514 0.508
0.004 0.012 0.004 0.014 0.01 0.008 0.022 0.016 0.008 0.016 0.012
0.02 0.018 0.018 0.014 0.002 0.006 0.018 0.006 0.018 0.018 0.006
0.01 0.016 0.024 0.01 0.014 0.014 0.014 0.02 0.002 0.016 0.004
0.292 0.272 0.31 0.326 0.304 0.32 0.328 0.302 0.266 0.258 0.228
0.016 0.01 0.008 0.008 0.002 0.006 0 0 0.004 0 0
0.032 0.074 0.084 0.056 0.078 0.058 0.07 0.05 0.05 0.034 0.03
0.052 0.076 0.068 0.11 0.118 0.158 0.19 0.212 0.27 0.346 0.352
0.004 0.006 0.002 0.008 0 0 0.002 0.002 0 0 0.002
0.324 0.412 0.374 0.448 0.438 0.474 0.496 0.498 0.544 0.552 0.528
0.056 0.026 0.024 0.016 0.014 0.002 0.002 0.002 0 0 0
0.002 0.004 0.002 0.002 0 0 0.002 0 0 0 0
0.026 0.024 0.01 0.01 0.006 0.004 0 0 0.002 0.002 0
