0.8360656 0.704918 0.7295082 0.6639344 0.7704918 0.7295082 0.7131148 0.8114754 0.7295082 0.7459016 0.6721311
0.3228346 0.3622047 0.3622047 0.3464567 0.3070866 0.3307087 0.3779528 0.3622047 0.3228346 0.3700787 0.4251969
0.8135593 0.8474576 0.7372881 0.720339 0.7457627 0.7372881 0.6694915 0.7118644 0.6440678 0.6271186 0.5932203
0.8145161 0.9758065 0.8870968 0.9354839 0.8790323 0.8790323 0.8306452 0.8387097 0.766129 0.7419355 0.7016129
0.3539823 0.3451327 0.3628319 0.3893805 0.3539823 0.3451327 0.3716814 0.3185841 0.380531 0.3893805 0.380531
0.8761062 0.9292035 0.9026549 0.8495575 0.8053097 0.858407 0.8053097 0.8318584 0.8053097 0.7345133 0.761062
0.3064516 0.3225806 0.4112903 0.3790323 0.4919355 0.6129032 0.6209677 0.6451613 0.6693548 0.5483871 0.6129032
0.516129 0.3548387 0.3951613 0.3548387 0.3548387 0.3870968 0.3790323 0.4112903 0.3709677 0.3790323 0.3548387
0.5132743 0.5221239 0.5752212 0.6637168 0.6902655 0.6371681 0.6725664 0.6902655 0.7345133 0.7345133 0.761062
0.4793388 0.5619835 0.6198347 0.5785124 0.6198347 0.6280992 0.8016529 0.6280992 0.6528926 0.6363636 0.7355372
0.2118644 0.2288136 0.3474576 0.3728814 0.3898305 0.440678 0.4067797 0.4322034 0.4322034 0.4576271 0.4745763
0.7256637 0.840708 0.6814159 0.7079646 0.7256637 0.7079646 0.7433628 0.619469 0.8053097 0.6283186 0.761062
0.8595041 0.9586777 0.8512397 0.8595041 0.8181818 0.8595041 0.8181818 0.6942149 0.6280992 0.661157 0.5867769
0.5423729 0.5677966 0.5338983 0.4830508 0.4915254 0.5254237 0.5254237 0.5 0.5084746 0.559322 0.5508475
0.2177419 0.2096774 0.2177419 0.25 0.2661290 0.2096774 0.2822581 0.1935484 0.2580645 0.2338710 0.2822581
0.4793388 0.4049587 0.3801653 0.3966942 0.3553719 0.2479339 0.2148760 0.2066116 0.2066116 0.1983471 0.1735537
0.09166667 0.1166667 0.09166667 0.1833333 0.275 0.2333333 0.3083333 0.4166667 0.45 0.4666667 0.4416667
0.8818898 0.8425197 0.7637795 0.8267717 0.8425197 0.8188976 0.7480315 0.7401575 0.7559055 0.7165354 0.7244094
0.5968992 0.5813953 0.5426357 0.5116279 0.496124 0.5426357 0.5736434 0.503876 0.4883721 0.4883721 0.4341085
0.5677966 0.4915254 0.5254237 0.4661017 0.4661017 0.4915254 0.4830508 0.4830508 0.440678 0.4322034 0.5338983
0.2066116 0.2561983 0.1900826 0.2809917 0.3553719 0.3223140 0.3305785 0.4049587 0.3636364 0.4132231 0.446281
0.4237288 0.4067797 0.440678 0.4322034 0.4152542 0.4830508 0.4322034 0.4322034 0.4661017 0.4576271 0.5338983
0.8770492 0.8442623 0.7786885 0.6803279 0.8442623 0.7377049 0.7131148 0.8114754 0.7295082 0.7459016 0.6721311
0.3451327 0.3274336 0.3539823 0.3893805 0.3539823 0.3539823 0.3539823 0.3185841 0.3362832 0.3628319 0.3362832
0.2204724 0.2047244 0.2283465 0.1811024 0.1023622 0.1496063 0.1338583 0.1181102 0.1417323 0.1811024 0.1811024
0.1229508 0.07377049 0.1885246 0.1885246 0.1065574 0.1803279 0.2786885 0.3278689 0.3934426 0.3934426 0.5
0.7666667 0.7083333 0.525 0.5333333 0.45 0.3833333 0.2583333 0.225 0.1583333 0.1666667 0.15
0.2459016 0.2704918 0.2622951 0.2540984 0.2704918 0.4098361 0.3852459 0.4426230 0.4262295 0.4918033 0.5163934
0.07377049 0.06557377 0.03278689 0.04918033 0.02459016 0.04918033 0.04918033 0.04098361 0.04098361 0.06557377 0.06557377
0.5762712 0.5847458 0.5338983 0.559322 0.6186441 0.7372881 0.6694915 0.7118644 0.6440678 0.6271186 0.5932203
0.008849558 0 0 0 0 0 0 0 0 0 0
0.3666667 0.325 0.2333333 0.2 0.1583333 0.09166667 0.08333333 0.06666667 0.06666667 0.06666667 0.05833333
0.5081967 0.5245902 0.5901639 0.4918033 0.5 0.6065574 0.6229508 0.5901639 0.5737705 0.5737705 0.6065574
0.5867769 0.5123967 0.6198347 0.5454545 0.5785124 0.6198347 0.6363636 0.5702479 0.6446281 0.6033058 0.6115702
0.3636364 0.4628099 0.5206612 0.5041322 0.4958678 0.5619835 0.6033058 0.6033058 0.7520661 0.6363636 0.7355372
0.2016129 0.1370968 0.1290323 0.06451613 0.04032258 0.02419355 0.01612903 0.01612903 0.01612903 0.008064516 0
0.1574803 0.1417323 0.1181102 0.1259843 0.09448819 0.1181102 0.1811024 0.1889764 0.2047244 0.2440945 0.2677165
0.02542373 0.008474576 0.01694915 0.01694915 0.05084746 0.03389831 0.05084746 0.1355932 0.1186441 0.1525424 0.1271186
0.7906977 0.7054264 0.6976744 0.6589147 0.5968992 0.6124031 0.627907 0.6046512 0.5581395 0.5891473 0.5813953
0.95 0.9083333 0.925 0.9 0.8416667 0.8833333 0.8666667 0.8 0.7333333 0.725 0.7083333
0.4915254 0.440678 0.4491525 0.4661017 0.4661017 0.4491525 0.3813559 0.3220339 0.220339 0.2033898 0.1949153
0.7522124 0.6725664 0.5929204 0.6460177 0.6460177 0.619469 0.5486726 0.5044248 0.6283186 0.5309735 0.4778761
0.4916667 0.4083333 0.5166667 0.5666667 0.6083333 0.5666667 0.6416667 0.6083333 0.6583333 0.725 0.7083333
0.7603306 0.7933884 0.7272727 0.677686 0.7107438 0.6942149 0.6446281 0.7024793 0.5785124 0.661157 0.5867769
0.4596774 0.4274194 0.4112903 0.2822581 0.2661290 0.2338710 0.1854839 0.1451613 0.1370968 0.1451613 0.1048387
0.6016949 0.7881356 0.6271186 0.5932203 0.6440678 0.6016949 0.6694915 0.7118644 0.6440678 0.6271186 0.5932203
0.7580645 0.8306452 0.75 0.7096774 0.7903226 0.7580645 0.7258065 0.7258065 0.766129 0.7419355 0.7016129
0.2295082 0.1967213 0.2377049 0.1885246 0.1967213 0.1803279 0.1393443 0.1557377 0.1721311 0.1639344 0.1557377
0.8914729 0.9224806 0.9224806 0.868217 0.868217 0.8527132 0.7906977 0.7364341 0.7209302 0.7054264 0.6899225
0.9752066 0.9173554 0.9173554 0.9752066 0.9090909 0.9008264 0.8595041 0.768595 0.7520661 0.7107438 0.7355372
0.704918 0.6639344 0.647541 0.704918 0.5901639 0.6393443 0.6557377 0.6393443 0.5901639 0.5737705 0.6065574
0.4915254 0.5932203 0.5338983 0.5338983 0.5932203 0.6016949 0.5762712 0.7118644 0.6440678 0.6271186 0.5932203
0.8559322 0.9067797 0.9237288 0.7627119 0.6694915 0.8050847 0.7372881 0.7118644 0.6440678 0.6271186 0.5932203
0.3966942 0.3719008 0.3305785 0.3636364 0.338843 0.3305785 0.2892562 0.2148760 0.2396694 0.1900826 0.1322314
0.5322581 0.4032258 0.4112903 0.2983871 0.1935484 0.1935484 0.1370968 0.1129032 0.1129032 0.05645161 0.06451613
0.1983471 0.1652893 0.1900826 0.1900826 0.1818182 0.2644628 0.2314050 0.2148760 0.2314050 0.1652893 0.1239669
0.3858268 0.3779528 0.4094488 0.4488189 0.4251969 0.4094488 0.4251969 0.3937008 0.4015748 0.4251969 0.4645669
0.04237288 0.09322034 0.08474576 0.1016949 0.1525424 0.1016949 0.1271186 0.1949153 0.2033898 0.1694915 0.2033898
0.503937 0.4566929 0.3622047 0.3464567 0.2283465 0.1417323 0.1417323 0.07874016 0.07086614 0.05511811 0.03937008
0.8099174 0.9586777 0.9173554 0.8595041 0.8181818 0.7933884 0.8181818 0.8429752 0.7438017 0.7024793 0.6694215
0.6363636 0.661157 0.6363636 0.677686 0.6446281 0.677686 0.7190083 0.8429752 0.6280992 0.7024793 0.6694215
0.4513274 0.5044248 0.539823 0.5044248 0.5663717 0.5575221 0.5486726 0.5132743 0.5132743 0.5132743 0.4955752
0.7906977 0.8139535 0.7674419 0.8449612 0.8217054 0.8139535 0.7829457 0.7364341 0.7286822 0.6976744 0.7054264
0.09734513 0.09734513 0.08849558 0.09734513 0.07964602 0.1238938 0.1592920 0.1858407 0.2831858 0.2123894 0.380531
0.975 0.95 0.925 0.9 0.9083333 0.8833333 0.8666667 0.8 0.7333333 0.725 0.7083333
0.8548387 0.8387097 0.8145161 0.6854839 0.6774194 0.6774194 0.6693548 0.5645161 0.4677419 0.4032258 0.3870968
0.6280992 0.5702479 0.5619835 0.5206612 0.5041322 0.4710744 0.4545455 0.4710744 0.446281 0.4793388 0.3966942
0.3185841 0.2654867 0.2831858 0.3274336 0.2743363 0.3274336 0.3716814 0.3893805 0.4070796 0.4247788 0.3982301
0.1504425 0.1592920 0.1150442 0.1327434 0.07964602 0.09734513 0.1061947 0.09734513 0.1238938 0.07079646 0.1150442
0.9083333 0.9083333 0.8666667 0.825 0.8416667 0.8833333 0.8666667 0.8 0.7333333 0.725 0.7083333
0.05833333 0.1166667 0.08333333 0.08333333 0.1 0.1416667 0.1416667 0.125 0.1416667 0.15 0.1583333
0.1333333 0.1416667 0.1583333 0.2416667 0.2666667 0.25 0.25 0.2583333 0.2833333 0.3083333 0.2666667
0.8495575 0.9292035 0.9026549 0.8495575 0.7964602 0.858407 0.8053097 0.7079646 0.8053097 0.7345133 0.761062
0.7333333 0.7166667 0.6583333 0.6416667 0.6916667 0.625 0.6 0.5833333 0.5916667 0.5833333 0.5833333
0.6166667 0.775 0.85 0.7583333 0.7916667 0.8833333 0.8666667 0.8 0.7333333 0.725 0.7083333
0.6440678 0.6864407 0.6440678 0.6355932 0.7457627 0.7372881 0.6694915 0.7118644 0.6440678 0.6271186 0.5932203
0.5132743 0.539823 0.539823 0.5840708 0.7079646 0.858407 0.7433628 0.8318584 0.8053097 0.7345133 0.761062
0.03149606 0.07874016 0.07086614 0.1181102 0.1732283 0.2440945 0.3464567 0.3779528 0.4094488 0.4488189 0.4645669
0.4778761 0.4867257 0.4955752 0.4778761 0.4867257 0.4424779 0.5221239 0.4513274 0.4070796 0.4778761 0.4070796
0.5486726 0.539823 0.6017699 0.5840708 0.5575221 0.5840708 0.5486726 0.4690265 0.5663717 0.539823 0.6371681
0.8083333 0.875 0.8666667 0.7666667 0.8416667 0.825 0.6833333 0.7333333 0.65 0.6416667 0.7083333
0.3451327 0.3362832 0.3097345 0.3451327 0.3628319 0.3274336 0.4159292 0.3893805 0.380531 0.3628319 0.4070796
0.6280992 0.6446281 0.7438017 0.7272727 0.7438017 0.8595041 0.8181818 0.8429752 0.7438017 0.7024793 0.6694215
0.6280992 0.5867769 0.5619835 0.5454545 0.6198347 0.5371901 0.6942149 0.6280992 0.7520661 0.6363636 0.7355372
0 0.007751938 0 0.007751938 0.01550388 0.01550388 0.03100775 0.04651163 0.0620155 0.09302326 0.124031
0.1916667 0.2 0.1583333 0.075 0.05 0.05833333 0.05833333 0.05833333 0.04166667 0.03333333 0.03333333
0.3565891 0.3100775 0.2790698 0.2558140 0.2170543 0.1627907 0.124031 0.1317829 0.1317829 0.1162791 0.1162791
0.2677165 0.2755906 0.3070866 0.3543307 0.4488189 0.3779528 0.3858268 0.3858268 0.3937008 0.3858268 0.4173228
0.7522124 0.840708 0.8230088 0.8495575 0.7964602 0.858407 0.8053097 0.8318584 0.8053097 0.7345133 0.761062
0.4830508 0.5932203 0.5847458 0.6271186 0.661017 0.7372881 0.6694915 0.7118644 0.6440678 0.6271186 0.5932203
0.7583333 0.775 0.725 0.7166667 0.6833333 0.7333333 0.5833333 0.5333333 0.5333333 0.6416667 0.525
0.03225806 0.03225806 0.0483871 0.06451613 0.0483871 0.06451613 0.08870968 0.1209677 0.1693548 0.1935484 0.2419355
0.5084746 0.4915254 0.4915254 0.5338983 0.5084746 0.5338983 0.6694915 0.6186441 0.6440678 0.6271186 0.5932203
0.4918033 0.4918033 0.4918033 0.5245902 0.6147541 0.6967213 0.7622951 0.7213115 0.7295082 0.7459016 0.6721311
0.7256637 0.7256637 0.6814159 0.7079646 0.7079646 0.6548673 0.8053097 0.6902655 0.8053097 0.7345133 0.761062
0.25 0.2419355 0.2338710 0.2580645 0.1854839 0.2419355 0.2177419 0.1612903 0.1451613 0.1532258 0.1370968
0.1779661 0.2033898 0.2118644 0.1864407 0.3559322 0.3559322 0.3305085 0.3728814 0.3728814 0.4322034 0.3983051
0.8360656 0.8770492 0.9262295 0.8770492 0.8442623 0.852459 0.8196721 0.8114754 0.7295082 0.7459016 0.6721311
0.3719008 0.4049587 0.4214876 0.4628099 0.4214876 0.4380165 0.4214876 0.4049587 0.3884298 0.3471074 0.3553719
0.05785124 0.04958678 0.03305785 0.01652893 0.02479339 0.008264463 0.02479339 0.02479339 0.02479339 0.01652893 0.02479339
0.2125984 0.2047244 0.2519685 0.3228346 0.2598425 0.3385827 0.3779528 0.3622047 0.3858268 0.4330709 0.4645669
0.4590164 0.4262295 0.3934426 0.4180328 0.3442623 0.3688525 0.3196721 0.2868852 0.2049180 0.2459016 0.2459016
0.2389381 0.2920354 0.2743363 0.3097345 0.3628319 0.3539823 0.380531 0.3362832 0.3982301 0.4070796 0.380531
0.8099174 0.6694215 0.7603306 0.8181818 0.6363636 0.5950413 0.7107438 0.5785124 0.5123967 0.5123967 0.5454545
0.5503876 0.5503876 0.4728682 0.4806202 0.4496124 0.4728682 0.496124 0.4263566 0.4496124 0.4031008 0.4031008
0.7829457 0.8527132 0.868217 0.868217 0.868217 0.8527132 0.7906977 0.7364341 0.6511628 0.7054264 0.6899225
0.1007752 0.1317829 0.124031 0.2170543 0.2790698 0.3565891 0.3488372 0.3953488 0.4108527 0.3953488 0.3953488
0.9669421 0.9586777 0.9338843 0.9256198 0.8842975 0.8595041 0.8181818 0.8429752 0.7438017 0.7024793 0.6694215
0.8278689 0.8688525 0.9016393 0.9344262 0.9016393 0.852459 0.8196721 0.8114754 0.7295082 0.7459016 0.6721311
0.9752066 0.983471 0.9173554 0.9752066 0.9090909 0.9008264 0.8595041 0.768595 0.7520661 0.7107438 0.7355372
0.2148760 0.2314050 0.2479339 0.1818182 0.1652893 0.3305785 0.3140496 0.2809917 0.3057851 0.3305785 0.2975207
0.2975207 0.3140496 0.2809917 0.2396694 0.2314050 0.1652893 0.09917355 0.1074380 0.1157025 0.1157025 0.1074380
0.1162791 0.1472868 0.08527132 0.1007752 0.1317829 0.1317829 0.08527132 0.1395349 0.1782946 0.2015504 0.2325581
0.8559322 0.9067797 0.9237288 0.8220339 0.881356 0.8050847 0.7372881 0.7118644 0.6440678 0.6271186 0.5932203
0.2338710 0.2177419 0.1612903 0.1370968 0.1854839 0.1612903 0.1209677 0.1129032 0.1129032 0.0967742 0.0483871
0.4031008 0.4496124 0.4418605 0.4496124 0.4651163 0.5116279 0.496124 0.503876 0.5348837 0.503876 0.5813953
0.1157025 0.1487603 0.1652893 0.1735537 0.1404959 0.1487603 0.1239669 0.1074380 0.1322314 0.1157025 0.1652893
0.4247788 0.4070796 0.5044248 0.5044248 0.5575221 0.5752212 0.5840708 0.619469 0.7256637 0.6371681 0.6371681
0.2148760 0.2479339 0.2975207 0.3057851 0.3801653 0.3966942 0.3471074 0.3471074 0.3966942 0.3553719 0.2892562
0.3553719 0.3553719 0.3057851 0.3801653 0.3966942 0.4214876 0.4793388 0.446281 0.446281 0.4710744 0.4132231
0.4806202 0.4186047 0.4418605 0.5193798 0.4108527 0.4496124 0.4496124 0.372093 0.372093 0.3255814 0.2635659
0.09302326 0.1085271 0.08527132 0.0620155 0.1007752 0.06976744 0.1317829 0.09302326 0.124031 0.1162791 0.1395349
0.7355372 0.7355372 0.7107438 0.6859504 0.6446281 0.6528926 0.7107438 0.7190083 0.6528926 0.7107438 0.7355372
0.09917355 0.05785124 0.0661157 0.04132231 0.04958678 0.04958678 0.0661157 0.09917355 0.08264463 0.08264463 0.07438017
0.785124 0.7024793 0.7768595 0.7272727 0.7272727 0.6942149 0.5785124 0.7024793 0.6033058 0.6280992 0.6694215
0.8181818 0.8842975 0.9008264 0.8595041 0.7438017 0.7933884 0.8181818 0.7768595 0.6280992 0.661157 0.6446281
0.7603306 0.8677686 0.8181818 0.7520661 0.6859504 0.768595 0.6033058 0.7024793 0.6198347 0.661157 0.6694215
0.1946903 0.2920354 0.2920354 0.2477876 0.3451327 0.2654867 0.3008850 0.2123894 0.2389381 0.2212389 0.1946903
0.6725664 0.840708 0.8053097 0.8495575 0.8761062 0.858407 0.8053097 0.8318584 0.8053097 0.7345133 0.761062
0.6803279 0.6639344 0.6229508 0.7459016 0.6311475 0.6393443 0.6229508 0.5655738 0.557377 0.5737705 0.6065574
0.5901639 0.4918033 0.4508197 0.4180328 0.3360656 0.352459 0.2786885 0.2049180 0.2049180 0.1803279 0.1639344
0.7033898 0.7118644 0.6440678 0.8220339 0.881356 0.8050847 0.7372881 0.7118644 0.6440678 0.6271186 0.5932203
0.1472868 0.1317829 0.08527132 0.07751938 0.09302326 0.06976744 0.07751938 0.0620155 0.05426357 0.09302326 0.07751938
0.9083333 0.875 0.925 0.9 0.8416667 0.8833333 0.7916667 0.8 0.7333333 0.725 0.7083333
0.7876106 0.7964602 0.9026549 0.7876106 0.8761062 0.858407 0.8053097 0.8318584 0.8053097 0.7345133 0.761062
0.7666667 0.8416667 0.8083333 0.7666667 0.7916667 0.8833333 0.8666667 0.8 0.7333333 0.725 0.7083333
