0.03 0.024 0.028 0.012 0.02 0.008 0.006 0 0.002 0 0
0.196 0.21 0.202 0.166 0.186 0.178 0.2 0.2 0.138 0.154 0.074
0.018 0.008 0.01 0.008 0.006 0 0.002 0.002 0 0.004 0
0.01 0.01 0.006 0.002 0.006 0.002 0.002 0 0 0 0
0.232 0.244 0.24 0.232 0.25 0.234 0.188 0.19 0.158 0.16 0.15
0.006 0.008 0.006 0.002 0 0 0.004 0 0 0.002 0
0.078 0.062 0.062 0.03 0.04 0.028 0.03 0.012 0.016 0.016 0.018
0.09 0.102 0.128 0.108 0.094 0.102 0.126 0.104 0.106 0.124 0.082
0.096 0.072 0.05 0.036 0.028 0.014 0.01 0.006 0.004 0.002 0.002
0.066 0.078 0.074 0.032 0.06 0.02 0.014 0.01 0.002 0 0
0.368 0.302 0.27 0.23 0.208 0.186 0.136 0.154 0.112 0.072 0.082
0.026 0.026 0.014 0.018 0.01 0.016 0.012 0.01 0.012 0.006 0.012
0.004 0.006 0.012 0.006 0.008 0.004 0.008 0.014 0.004 0.008 0.004
0.06 0.072 0.054 0.032 0.074 0.046 0.056 0.028 0.026 0.02 0.028
0.308 0.276 0.242 0.258 0.224 0.226 0.218 0.2 0.178 0.182 0.122
0.218 0.224 0.22 0.248 0.268 0.26 0.298 0.302 0.316 0.316 0.29
0.434 0.394 0.358 0.28 0.232 0.192 0.15 0.128 0.062 0.04 0.05
0.022 0.028 0.012 0.008 0.01 0.012 0.008 0.004 0 0.002 0
0.034 0.036 0.022 0.026 0.024 0.028 0.018 0.004 0.024 0.026 0.022
0.09 0.09 0.092 0.066 0.066 0.074 0.066 0.064 0.05 0.066 0.05
0.272 0.256 0.238 0.206 0.188 0.154 0.144 0.104 0.088 0.066 0.068
0.106 0.104 0.08 0.086 0.06 0.078 0.066 0.056 0.038 0.05 0.058
0.03 0.01 0.012 0.01 0.004 0.008 0 0.002 0 0 0
0.204 0.154 0.18 0.18 0.202 0.134 0.166 0.17 0.14 0.1 0.13
0.226 0.274 0.286 0.306 0.362 0.32 0.352 0.336 0.336 0.344 0.34
0.412 0.406 0.33 0.27 0.272 0.188 0.204 0.164 0.132 0.088 0.064
0.022 0.014 0.042 0.054 0.092 0.112 0.128 0.184 0.178 0.228 0.342
0.218 0.256 0.222 0.21 0.174 0.15 0.138 0.082 0.062 0.068 0.05
0.438 0.416 0.412 0.468 0.46 0.5 0.498 0.558 0.54 0.608 0.544
0.116 0.076 0.078 0.078 0.074 0.084 0.096 0.088 0.13 0.17 0.17
0.542 0.566 0.552 0.6 0.552 0.544 0.526 0.49 0.512 0.51 0.482
0.134 0.134 0.17 0.196 0.202 0.23 0.316 0.282 0.308 0.376 0.376
0.086 0.062 0.082 0.054 0.028 0.028 0.02 0.012 0.006 0.01 0.002
0.116 0.084 0.076 0.06 0.068 0.032 0.038 0.028 0.032 0.008 0.012
0.13 0.094 0.082 0.07 0.042 0.03 0.028 0.012 0.006 0.004 0.004
0.272 0.342 0.4 0.46 0.5 0.588 0.598 0.622 0.698 0.686 0.722
0.324 0.308 0.338 0.31 0.318 0.288 0.258 0.216 0.246 0.19 0.218
0.416 0.492 0.474 0.446 0.452 0.422 0.402 0.378 0.352 0.316 0.302
0.046 0.05 0.046 0.042 0.048 0.032 0.024 0.018 0.018 0.008 0.004
0.012 0.002 0.002 0.008 0.006 0.002 0.002 0 0 0 0
0.082 0.09 0.082 0.11 0.102 0.09 0.074 0.122 0.144 0.148 0.218
0.028 0.018 0.032 0.026 0.038 0.03 0.034 0.026 0.036 0.034 0.038
0.046 0.058 0.03 0.03 0.008 0.012 0.004 0.004 0.002 0.002 0
0.08 0.066 0.05 0.044 0.042 0.05 0.038 0.034 0.038 0.016 0.01
0.128 0.15 0.174 0.21 0.266 0.272 0.29 0.33 0.368 0.372 0.422
0.05 0.068 0.042 0.044 0.038 0.032 0.032 0.022 0.02 0.008 0.008
0.022 0.024 0.028 0.016 0.022 0.01 0.004 0.004 0.002 0 0
0.226 0.242 0.224 0.26 0.24 0.292 0.244 0.242 0.246 0.264 0.264
0.004 0.004 0.006 0.006 0.004 0 0 0 0 0 0
0.002 0 0 0 0.002 0 0 0 0 0 0
0.02 0.016 0.018 0.012 0.008 0.01 0.01 0.018 0.002 0.008 0.006
0.066 0.086 0.048 0.044 0.028 0.024 0.006 0.004 0.002 0 0.002
0.032 0.028 0.02 0.022 0.018 0.01 0.014 0.01 0.008 0.004 0.008
0.138 0.134 0.15 0.224 0.208 0.26 0.248 0.292 0.35 0.378 0.416
0.178 0.184 0.216 0.272 0.282 0.342 0.42 0.456 0.5 0.552 0.566
0.168 0.132 0.166 0.128 0.102 0.11 0.108 0.114 0.138 0.122 0.16
0.112 0.102 0.12 0.106 0.104 0.11 0.07 0.08 0.056 0.062 0.088
0.162 0.162 0.166 0.164 0.176 0.174 0.186 0.196 0.214 0.218 0.18
0.058 0.104 0.098 0.154 0.194 0.218 0.3 0.338 0.358 0.384 0.414
0.014 0.01 0.014 0.008 0.002 0.01 0.004 0 0.004 0 0
0.052 0.036 0.032 0.026 0.026 0.024 0.014 0.004 0.002 0 0
0.094 0.102 0.066 0.05 0.05 0.064 0.044 0.03 0.032 0.018 0.016
0.016 0.01 0.012 0.016 0.002 0.004 0.002 0.006 0.002 0.002 0
0.314 0.368 0.362 0.298 0.302 0.282 0.196 0.16 0.118 0.102 0.068
0.01 0.008 0.008 0.004 0 0.002 0.002 0 0 0 0
0.018 0.014 0.014 0.018 0.008 0.024 0.014 0.016 0.04 0.046 0.048
0.07 0.072 0.056 0.07 0.052 0.064 0.068 0.072 0.066 0.074 0.074
0.112 0.122 0.07 0.052 0.03 0.036 0.014 0.01 0 0 0.004
0.21 0.24 0.27 0.226 0.23 0.232 0.258 0.232 0.214 0.238 0.238
0.006 0.012 0.002 0.002 0.006 0.004 0.004 0.002 0 0 0
0.552 0.534 0.468 0.456 0.394 0.392 0.42 0.306 0.336 0.272 0.23
0.252 0.288 0.232 0.224 0.188 0.16 0.156 0.072 0.058 0.05 0.038
0.018 0.008 0.01 0.004 0.006 0 0.006 0 0 0 0
0.068 0.074 0.062 0.06 0.05 0.036 0.032 0.014 0.016 0.02 0.016
0.008 0.022 0.01 0.006 0.01 0.002 0.002 0.002 0.002 0 0
0.052 0.046 0.048 0.028 0.016 0.01 0.004 0.006 0.002 0.004 0.002
0.066 0.058 0.03 0.024 0.016 0.006 0.01 0.002 0 0 0
0.502 0.468 0.424 0.35 0.294 0.28 0.232 0.176 0.168 0.124 0.092
0.098 0.096 0.12 0.1 0.096 0.088 0.104 0.116 0.11 0.112 0.12
0.088 0.09 0.066 0.056 0.054 0.05 0.04 0.03 0.024 0.012 0.014
0.032 0.022 0.022 0.014 0.01 0.008 0.014 0.016 0.01 0.01 0.01
0.192 0.178 0.206 0.192 0.232 0.222 0.264 0.258 0.284 0.27 0.276
0.086 0.062 0.054 0.028 0.03 0.018 0.004 0.006 0.002 0.002 0
0.13 0.084 0.07 0.066 0.046 0.05 0.022 0.02 0.012 0.002 0
0.618 0.586 0.568 0.506 0.502 0.464 0.386 0.348 0.32 0.296 0.27
0.272 0.28 0.32 0.316 0.354 0.43 0.454 0.514 0.506 0.452 0.506
0.262 0.266 0.278 0.32 0.31 0.358 0.344 0.344 0.352 0.324 0.352
0.188 0.174 0.16 0.156 0.156 0.118 0.106 0.096 0.084 0.106 0.08
0.004 0.006 0.004 0.002 0.004 0 0.002 0.002 0 0 0
0.224 0.184 0.17 0.116 0.092 0.06 0.046 0.024 0.022 0.014 0.006
0.062 0.068 0.052 0.05 0.068 0.06 0.068 0.056 0.054 0.046 0.038
0.478 0.48 0.458 0.386 0.368 0.262 0.25 0.214 0.154 0.102 0.132
0.088 0.066 0.044 0.05 0.038 0.028 0.01 0.02 0.004 0.006 0.002
0.082 0.1 0.07 0.054 0.036 0.02 0.01 0.006 0.006 0.004 0.004
0.014 0.008 0.024 0.01 0.016 0.006 0.004 0.004 0 0.004 0.002
0.138 0.178 0.238 0.2 0.26 0.272 0.294 0.34 0.328 0.39 0.434
0.28 0.252 0.218 0.222 0.156 0.148 0.108 0.096 0.064 0.046 0.04
0.02 0.004 0.012 0.004 0.004 0.004 0.002 0.004 0 0 0
0.204 0.156 0.174 0.144 0.114 0.14 0.146 0.124 0.112 0.1 0.102
0.352 0.366 0.438 0.444 0.496 0.48 0.474 0.496 0.484 0.494 0.494
0.132 0.15 0.132 0.122 0.072 0.072 0.084 0.03 0.032 0.02 0.028
0.154 0.126 0.116 0.122 0.094 0.124 0.164 0.152 0.204 0.174 0.174
0.24 0.22 0.162 0.176 0.116 0.112 0.116 0.072 0.07 0.078 0.048
0.032 0.032 0.024 0.02 0.038 0.022 0.028 0.014 0.028 0.034 0.032
0.034 0.036 0.04 0.046 0.044 0.058 0.066 0.056 0.066 0.056 0.054
0.008 0.016 0.016 0.008 0.014 0.006 0.004 0.004 0 0 0
0.432 0.388 0.396 0.314 0.236 0.214 0.15 0.106 0.104 0.094 0.072
0.002 0 0.002 0.002 0.002 0 0 0 0 0 0
0.018 0.004 0.008 0.002 0.004 0 0 0 0.002 0 0
0 0.002 0.002 0 0 0 0 0 0 0 0
0.464 0.48 0.43 0.354 0.338 0.316 0.228 0.238 0.2 0.168 0.154
0.194 0.156 0.198 0.188 0.206 0.282 0.344 0.34 0.382 0.38 0.416
0.31 0.33 0.338 0.326 0.362 0.3 0.332 0.29 0.33 0.284 0.254
0.008 0.008 0.004 0.004 0 0 0.002 0 0 0 0
0.134 0.138 0.13 0.13 0.146 0.154 0.19 0.202 0.262 0.26 0.238
0.18 0.14 0.132 0.14 0.098 0.09 0.074 0.07 0.034 0.018 0.02
0.234 0.188 0.2 0.226 0.24 0.204 0.23 0.23 0.222 0.21 0.16
0.06 0.074 0.038 0.038 0.03 0.016 0.018 0.014 0.01 0 0
0.312 0.274 0.252 0.168 0.174 0.144 0.114 0.094 0.1 0.062 0.092
0.074 0.072 0.07 0.066 0.06 0.038 0.044 0.042 0.03 0.058 0.04
0.006 0.008 0.008 0.01 0.008 0 0.004 0 0.002 0.002 0
0.406 0.398 0.43 0.418 0.41 0.434 0.416 0.47 0.432 0.394 0.4
0.056 0.046 0.04 0.032 0.032 0.038 0.042 0.016 0.016 0.014 0.012
0.316 0.332 0.354 0.35 0.338 0.362 0.318 0.324 0.306 0.286 0.288
0.014 0.02 0.018 0.012 0.022 0.02 0.024 0.016 0.012 0.012 0.018
0.032 0.04 0.034 0.024 0.02 0.022 0.018 0.012 0.012 0.014 0.016
0.022 0.022 0.02 0.022 0.008 0.006 0.01 0.008 0.008 0.012 0.006
0.29 0.272 0.26 0.274 0.294 0.282 0.306 0.268 0.252 0.25 0.224
0.024 0.014 0.01 0 0 0 0 0 0 0 0.002
0.054 0.04 0.038 0.04 0.032 0.022 0.036 0.028 0.012 0.018 0.01
0.068 0.054 0.074 0.076 0.094 0.13 0.15 0.144 0.178 0.202 0.238
0.042 0.012 0.02 0.008 0.004 0 0.002 0 0 0 0
0.262 0.342 0.32 0.326 0.328 0.33 0.376 0.368 0.364 0.37 0.404
0.042 0.026 0.016 0.014 0.01 0.004 0 0 0 0 0.002
0.012 0.01 0.008 0.012 0.012 0.012 0.004 0.002 0 0 0
0.024 0.018 0.022 0.006 0.014 0.006 0.004 0.002 0.004 0 0
