0.3507463 0.2910448 0.2761194 0.2313433 0.1417910 0.07462687 0.05970149 0.03731343 0.03731343 0.03731343 0.02985075
0.8538462 0.823077 0.7538462 0.6615385 0.7230769 0.7384615 0.7307692 0.7923077 0.7230769 0.6846154 0.7076923
0.1729323 0.2330827 0.1954887 0.1954887 0.2105263 0.2030075 0.1879699 0.1954887 0.2330827 0.2481203 0.2330827
0.7669173 0.81203 0.81203 0.849624 0.8571429 0.8045113 0.7593985 0.7443609 0.6992481 0.6842105 0.6616541
0.8115942 0.826087 0.8405797 0.9347826 0.768116 0.8333333 0.789855 0.7246377 0.7173913 0.6666667 0.6449275
0.2246377 0.1739130 0.2101449 0.1159420 0.1739130 0.2536232 0.2246377 0.2391304 0.2173913 0.2391304 0.2608696
0.9850746 0.9552239 0.9552239 0.8880597 0.8656716 0.8283582 0.8507463 0.7462687 0.6716418 0.6716418 0.6492537
0.3664122 0.4045802 0.4198473 0.5572519 0.5038168 0.5419847 0.6259542 0.6412214 0.7251908 0.6946565 0.6717557
0.562963 0.5851852 0.562963 0.6444444 0.6074074 0.6740741 0.637037 0.5481481 0.6296296 0.5777778 0.6444444
0.3478261 0.3478261 0.3115942 0.3115942 0.2826087 0.2536232 0.2318841 0.2826087 0.2246377 0.2391304 0.2608696
0.8592593 0.8518519 0.7851852 0.7333333 0.8666667 0.8296296 0.7407407 0.7259259 0.7185185 0.6444444 0.6444444
0.6814815 0.6222222 0.7259259 0.7925926 0.6074074 0.7481481 0.7407407 0.7259259 0.7185185 0.6444444 0.6444444
0.2074074 0.2296296 0.2962963 0.2740741 0.2962963 0.3555556 0.3629630 0.2814815 0.2666667 0.3111111 0.3037037
0.6148148 0.6222222 0.6962963 0.6666667 0.6148148 0.6148148 0.5481481 0.5407407 0.4814815 0.4666667 0.4666667
0.823077 0.7384615 0.7 0.6153846 0.6923077 0.6769231 0.6 0.5461538 0.5461538 0.5538462 0.5
0.5076923 0.4076923 0.5461538 0.4384615 0.5461538 0.4769231 0.5 0.5230769 0.5153846 0.5153846 0.5153846
0.3656716 0.3059701 0.3656716 0.3283582 0.3432836 0.2910448 0.2462687 0.2611940 0.2462687 0.2537313 0.2313433
0.3703704 0.3407407 0.3333333 0.3481481 0.2592593 0.2222222 0.2148148 0.2222222 0.1703704 0.1703704 0.1481481
0.1 0.1076923 0.1461538 0.1461538 0.1769231 0.3384615 0.3692308 0.4076923 0.4153846 0.3846154 0.4153846
0.6793893 0.7175573 0.6641221 0.7175573 0.6946565 0.7709924 0.7862595 0.7480916 0.7251908 0.6946565 0.6717557
0.5801527 0.5648855 0.5496183 0.610687 0.5877863 0.5648855 0.5419847 0.4885496 0.4732824 0.519084 0.5038168
0.6 0.6357143 0.5 0.4571429 0.5357143 0.5 0.5357143 0.5285714 0.5 0.4571429 0.4785714
0.3582090 0.3358209 0.3432836 0.3283582 0.3656716 0.2985075 0.2537313 0.2686567 0.2985075 0.2686567 0.2761194
0.8142857 0.8642857 0.9 0.8285714 0.8642857 0.8214286 0.7857143 0.75 0.6785714 0.6571429 0.6214286
0.3816794 0.3206107 0.3511450 0.3129771 0.3587786 0.2977099 0.3511450 0.3740458 0.3206107 0.3740458 0.3740458
0.1629630 0.1333333 0.1259259 0.1851852 0.0962963 0.08148148 0.08148148 0.0962963 0.1037037 0.1185185 0.1185185
0.2444444 0.2444444 0.2740741 0.3333333 0.3629630 0.3555556 0.4222222 0.4444444 0.4 0.4666667 0.5037037
0.7202797 0.6923077 0.5734266 0.4615385 0.4755245 0.3356643 0.3216783 0.2167832 0.1538462 0.1538462 0.1328671
0.2296296 0.2888889 0.2814815 0.2222222 0.2962963 0.2962963 0.3555556 0.3777778 0.3185185 0.3925926 0.3851852
0.007407407 0.007407407 0.007407407 0.007407407 0.01481481 0.007407407 0.007407407 0.007407407 0 0.007407407 0.007407407
0.556391 0.5714286 0.5864662 0.518797 0.5639098 0.5037594 0.4360902 0.4285714 0.3759398 0.3383459 0.2706767
0.6466165 0.6390977 0.5864662 0.6541353 0.8571429 0.6240602 0.7593985 0.6766917 0.6992481 0.6842105 0.6616541
0.01492537 0 0 0 0 0 0 0 0 0.007462687 0.007462687
0.4071429 0.4714286 0.3714286 0.3357143 0.2857143 0.3071429 0.1785714 0.1071429 0.09285714 0.08571429 0.09285714
0.4885496 0.389313 0.4274809 0.389313 0.5725191 0.5038168 0.4580153 0.5038168 0.5267176 0.5572519 0.519084
0.4135338 0.4285714 0.3834586 0.4511278 0.4285714 0.4962406 0.5037594 0.518797 0.5413534 0.4661654 0.5413534
0.3076923 0.3384615 0.4615385 0.5307692 0.5923077 0.6384615 0.7230769 0.5846154 0.7230769 0.6846154 0.7076923
0.2977099 0.1450382 0.08396947 0.07633588 0.04580153 0.03053435 0.03053435 0.007633588 0.007633588 0.007633588 0.007633588
0.08148148 0.04444444 0.04444444 0.05925926 0.03703704 0.08148148 0.07407407 0.07407407 0.1111111 0.1185185 0.1185185
0.2900763 0.2366412 0.2061069 0.2290076 0.1450382 0.1679389 0.1603053 0.1526718 0.1984733 0.2290076 0.1908397
0.778626 0.6564885 0.6335878 0.6030534 0.5877863 0.5877863 0.5419847 0.519084 0.5648855 0.6335878 0.5801527
0.9481481 0.9185185 0.8814815 0.8518519 0.8074074 0.8592593 0.8666667 0.762963 0.762963 0.7259259 0.7111111
0.380597 0.4029851 0.3656716 0.3731343 0.3656716 0.3208955 0.2462687 0.2611940 0.1417910 0.1791045 0.08955224
0.6814815 0.5555556 0.5111111 0.5481481 0.4962963 0.5259259 0.4592593 0.4518519 0.4148148 0.4074074 0.3555556
0.6357143 0.5 0.5928571 0.5428571 0.6142857 0.6285714 0.5928571 0.7285714 0.7214286 0.6285714 0.65
0.4885496 0.3740458 0.3511450 0.3435115 0.4198473 0.4503817 0.4580153 0.4503817 0.480916 0.519084 0.4351145
0.2785714 0.1571429 0.1857143 0.1428571 0.1857143 0.1928571 0.15 0.1142857 0.1357143 0.1357143 0.1214286
0.4925373 0.5 0.5223881 0.5149254 0.5074627 0.5298507 0.5149254 0.5373134 0.619403 0.6268657 0.6492537
0.8195489 0.924812 0.8421053 0.7368421 0.8571429 0.8045113 0.7593985 0.7443609 0.6992481 0.6842105 0.6616541
0.9153846 0.9538462 0.9538462 0.8692308 0.9076923 0.876923 0.823077 0.7923077 0.7230769 0.6846154 0.7076923
0.4198473 0.5572519 0.4274809 0.5801527 0.5801527 0.5419847 0.5419847 0.4656489 0.4885496 0.4885496 0.519084
0.2671756 0.1603053 0.1068702 0.1755725 0.1374046 0.1145038 0.1221374 0.1221374 0.1832061 0.129771 0.1374046
0.9384615 0.9076923 0.9 0.9307692 0.9076923 0.876923 0.823077 0.7923077 0.7230769 0.6846154 0.7076923
0.8041958 0.7552448 0.8111888 0.8111888 0.7622378 0.6923077 0.6643357 0.6573427 0.6013986 0.6153846 0.5804196
0.776923 0.8153846 0.7923077 0.7153846 0.6384615 0.6461538 0.7307692 0.7230769 0.6461538 0.5769231 0.6
0.5104895 0.5664336 0.5454545 0.6013986 0.6013986 0.5454545 0.6643357 0.6573427 0.6013986 0.6153846 0.5804196
0.7714286 0.7357143 0.7214286 0.7428571 0.6714286 0.6285714 0.6285714 0.6214286 0.6214286 0.6 0.65
0.3816794 0.3740458 0.3282443 0.3053435 0.2519084 0.2061069 0.1679389 0.1374046 0.1068702 0.09160305 0.09160305
0.380597 0.3283582 0.3358209 0.2611940 0.09701493 0.09701493 0.08955224 0.02238806 0.02238806 0.02238806 0.02985075
0.2900763 0.2519084 0.3511450 0.2977099 0.2671756 0.2213740 0.1832061 0.1603053 0.1145038 0.129771 0.129771
0.6384615 0.5538462 0.5076923 0.4461538 0.5307692 0.4846154 0.5 0.4846154 0.4307692 0.4307692 0.3846154
0.07142857 0.07142857 0.07142857 0.04285714 0.02857143 0.05 0.09285714 0.08571429 0.1 0.1214286 0.1071429
0.6461538 0.4846154 0.5 0.4615385 0.4538462 0.3769231 0.2153846 0.2692308 0.1461538 0.1615385 0.1538462
0.7910448 0.8059701 0.7985075 0.8208955 0.7835821 0.8283582 0.8507463 0.7462687 0.6716418 0.6716418 0.6492537
0.7111111 0.7037037 0.7481481 0.7185185 0.7185185 0.6666667 0.6518519 0.6962963 0.637037 0.7259259 0.7111111
0.09022556 0.07518797 0.04511278 0.07518797 0.08270677 0.08270677 0.06015038 0.09022556 0.1203008 0.1052632 0.1654135
0.7555556 0.8666667 0.8814815 0.8518519 0.9111111 0.8592593 0.7481481 0.762963 0.762963 0.7259259 0.7111111
0.01481481 0.02222222 0.02222222 0.03703704 0.05185185 0.0962963 0.1555556 0.2148148 0.2370370 0.3111111 0.3037037
0.9022556 0.924812 0.8421053 0.849624 0.8571429 0.8045113 0.7593985 0.7443609 0.6992481 0.6842105 0.6616541
0.7 0.6357143 0.6071429 0.65 0.5785714 0.5785714 0.4714286 0.4785714 0.4357143 0.3785714 0.4142857
0.5185185 0.5333333 0.5037037 0.5037037 0.5111111 0.4814815 0.4074074 0.4592593 0.4 0.3629630 0.3407407
0.1777778 0.1703704 0.1777778 0.2666667 0.2222222 0.2222222 0.2888889 0.2592593 0.2814815 0.3185185 0.3407407
0.1818182 0.1748252 0.2307692 0.2167832 0.1818182 0.1608392 0.1538462 0.1748252 0.1118881 0.1328671 0.1258741
0.8741259 0.7552448 0.8111888 0.8111888 0.7622378 0.6923077 0.6643357 0.6573427 0.6013986 0.6153846 0.5804196
0.0962963 0.08148148 0.1629630 0.1777778 0.2222222 0.1777778 0.2518519 0.1703704 0.2296296 0.2222222 0.2518519
0.08888889 0.0962963 0.07407407 0.1037037 0.1037037 0.1555556 0.1851852 0.2592593 0.2814815 0.3111111 0.3111111
0.880597 0.8656716 0.8432836 0.8283582 0.8656716 0.8283582 0.8507463 0.7462687 0.6716418 0.6716418 0.6492537
0.641791 0.5149254 0.6343284 0.5671642 0.5074627 0.6716418 0.5149254 0.5820896 0.619403 0.5 0.4850746
0.6148148 0.7037037 0.7185185 0.7925926 0.8148148 0.8592593 0.7555556 0.762963 0.762963 0.7259259 0.7111111
0.4592593 0.6074074 0.5111111 0.4814815 0.6814815 0.6222222 0.7481481 0.6962963 0.762963 0.7259259 0.7111111
0.6296296 0.7037037 0.7185185 0.7925926 0.9111111 0.8592593 0.8666667 0.762963 0.762963 0.7259259 0.7111111
0.1231884 0.1449275 0.2173913 0.2681159 0.3188406 0.3623188 0.3115942 0.3623188 0.4492754 0.442029 0.4855072
0.5639098 0.5639098 0.5112782 0.5639098 0.4887218 0.4511278 0.4285714 0.4511278 0.4962406 0.4360902 0.443609
0.3714286 0.4357143 0.5428571 0.6714286 0.7214286 0.6714286 0.7857143 0.75 0.6785714 0.6571429 0.6214286
0.3706294 0.3356643 0.3496503 0.4195804 0.4125874 0.4125874 0.4825175 0.4895105 0.4755245 0.4685315 0.5314685
0.8076923 0.7 0.7 0.6384615 0.6692308 0.7384615 0.6846154 0.5769231 0.5769231 0.5461538 0.5461538
0.1832061 0.1984733 0.1068702 0.1374046 0.1068702 0.09160305 0.07633588 0.07633588 0.08396947 0.09160305 0.07633588
0.7571429 0.6642857 0.6428571 0.7642857 0.7428571 0.7785714 0.8285714 0.7285714 0.7214286 0.6285714 0.65
0.8115942 0.8623188 0.8478261 0.8623188 0.8985507 0.8333333 0.789855 0.6811594 0.7173913 0.6666667 0.6449275
0 0.006993007 0.006993007 0 0.01398601 0.02797203 0.02797203 0.04195804 0.08391608 0.0979021 0.1048951
0.15 0.1285714 0.07857143 0.04285714 0.02857143 0.02142857 0.01428571 0.007142857 0 0 0
0.6412214 0.5648855 0.610687 0.6412214 0.5877863 0.5801527 0.5954198 0.5038168 0.5267176 0.4885496 0.4961832
0.1785714 0.1928571 0.1785714 0.2142857 0.1714286 0.2571429 0.2 0.1642857 0.3 0.2357143 0.2214286
0.776923 0.6230769 0.6307692 0.6076923 0.7 0.6230769 0.6461538 0.6153846 0.5769231 0.6153846 0.6153846
0.9384615 0.9076923 0.9 0.876923 0.9076923 0.876923 0.823077 0.7923077 0.7230769 0.6846154 0.7076923
0.2671756 0.2519084 0.3053435 0.3358779 0.3740458 0.519084 0.4580153 0.5801527 0.5648855 0.5648855 0.5801527
0.1428571 0.1428571 0.1353383 0.1278195 0.09022556 0.1052632 0.1052632 0.1428571 0.1278195 0.1578947 0.2030075
0.4661654 0.4962406 0.4586466 0.4962406 0.4135338 0.4210526 0.4661654 0.5037594 0.4887218 0.4511278 0.481203
0.9850746 0.880597 0.8432836 0.8880597 0.8656716 0.8283582 0.8507463 0.7462687 0.6716418 0.6716418 0.6492537
0.03623188 0.02898551 0.03623188 0.04347826 0.07246377 0.1231884 0.1304348 0.1739130 0.2246377 0.2028986 0.2681159
0.7407407 0.7259259 0.6888889 0.7555556 0.6074074 0.6592593 0.7481481 0.762963 0.762963 0.7259259 0.7111111
0.5289855 0.4130435 0.5144928 0.4202899 0.4275362 0.384058 0.4202899 0.4275362 0.4202899 0.384058 0.3405797
0.5877863 0.6335878 0.5954198 0.6412214 0.6259542 0.6259542 0.5954198 0.6412214 0.7251908 0.6412214 0.6717557
0.1629630 0.1703704 0.1333333 0.1851852 0.2 0.1629630 0.1777778 0.1481481 0.2 0.1629630 0.1481481
0.8768116 0.8695652 0.8478261 0.8695652 0.8985507 0.8333333 0.789855 0.7246377 0.7173913 0.6666667 0.6449275
0.1804511 0.1879699 0.1729323 0.3233083 0.2556391 0.3308271 0.3684211 0.3759398 0.3233083 0.4360902 0.443609
0.9571429 0.8642857 0.9 0.8285714 0.8642857 0.8214286 0.7857143 0.75 0.6785714 0.6571429 0.6214286
0.5642857 0.5428571 0.5214286 0.5571429 0.5214286 0.4857143 0.4357143 0.45 0.3714286 0.3571429 0.4
0.1357143 0.1142857 0.08571429 0.05714286 0.1357143 0.06428571 0.05714286 0.05 0.05714286 0.06428571 0.07142857
0.4285714 0.4135338 0.406015 0.443609 0.4511278 0.4210526 0.4285714 0.5037594 0.4661654 0.5037594 0.5037594
0.5789474 0.5864662 0.4962406 0.5789474 0.4661654 0.5413534 0.518797 0.5338346 0.5488722 0.5112782 0.5413534
0.3357143 0.3214286 0.3357143 0.3928571 0.3857143 0.4428571 0.4 0.4142857 0.4 0.4285714 0.4857143
0.3582090 0.4029851 0.3880597 0.4029851 0.3059701 0.3208955 0.3134328 0.2761194 0.2611940 0.2686567 0.2761194
0.07462687 0.05223881 0.07462687 0.1268657 0.2164179 0.2388060 0.2686567 0.3134328 0.3283582 0.3507463 0.3358209
0.2097902 0.3006993 0.2657343 0.3356643 0.3426573 0.3776224 0.3706294 0.3566434 0.4125874 0.4475524 0.3776224
0.6740741 0.6814815 0.6814815 0.7259259 0.7185185 0.7555556 0.6074074 0.6074074 0.5333333 0.562963 0.5555556
0.6076923 0.6076923 0.5769231 0.6153846 0.6153846 0.7384615 0.7230769 0.7923077 0.7230769 0.6846154 0.7076923
0.8695652 0.8623188 0.789855 0.8623188 0.768116 0.8333333 0.789855 0.7246377 0.7173913 0.6666667 0.6449275
0.3282443 0.389313 0.4274809 0.4122137 0.5114504 0.5038168 0.4580153 0.4656489 0.4580153 0.4198473 0.4274809
0.95 0.9214286 0.9071429 0.8857143 0.8714286 0.7785714 0.8285714 0.7285714 0.7214286 0.6285714 0.65
0.7555556 0.7259259 0.8148148 0.8518519 0.9111111 0.8592593 0.8666667 0.762963 0.762963 0.7259259 0.7111111
0.9384615 0.9538462 0.9538462 0.876923 0.9076923 0.876923 0.823077 0.7923077 0.7230769 0.6846154 0.7076923
0.02307692 0.02307692 0.02307692 0.02307692 0.05384615 0.06923077 0.1076923 0.1230769 0.1307692 0.1769231 0.2153846
0.3283582 0.380597 0.3358209 0.2611940 0.2611940 0.2014925 0.2014925 0.1492537 0.09701493 0.05970149 0.07462687
0.2391304 0.1884058 0.2971014 0.2391304 0.1811594 0.2536232 0.1594203 0.1521739 0.1884058 0.1666667 0.2173913
0.6928571 0.7857143 0.7928571 0.7642857 0.8714286 0.7142857 0.6785714 0.6642857 0.6214286 0.6285714 0.65
0.8695652 0.826087 0.8478261 0.9347826 0.8985507 0.8333333 0.789855 0.7246377 0.7173913 0.6666667 0.6449275
0.2714286 0.2357143 0.1857143 0.2071429 0.1714286 0.1642857 0.1214286 0.1071429 0.1 0.08571429 0.1
0.2923077 0.4076923 0.5076923 0.4615385 0.5846154 0.5153846 0.5230769 0.5615385 0.5538462 0.5615385 0.5692308
0.1428571 0.1578947 0.1428571 0.1954887 0.1729323 0.1428571 0.1729323 0.1804511 0.1804511 0.2481203 0.2406015
0.5263158 0.6090226 0.6015038 0.518797 0.6616541 0.7218045 0.6240602 0.6766917 0.6240602 0.6842105 0.6616541
0.09285714 0.08571429 0.1142857 0.1142857 0.1285714 0.2428571 0.2857143 0.2928571 0.3 0.3285714 0.2928571
0.2255639 0.1954887 0.2631579 0.2556391 0.2180451 0.2030075 0.2030075 0.2631579 0.2255639 0.2857143 0.2706767
0.2977099 0.4503817 0.3206107 0.3435115 0.3053435 0.2290076 0.2519084 0.1603053 0.1832061 0.1832061 0.1679389
0.5230769 0.4769231 0.5923077 0.6153846 0.6692308 0.6230769 0.7307692 0.7230769 0.7230769 0.6846154 0.7076923
0.07407407 0.05185185 0.06666667 0.05925926 0.05925926 0.08148148 0.07407407 0.1111111 0.1185185 0.1481481 0.1407407
0.04285714 0.05714286 0.03571429 0.01428571 0.01428571 0.02142857 0.02142857 0.02857143 0.03571429 0.02857143 0.01428571
0.641791 0.641791 0.6865672 0.5746269 0.6567164 0.5820896 0.5820896 0.641791 0.619403 0.6716418 0.6492537
0.03703704 0.03703704 0.02222222 0.02222222 0.007407407 0.02962963 0.007407407 0 0.007407407 0 0
0.8592593 0.8888889 0.8148148 0.8592593 0.8148148 0.8296296 0.7407407 0.6 0.637037 0.5777778 0.6074074
0.2571429 0.2357143 0.2857143 0.2857143 0.2928571 0.3642857 0.3214286 0.3571429 0.3714286 0.35 0.3357143
0.6917293 0.6165414 0.6466165 0.6541353 0.6466165 0.7218045 0.6842105 0.6766917 0.6240602 0.6090226 0.5488722
0.6304348 0.7028986 0.7028986 0.6666667 0.5144928 0.5724638 0.5434783 0.5724638 0.557971 0.5289855 0.5434783
0.8615385 0.8384615 0.8307692 0.876923 0.7923077 0.876923 0.823077 0.7923077 0.7230769 0.6846154 0.7076923
0.1538462 0.1692308 0.1384615 0.1692308 0.1769231 0.1230769 0.1230769 0.2 0.1384615 0.1692308 0.1615385
0.7557252 0.6793893 0.7633588 0.7938931 0.9160305 0.7709924 0.7862595 0.7480916 0.7251908 0.6946565 0.6717557
0.5652174 0.5 0.5144928 0.4637681 0.4492754 0.4202899 0.4202899 0.4275362 0.4782609 0.442029 0.4927536
0.5846154 0.6230769 0.5461538 0.4692308 0.3846154 0.4 0.3307692 0.2384615 0.2230769 0.1923077 0.1769231
0.8592593 0.8888889 0.9333333 0.8592593 0.8666667 0.8296296 0.7407407 0.7259259 0.7185185 0.6444444 0.6444444
0.5149254 0.5970149 0.6343284 0.6865672 0.8656716 0.761194 0.8507463 0.7462687 0.6716418 0.6716418 0.6492537
0.7259259 0.7555556 0.7925926 0.7925926 0.8148148 0.7703704 0.8666667 0.7037037 0.762963 0.7259259 0.7111111
