0.2857143 0.2556391 0.2255639 0.2105263 0.08270677 0.09774436 0.06766917 0.05263158 0.05263158 0.05263158 0.03759398
0.8778626 0.8167939 0.7633588 0.8167939 0.6793893 0.7328244 0.870229 0.6793893 0.7709924 0.7328244 0.6641221
0.3455882 0.2720588 0.2867647 0.3161765 0.2720588 0.3382353 0.2794118 0.2426471 0.3088235 0.3308824 0.3823529
0.8538462 0.7923077 0.8384615 0.8923077 0.8461538 0.8076923 0.823077 0.7153846 0.7615385 0.7076923 0.6461538
0.8473282 0.8396947 0.8167939 0.9389313 0.9007634 0.8015267 0.870229 0.7557252 0.7709924 0.7328244 0.6641221
0.2835821 0.3134328 0.2910448 0.2611940 0.2686567 0.2835821 0.2761194 0.3208955 0.2985075 0.2686567 0.2686567
0.965035 0.951049 0.916084 0.944056 0.8531469 0.8321678 0.8601399 0.7902098 0.7062937 0.6853147 0.6993007
0.4705882 0.3823529 0.5 0.5 0.4632353 0.5808824 0.5735294 0.5882353 0.7058824 0.6838235 0.6838235
0.5664336 0.5734266 0.5734266 0.6783217 0.5734266 0.5804196 0.7482517 0.6783217 0.5664336 0.6363636 0.6993007
0.2611940 0.2686567 0.1641791 0.1194030 0.1716418 0.1567164 0.1567164 0.1865672 0.1641791 0.1940299 0.1865672
0.8091603 0.7709924 0.7633588 0.7251908 0.7938931 0.8473282 0.7938931 0.7557252 0.7709924 0.7328244 0.6641221
0.6390977 0.6691729 0.6766917 0.7669173 0.6992481 0.6917293 0.7142857 0.7518797 0.6917293 0.6766917 0.6691729
0.1641791 0.2238806 0.2238806 0.2537313 0.2985075 0.2835821 0.3283582 0.2910448 0.3059701 0.3358209 0.3134328
0.7730496 0.716312 0.7092199 0.751773 0.6170213 0.5673759 0.5957447 0.5319149 0.5744681 0.5319149 0.4964539
0.7164179 0.7089552 0.7462687 0.7537313 0.761194 0.7014925 0.7238806 0.7014925 0.7238806 0.6268657 0.5820896
0.3582090 0.4104478 0.4402985 0.4402985 0.4776119 0.4253731 0.4402985 0.4626866 0.4552239 0.4626866 0.4701493
0.4402985 0.3731343 0.3432836 0.3432836 0.3358209 0.2686567 0.2910448 0.2835821 0.3134328 0.2686567 0.2686567
0.3609023 0.3157895 0.2481203 0.2857143 0.2706767 0.2481203 0.2330827 0.1578947 0.1729323 0.1804511 0.2105263
0.1029412 0.1102941 0.1838235 0.1691176 0.2205882 0.2426471 0.2794118 0.3308824 0.3161765 0.3382353 0.3382353
0.7279412 0.7205882 0.757353 0.8014706 0.7132353 0.7352941 0.7867647 0.742647 0.7058824 0.6838235 0.6838235
0.5895522 0.6716418 0.6641791 0.7014925 0.5447761 0.6492537 0.7238806 0.7014925 0.5820896 0.6268657 0.5522388
0.6917293 0.6015038 0.6240602 0.5864662 0.5263158 0.4887218 0.4887218 0.5263158 0.4887218 0.5037594 0.4661654
0.3134328 0.3432836 0.3283582 0.2835821 0.3358209 0.3283582 0.3134328 0.2835821 0.2537313 0.3059701 0.3283582
0.8721805 0.9398496 0.8646617 0.887218 0.8646617 0.8421053 0.8345865 0.7518797 0.6917293 0.6766917 0.6691729
0.3049645 0.2553191 0.3191489 0.3333333 0.4113475 0.4184397 0.4184397 0.4255319 0.4468085 0.4042553 0.4468085
0.2671756 0.2671756 0.2137405 0.2213740 0.1450382 0.1374046 0.1374046 0.1526718 0.1526718 0.1832061 0.1679389
0.1846154 0.2538462 0.2230769 0.2538462 0.2692308 0.2923077 0.2769231 0.3307692 0.3538462 0.3846154 0.4076923
0.849624 0.6842105 0.7218045 0.6015038 0.5263158 0.3984962 0.3684211 0.2857143 0.2406015 0.1729323 0.1879699
0.1468531 0.1888112 0.1608392 0.1958042 0.2447552 0.2657343 0.3076923 0.3636364 0.4055944 0.4545455 0.4195804
0.03496503 0.04195804 0.03496503 0.02097902 0.02097902 0.02797203 0.02097902 0.02097902 0.02797203 0.02797203 0.02797203
0.5864662 0.5639098 0.556391 0.518797 0.481203 0.3383459 0.3759398 0.2481203 0.2030075 0.1804511 0.1654135
0.6433566 0.6643357 0.7132867 0.7272727 0.7412587 0.7482517 0.7482517 0.7902098 0.7062937 0.6853147 0.6993007
0.05882353 0.03676471 0.02205882 0.007352941 0.007352941 0.007352941 0.02205882 0.007352941 0.02205882 0.02205882 0.02941176
0.3880597 0.3656716 0.3134328 0.2313433 0.1492537 0.1417910 0.07462687 0.06716418 0.04477612 0.02985075 0.02985075
0.5522388 0.6268657 0.6268657 0.5895522 0.5597015 0.5895522 0.5522388 0.5447761 0.7238806 0.5671642 0.5820896
0.389313 0.4274809 0.389313 0.4580153 0.4427481 0.5267176 0.5267176 0.5343511 0.5572519 0.5877863 0.5496183
0.4692308 0.5307692 0.5846154 0.5846154 0.6461538 0.6461538 0.823077 0.6230769 0.7615385 0.7076923 0.6461538
0.1764706 0.1470588 0.1102941 0.09558824 0.02941176 0.02205882 0.02205882 0 0.01470588 0 0.007352941
0.1044776 0.06716418 0.04477612 0.05223881 0.07462687 0.04477612 0.05970149 0.08955224 0.05223881 0.08955224 0.1044776
0.1102941 0.08088235 0.08088235 0.1029412 0.07352941 0.125 0.125 0.1470588 0.1470588 0.1911765 0.1470588
0.6769231 0.6384615 0.5846154 0.5461538 0.5 0.4846154 0.4846154 0.5 0.4923077 0.5846154 0.5615385
0.9465649 0.9694656 0.9160305 0.9389313 0.9007634 0.8473282 0.870229 0.7557252 0.7709924 0.7328244 0.6641221
0.4885496 0.5114504 0.4885496 0.4503817 0.5343511 0.4351145 0.3511450 0.3511450 0.2900763 0.2290076 0.1908397
0.5149254 0.5970149 0.5149254 0.5895522 0.4477612 0.4328358 0.4253731 0.4104478 0.3880597 0.4029851 0.4104478
0.4965035 0.5104895 0.5384615 0.5314685 0.6433566 0.5174825 0.6153846 0.6783217 0.6993007 0.6713287 0.6503497
0.4893617 0.5177305 0.5177305 0.4964539 0.5106383 0.5531915 0.5531915 0.6028369 0.4893617 0.5531915 0.5602837
0.2611940 0.3358209 0.2164179 0.2388060 0.2537313 0.2238806 0.2014925 0.1716418 0.1641791 0.1940299 0.1865672
0.5664336 0.5734266 0.5804196 0.4755245 0.5314685 0.4965035 0.5734266 0.5944056 0.5384615 0.5454545 0.5804196
0.7615385 0.8461538 0.823077 0.6384615 0.7 0.7615385 0.823077 0.7153846 0.7615385 0.7076923 0.6461538
0.8721805 0.8947368 0.8646617 0.887218 0.8646617 0.8421053 0.8345865 0.7518797 0.6917293 0.6766917 0.6691729
0.5413534 0.6090226 0.556391 0.5864662 0.5112782 0.4887218 0.4887218 0.4511278 0.481203 0.5037594 0.518797
0.2611940 0.2014925 0.2835821 0.2910448 0.2537313 0.2537313 0.2761194 0.2611940 0.2835821 0.3059701 0.3208955
0.9307692 0.9153846 0.8384615 0.8923077 0.8461538 0.8076923 0.823077 0.7153846 0.7615385 0.7076923 0.6461538
0.8881119 0.923077 0.8811189 0.8251748 0.8671329 0.7762238 0.7762238 0.7692308 0.6993007 0.6713287 0.6503497
0.6865672 0.641791 0.6268657 0.5820896 0.5820896 0.5298507 0.5671642 0.5597015 0.5597015 0.5671642 0.5373134
0.5746269 0.5522388 0.5597015 0.6044776 0.6119403 0.5895522 0.641791 0.6343284 0.6268657 0.6119403 0.5895522
0.7588652 0.7659574 0.8368794 0.751773 0.8085106 0.7659574 0.6879433 0.6170213 0.7021277 0.6879433 0.6453901
0.1654135 0.1954887 0.1654135 0.09022556 0.1729323 0.09022556 0.1052632 0.08270677 0.08270677 0.05263158 0.05263158
0.2686567 0.3208955 0.2686567 0.2014925 0.1641791 0.09701493 0.1417910 0.07462687 0.1044776 0.08955224 0.07462687
0.1692308 0.2076923 0.2153846 0.2615385 0.3461538 0.3538462 0.3692308 0.3230769 0.3153846 0.3230769 0.3153846
0.6412214 0.5648855 0.6412214 0.5877863 0.5648855 0.4656489 0.5648855 0.4961832 0.4427481 0.389313 0.3740458
0.1044776 0.1119403 0.05970149 0.08955224 0.1194030 0.05223881 0.1194030 0.1268657 0.1492537 0.1417910 0.1492537
0.3656716 0.4328358 0.380597 0.4104478 0.3283582 0.2835821 0.2388060 0.1567164 0.1492537 0.1417910 0.1417910
0.962406 0.9398496 0.9398496 0.887218 0.8646617 0.8421053 0.8345865 0.7518797 0.6917293 0.6766917 0.6691729
0.7153846 0.776923 0.6384615 0.6076923 0.7076923 0.6461538 0.7076923 0.7153846 0.5923077 0.7076923 0.6461538
0.2631579 0.2556391 0.2030075 0.1804511 0.2255639 0.2330827 0.1804511 0.2180451 0.2180451 0.2255639 0.2481203
0.8538462 0.8461538 0.8384615 0.8923077 0.8461538 0.7615385 0.823077 0.7153846 0.7615385 0.7076923 0.6461538
0.08088235 0.06617647 0.07352941 0.07352941 0.1029412 0.1544118 0.1617647 0.2426471 0.3014706 0.3382353 0.3823529
0.8601399 0.8741259 0.916084 0.944056 0.8531469 0.8321678 0.8601399 0.7902098 0.7062937 0.6853147 0.6993007
0.7230769 0.6384615 0.7307692 0.5846154 0.5 0.5 0.4692308 0.4769231 0.4384615 0.3769231 0.3384615
0.4468085 0.5106383 0.4609929 0.4964539 0.4184397 0.4184397 0.4326241 0.3971631 0.4113475 0.3262411 0.3120567
0.2587413 0.2937063 0.2797203 0.2797203 0.3006993 0.2937063 0.3356643 0.3636364 0.3846154 0.3356643 0.3846154
0.1567164 0.1716418 0.06716418 0.08955224 0.08208955 0.1194030 0.09701493 0.1044776 0.06716418 0.05970149 0.03731343
0.9307692 0.9153846 0.9 0.8923077 0.8461538 0.8076923 0.7076923 0.7153846 0.7615385 0.7076923 0.6461538
0.1230769 0.0923077 0.1769231 0.1538462 0.1846154 0.2461538 0.2384615 0.2307692 0.2307692 0.2538462 0.3153846
0.2835821 0.2462687 0.3134328 0.3283582 0.3208955 0.3582090 0.3955224 0.380597 0.4552239 0.4253731 0.4179104
0.9465649 0.8473282 0.9160305 0.9389313 0.9007634 0.8473282 0.870229 0.7557252 0.7709924 0.7328244 0.6641221
0.6044776 0.5522388 0.5597015 0.6492537 0.6641791 0.619403 0.5820896 0.6119403 0.5671642 0.4925373 0.5149254
0.619403 0.6492537 0.7238806 0.738806 0.8208955 0.7537313 0.8358209 0.7014925 0.6865672 0.6716418 0.6567164
0.4701493 0.5522388 0.5223881 0.5298507 0.5597015 0.6940299 0.6940299 0.6343284 0.6865672 0.6716418 0.6567164
0.5970149 0.5970149 0.6567164 0.7014925 0.6268657 0.8134328 0.8059701 0.7910448 0.7238806 0.7089552 0.6567164
0.01538462 0.01538462 0.02307692 0.03846154 0.0923077 0.1307692 0.1307692 0.2 0.2307692 0.3076923 0.3307692
0.6044776 0.6940299 0.641791 0.5 0.4850746 0.4701493 0.4104478 0.4029851 0.4104478 0.4179104 0.3880597
0.3984962 0.4887218 0.6015038 0.6015038 0.7744361 0.7669173 0.8345865 0.7518797 0.6917293 0.6766917 0.6691729
0.3900709 0.4609929 0.4468085 0.4822695 0.4751773 0.5531915 0.5531915 0.6028369 0.5886525 0.6099291 0.5744681
0.7720588 0.8529412 0.7205882 0.8897059 0.8235294 0.7352941 0.6470588 0.742647 0.625 0.6029412 0.6838235
0.3076923 0.3076923 0.2937063 0.2727273 0.2517483 0.1818182 0.1468531 0.1468531 0.1538462 0.1328671 0.1188811
0.7686567 0.7089552 0.858209 0.7910448 0.858209 0.7537313 0.8358209 0.7014925 0.6865672 0.6716418 0.6567164
0.8283582 0.8955224 0.858209 0.738806 0.8208955 0.8507463 0.7089552 0.7014925 0.6865672 0.6716418 0.6567164
0 0 0.006993007 0 0.006993007 0.006993007 0.02797203 0.02797203 0.04895105 0.05594406 0.0979021
0.1230769 0.1538462 0.1307692 0.07692308 0.04615385 0.04615385 0.03076923 0.01538462 0 0.007692308 0.007692308
0.5714286 0.518797 0.5789474 0.5413534 0.481203 0.4511278 0.4586466 0.5263158 0.4887218 0.4661654 0.4661654
0.1940299 0.2313433 0.1641791 0.2835821 0.3208955 0.2686567 0.2835821 0.2761194 0.2910448 0.3059701 0.3955224
0.7234043 0.8085106 0.7375887 0.751773 0.716312 0.7092199 0.6453901 0.6170213 0.7021277 0.6099291 0.6453901
0.9432624 0.9574468 0.858156 0.8652482 0.8723404 0.8439716 0.787234 0.7730496 0.7021277 0.6879433 0.716312
0.2781955 0.3759398 0.4135338 0.406015 0.518797 0.5037594 0.4887218 0.5639098 0.5789474 0.6766917 0.6691729
0.1985294 0.1323529 0.1470588 0.1544118 0.07352941 0.125 0.09558824 0.1397059 0.1176471 0.1397059 0.1397059
0.5263158 0.5112782 0.4511278 0.4736842 0.3909774 0.4511278 0.4586466 0.4586466 0.481203 0.481203 0.4360902
0.9465649 0.908397 0.8167939 0.9389313 0.9007634 0.8473282 0.870229 0.7557252 0.7709924 0.7328244 0.6641221
0.03076923 0.03076923 0.04615385 0.05384615 0.04615385 0.1230769 0.07692308 0.1307692 0.1615385 0.1769231 0.1769231
0.7462687 0.8208955 0.7537313 0.7761194 0.6567164 0.7014925 0.641791 0.7910448 0.7238806 0.7089552 0.6567164
0.380597 0.4104478 0.3656716 0.4328358 0.3582090 0.3731343 0.3507463 0.3731343 0.3134328 0.3432836 0.2985075
0.6923077 0.6783217 0.6293706 0.7132867 0.7762238 0.7412587 0.7762238 0.6783217 0.6993007 0.6013986 0.6503497
0.1755725 0.2213740 0.1832061 0.2519084 0.2977099 0.259542 0.2442748 0.2366412 0.2213740 0.2290076 0.1984733
0.9770992 0.9160305 0.870229 0.9389313 0.9007634 0.8473282 0.870229 0.7557252 0.7709924 0.7328244 0.6641221
0.1230769 0.1 0.1461538 0.1538462 0.1769231 0.2461538 0.2384615 0.2538462 0.3153846 0.4153846 0.3384615
0.902985 0.902985 0.7686567 0.7910448 0.7761194 0.6268657 0.641791 0.6343284 0.6268657 0.6119403 0.5895522
0.5524476 0.5244755 0.5524476 0.4755245 0.4615385 0.4965035 0.4685315 0.4475524 0.3986014 0.3706294 0.3356643
0.1268657 0.1417910 0.1567164 0.1194030 0.08955224 0.1417910 0.1044776 0.08208955 0.1492537 0.1119403 0.09701493
0.4580153 0.4732824 0.5267176 0.4580153 0.5419847 0.4656489 0.5038168 0.5496183 0.5267176 0.5343511 0.5267176
0.5307692 0.5769231 0.4153846 0.3923077 0.4769231 0.4230769 0.4307692 0.4076923 0.4461538 0.4692308 0.4384615
0.2836879 0.2695035 0.3191489 0.3333333 0.4042553 0.3617021 0.4326241 0.4326241 0.4468085 0.4680851 0.4964539
0.5298507 0.5970149 0.5 0.4850746 0.4850746 0.4328358 0.4328358 0.4104478 0.4104478 0.3582090 0.2910448
0.1428571 0.1428571 0.1954887 0.2406015 0.2781955 0.3007519 0.3082707 0.3308271 0.3759398 0.4210526 0.3909774
0.1769231 0.2230769 0.3153846 0.2615385 0.3230769 0.3384615 0.3692308 0.4076923 0.4461538 0.4384615 0.5307692
0.6492537 0.7014925 0.6567164 0.641791 0.6268657 0.7014925 0.641791 0.5447761 0.5149254 0.6268657 0.5522388
0.4477612 0.4925373 0.4776119 0.5522388 0.5597015 0.6343284 0.5597015 0.7014925 0.7238806 0.7089552 0.6567164
0.870229 0.8167939 0.870229 0.8854962 0.9007634 0.8473282 0.7938931 0.7557252 0.7709924 0.7328244 0.6641221
0.09160305 0.08396947 0.09923664 0.1450382 0.1755725 0.2213740 0.3664122 0.3358779 0.3816794 0.3664122 0.3664122
0.902985 0.902985 0.8358209 0.7910448 0.7761194 0.7462687 0.641791 0.6343284 0.6268657 0.6119403 0.5895522
0.902985 0.902985 0.8358209 0.7910448 0.7761194 0.7462687 0.641791 0.6343284 0.6268657 0.6119403 0.5895522
0.9770992 0.9694656 0.9160305 0.9389313 0.9007634 0.8473282 0.870229 0.7557252 0.7709924 0.7328244 0.6641221
0.02238806 0.01492537 0.02238806 0.02985075 0.05970149 0.08955224 0.09701493 0.1268657 0.1492537 0.1940299 0.1641791
0.2686567 0.2985075 0.2910448 0.2835821 0.2462687 0.1791045 0.1119403 0.1268657 0.1417910 0.09701493 0.09701493
0.3134328 0.3507463 0.3134328 0.3283582 0.2686567 0.2238806 0.2089552 0.1641791 0.1641791 0.1940299 0.1865672
0.7730496 0.7588652 0.8368794 0.751773 0.8085106 0.8439716 0.6950355 0.7730496 0.6524823 0.6879433 0.6453901
0.9465649 0.9694656 0.9160305 0.8854962 0.9007634 0.8015267 0.870229 0.7557252 0.7709924 0.7328244 0.6641221
0.3076923 0.2937063 0.3006993 0.2517483 0.2167832 0.2307692 0.1398601 0.08391608 0.1188811 0.0909091 0.07692308
0.4926471 0.4338235 0.5 0.5 0.4632353 0.5073529 0.4705882 0.4632353 0.5 0.4632353 0.4338235
0.2727273 0.2097902 0.2657343 0.2587413 0.2587413 0.2377622 0.1608392 0.2097902 0.2517483 0.2727273 0.2167832
0.5671642 0.6641791 0.6044776 0.5597015 0.7238806 0.738806 0.8358209 0.6343284 0.6865672 0.6716418 0.6567164
0.0923077 0.08461538 0.1769231 0.1461538 0.2307692 0.2692308 0.2769231 0.2692308 0.3692308 0.3307692 0.3692308
0.05970149 0.04477612 0.06716418 0.08955224 0.1641791 0.1716418 0.2238806 0.2537313 0.2462687 0.2238806 0.2164179
0.6343284 0.5895522 0.5820896 0.5671642 0.5820896 0.5522388 0.5522388 0.5597015 0.5223881 0.4850746 0.5
0.6343284 0.5895522 0.6119403 0.5895522 0.6791045 0.6268657 0.5820896 0.5671642 0.6268657 0.6119403 0.5895522
0.1194030 0.1716418 0.1567164 0.1417910 0.1492537 0.1641791 0.1417910 0.1492537 0.2238806 0.1865672 0.2462687
0.05882353 0.03676471 0.01470588 0.007352941 0.007352941 0.007352941 0.02205882 0.02205882 0.01470588 0.02205882 0.007352941
0.7720588 0.7205882 0.7205882 0.757353 0.75 0.6617647 0.6911765 0.6470588 0.625 0.6838235 0.6838235
0.09558824 0.07352941 0.05882353 0.02205882 0.02941176 0.007352941 0.02205882 0.02205882 0.01470588 0.02205882 0.007352941
0.902985 0.902985 0.7462687 0.7910448 0.7761194 0.619403 0.641791 0.5671642 0.6268657 0.6119403 0.5895522
0.2615385 0.3461538 0.2230769 0.3076923 0.3153846 0.3076923 0.3384615 0.3307692 0.3846154 0.4384615 0.4692308
0.8244275 0.778626 0.832061 0.8167939 0.7938931 0.7099237 0.7328244 0.5725191 0.5954198 0.519084 0.5725191
0.7633588 0.8015267 0.7633588 0.7938931 0.7480916 0.7251908 0.6564885 0.648855 0.6183206 0.5877863 0.5725191
0.882353 0.8602941 0.8970588 0.8897059 0.8235294 0.8088235 0.7867647 0.742647 0.7058824 0.6838235 0.6838235
0.1119403 0.1716418 0.1567164 0.1119403 0.1268657 0.1343284 0.1417910 0.1567164 0.1791045 0.1791045 0.2388060
0.8208955 0.7164179 0.8656716 0.7910448 0.880597 0.8507463 0.8358209 0.7014925 0.6865672 0.6716418 0.6567164
0.6307692 0.6230769 0.6384615 0.5461538 0.4230769 0.4538462 0.4769231 0.4692308 0.4923077 0.5076923 0.5615385
0.6716418 0.6567164 0.5895522 0.6268657 0.5298507 0.6492537 0.5373134 0.5149254 0.5 0.4776119 0.4104478
0.962406 0.9398496 0.9398496 0.887218 0.8646617 0.8421053 0.8345865 0.7518797 0.6917293 0.6766917 0.6691729
0.5671642 0.6641791 0.6492537 0.6716418 0.8208955 0.7014925 0.7238806 0.7910448 0.7238806 0.7089552 0.6567164
0.8473282 0.9160305 0.7633588 0.8167939 0.9007634 0.8015267 0.7938931 0.7557252 0.7709924 0.7328244 0.6641221
