0.2706767 0.3383459 0.2481203 0.2631579 0.1428571 0.1503759 0.06015038 0.05263158 0.06766917 0.07518797 0.06015038
0.778626 0.8091603 0.7328244 0.7480916 0.7480916 0.6793893 0.778626 0.7633588 0.7099237 0.6641221 0.6412214
0.3629630 0.2962963 0.2666667 0.2962963 0.2740741 0.3111111 0.2962963 0.3111111 0.3111111 0.3407407 0.3481481
0.9071429 0.8428571 0.8214286 0.8357143 0.8357143 0.7642857 0.8285714 0.7785714 0.7214286 0.7142857 0.65
0.8015267 0.8473282 0.908397 0.8778626 0.8396947 0.8473282 0.778626 0.7633588 0.7099237 0.6641221 0.6412214
0.2302158 0.2014388 0.2014388 0.2086331 0.3453237 0.2086331 0.2014388 0.2230216 0.3021583 0.2805755 0.2805755
0.9130435 0.9637681 0.8985507 0.8985507 0.8913043 0.8043478 0.8478261 0.7391304 0.7608696 0.768116 0.7028986
0.4428571 0.4571429 0.4714286 0.5 0.5714286 0.5785714 0.65 0.65 0.7214286 0.7142857 0.65
0.5214286 0.5785714 0.5785714 0.6428571 0.6571429 0.6642857 0.55 0.55 0.6357143 0.6357143 0.6142857
0.3714286 0.3285714 0.3428571 0.2071429 0.2785714 0.3214286 0.2714286 0.2285714 0.2357143 0.2571429 0.2571429
0.7753623 0.8188406 0.7391304 0.6884058 0.789855 0.7391304 0.7753623 0.7391304 0.7608696 0.768116 0.7028986
0.6594203 0.6666667 0.7391304 0.6884058 0.7173913 0.7391304 0.7608696 0.7391304 0.7608696 0.768116 0.7028986
0.2714286 0.2571429 0.2214286 0.1785714 0.2785714 0.25 0.2714286 0.2857143 0.3071429 0.2857143 0.3214286
0.8015267 0.7251908 0.6870229 0.7022901 0.6793893 0.6412214 0.6641221 0.6564885 0.5725191 0.5572519 0.5572519
0.7462687 0.8358209 0.7910448 0.7686567 0.7014925 0.6492537 0.6641791 0.7089552 0.6343284 0.5970149 0.5373134
0.2424242 0.2803030 0.3333333 0.3409091 0.3712121 0.4318182 0.4318182 0.4848485 0.4242424 0.5 0.4848485
0.3458647 0.3383459 0.3759398 0.3834586 0.3157895 0.3533835 0.3458647 0.3383459 0.3157895 0.3007519 0.2706767
0.2148148 0.1703704 0.2074074 0.2148148 0.1777778 0.1925926 0.2518519 0.3111111 0.2592593 0.2740741 0.3111111
0.1641791 0.2388060 0.3358209 0.3731343 0.3880597 0.3880597 0.4402985 0.380597 0.3582090 0.4402985 0.4179104
0.641791 0.5373134 0.7089552 0.6716418 0.7014925 0.7164179 0.7462687 0.8059701 0.7313433 0.7089552 0.6641791
0.530303 0.6287879 0.6287879 0.6363636 0.5681818 0.6212121 0.5606061 0.5227273 0.6363636 0.5151515 0.4090909
0.6136364 0.6439394 0.6439394 0.5984848 0.5151515 0.5454545 0.5227273 0.4848485 0.4545455 0.4772727 0.4393939
0.3458647 0.3609023 0.3308271 0.3308271 0.2556391 0.3458647 0.3233083 0.3308271 0.2932331 0.3157895 0.2932331
0.8421053 0.8947368 0.8571429 0.81203 0.8270677 0.8345865 0.849624 0.7218045 0.7142857 0.6842105 0.6240602
0.1969697 0.2803030 0.25 0.3030303 0.2954545 0.3787879 0.3636364 0.3636364 0.3712121 0.3257576 0.3560606
0.259542 0.2519084 0.1603053 0.2061069 0.1145038 0.1068702 0.1374046 0.1145038 0.1374046 0.1374046 0.129771
0.3629630 0.3629630 0.3555556 0.437037 0.4148148 0.3703704 0.4518519 0.4518519 0.437037 0.4962963 0.5111111
0.887218 0.7669173 0.6616541 0.593985 0.4736842 0.3834586 0.3533835 0.2706767 0.2030075 0.1654135 0.1203008
0.1739130 0.1811594 0.1449275 0.2391304 0.2391304 0.3550725 0.3478261 0.3913043 0.4057971 0.4565217 0.4492754
0.03731343 0.07462687 0.02985075 0.03731343 0.02985075 0.02238806 0.02985075 0.02238806 0.01492537 0.01492537 0.01492537
0.4074074 0.4592593 0.437037 0.4518519 0.437037 0.3703704 0.3407407 0.2962963 0.2740741 0.2 0.2370370
0.7266187 0.6330935 0.7769784 0.76259 0.7697842 0.7841727 0.7482014 0.7266187 0.6690647 0.705036 0.6618705
0.007462687 0.007462687 0.007462687 0 0 0 0 0 0 0 0.01492537
0.2824427 0.3664122 0.3511450 0.3053435 0.2671756 0.2137405 0.1374046 0.1374046 0.1068702 0.09923664 0.09160305
0.5496183 0.5038168 0.5648855 0.6183206 0.5877863 0.5801527 0.610687 0.6183206 0.6412214 0.6641221 0.6183206
0.3785714 0.3642857 0.3714286 0.4285714 0.4642857 0.4785714 0.4428571 0.5785714 0.5785714 0.5785714 0.5142857
0.4074074 0.4296296 0.4740741 0.5333333 0.5555556 0.6222222 0.6592593 0.7111111 0.6888889 0.6444444 0.6148148
0.2651515 0.2196970 0.1742424 0.1515152 0.1136364 0.06818182 0.04545455 0.03787879 0.03030303 0.02272727 0
0.1366906 0.09352518 0.1151079 0.05755396 0.07194245 0.1151079 0.1151079 0.1294964 0.1366906 0.1582734 0.1294964
0.129771 0.129771 0.07633588 0.09923664 0.09160305 0.1145038 0.1450382 0.1068702 0.1450382 0.1374046 0.129771
0.6590909 0.7424242 0.6363636 0.6363636 0.5757576 0.5454545 0.530303 0.5454545 0.5075758 0.5530303 0.5151515
0.9398496 0.9097744 0.9398496 0.8947368 0.8270677 0.8345865 0.849624 0.7218045 0.7142857 0.6842105 0.6240602
0.442029 0.442029 0.4782609 0.4565217 0.4347826 0.3768116 0.3260870 0.2681159 0.2028986 0.1811594 0.1811594
0.6641791 0.641791 0.6119403 0.5298507 0.6343284 0.4850746 0.5223881 0.4701493 0.4701493 0.4776119 0.4179104
0.8561151 0.8345324 0.7841727 0.7410072 0.8129496 0.676259 0.7410072 0.676259 0.6258993 0.5827338 0.6115108
0.3623188 0.4782609 0.4782609 0.3985507 0.4565217 0.4927536 0.4710145 0.5797101 0.5869565 0.5942029 0.5
0.4142857 0.35 0.3571429 0.3571429 0.3714286 0.2928571 0.2857143 0.2714286 0.2642857 0.2785714 0.2642857
0.5217391 0.4782609 0.5507246 0.5 0.5362319 0.5217391 0.4927536 0.5797101 0.5434783 0.6086957 0.6086957
0.8273381 0.8345324 0.7841727 0.7410072 0.8129496 0.76259 0.7410072 0.676259 0.6258993 0.5827338 0.6115108
0.9565217 0.942029 0.9347826 0.9057971 0.9130435 0.8043478 0.7971014 0.789855 0.7246377 0.6521739 0.6884058
0.6439394 0.5833333 0.5984848 0.5606061 0.5378788 0.5530303 0.4924242 0.5151515 0.5075758 0.4772727 0.4924242
0.2173913 0.2898551 0.2898551 0.2753623 0.3333333 0.2463768 0.2463768 0.3405797 0.2681159 0.2898551 0.2536232
0.8421053 0.8947368 0.8345865 0.81203 0.8270677 0.8345865 0.849624 0.7218045 0.7142857 0.6842105 0.6240602
0.9280576 0.9208633 0.8776978 0.8489209 0.8129496 0.76259 0.7410072 0.676259 0.6258993 0.5827338 0.6115108
0.676259 0.6546763 0.589928 0.5827338 0.5251799 0.5971223 0.5539568 0.5971223 0.5467626 0.5251799 0.5539568
0.589928 0.5683453 0.5827338 0.6043165 0.6258993 0.6115108 0.6258993 0.676259 0.6258993 0.5827338 0.6115108
0.7037037 0.7481481 0.7555556 0.762963 0.874074 0.8222222 0.7925926 0.7111111 0.6888889 0.562963 0.6148148
0.1127820 0.09022556 0.07518797 0.09774436 0.06015038 0.06015038 0.05263158 0.03007519 0.02255639 0.02255639 0.03007519
0.2463768 0.1956522 0.2173913 0.0942029 0.06521739 0.05797101 0.05797101 0.03623188 0.03623188 0.02898551 0.02898551
0.3703704 0.3777778 0.3555556 0.2888889 0.3333333 0.3629630 0.3555556 0.3185185 0.2814815 0.3111111 0.2888889
0.437037 0.4740741 0.5111111 0.4518519 0.437037 0.4222222 0.437037 0.4 0.3555556 0.3185185 0.3703704
0.09160305 0.0610687 0.06870229 0.06870229 0.09160305 0.08396947 0.09160305 0.09923664 0.1145038 0.129771 0.129771
0.3913043 0.2971014 0.3768116 0.3405797 0.2898551 0.2536232 0.1594203 0.1449275 0.1521739 0.08695652 0.0942029
0.9280576 0.9208633 0.8776978 0.733813 0.8129496 0.76259 0.7410072 0.676259 0.6258993 0.5827338 0.6115108
0.7348485 0.7651515 0.9015152 0.7878788 0.689394 0.6590909 0.7727273 0.75 0.7272727 0.689394 0.6060606
0.07518797 0.07518797 0.06015038 0.09774436 0.06015038 0.06015038 0.06766917 0.08270677 0.1578947 0.1428571 0.1729323
0.7835821 0.902985 0.7985075 0.8283582 0.8731343 0.8208955 0.8134328 0.8059701 0.7313433 0.7089552 0.6641791
0.0610687 0.0610687 0.06870229 0.05343511 0.1145038 0.09160305 0.1450382 0.1832061 0.3053435 0.3511450 0.3206107
0.8776978 0.8776978 0.9352518 0.8776978 0.8920863 0.8561151 0.7482014 0.7266187 0.6690647 0.705036 0.6618705
0.7251908 0.7480916 0.6564885 0.5954198 0.6030534 0.5725191 0.5648855 0.4732824 0.4274809 0.4198473 0.3664122
0.5217391 0.4492754 0.4855072 0.4492754 0.4855072 0.4492754 0.384058 0.3913043 0.3333333 0.3043478 0.2971014
0.2030075 0.2857143 0.2330827 0.2857143 0.3157895 0.3458647 0.2857143 0.3308271 0.3233083 0.3759398 0.3533835
0.2230216 0.2517986 0.294964 0.2589928 0.2733813 0.2589928 0.2374101 0.1654676 0.1510791 0.1510791 0.1438849
0.9477612 0.9328358 0.8880597 0.8283582 0.8731343 0.8208955 0.8134328 0.8059701 0.7313433 0.7089552 0.6641791
0.1925926 0.1629630 0.2296296 0.2518519 0.3037037 0.3333333 0.3555556 0.4740741 0.3925926 0.4962963 0.4518519
0.08888889 0.1259259 0.1333333 0.1111111 0.2148148 0.1925926 0.2518519 0.2074074 0.3259259 0.3111111 0.3111111
0.8478261 0.9637681 0.8985507 0.8985507 0.8913043 0.8043478 0.7753623 0.7391304 0.7608696 0.768116 0.7028986
0.6567164 0.619403 0.7164179 0.6268657 0.6119403 0.5074627 0.5746269 0.5373134 0.6343284 0.5522388 0.5522388
0.719697 0.7651515 0.6363636 0.780303 0.7727273 0.8712121 0.7727273 0.75 0.7272727 0.689394 0.6060606
0.3185185 0.3629630 0.4 0.4814815 0.4740741 0.6666667 0.5481481 0.6 0.6888889 0.6444444 0.6148148
0.5724638 0.6231884 0.6666667 0.7536232 0.8913043 0.8043478 0.8478261 0.7391304 0.7608696 0.768116 0.7028986
0.03816794 0.0610687 0.03816794 0.07633588 0.1145038 0.1526718 0.2519084 0.2900763 0.389313 0.4045802 0.4351145
0.5746269 0.5 0.5 0.4701493 0.5223881 0.4850746 0.4701493 0.4104478 0.4701493 0.4552239 0.4253731
0.4477612 0.5298507 0.5895522 0.6343284 0.7089552 0.7164179 0.8134328 0.8059701 0.7313433 0.7089552 0.6641791
0.3741007 0.3884892 0.4028777 0.4316547 0.4604317 0.4460432 0.5827338 0.4892086 0.618705 0.5827338 0.5467626
0.7697842 0.7913669 0.8057554 0.7482014 0.8129496 0.7841727 0.6690647 0.6690647 0.6258993 0.647482 0.5539568
0.2518519 0.2148148 0.2444444 0.1703704 0.1481481 0.1629630 0.1555556 0.1851852 0.1333333 0.1777778 0.1703704
0.7175573 0.7480916 0.7328244 0.8778626 0.7862595 0.7175573 0.7099237 0.7633588 0.7099237 0.6641221 0.6412214
0.7669173 0.7669173 0.7669173 0.7518797 0.7819549 0.7293233 0.6541353 0.7218045 0.7142857 0.6842105 0.6240602
0 0 0 0 0 0.007246377 0 0.02173913 0.04347826 0.06521739 0.06521739
0.1374046 0.1068702 0.06870229 0.05343511 0.04580153 0.03816794 0.02290076 0.01526718 0.007633588 0.007633588 0
0.7313433 0.6641791 0.641791 0.6641791 0.6492537 0.5820896 0.5746269 0.5671642 0.5746269 0.5074627 0.5447761
0.0909091 0.1212121 0.1212121 0.1439394 0.1212121 0.08333333 0.07575758 0.07575758 0.1287879 0.1515152 0.1893939
0.7642857 0.7785714 0.7785714 0.7428571 0.8357143 0.6428571 0.7214286 0.6428571 0.7214286 0.6428571 0.6142857
0.942446 0.9352518 0.9352518 0.8201439 0.8129496 0.8561151 0.7482014 0.7266187 0.6690647 0.705036 0.6618705
0.2318841 0.3260870 0.3550725 0.4057971 0.4637681 0.4492754 0.5362319 0.5724638 0.5434783 0.6086957 0.6884058
0.1666667 0.1969697 0.1666667 0.1515152 0.1287879 0.1818182 0.1287879 0.1439394 0.1742424 0.1969697 0.2424242
0.6222222 0.6814815 0.6296296 0.6814815 0.6222222 0.5703704 0.5185185 0.5333333 0.5333333 0.6444444 0.5407407
0.9565217 0.8768116 0.8550725 0.9057971 0.9130435 0.8043478 0.7971014 0.789855 0.7246377 0.6521739 0.6884058
0.03816794 0.0610687 0.03053435 0.03816794 0.07633588 0.07633588 0.1603053 0.1374046 0.1679389 0.2519084 0.2442748
0.8358209 0.9328358 0.7985075 0.7686567 0.7910448 0.7164179 0.8134328 0.738806 0.7313433 0.7089552 0.6641791
0.4511278 0.5112782 0.5037594 0.4511278 0.4285714 0.4511278 0.406015 0.4285714 0.3533835 0.3759398 0.3533835
0.4701493 0.5 0.6119403 0.5597015 0.5522388 0.6268657 0.6641791 0.6492537 0.7313433 0.6641791 0.6641791
0.1571429 0.1642857 0.1857143 0.2071429 0.2285714 0.1714286 0.1714286 0.1785714 0.1571429 0.1928571 0.2
0.9398496 0.8947368 0.8646617 0.8947368 0.8270677 0.8345865 0.849624 0.7218045 0.7142857 0.6842105 0.6240602
0.1037037 0.1259259 0.1333333 0.1481481 0.1629630 0.1851852 0.1925926 0.2074074 0.2962963 0.2740741 0.3259259
0.9565217 0.942029 0.9347826 0.8188406 0.8043478 0.8043478 0.7971014 0.789855 0.7246377 0.6521739 0.6884058
0.5251799 0.4892086 0.5539568 0.5179856 0.5035971 0.4532374 0.4892086 0.4604317 0.4532374 0.4244604 0.3956835
0.08695652 0.07246377 0.05797101 0.07246377 0.04347826 0.05072464 0.05072464 0.04347826 0.05797101 0.05072464 0.06521739
0.4701493 0.4253731 0.4029851 0.4328358 0.4925373 0.4477612 0.4776119 0.4477612 0.5074627 0.5074627 0.5373134
0.6428571 0.4714286 0.4714286 0.5357143 0.4642857 0.4785714 0.4 0.4642857 0.4357143 0.4714286 0.4071429
0.3884892 0.3453237 0.3956835 0.3669065 0.3956835 0.352518 0.4244604 0.4532374 0.4676259 0.4604317 0.4604317
0.3308271 0.3609023 0.3533835 0.3834586 0.3984962 0.3684211 0.3533835 0.3308271 0.3082707 0.3007519 0.2631579
0.1145038 0.1068702 0.1145038 0.1450382 0.1374046 0.2290076 0.3206107 0.3282443 0.389313 0.4045802 0.3740458
0.2030075 0.2030075 0.2330827 0.2857143 0.3233083 0.3533835 0.3533835 0.3609023 0.3759398 0.3759398 0.4135338
0.7424242 0.7954545 0.7651515 0.7348485 0.689394 0.6287879 0.5606061 0.5681818 0.5151515 0.530303 0.4848485
0.4477612 0.4104478 0.4925373 0.4850746 0.5223881 0.5820896 0.6044776 0.619403 0.5671642 0.7089552 0.6641791
0.9389313 0.9465649 0.908397 0.8778626 0.8396947 0.8473282 0.778626 0.7633588 0.7099237 0.6641221 0.6412214
0.05072464 0.07246377 0.1086957 0.1304348 0.2463768 0.2463768 0.2608696 0.3478261 0.3623188 0.3623188 0.3985507
0.9389313 0.9465649 0.908397 0.8778626 0.8396947 0.8473282 0.778626 0.7633588 0.7099237 0.6641221 0.6412214
0.939394 0.8484848 0.9015152 0.8787879 0.8560606 0.8712121 0.7727273 0.75 0.7272727 0.689394 0.6060606
0.9280576 0.9208633 0.8776978 0.8489209 0.8129496 0.76259 0.7410072 0.676259 0.6258993 0.5827338 0.6115108
0.01515152 0.02272727 0.03787879 0.01515152 0.06060606 0.0530303 0.03787879 0.06060606 0.07575758 0.09848485 0.1060606
0.2517986 0.2517986 0.2014388 0.2446043 0.1438849 0.08633094 0.09352518 0.07194245 0.08633094 0.05755396 0.05035971
0.2608696 0.1884058 0.2028986 0.2028986 0.1521739 0.1521739 0.1811594 0.1521739 0.1014493 0.1159420 0.1449275
0.7480916 0.8473282 0.7480916 0.740458 0.7480916 0.7175573 0.7099237 0.7633588 0.7099237 0.6641221 0.6412214
0.9565217 0.942029 0.9347826 0.9057971 0.9130435 0.8043478 0.7971014 0.789855 0.7246377 0.6521739 0.6884058
0.1666667 0.1590909 0.1136364 0.09848485 0.1060606 0.06818182 0.0530303 0.06818182 0.06060606 0.06060606 0.06818182
0.5428571 0.4785714 0.5357143 0.5571429 0.55 0.6428571 0.5214286 0.5785714 0.5214286 0.4928571 0.5214286
0.3407407 0.2518519 0.3185185 0.3851852 0.2666667 0.3259259 0.3629630 0.4148148 0.3629630 0.4 0.3703704
0.733813 0.6402878 0.6546763 0.8489209 0.7266187 0.676259 0.7410072 0.676259 0.6258993 0.5827338 0.6115108
0.06818182 0.06060606 0.0530303 0.09848485 0.1439394 0.1136364 0.1287879 0.1060606 0.2121212 0.2272727 0.2424242
0.06521739 0.07246377 0.1086957 0.1159420 0.1304348 0.1304348 0.1884058 0.2246377 0.2826087 0.3188406 0.3260870
0.4104478 0.4104478 0.4029851 0.4253731 0.3432836 0.3731343 0.3880597 0.3432836 0.3582090 0.2985075 0.2910448
0.8057554 0.7266187 0.7841727 0.6834532 0.7266187 0.76259 0.7410072 0.676259 0.6258993 0.5827338 0.6115108
0.03816794 0.0610687 0.03053435 0.05343511 0.05343511 0.03816794 0.0610687 0.07633588 0.1068702 0.08396947 0.1068702
0.06818182 0.06060606 0.0530303 0.01515152 0.01515152 0.01515152 0.01515152 0.02272727 0.007575758 0.01515152 0.01515152
0.75 0.7121212 0.7348485 0.719697 0.5227273 0.6590909 0.5757576 0.5833333 0.5757576 0.5757576 0.6060606
0.1060606 0.09848485 0.06060606 0.0530303 0.01515152 0.02272727 0.01515152 0.03030303 0.02272727 0 0
0.942446 0.8776978 0.8561151 0.8776978 0.8920863 0.8561151 0.7482014 0.6834532 0.6402878 0.705036 0.6618705
0.2962963 0.2518519 0.2888889 0.4148148 0.3777778 0.4 0.4148148 0.4962963 0.4740741 0.5259259 0.4888889
0.7633588 0.7633588 0.6793893 0.6946565 0.7175573 0.6030534 0.6183206 0.5801527 0.610687 0.5572519 0.5343511
0.6766917 0.7067669 0.7368421 0.7518797 0.7218045 0.8345865 0.6015038 0.6090226 0.7142857 0.6842105 0.5714286
0.7985612 0.76259 0.7841727 0.8201439 0.8920863 0.8561151 0.7482014 0.7266187 0.6690647 0.705036 0.6618705
0.2101449 0.2246377 0.2681159 0.2753623 0.2681159 0.1811594 0.2318841 0.2101449 0.2028986 0.2318841 0.2028986
0.8188406 0.8768116 0.8188406 0.7971014 0.789855 0.8043478 0.8478261 0.7391304 0.7608696 0.768116 0.7028986
0.6618705 0.5323741 0.6043165 0.5251799 0.5683453 0.5107914 0.5827338 0.5251799 0.4820144 0.5755396 0.6258993
0.5323741 0.4892086 0.4820144 0.4172662 0.3309353 0.3165468 0.2446043 0.1942446 0.1654676 0.1582734 0.1151079
0.8421053 0.9097744 0.8571429 0.8947368 0.8270677 0.8345865 0.849624 0.7218045 0.7142857 0.6842105 0.6240602
0.6449275 0.6449275 0.731884 0.7101449 0.8043478 0.7463768 0.7028986 0.789855 0.7246377 0.6521739 0.6884058
0.6766917 0.7593985 0.7218045 0.8045113 0.7218045 0.6691729 0.631579 0.7218045 0.7142857 0.6842105 0.6240602
