0.024 0.032 0.022 0.016 0.024 0.008 0.006 0.006 0 0.004 0
0.252 0.216 0.214 0.19 0.202 0.214 0.13 0.146 0.116 0.092 0.076
0.006 0.004 0.006 0.01 0.006 0.004 0 0.004 0 0.002 0
0.01 0.01 0.006 0.01 0.002 0.002 0.004 0 0 0 0
0.256 0.26 0.268 0.246 0.24 0.25 0.246 0.25 0.208 0.18 0.174
0.002 0.004 0 0 0.004 0 0 0 0 0 0
0.078 0.07 0.078 0.034 0.032 0.028 0.014 0.012 0.002 0.01 0.004
0.154 0.13 0.166 0.186 0.21 0.256 0.252 0.254 0.306 0.26 0.296
0.028 0.016 0.02 0.01 0.008 0.006 0.002 0.002 0 0 0
0.048 0.042 0.042 0.024 0.014 0.024 0.016 0.008 0.006 0.002 0
0.258 0.246 0.222 0.206 0.2 0.172 0.164 0.134 0.108 0.08 0.078
0.038 0.036 0.036 0.028 0.032 0.01 0.02 0.026 0.028 0.03 0.022
0.008 0.014 0.01 0.01 0.012 0.01 0.012 0.006 0.008 0.01 0.008
0.148 0.156 0.136 0.146 0.126 0.086 0.1 0.054 0.052 0.048 0.042
0.162 0.16 0.148 0.156 0.158 0.158 0.142 0.186 0.132 0.156 0.12
0.188 0.186 0.238 0.194 0.26 0.272 0.28 0.324 0.294 0.27 0.278
0.346 0.338 0.25 0.228 0.206 0.154 0.122 0.1 0.09 0.066 0.048
0.026 0.028 0.012 0.012 0.016 0.014 0.006 0.006 0.002 0 0.002
0.07 0.044 0.056 0.044 0.04 0.024 0.028 0.016 0.012 0.018 0.022
0.052 0.054 0.054 0.06 0.058 0.064 0.052 0.054 0.028 0.054 0.048
0.244 0.224 0.224 0.236 0.198 0.174 0.152 0.09 0.092 0.09 0.07
0.102 0.092 0.12 0.15 0.16 0.156 0.126 0.166 0.164 0.14 0.122
0.016 0.008 0.008 0.008 0.002 0.004 0 0.002 0 0.002 0
0.194 0.196 0.196 0.19 0.186 0.144 0.158 0.12 0.11 0.108 0.074
0.26 0.278 0.306 0.302 0.374 0.35 0.376 0.34 0.366 0.344 0.308
0.242 0.226 0.22 0.21 0.166 0.136 0.092 0.058 0.05 0.032 0.018
0.026 0.022 0.028 0.042 0.056 0.098 0.134 0.16 0.244 0.27 0.304
0.166 0.166 0.218 0.18 0.178 0.164 0.146 0.128 0.068 0.07 0.056
0.3 0.252 0.316 0.308 0.334 0.322 0.39 0.436 0.41 0.41 0.438
0.084 0.078 0.108 0.07 0.078 0.074 0.094 0.118 0.1 0.134 0.144
0.452 0.468 0.522 0.542 0.568 0.562 0.548 0.57 0.586 0.544 0.574
0.124 0.122 0.12 0.17 0.196 0.244 0.296 0.326 0.396 0.432 0.434
0.136 0.086 0.096 0.082 0.078 0.058 0.048 0.038 0.024 0.02 0.014
0.124 0.106 0.078 0.102 0.078 0.068 0.038 0.032 0.028 0.03 0.016
0.144 0.124 0.084 0.078 0.066 0.032 0.028 0.016 0.004 0 0.002
0.168 0.214 0.308 0.28 0.348 0.364 0.414 0.418 0.488 0.538 0.582
0.324 0.4 0.372 0.436 0.426 0.398 0.476 0.404 0.388 0.364 0.348
0.31 0.344 0.366 0.352 0.364 0.326 0.354 0.316 0.3 0.294 0.27
0.012 0.012 0.018 0.012 0.02 0.012 0.01 0.004 0.004 0 0
0.012 0.008 0.004 0.01 0 0.002 0.002 0 0 0 0
0.112 0.096 0.108 0.112 0.11 0.11 0.12 0.198 0.2 0.224 0.222
0.042 0.028 0.05 0.034 0.046 0.052 0.032 0.016 0.022 0.048 0.052
0.134 0.132 0.104 0.112 0.08 0.056 0.024 0.018 0.01 0.012 0.004
0.048 0.046 0.072 0.05 0.062 0.06 0.05 0.032 0.024 0.024 0.022
0.162 0.176 0.208 0.252 0.202 0.234 0.24 0.204 0.206 0.172 0.224
0.084 0.098 0.09 0.08 0.058 0.054 0.034 0.02 0.036 0.032 0.022
0.004 0.01 0.01 0.004 0.006 0.006 0 0 0 0 0
0.258 0.222 0.236 0.268 0.264 0.22 0.232 0.256 0.238 0.172 0.17
0.008 0.01 0.01 0.004 0 0.002 0 0 0 0 0.002
0.008 0.004 0 0.01 0 0.002 0 0 0 0 0
0.028 0.03 0.022 0.022 0.024 0.032 0.01 0.022 0.018 0.004 0.01
0.056 0.07 0.04 0.034 0.018 0.01 0.008 0.01 0 0 0
0.014 0.016 0.012 0.01 0.006 0.014 0.01 0.01 0.006 0.014 0.01
0.244 0.28 0.298 0.308 0.346 0.34 0.42 0.42 0.434 0.508 0.5
0.116 0.138 0.188 0.212 0.28 0.296 0.352 0.39 0.416 0.438 0.432
0.174 0.142 0.148 0.146 0.126 0.166 0.128 0.132 0.166 0.21 0.208
0.05 0.054 0.048 0.06 0.078 0.054 0.042 0.074 0.08 0.074 0.07
0.322 0.38 0.4 0.414 0.348 0.366 0.338 0.322 0.342 0.31 0.332
0.07 0.094 0.112 0.122 0.134 0.19 0.202 0.254 0.29 0.284 0.364
0.01 0.004 0.004 0 0.004 0.002 0 0 0.002 0 0
0.036 0.04 0.024 0.03 0.01 0.03 0.004 0.004 0.004 0.008 0.002
0.064 0.066 0.07 0.074 0.06 0.054 0.064 0.064 0.066 0.042 0.04
0.008 0.01 0.004 0.002 0 0.002 0 0.004 0 0 0
0.404 0.356 0.384 0.378 0.334 0.32 0.236 0.178 0.16 0.106 0.074
0.012 0.008 0.008 0.006 0.004 0 0 0 0 0 0
0.018 0.03 0.026 0.03 0.03 0.034 0.036 0.052 0.054 0.05 0.076
0.072 0.068 0.078 0.052 0.072 0.09 0.102 0.09 0.112 0.12 0.124
0.106 0.146 0.124 0.166 0.148 0.094 0.096 0.088 0.058 0.07 0.036
0.148 0.166 0.206 0.21 0.19 0.204 0.186 0.212 0.244 0.226 0.246
0.014 0.016 0.016 0.008 0.016 0.004 0.004 0.004 0.002 0 0.004
0.42 0.35 0.374 0.314 0.274 0.276 0.25 0.244 0.22 0.24 0.212
0.276 0.284 0.228 0.204 0.194 0.16 0.134 0.094 0.072 0.074 0.056
0.014 0.012 0.014 0 0.002 0.002 0.002 0 0 0.002 0
0.02 0.024 0.04 0.042 0.022 0.024 0.016 0.016 0.03 0.024 0.014
0.046 0.04 0.022 0.018 0.02 0.01 0.008 0.002 0.002 0 0
0.072 0.092 0.056 0.038 0.032 0.024 0.004 0.014 0.006 0 0
0.12 0.064 0.028 0.006 0.008 0.006 0.004 0 0.002 0 0
0.336 0.282 0.222 0.218 0.222 0.164 0.128 0.106 0.072 0.046 0.04
0.062 0.066 0.064 0.052 0.064 0.064 0.07 0.058 0.058 0.058 0.074
0.076 0.07 0.066 0.042 0.058 0.028 0.026 0.018 0.01 0.008 0.014
0.038 0.032 0.024 0.02 0.008 0.014 0.008 0.008 0.012 0.008 0.012
0.2 0.202 0.224 0.226 0.278 0.298 0.316 0.302 0.314 0.272 0.302
0.096 0.064 0.036 0.032 0.02 0.008 0.016 0.006 0.004 0 0
0.026 0.016 0.014 0.01 0.024 0.004 0 0.002 0.004 0 0
0.686 0.642 0.594 0.604 0.574 0.528 0.524 0.498 0.482 0.47 0.406
0.206 0.252 0.254 0.312 0.366 0.41 0.472 0.478 0.492 0.544 0.554
0.154 0.184 0.182 0.23 0.266 0.304 0.314 0.376 0.414 0.42 0.398
0.242 0.246 0.22 0.214 0.16 0.2 0.172 0.18 0.174 0.182 0.172
0.002 0.006 0.014 0.008 0.008 0.002 0.006 0 0.002 0 0
0.176 0.172 0.126 0.124 0.098 0.054 0.048 0.016 0.018 0.014 0
0.084 0.07 0.076 0.074 0.058 0.062 0.06 0.042 0.032 0.048 0.026
0.364 0.3 0.366 0.32 0.32 0.24 0.266 0.206 0.18 0.154 0.09
0.022 0.042 0.024 0.04 0.024 0.02 0.014 0.004 0.012 0 0
0.16 0.096 0.09 0.066 0.064 0.034 0.022 0.006 0.004 0.006 0.002
0.06 0.034 0.028 0.024 0.018 0.01 0.016 0.004 0.002 0.008 0.01
0.14 0.152 0.136 0.184 0.17 0.146 0.12 0.166 0.148 0.18 0.178
0.294 0.264 0.274 0.28 0.23 0.172 0.182 0.146 0.11 0.096 0.054
0.016 0.006 0.008 0.004 0.004 0.004 0.002 0.002 0.002 0.002 0
0.076 0.07 0.052 0.056 0.064 0.052 0.06 0.078 0.074 0.112 0.128
0.4 0.43 0.404 0.444 0.412 0.458 0.426 0.414 0.434 0.414 0.428
0.22 0.254 0.212 0.204 0.21 0.136 0.148 0.102 0.084 0.07 0.046
0.146 0.134 0.112 0.12 0.104 0.092 0.102 0.084 0.128 0.124 0.11
0.25 0.26 0.252 0.176 0.216 0.186 0.166 0.138 0.094 0.064 0.07
0.056 0.032 0.028 0.026 0.022 0.01 0.014 0.014 0.014 0.014 0.008
0.084 0.058 0.08 0.084 0.068 0.062 0.07 0.068 0.06 0.062 0.074
0.006 0.01 0.006 0 0.004 0 0.004 0.002 0.002 0 0
0.528 0.454 0.43 0.36 0.332 0.266 0.218 0.184 0.168 0.12 0.12
0.004 0.002 0.006 0.002 0 0.002 0 0 0 0 0
0.006 0.006 0.002 0.01 0 0 0.002 0.002 0 0 0
0.006 0.002 0.004 0.004 0.002 0 0 0 0 0 0
0.584 0.548 0.564 0.544 0.498 0.494 0.432 0.408 0.316 0.346 0.288
0.166 0.128 0.132 0.186 0.202 0.252 0.272 0.316 0.366 0.388 0.44
0.252 0.256 0.212 0.218 0.27 0.244 0.258 0.238 0.216 0.22 0.198
0.008 0.004 0.004 0.006 0.006 0 0.004 0 0 0 0
0.28 0.29 0.304 0.314 0.288 0.32 0.322 0.31 0.348 0.39 0.412
0.12 0.132 0.086 0.074 0.068 0.058 0.056 0.042 0.052 0.056 0.058
0.376 0.304 0.296 0.24 0.262 0.246 0.252 0.226 0.216 0.208 0.172
0.068 0.058 0.058 0.036 0.046 0.024 0.016 0.006 0.008 0.008 0.004
0.324 0.368 0.298 0.254 0.238 0.182 0.15 0.156 0.136 0.106 0.092
0.16 0.14 0.13 0.126 0.114 0.116 0.09 0.102 0.086 0.096 0.068
0.112 0.07 0.11 0.082 0.096 0.11 0.12 0.132 0.142 0.154 0.164
0.462 0.458 0.42 0.458 0.478 0.442 0.418 0.436 0.478 0.452 0.37
0.034 0.03 0.036 0.034 0.036 0.026 0.024 0.01 0.014 0.014 0.014
0.128 0.138 0.156 0.188 0.222 0.236 0.274 0.326 0.33 0.334 0.296
0.004 0.008 0.006 0.006 0.004 0.006 0.004 0.002 0.016 0 0
0.03 0.038 0.028 0.018 0.014 0.018 0.012 0.01 0.018 0.022 0.01
0.016 0.03 0.03 0.036 0.026 0.032 0.02 0.01 0.026 0.038 0.02
0.274 0.23 0.284 0.27 0.26 0.278 0.28 0.268 0.272 0.278 0.256
0.018 0.012 0.008 0.004 0.006 0.01 0.004 0 0 0.002 0
0.054 0.04 0.066 0.046 0.074 0.052 0.066 0.04 0.036 0.042 0.034
0.044 0.08 0.072 0.11 0.102 0.142 0.176 0.216 0.23 0.276 0.248
0.012 0.016 0.006 0.004 0.004 0 0 0.004 0 0 0
0.228 0.226 0.278 0.32 0.338 0.326 0.326 0.334 0.322 0.306 0.284
0.062 0.028 0.028 0.018 0.002 0.006 0 0 0 0.002 0
0.008 0.008 0.006 0.012 0.016 0.002 0 0 0.002 0 0
0.006 0.006 0.002 0.002 0.004 0.004 0 0.002 0 0 0
