0.038 0.036 0.022 0.024 0.014 0.022 0.006 0.006 0.004 0 0
0.166 0.172 0.194 0.154 0.174 0.144 0.122 0.116 0.08 0.076 0.058
0.016 0.006 0.02 0.004 0.01 0.004 0.002 0.004 0 0 0
0.018 0.014 0.008 0.004 0.006 0 0.008 0 0 0 0.002
0.314 0.298 0.292 0.31 0.306 0.276 0.254 0.21 0.144 0.204 0.14
0.008 0.008 0.006 0.004 0 0.002 0 0 0 0 0
0.034 0.048 0.074 0.038 0.052 0.044 0.02 0.014 0.016 0.01 0.01
0.086 0.092 0.11 0.086 0.12 0.12 0.13 0.16 0.166 0.15 0.172
0.042 0.054 0.036 0.04 0.022 0.01 0.006 0.008 0.002 0 0
0.074 0.05 0.068 0.024 0.034 0.032 0.012 0.006 0.008 0.002 0.004
0.346 0.312 0.234 0.246 0.206 0.206 0.15 0.108 0.114 0.074 0.042
0.014 0.036 0.01 0.01 0.008 0.02 0.01 0.006 0.008 0.002 0.004
0.006 0.012 0.008 0.008 0.002 0.01 0.002 0.01 0.008 0.016 0.008
0.106 0.138 0.096 0.122 0.114 0.094 0.088 0.07 0.054 0.026 0.05
0.158 0.148 0.19 0.198 0.162 0.178 0.2 0.202 0.24 0.214 0.19
0.102 0.102 0.116 0.116 0.134 0.132 0.11 0.094 0.118 0.144 0.128
0.352 0.308 0.266 0.188 0.17 0.162 0.162 0.104 0.096 0.054 0.056
0.028 0.018 0.02 0.012 0.014 0.004 0.006 0.004 0.002 0 0
0.052 0.074 0.034 0.038 0.034 0.05 0.024 0.042 0.024 0.032 0.018
0.08 0.068 0.06 0.07 0.072 0.064 0.056 0.058 0.066 0.064 0.058
0.346 0.294 0.298 0.278 0.228 0.19 0.186 0.148 0.12 0.086 0.09
0.172 0.196 0.202 0.206 0.148 0.144 0.168 0.206 0.16 0.158 0.11
0.03 0.028 0.022 0.002 0.012 0.002 0.002 0 0.002 0 0
0.204 0.206 0.22 0.246 0.208 0.162 0.168 0.18 0.142 0.146 0.124
0.214 0.236 0.264 0.292 0.344 0.314 0.292 0.25 0.26 0.248 0.202
0.306 0.318 0.29 0.222 0.244 0.19 0.128 0.116 0.116 0.064 0.048
0.036 0.03 0.038 0.054 0.056 0.092 0.116 0.16 0.184 0.218 0.26
0.204 0.194 0.19 0.204 0.138 0.096 0.098 0.086 0.042 0.036 0.036
0.498 0.462 0.522 0.46 0.522 0.56 0.566 0.572 0.576 0.614 0.622
0.012 0.022 0.018 0.034 0.036 0.052 0.068 0.114 0.146 0.17 0.206
0.634 0.614 0.682 0.698 0.674 0.682 0.644 0.726 0.678 0.742 0.706
0.108 0.148 0.158 0.222 0.246 0.312 0.368 0.388 0.418 0.448 0.514
0.116 0.124 0.088 0.066 0.038 0.046 0.028 0.014 0.022 0.014 0.014
0.172 0.146 0.138 0.108 0.09 0.064 0.056 0.042 0.028 0.018 0.012
0.162 0.114 0.082 0.082 0.044 0.046 0.036 0.01 0.008 0 0
0.164 0.244 0.318 0.31 0.476 0.496 0.542 0.59 0.616 0.618 0.664
0.326 0.33 0.332 0.308 0.33 0.282 0.272 0.206 0.208 0.18 0.186
0.338 0.33 0.312 0.304 0.278 0.282 0.23 0.212 0.194 0.202 0.214
0.054 0.064 0.048 0.036 0.024 0.04 0.048 0.032 0.008 0.016 0.006
0.01 0.002 0.006 0.004 0.004 0.004 0 0 0 0 0
0.112 0.09 0.108 0.114 0.142 0.16 0.194 0.242 0.266 0.302 0.27
0.07 0.05 0.03 0.032 0.046 0.06 0.044 0.038 0.024 0.02 0.02
0.168 0.112 0.098 0.07 0.058 0.052 0.036 0.016 0.008 0.004 0
0.12 0.124 0.116 0.1 0.082 0.07 0.062 0.054 0.044 0.048 0.03
0.082 0.104 0.132 0.162 0.186 0.222 0.268 0.272 0.328 0.366 0.348
0.056 0.07 0.082 0.054 0.042 0.046 0.034 0.032 0.01 0.008 0.008
0.022 0.008 0.01 0.014 0.01 0.012 0.004 0 0 0.002 0
0.166 0.168 0.188 0.184 0.164 0.12 0.136 0.132 0.128 0.082 0.068
0.018 0.002 0.002 0.002 0.002 0.002 0 0 0 0 0
0.006 0 0.004 0.004 0 0.002 0 0 0 0 0
0.008 0.016 0.008 0.004 0.004 0.002 0 0.004 0 0 0
0.052 0.034 0.03 0.03 0.014 0.01 0.008 0.002 0 0 0
0.028 0.032 0.03 0.014 0.018 0.014 0.012 0.01 0.008 0.006 0.008
0.16 0.168 0.166 0.222 0.254 0.274 0.308 0.344 0.4 0.416 0.406
0.256 0.266 0.302 0.35 0.44 0.472 0.534 0.598 0.6 0.63 0.648
0.214 0.19 0.162 0.182 0.166 0.184 0.172 0.188 0.188 0.196 0.242
0.058 0.054 0.04 0.044 0.036 0.03 0.042 0.044 0.048 0.04 0.04
0.422 0.44 0.416 0.404 0.394 0.404 0.384 0.346 0.342 0.348 0.31
0.146 0.134 0.166 0.19 0.2 0.256 0.314 0.316 0.388 0.43 0.402
0.032 0.016 0.01 0.012 0.002 0.004 0 0 0 0 0
0.098 0.098 0.082 0.06 0.058 0.042 0.024 0.01 0.006 0.006 0
0.118 0.118 0.11 0.084 0.126 0.084 0.064 0.074 0.058 0.062 0.056
0.014 0.02 0.024 0.01 0.008 0.01 0 0.002 0 0.004 0.002
0.402 0.384 0.342 0.348 0.354 0.33 0.268 0.186 0.168 0.12 0.08
0.022 0.008 0.008 0 0.004 0.002 0 0 0 0.002 0
0.01 0.028 0.018 0.024 0.018 0.034 0.048 0.046 0.058 0.06 0.078
0.07 0.056 0.062 0.042 0.06 0.056 0.062 0.058 0.054 0.07 0.05
0.232 0.24 0.228 0.236 0.25 0.184 0.2 0.18 0.158 0.106 0.116
0.256 0.224 0.264 0.24 0.218 0.216 0.234 0.234 0.244 0.244 0.236
0.008 0.014 0.006 0.004 0.004 0 0.002 0 0.002 0.002 0.002
0.254 0.256 0.24 0.17 0.132 0.126 0.1 0.068 0.07 0.048 0.024
0.208 0.15 0.162 0.164 0.128 0.09 0.08 0.06 0.048 0.062 0.036
0.01 0.01 0.006 0.004 0.004 0.002 0 0.002 0 0 0
0.044 0.034 0.03 0.02 0.02 0.018 0.016 0.01 0.01 0.002 0.01
0.024 0.022 0.02 0.012 0.006 0.004 0 0 0 0 0.002
0.048 0.026 0.036 0.026 0.024 0.004 0.006 0.01 0.002 0.004 0
0.068 0.048 0.04 0.014 0.02 0.006 0.002 0.004 0 0 0
0.462 0.482 0.436 0.354 0.308 0.296 0.256 0.208 0.186 0.154 0.15
0.084 0.074 0.088 0.09 0.094 0.112 0.094 0.088 0.096 0.058 0.096
0.078 0.078 0.086 0.058 0.046 0.056 0.028 0.04 0.032 0.02 0.014
0.026 0.03 0.016 0.014 0.002 0.004 0.014 0.008 0.006 0.006 0.01
0.206 0.214 0.224 0.246 0.248 0.258 0.212 0.282 0.274 0.254 0.306
0.118 0.078 0.086 0.038 0.028 0.022 0.002 0.004 0.006 0 0
0.09 0.068 0.096 0.078 0.06 0.022 0.032 0.014 0 0.006 0.002
0.648 0.608 0.608 0.584 0.552 0.518 0.528 0.586 0.492 0.534 0.51
0.228 0.28 0.238 0.314 0.384 0.45 0.52 0.518 0.576 0.554 0.552
0.158 0.168 0.216 0.226 0.262 0.266 0.292 0.338 0.382 0.346 0.37
0.15 0.136 0.136 0.116 0.088 0.074 0.074 0.082 0.052 0.07 0.062
0.018 0.014 0.004 0.014 0.002 0.004 0.004 0.002 0 0 0
0.192 0.184 0.138 0.088 0.074 0.05 0.034 0.02 0.008 0.014 0.006
0.042 0.068 0.084 0.07 0.088 0.062 0.068 0.058 0.066 0.066 0.054
0.582 0.474 0.492 0.434 0.358 0.336 0.234 0.292 0.178 0.16 0.134
0.092 0.042 0.058 0.058 0.04 0.028 0.028 0.014 0.008 0.002 0
0.132 0.102 0.108 0.086 0.036 0.028 0.014 0.01 0.01 0.002 0
0.016 0.012 0.03 0.012 0.028 0.01 0.008 0.004 0.002 0.006 0.002
0.2 0.236 0.178 0.214 0.224 0.208 0.232 0.228 0.258 0.288 0.33
0.194 0.18 0.226 0.216 0.174 0.148 0.132 0.076 0.074 0.05 0.044
0.016 0.012 0.014 0.006 0 0.008 0.002 0.002 0 0 0
0.158 0.116 0.088 0.102 0.128 0.11 0.114 0.126 0.124 0.102 0.114
0.296 0.284 0.316 0.39 0.416 0.47 0.474 0.524 0.522 0.6 0.606
0.2 0.198 0.212 0.21 0.168 0.156 0.12 0.078 0.07 0.056 0.056
0.116 0.128 0.108 0.124 0.124 0.128 0.158 0.17 0.184 0.208 0.222
0.08 0.066 0.05 0.054 0.07 0.046 0.052 0.038 0.038 0.04 0.028
0.018 0.02 0.018 0.018 0.012 0.022 0.022 0.01 0.014 0.02 0.01
0.074 0.096 0.1 0.082 0.094 0.088 0.088 0.084 0.096 0.092 0.072
0.016 0.01 0.01 0.008 0.006 0.004 0.004 0.002 0 0.002 0.002
0.162 0.138 0.138 0.132 0.098 0.064 0.082 0.052 0.03 0.038 0.024
0.006 0.006 0 0.002 0 0 0 0 0 0 0
0.012 0.016 0.002 0.004 0.002 0 0.002 0 0 0 0
0 0.002 0 0.002 0 0 0 0 0 0 0
0.542 0.532 0.462 0.394 0.398 0.342 0.316 0.266 0.23 0.208 0.208
0.078 0.092 0.096 0.144 0.162 0.208 0.21 0.282 0.302 0.312 0.342
0.338 0.346 0.334 0.258 0.312 0.31 0.226 0.252 0.26 0.218 0.17
0.004 0.008 0.002 0 0 0 0 0 0 0.002 0
0.218 0.228 0.266 0.288 0.284 0.28 0.262 0.278 0.312 0.382 0.394
0.138 0.112 0.126 0.1 0.098 0.07 0.066 0.062 0.022 0.026 0.024
0.326 0.352 0.316 0.284 0.296 0.314 0.324 0.308 0.298 0.28 0.234
0.11 0.106 0.07 0.056 0.052 0.032 0.016 0.008 0.002 0.002 0.006
0.392 0.29 0.276 0.218 0.224 0.152 0.142 0.112 0.112 0.096 0.096
0.242 0.202 0.208 0.202 0.162 0.136 0.148 0.128 0.114 0.102 0.114
0.092 0.108 0.096 0.11 0.082 0.112 0.11 0.088 0.114 0.13 0.118
0.39 0.404 0.368 0.398 0.356 0.378 0.366 0.392 0.36 0.358 0.352
0.014 0.016 0.01 0.014 0.016 0.002 0.014 0.006 0.004 0.002 0.002
0.338 0.362 0.32 0.326 0.32 0.32 0.324 0.294 0.302 0.314 0.248
0.012 0.024 0.01 0.016 0.026 0.024 0.022 0.026 0.012 0.018 0.006
0.04 0.034 0.024 0.014 0.01 0.006 0.012 0.004 0.002 0.004 0.004
0.024 0.008 0.018 0.008 0.008 0.014 0.006 0.006 0.004 0.002 0
0.24 0.226 0.216 0.226 0.252 0.286 0.252 0.246 0.214 0.208 0.236
0.022 0.012 0.004 0.006 0.002 0.004 0 0 0 0 0
0.034 0.038 0.02 0.026 0.022 0.018 0.012 0.014 0.008 0.006 0.004
0.116 0.108 0.1 0.112 0.156 0.186 0.168 0.2 0.236 0.29 0.276
0.006 0 0.002 0 0 0 0 0 0 0 0
0.252 0.316 0.29 0.332 0.3 0.358 0.41 0.356 0.394 0.428 0.438
0.02 0.024 0.004 0.006 0 0.004 0.002 0 0 0 0
0.012 0.018 0.012 0.008 0.006 0.006 0.004 0.002 0 0 0
0.03 0.018 0.008 0.01 0 0.008 0.002 0.006 0.002 0.002 0
