0.3235294 0.3382353 0.3014706 0.2647059 0.1470588 0.09558824 0.08088235 0.05882353 0.05882353 0.06617647 0.06617647
0.8571429 0.9022556 0.8270677 0.8721805 0.6917293 0.7443609 0.7218045 0.6541353 0.6466165 0.6165414 0.593985
0.3053435 0.3129771 0.3740458 0.3129771 0.2900763 0.3129771 0.3282443 0.3282443 0.3282443 0.3816794 0.3358779
0.9389313 0.778626 0.8167939 0.7633588 0.7022901 0.8167939 0.8167939 0.7633588 0.7633588 0.6870229 0.6412214
0.768116 0.8623188 0.768116 0.7826087 0.8695652 0.768116 0.8115942 0.7463768 0.7391304 0.7028986 0.6884058
0.294964 0.2661871 0.2374101 0.294964 0.2086331 0.2733813 0.2230216 0.1798561 0.2589928 0.3093525 0.3093525
0.9621212 0.9469697 0.9469697 0.8863636 0.9090909 0.8409091 0.8181818 0.7727273 0.7121212 0.719697 0.6666667
0.4172662 0.4244604 0.4820144 0.4244604 0.4748201 0.5467626 0.5467626 0.618705 0.618705 0.705036 0.6258993
0.6258993 0.5611511 0.5683453 0.5683453 0.5971223 0.647482 0.6690647 0.6690647 0.6402878 0.5611511 0.6546763
0.4172662 0.381295 0.352518 0.3669065 0.3381295 0.381295 0.381295 0.3453237 0.4316547 0.3309353 0.352518
0.76259 0.76259 0.6978417 0.676259 0.7553957 0.7553957 0.7913669 0.7266187 0.6978417 0.6906475 0.6546763
0.6956522 0.731884 0.7391304 0.6884058 0.7391304 0.731884 0.731884 0.6811594 0.7391304 0.7028986 0.6884058
0.3165468 0.2877698 0.2302158 0.2805755 0.323741 0.3381295 0.3093525 0.3093525 0.2805755 0.3093525 0.2661871
0.5789474 0.6691729 0.6015038 0.7368421 0.7669173 0.7443609 0.7218045 0.6541353 0.6466165 0.6165414 0.593985
0.7557252 0.832061 0.7938931 0.8931298 0.7709924 0.7557252 0.6870229 0.6564885 0.7633588 0.6183206 0.610687
0.4351145 0.5114504 0.4198473 0.4427481 0.4503817 0.4961832 0.4656489 0.5038168 0.5572519 0.5114504 0.519084
0.3450704 0.4154930 0.4154930 0.3873239 0.3732394 0.4366197 0.4929577 0.4225352 0.471831 0.4154930 0.3239437
0.2348485 0.2424242 0.2651515 0.2272727 0.2272727 0.2121212 0.1590909 0.1515152 0.1666667 0.1590909 0.1515152
0.1679389 0.1374046 0.1603053 0.1450382 0.2366412 0.2366412 0.2824427 0.3282443 0.3587786 0.4045802 0.3816794
0.7142857 0.6691729 0.81203 0.6616541 0.6390977 0.7443609 0.7218045 0.6541353 0.6466165 0.6165414 0.593985
0.6212121 0.6818182 0.5833333 0.5984848 0.6515152 0.5681818 0.5984848 0.6212121 0.5681818 0.6136364 0.5075758
0.6363636 0.6515152 0.5757576 0.5075758 0.5606061 0.4545455 0.469697 0.4621212 0.4772727 0.4848485 0.4848485
0.3939394 0.2954545 0.3030303 0.3181818 0.3257576 0.2348485 0.3030303 0.2727273 0.2348485 0.2651515 0.2651515
0.8913043 0.8985507 0.9347826 0.9202899 0.8768116 0.8985507 0.8188406 0.7753623 0.7463768 0.7173913 0.6811594
0.1984733 0.2671756 0.1832061 0.3435115 0.2519084 0.2290076 0.3587786 0.3206107 0.3435115 0.3511450 0.3969466
0.1449275 0.1521739 0.1521739 0.1159420 0.1231884 0.08695652 0.1231884 0.1014493 0.1086957 0.1014493 0.1376812
0.2681159 0.2536232 0.3043478 0.3623188 0.3260870 0.3913043 0.4202899 0.442029 0.4347826 0.442029 0.5507246
0.6390977 0.6015038 0.4962406 0.518797 0.443609 0.3759398 0.2556391 0.1729323 0.1278195 0.09774436 0.09022556
0.2030075 0.2406015 0.2706767 0.2556391 0.2857143 0.3909774 0.3834586 0.406015 0.4135338 0.4210526 0.443609
0.02173913 0.02173913 0.01449275 0.01449275 0.01449275 0.01449275 0.007246377 0.007246377 0 0 0.01449275
0.4961832 0.4656489 0.4580153 0.5038168 0.4503817 0.4351145 0.3740458 0.4122137 0.3206107 0.3206107 0.2900763
0.6590909 0.6742424 0.6439394 0.7575758 0.6363636 0.8409091 0.7121212 0.7727273 0.7121212 0.719697 0.6666667
0.007575758 0.007575758 0.007575758 0 0 0 0 0.007575758 0.007575758 0.007575758 0.02272727
0.4100719 0.3884892 0.3884892 0.3453237 0.2877698 0.2302158 0.1294964 0.1294964 0.1007194 0.09352518 0.1007194
0.4411765 0.4191176 0.5367647 0.4779412 0.4779412 0.5294118 0.6029412 0.6102941 0.5735294 0.5294118 0.7132353
0.4044118 0.3382353 0.4191176 0.5808824 0.4852941 0.5514706 0.5220588 0.5294118 0.5808824 0.5294118 0.7132353
0.4511278 0.4511278 0.4887218 0.5639098 0.6165414 0.6466165 0.6240602 0.6541353 0.6466165 0.6165414 0.593985
0.2631579 0.2406015 0.2781955 0.1278195 0.09022556 0.05263158 0.04511278 0.01503759 0.02255639 0.02255639 0.01503759
0.09923664 0.08396947 0.04580153 0.08396947 0.1068702 0.09923664 0.09160305 0.129771 0.1145038 0.129771 0.1679389
0.1666667 0.1893939 0.1515152 0.1742424 0.1287879 0.1893939 0.1363636 0.1515152 0.1666667 0.1666667 0.2045455
0.7142857 0.6691729 0.6015038 0.5864662 0.5639098 0.5789474 0.518797 0.5338346 0.5714286 0.6165414 0.593985
0.9084507 0.9225352 0.8661972 0.8521127 0.8732394 0.8098592 0.7746479 0.7887324 0.6901408 0.6830986 0.612676
0.406015 0.406015 0.3308271 0.3533835 0.3458647 0.2180451 0.2180451 0.09022556 0.09774436 0.09774436 0.09022556
0.6946565 0.7022901 0.7557252 0.6030534 0.5648855 0.4732824 0.4732824 0.4885496 0.480916 0.4885496 0.3435115
0.5882353 0.4779412 0.5294118 0.5808824 0.6470588 0.6397059 0.625 0.6838235 0.6544118 0.6397059 0.7132353
0.4558824 0.4191176 0.4926471 0.4411765 0.4779412 0.4632353 0.5220588 0.5661765 0.5808824 0.5955882 0.6102941
0.2794118 0.3235294 0.2867647 0.2573529 0.2794118 0.1470588 0.2205882 0.1838235 0.1911765 0.1985294 0.1764706
0.5434783 0.5434783 0.5289855 0.5217391 0.5 0.4782609 0.5072464 0.5507246 0.5942029 0.5072464 0.5652174
0.7557252 0.832061 0.8625954 0.7938931 0.8778626 0.7480916 0.8167939 0.7633588 0.7633588 0.6870229 0.6412214
0.8239437 0.9225352 0.8661972 0.8521127 0.7535211 0.8098592 0.7746479 0.7887324 0.6901408 0.6830986 0.612676
0.5419847 0.5648855 0.5114504 0.6030534 0.5801527 0.5877863 0.5648855 0.5343511 0.5801527 0.5114504 0.6259542
0.1510791 0.2158273 0.2230216 0.2446043 0.2374101 0.2302158 0.2014388 0.2374101 0.2517986 0.2446043 0.2805755
0.8787879 0.8712121 0.9469697 0.8409091 0.9090909 0.8409091 0.8181818 0.7727273 0.7121212 0.719697 0.6666667
0.8333333 0.9469697 0.9469697 0.8863636 0.9090909 0.8409091 0.8181818 0.7727273 0.7121212 0.719697 0.6666667
0.7194245 0.7122302 0.6978417 0.6546763 0.6330935 0.7553957 0.6402878 0.6618705 0.6258993 0.6906475 0.6115108
0.4586466 0.6015038 0.593985 0.5864662 0.5639098 0.5413534 0.631579 0.5639098 0.5714286 0.6165414 0.593985
0.7938931 0.740458 0.7022901 0.7938931 0.6946565 0.7862595 0.610687 0.7251908 0.7022901 0.5648855 0.6641221
0.09022556 0.1428571 0.09022556 0.07518797 0.06015038 0.05263158 0.03759398 0.01503759 0.03007519 0.03759398 0.02255639
0.2748092 0.2748092 0.2290076 0.129771 0.1221374 0.09160305 0.06870229 0.05343511 0.0610687 0.04580153 0.04580153
0.2101449 0.2173913 0.2536232 0.3478261 0.2971014 0.3188406 0.3115942 0.3188406 0.2826087 0.2753623 0.2536232
0.4210526 0.4360902 0.4661654 0.4360902 0.4210526 0.4135338 0.3984962 0.3533835 0.3684211 0.3082707 0.2932331
0.06338028 0.06338028 0.05633803 0.03521127 0.04929577 0.04929577 0.05633803 0.06338028 0.08450704 0.0915493 0.09859155
0.4580153 0.4351145 0.4427481 0.3358779 0.2671756 0.2671756 0.1526718 0.129771 0.129771 0.09160305 0.07633588
0.9398496 0.9022556 0.8947368 0.8721805 0.7669173 0.7443609 0.7218045 0.6541353 0.6466165 0.6165414 0.593985
0.7424242 0.6515152 0.6969697 0.7348485 0.719697 0.689394 0.7121212 0.6969697 0.7121212 0.719697 0.6666667
0.1742424 0.1969697 0.1818182 0.1742424 0.1287879 0.1590909 0.09848485 0.2045455 0.1969697 0.1742424 0.2348485
0.9347826 0.9202899 0.8405797 0.9057971 0.8695652 0.8768116 0.8115942 0.7463768 0.7391304 0.7028986 0.6884058
0.02158273 0.01438849 0.02877698 0.02877698 0.04316547 0.1007194 0.1798561 0.1942446 0.2374101 0.294964 0.3381295
0.832061 0.832061 0.9160305 0.8931298 0.8778626 0.8167939 0.8167939 0.7633588 0.7633588 0.6870229 0.6412214
0.7535211 0.7323944 0.6338028 0.6478873 0.6408451 0.4929577 0.4929577 0.4647887 0.4225352 0.3450704 0.3169014
0.4964029 0.5611511 0.4244604 0.4532374 0.4244604 0.4820144 0.4460432 0.4172662 0.3741007 0.4028777 0.352518
0.259542 0.2137405 0.2137405 0.2442748 0.259542 0.2900763 0.2900763 0.3053435 0.3282443 0.3740458 0.3816794
0.2681159 0.2391304 0.2898551 0.3188406 0.2608696 0.2028986 0.2826087 0.2101449 0.1811594 0.1376812 0.1666667
0.9347826 0.9202899 0.9130435 0.9057971 0.8695652 0.8768116 0.8115942 0.7463768 0.7391304 0.7028986 0.6884058
0.1126761 0.1408451 0.09859155 0.2112676 0.1901408 0.2183099 0.2535211 0.1971831 0.1830986 0.1830986 0.2112676
0.3129771 0.3053435 0.3435115 0.3740458 0.4122137 0.4198473 0.4274809 0.4656489 0.480916 0.5038168 0.5648855
0.9389313 0.832061 0.9160305 0.7938931 0.8778626 0.8167939 0.8167939 0.7633588 0.7633588 0.6870229 0.6412214
0.648855 0.5954198 0.5267176 0.6412214 0.5572519 0.6030534 0.5725191 0.5954198 0.5801527 0.5648855 0.6183206
0.7424242 0.6742424 0.6969697 0.6818182 0.8409091 0.8409091 0.8181818 0.7727273 0.7121212 0.719697 0.6666667
0.480916 0.5648855 0.5267176 0.6259542 0.648855 0.7099237 0.7938931 0.7251908 0.610687 0.6412214 0.6641221
0.5648855 0.6183206 0.6870229 0.7862595 0.740458 0.8549618 0.7938931 0.7251908 0.7022901 0.6412214 0.6641221
0.1450382 0.07633588 0.07633588 0.2137405 0.2519084 0.2900763 0.3740458 0.3664122 0.389313 0.4885496 0.4580153
0.4676259 0.4316547 0.4100719 0.5395683 0.3741007 0.3956835 0.4028777 0.3956835 0.4388489 0.4244604 0.3741007
0.4244604 0.5107914 0.5611511 0.7122302 0.6546763 0.7553957 0.7913669 0.7266187 0.6978417 0.6906475 0.6546763
0.4351145 0.3816794 0.3969466 0.4122137 0.519084 0.5572519 0.5877863 0.5877863 0.6030534 0.6183206 0.6183206
0.7099237 0.7480916 0.8244275 0.7938931 0.740458 0.7862595 0.6946565 0.6641221 0.610687 0.6030534 0.6641221
0.3053435 0.2977099 0.2137405 0.1603053 0.1908397 0.1679389 0.09923664 0.1374046 0.1068702 0.129771 0.1526718
0.7794118 0.7058824 0.6911765 0.8161765 0.8088235 0.7867647 0.8161765 0.7794118 0.7352941 0.6985294 0.7132353
0.7867647 0.75 0.7647059 0.742647 0.742647 0.7794118 0.7205882 0.7794118 0.6617647 0.6985294 0.7132353
0 0 0 0 0 0 0.01526718 0.007633588 0.02290076 0.03053435 0.05343511
0.1654676 0.2158273 0.1079137 0.0647482 0.03597122 0.02158273 0.01438849 0.01438849 0.007194245 0.007194245 0.007194245
0.5611511 0.5395683 0.4676259 0.4820144 0.5323741 0.5179856 0.4604317 0.4676259 0.4748201 0.5035971 0.4604317
0.2158273 0.2733813 0.1510791 0.2661871 0.2661871 0.3021583 0.2877698 0.2517986 0.2517986 0.2517986 0.2661871
0.5869565 0.6884058 0.5289855 0.8043478 0.5942029 0.5869565 0.5724638 0.5797101 0.6521739 0.7173913 0.615942
0.8913043 0.9347826 0.9347826 0.9202899 0.8768116 0.8985507 0.8188406 0.7173913 0.7463768 0.7173913 0.6811594
0.2803030 0.2803030 0.3030303 0.4242424 0.4242424 0.5530303 0.5530303 0.5530303 0.5757576 0.6590909 0.6666667
0.1526718 0.1526718 0.1603053 0.1145038 0.1221374 0.129771 0.129771 0.1221374 0.1450382 0.2213740 0.2137405
0.4855072 0.4492754 0.5072464 0.4710145 0.4637681 0.5144928 0.5434783 0.5652174 0.5217391 0.557971 0.5434783
0.9064748 0.9208633 0.8417266 0.8633094 0.8489209 0.8417266 0.7697842 0.7553957 0.733813 0.705036 0.6258993
0.06015038 0.03007519 0.03759398 0.05263158 0.09022556 0.09774436 0.1578947 0.1729323 0.1954887 0.2481203 0.2481203
0.7557252 0.8015267 0.7557252 0.7862595 0.740458 0.7862595 0.6946565 0.7251908 0.7022901 0.6412214 0.6641221
0.4736842 0.4661654 0.4360902 0.4360902 0.3909774 0.4135338 0.3759398 0.3007519 0.3383459 0.2857143 0.2857143
0.5496183 0.648855 0.5267176 0.6412214 0.7938931 0.7175573 0.6335878 0.6641221 0.7022901 0.6030534 0.6183206
0.2463768 0.2173913 0.2463768 0.1811594 0.2246377 0.2173913 0.2101449 0.2536232 0.2536232 0.1376812 0.2536232
0.9064748 0.9208633 0.9064748 0.8633094 0.8489209 0.8417266 0.7697842 0.7553957 0.733813 0.705036 0.6258993
0.2374101 0.2158273 0.2517986 0.2877698 0.294964 0.3093525 0.3453237 0.3381295 0.3453237 0.4244604 0.4316547
0.8787879 0.8257576 0.9469697 0.8863636 0.8484848 0.8409091 0.8181818 0.7727273 0.7121212 0.719697 0.6666667
0.519084 0.4580153 0.480916 0.4885496 0.4503817 0.4351145 0.4580153 0.4122137 0.389313 0.3129771 0.3282443
0.04580153 0.03816794 0.01526718 0.02290076 0.01526718 0.03053435 0.02290076 0.02290076 0.03053435 0.03816794 0.05343511
0.3768116 0.4492754 0.4057971 0.4710145 0.557971 0.4710145 0.4927536 0.5362319 0.5652174 0.5 0.5507246
0.5107914 0.4964029 0.4460432 0.4460432 0.4244604 0.4676259 0.4244604 0.4676259 0.4748201 0.5035971 0.4676259
0.2826087 0.2246377 0.2463768 0.2536232 0.2246377 0.2753623 0.3115942 0.3550725 0.3405797 0.3695652 0.4202899
0.406015 0.3759398 0.3458647 0.406015 0.3233083 0.3308271 0.3759398 0.2706767 0.3082707 0.2781955 0.2932331
0.1136364 0.1439394 0.1287879 0.1742424 0.2121212 0.2272727 0.2348485 0.3030303 0.2954545 0.2954545 0.2954545
0.2348485 0.2651515 0.3181818 0.3560606 0.3939394 0.2803030 0.4545455 0.4772727 0.5075758 0.4621212 0.5075758
0.6901408 0.7323944 0.8169014 0.7253521 0.7464789 0.5985915 0.612676 0.5633803 0.6267606 0.5633803 0.612676
0.5869565 0.5434783 0.6086957 0.5869565 0.6376812 0.5942029 0.6304348 0.7463768 0.7391304 0.7028986 0.6884058
0.7142857 0.7067669 0.8947368 0.8721805 0.7669173 0.7443609 0.7218045 0.6541353 0.6466165 0.6165414 0.593985
0.2101449 0.2463768 0.2971014 0.3405797 0.3333333 0.4492754 0.4492754 0.5144928 0.5 0.4637681 0.4855072
0.9389313 0.8778626 0.908397 0.8625954 0.8625954 0.8549618 0.7938931 0.7251908 0.7022901 0.6412214 0.6641221
0.8333333 0.8712121 0.8712121 0.8863636 0.9090909 0.8409091 0.8181818 0.7727273 0.7121212 0.719697 0.6666667
0.942029 0.9347826 0.9347826 0.9202899 0.8768116 0.8985507 0.8188406 0.7753623 0.7463768 0.7173913 0.6811594
0.02877698 0.03597122 0.02158273 0.03597122 0.02877698 0.07194245 0.1151079 0.1366906 0.1942446 0.1582734 0.2446043
0.2323944 0.2112676 0.2605634 0.1760563 0.09859155 0.1197183 0.06338028 0.06338028 0.05633803 0.04225352 0.05633803
0.3380282 0.3239437 0.2957746 0.3521127 0.2535211 0.2464789 0.2535211 0.2112676 0.1830986 0.2042254 0.2112676
0.7099237 0.7099237 0.7175573 0.7938931 0.6946565 0.6641221 0.8167939 0.6564885 0.7633588 0.6870229 0.6412214
0.8561151 0.8633094 0.9208633 0.884892 0.8201439 0.8417266 0.7913669 0.7266187 0.6978417 0.6906475 0.6546763
0.2824427 0.2977099 0.2137405 0.259542 0.2290076 0.1679389 0.1221374 0.1068702 0.09923664 0.06870229 0.08396947
0.5251799 0.4388489 0.4964029 0.5467626 0.5179856 0.4748201 0.5107914 0.5467626 0.4748201 0.4820144 0.4748201
0.2826087 0.2318841 0.2391304 0.2753623 0.2463768 0.1739130 0.2463768 0.1884058 0.2101449 0.2246377 0.2608696
0.5954198 0.6946565 0.7099237 0.7022901 0.7022901 0.7099237 0.6183206 0.6793893 0.7633588 0.6870229 0.6412214
0.1521739 0.1956522 0.2971014 0.3478261 0.3333333 0.3623188 0.4347826 0.4130435 0.3985507 0.4130435 0.4202899
0.1278195 0.1729323 0.1278195 0.1578947 0.1804511 0.1729323 0.2180451 0.2255639 0.2781955 0.2781955 0.2932331
0.4275362 0.3405797 0.3768116 0.4057971 0.3550725 0.384058 0.3768116 0.3333333 0.3188406 0.2753623 0.2536232
0.8550725 0.768116 0.7463768 0.789855 0.789855 0.8768116 0.8115942 0.7463768 0.7391304 0.7028986 0.6884058
0.05147059 0.08088235 0.07352941 0.05147059 0.07352941 0.07352941 0.09558824 0.06617647 0.06617647 0.08088235 0.09558824
0.05147059 0.05882353 0.02205882 0.02205882 0.02205882 0.02205882 0.02941176 0.02941176 0.03676471 0.03676471 0.03676471
0.6449275 0.5869565 0.6231884 0.5652174 0.6956522 0.6811594 0.6521739 0.615942 0.6594203 0.7028986 0.5869565
0.04316547 0.03597122 0.02877698 0.02877698 0.02158273 0.01438849 0.02158273 0.01438849 0.01438849 0.007194245 0.007194245
0.870229 0.8549618 0.8396947 0.7862595 0.7938931 0.7175573 0.610687 0.6641221 0.5954198 0.5648855 0.6641221
0.2720588 0.3235294 0.3088235 0.3235294 0.2794118 0.3161765 0.375 0.3529412 0.3161765 0.3455882 0.3308824
0.648855 0.6564885 0.6717557 0.7099237 0.6412214 0.6946565 0.6183206 0.7022901 0.6412214 0.6183206 0.610687
0.7794118 0.7058824 0.6764706 0.7132353 0.8088235 0.6764706 0.7132353 0.6764706 0.6691176 0.6029412 0.6102941
0.8015267 0.8549618 0.8473282 0.8625954 0.8625954 0.7862595 0.7022901 0.7251908 0.7022901 0.6412214 0.6641221
0.1287879 0.1818182 0.06818182 0.1136364 0.09848485 0.08333333 0.09848485 0.1439394 0.1060606 0.1060606 0.1590909
0.8602941 0.7647059 0.75 0.8235294 0.8970588 0.867647 0.8161765 0.7794118 0.7352941 0.6985294 0.7132353
0.740458 0.648855 0.6183206 0.6183206 0.5343511 0.5496183 0.5343511 0.5572519 0.5572519 0.5343511 0.5419847
0.6870229 0.6412214 0.610687 0.5114504 0.4122137 0.3511450 0.2824427 0.2519084 0.2061069 0.1755725 0.1526718
0.942029 0.9347826 0.9347826 0.9202899 0.8768116 0.8985507 0.8188406 0.7753623 0.7463768 0.7173913 0.6811594
0.7279412 0.6102941 0.7279412 0.742647 0.8088235 0.6764706 0.8161765 0.7794118 0.6691176 0.6985294 0.7132353
0.7941176 0.75 0.7279412 0.742647 0.742647 0.867647 0.8161765 0.7794118 0.7352941 0.6985294 0.7132353
