0.733871 0.6854839 0.782258 0.75 0.8225806 0.717742 0.8467742 0.7580645 0.7903226 0.7258065 0.7258065
0.203125 0.21875 0.2109375 0.171875 0.15625 0.171875 0.2421875 0.2578125 0.2265625 0.2890625 0.3125
0.9333333 0.8833333 0.7833333 0.7666667 0.8083333 0.8 0.775 0.85 0.75 0.775 0.7166667
0.8870968 0.8387097 0.8790323 0.9354839 0.9112903 0.8870968 0.8467742 0.8548387 0.7903226 0.7258065 0.7258065
0.176 0.144 0.12 0.072 0.128 0.096 0.112 0.136 0.176 0.16 0.192
0.9512195 0.9674797 0.9105691 0.902439 0.8780488 0.8211382 0.7886179 0.8130081 0.7560976 0.7479675 0.7560976
0.3333333 0.375 0.3916667 0.425 0.4833333 0.4166667 0.4833333 0.5333333 0.5083333 0.55 0.5083333
0.3852459 0.3360656 0.3606557 0.3688525 0.3852459 0.3770492 0.3442623 0.2459016 0.2704918 0.2459016 0.2049180
0.6065574 0.6229508 0.7540984 0.704918 0.6557377 0.7459016 0.7131148 0.7622951 0.704918 0.6393443 0.6311475
0.575 0.475 0.5166667 0.525 0.575 0.5666667 0.6083333 0.7166667 0.75 0.775 0.7166667
0.06666667 0.1333333 0.2083333 0.25 0.3083333 0.325 0.35 0.375 0.3583333 0.3916667 0.4
0.795082 0.8770492 0.8442623 0.7868852 0.7459016 0.7459016 0.7295082 0.6311475 0.704918 0.6393443 0.6311475
0.7288136 0.8728814 0.8050847 0.898305 0.7542373 0.7966102 0.720339 0.6779661 0.6864407 0.6016949 0.5932203
0.6721311 0.6393443 0.6639344 0.557377 0.6065574 0.5655738 0.5737705 0.5491803 0.5819672 0.557377 0.5491803
0.3333333 0.3577236 0.3252033 0.3495935 0.3577236 0.3739837 0.2764228 0.3089431 0.2845528 0.2926829 0.300813
0.5254237 0.5338983 0.4576271 0.4322034 0.4491525 0.4067797 0.3644068 0.3728814 0.3220339 0.3050847 0.3389831
0.2 0.2583333 0.2916667 0.2666667 0.3583333 0.3416667 0.3833333 0.4916667 0.45 0.55 0.5333333
0.7083333 0.7083333 0.825 0.75 0.825 0.7416667 0.7916667 0.85 0.75 0.775 0.7166667
0.6341463 0.5853659 0.6341463 0.5691057 0.5528455 0.5772358 0.5772358 0.6341463 0.5691057 0.5691057 0.601626
0.504 0.552 0.528 0.496 0.52 0.448 0.472 0.528 0.456 0.424 0.456
0.1788618 0.1544715 0.2195122 0.2276423 0.3333333 0.3333333 0.3089431 0.3577236 0.4065041 0.4146341 0.398374
0.416 0.432 0.432 0.352 0.368 0.344 0.376 0.272 0.368 0.336 0.328
0.6949153 0.7457627 0.779661 0.7881356 0.8559322 0.838983 0.8220339 0.779661 0.7711864 0.7457627 0.6779661
0.1557377 0.1557377 0.1885246 0.2131148 0.2377049 0.2213115 0.2540984 0.2377049 0.2704918 0.2868852 0.2786885
0.325 0.3166667 0.2083333 0.1666667 0.15 0.1583333 0.1916667 0.1583333 0.2 0.175 0.2
0.1311475 0.1229508 0.1229508 0.1967213 0.1557377 0.2295082 0.2459016 0.2950820 0.3196721 0.4016393 0.4344262
0.728 0.76 0.544 0.44 0.416 0.328 0.184 0.128 0.096 0.112 0.088
0.2416667 0.2416667 0.2583333 0.225 0.3166667 0.35 0.375 0.425 0.4333333 0.4333333 0.4583333
0.1138211 0.05691057 0.04065041 0.03252033 0.04065041 0.06504065 0.04878049 0.06504065 0.06504065 0.09756098 0.07317073
0.575 0.5916667 0.525 0.525 0.4583333 0.5 0.4583333 0.3833333 0.275 0.2833333 0.2
0.01639344 0.01639344 0.008196721 0.008196721 0.008196721 0.008196721 0.008196721 0.03278689 0.03278689 0.01639344 0.02459016
0.4180328 0.3934426 0.2704918 0.2213115 0.1229508 0.1147541 0.06557377 0.04918033 0.04918033 0.04098361 0.03278689
0.8898305 0.8898305 0.9067797 0.9067797 0.838983 0.838983 0.8220339 0.779661 0.7711864 0.7457627 0.6779661
0.4836066 0.4098361 0.5 0.5163934 0.557377 0.5409836 0.557377 0.5819672 0.5655738 0.4672131 0.5491803
0.2983871 0.3870968 0.4274194 0.5322581 0.4919355 0.6532258 0.5806452 0.7016129 0.7903226 0.7258065 0.6209677
0.1953125 0.109375 0.0625 0.0234375 0.0078125 0.0234375 0.015625 0 0.0078125 0 0
0.1016949 0.1101695 0.1101695 0.1440678 0.1271186 0.1186441 0.1610169 0.1864407 0.1779661 0.2288136 0.220339
0.0546875 0.0546875 0.046875 0.046875 0.0390625 0.109375 0.0703125 0.1640625 0.1953125 0.1875 0.2109375
0.6967213 0.6967213 0.6803279 0.7131148 0.6557377 0.6557377 0.6147541 0.6147541 0.6393443 0.6065574 0.6229508
0.8852459 0.8196721 0.8770492 0.7868852 0.8196721 0.7459016 0.7540984 0.7622951 0.704918 0.6393443 0.6311475
0.472 0.528 0.448 0.416 0.416 0.368 0.312 0.2 0.16 0.16 0.192
0.65 0.65 0.575 0.5666667 0.6333333 0.6583333 0.6083333 0.5833333 0.5583333 0.5166667 0.5
0.4915254 0.440678 0.4491525 0.440678 0.5169492 0.5084746 0.5847458 0.6186441 0.6949153 0.7457627 0.5932203
0.6065574 0.5409836 0.5655738 0.4344262 0.4508197 0.4918033 0.5409836 0.5983607 0.5327869 0.5655738 0.5245902
0.3467742 0.3064516 0.3306452 0.2016129 0.1532258 0.1129032 0.1048387 0.07258065 0.06451613 0.07258065 0.08064516
0.5338983 0.5847458 0.5847458 0.5254237 0.5677966 0.5932203 0.559322 0.5932203 0.4915254 0.559322 0.5932203
0.9590164 0.7377049 0.8360656 0.7868852 0.7459016 0.6967213 0.7540984 0.7622951 0.704918 0.6393443 0.6311475
0.1788618 0.1951220 0.1869919 0.1869919 0.1707317 0.1544715 0.1382114 0.1382114 0.1544715 0.2032520 0.1626016
0.9016393 0.942623 0.9508197 0.8770492 0.9262295 0.8688525 0.8442623 0.8032787 0.795082 0.7295082 0.6721311
0.9756098 0.9268293 0.9674797 0.902439 0.8780488 0.894309 0.7886179 0.8130081 0.7560976 0.7479675 0.7560976
0.7295082 0.7786885 0.8032787 0.8278689 0.7704918 0.8360656 0.7459016 0.7868852 0.7786885 0.7295082 0.7213115
0.5491803 0.5 0.6311475 0.6147541 0.5983607 0.7459016 0.7295082 0.7622951 0.704918 0.6393443 0.6311475
0.672 0.784 0.736 0.768 0.664 0.664 0.72 0.656 0.648 0.632 0.632
0.3583333 0.2666667 0.35 0.3083333 0.3333333 0.2 0.1666667 0.1583333 0.175 0.125 0.075
0.3064516 0.2983871 0.2419355 0.2016129 0.1048387 0.1129032 0.1048387 0.07258065 0.07258065 0.05645161 0.08064516
0.352459 0.3196721 0.3770492 0.3606557 0.3852459 0.3442623 0.2950820 0.3032787 0.2950820 0.2459016 0.2213115
0.3916667 0.4 0.4333333 0.4166667 0.4333333 0.4583333 0.3833333 0.4666667 0.4083333 0.425 0.4083333
0.08064516 0.06451613 0.04032258 0.04032258 0.04032258 0.03225806 0.0483871 0.05645161 0.06451613 0.08064516 0.08870968
0.368 0.336 0.32 0.184 0.128 0.08 0.072 0.064 0.04 0.064 0.04
0.7333333 0.725 0.8666667 0.675 0.7916667 0.7833333 0.8416667 0.7916667 0.8083333 0.7166667 0.6666667
0.7317073 0.6585366 0.7560976 0.7398374 0.7235772 0.6747967 0.6666667 0.8130081 0.6341463 0.7479675 0.7560976
0.5245902 0.5327869 0.4016393 0.5081967 0.4426230 0.4918033 0.4262295 0.4426230 0.4672131 0.4262295 0.3770492
0.8333333 0.8833333 0.825 0.825 0.8083333 0.8083333 0.8416667 0.75 0.75 0.775 0.7166667
0.08474576 0.06779661 0.08474576 0.07627119 0.1440678 0.1271186 0.1779661 0.220339 0.2711864 0.2881356 0.3305085
0.9016393 0.942623 0.9508197 0.942623 0.9262295 0.8688525 0.8442623 0.8032787 0.795082 0.7295082 0.6721311
0.8166667 0.8 0.6916667 0.625 0.65 0.6166667 0.5583333 0.5083333 0.475 0.4666667 0.4416667
0.592 0.688 0.64 0.52 0.52 0.52 0.448 0.368 0.424 0.408 0.376
0.2666667 0.225 0.2416667 0.2166667 0.3333333 0.3083333 0.3166667 0.3166667 0.325 0.375 0.375
0.2711864 0.3135593 0.2966102 0.3474576 0.2966102 0.3305085 0.2881356 0.2542373 0.2627119 0.2118644 0.2457627
0.9583333 0.9416667 0.9083333 0.7833333 0.8666667 0.8666667 0.8416667 0.7916667 0.8083333 0.7166667 0.6666667
0.1016949 0.1440678 0.1440678 0.2542373 0.279661 0.2542373 0.2711864 0.220339 0.279661 0.2881356 0.3305085
0.3064516 0.3145161 0.2741935 0.3387097 0.3629032 0.4516129 0.4274194 0.4516129 0.5241935 0.5080645 0.5645161
0.8898305 0.9491525 0.9067797 0.898305 0.9237288 0.838983 0.8220339 0.779661 0.7711864 0.7457627 0.6779661
0.6779661 0.7033898 0.6779661 0.7288136 0.7033898 0.7033898 0.5677966 0.6864407 0.6949153 0.7457627 0.5932203
0.6557377 0.6803279 0.7622951 0.7213115 0.704918 0.8278689 0.8442623 0.8032787 0.795082 0.7295082 0.6721311
0.5819672 0.6885246 0.6721311 0.6885246 0.6803279 0.7377049 0.7459016 0.7868852 0.7786885 0.7295082 0.7213115
0.4193548 0.5564516 0.6048387 0.5725806 0.8225806 0.8306452 0.8467742 0.8548387 0.7903226 0.7258065 0.7258065
0.06557377 0.07377049 0.09016393 0.1229508 0.1065574 0.2131148 0.2622951 0.2622951 0.3606557 0.3114754 0.3606557
0.55 0.5 0.5166667 0.5166667 0.425 0.4416667 0.425 0.4 0.4166667 0.3833333 0.375
0.6083333 0.625 0.6083333 0.5333333 0.575 0.5166667 0.5833333 0.5916667 0.5833333 0.55 0.6166667
0.8559322 0.9237288 0.8305085 0.8050847 0.7966102 0.838983 0.8220339 0.6864407 0.6949153 0.6271186 0.5932203
0.3064516 0.2661290 0.2661290 0.2096774 0.2016129 0.1532258 0.2016129 0.2096774 0.2177419 0.1532258 0.2338710
0.5819672 0.6393443 0.6803279 0.7131148 0.7295082 0.7459016 0.7459016 0.7868852 0.7786885 0.7295082 0.7213115
0.4016393 0.4754098 0.557377 0.5245902 0.5163934 0.557377 0.557377 0.647541 0.795082 0.6393443 0.6721311
0 0 0.008196721 0.01639344 0.01639344 0.02459016 0.03278689 0.04098361 0.04918033 0.07377049 0.1147541
0.184 0.128 0.136 0.056 0.048 0.056 0.04 0.048 0.032 0.04 0.048
0.325 0.3833333 0.3083333 0.275 0.2166667 0.2333333 0.1416667 0.1 0.075 0.1 0.08333333
0.3333333 0.3577236 0.3414634 0.3902439 0.4065041 0.4390244 0.4390244 0.4552846 0.4308943 0.4146341 0.3414634
0.8114754 0.8770492 0.8032787 0.8934426 0.8934426 0.8770492 0.7459016 0.7868852 0.7786885 0.7295082 0.7213115
0.2926829 0.398374 0.4065041 0.4878049 0.495935 0.504065 0.5772358 0.5934959 0.5447154 0.6341463 0.7560976
0.7213115 0.7377049 0.6147541 0.557377 0.5737705 0.5491803 0.5163934 0.5327869 0.5327869 0.5655738 0.4836066
0.05 0.03333333 0.04166667 0.075 0.09166667 0.1333333 0.25 0.275 0.3333333 0.3333333 0.35
0.575 0.525 0.625 0.5083333 0.5916667 0.6 0.5833333 0.75 0.75 0.775 0.7166667
0.5655738 0.557377 0.6065574 0.6393443 0.7295082 0.7459016 0.7295082 0.7622951 0.704918 0.6393443 0.6311475
0.7377049 0.6557377 0.704918 0.6803279 0.6639344 0.6393443 0.6065574 0.8032787 0.6803279 0.6393443 0.6721311
0.2540984 0.2295082 0.2213115 0.1721311 0.1147541 0.1311475 0.09836066 0.07377049 0.04098361 0.05737705 0.04098361
0.1885246 0.1557377 0.1311475 0.1721311 0.2131148 0.2868852 0.3606557 0.3196721 0.3688525 0.3606557 0.4590164
0.8671875 0.875 0.875 0.8359375 0.828125 0.75 0.8359375 0.8203125 0.7265625 0.7578125 0.6640625
0.4098361 0.4590164 0.4590164 0.4672131 0.4344262 0.4180328 0.4672131 0.4590164 0.4590164 0.4918033 0.5
0.09016393 0.07377049 0.04918033 0.008196721 0.01639344 0.01639344 0.02459016 0.02459016 0.01639344 0.01639344 0.02459016
0.08333333 0.1083333 0.1833333 0.2083333 0.2416667 0.2333333 0.2833333 0.3 0.325 0.3416667 0.375
0.4065041 0.3902439 0.398374 0.4146341 0.4065041 0.3739837 0.3089431 0.3170732 0.2601626 0.2682927 0.2601626
0.25 0.25 0.2421875 0.34375 0.3359375 0.296875 0.34375 0.34375 0.3359375 0.3515625 0.296875
0.6833333 0.6666667 0.65 0.65 0.65 0.575 0.6083333 0.5333333 0.5083333 0.5666667 0.5
0.625 0.6583333 0.5416667 0.5333333 0.525 0.4833333 0.4333333 0.4416667 0.5083333 0.4333333 0.4
0.896 0.872 0.832 0.832 0.872 0.832 0.792 0.776 0.704 0.696 0.688
0.05932203 0.05084746 0.07627119 0.08474576 0.1779661 0.2372881 0.2711864 0.3474576 0.3389831 0.3644068 0.3389831
0.9745763 0.9491525 0.940678 0.9491525 0.9237288 0.838983 0.8220339 0.779661 0.7711864 0.7457627 0.6779661
0.9354839 0.8790323 0.8790323 0.8629032 0.9112903 0.8870968 0.8467742 0.8548387 0.7903226 0.7258065 0.7258065
0.9672131 0.9344262 0.9180328 0.8934426 0.8934426 0.8770492 0.8032787 0.7868852 0.7786885 0.7295082 0.7213115
0.04032258 0.04032258 0.04032258 0.04032258 0.08870968 0.1451613 0.1048387 0.25 0.2338710 0.2177419 0.25
0.3688525 0.2295082 0.2950820 0.2622951 0.1967213 0.1393443 0.07377049 0.07377049 0.06557377 0.05737705 0.07377049
0.16 0.136 0.072 0.128 0.104 0.136 0.112 0.128 0.12 0.168 0.192
0.9745763 0.9491525 0.940678 0.9491525 0.8559322 0.838983 0.8220339 0.779661 0.7711864 0.7457627 0.6779661
0.3606557 0.3360656 0.2868852 0.2049180 0.1721311 0.2540984 0.2295082 0.2213115 0.1557377 0.1475410 0.1147541
0.4016393 0.4180328 0.4098361 0.4344262 0.4590164 0.4590164 0.5081967 0.5327869 0.557377 0.5901639 0.5655738
0.0859375 0.078125 0.0703125 0.0703125 0.0703125 0.109375 0.0859375 0.171875 0.171875 0.1875 0.2265625
0.5169492 0.5338983 0.5423729 0.5254237 0.6355932 0.6694915 0.6694915 0.6864407 0.7118644 0.7457627 0.5932203
0.08474576 0.05932203 0.09322034 0.1186441 0.1864407 0.2881356 0.3135593 0.3474576 0.3050847 0.3305085 0.3389831
0.2833333 0.275 0.3583333 0.3583333 0.35 0.3083333 0.325 0.375 0.3666667 0.375 0.3666667
0.5416667 0.525 0.5 0.4916667 0.4583333 0.4416667 0.4666667 0.4333333 0.325 0.4 0.2916667
0.03125 0.0546875 0.0546875 0.046875 0.03125 0.0390625 0.0390625 0.0390625 0.0703125 0.0703125 0.1015625
0.8130081 0.7317073 0.7804878 0.7560976 0.6422764 0.6747967 0.7479675 0.7235772 0.6341463 0.6666667 0.7560976
0.1393443 0.09016393 0.09016393 0.06557377 0.05737705 0.06557377 0.08196721 0.09836066 0.07377049 0.08196721 0.09016393
0.7916667 0.875 0.9083333 0.875 0.8666667 0.8 0.8416667 0.7916667 0.8083333 0.7166667 0.6666667
0.7916667 0.7166667 0.7166667 0.7833333 0.725 0.7 0.775 0.7083333 0.7 0.5833333 0.6666667
0.6393443 0.5655738 0.5163934 0.5819672 0.5327869 0.5245902 0.704918 0.5737705 0.5655738 0.5983607 0.5737705
0.1935484 0.3064516 0.2177419 0.25 0.1935484 0.25 0.1693548 0.1854839 0.1532258 0.1854839 0.2016129
0.8455285 0.8455285 0.9105691 0.902439 0.8780488 0.8211382 0.7886179 0.8130081 0.7560976 0.7479675 0.7560976
0.8828125 0.7734375 0.71875 0.65625 0.6484375 0.6796875 0.640625 0.6953125 0.6484375 0.5859375 0.515625
0.4590164 0.4262295 0.352459 0.352459 0.3278689 0.2704918 0.2459016 0.1885246 0.1311475 0.1147541 0.09016393
0.9083333 0.8333333 0.9083333 0.9333333 0.8916667 0.8583333 0.8416667 0.85 0.75 0.775 0.7166667
0.1721311 0.1557377 0.06557377 0.07377049 0.07377049 0.06557377 0.05737705 0.05737705 0.07377049 0.05737705 0.08196721
0.7540984 0.8770492 0.7704918 0.7786885 0.8196721 0.7459016 0.704918 0.7622951 0.704918 0.6393443 0.6311475
0.8083333 0.8083333 0.825 0.7416667 0.725 0.8 0.775 0.85 0.75 0.775 0.7166667
0.7916667 0.7666667 0.8 0.7416667 0.8333333 0.8666667 0.8416667 0.7916667 0.8083333 0.7166667 0.6666667
