0.2357143 0.2214286 0.1214286 0.1071429 0.1142857 0.07142857 0.05714286 0.05714286 0.05 0.03571429 0.05714286
0.8540146 0.8540146 0.839416 0.8029197 0.729927 0.7956204 0.729927 0.8029197 0.7445255 0.7372263 0.7518248
0.3582090 0.2985075 0.3134328 0.3208955 0.3283582 0.2537313 0.2238806 0.3059701 0.2985075 0.2985075 0.3582090
0.8283582 0.8208955 0.8358209 0.8432836 0.7910448 0.7164179 0.7537313 0.7313433 0.7313433 0.7014925 0.641791
0.7651515 0.8030303 0.7954545 0.8333333 0.780303 0.8560606 0.6969697 0.7651515 0.7272727 0.6666667 0.6969697
0.1897810 0.1678832 0.1897810 0.2043796 0.2116788 0.1751825 0.2335766 0.2408759 0.2116788 0.2335766 0.2919708
0.902985 0.9626866 0.9328358 0.8731343 0.8283582 0.8432836 0.7537313 0.7313433 0.7313433 0.7014925 0.641791
0.442029 0.5217391 0.5072464 0.6014493 0.5869565 0.5724638 0.6231884 0.768116 0.7536232 0.6594203 0.6811594
0.5328467 0.5839416 0.5109489 0.5547445 0.5766423 0.6277372 0.6642336 0.6642336 0.5839416 0.5985401 0.620438
0.3582090 0.3731343 0.3208955 0.3059701 0.2835821 0.2537313 0.3059701 0.2089552 0.2537313 0.2686567 0.2388060
0.8321168 0.8540146 0.9124088 0.8175182 0.7810219 0.8029197 0.8467153 0.8029197 0.7445255 0.7372263 0.7518248
0.5895522 0.619403 0.6268657 0.7985075 0.6119403 0.6567164 0.7537313 0.6567164 0.7313433 0.7014925 0.641791
0.1515152 0.1969697 0.1515152 0.2348485 0.2424242 0.2196970 0.25 0.2651515 0.3030303 0.3030303 0.3106061
0.6940299 0.858209 0.6865672 0.6791045 0.6492537 0.6865672 0.5671642 0.5820896 0.5149254 0.5746269 0.5
0.7835821 0.761194 0.9104478 0.8358209 0.7761194 0.7014925 0.6940299 0.619403 0.6492537 0.6044776 0.5447761
0.4402985 0.4029851 0.4402985 0.4402985 0.4626866 0.4179104 0.4477612 0.4029851 0.4104478 0.4850746 0.5
0.2761194 0.3208955 0.3358209 0.3358209 0.3656716 0.3134328 0.380597 0.3432836 0.3358209 0.3358209 0.3507463
0.4857143 0.4142857 0.4285714 0.4142857 0.4357143 0.3642857 0.35 0.3857143 0.4071429 0.35 0.3142857
0.1287879 0.1060606 0.1212121 0.2348485 0.1666667 0.2196970 0.3030303 0.3484848 0.3333333 0.3106061 0.3257576
0.6492537 0.6119403 0.738806 0.7537313 0.8507463 0.6791045 0.8059701 0.7985075 0.7761194 0.7014925 0.6567164
0.4772727 0.5606061 0.5075758 0.5075758 0.6060606 0.5606061 0.5227273 0.5833333 0.5378788 0.4848485 0.530303
0.6865672 0.6119403 0.6343284 0.6343284 0.6044776 0.5671642 0.5149254 0.5671642 0.4925373 0.4925373 0.5074627
0.3507463 0.3432836 0.3432836 0.4477612 0.4402985 0.4179104 0.380597 0.4029851 0.4253731 0.3955224 0.3656716
0.8208955 0.7089552 0.8955224 0.6940299 0.7238806 0.7089552 0.738806 0.6940299 0.6268657 0.6044776 0.6119403
0.1666667 0.1893939 0.1666667 0.2045455 0.2424242 0.2727273 0.3181818 0.3712121 0.3333333 0.3939394 0.3863636
0.1363636 0.1363636 0.1439394 0.1287879 0.0909091 0.08333333 0.09848485 0.06818182 0.07575758 0.07575758 0.06818182
0.1343284 0.1492537 0.1417910 0.1865672 0.2537313 0.2462687 0.2611940 0.3582090 0.3358209 0.4029851 0.4104478
0.7462687 0.7089552 0.6343284 0.5298507 0.4776119 0.4029851 0.3283582 0.2462687 0.1940299 0.1194030 0.1119403
0.1641791 0.2089552 0.2313433 0.2313433 0.2761194 0.2686567 0.3134328 0.3208955 0.380597 0.3731343 0.3208955
0.03787879 0.03030303 0.03787879 0.04545455 0.03030303 0.03030303 0.03030303 0.03030303 0.03030303 0.04545455 0.03030303
0.5074627 0.4850746 0.4850746 0.5373134 0.4552239 0.4626866 0.4776119 0.4328358 0.3955224 0.2761194 0.2910448
0.738806 0.738806 0.7089552 0.7164179 0.7164179 0.6343284 0.7835821 0.7686567 0.7238806 0.7014925 0.7014925
0.007194245 0.01438849 0.007194245 0.007194245 0 0 0.007194245 0.01438849 0.007194245 0.01438849 0.01438849
0.3955224 0.4029851 0.3656716 0.3656716 0.2761194 0.2014925 0.1940299 0.1343284 0.1119403 0.08208955 0.09701493
0.5671642 0.4776119 0.5671642 0.5 0.6119403 0.5820896 0.5597015 0.6343284 0.6119403 0.641791 0.5597015
0.4104478 0.4104478 0.4253731 0.4552239 0.4626866 0.5522388 0.5746269 0.5746269 0.5671642 0.5671642 0.5298507
0.4328358 0.4179104 0.4776119 0.4850746 0.5970149 0.6119403 0.6791045 0.6791045 0.7238806 0.7014925 0.7014925
0.1791045 0.2014925 0.1044776 0.02985075 0.01492537 0.007462687 0.01492537 0 0 0 0
0.1417910 0.1119403 0.06716418 0.05970149 0.06716418 0.04477612 0.1119403 0.09701493 0.1268657 0.1492537 0.1268657
0.1666667 0.1666667 0.1666667 0.1893939 0.1136364 0.1287879 0.1363636 0.1287879 0.1212121 0.1666667 0.1515152
0.7164179 0.7238806 0.5970149 0.5671642 0.6044776 0.5970149 0.5820896 0.6044776 0.7238806 0.6044776 0.7014925
0.8540146 0.9635036 0.839416 0.9270073 0.7883212 0.8686131 0.8467153 0.8029197 0.7445255 0.7372263 0.7518248
0.4202899 0.4710145 0.4275362 0.442029 0.4275362 0.3913043 0.3043478 0.2536232 0.2028986 0.1956522 0.1449275
0.761194 0.6865672 0.5671642 0.5597015 0.5373134 0.5447761 0.4701493 0.4552239 0.4328358 0.4552239 0.4253731
0.459854 0.3868613 0.4671533 0.4963504 0.6423358 0.7007299 0.7226277 0.7226277 0.6715328 0.7372263 0.6642336
0.5328467 0.4963504 0.4890511 0.5109489 0.5839416 0.5255474 0.5620438 0.5912409 0.5474453 0.5182482 0.6131387
0.3722628 0.3722628 0.3576642 0.3357664 0.3211679 0.2992701 0.3211679 0.2554745 0.2335766 0.2335766 0.2335766
0.4820144 0.5683453 0.4604317 0.4748201 0.4964029 0.5035971 0.5323741 0.5251799 0.5251799 0.5539568 0.5539568
0.8768116 0.8478261 0.8115942 0.8043478 0.8623188 0.8043478 0.789855 0.768116 0.7536232 0.6594203 0.6811594
0.8561151 0.8992806 0.9208633 0.7841727 0.8561151 0.8057554 0.7913669 0.705036 0.676259 0.647482 0.676259
0.3928571 0.4285714 0.4857143 0.45 0.4714286 0.4642857 0.4857143 0.4214286 0.4071429 0.5142857 0.4285714
0.1791045 0.2014925 0.1865672 0.1343284 0.1791045 0.2014925 0.1940299 0.2164179 0.2164179 0.2313433 0.2462687
0.8978102 0.9562044 0.8540146 0.8978102 0.890511 0.8832117 0.8540146 0.7956204 0.7591241 0.7153285 0.6642336
0.9071429 0.8857143 0.9285714 0.8571429 0.8 0.7357143 0.7142857 0.7357143 0.6571429 0.65 0.6214286
0.6716418 0.7313433 0.619403 0.7835821 0.6865672 0.6567164 0.6119403 0.6567164 0.5895522 0.5820896 0.5597015
0.5149254 0.5522388 0.5223881 0.5671642 0.6119403 0.5522388 0.5970149 0.5895522 0.6268657 0.6044776 0.6119403
0.8409091 0.6666667 0.7348485 0.7348485 0.6515152 0.7045455 0.6212121 0.6515152 0.7272727 0.6666667 0.6136364
0.2089552 0.2611940 0.2238806 0.1641791 0.2014925 0.1567164 0.1044776 0.08208955 0.06716418 0.05970149 0.05223881
0.2611940 0.2761194 0.2089552 0.2388060 0.1567164 0.1641791 0.1044776 0.06716418 0.06716418 0.05970149 0.04477612
0.1428571 0.15 0.1428571 0.1857143 0.2 0.2428571 0.2357143 0.2142857 0.2142857 0.1928571 0.1642857
0.5597015 0.5074627 0.5 0.5223881 0.4626866 0.5597015 0.4477612 0.4477612 0.4477612 0.4253731 0.380597
0.08695652 0.06521739 0.1159420 0.0942029 0.1014493 0.1159420 0.1376812 0.1231884 0.1376812 0.1956522 0.1449275
0.3863636 0.4090909 0.3787879 0.2954545 0.2727273 0.2348485 0.1212121 0.1287879 0.1060606 0.07575758 0.06818182
0.9090909 0.8409091 0.8712121 0.8333333 0.8409091 0.7575758 0.7575758 0.7651515 0.7272727 0.6666667 0.6969697
0.7883212 0.729927 0.7664234 0.7153285 0.7956204 0.6350365 0.729927 0.6642336 0.7591241 0.7153285 0.6642336
0.05839416 0.03649635 0.04379562 0.02189781 0.02189781 0.02189781 0.03649635 0.03649635 0.09489051 0.09489051 0.09489051
0.8134328 0.9179104 0.7537313 0.8358209 0.8507463 0.7089552 0.738806 0.6940299 0.6268657 0.6044776 0.6119403
0.05797101 0.04347826 0.07971014 0.1086957 0.1376812 0.1449275 0.2681159 0.3188406 0.3333333 0.384058 0.3985507
0.9179104 0.8656716 0.9626866 0.9179104 0.880597 0.7985075 0.7835821 0.7686567 0.7238806 0.7014925 0.7014925
0.615942 0.7463768 0.6304348 0.6884058 0.5362319 0.6376812 0.4565217 0.5289855 0.4202899 0.4057971 0.3623188
0.5036496 0.5693431 0.4671533 0.5036496 0.5328467 0.459854 0.4525547 0.4306569 0.4525547 0.4160584 0.3649635
0.2238806 0.2313433 0.2537313 0.3059701 0.2835821 0.3582090 0.3134328 0.3656716 0.3134328 0.3358209 0.3507463
0.2238806 0.1865672 0.2835821 0.3059701 0.2014925 0.2313433 0.2313433 0.2238806 0.1791045 0.2238806 0.1641791
0.919708 0.9635036 0.9124088 0.9270073 0.9124088 0.8686131 0.8467153 0.8029197 0.7445255 0.7372263 0.7518248
0.2214286 0.1428571 0.2214286 0.2642857 0.3642857 0.3571429 0.3571429 0.4071429 0.4357143 0.3714286 0.4285714
0.1492537 0.1791045 0.2238806 0.3059701 0.2686567 0.2985075 0.3582090 0.380597 0.4104478 0.4029851 0.3880597
0.880597 0.9626866 0.8432836 0.8507463 0.880597 0.7985075 0.7835821 0.7686567 0.7238806 0.7014925 0.7014925
0.6571429 0.6714286 0.6285714 0.6571429 0.6142857 0.5142857 0.5857143 0.6285714 0.6571429 0.5785714 0.5642857
0.738806 0.6865672 0.7686567 0.8432836 0.880597 0.7985075 0.7835821 0.7686567 0.7238806 0.7014925 0.7014925
0.4029851 0.4477612 0.5223881 0.4925373 0.5373134 0.5522388 0.5970149 0.5895522 0.6268657 0.6044776 0.6119403
0.5683453 0.5971223 0.618705 0.6618705 0.8561151 0.8057554 0.7913669 0.705036 0.676259 0.647482 0.676259
0.1363636 0.1363636 0.1515152 0.1893939 0.3030303 0.2575758 0.3787879 0.3787879 0.3939394 0.4545455 0.4469697
0.5970149 0.6791045 0.5522388 0.4552239 0.4776119 0.5149254 0.4776119 0.4328358 0.3955224 0.3880597 0.3955224
0.4179104 0.4104478 0.4402985 0.5597015 0.641791 0.7089552 0.738806 0.6940299 0.6268657 0.6044776 0.6119403
0.3283582 0.3208955 0.3880597 0.3955224 0.4552239 0.4029851 0.4552239 0.4626866 0.4850746 0.5149254 0.5
0.7089552 0.6865672 0.6791045 0.8432836 0.7238806 0.7089552 0.6268657 0.6567164 0.6567164 0.641791 0.641791
0.3503650 0.3357664 0.3211679 0.3211679 0.2554745 0.1970803 0.1897810 0.1532847 0.1459854 0.1532847 0.1240876
0.75 0.7121212 0.8636364 0.8030303 0.8409091 0.7727273 0.7575758 0.7651515 0.7272727 0.6666667 0.6969697
0.8283582 0.9104478 0.7761194 0.7835821 0.7985075 0.7164179 0.7537313 0.7313433 0.7313433 0.7014925 0.641791
0 0 0 0.007462687 0.007462687 0.007462687 0.01492537 0.007462687 0.03731343 0.03731343 0.04477612
0.25 0.15 0.09285714 0.09285714 0.04285714 0.02857143 0.01428571 0.01428571 0.007142857 0 0.007142857
0.6115108 0.5971223 0.4604317 0.4892086 0.5107914 0.5251799 0.4964029 0.5179856 0.5683453 0.5395683 0.4604317
0.1666667 0.1969697 0.1818182 0.1893939 0.2121212 0.2045455 0.2651515 0.2424242 0.2803030 0.2727273 0.2651515
0.8134328 0.9179104 0.8955224 0.8358209 0.8507463 0.7089552 0.738806 0.6940299 0.6268657 0.6044776 0.6119403
0.9179104 0.9253731 0.8432836 0.8507463 0.880597 0.7985075 0.7835821 0.7686567 0.7238806 0.7014925 0.7014925
0.3884892 0.4100719 0.4172662 0.3956835 0.4100719 0.4676259 0.5611511 0.5395683 0.5683453 0.589928 0.676259
0.1343284 0.1194030 0.08955224 0.1044776 0.05970149 0.1119403 0.1268657 0.1417910 0.1567164 0.1716418 0.1940299
0.442029 0.5724638 0.5072464 0.442029 0.4782609 0.5507246 0.5507246 0.5217391 0.5072464 0.5362319 0.4782609
0.8134328 0.7089552 0.7537313 0.6940299 0.8507463 0.7089552 0.738806 0.6940299 0.6268657 0.6044776 0.6119403
0.1791045 0.1716418 0.1791045 0.1791045 0.2388060 0.2985075 0.2910448 0.2910448 0.3955224 0.3582090 0.380597
0.7518248 0.6715328 0.7007299 0.6350365 0.7518248 0.7007299 0.7226277 0.6715328 0.6423358 0.7153285 0.6642336
0.4316547 0.5179856 0.5107914 0.4604317 0.4244604 0.4676259 0.4388489 0.4532374 0.4604317 0.4100719 0.4244604
0.5895522 0.4925373 0.5746269 0.6268657 0.6268657 0.5970149 0.6940299 0.7164179 0.7761194 0.7014925 0.5820896
0.1678832 0.1751825 0.2116788 0.2189781 0.2262774 0.1970803 0.2116788 0.1897810 0.1532847 0.1824818 0.1751825
0.880597 0.8880597 0.9104478 0.8358209 0.8507463 0.7985075 0.8059701 0.7985075 0.7761194 0.7014925 0.6567164
0.2589928 0.3021583 0.352518 0.3741007 0.381295 0.381295 0.4604317 0.4748201 0.5395683 0.5107914 0.5035971
0.8467153 0.8029197 0.839416 0.9270073 0.7883212 0.8686131 0.8467153 0.8029197 0.7445255 0.7372263 0.7518248
0.5144928 0.5289855 0.5289855 0.5217391 0.4710145 0.5 0.4637681 0.4275362 0.4565217 0.4057971 0.3623188
0.07913669 0.0647482 0.05035971 0.03597122 0.02877698 0.05035971 0.04316547 0.04316547 0.03597122 0.05035971 0.05035971
0.4104478 0.4179104 0.4776119 0.4552239 0.5074627 0.5149254 0.5149254 0.5373134 0.5447761 0.5447761 0.5223881
0.5522388 0.5746269 0.5 0.4776119 0.4328358 0.5 0.5223881 0.4402985 0.4776119 0.4477612 0.4701493
0.1865672 0.2089552 0.2164179 0.1865672 0.2686567 0.3283582 0.3507463 0.3582090 0.3432836 0.3880597 0.380597
0.4244604 0.3956835 0.323741 0.4028777 0.381295 0.3741007 0.3669065 0.3021583 0.294964 0.2877698 0.2661871
0.04379562 0.05839416 0.05109489 0.1459854 0.1532847 0.1970803 0.2481752 0.2481752 0.3284672 0.3065693 0.3211679
0.2391304 0.2318841 0.2971014 0.2971014 0.3768116 0.4057971 0.384058 0.384058 0.4347826 0.3913043 0.4275362
0.6690647 0.6906475 0.6402878 0.6618705 0.6618705 0.6043165 0.5611511 0.5611511 0.5683453 0.5827338 0.4892086
0.5766423 0.540146 0.5839416 0.5547445 0.6569343 0.7956204 0.7810219 0.7226277 0.7445255 0.7372263 0.7518248
0.8978102 0.9562044 0.9416058 0.8978102 0.890511 0.8832117 0.7372263 0.6715328 0.7591241 0.7153285 0.6642336
0.1785714 0.1285714 0.1571429 0.2285714 0.25 0.3214286 0.3642857 0.3714286 0.4142857 0.3857143 0.4285714
0.9489051 0.9562044 0.9416058 0.8978102 0.890511 0.8832117 0.8540146 0.7956204 0.7591241 0.7153285 0.6642336
0.8768116 0.9347826 0.884058 0.8985507 0.8623188 0.8043478 0.789855 0.768116 0.7536232 0.6594203 0.6811594
0.939394 0.9242424 0.9621212 0.9015152 0.8409091 0.8560606 0.7575758 0.7651515 0.7272727 0.6666667 0.6969697
0.01459854 0.01459854 0.01459854 0.02189781 0.01459854 0.02189781 0.03649635 0.0729927 0.1459854 0.1167883 0.1313869
0.2537313 0.2835821 0.2611940 0.2313433 0.2238806 0.1417910 0.08955224 0.06716418 0.05223881 0.03731343 0.05970149
0.2846715 0.2846715 0.270073 0.2408759 0.2262774 0.1751825 0.1678832 0.1459854 0.1824818 0.1751825 0.1532847
0.6642857 0.7 0.7142857 0.7142857 0.7214286 0.6428571 0.6428571 0.7357143 0.5785714 0.65 0.6214286
0.8484848 0.8409091 0.9621212 0.9015152 0.8409091 0.8560606 0.7575758 0.7651515 0.7272727 0.6666667 0.6969697
0.35 0.3071429 0.2642857 0.2857143 0.35 0.3357143 0.3642857 0.2785714 0.2571429 0.2071429 0.2
0.5144928 0.557971 0.5072464 0.5434783 0.5362319 0.5652174 0.4710145 0.4637681 0.5217391 0.4855072 0.4782609
0.2463768 0.2101449 0.2826087 0.3115942 0.2391304 0.3260870 0.1884058 0.2463768 0.2246377 0.2463768 0.2173913
0.4925373 0.4850746 0.4701493 0.5597015 0.6343284 0.5746269 0.7089552 0.7014925 0.7761194 0.6044776 0.6567164
0.09701493 0.1044776 0.1567164 0.1567164 0.2238806 0.2985075 0.2761194 0.3134328 0.3582090 0.3507463 0.380597
0.1678832 0.1678832 0.1897810 0.2189781 0.2262774 0.2554745 0.2408759 0.2408759 0.2992701 0.3503650 0.2846715
0.4015152 0.3939394 0.3636364 0.3636364 0.3484848 0.3484848 0.3257576 0.3181818 0.3030303 0.2727273 0.2045455
0.7462687 0.7537313 0.7238806 0.8507463 0.7089552 0.738806 0.6791045 0.6791045 0.7238806 0.7014925 0.7014925
0.1119403 0.1119403 0.09701493 0.02985075 0.04477612 0.06716418 0.07462687 0.08955224 0.1044776 0.1194030 0.1044776
0.1532847 0.1532847 0.1678832 0.1021898 0.08029197 0.05839416 0.04379562 0.02919708 0.04379562 0.05839416 0.03649635
0.7445255 0.7591241 0.6350365 0.7956204 0.6934307 0.8029197 0.6861314 0.7226277 0.6788321 0.5985401 0.6642336
0.1865672 0.2462687 0.1417910 0.1492537 0.09701493 0.08955224 0.07462687 0.05970149 0.06716418 0.05223881 0.04477612
0.939394 0.8409091 0.8712121 0.8333333 0.8409091 0.7121212 0.7575758 0.6515152 0.5984848 0.6212121 0.6136364
0.2238806 0.2313433 0.2238806 0.2985075 0.2761194 0.3507463 0.3731343 0.3955224 0.3656716 0.4104478 0.3731343
0.7164179 0.7462687 0.7537313 0.7537313 0.6492537 0.6940299 0.6343284 0.619403 0.5597015 0.6044776 0.5820896
0.6567164 0.6492537 0.6268657 0.6641791 0.8507463 0.7089552 0.5447761 0.5746269 0.5522388 0.6044776 0.6119403
0.7956204 0.8540146 0.839416 0.839416 0.9124088 0.8686131 0.8467153 0.8029197 0.7445255 0.7372263 0.7518248
0.1294964 0.1438849 0.1654676 0.1366906 0.1366906 0.1582734 0.1294964 0.1366906 0.1223022 0.1870504 0.1798561
0.7956204 0.7956204 0.7956204 0.9270073 0.7810219 0.8686131 0.8467153 0.8029197 0.7445255 0.7372263 0.7518248
0.5522388 0.5074627 0.5447761 0.4477612 0.4626866 0.4402985 0.5223881 0.4925373 0.5373134 0.5298507 0.4776119
0.6086957 0.5289855 0.5507246 0.5217391 0.4275362 0.4130435 0.3695652 0.3333333 0.2753623 0.2028986 0.1884058
0.7835821 0.8880597 0.9104478 0.7910448 0.8507463 0.7985075 0.8059701 0.7164179 0.7761194 0.7014925 0.6567164
0.7272727 0.6742424 0.689394 0.6969697 0.7727273 0.6818182 0.7575758 0.7651515 0.7272727 0.6666667 0.6969697
0.7462687 0.619403 0.6865672 0.6492537 0.8507463 0.6044776 0.738806 0.6940299 0.6268657 0.6044776 0.6119403
