0.1956522 0.2391304 0.1884058 0.1304348 0.1666667 0.07971014 0.05797101 0.05797101 0.05797101 0.06521739 0.05797101
0.7328244 0.7709924 0.6183206 0.610687 0.6335878 0.740458 0.7328244 0.7328244 0.7328244 0.6870229 0.6259542
0.3 0.3076923 0.3384615 0.3692308 0.3538462 0.3307692 0.3846154 0.3384615 0.3692308 0.3307692 0.4230769
0.7608696 0.8478261 0.8623188 0.826087 0.8985507 0.8188406 0.731884 0.768116 0.7101449 0.7173913 0.673913
0.8059701 0.8432836 0.8283582 0.8283582 0.8208955 0.8283582 0.8134328 0.6641791 0.6940299 0.7313433 0.6492537
0.2686567 0.3283582 0.2686567 0.2761194 0.3059701 0.2611940 0.2985075 0.2985075 0.3283582 0.3358209 0.3134328
0.887324 0.9084507 0.8450704 0.859155 0.7464789 0.7183099 0.7253521 0.6408451 0.6408451 0.6267606 0.584507
0.4384615 0.3538462 0.4615385 0.4769231 0.5076923 0.5076923 0.5384615 0.6307692 0.6384615 0.6230769 0.6538462
0.5223881 0.4776119 0.5447761 0.5298507 0.5522388 0.6343284 0.6119403 0.619403 0.7761194 0.7462687 0.5522388
0.4029851 0.380597 0.3582090 0.3358209 0.3432836 0.2835821 0.1791045 0.2388060 0.1940299 0.1567164 0.1641791
0.8695652 0.7608696 0.768116 0.8913043 0.768116 0.8695652 0.6956522 0.7101449 0.6811594 0.6594203 0.6231884
0.5769231 0.5769231 0.6846154 0.6 0.7153846 0.6692308 0.6153846 0.6615385 0.6384615 0.6846154 0.6538462
0.2826087 0.3260870 0.3913043 0.3623188 0.384058 0.4057971 0.442029 0.4057971 0.3768116 0.3550725 0.4130435
0.6870229 0.7175573 0.7328244 0.6870229 0.7099237 0.6870229 0.610687 0.5419847 0.5648855 0.5419847 0.5648855
0.887324 0.8309859 0.8450704 0.7605634 0.7464789 0.7183099 0.7253521 0.6408451 0.6408451 0.6267606 0.584507
0.5985401 0.5036496 0.5036496 0.4817518 0.459854 0.4452555 0.5620438 0.5182482 0.4963504 0.4963504 0.540146
0.2977099 0.3129771 0.3664122 0.3206107 0.3129771 0.3435115 0.3129771 0.2977099 0.2748092 0.2824427 0.2671756
0.4057971 0.4565217 0.4347826 0.3623188 0.4202899 0.3768116 0.3115942 0.3478261 0.3043478 0.2898551 0.2826087
0.0923077 0.1153846 0.1846154 0.1076923 0.2 0.3153846 0.3230769 0.3769231 0.3615385 0.3769231 0.3615385
0.6615385 0.7076923 0.7615385 0.7692308 0.6923077 0.7615385 0.8076923 0.7692308 0.7461538 0.6846154 0.6538462
0.4857143 0.5928571 0.5357143 0.6 0.5428571 0.5571429 0.5071429 0.5714286 0.5785714 0.5785714 0.5071429
0.6615385 0.6846154 0.7153846 0.6384615 0.6538462 0.7153846 0.6 0.6615385 0.6384615 0.5846154 0.6
0.2814815 0.2814815 0.2444444 0.2444444 0.2074074 0.2592593 0.2222222 0.2592593 0.2222222 0.2 0.2074074
0.9328358 0.8432836 0.8283582 0.8880597 0.8208955 0.8283582 0.8134328 0.6641791 0.6940299 0.7313433 0.6492537
0.2611940 0.2388060 0.2313433 0.2388060 0.2835821 0.2985075 0.2835821 0.3656716 0.3731343 0.3582090 0.4328358
0.2615385 0.2538462 0.2307692 0.2307692 0.1384615 0.1384615 0.1384615 0.1384615 0.1307692 0.1230769 0.1307692
0.2246377 0.2826087 0.2608696 0.1956522 0.3695652 0.3768116 0.4130435 0.4347826 0.442029 0.4347826 0.4855072
0.8153846 0.776923 0.6230769 0.6 0.5307692 0.3769231 0.3769231 0.2692308 0.2153846 0.1230769 0.1307692
0.1231884 0.1159420 0.1376812 0.1666667 0.1811594 0.2246377 0.1884058 0.2318841 0.3550725 0.3768116 0.3115942
0.02189781 0.02189781 0.02919708 0.02919708 0.02189781 0.02919708 0.04379562 0.03649635 0.02189781 0.02189781 0.03649635
0.5496183 0.5801527 0.480916 0.4351145 0.4732824 0.4122137 0.3969466 0.3664122 0.3358779 0.3129771 0.2671756
0.6461538 0.6615385 0.6230769 0.7384615 0.6846154 0.7076923 0.6769231 0.7692308 0.7461538 0.6846154 0.6538462
0.007462687 0.007462687 0.007462687 0.007462687 0 0.007462687 0 0.01492537 0.02238806 0.02238806 0.02238806
0.3868613 0.3868613 0.3941606 0.3357664 0.3357664 0.2627737 0.1313869 0.1605839 0.09489051 0.0729927 0.08029197
0.5384615 0.6 0.6076923 0.6 0.6461538 0.6846154 0.5769231 0.6153846 0.6384615 0.6846154 0.6076923
0.6044776 0.6119403 0.6044776 0.5671642 0.5597015 0.5447761 0.619403 0.5671642 0.5522388 0.5970149 0.5223881
0.3623188 0.3985507 0.442029 0.4492754 0.5942029 0.6449275 0.6521739 0.6304348 0.7101449 0.7173913 0.673913
0.2692308 0.2384615 0.1923077 0.1769231 0.06923077 0.04615385 0.03846154 0.04615385 0.03076923 0.02307692 0.02307692
0.08148148 0.08148148 0.05185185 0.05185185 0.07407407 0.04444444 0.02222222 0.07407407 0.06666667 0.06666667 0.1111111
0.2537313 0.2462687 0.2164179 0.2164179 0.1940299 0.1940299 0.1791045 0.1716418 0.2014925 0.1865672 0.2238806
0.5507246 0.5434783 0.5289855 0.4782609 0.4927536 0.5289855 0.5 0.5 0.5289855 0.5289855 0.5
0.9057971 0.9492754 0.942029 0.8405797 0.8985507 0.8768116 0.8333333 0.768116 0.7101449 0.7173913 0.673913
0.5428571 0.4857143 0.4571429 0.4642857 0.4285714 0.3714286 0.4 0.2 0.2714286 0.1714286 0.1428571
0.7463768 0.615942 0.6086957 0.7101449 0.5797101 0.5289855 0.5434783 0.5289855 0.5434783 0.5289855 0.4565217
0.5714286 0.4642857 0.4928571 0.5571429 0.5928571 0.65 0.6071429 0.6428571 0.6714286 0.7071429 0.6714286
0.4817518 0.540146 0.5839416 0.5693431 0.5328467 0.5328467 0.6715328 0.5182482 0.5109489 0.5839416 0.5766423
0.4427481 0.3358779 0.3435115 0.3129771 0.3206107 0.3129771 0.3206107 0.2442748 0.2824427 0.2442748 0.2061069
0.4202899 0.4782609 0.4710145 0.4637681 0.5362319 0.557971 0.5724638 0.5652174 0.6231884 0.5724638 0.6014493
0.7925926 0.8296296 0.7185185 0.8962963 0.8222222 0.7925926 0.8 0.8222222 0.7259259 0.6962963 0.6740741
0.9057971 0.8913043 0.942029 0.8405797 0.8985507 0.8768116 0.8333333 0.768116 0.7101449 0.7173913 0.673913
0.5496183 0.4580153 0.5038168 0.519084 0.4503817 0.480916 0.4274809 0.4580153 0.4885496 0.4885496 0.4580153
0.1760563 0.2042254 0.2112676 0.2253521 0.1901408 0.1901408 0.1971831 0.1690141 0.2042254 0.1830986 0.2183099
0.9142857 0.9285714 0.9357143 0.9142857 0.8214286 0.8214286 0.8071429 0.75 0.7785714 0.7071429 0.6714286
0.880597 0.9253731 0.8880597 0.8880597 0.8208955 0.8283582 0.8134328 0.6641791 0.6940299 0.7313433 0.6492537
0.6267606 0.5633803 0.612676 0.5774648 0.5422535 0.5140845 0.7253521 0.584507 0.5774648 0.5915493 0.584507
0.5211268 0.5211268 0.5704225 0.612676 0.6267606 0.6197183 0.5352113 0.6408451 0.6408451 0.6267606 0.584507
0.620438 0.6934307 0.7372263 0.6277372 0.6569343 0.729927 0.6715328 0.6423358 0.6277372 0.6423358 0.6131387
0.0942029 0.1159420 0.0942029 0.1304348 0.1376812 0.1449275 0.1086957 0.1231884 0.1014493 0.07971014 0.0942029
0.3740458 0.3358779 0.2977099 0.2061069 0.1755725 0.1374046 0.1145038 0.1068702 0.06870229 0.0610687 0.07633588
0.3208955 0.3059701 0.2761194 0.3582090 0.3582090 0.3582090 0.2910448 0.2537313 0.2985075 0.1791045 0.1343284
0.6183206 0.5648855 0.5801527 0.4961832 0.519084 0.4656489 0.4045802 0.4274809 0.4274809 0.4122137 0.389313
0.06521739 0.05072464 0.05797101 0.04347826 0.05072464 0.05797101 0.07246377 0.07971014 0.08695652 0.08695652 0.1086957
0.6268657 0.5970149 0.5074627 0.5373134 0.5149254 0.4552239 0.4477612 0.3432836 0.2761194 0.1865672 0.1641791
0.8540146 0.9343066 0.9343066 0.839416 0.7883212 0.8540146 0.7810219 0.7591241 0.7372263 0.6861314 0.6423358
0.7 0.7428571 0.5928571 0.6571429 0.6928571 0.6571429 0.7142857 0.6428571 0.6714286 0.7071429 0.6714286
0.1459854 0.0729927 0.09489051 0.09489051 0.1021898 0.0729927 0.09489051 0.09489051 0.1094891 0.1386861 0.1824818
0.880597 0.8955224 0.9477612 0.9104478 0.8731343 0.902985 0.8059701 0.7686567 0.7761194 0.7462687 0.6492537
0.3587786 0.4198473 0.3740458 0.3664122 0.4351145 0.3816794 0.4122137 0.4045802 0.4351145 0.4045802 0.4351145
0.8731343 0.8507463 0.880597 0.9104478 0.8731343 0.902985 0.8059701 0.7686567 0.7761194 0.7462687 0.6492537
0.7538462 0.7615385 0.7076923 0.7 0.6384615 0.5307692 0.4615385 0.4307692 0.4230769 0.3692308 0.4
0.4571429 0.4571429 0.5285714 0.5428571 0.4071429 0.4428571 0.4357143 0.4285714 0.4 0.3571429 0.3285714
0.1666667 0.1521739 0.2101449 0.2391304 0.2318841 0.2173913 0.2536232 0.2463768 0.3550725 0.3478261 0.3260870
0.1690141 0.1619718 0.1478873 0.1830986 0.1338028 0.1338028 0.0915493 0.1267606 0.1197183 0.1056338 0.1056338
0.976923 0.8307692 0.8692308 0.9 0.8461538 0.8538462 0.8076923 0.7692308 0.7461538 0.6846154 0.6538462
0.2 0.1307692 0.2384615 0.2461538 0.2846154 0.2307692 0.2461538 0.1923077 0.2 0.2230769 0.2076923
0.1666667 0.2391304 0.2318841 0.2391304 0.3260870 0.3550725 0.4130435 0.4347826 0.4275362 0.4275362 0.3985507
0.9428571 0.8857143 0.8928571 0.8071429 0.8714286 0.8214286 0.8071429 0.75 0.7785714 0.7071429 0.6714286
0.6716418 0.6940299 0.6567164 0.641791 0.6492537 0.5820896 0.619403 0.619403 0.6044776 0.6119403 0.5149254
0.7571429 0.7785714 0.8071429 0.7357143 0.8214286 0.8214286 0.8071429 0.75 0.7785714 0.7071429 0.6714286
0.5072464 0.4057971 0.4565217 0.5217391 0.5362319 0.5942029 0.6666667 0.768116 0.7101449 0.7173913 0.673913
0.5298507 0.619403 0.641791 0.7537313 0.8208955 0.8283582 0.8134328 0.6641791 0.6940299 0.7313433 0.6492537
0.03053435 0.04580153 0.0610687 0.08396947 0.129771 0.1679389 0.2900763 0.2977099 0.2900763 0.3435115 0.3587786
0.5037037 0.4740741 0.5111111 0.4666667 0.4222222 0.4444444 0.4296296 0.3481481 0.4296296 0.3629630 0.3703704
0.3550725 0.4202899 0.4855072 0.615942 0.5797101 0.6666667 0.6956522 0.7101449 0.6811594 0.6594203 0.6231884
0.4503817 0.519084 0.4580153 0.4351145 0.5419847 0.5954198 0.5343511 0.5725191 0.5877863 0.5801527 0.5877863
0.8015267 0.7709924 0.7633588 0.778626 0.7480916 0.6870229 0.6564885 0.6183206 0.5877863 0.5267176 0.5267176
0.2238806 0.2313433 0.2164179 0.2089552 0.1492537 0.1567164 0.1119403 0.09701493 0.07462687 0.09701493 0.08955224
0.7071429 0.7 0.7142857 0.7642857 0.8142857 0.8214286 0.8071429 0.75 0.7785714 0.7071429 0.6714286
0.7633588 0.832061 0.8244275 0.8091603 0.7480916 0.7862595 0.7328244 0.7328244 0.7328244 0.6870229 0.6259542
0.04444444 0.04444444 0.05185185 0.05185185 0.04444444 0.07407407 0.06666667 0.1333333 0.1111111 0.1481481 0.1481481
0.2173913 0.1159420 0.1159420 0.06521739 0.04347826 0.02173913 0.03623188 0.03623188 0.007246377 0.007246377 0.007246377
0.6521739 0.5942029 0.6956522 0.5507246 0.5362319 0.5942029 0.5217391 0.5507246 0.5289855 0.5217391 0.5217391
0.1940299 0.1791045 0.1567164 0.1716418 0.1492537 0.1716418 0.1567164 0.1865672 0.1940299 0.2238806 0.2238806
0.7007299 0.7153285 0.7372263 0.6350365 0.7226277 0.6131387 0.6715328 0.5620438 0.6350365 0.6423358 0.5766423
0.9555556 0.9037037 0.9037037 0.8962963 0.8222222 0.8444444 0.8 0.8222222 0.7259259 0.6962963 0.6740741
0.3129771 0.3053435 0.4122137 0.3816794 0.4122137 0.519084 0.5343511 0.5725191 0.5572519 0.6870229 0.6259542
0.1538462 0.1230769 0.1153846 0.1076923 0.06923077 0.06923077 0.08461538 0.1153846 0.1 0.1230769 0.1230769
0.5 0.3955224 0.4477612 0.4179104 0.4552239 0.4328358 0.4776119 0.4925373 0.4477612 0.4701493 0.4552239
0.8285714 0.8785714 0.8928571 0.9142857 0.8714286 0.8214286 0.8071429 0.75 0.7785714 0.7071429 0.6714286
0.04444444 0.08148148 0.05185185 0.05185185 0.07407407 0.1259259 0.1555556 0.2888889 0.2518519 0.2444444 0.2370370
0.7246377 0.789855 0.6956522 0.7101449 0.8188406 0.6449275 0.8333333 0.7101449 0.7101449 0.7173913 0.673913
0.4402985 0.4328358 0.4701493 0.4477612 0.4029851 0.4477612 0.4477612 0.5 0.4402985 0.4253731 0.3880597
0.6567164 0.7014925 0.6716418 0.6641791 0.738806 0.6940299 0.8059701 0.7686567 0.7761194 0.6343284 0.5895522
0.2748092 0.2900763 0.259542 0.2977099 0.2977099 0.1984733 0.3129771 0.2442748 0.2442748 0.2519084 0.2213740
0.887324 0.8380282 0.8450704 0.859155 0.7464789 0.7183099 0.7253521 0.6408451 0.6408451 0.6267606 0.584507
0.2686567 0.2537313 0.2537313 0.3507463 0.3731343 0.3731343 0.4104478 0.4552239 0.4701493 0.4776119 0.4850746
0.9253731 0.8955224 0.880597 0.9104478 0.8731343 0.902985 0.8059701 0.7686567 0.7761194 0.7462687 0.6492537
0.6074074 0.7777778 0.6962963 0.7333333 0.637037 0.7777778 0.5555556 0.6740741 0.5851852 0.4518519 0.4666667
0.1984733 0.1984733 0.1755725 0.1679389 0.1755725 0.1679389 0.1755725 0.1450382 0.1450382 0.08396947 0.09923664
0.4444444 0.3185185 0.3777778 0.4 0.3629630 0.3777778 0.4074074 0.4814815 0.4592593 0.4666667 0.4666667
0.459854 0.5182482 0.5182482 0.4671533 0.5182482 0.4744526 0.5620438 0.4817518 0.4963504 0.5036496 0.4817518
0.2189781 0.2481752 0.3138686 0.3138686 0.3649635 0.3868613 0.3795620 0.3868613 0.4744526 0.4452555 0.4306569
0.3098592 0.3521127 0.3380282 0.3309859 0.2816901 0.2957746 0.3380282 0.3309859 0.2676056 0.3098592 0.2746479
0.2230769 0.2076923 0.2076923 0.2 0.2769231 0.3153846 0.3230769 0.3846154 0.3846154 0.4076923 0.4307692
0.2761194 0.2611940 0.2835821 0.3955224 0.3880597 0.4253731 0.4402985 0.5074627 0.4029851 0.5074627 0.4776119
0.6615385 0.6923077 0.8153846 0.8076923 0.7538462 0.7153846 0.6769231 0.6230769 0.5461538 0.5923077 0.5
0.5298507 0.5895522 0.5820896 0.5671642 0.6567164 0.641791 0.8134328 0.6641791 0.6940299 0.7313433 0.6492537
0.8854962 0.9160305 0.9007634 0.8091603 0.8473282 0.7862595 0.7328244 0.7328244 0.7328244 0.6870229 0.6259542
0.2985075 0.2835821 0.2686567 0.4029851 0.3955224 0.4253731 0.4701493 0.5074627 0.4776119 0.4850746 0.4776119
0.9416058 0.9343066 0.8832117 0.8686131 0.8467153 0.8540146 0.7810219 0.7591241 0.7372263 0.6861314 0.6423358
0.8432836 0.8432836 0.880597 0.9104478 0.8731343 0.902985 0.8059701 0.7686567 0.7761194 0.7462687 0.6492537
0.976923 0.8923077 0.9307692 0.9 0.8461538 0.8538462 0.8076923 0.7692308 0.7461538 0.6846154 0.6538462
0.02142857 0.02142857 0.02142857 0.03571429 0.04285714 0.07142857 0.1142857 0.1642857 0.1714286 0.2071429 0.2214286
0.3435115 0.3282443 0.3435115 0.3282443 0.2824427 0.2900763 0.2290076 0.2213740 0.1755725 0.1374046 0.08396947
0.4057971 0.2753623 0.2753623 0.3043478 0.2971014 0.3550725 0.3115942 0.3768116 0.3260870 0.3043478 0.2826087
0.6296296 0.6888889 0.7185185 0.8148148 0.6444444 0.7037037 0.7259259 0.8222222 0.7259259 0.6962963 0.6740741
0.8613139 0.8686131 0.9343066 0.8686131 0.8467153 0.8540146 0.6788321 0.7591241 0.7372263 0.6861314 0.6423358
0.2740741 0.1925926 0.2 0.1851852 0.1703704 0.1259259 0.07407407 0.07407407 0.08148148 0.07407407 0.05185185
0.4452555 0.4452555 0.4890511 0.4817518 0.4671533 0.4744526 0.4817518 0.4817518 0.4744526 0.5109489 0.4817518
0.1603053 0.1374046 0.1908397 0.1755725 0.2061069 0.1374046 0.129771 0.1374046 0.1374046 0.1603053 0.129771
0.6268657 0.5895522 0.5597015 0.641791 0.5820896 0.6791045 0.7014925 0.7686567 0.6716418 0.7462687 0.6492537
0.07042254 0.08450704 0.1197183 0.1478873 0.1619718 0.2042254 0.2042254 0.2323944 0.2323944 0.2323944 0.2464789
0.1824818 0.1897810 0.1532847 0.1532847 0.1678832 0.2773723 0.2262774 0.2335766 0.3430657 0.3576642 0.3284672
0.4 0.4074074 0.4148148 0.3481481 0.3925926 0.3777778 0.3407407 0.3259259 0.2666667 0.2814815 0.2370370
0.6074074 0.6888889 0.5851852 0.6592593 0.6444444 0.762963 0.8 0.6740741 0.7259259 0.6962963 0.6740741
0.08208955 0.07462687 0.08208955 0.07462687 0.08955224 0.1119403 0.1567164 0.1417910 0.2014925 0.1865672 0.1865672
0.07692308 0.07692308 0.02307692 0.03076923 0.02307692 0.01538462 0.01538462 0.03076923 0.02307692 0.01538462 0.02307692
0.6870229 0.6183206 0.5954198 0.6412214 0.6412214 0.6183206 0.610687 0.5801527 0.648855 0.6870229 0.6259542
0.1119403 0.05970149 0.07462687 0.01492537 0.01492537 0.02238806 0.03731343 0.03731343 0.02985075 0.03731343 0.02238806
0.9 0.7615385 0.8615385 0.8076923 0.7076923 0.7153846 0.8076923 0.6615385 0.5923077 0.6307692 0.6076923
0.2370370 0.1703704 0.2444444 0.2666667 0.2592593 0.3333333 0.3777778 0.3703704 0.3703704 0.3333333 0.3703704
0.826087 0.7536232 0.731884 0.8188406 0.7028986 0.8695652 0.6884058 0.557971 0.6811594 0.6014493 0.5217391
0.768116 0.6521739 0.6449275 0.6594203 0.5797101 0.615942 0.6884058 0.5289855 0.5 0.5434783 0.5217391
0.7835821 0.8507463 0.8208955 0.8208955 0.6940299 0.761194 0.7164179 0.7686567 0.7761194 0.7462687 0.6492537
0.07462687 0.07462687 0.1194030 0.06716418 0.08955224 0.08208955 0.1343284 0.1417910 0.1865672 0.1567164 0.1865672
0.826087 0.8333333 0.8550725 0.7971014 0.8188406 0.8188406 0.8333333 0.768116 0.7101449 0.7173913 0.673913
0.5298507 0.4402985 0.4626866 0.4253731 0.4328358 0.4104478 0.3582090 0.4701493 0.4253731 0.4104478 0.4179104
0.619403 0.5970149 0.5149254 0.4850746 0.4029851 0.3507463 0.2910448 0.1940299 0.2388060 0.2238806 0.1791045
0.7925926 0.9037037 0.9037037 0.8148148 0.8222222 0.8444444 0.8 0.8222222 0.7259259 0.6962963 0.6740741
0.6962963 0.6148148 0.6962963 0.6888889 0.7555556 0.8444444 0.8 0.8222222 0.7259259 0.6962963 0.6740741
0.7538462 0.776923 0.7923077 0.7692308 0.7538462 0.7615385 0.8076923 0.7692308 0.7461538 0.6846154 0.6538462
