0.3284672 0.3211679 0.270073 0.2189781 0.1605839 0.08029197 0.08029197 0.0729927 0.05839416 0.05839416 0.06569343
0.7557252 0.7557252 0.7862595 0.7862595 0.7328244 0.7328244 0.6717557 0.8167939 0.6564885 0.6946565 0.6717557
0.2986111 0.2708333 0.2777778 0.2291667 0.3055556 0.2152778 0.3194444 0.2361111 0.2569444 0.3263889 0.3333333
0.740458 0.7862595 0.8091603 0.7328244 0.740458 0.7328244 0.6717557 0.8167939 0.6564885 0.6946565 0.6717557
0.9172932 0.887218 0.8796992 0.924812 0.8796992 0.849624 0.7819549 0.8045113 0.81203 0.6992481 0.6766917
0.3007519 0.2556391 0.2556391 0.1654135 0.2631579 0.1804511 0.2781955 0.2857143 0.3082707 0.2857143 0.3082707
0.9370079 0.952756 0.9370079 0.9212598 0.8897638 0.8425197 0.7795276 0.7952756 0.7637795 0.7165354 0.6771654
0.4785714 0.5142857 0.6214286 0.6142857 0.55 0.5571429 0.7285714 0.6285714 0.6 0.6357143 0.55
0.6131387 0.5547445 0.5693431 0.5985401 0.6131387 0.5547445 0.6423358 0.649635 0.7153285 0.649635 0.6934307
0.4094488 0.3385827 0.2913386 0.2677165 0.2755906 0.2440945 0.2677165 0.2677165 0.2519685 0.2598425 0.2204724
0.6850394 0.6535433 0.7716535 0.7322835 0.6614173 0.7559055 0.7795276 0.7952756 0.7637795 0.7165354 0.6771654
0.6641791 0.7164179 0.7089552 0.7014925 0.7985075 0.7089552 0.8059701 0.6492537 0.6268657 0.6641791 0.6567164
0.2028986 0.2101449 0.1521739 0.1884058 0.2173913 0.2028986 0.2753623 0.2753623 0.2681159 0.2681159 0.3260870
0.7067669 0.7518797 0.8796992 0.7969925 0.7293233 0.6992481 0.6165414 0.5864662 0.6165414 0.5714286 0.5488722
0.8928571 0.8857143 0.8285714 0.8357143 0.7857143 0.7714286 0.7285714 0.6285714 0.6 0.6357143 0.55
0.5555556 0.5694444 0.4652778 0.5486111 0.4861111 0.4513889 0.5555556 0.5347222 0.5416667 0.5277778 0.6180556
0.2755906 0.2440945 0.2283465 0.2598425 0.2125984 0.2440945 0.2283465 0.2204724 0.2519685 0.2204724 0.2598425
0.4736842 0.4210526 0.4736842 0.4285714 0.4511278 0.3533835 0.3082707 0.2781955 0.2030075 0.2180451 0.2330827
0.1527778 0.1458333 0.1736111 0.1736111 0.2361111 0.2083333 0.3194444 0.3263889 0.375 0.3888889 0.3611111
0.7368421 0.6992481 0.7067669 0.7969925 0.7669173 0.7593985 0.7218045 0.8045113 0.81203 0.6992481 0.6766917
0.6390977 0.5263158 0.5789474 0.5488722 0.5338346 0.5864662 0.5413534 0.5338346 0.5488722 0.5112782 0.4661654
0.5902778 0.5902778 0.5347222 0.5486111 0.5694444 0.5486111 0.4861111 0.5138889 0.4930556 0.4583333 0.4583333
0.3428571 0.4 0.3857143 0.3714286 0.35 0.3571429 0.3571429 0.3928571 0.3428571 0.3642857 0.3357143
0.8818898 0.952756 0.8818898 0.9212598 0.8897638 0.7637795 0.7795276 0.7952756 0.7637795 0.7165354 0.6771654
0.1884058 0.2028986 0.2246377 0.3478261 0.3695652 0.3550725 0.3333333 0.3623188 0.3623188 0.3623188 0.3695652
0.2714286 0.3 0.3357143 0.2571429 0.2357143 0.2071429 0.1357143 0.1285714 0.15 0.15 0.1285714
0.1338583 0.1732283 0.09448819 0.1653543 0.2047244 0.1732283 0.2204724 0.2204724 0.2519685 0.2519685 0.2677165
0.8646617 0.8947368 0.7744361 0.81203 0.5864662 0.4887218 0.406015 0.2631579 0.2406015 0.2030075 0.1879699
0.1654135 0.1954887 0.2030075 0.2406015 0.2631579 0.2857143 0.406015 0.4135338 0.4586466 0.4887218 0.4586466
0.05223881 0.03731343 0.03731343 0.03731343 0.02238806 0.01492537 0.01492537 0.02238806 0.02985075 0.05223881 0.02985075
0.519685 0.4566929 0.488189 0.5433071 0.4409449 0.4330709 0.3700787 0.4094488 0.3307087 0.3228346 0.2834646
0.631579 0.5714286 0.6015038 0.593985 0.6992481 0.8421053 0.6466165 0.7368421 0.7142857 0.6616541 0.6240602
0.06716418 0.05223881 0.02985075 0.05223881 0.02238806 0.01492537 0.06716418 0.05970149 0.04477612 0.05970149 0.08208955
0.4885496 0.5267176 0.4580153 0.4427481 0.3358779 0.3282443 0.3129771 0.2290076 0.1755725 0.1526718 0.1526718
0.4671533 0.4525547 0.5255474 0.5255474 0.5985401 0.5912409 0.6131387 0.5766423 0.7153285 0.649635 0.6934307
0.3684211 0.3533835 0.3609023 0.4736842 0.481203 0.5037594 0.556391 0.5864662 0.5789474 0.5639098 0.5263158
0.4351145 0.4198473 0.4732824 0.5801527 0.5954198 0.6564885 0.8091603 0.7099237 0.7480916 0.6946565 0.6717557
0.2246377 0.1521739 0.1956522 0.1449275 0.07971014 0.02898551 0.02173913 0.01449275 0.02173913 0.01449275 0
0.1428571 0.1278195 0.07518797 0.1503759 0.09774436 0.09022556 0.1353383 0.1353383 0.1428571 0.1654135 0.1503759
0.1285714 0.1214286 0.07142857 0.07142857 0.06428571 0.1 0.07857143 0.06428571 0.1 0.1 0.09285714
0.6691729 0.6917293 0.6992481 0.6165414 0.6616541 0.5789474 0.593985 0.5714286 0.5789474 0.6992481 0.6015038
0.962406 0.887218 0.8796992 0.8270677 0.8796992 0.849624 0.7819549 0.8045113 0.81203 0.6992481 0.6766917
0.4477612 0.4552239 0.4029851 0.4029851 0.4029851 0.3134328 0.3507463 0.2761194 0.2462687 0.2014925 0.2014925
0.7637795 0.7007874 0.6377953 0.6141732 0.5433071 0.519685 0.5905512 0.5354331 0.5826772 0.511811 0.4409449
0.481203 0.4135338 0.5413534 0.5112782 0.5338346 0.6390977 0.6917293 0.6466165 0.7142857 0.6616541 0.6240602
0.4930556 0.4791667 0.4652778 0.4583333 0.4305556 0.5 0.5277778 0.5138889 0.5625 0.5416667 0.4930556
0.3188406 0.2391304 0.2536232 0.2101449 0.2246377 0.1521739 0.1304348 0.0942029 0.1086957 0.1304348 0.08695652
0.5714286 0.5714286 0.5413534 0.556391 0.4736842 0.5263158 0.5112782 0.5639098 0.556391 0.5864662 0.5413534
0.8045113 0.8421053 0.8796992 0.924812 0.7744361 0.7443609 0.7218045 0.7218045 0.81203 0.6992481 0.6766917
0.962406 0.9398496 0.9398496 0.924812 0.8796992 0.849624 0.7819549 0.8045113 0.81203 0.6992481 0.6766917
0.5074627 0.5149254 0.5746269 0.4776119 0.5223881 0.5223881 0.5074627 0.4776119 0.4626866 0.4328358 0.4701493
0.2857143 0.3233083 0.2481203 0.3233083 0.2481203 0.2706767 0.2781955 0.2330827 0.2556391 0.2180451 0.2180451
0.7285714 0.7642857 0.8285714 0.7214286 0.7857143 0.7714286 0.7285714 0.6285714 0.6 0.6357143 0.55
0.9124088 0.9489051 0.8978102 0.8248175 0.8686131 0.8540146 0.8321168 0.7591241 0.7153285 0.7153285 0.6934307
0.7173913 0.673913 0.7463768 0.7101449 0.6304348 0.673913 0.6086957 0.6376812 0.6594203 0.6014493 0.6521739
0.5 0.5357143 0.6071429 0.5714286 0.5928571 0.5571429 0.5928571 0.6285714 0.6 0.6357143 0.55
0.6861314 0.7226277 0.8248175 0.8175182 0.6350365 0.8540146 0.6423358 0.6569343 0.6277372 0.5766423 0.6058394
0.2323944 0.2112676 0.1478873 0.1267606 0.1478873 0.07042254 0.0915493 0.07042254 0.05633803 0.06338028 0.04225352
0.2834646 0.3464567 0.2834646 0.2677165 0.2283465 0.2047244 0.2362205 0.2598425 0.2125984 0.2125984 0.1574803
0.2834646 0.3070866 0.3070866 0.3070866 0.3464567 0.3700787 0.3070866 0.3228346 0.3858268 0.3228346 0.3070866
0.5474453 0.5912409 0.540146 0.5328467 0.5766423 0.5036496 0.540146 0.4744526 0.4817518 0.4744526 0.4233577
0.09701493 0.08955224 0.05970149 0.06716418 0.09701493 0.06716418 0.08208955 0.1194030 0.1268657 0.1119403 0.1268657
0.4661654 0.4586466 0.3533835 0.3834586 0.2631579 0.1804511 0.1804511 0.1503759 0.1353383 0.1052632 0.1052632
0.8731343 0.8059701 0.7985075 0.8880597 0.8731343 0.8208955 0.8059701 0.7686567 0.6268657 0.6641791 0.6567164
0.7928571 0.7642857 0.8285714 0.8357143 0.6714286 0.6214286 0.5928571 0.6285714 0.6 0.6357143 0.55
0.03937008 0.04724409 0.04724409 0.05511811 0.04724409 0.06299213 0.07086614 0.06299213 0.05511811 0.05511811 0.07086614
0.8818898 0.8976378 0.9370079 0.9212598 0.8897638 0.8425197 0.7795276 0.7952756 0.7637795 0.7165354 0.6771654
0.02255639 0.03759398 0.06766917 0.03759398 0.05263158 0.09022556 0.1353383 0.2255639 0.2406015 0.3082707 0.2932331
0.9328358 0.9328358 0.8955224 0.8880597 0.8731343 0.8208955 0.8059701 0.7686567 0.6268657 0.6641791 0.6567164
0.7 0.6285714 0.5214286 0.6142857 0.4928571 0.4571429 0.4928571 0.4428571 0.4071429 0.4142857 0.3285714
0.380597 0.4925373 0.4253731 0.4029851 0.4179104 0.4253731 0.3955224 0.4179104 0.380597 0.3134328 0.3432836
0.1732283 0.2283465 0.2204724 0.2047244 0.1889764 0.2204724 0.1968504 0.2598425 0.2125984 0.2519685 0.2204724
0.2605634 0.3028169 0.3098592 0.1901408 0.3098592 0.2676056 0.1830986 0.1901408 0.1690141 0.1338028 0.1267606
0.9370079 0.952756 0.9370079 0.9212598 0.8897638 0.8425197 0.7795276 0.7952756 0.7637795 0.7165354 0.6771654
0.07462687 0.08955224 0.1044776 0.1119403 0.1865672 0.1567164 0.2164179 0.1865672 0.1716418 0.1641791 0.1716418
0.1194030 0.1343284 0.2014925 0.2388060 0.2462687 0.2910448 0.3134328 0.3656716 0.3582090 0.4104478 0.380597
0.859155 0.8521127 0.9225352 0.8802817 0.8943662 0.8380282 0.8028169 0.7605634 0.7183099 0.6760563 0.6338028
0.6350365 0.5474453 0.6131387 0.6642336 0.649635 0.7007299 0.620438 0.5985401 0.5620438 0.7153285 0.5766423
0.5642857 0.65 0.6714286 0.6428571 0.6071429 0.6214286 0.7285714 0.6285714 0.6 0.6357143 0.55
0.4885496 0.5648855 0.480916 0.5496183 0.5267176 0.6946565 0.6183206 0.6412214 0.7480916 0.6946565 0.6717557
0.5419847 0.5267176 0.5801527 0.610687 0.6030534 0.7022901 0.8091603 0.8167939 0.7480916 0.6946565 0.6717557
0.07746479 0.04225352 0.06338028 0.1126761 0.1478873 0.2394366 0.3169014 0.3309859 0.3802817 0.3943662 0.4154930
0.5877863 0.5954198 0.5496183 0.5496183 0.5114504 0.5725191 0.4732824 0.480916 0.519084 0.4885496 0.5343511
0.4179104 0.4776119 0.5149254 0.5522388 0.6492537 0.7089552 0.8059701 0.7686567 0.6268657 0.6641791 0.6567164
0.4580153 0.4122137 0.4122137 0.4885496 0.480916 0.5572519 0.5648855 0.5343511 0.5877863 0.5038168 0.6030534
0.8582677 0.8818898 0.6535433 0.7480315 0.8425197 0.7559055 0.7244094 0.6220472 0.6456693 0.6220472 0.6377953
0.4351145 0.4122137 0.4274809 0.3969466 0.3969466 0.4351145 0.4198473 0.4045802 0.3969466 0.389313 0.4045802
0.6614173 0.5275591 0.7716535 0.7559055 0.8425197 0.8425197 0.7795276 0.7952756 0.7637795 0.7165354 0.6771654
0.8646617 0.8796992 0.7744361 0.81203 0.6992481 0.6691729 0.6992481 0.7368421 0.7142857 0.6616541 0.6240602
0 0 0.007874016 0 0 0.007874016 0.007874016 0.007874016 0.02362205 0.03149606 0.03149606
0.1086957 0.07971014 0.06521739 0.04347826 0.03623188 0.02898551 0.02173913 0.01449275 0.007246377 0.01449275 0
0.6616541 0.6766917 0.5263158 0.5488722 0.5112782 0.4887218 0.5488722 0.5037594 0.556391 0.5714286 0.481203
0.2061069 0.2442748 0.2213740 0.2519084 0.1984733 0.2213740 0.2061069 0.1984733 0.2061069 0.1984733 0.1679389
0.740458 0.7862595 0.7251908 0.6793893 0.6946565 0.6641221 0.6717557 0.6412214 0.6564885 0.610687 0.6717557
0.9370079 0.8897638 0.8818898 0.8503937 0.8897638 0.7637795 0.7795276 0.7952756 0.7637795 0.7165354 0.6771654
0.2781955 0.2932331 0.3684211 0.4210526 0.4511278 0.4887218 0.5413534 0.5639098 0.556391 0.5488722 0.593985
0.2290076 0.1755725 0.1832061 0.2366412 0.1374046 0.1145038 0.1603053 0.1526718 0.1679389 0.1984733 0.1832061
0.2971014 0.3188406 0.3115942 0.4130435 0.3768116 0.4130435 0.3768116 0.4565217 0.3913043 0.3985507 0.4637681
0.9328358 0.9328358 0.8955224 0.8880597 0.8731343 0.8208955 0.8059701 0.7686567 0.6268657 0.6641791 0.6567164
0.03149606 0.04724409 0.03149606 0.04724409 0.04724409 0.08661417 0.1023622 0.1181102 0.1259843 0.1181102 0.1574803
0.6527778 0.7083333 0.6736111 0.6666667 0.7847222 0.6736111 0.7361111 0.7638889 0.6875 0.6527778 0.6736111
0.4477612 0.4477612 0.4477612 0.4253731 0.4104478 0.4179104 0.3955224 0.4179104 0.4179104 0.4104478 0.4701493
0.5985915 0.6619718 0.6267606 0.6478873 0.6056338 0.7323944 0.8028169 0.7605634 0.6478873 0.6760563 0.556338
0.2283465 0.2440945 0.2440945 0.2598425 0.2519685 0.2440945 0.2913386 0.3070866 0.2677165 0.3228346 0.3307087
0.9172932 0.9398496 0.887218 0.924812 0.8796992 0.849624 0.7819549 0.8045113 0.81203 0.6992481 0.6766917
0.2061069 0.1984733 0.2213740 0.2442748 0.2137405 0.2290076 0.2748092 0.389313 0.3053435 0.3587786 0.3816794
0.832061 0.8931298 0.870229 0.8625954 0.8625954 0.7938931 0.8091603 0.8167939 0.7480916 0.6946565 0.6717557
0.6267606 0.5915493 0.584507 0.612676 0.5140845 0.556338 0.471831 0.4577465 0.4154930 0.3943662 0.3521127
0.07857143 0.1071429 0.06428571 0.04285714 0.06428571 0.05714286 0.05 0.06428571 0.07142857 0.09285714 0.07142857
0.5338346 0.4586466 0.5639098 0.5413534 0.5037594 0.5864662 0.6015038 0.5338346 0.5413534 0.518797 0.4661654
0.481203 0.4586466 0.4360902 0.4586466 0.4586466 0.4360902 0.4661654 0.443609 0.481203 0.443609 0.4586466
0.2681159 0.2173913 0.3043478 0.2681159 0.384058 0.3623188 0.384058 0.3985507 0.4057971 0.4130435 0.4565217
0.3984962 0.4736842 0.406015 0.3909774 0.4135338 0.4135338 0.406015 0.3609023 0.3533835 0.3157895 0.3007519
0.1014493 0.1231884 0.1376812 0.1231884 0.1666667 0.2753623 0.3188406 0.3623188 0.3913043 0.3913043 0.4275362
0.4409449 0.4566929 0.4094488 0.480315 0.3858268 0.4645669 0.5669291 0.5354331 0.5826772 0.5748031 0.6220472
0.7894737 0.7218045 0.7443609 0.7518797 0.7744361 0.7142857 0.7218045 0.6240602 0.6165414 0.6390977 0.5714286
0.471831 0.5633803 0.5492958 0.556338 0.6267606 0.6408451 0.6549296 0.6690141 0.7183099 0.6760563 0.6338028
0.7323944 0.7394366 0.8732394 0.7957746 0.8028169 0.8380282 0.8028169 0.7605634 0.7183099 0.6760563 0.6338028
0.2834646 0.3070866 0.3070866 0.3070866 0.3779528 0.4409449 0.4409449 0.4724409 0.5354331 0.5826772 0.5511811
0.9124088 0.9489051 0.8978102 0.890511 0.8686131 0.8540146 0.8321168 0.7591241 0.7153285 0.7153285 0.6934307
0.8818898 0.8346457 0.8818898 0.8503937 0.8425197 0.8425197 0.7795276 0.7952756 0.7637795 0.7165354 0.6771654
0.9124088 0.9489051 0.8978102 0.890511 0.8686131 0.8540146 0.8321168 0.7591241 0.7153285 0.7153285 0.6934307
0.1450382 0.1374046 0.1679389 0.2519084 0.2824427 0.3358779 0.3282443 0.3435115 0.4427481 0.4351145 0.389313
0.3503650 0.3211679 0.4087591 0.2116788 0.1824818 0.2262774 0.1021898 0.08759124 0.08759124 0.06569343 0.08759124
0.1908397 0.1450382 0.1832061 0.1908397 0.1984733 0.1984733 0.1450382 0.1526718 0.1374046 0.1679389 0.1679389
0.7744361 0.6766917 0.7443609 0.8270677 0.6240602 0.849624 0.6541353 0.8045113 0.81203 0.6992481 0.6766917
0.8686131 0.9489051 0.8978102 0.890511 0.8686131 0.8540146 0.8321168 0.7591241 0.7153285 0.7153285 0.6934307
0.2391304 0.2028986 0.1449275 0.1159420 0.1159420 0.08695652 0.07246377 0.04347826 0.05797101 0.06521739 0.06521739
0.5255474 0.4963504 0.5182482 0.4963504 0.5036496 0.4890511 0.4963504 0.5328467 0.5547445 0.5474453 0.4744526
0.1970803 0.1678832 0.2773723 0.2116788 0.2043796 0.2043796 0.1897810 0.1751825 0.2408759 0.2335766 0.2773723
0.5474453 0.5912409 0.649635 0.6861314 0.6350365 0.7372263 0.7737226 0.7591241 0.7153285 0.649635 0.6934307
0.08955224 0.08955224 0.1044776 0.1268657 0.1641791 0.2238806 0.2686567 0.2462687 0.2014925 0.2014925 0.2164179
0.1044776 0.09701493 0.1194030 0.1641791 0.1791045 0.1716418 0.2686567 0.2686567 0.2761194 0.2686567 0.2686567
0.4930556 0.4513889 0.4236111 0.4027778 0.3958333 0.3611111 0.3819444 0.2986111 0.2777778 0.2986111 0.2777778
0.7669173 0.7218045 0.7443609 0.8345865 0.7744361 0.849624 0.7819549 0.8045113 0.81203 0.6992481 0.6766917
0.03816794 0.03816794 0.03053435 0.04580153 0.03816794 0.04580153 0.03816794 0.05343511 0.05343511 0.0610687 0.05343511
0.05797101 0.07246377 0.03623188 0.03623188 0.02173913 0.02173913 0.01449275 0.01449275 0.01449275 0.01449275 0.007246377
0.6666667 0.673913 0.6304348 0.6376812 0.6086957 0.7028986 0.5724638 0.6304348 0.6014493 0.6014493 0.5869565
0.06015038 0.03007519 0.05263158 0.02255639 0.03759398 0.01503759 0.02255639 0.02255639 0.02255639 0.007518797 0.03759398
0.8646617 0.8947368 0.8045113 0.8796992 0.7593985 0.7293233 0.7819549 0.6240602 0.5714286 0.6616541 0.6240602
0.1954887 0.1729323 0.2105263 0.2781955 0.2030075 0.3233083 0.2180451 0.2932331 0.3233083 0.3984962 0.3533835
0.7368421 0.7142857 0.7368421 0.6165414 0.7593985 0.7293233 0.6390977 0.6165414 0.5714286 0.5488722 0.4962406
0.6666667 0.6304348 0.6956522 0.6666667 0.6086957 0.6304348 0.5724638 0.5869565 0.5652174 0.5217391 0.5869565
0.7969925 0.7969925 0.8045113 0.8195489 0.7819549 0.8421053 0.7819549 0.7368421 0.7142857 0.6616541 0.6240602
0.1804511 0.2556391 0.1879699 0.1654135 0.1503759 0.1428571 0.1578947 0.1203008 0.1428571 0.1654135 0.1503759
0.8244275 0.7862595 0.8091603 0.8625954 0.7251908 0.7938931 0.8091603 0.8167939 0.7480916 0.6946565 0.6717557
0.5954198 0.6259542 0.5801527 0.5572519 0.519084 0.519084 0.5419847 0.5343511 0.5496183 0.5648855 0.5343511
0.7480315 0.6062992 0.503937 0.519685 0.4566929 0.3858268 0.3700787 0.2913386 0.2677165 0.2677165 0.2204724
0.908397 0.8931298 0.870229 0.8625954 0.8625954 0.7938931 0.8091603 0.8167939 0.7480916 0.6946565 0.6717557
0.8731343 0.8358209 0.8059701 0.8880597 0.8731343 0.8208955 0.8059701 0.7686567 0.6268657 0.6641791 0.6567164
0.7323944 0.7957746 0.7816901 0.7887324 0.7394366 0.8380282 0.7042254 0.7605634 0.7183099 0.6760563 0.6338028
