0.1594203 0.1014493 0.1159420 0.07246377 0.06521739 0.04347826 0.04347826 0.02898551 0.05797101 0.06521739 0.06521739
0.8449612 0.8062016 0.744186 0.8372093 0.7984496 0.6511628 0.751938 0.7984496 0.6434109 0.6511628 0.6744186
0.4496124 0.3875969 0.3565891 0.4031008 0.3333333 0.3023256 0.3333333 0.2635659 0.3565891 0.3565891 0.4108527
0.7883212 0.8978102 0.9781022 0.8248175 0.8540146 0.8467153 0.8248175 0.7226277 0.7737226 0.6569343 0.6642336
0.8449612 0.8062016 0.8914729 0.8372093 0.7984496 0.875969 0.751938 0.6976744 0.7209302 0.744186 0.6744186
0.2573529 0.2426471 0.2352941 0.2794118 0.2132353 0.25 0.2279412 0.2426471 0.2647059 0.25 0.25
0.8604651 0.9147287 0.8372093 0.9302326 0.8992248 0.875969 0.7984496 0.7984496 0.7209302 0.744186 0.6744186
0.3676471 0.5294118 0.5073529 0.4852941 0.4779412 0.5735294 0.6470588 0.6544118 0.6617647 0.625 0.6470588
0.5413534 0.556391 0.556391 0.5789474 0.5413534 0.5789474 0.593985 0.6090226 0.5714286 0.6390977 0.6165414
0.3925926 0.4 0.437037 0.3629630 0.4222222 0.4518519 0.4222222 0.4592593 0.4962963 0.4740741 0.3925926
0.7941176 0.6911765 0.8161765 0.8308824 0.9117647 0.7941176 0.8235294 0.7794118 0.6911765 0.7058824 0.6617647
0.5620438 0.6569343 0.6058394 0.6861314 0.7080292 0.7007299 0.7080292 0.7226277 0.6569343 0.6569343 0.6642336
0.2015504 0.2248062 0.1937984 0.248062 0.2868217 0.3255814 0.3255814 0.372093 0.3410853 0.3643411 0.3255814
0.7246377 0.7028986 0.615942 0.615942 0.615942 0.5942029 0.5507246 0.6666667 0.5797101 0.5072464 0.5072464
0.8985507 0.8478261 0.8405797 0.6884058 0.7101449 0.6594203 0.6884058 0.6376812 0.6086957 0.5434783 0.5652174
0.4927536 0.5 0.4057971 0.4202899 0.5217391 0.4637681 0.4855072 0.5144928 0.4782609 0.5 0.5217391
0.2536232 0.2318841 0.2898551 0.2753623 0.3405797 0.2898551 0.2826087 0.2463768 0.2898551 0.2608696 0.2608696
0.3308824 0.3161765 0.375 0.3529412 0.3602941 0.3088235 0.3602941 0.4117647 0.3970588 0.3823529 0.3602941
0.09022556 0.1353383 0.1879699 0.1804511 0.2556391 0.3082707 0.3233083 0.3609023 0.3909774 0.3834586 0.5112782
0.6985294 0.6544118 0.6397059 0.8161765 0.7279412 0.8455882 0.7720588 0.757353 0.6617647 0.6764706 0.6470588
0.4044118 0.5294118 0.4632353 0.4852941 0.5220588 0.5 0.5882353 0.5 0.5 0.4705882 0.4632353
0.6304348 0.5724638 0.615942 0.5434783 0.557971 0.5507246 0.673913 0.5652174 0.5217391 0.5144928 0.5144928
0.3602941 0.375 0.3602941 0.3602941 0.4338235 0.375 0.4264706 0.3823529 0.3529412 0.4485294 0.4117647
0.9191176 0.9338235 0.9485294 0.8308824 0.9117647 0.7941176 0.8235294 0.7794118 0.6911765 0.7058824 0.6617647
0.5882353 0.5367647 0.5955882 0.4926471 0.5441176 0.4117647 0.4852941 0.4852941 0.5 0.4779412 0.5
0.3260870 0.2681159 0.2028986 0.2826087 0.2536232 0.1449275 0.1304348 0.1304348 0.1739130 0.2028986 0.1739130
0.2720588 0.3602941 0.3676471 0.3382353 0.3602941 0.4264706 0.4411765 0.4117647 0.4411765 0.4852941 0.5367647
0.8604651 0.8062016 0.7984496 0.627907 0.6356589 0.4806202 0.4186047 0.2868217 0.1860465 0.1937984 0.1395349
0.2635659 0.1937984 0.2635659 0.2713178 0.3333333 0.2558140 0.2713178 0.3953488 0.3875969 0.3953488 0.4186047
0.06666667 0.05185185 0.05185185 0.04444444 0.02222222 0.02222222 0.02962963 0.03703704 0.02222222 0.02222222 0.02962963
0.4565217 0.4347826 0.3695652 0.3695652 0.3768116 0.3550725 0.2826087 0.2246377 0.1956522 0.1594203 0.1521739
0.6074074 0.6148148 0.5925926 0.7037037 0.7185185 0.7259259 0.6740741 0.6814815 0.7407407 0.7259259 0.6666667
0.007352941 0 0 0 0 0 0 0.007352941 0.01470588 0.01470588 0.01470588
0.4710145 0.3768116 0.3478261 0.3695652 0.3043478 0.2246377 0.1449275 0.1304348 0.1086957 0.1159420 0.07971014
0.6449275 0.5869565 0.6014493 0.5507246 0.615942 0.5507246 0.5507246 0.6231884 0.5362319 0.6666667 0.5362319
0.3478261 0.3695652 0.4057971 0.4347826 0.4927536 0.4927536 0.5289855 0.5434783 0.5507246 0.6666667 0.4782609
0.4496124 0.5503876 0.5968992 0.5891473 0.7364341 0.6976744 0.6821705 0.7984496 0.7209302 0.744186 0.6744186
0.3255814 0.1937984 0.1007752 0.1317829 0.1007752 0.0620155 0.05426357 0.04651163 0.03875969 0.02325581 0.01550388
0.1063830 0.07801418 0.06382979 0.03546099 0.05673759 0.04964539 0.06382979 0.07801418 0.1276596 0.09929078 0.1205674
0.1037037 0.0962963 0.07407407 0.07407407 0.0962963 0.1259259 0.0962963 0.1333333 0.1555556 0.1703704 0.1777778
0.8 0.7333333 0.7555556 0.8148148 0.7185185 0.5777778 0.6444444 0.6814815 0.5777778 0.7259259 0.6296296
0.8029197 0.8978102 0.9781022 0.9343066 0.8540146 0.8467153 0.8248175 0.7226277 0.7737226 0.6569343 0.6642336
0.4411765 0.4485294 0.3676471 0.3897059 0.3014706 0.3088235 0.2573529 0.1985294 0.1323529 0.08088235 0.0882353
0.4558824 0.5073529 0.5 0.4779412 0.4632353 0.4926471 0.4411765 0.375 0.3602941 0.3382353 0.3602941
0.5413534 0.5789474 0.5488722 0.593985 0.5338346 0.5714286 0.7067669 0.6390977 0.7443609 0.6917293 0.6992481
0.518797 0.556391 0.5037594 0.5639098 0.5338346 0.556391 0.593985 0.6766917 0.593985 0.6390977 0.6165414
0.2941176 0.2794118 0.1985294 0.1985294 0.1764706 0.1838235 0.1911765 0.1544118 0.1544118 0.1397059 0.1544118
0.5147059 0.5441176 0.5294118 0.5661765 0.5735294 0.5661765 0.5955882 0.5514706 0.5367647 0.6102941 0.6617647
0.8444444 0.8296296 0.8444444 0.8148148 0.8148148 0.8444444 0.6888889 0.7481481 0.7407407 0.7259259 0.6666667
0.9275362 0.7753623 0.9202899 0.826087 0.8695652 0.8550725 0.7826087 0.768116 0.6666667 0.6594203 0.6594203
0.5481481 0.6 0.5037037 0.5555556 0.4666667 0.5037037 0.5333333 0.5111111 0.5333333 0.4592593 0.4962963
0.1897810 0.2116788 0.2189781 0.2262774 0.2627737 0.2919708 0.2481752 0.3138686 0.2846715 0.2919708 0.2481752
0.9574468 0.9574468 0.9361702 0.8794326 0.8794326 0.8723404 0.7943262 0.7801418 0.6950355 0.6879433 0.6312057
0.9037037 0.8888889 0.9111111 0.8888889 0.8148148 0.8444444 0.7777778 0.7481481 0.7407407 0.7259259 0.6666667
0.757353 0.7279412 0.7720588 0.6691176 0.6764706 0.6544118 0.7205882 0.6617647 0.6029412 0.6764706 0.6470588
0.4779412 0.5441176 0.5882353 0.6029412 0.5808824 0.5882353 0.6029412 0.6617647 0.5955882 0.5955882 0.5441176
0.9264706 0.8308824 0.6838235 0.8455882 0.7352941 0.632353 0.7058824 0.6617647 0.5955882 0.5294118 0.5441176
0.2666667 0.3407407 0.2888889 0.2074074 0.1851852 0.1185185 0.08888889 0.08148148 0.06666667 0.06666667 0.04444444
0.3602941 0.3235294 0.3161765 0.2205882 0.1691176 0.1617647 0.1102941 0.1323529 0.1029412 0.1323529 0.09558824
0.3676471 0.3970588 0.3602941 0.375 0.3161765 0.2941176 0.2426471 0.25 0.1764706 0.1985294 0.1323529
0.5714286 0.5488722 0.4887218 0.518797 0.4887218 0.4511278 0.4736842 0.3984962 0.3909774 0.3834586 0.3308271
0.05109489 0.08759124 0.03649635 0.0729927 0.03649635 0.05839416 0.06569343 0.08759124 0.08029197 0.1240876 0.1094891
0.8235294 0.7279412 0.7720588 0.5441176 0.5661765 0.3897059 0.3823529 0.3602941 0.2205882 0.2352941 0.2279412
0.8992248 0.8217054 0.8914729 0.8372093 0.8372093 0.875969 0.7984496 0.7984496 0.7209302 0.744186 0.6744186
0.744186 0.8062016 0.8294574 0.6821705 0.6356589 0.6511628 0.744186 0.7131783 0.7209302 0.744186 0.6744186
0.05072464 0.04347826 0.04347826 0.04347826 0.07246377 0.07971014 0.07246377 0.0942029 0.1086957 0.1521739 0.1231884
0.8571429 0.9473684 0.9172932 0.9323308 0.7894737 0.7669173 0.81203 0.7443609 0.7443609 0.6917293 0.6992481
0.1203008 0.1278195 0.2030075 0.2105263 0.2631579 0.3007519 0.3609023 0.3609023 0.3984962 0.4586466 0.4962406
0.8759124 0.8467153 0.9781022 0.8248175 0.8540146 0.8467153 0.8248175 0.7226277 0.7737226 0.6569343 0.6642336
0.6666667 0.6014493 0.615942 0.5652174 0.5289855 0.5507246 0.5289855 0.4637681 0.4710145 0.3623188 0.3985507
0.5109489 0.5474453 0.4452555 0.5109489 0.4379562 0.4744526 0.4452555 0.3430657 0.3430657 0.3211679 0.2773723
0.1811594 0.1159420 0.1449275 0.1231884 0.1811594 0.1666667 0.2391304 0.2246377 0.2826087 0.2826087 0.3550725
0.2325581 0.1937984 0.2015504 0.2093023 0.248062 0.2015504 0.2093023 0.2015504 0.1472868 0.1782946 0.1395349
0.9037037 0.8888889 0.9111111 0.8888889 0.8148148 0.8444444 0.7777778 0.7481481 0.7407407 0.7259259 0.6666667
0.1231884 0.1449275 0.1739130 0.1376812 0.2101449 0.1666667 0.2391304 0.2173913 0.1884058 0.1956522 0.1811594
0.1617647 0.1911765 0.2279412 0.2720588 0.2794118 0.3161765 0.3455882 0.3676471 0.375 0.3529412 0.4117647
0.8161765 0.8308824 0.8602941 0.6985294 0.7352941 0.7205882 0.7058824 0.6617647 0.5955882 0.5955882 0.5441176
0.5652174 0.615942 0.5652174 0.5797101 0.6231884 0.6521739 0.5797101 0.5289855 0.5507246 0.5289855 0.6014493
0.6390977 0.6766917 0.7819549 0.7443609 0.8421053 0.8571429 0.81203 0.7443609 0.7443609 0.6917293 0.6992481
0.5036496 0.5547445 0.5474453 0.5474453 0.7080292 0.649635 0.7080292 0.7226277 0.7737226 0.6569343 0.6642336
0.9264706 0.8308824 0.8602941 0.8455882 0.7352941 0.7205882 0.7058824 0.6617647 0.5955882 0.5955882 0.5441176
0.03703704 0.04444444 0.06666667 0.07407407 0.1703704 0.2370370 0.2666667 0.3481481 0.3555556 0.3481481 0.3851852
0.5111111 0.5185185 0.6074074 0.4740741 0.4518519 0.4518519 0.437037 0.3925926 0.4 0.3777778 0.3777778
0.3684211 0.3834586 0.556391 0.6390977 0.6992481 0.8571429 0.81203 0.7443609 0.7443609 0.6917293 0.6992481
0.443609 0.3984962 0.3984962 0.443609 0.406015 0.4887218 0.4736842 0.5112782 0.518797 0.556391 0.5864662
0.744186 0.7674419 0.8372093 0.7829457 0.7829457 0.7286822 0.751938 0.5968992 0.5736434 0.6046512 0.6744186
0.3382353 0.3235294 0.2794118 0.3308824 0.3529412 0.3088235 0.2279412 0.2205882 0.2279412 0.2205882 0.2647059
0.6594203 0.7753623 0.7463768 0.7463768 0.8695652 0.8550725 0.7826087 0.768116 0.6666667 0.6594203 0.6594203
0.7588652 0.8014184 0.7943262 0.7943262 0.7801418 0.716312 0.6382979 0.7801418 0.6950355 0.6879433 0.6312057
0 0 0 0 0 0.007751938 0.007751938 0.04651163 0.04651163 0.06976744 0.07751938
0.1678832 0.1532847 0.1386861 0.09489051 0.03649635 0.02919708 0.02189781 0.01459854 0 0 0.00729927
0.7279412 0.6544118 0.6911765 0.6691176 0.7058824 0.6838235 0.5735294 0.5661765 0.5147059 0.5294118 0.5735294
0.1418440 0.1489362 0.1773050 0.2269504 0.2056738 0.2340426 0.2411348 0.1843972 0.2056738 0.2127660 0.1631206
0.822695 0.6950355 0.7943262 0.751773 0.6737589 0.7588652 0.6382979 0.6382979 0.6950355 0.6879433 0.6312057
0.9485294 0.8529412 0.9117647 0.9191176 0.7279412 0.8455882 0.7720588 0.757353 0.6617647 0.6764706 0.6470588
0.1879699 0.3609023 0.3684211 0.4210526 0.406015 0.443609 0.5338346 0.631579 0.593985 0.6466165 0.6015038
0.08695652 0.1086957 0.1014493 0.07246377 0.08695652 0.07971014 0.1231884 0.1376812 0.1159420 0.1594203 0.1811594
0.5182482 0.5547445 0.5109489 0.5109489 0.5620438 0.5620438 0.5109489 0.5474453 0.5109489 0.4963504 0.5036496
0.9022556 0.9473684 0.8571429 0.9323308 0.8421053 0.8571429 0.81203 0.7443609 0.7443609 0.6917293 0.6992481
0.03623188 0.04347826 0.08695652 0.0942029 0.1086957 0.1811594 0.1666667 0.2173913 0.2681159 0.3188406 0.3188406
0.6884058 0.6884058 0.7173913 0.826087 0.7101449 0.8550725 0.6521739 0.768116 0.6666667 0.6594203 0.6594203
0.5 0.5294118 0.5073529 0.5514706 0.5808824 0.4852941 0.5147059 0.4926471 0.4779412 0.4558824 0.3676471
0.5367647 0.5441176 0.625 0.617647 0.7058824 0.5735294 0.6985294 0.757353 0.6617647 0.6764706 0.6470588
0.1203008 0.1353383 0.1052632 0.1804511 0.1578947 0.1879699 0.2255639 0.1729323 0.2255639 0.2180451 0.2255639
0.8992248 0.8217054 0.8914729 0.9302326 0.7984496 0.875969 0.7984496 0.7984496 0.7209302 0.744186 0.6744186
0.1925926 0.2074074 0.2592593 0.2222222 0.2518519 0.3259259 0.3259259 0.3185185 0.3703704 0.4 0.4074074
0.8759124 0.8540146 0.8686131 0.9343066 0.8540146 0.8467153 0.8248175 0.7226277 0.7737226 0.6569343 0.6642336
0.5255474 0.4890511 0.5036496 0.5109489 0.5766423 0.4890511 0.4306569 0.4014599 0.3576642 0.3576642 0.3357664
0.1102941 0.02941176 0.03676471 0.05882353 0.02941176 0.03676471 0.05147059 0.05147059 0.05147059 0.05147059 0.08088235
0.3985507 0.4202899 0.3768116 0.4275362 0.4275362 0.4782609 0.4565217 0.4782609 0.4782609 0.5144928 0.4927536
0.5106383 0.5460993 0.4822695 0.4822695 0.4822695 0.5177305 0.4539007 0.5602837 0.4609929 0.5035461 0.4539007
0.4341085 0.2635659 0.3255814 0.3410853 0.3333333 0.372093 0.4186047 0.4728682 0.4573643 0.4186047 0.4883721
0.2971014 0.3985507 0.3695652 0.3478261 0.3768116 0.3115942 0.384058 0.3913043 0.3260870 0.3115942 0.3260870
0.09022556 0.09774436 0.1353383 0.2105263 0.2030075 0.2481203 0.2932331 0.3909774 0.3909774 0.3533835 0.3984962
0.1323529 0.2279412 0.2941176 0.2941176 0.3455882 0.3897059 0.4338235 0.4852941 0.5588235 0.5294118 0.5882353
0.6015038 0.6165414 0.7142857 0.6090226 0.5789474 0.6165414 0.593985 0.593985 0.5714286 0.5488722 0.5413534
0.5147059 0.5441176 0.625 0.6617647 0.5955882 0.6985294 0.7205882 0.7794118 0.6911765 0.7058824 0.6617647
0.8455882 0.867647 0.8970588 0.9117647 0.9117647 0.875 0.8235294 0.7794118 0.6911765 0.7058824 0.6617647
0.2720588 0.3382353 0.4338235 0.375 0.3235294 0.3823529 0.3897059 0.4338235 0.5 0.4338235 0.3897059
0.9264706 0.8308824 0.8602941 0.8455882 0.7352941 0.7205882 0.7058824 0.6617647 0.5955882 0.5955882 0.5441176
0.8444444 0.8296296 0.9111111 0.8888889 0.8148148 0.8444444 0.7777778 0.7481481 0.7407407 0.7259259 0.6666667
0.9485294 0.8970588 0.9117647 0.9191176 0.875 0.8455882 0.7720588 0.757353 0.6617647 0.6764706 0.6470588
0.007352941 0 0.03676471 0.02205882 0.03676471 0.07352941 0.08088235 0.1544118 0.1911765 0.1911765 0.2205882
0.3875969 0.372093 0.3953488 0.372093 0.2868217 0.1937984 0.1395349 0.1162791 0.1007752 0.08527132 0.07751938
0.2790698 0.2945736 0.2713178 0.3023256 0.3410853 0.3023256 0.2093023 0.2015504 0.1550388 0.2015504 0.1705426
0.7819549 0.7218045 0.7969925 0.7744361 0.7894737 0.7669173 0.7067669 0.6766917 0.6691729 0.6917293 0.6992481
0.9191176 0.9338235 0.9485294 0.9117647 0.9117647 0.875 0.8235294 0.7794118 0.6911765 0.7058824 0.6617647
0.5808824 0.5367647 0.4264706 0.4117647 0.3014706 0.3014706 0.3088235 0.25 0.2279412 0.2205882 0.1470588
0.4782609 0.4782609 0.4710145 0.5797101 0.5797101 0.5072464 0.6086957 0.5144928 0.5507246 0.5217391 0.5362319
0.1594203 0.2536232 0.1449275 0.2391304 0.1739130 0.1811594 0.1231884 0.1884058 0.1666667 0.2318841 0.2318841
0.7131783 0.5891473 0.6124031 0.6589147 0.6821705 0.7674419 0.744186 0.7131783 0.6434109 0.744186 0.6744186
0.05263158 0.1052632 0.08270677 0.1503759 0.1954887 0.3308271 0.2932331 0.3609023 0.406015 0.3383459 0.3308271
0.1472868 0.1705426 0.09302326 0.1317829 0.1937984 0.248062 0.2170543 0.2713178 0.3023256 0.2945736 0.3100775
0.4087591 0.4014599 0.4160584 0.3722628 0.3795620 0.3211679 0.3211679 0.270073 0.2262774 0.2116788 0.2262774
0.6888889 0.7481481 0.7333333 0.7037037 0.8148148 0.7111111 0.6888889 0.7481481 0.7407407 0.7259259 0.6666667
0.07801418 0.06382979 0.06382979 0.05673759 0.06382979 0.07801418 0.1063830 0.1134752 0.1276596 0.1347518 0.1631206
0.04511278 0.03759398 0.06015038 0.02255639 0.02255639 0.01503759 0.01503759 0.01503759 0.01503759 0.02255639 0.01503759
0.625 0.5220588 0.5441176 0.4779412 0.5 0.5441176 0.5882353 0.5441176 0.5220588 0.5955882 0.5147059
0.09929078 0.04964539 0.05673759 0.03546099 0.03546099 0.02127660 0.02127660 0.01418440 0.01418440 0.007092199 0.02127660
0.9037037 0.8888889 0.9111111 0.8888889 0.8148148 0.8444444 0.7777778 0.7481481 0.7407407 0.7259259 0.6222222
0.1897810 0.2554745 0.1751825 0.2846715 0.2773723 0.3065693 0.2846715 0.3357664 0.3795620 0.4160584 0.3503650
0.742647 0.6544118 0.7941176 0.6838235 0.6764706 0.75 0.6691176 0.5588235 0.5294118 0.5441176 0.5367647
0.6884058 0.6521739 0.7173913 0.768116 0.6594203 0.6449275 0.6086957 0.5942029 0.6014493 0.5724638 0.5652174
0.8604651 0.8062016 0.8372093 0.9302326 0.8992248 0.7674419 0.7984496 0.7984496 0.7209302 0.744186 0.6744186
0.1544118 0.125 0.1617647 0.125 0.1470588 0.1176471 0.1323529 0.1470588 0.1617647 0.1617647 0.1470588
0.8382353 0.7941176 0.7941176 0.9117647 0.9117647 0.875 0.8235294 0.7794118 0.6911765 0.7058824 0.6617647
0.6434109 0.5891473 0.5813953 0.5891473 0.4883721 0.5193798 0.4806202 0.5348837 0.4806202 0.5658915 0.5271318
0.5147059 0.4485294 0.3897059 0.3529412 0.3235294 0.1985294 0.1470588 0.1470588 0.1397059 0.125 0.1176471
0.893617 0.9574468 0.9361702 0.8794326 0.8794326 0.8723404 0.7943262 0.7801418 0.6950355 0.6879433 0.6312057
0.5220588 0.5808824 0.5661765 0.6838235 0.7352941 0.6029412 0.7058824 0.6617647 0.5955882 0.5955882 0.5441176
0.8156028 0.7659574 0.7659574 0.787234 0.7801418 0.7588652 0.6737589 0.7801418 0.6950355 0.6879433 0.6312057
