0.785124 0.768595 0.7190083 0.8181818 0.7272727 0.768595 0.7603306 0.7768595 0.768595 0.6942149 0.6859504
0.2627119 0.2711864 0.2881356 0.3135593 0.3050847 0.3135593 0.279661 0.2966102 0.3983051 0.3898305 0.440678
0.90625 0.84375 0.828125 0.8125 0.8046875 0.8046875 0.84375 0.75 0.7265625 0.75 0.703125
0.8898305 0.898305 0.9661017 0.9237288 0.8559322 0.9067797 0.8898305 0.7711864 0.7627119 0.7288136 0.7288136
0.2419355 0.2096774 0.1774194 0.1774194 0.1370968 0.2177419 0.2177419 0.2016129 0.25 0.2580645 0.25
0.9274194 0.8951613 0.9112903 0.8709677 0.8225806 0.8145161 0.75 0.6854839 0.6693548 0.6129032 0.6048387
0.5234375 0.5859375 0.515625 0.6953125 0.6171875 0.609375 0.6640625 0.6015625 0.7265625 0.6171875 0.703125
0.4516129 0.4596774 0.4354839 0.4193548 0.3790323 0.4274194 0.3790323 0.3629032 0.3064516 0.3225806 0.3548387
0.4878049 0.6097561 0.5853659 0.7154472 0.7398374 0.7804878 0.8292683 0.7235772 0.7804878 0.7154472 0.7154472
0.4067797 0.4915254 0.5084746 0.6101695 0.5847458 0.7457627 0.6271186 0.6694915 0.7627119 0.7288136 0.7288136
0.0909091 0.1487603 0.1487603 0.2644628 0.2231405 0.2809917 0.3140496 0.3801653 0.4049587 0.3719008 0.4545455
0.7 0.7833333 0.75 0.7166667 0.6833333 0.7166667 0.7416667 0.65 0.75 0.5833333 0.6333333
0.9067797 0.898305 0.9322034 0.940678 0.9322034 0.9152542 0.7457627 0.838983 0.8220339 0.7372881 0.6016949
0.6083333 0.5916667 0.6 0.6333333 0.6083333 0.525 0.5416667 0.55 0.55 0.5416667 0.7083333
0.3305085 0.3305085 0.3813559 0.4237288 0.3983051 0.3983051 0.3389831 0.3220339 0.3813559 0.3389831 0.3389831
0.3166667 0.275 0.2833333 0.2333333 0.2333333 0.225 0.2083333 0.1666667 0.175 0.1583333 0.15
0.09322034 0.1355932 0.1355932 0.1271186 0.2372881 0.2881356 0.3559322 0.4067797 0.4152542 0.4830508 0.5338983
0.775 0.7833333 0.8916667 0.7833333 0.725 0.7833333 0.8833333 0.8583333 0.75 0.7666667 0.7083333
0.6504065 0.6341463 0.6829268 0.6747967 0.6829268 0.5609756 0.5609756 0.6178862 0.5853659 0.5609756 0.5447154
0.3719008 0.4132231 0.5371901 0.4793388 0.5206612 0.5289256 0.4793388 0.4958678 0.4628099 0.5619835 0.4710744
0.09917355 0.1074380 0.1322314 0.1404959 0.1900826 0.2231405 0.2892562 0.2892562 0.3636364 0.3140496 0.4049587
0.4545455 0.4380165 0.4793388 0.3471074 0.3553719 0.338843 0.3553719 0.2727273 0.3140496 0.3223140 0.3471074
0.7966102 0.7372881 0.7627119 0.8728814 0.8559322 0.838983 0.8050847 0.7711864 0.7627119 0.7288136 0.7288136
0.2809917 0.2479339 0.2644628 0.2561983 0.2809917 0.3305785 0.3057851 0.2809917 0.2727273 0.2809917 0.2727273
0.2916667 0.2333333 0.125 0.1 0.1083333 0.1916667 0.1333333 0.1666667 0.1583333 0.1583333 0.2166667
0.1610169 0.1610169 0.1694915 0.2033898 0.220339 0.279661 0.2627119 0.2966102 0.3983051 0.4237288 0.4745763
0.7024793 0.6859504 0.6033058 0.5206612 0.5867769 0.3553719 0.3057851 0.2314050 0.2231405 0.1570248 0.1487603
0.1818182 0.1818182 0.2231405 0.1900826 0.2644628 0.2479339 0.3966942 0.3801653 0.4049587 0.4876033 0.446281
0.04878049 0.05691057 0.02439024 0.008130081 0.008130081 0.008130081 0.01626016 0.008130081 0.008130081 0.008130081 0.01626016
0.4380165 0.5206612 0.4628099 0.4876033 0.5206612 0.4876033 0.3884298 0.3140496 0.2396694 0.1983471 0.1983471
0.02307692 0 0.007692308 0 0 0.007692308 0 0.007692308 0.007692308 0.007692308 0.007692308
0.3813559 0.4237288 0.3559322 0.2711864 0.1864407 0.1440678 0.07627119 0.06779661 0.07627119 0.04237288 0.04237288
0.4435484 0.4435484 0.4596774 0.4516129 0.516129 0.483871 0.5241935 0.5322581 0.5806452 0.5725806 0.5483871
0.3629032 0.3629032 0.4596774 0.4354839 0.4516129 0.483871 0.5241935 0.4758065 0.4919355 0.4919355 0.5483871
0.2627119 0.3898305 0.440678 0.4830508 0.5508475 0.661017 0.5677966 0.661017 0.8220339 0.7372881 0.6779661
0.1818182 0.1487603 0.07438017 0.03305785 0.01652893 0.01652893 0.01652893 0.008264463 0.008264463 0.008264463 0
0.09322034 0.07627119 0.08474576 0.1101695 0.1016949 0.09322034 0.1101695 0.1440678 0.1779661 0.2033898 0.2033898
0.1900826 0.2066116 0.2644628 0.2231405 0.1818182 0.2479339 0.2975207 0.2314050 0.2561983 0.2314050 0.2479339
0.720339 0.6864407 0.661017 0.6779661 0.6779661 0.5508475 0.6186441 0.6440678 0.720339 0.6355932 0.6271186
0.8559322 0.838983 0.8305085 0.7966102 0.7966102 0.838983 0.7966102 0.7711864 0.7627119 0.7288136 0.7288136
0.5932203 0.6101695 0.6186441 0.5762712 0.5169492 0.6355932 0.4915254 0.4915254 0.4915254 0.440678 0.4237288
0.7235772 0.6666667 0.6585366 0.6341463 0.6260163 0.5528455 0.5691057 0.5284553 0.5853659 0.5528455 0.5365854
0.3644068 0.4322034 0.4830508 0.4745763 0.5169492 0.5932203 0.661017 0.6525424 0.720339 0.7372881 0.6779661
0.5950413 0.6115702 0.446281 0.5123967 0.5123967 0.4876033 0.5619835 0.6363636 0.5454545 0.6033058 0.5867769
0.3223140 0.2396694 0.2066116 0.1570248 0.0661157 0.05785124 0.04132231 0.0661157 0.0661157 0.04132231 0.05785124
0.4576271 0.440678 0.5508475 0.5254237 0.5169492 0.4915254 0.5254237 0.5847458 0.720339 0.5169492 0.6271186
0.7520661 0.8429752 0.7438017 0.9008264 0.9008264 0.8264463 0.6859504 0.8099174 0.7520661 0.6942149 0.677686
0.09917355 0.08264463 0.1074380 0.07438017 0.0909091 0.1322314 0.1157025 0.1570248 0.1570248 0.1404959 0.1404959
0.940678 0.9830508 0.9745763 0.940678 0.838983 0.9152542 0.881356 0.838983 0.8220339 0.7372881 0.6779661
0.9512195 0.9349593 0.9105691 0.9186992 0.902439 0.8699187 0.8292683 0.796748 0.7804878 0.7154472 0.7154472
0.785124 0.7933884 0.7520661 0.7520661 0.8099174 0.8264463 0.8099174 0.661157 0.7438017 0.7107438 0.6363636
0.6370968 0.6129032 0.5806452 0.6209677 0.6048387 0.8145161 0.6612903 0.6854839 0.6693548 0.6129032 0.6048387
0.768595 0.768595 0.785124 0.7190083 0.8099174 0.7024793 0.7603306 0.6115702 0.6942149 0.6942149 0.5454545
0.2727273 0.2066116 0.1404959 0.1157025 0.1239669 0.1157025 0.1074380 0.09917355 0.0909091 0.08264463 0.07438017
0.4538462 0.3153846 0.2769231 0.2846154 0.2538462 0.1769231 0.1615385 0.1076923 0.1230769 0.08461538 0.05384615
0.1916667 0.1666667 0.275 0.2416667 0.2416667 0.1916667 0.2083333 0.1916667 0.175 0.1583333 0.1333333
0.421875 0.4453125 0.4375 0.4609375 0.4453125 0.4609375 0.46875 0.4296875 0.4765625 0.4375 0.421875
0.05785124 0.04132231 0.0661157 0.04132231 0.02479339 0.03305785 0.04132231 0.05785124 0.07438017 0.0661157 0.09917355
0.4765625 0.4453125 0.4140625 0.3671875 0.28125 0.2265625 0.109375 0.1484375 0.0859375 0.109375 0.1015625
0.7966102 0.838983 0.779661 0.8050847 0.8220339 0.9067797 0.8898305 0.720339 0.7627119 0.7288136 0.7288136
0.6416667 0.6166667 0.7333333 0.5833333 0.575 0.7 0.625 0.7416667 0.75 0.7666667 0.7083333
0.5203252 0.5528455 0.5203252 0.5284553 0.4552846 0.5528455 0.5203252 0.5365854 0.5365854 0.5203252 0.5365854
0.8050847 0.7542373 0.8135593 0.8220339 0.8559322 0.7966102 0.8050847 0.7711864 0.7627119 0.7288136 0.7288136
0.1056911 0.1056911 0.1138211 0.1138211 0.1626016 0.2357724 0.2357724 0.3170732 0.3414634 0.3821138 0.3902439
0.892562 0.9256198 0.9504132 0.9586777 0.9008264 0.9090909 0.8429752 0.8099174 0.7520661 0.6942149 0.677686
0.8347107 0.876033 0.7768595 0.6859504 0.6115702 0.5289256 0.4876033 0.4380165 0.4049587 0.3636364 0.3305785
0.6694215 0.6694215 0.5950413 0.7024793 0.6528926 0.6115702 0.5289256 0.5206612 0.4297521 0.3636364 0.3719008
0.1355932 0.1355932 0.1355932 0.2457627 0.220339 0.1949153 0.2372881 0.2457627 0.3050847 0.3389831 0.3644068
0.3203125 0.2578125 0.265625 0.21875 0.21875 0.1953125 0.203125 0.203125 0.171875 0.15625 0.15625
0.8 0.9153846 0.8615385 0.923077 0.9 0.8384615 0.8076923 0.8307692 0.7615385 0.6230769 0.6230769
0.06779661 0.09322034 0.09322034 0.05932203 0.1525424 0.08474576 0.1101695 0.1525424 0.1525424 0.1016949 0.1186441
0.0909091 0.08264463 0.09917355 0.1404959 0.1818182 0.2231405 0.2479339 0.2479339 0.2644628 0.2727273 0.2975207
0.9512195 0.8699187 0.9105691 0.8455285 0.902439 0.8699187 0.8292683 0.796748 0.7804878 0.7154472 0.7154472
0.7580645 0.8548387 0.733871 0.7258065 0.5967742 0.7016129 0.75 0.5887097 0.6693548 0.6129032 0.6048387
0.6333333 0.7333333 0.75 0.7583333 0.725 0.825 0.8833333 0.8583333 0.75 0.7666667 0.7083333
0.5083333 0.5166667 0.6583333 0.5416667 0.6083333 0.7166667 0.75 0.8583333 0.75 0.7666667 0.7083333
0.6504065 0.6829268 0.7317073 0.7642276 0.804878 0.8699187 0.8292683 0.796748 0.7804878 0.7154472 0.7154472
0.04878049 0.05691057 0.02439024 0.1056911 0.1219512 0.2113821 0.2845528 0.300813 0.3414634 0.3739837 0.3658537
0.6115702 0.4545455 0.4545455 0.4049587 0.3966942 0.3471074 0.3057851 0.2809917 0.3057851 0.2809917 0.2727273
0.4661017 0.4830508 0.5169492 0.5762712 0.5084746 0.5338983 0.559322 0.5338983 0.5338983 0.5847458 0.5932203
0.8264463 0.8016529 0.8429752 0.8264463 0.8099174 0.9090909 0.7438017 0.8099174 0.6694215 0.6363636 0.677686
0.3223140 0.2561983 0.2809917 0.2066116 0.2314050 0.1239669 0.05785124 0.09917355 0.1322314 0.1074380 0.1322314
0.6129032 0.7096774 0.6612903 0.6209677 0.8225806 0.8145161 0.75 0.6854839 0.6693548 0.6129032 0.6048387
0.515625 0.5625 0.5625 0.59375 0.5234375 0.609375 0.609375 0.6015625 0.6953125 0.75 0.703125
0 0 0 0 0 0.01652893 0.01652893 0.01652893 0.04132231 0.0661157 0.1074380
0.220339 0.1610169 0.1610169 0.1101695 0.1101695 0.05084746 0.05084746 0.05084746 0.04237288 0.01694915 0.01694915
0.279661 0.2372881 0.2118644 0.2966102 0.2118644 0.1949153 0.220339 0.1440678 0.1694915 0.1694915 0.1694915
0.3577236 0.3089431 0.398374 0.3739837 0.4227642 0.4146341 0.4634146 0.4390244 0.4552846 0.4308943 0.4227642
0.8595041 0.8677686 0.8016529 0.768595 0.8099174 0.8264463 0.8099174 0.7355372 0.7438017 0.7107438 0.6363636
0.3170732 0.398374 0.398374 0.504065 0.5284553 0.5365854 0.5934959 0.6422764 0.5934959 0.5691057 0.6422764
0.7230769 0.7076923 0.7153846 0.6615385 0.5846154 0.5384615 0.4615385 0.5384615 0.4615385 0.4923077 0.5384615
0.03305785 0.02479339 0.05785124 0.04958678 0.1074380 0.1404959 0.1900826 0.2396694 0.2727273 0.2644628 0.3057851
0.4237288 0.4830508 0.5254237 0.6101695 0.6101695 0.661017 0.6694915 0.720339 0.720339 0.7288136 0.7288136
0.4132231 0.3884298 0.446281 0.5454545 0.6528926 0.6528926 0.661157 0.7024793 0.7520661 0.6942149 0.677686
0.8050847 0.7542373 0.7627119 0.6440678 0.6779661 0.7033898 0.6440678 0.720339 0.7627119 0.6779661 0.6525424
0.3076923 0.2923077 0.2461538 0.2692308 0.2769231 0.2538462 0.2846154 0.2230769 0.2076923 0.2153846 0.1846154
0.1916667 0.1833333 0.1083333 0.15 0.275 0.2583333 0.2916667 0.3833333 0.4666667 0.425 0.4166667
0.9083333 0.85 0.75 0.9166667 0.825 0.775 0.8833333 0.8583333 0.75 0.7666667 0.7083333
0.2711864 0.2711864 0.3644068 0.3898305 0.3474576 0.3644068 0.3813559 0.4152542 0.4067797 0.4067797 0.3983051
0.05785124 0.04958678 0.01652893 0.02479339 0.02479339 0.01652893 0.008264463 0.008264463 0.02479339 0.01652893 0
0.1779661 0.2288136 0.1694915 0.2372881 0.2966102 0.3474576 0.3898305 0.3728814 0.440678 0.4322034 0.4067797
0.4296875 0.4296875 0.4453125 0.421875 0.40625 0.421875 0.3828125 0.3046875 0.2421875 0.25 0.2578125
0.2066116 0.2561983 0.1983471 0.2231405 0.2561983 0.3305785 0.2561983 0.2314050 0.2727273 0.2809917 0.2727273
0.8050847 0.7711864 0.8305085 0.8305085 0.6864407 0.6949153 0.6016949 0.6101695 0.5338983 0.6779661 0.5847458
0.6949153 0.6864407 0.5508475 0.4661017 0.4830508 0.4745763 0.4745763 0.4237288 0.440678 0.4491525 0.3983051
0.892562 0.9752066 0.8429752 0.9008264 0.8016529 0.9090909 0.8429752 0.8099174 0.7520661 0.6942149 0.677686
0.1153846 0.1076923 0.1153846 0.1615385 0.2076923 0.2461538 0.3538462 0.2769231 0.3153846 0.4615385 0.4076923
0.9830508 0.9830508 0.9745763 0.940678 0.9322034 0.9152542 0.881356 0.838983 0.8220339 0.7372881 0.6779661
0.9661017 0.898305 0.940678 0.940678 0.9322034 0.9152542 0.881356 0.838983 0.8220339 0.7372881 0.6779661
0.983471 0.9752066 0.9504132 0.9586777 0.9008264 0.9090909 0.8429752 0.8099174 0.7520661 0.6942149 0.677686
0.1416667 0.125 0.2333333 0.225 0.225 0.1833333 0.1916667 0.2166667 0.2416667 0.2416667 0.2583333
0.325 0.325 0.3 0.3083333 0.25 0.225 0.1666667 0.175 0.1083333 0.1583333 0.1333333
0.1983471 0.2479339 0.2644628 0.2396694 0.2148760 0.2231405 0.2231405 0.2314050 0.2231405 0.2396694 0.2396694
0.940678 0.9830508 0.9745763 0.940678 0.9322034 0.9152542 0.881356 0.838983 0.8220339 0.7372881 0.6779661
0.25 0.2096774 0.1935484 0.25 0.1290323 0.1854839 0.1209677 0.1290323 0.1129032 0.1129032 0.1048387
0.4745763 0.4745763 0.4830508 0.4491525 0.5 0.5169492 0.4915254 0.5338983 0.6355932 0.5847458 0.5338983
0.2314050 0.2396694 0.2314050 0.2975207 0.2644628 0.2314050 0.2809917 0.2479339 0.2314050 0.2231405 0.2231405
0.4921875 0.546875 0.625 0.5859375 0.65625 0.5703125 0.6484375 0.6796875 0.7265625 0.75 0.703125
0.1157025 0.1570248 0.1487603 0.1900826 0.2727273 0.2809917 0.338843 0.3553719 0.338843 0.3719008 0.3636364
0.3306452 0.3225806 0.3145161 0.3790323 0.3790323 0.3790323 0.3709677 0.3387097 0.3225806 0.3225806 0.3709677
0.3966942 0.4214876 0.4876033 0.3719008 0.4214876 0.3636364 0.3305785 0.2892562 0.2727273 0.2396694 0.2231405
0.04132231 0.01652893 0.03305785 0.04132231 0.05785124 0.02479339 0.05785124 0.05785124 0.0909091 0.1157025 0.1157025
0.8916667 0.7166667 0.7333333 0.7666667 0.6666667 0.625 0.6833333 0.7416667 0.5916667 0.5833333 0.6333333
0.05785124 0.04958678 0.04958678 0.02479339 0.03305785 0.02479339 0.02479339 0.03305785 0.0661157 0.05785124 0.07438017
0.8728814 0.7966102 0.7711864 0.8135593 0.7966102 0.661017 0.6271186 0.6779661 0.6779661 0.6016949 0.6016949
0.7711864 0.7542373 0.7627119 0.7711864 0.7372881 0.7118644 0.8050847 0.720339 0.6355932 0.6355932 0.7288136
0.8373984 0.6829268 0.7154472 0.7642276 0.7398374 0.6747967 0.7723577 0.7235772 0.6097561 0.7154472 0.6422764
0.2231405 0.2561983 0.2314050 0.2066116 0.2231405 0.1900826 0.1652893 0.1818182 0.1322314 0.1570248 0.1818182
0.8677686 0.7933884 0.8016529 0.8595041 0.8099174 0.8264463 0.8099174 0.7355372 0.7438017 0.7107438 0.6363636
0.892562 0.8016529 0.7024793 0.7024793 0.6198347 0.677686 0.661157 0.7024793 0.6280992 0.6363636 0.6363636
0.5333333 0.4666667 0.4416667 0.3916667 0.325 0.2583333 0.1916667 0.2 0.1083333 0.1583333 0.125
0.8016529 0.768595 0.785124 0.8181818 0.8181818 0.8512397 0.876033 0.7768595 0.768595 0.6942149 0.6859504
0.1416667 0.09166667 0.1083333 0.09166667 0.08333333 0.05 0.03333333 0.05833333 0.04166667 0.04166667 0.05
0.6451613 0.6854839 0.7096774 0.7258065 0.75 0.7016129 0.75 0.6854839 0.6693548 0.6129032 0.6048387
0.9274194 0.8951613 0.8225806 0.7741935 0.75 0.8145161 0.75 0.6854839 0.6693548 0.6129032 0.6048387
0.9008264 0.9090909 0.9338843 0.8842975 0.892562 0.8512397 0.876033 0.7768595 0.768595 0.6942149 0.6859504
