0.1914894 0.1560284 0.1631206 0.1560284 0.1347518 0.04255319 0.07092199 0.09929078 0.08510638 0.1489362 0.1843972
0.08571429 0.1 0.15 0.2 0.2642857 0.3714286 0.4785714 0.7 0.7071429 0.7928571 0.7571429
0.5955882 0.5147059 0.5588235 0.625 0.7794118 0.6029412 0.5882353 0.5808824 0.5 0.6102941 0.6102941
0.380597 0.4477612 0.3656716 0.2835821 0.2985075 0.2835821 0.2164179 0.2985075 0.2537313 0.1492537 0.2164179
0.7185185 0.6222222 0.6222222 0.5555556 0.562963 0.5259259 0.7111111 0.7111111 0.562963 0.5111111 0.7185185
0.2089552 0.1940299 0.2164179 0.1791045 0.1641791 0.2089552 0.2014925 0.2238806 0.2611940 0.2761194 0.3432836
0.6102941 0.5661765 0.6617647 0.6838235 0.6764706 0.8014706 0.6911765 0.7058824 0.7132353 0.5220588 0.5588235
0.787234 0.787234 0.8439716 0.8085106 0.8723404 0.9148936 0.822695 0.9787234 0.9361702 0.7588652 0.8510638
0.2028986 0.1884058 0.07246377 0.06521739 0.03623188 0.03623188 0.02898551 0.02898551 0.007246377 0.03623188 0.01449275
0.3134328 0.3432836 0.4552239 0.4925373 0.5671642 0.7014925 0.7537313 0.9253731 0.8880597 0.8656716 0.9626866
0.5789474 0.556391 0.3834586 0.3157895 0.2481203 0.1278195 0.07518797 0.06015038 0.06015038 0.06015038 0.05263158
0.4202899 0.3913043 0.3260870 0.2681159 0.2246377 0.2246377 0.2246377 0.2318841 0.2028986 0.2173913 0.1739130
0.557971 0.5507246 0.5 0.5072464 0.5217391 0.4565217 0.442029 0.5217391 0.5362319 0.5507246 0.5289855
0.617647 0.6764706 0.6470588 0.5735294 0.6544118 0.5294118 0.5514706 0.3602941 0.4044118 0.4191176 0.5073529
0.7720588 0.7794118 0.6985294 0.8382353 0.7132353 0.632353 0.757353 0.6691176 0.8529412 0.6985294 0.617647
0.882353 0.9632353 0.8897059 0.9705882 0.882353 0.9558824 0.867647 0.9191176 0.7647059 0.8014706 0.9264706
0.1102941 0.125 0.2058824 0.1691176 0.25 0.2573529 0.2941176 0.3308824 0.3455882 0.375 0.3308824
0.5 0.5294118 0.3602941 0.3382353 0.3088235 0.2205882 0.2426471 0.2058824 0.3161765 0.3088235 0.4264706
0.7971014 0.8623188 0.768116 0.8115942 0.8043478 0.5797101 0.6594203 0.5869565 0.4202899 0.4130435 0.384058
0.5639098 0.4962406 0.4962406 0.5037594 0.3984962 0.4135338 0.4586466 0.5714286 0.4661654 0.518797 0.4887218
0.3458647 0.3308271 0.3759398 0.443609 0.3233083 0.4887218 0.3684211 0.593985 0.593985 0.6691729 0.556391
0.6617647 0.6764706 0.6470588 0.5808824 0.6911765 0.4852941 0.4926471 0.6691176 0.6911765 0.6102941 0.4779412
0.5112782 0.5639098 0.4887218 0.5037594 0.3233083 0.3834586 0.3834586 0.2857143 0.2932331 0.2781955 0.2330827
0.3676471 0.4558824 0.3970588 0.3014706 0.2647059 0.3897059 0.3529412 0.3823529 0.4926471 0.5294118 0.5955882
0.1194030 0.1119403 0.08208955 0.05970149 0.007462687 0.02238806 0 0 0 0 0
0.5714286 0.5714286 0.4661654 0.5789474 0.3909774 0.5789474 0.518797 0.5639098 0.481203 0.5263158 0.518797
0.1268657 0.1268657 0.05223881 0.08208955 0.04477612 0.06716418 0.05223881 0.06716418 0.05223881 0.05970149 0.08955224
0.1353383 0.1654135 0.2330827 0.2932331 0.3308271 0.2932331 0.2781955 0.1954887 0.2255639 0.2030075 0.1578947
0.8161765 0.75 0.8161765 0.742647 0.7867647 0.7279412 0.7794118 0.9191176 0.8529412 0.7941176 0.9264706
0.04511278 0.06015038 0.01503759 0.02255639 0.02255639 0.02255639 0.007518797 0.03007519 0.01503759 0.02255639 0.01503759
0.5714286 0.5338346 0.6165414 0.6992481 0.7293233 0.7593985 0.849624 0.8195489 0.8947368 0.9398496 0.8345865
0.6165414 0.6691729 0.5864662 0.2631579 0.2781955 0.1578947 0.1052632 0.1278195 0.1278195 0.1428571 0.1127820
0.1777778 0.1555556 0.1259259 0.1481481 0.2518519 0.1703704 0.2444444 0.2666667 0.3185185 0.5703704 0.3925926
0.6086957 0.5724638 0.5869565 0.5362319 0.6811594 0.6521739 0.557971 0.673913 0.731884 0.6811594 0.6594203
0.7720588 0.6691176 0.6544118 0.7794118 0.6764706 0.7647059 0.6911765 0.6911765 0.6617647 0.6985294 0.6617647
0.5413534 0.5112782 0.5112782 0.4586466 0.6015038 0.5037594 0.4360902 0.5037594 0.4210526 0.406015 0.4736842
0.8345865 0.9548872 0.9699248 0.9172932 0.9699248 0.962406 1 0.9849624 0.9699248 0.962406 0.924812
0.1567164 0.1641791 0.1417910 0.1641791 0.1343284 0.1343284 0.1716418 0.1343284 0.1343284 0.08208955 0.08208955
0.08510638 0.1205674 0.1347518 0.1205674 0.1702128 0.1418440 0.2340426 0.2482270 0.2127660 0.2411348 0.2624113
0.2985075 0.2686567 0.2985075 0.2761194 0.2089552 0.2238806 0.2238806 0.4029851 0.2611940 0.2835821 0.3507463
0.849624 0.9022556 0.7067669 0.7819549 0.8571429 0.8421053 0.962406 0.7744361 0.8421053 0.6691729 0.6390977
0.6214286 0.6571429 0.6857143 0.6071429 0.5428571 0.6428571 0.6 0.6071429 0.6642857 0.5428571 0.6357143
0.3703704 0.3333333 0.2148148 0.3111111 0.3481481 0.3185185 0.3259259 0.3481481 0.4518519 0.5703704 0.6
0.2781955 0.3007519 0.3759398 0.2857143 0.3308271 0.3082707 0.3984962 0.3909774 0.4661654 0.6090226 0.5413534
0.07518797 0.06766917 0.1729323 0.1954887 0.1954887 0.2105263 0.2781955 0.4135338 0.3909774 0.4736842 0.4586466
0.9185185 0.9851852 0.925926 0.9407407 0.8666667 0.9407407 0.9037037 0.9333333 0.7481481 0.874074 0.7851852
0.9849624 0.9849624 0.9774436 0.81203 0.8796992 0.8045113 0.7669173 0.593985 0.593985 0.5639098 0.481203
0.7352941 0.75 0.6764706 0.5955882 0.4705882 0.4852941 0.3161765 0.2794118 0.25 0.1911765 0.1691176
0.7092199 0.8156028 0.8368794 0.9432624 0.8794326 0.7943262 0.7092199 0.9574468 0.8723404 0.6950355 0.8510638
0.849624 0.9022556 0.8947368 0.8646617 0.8721805 0.8421053 0.849624 0.7744361 0.7669173 0.6390977 0.6390977
0.2058824 0.1102941 0.1029412 0.08088235 0.04411765 0.03676471 0.02941176 0.02205882 0.01470588 0.02205882 0.02941176
0.1985294 0.1691176 0.3382353 0.3602941 0.4705882 0.5073529 0.617647 0.7205882 0.6691176 0.7941176 0.9264706
0.9104478 0.902985 0.9328358 0.9626866 0.9104478 0.9850746 0.9850746 0.9626866 0.738806 0.858209 0.7910448
0.6962963 0.637037 0.6666667 0.7333333 0.7777778 0.6814815 0.6296296 0.5555556 0.4814815 0.4888889 0.5259259
0.2985075 0.3059701 0.4328358 0.4925373 0.5373134 0.619403 0.6492537 0.6343284 0.8880597 0.858209 0.8507463
0.03007519 0.03759398 0.01503759 0.03007519 0.02255639 0.05263158 0.06015038 0.09022556 0.05263158 0.09774436 0.08270677
0.9323308 0.8421053 0.9774436 0.8796992 0.8796992 0.962406 0.924812 0.849624 0.7067669 0.7969925 0.6466165
0.9485294 0.9632353 0.9191176 0.9632353 0.8529412 0.8970588 0.8088235 0.875 0.7647059 0.8014706 0.8235294
0.6785714 0.7071429 0.6928571 0.7714286 0.6571429 0.8214286 0.7785714 0.6357143 0.5142857 0.7928571 0.6357143
0.761194 0.6791045 0.8507463 0.7761194 0.7462687 0.8208955 0.858209 0.8134328 0.6119403 0.4552239 0.4925373
0.5112782 0.481203 0.481203 0.4962406 0.481203 0.4736842 0.631579 0.5789474 0.6766917 0.6842105 0.6090226
0.8602941 0.9191176 0.9264706 0.8455882 0.9264706 0.8161765 0.7867647 0.8161765 0.882353 0.9558824 0.8014706
0.6086957 0.5942029 0.6376812 0.768116 0.8695652 0.8913043 0.8333333 0.8913043 0.8623188 0.9275362 0.9565217
0.1729323 0.06766917 0.09022556 0.03007519 0.09022556 0.03007519 0.04511278 0.06015038 0.07518797 0.06015038 0.05263158
0.3823529 0.4191176 0.4044118 0.5955882 0.4485294 0.6691176 0.7058824 0.742647 0.6691176 0.6911765 0.7279412
0.8571429 0.7443609 0.7744361 0.6917293 0.5864662 0.3684211 0.3383459 0.2781955 0.2406015 0.2406015 0.1879699
0.07142857 0.07857143 0.09285714 0.1642857 0.1785714 0.2142857 0.3 0.4214286 0.45 0.45 0.5571429
0.7835821 0.7014925 0.9328358 0.858209 0.7985075 0.858209 0.9850746 0.9328358 0.8283582 0.858209 0.9179104
0.6029412 0.5514706 0.5220588 0.6838235 0.8161765 0.7132353 0.7794118 0.8161765 0.7647059 0.8970588 0.8455882
0.9699248 0.9323308 0.9699248 0.8796992 0.8421053 0.7518797 0.6616541 0.4661654 0.3082707 0.3233083 0.2330827
0.2928571 0.2571429 0.3214286 0.4571429 0.4714286 0.4357143 0.4928571 0.6285714 0.6642857 0.4357143 0.5
0.8857143 0.9428571 0.9071429 0.7714286 0.7857143 0.6428571 0.5785714 0.3357143 0.2857143 0.2714286 0.2714286
0.5367647 0.4558824 0.4117647 0.3602941 0.2279412 0.1838235 0.1176471 0.1176471 0.08088235 0.1029412 0.1029412
0.3909774 0.4962406 0.4511278 0.6240602 0.6766917 0.7593985 0.8195489 0.9172932 0.9022556 0.9473684 0.9172932
0.1052632 0.09774436 0.2330827 0.2180451 0.3007519 0.3157895 0.3383459 0.3609023 0.4210526 0.4661654 0.7067669
0.7185185 0.7851852 0.7333333 0.9037037 0.7555556 0.7259259 0.8296296 0.6962963 0.8296296 0.6296296 0.8296296
0.6390977 0.6992481 0.5864662 0.6240602 0.7669173 0.6466165 0.5037594 0.7218045 0.6616541 0.6015038 0.7142857
0.5789474 0.6165414 0.6165414 0.6240602 0.7293233 0.7593985 0.6616541 0.7593985 0.8947368 0.8646617 0.924812
0.593985 0.5639098 0.6842105 0.7518797 0.5037594 0.4962406 0.5037594 0.6917293 0.6616541 0.7142857 0.7368421
0.2781955 0.3007519 0.2857143 0.2706767 0.3082707 0.2330827 0.3082707 0.2932331 0.3759398 0.2932331 0.2330827
0.3455882 0.2941176 0.3235294 0.5 0.4044118 0.5661765 0.5367647 0.7205882 0.9191176 0.8088235 0.9264706
0.08270677 0.04511278 0.04511278 0.06766917 0.06015038 0.09774436 0.1578947 0.1729323 0.1879699 0.2556391 0.2030075
0.05185185 0.05925926 0.1185185 0.1555556 0.3111111 0.3703704 0.3925926 0.5407407 0.5111111 0.5555556 0.6222222
0.2030075 0.1654135 0.2631579 0.2631579 0.4210526 0.3082707 0.3609023 0.4586466 0.631579 0.631579 0.6917293
0.822695 0.7092199 0.8014184 0.7092199 0.7446809 0.7375887 0.7092199 0.5815603 0.7234043 0.6737589 0.6524823
0.6617647 0.632353 0.5220588 0.6544118 0.5220588 0.4191176 0.3897059 0.3161765 0.3161765 0.3897059 0.3088235
0.1111111 0.05925926 0.02222222 0.04444444 0.02962963 0.02962963 0.05185185 0.08888889 0.1037037 0.08888889 0.08888889
0.5488722 0.481203 0.5037594 0.3609023 0.1879699 0.2631579 0.3609023 0.3458647 0.2857143 0.3684211 0.4511278
0.2058824 0.2352941 0.1838235 0.2132353 0.1764706 0.2132353 0.2058824 0.3161765 0.3602941 0.4705882 0.5147059
0.1777778 0.2370370 0.1407407 0.2148148 0.2962963 0.3111111 0.3111111 0.3703704 0.3037037 0.3777778 0.2888889
0.007142857 0 0 0.08571429 0.1714286 0.2285714 0.3357143 0.3714286 0.3642857 0.4 0.4857143
0.8444444 0.8518519 0.7851852 0.8074074 0.8222222 0.874074 0.7111111 0.7481481 0.7037037 0.7555556 0.6666667
0.7443609 0.849624 0.9097744 0.8345865 0.8195489 0.8796992 0.8571429 0.8947368 0.9398496 0.8045113 0.9172932
0.007407407 0.007407407 0.007407407 0.04444444 0.02962963 0.07407407 0.02962963 0.07407407 0.05925926 0.08888889 0.04444444
0.4477612 0.4552239 0.4253731 0.380597 0.380597 0.3582090 0.2388060 0.4029851 0.2014925 0.2164179 0.2164179
0.01470588 0.02205882 0.03676471 0.1544118 0.2058824 0.2867647 0.3897059 0.4852941 0.4779412 0.4852941 0.5367647
0.2030075 0.1879699 0.1127820 0.03007519 0.06015038 0.03007519 0.007518797 0.03007519 0.007518797 0.01503759 0.007518797
0.884058 0.8188406 0.789855 0.8985507 0.826087 0.768116 0.7826087 0.7753623 0.5362319 0.7101449 0.615942
0.874074 0.8518519 0.8222222 0.8444444 0.9111111 0.8074074 0.762963 0.8518519 0.8592593 0.874074 0.8962963
0.4202899 0.3333333 0.2391304 0.3695652 0.2318841 0.1594203 0.1666667 0.0942029 0.1376812 0.1159420 0.1231884
0.4285714 0.4511278 0.4661654 0.5037594 0.5112782 0.6015038 0.6691729 0.7067669 0.6165414 0.8195489 0.7593985
0.7593985 0.6917293 0.6240602 0.6090226 0.6541353 0.5789474 0.5338346 0.4661654 0.406015 0.5037594 0.4962406
0.9148936 0.9078014 0.9007092 0.8014184 0.7446809 0.6950355 0.6950355 0.4326241 0.3758865 0.2907801 0.3191489
0.8947368 0.8421053 0.9699248 0.9774436 0.9699248 0.9774436 0.9097744 0.8571429 0.9398496 0.9022556 0.8345865
0.4558824 0.4558824 0.4264706 0.4779412 0.3823529 0.4338235 0.3970588 0.4117647 0.3602941 0.3897059 0.4338235
0.06716418 0.07462687 0.03731343 0.007462687 0 0 0 0 0 0 0
0.6214286 0.6571429 0.7214286 0.7714286 0.7857143 0.6785714 0.75 0.8571429 0.8571429 0.8785714 0.8357143
0.81203 0.7819549 0.7443609 0.7744361 0.7142857 0.7593985 0.6015038 0.481203 0.406015 0.3684211 0.3383459
0.3529412 0.4411765 0.3970588 0.4558824 0.5808824 0.5294118 0.6838235 0.632353 0.7720588 0.7279412 0.9632353
0.964539 0.8014184 0.9007092 0.9432624 0.9361702 0.9361702 0.9503546 0.929078 0.893617 0.929078 0.9858156
0.4191176 0.3529412 0.4044118 0.5294118 0.4191176 0.5661765 0.4338235 0.5661765 0.5147059 0.4852941 0.5220588
0.1194030 0.1119403 0.07462687 0.08955224 0.08208955 0.05970149 0.1343284 0.1343284 0.1492537 0.1567164 0.1492537
0.8 0.7428571 0.8357143 0.7 0.7357143 0.6571429 0.5571429 0.4214286 0.3857143 0.4071429 0.35
0.8571429 0.9548872 0.849624 0.9323308 0.8421053 0.8571429 0.6466165 0.5639098 0.4511278 0.2481203 0.3759398
0.4468085 0.4255319 0.4255319 0.3900709 0.4255319 0.3475177 0.4751773 0.3262411 0.4539007 0.4255319 0.5957447
0.3458647 0.3458647 0.3759398 0.1879699 0.1278195 0.1503759 0.1127820 0.1127820 0.06766917 0.1127820 0.08270677
0.7777778 0.7259259 0.6444444 0.6222222 0.5111111 0.3481481 0.3555556 0.2666667 0.2592593 0.2666667 0.2074074
0.9699248 0.9323308 0.9097744 0.9548872 0.924812 0.924812 0.8646617 0.8646617 0.7969925 0.7142857 0.6917293
0.1843972 0.1560284 0.1914894 0.1631206 0.2340426 0.2127660 0.2907801 0.2553191 0.2907801 0.4255319 0.6666667
0.3851852 0.5703704 0.5703704 0.5333333 0.4518519 0.5777778 0.4962963 0.5407407 0.7037037 0.5703704 0.7185185
0.8947368 0.887218 0.8195489 0.7744361 0.8345865 0.7593985 0.6766917 0.593985 0.5413534 0.4962406 0.3007519
0.3458647 0.4285714 0.3308271 0.4736842 0.4736842 0.6390977 0.7218045 0.556391 0.5864662 0.6165414 0.5112782
0.03759398 0.03007519 0.05263158 0.03007519 0.09022556 0.04511278 0.07518797 0.1879699 0.1654135 0.1578947 0.2330827
0.1029412 0.125 0.25 0.3014706 0.5735294 0.6470588 0.8455882 0.8014706 0.875 0.9558824 0.9264706
0.08270677 0.07518797 0.1203008 0.09774436 0.1353383 0.2631579 0.1654135 0.3458647 0.3458647 0.2556391 0.3684211
0.4477612 0.4850746 0.5820896 0.4626866 0.2462687 0.3432836 0.4402985 0.3880597 0.4402985 0.3507463 0.4626866
0.5263158 0.5714286 0.4285714 0.4736842 0.5639098 0.6165414 0.5488722 0.7218045 0.7067669 0.6691729 0.7142857
0.5970149 0.7014925 0.738806 0.7537313 0.738806 0.8208955 0.9477612 0.8283582 0.7462687 0.7089552 0.8507463
0.7536232 0.8043478 0.768116 0.768116 0.7101449 0.731884 0.5507246 0.6014493 0.5362319 0.5 0.4782609
0.2222222 0.1185185 0.2222222 0.2888889 0.3111111 0.3703704 0.3259259 0.5851852 0.7037037 0.6296296 0.837037
0.08270677 0.08270677 0.03007519 0 0 0.007518797 0.007518797 0.01503759 0.01503759 0.04511278 0.03759398
0.6376812 0.5942029 0.7391304 0.6521739 0.6231884 0.5797101 0.5942029 0.5072464 0.4202899 0.4347826 0.384058
0.6785714 0.6642857 0.6214286 0.6785714 0.6142857 0.75 0.5785714 0.7428571 0.4928571 0.5357143 0.7285714
1 1 0.9849624 0.9398496 0.9849624 0.9473684 0.924812 0.8421053 0.7894737 0.8045113 0.6766917
0.02173913 0.01449275 0.02173913 0.05072464 0.08695652 0.1449275 0.1449275 0.1956522 0.2028986 0.2463768 0.2753623
0.1111111 0.0962963 0.08148148 0.08148148 0.1111111 0.1111111 0.08148148 0.1333333 0.1333333 0.1851852 0.1333333
0.6376812 0.6376812 0.5869565 0.6521739 0.6884058 0.8405797 0.6811594 0.9637681 0.7463768 0.8188406 0.7391304
0.08088235 0.0882353 0.1691176 0.2205882 0.4264706 0.4852941 0.6617647 0.7352941 0.757353 0.757353 0.867647
0.6165414 0.6015038 0.556391 0.4360902 0.4661654 0.3007519 0.2481203 0.1503759 0.1954887 0.1428571 0.1203008
0.2928571 0.2 0.2071429 0.1642857 0.1357143 0.08571429 0.09285714 0.08571429 0.07857143 0.07857143 0.08571429
0.3007519 0.2857143 0.2105263 0.1729323 0.09022556 0.09774436 0.06015038 0.09774436 0.06766917 0.06015038 0.09774436
0.8947368 0.9097744 0.9548872 0.8646617 0.8571429 0.7969925 0.8045113 0.7218045 0.6015038 0.5413534 0.4285714
0.1353383 0.1203008 0.1729323 0.2255639 0.1879699 0.1578947 0.1578947 0.1503759 0.2030075 0.2255639 0.2030075
0.08510638 0.08510638 0.05673759 0.03546099 0.02836879 0.02127660 0.03546099 0.05673759 0.05673759 0.1702128 0.1560284
0.4558824 0.3970588 0.4485294 0.5220588 0.6397059 0.7058824 0.742647 0.875 0.8529412 0.8970588 0.9264706
0.8550725 0.7463768 0.768116 0.8115942 0.826087 0.768116 0.7391304 0.673913 0.5652174 0.7101449 0.6811594
0.6716418 0.5597015 0.5522388 0.4328358 0.2238806 0.2089552 0.1567164 0.1791045 0.1492537 0.08955224 0.09701493
0.3684211 0.3308271 0.2631579 0.2481203 0.1879699 0.1729323 0.1353383 0.1954887 0.1278195 0.09774436 0.1879699
0.1838235 0.1544118 0.1764706 0.2205882 0.4558824 0.5588235 0.5882353 0.6102941 0.8088235 0.7058824 0.7279412
0.8947368 0.9097744 0.9323308 0.9022556 0.8721805 0.8947368 0.7669173 0.7593985 0.6691729 0.6691729 0.4887218
0.8947368 0.887218 0.9548872 0.9172932 0.8571429 0.7969925 0.8195489 0.593985 0.5639098 0.593985 0.4360902
