0.5693431 0.5693431 0.5547445 0.5547445 0.6642336 0.6569343 0.8175182 0.6861314 0.810219 0.8029197 0.7737226
0.8531469 0.8041958 0.7272727 0.7692308 0.8181818 0.8111888 0.8741259 0.7832168 0.7972028 0.6573427 0.7202797
0.1449275 0.1956522 0.1304348 0.1521739 0.1086957 0.2101449 0.1231884 0.1231884 0.2173913 0.1811594 0.1956522
0.5 0.4632353 0.3676471 0.4044118 0.4117647 0.4191176 0.4044118 0.3602941 0.3602941 0.5441176 0.4264706
0.481203 0.5413534 0.4736842 0.5338346 0.4586466 0.406015 0.3909774 0.3609023 0.2631579 0.2556391 0.2105263
0.03100775 0.02325581 0.007751938 0.01550388 0.01550388 0.007751938 0.01550388 0.01550388 0.01550388 0.01550388 0.02325581
0.8382353 0.8235294 0.7058824 0.7720588 0.7205882 0.6691176 0.5294118 0.5588235 0.5 0.6838235 0.5147059
0.1678322 0.1608392 0.1258741 0.1258741 0.0979021 0.05594406 0.0909091 0.06993007 0.06993007 0.1048951 0.0909091
0.01550388 0.02325581 0.007751938 0.02325581 0.01550388 0.01550388 0.03100775 0.01550388 0.03875969 0.02325581 0.04651163
0.4671533 0.5255474 0.4452555 0.4817518 0.5255474 0.5693431 0.5182482 0.6788321 0.7445255 0.7372263 0.7737226
0.2558140 0.2248062 0.2868217 0.2713178 0.3023256 0.2713178 0.4031008 0.3643411 0.372093 0.6124031 0.5658915
0.7054264 0.6744186 0.6744186 0.6589147 0.620155 0.6511628 0.5968992 0.5581395 0.5658915 0.6976744 0.5891473
0.2093023 0.1162791 0.1317829 0.2635659 0.3643411 0.4108527 0.627907 0.5968992 0.6821705 0.6124031 0.6821705
0.5620438 0.620438 0.649635 0.5620438 0.7080292 0.649635 0.5693431 0.4744526 0.5693431 0.6788321 0.7226277
0.8811189 0.8391608 0.7132867 0.8741259 0.8321678 0.979021 0.916084 0.986014 0.8741259 0.8601399 0.937063
0.9379845 0.7906977 0.8449612 0.868217 0.8449612 0.8217054 0.8062016 0.8449612 0.7906977 0.8139535 0.5891473
0.0882353 0.1470588 0.1470588 0.2720588 0.3455882 0.3897059 0.4705882 0.4632353 0.5588235 0.5367647 0.7132353
0.03875969 0.02325581 0.06976744 0.02325581 0.1550388 0.1317829 0.1472868 0.1317829 0.1472868 0.1317829 0.1085271
0.8333333 0.9565217 0.9565217 0.9855072 0.9855072 0.826087 0.8550725 0.7608696 0.5217391 0.5144928 0.4492754
0.6899225 0.9147287 0.5891473 0.7286822 0.744186 0.868217 0.7364341 0.7984496 0.8372093 0.6821705 0.7054264
0.3740458 0.4198473 0.4198473 0.4427481 0.4274809 0.4427481 0.4580153 0.5419847 0.3435115 0.4122137 0.5114504
0.7054264 0.7364341 0.744186 0.7751938 0.6821705 0.6899225 0.7984496 0.6744186 0.6434109 0.6434109 0.6666667
0.3282443 0.3587786 0.3664122 0.389313 0.389313 0.3816794 0.3435115 0.2671756 0.2442748 0.1984733 0.2442748
0.9057971 0.789855 0.7391304 0.826087 0.8115942 0.9927536 0.9565217 0.9275362 0.9347826 0.8985507 0.9637681
0.3023256 0.2713178 0.3178295 0.2558140 0.3643411 0.2868217 0.4186047 0.4186047 0.3953488 0.5271318 0.5116279
0.2900763 0.2671756 0.2900763 0.2671756 0.3206107 0.2366412 0.3053435 0.2671756 0.2748092 0.3053435 0.3664122
0.1619718 0.2676056 0.2183099 0.2605634 0.3098592 0.3380282 0.3450704 0.3732394 0.4154930 0.5 0.471831
0.6993007 0.6503497 0.6153846 0.5734266 0.6433566 0.6223776 0.5314685 0.5034965 0.4125874 0.4685315 0.5734266
0.9236641 0.9312977 0.9694656 0.9236641 0.6793893 0.6259542 0.4351145 0.5267176 0.2977099 0.2671756 0.2137405
0.04225352 0.07042254 0.07042254 0.07746479 0.08450704 0.1338028 0.1267606 0.1549296 0.1619718 0.1478873 0.1760563
0.8768116 0.8550725 0.9782609 0.9202899 0.9855072 0.9782609 0.9057971 0.9275362 0.884058 0.8985507 0.9637681
0.4573643 0.4341085 0.3333333 0.3798450 0.3100775 0.248062 0.1937984 0.2868217 0.2713178 0.2790698 0.3255814
0.3333333 0.372093 0.4186047 0.4806202 0.7054264 0.4883721 0.627907 0.503876 0.5348837 0.6744186 0.8217054
0.5725191 0.4580153 0.5343511 0.5877863 0.4885496 0.5267176 0.5419847 0.5954198 0.7480916 0.6793893 0.610687
0.6956522 0.6086957 0.7101449 0.7608696 0.6376812 0.7826087 0.6014493 0.5362319 0.442029 0.4057971 0.4710145
0.1627907 0.2170543 0.2558140 0.2325581 0.2170543 0.1705426 0.1317829 0.1937984 0.2015504 0.1627907 0.1937984
0.4275362 0.5434783 0.4927536 0.5869565 0.5724638 0.557971 0.5362319 0.5507246 0.4637681 0.5144928 0.5289855
0.06569343 0.08759124 0.08759124 0.04379562 0.05839416 0.05109489 0.05109489 0.1897810 0.1459854 0.1897810 0.1897810
0.5488722 0.4887218 0.443609 0.5338346 0.3909774 0.4586466 0.3157895 0.3383459 0.3157895 0.2556391 0.2631579
0.4852941 0.3602941 0.3676471 0.3676471 0.2941176 0.2205882 0.3676471 0.2720588 0.2941176 0.3529412 0.3382353
0.5 0.4632353 0.3455882 0.3676471 0.2647059 0.1985294 0.09558824 0.07352941 0.07352941 0.03676471 0.01470588
0.4573643 0.4651163 0.4031008 0.4651163 0.5581395 0.5503876 0.627907 0.6124031 0.6046512 0.6511628 0.6976744
0.5507246 0.5362319 0.6086957 0.6231884 0.7028986 0.8695652 0.789855 0.826087 0.9347826 0.8695652 0.8913043
0.810219 0.7518248 0.9343066 0.9343066 0.7445255 0.8029197 0.919708 0.6861314 0.6642336 0.5912409 0.7737226
0.2189781 0.1897810 0.2627737 0.3065693 0.3357664 0.3138686 0.3284672 0.3868613 0.459854 0.3722628 0.540146
0.1617647 0.2352941 0.3382353 0.4044118 0.5220588 0.5441176 0.617647 0.5808824 0.75 0.7132353 0.75
0.7209302 0.6976744 0.7674419 0.5581395 0.5658915 0.5426357 0.4573643 0.4341085 0.5271318 0.3798450 0.3333333
0.7591241 0.7080292 0.8686131 0.729927 0.7007299 0.6861314 0.8759124 0.7956204 0.7737226 0.8540146 0.8540146
0.8854962 0.7633588 0.9236641 0.7862595 0.6793893 0.6259542 0.5954198 0.3282443 0.2290076 0.1908397 0.1908397
0.3617021 0.3758865 0.3758865 0.4539007 0.5035461 0.4184397 0.2765957 0.3546099 0.2553191 0.2056738 0.3191489
0.2253521 0.2676056 0.2535211 0.2957746 0.3098592 0.3450704 0.3098592 0.3732394 0.4507042 0.4507042 0.6690141
0.1832061 0.1450382 0.06870229 0.1221374 0.09923664 0.1374046 0.1679389 0.1755725 0.1755725 0.1450382 0.1603053
0.887218 0.8796992 0.8721805 0.924812 0.8345865 0.924812 0.9022556 0.8721805 0.8796992 0.887218 0.8421053
0.06766917 0.08270677 0.1203008 0.08270677 0.1127820 0.06015038 0.06766917 0.1353383 0.1203008 0.09774436 0.1052632
0.6165414 0.6691729 0.6691729 0.6842105 0.5263158 0.5338346 0.5864662 0.4962406 0.4962406 0.443609 0.3383459
0.04411765 0.04411765 0.05147059 0.1029412 0.2279412 0.3897059 0.4411765 0.4632353 0.5808824 0.6470588 0.7132353
0.8449612 0.7054264 0.7674419 0.751938 0.7984496 0.5426357 0.5116279 0.5503876 0.5348837 0.5736434 0.4806202
0.5441176 0.5588235 0.3455882 0.4044118 0.4191176 0.4191176 0.4411765 0.4044118 0.3161765 0.3014706 0.2794118
0.8380282 0.7816901 0.6690141 0.8028169 0.8028169 0.7112676 0.7816901 0.5915493 0.6690141 0.5211268 0.4929577
0.6899225 0.620155 0.6666667 0.4573643 0.5348837 0.5426357 0.620155 0.3798450 0.5891473 0.4806202 0.7054264
0.5839416 0.6642336 0.7226277 0.7080292 0.7226277 0.7153285 0.8759124 0.7518248 0.839416 0.9270073 0.8540146
0.09923664 0.1145038 0.129771 0.09923664 0.04580153 0.09923664 0.09160305 0.09923664 0.1526718 0.1221374 0.1145038
0.8811189 0.993007 0.8041958 0.8741259 0.8951049 0.9020979 0.7622378 0.7342657 0.6013986 0.6153846 0.6923077
0.7142857 0.7518797 0.7518797 0.7067669 0.6691729 0.6842105 0.6466165 0.5714286 0.5714286 0.556391 0.5338346
0.8449612 0.7054264 0.7596899 0.6589147 0.7906977 0.8604651 0.7364341 0.7906977 0.8372093 0.8294574 0.7054264
0.2713178 0.2558140 0.2248062 0.1705426 0.09302326 0.1007752 0.0620155 0.04651163 0.03875969 0.04651163 0.04651163
0.3900709 0.4113475 0.4397163 0.4751773 0.5035461 0.6170213 0.5460993 0.5035461 0.5673759 0.4964539 0.5248227
0.7887324 0.6901408 0.6408451 0.6478873 0.7323944 0.6901408 0.6619718 0.7042254 0.7957746 0.7042254 0.5704225
0.7862595 0.8015267 0.7251908 0.8549618 0.7709924 0.8778626 0.740458 0.740458 0.8473282 0.7633588 0.8854962
0.4685315 0.4125874 0.5034965 0.4825175 0.4895105 0.4335664 0.5314685 0.5454545 0.4685315 0.4685315 0.5034965
1 1 0.9927007 0.9927007 0.970803 0.9635036 0.9562044 0.9781022 0.839416 0.8029197 0.7664234
0.375 0.3602941 0.3455882 0.4117647 0.3529412 0.3382353 0.2941176 0.2426471 0.3014706 0.3455882 0.4264706
0.4883721 0.620155 0.5426357 0.5968992 0.5503876 0.620155 0.6744186 0.7131783 0.5348837 0.6124031 0.7054264
0.7480916 0.6259542 0.6335878 0.7099237 0.6030534 0.5572519 0.6946565 0.6335878 0.6717557 0.6412214 0.6030534
0.5664336 0.5524476 0.5664336 0.6433566 0.5524476 0.6013986 0.5384615 0.6573427 0.5244755 0.5314685 0.6573427
0.5348837 0.5736434 0.4728682 0.4418605 0.4651163 0.4496124 0.4496124 0.4341085 0.4263566 0.4341085 0.5658915
0.04347826 0.01449275 0.007246377 0.05797101 0.05072464 0.1086957 0.1231884 0.1159420 0.1594203 0.1811594 0.2028986
0.7304965 0.6879433 0.716312 0.6170213 0.8014184 0.6170213 0.6595745 0.5815603 0.5886525 0.5319149 0.5248227
0.4883721 0.3410853 0.3798450 0.3023256 0.1937984 0.06976744 0.0620155 0.04651163 0.03100775 0.03100775 0.02325581
0.5348837 0.620155 0.6821705 0.620155 0.6821705 0.6666667 0.8527132 0.883721 0.8372093 0.8294574 0.7054264
0.9379845 0.9379845 0.8992248 0.8449612 0.883721 0.8914729 0.868217 0.744186 0.7906977 0.620155 0.6589147
0.4887218 0.5112782 0.3458647 0.4135338 0.2857143 0.3007519 0.2105263 0.2180451 0.2105263 0.2030075 0.1503759
0.8309859 0.7042254 0.8169014 0.887324 0.8169014 0.9507042 0.7816901 0.887324 0.7957746 0.5492958 0.5704225
0.1879699 0.2180451 0.2330827 0.3007519 0.2330827 0.2932331 0.1654135 0.2180451 0.2932331 0.2330827 0.2330827
0.5620438 0.5547445 0.5109489 0.4963504 0.5474453 0.4817518 0.4525547 0.4525547 0.2773723 0.2481752 0.3503650
0.6541353 0.6691729 0.6390977 0.5488722 0.6541353 0.5112782 0.5789474 0.4736842 0.5714286 0.4962406 0.6165414
0.3875969 0.4883721 0.3875969 0.248062 0.2325581 0.1627907 0.0620155 0.04651163 0.03875969 0.03100775 0.03100775
0.3129771 0.3206107 0.3511450 0.3358779 0.389313 0.3816794 0.3511450 0.3206107 0.3358779 0.4122137 0.3969466
0.9022556 0.9849624 0.9548872 0.924812 0.9097744 0.9473684 0.9548872 0.924812 0.9774436 0.9699248 0.9473684
0.2868217 0.248062 0.2790698 0.2635659 0.2713178 0.3100775 0.248062 0.4031008 0.3333333 0.2945736 0.5348837
0.2015504 0.248062 0.2945736 0.2868217 0.4651163 0.4341085 0.4651163 0.4806202 0.4573643 0.372093 0.5116279
0.5441176 0.5808824 0.5294118 0.4852941 0.6029412 0.6029412 0.7058824 0.7720588 0.7647059 0.8455882 0.7279412
0.7709924 0.8244275 0.6335878 0.5496183 0.4503817 0.3053435 0.2061069 0.1145038 0.08396947 0.0610687 0.0610687
0.4360902 0.3684211 0.4135338 0.3533835 0.2781955 0.2406015 0.1353383 0.1503759 0.1654135 0.09774436 0.1278195
0.5661765 0.5588235 0.6691176 0.5367647 0.6544118 0.6911765 0.6617647 0.5955882 0.7352941 0.742647 0.7279412
0.2403101 0.2170543 0.2713178 0.1937984 0.2325581 0.2713178 0.1937984 0.2868217 0.4418605 0.4651163 0.3488372
0.1338028 0.0915493 0.01408451 0.04225352 0.03521127 0.04225352 0.02112676 0.02112676 0.03521127 0.02112676 0.02816901
0.8333333 0.9130435 0.7971014 0.8115942 0.8333333 0.826087 0.7173913 0.7608696 0.826087 0.6014493 0.4637681
0.8088235 0.867647 0.75 0.8235294 0.8602941 0.8455882 0.9558824 0.9779412 0.9705882 0.9044118 0.8897059
0.1418440 0.1347518 0.07092199 0.04255319 0.007092199 0 0 0 0 0 0.007092199
0.7596899 0.7286822 0.6511628 0.5271318 0.2945736 0.2790698 0.1085271 0.07751938 0.03875969 0.03875969 0.04651163
0.4042553 0.3829787 0.5035461 0.4539007 0.5106383 0.5035461 0.5460993 0.5035461 0.4397163 0.4113475 0.4539007
0.8914729 0.9069767 0.9302326 0.8294574 0.9767442 0.9457364 0.8449612 0.7131783 0.6976744 0.6821705 0.5736434
0.2170543 0.1937984 0.3178295 0.2558140 0.3643411 0.372093 0.4186047 0.3798450 0.372093 0.4573643 0.372093
0.9224806 0.9534884 0.8449612 0.9147287 0.8527132 0.8604651 0.7286822 0.9534884 0.8294574 0.6976744 0.7364341
0.2671756 0.2671756 0.2671756 0.1832061 0.2748092 0.3053435 0.3053435 0.2671756 0.2290076 0.4122137 0.4274809
0.890511 0.9051095 0.970803 0.9927007 0.9562044 0.9927007 0.9562044 0.9854015 0.9854015 0.9270073 0.9343066
0.5488722 0.5639098 0.6390977 0.556391 0.6766917 0.5338346 0.5789474 0.5639098 0.5037594 0.3383459 0.3233083
0.9548872 0.9924812 0.924812 0.9548872 0.9097744 0.924812 0.9022556 0.8721805 0.81203 0.6917293 0.6691729
0.8043478 0.789855 0.8913043 0.8768116 0.9057971 0.8478261 0.9565217 0.826087 0.7971014 0.8695652 0.884058
0.9343066 0.9416058 0.8832117 0.7445255 0.7080292 0.8613139 0.7810219 0.6131387 0.540146 0.4671533 0.2773723
0.3410853 0.3023256 0.2945736 0.2093023 0.1550388 0.1860465 0.1627907 0.1860465 0.2015504 0.2093023 0.2015504
0.1347518 0.1347518 0.1914894 0.2269504 0.3120567 0.4042553 0.4397163 0.4609929 0.4751773 0.5248227 0.7021277
0.9275362 0.8115942 0.9275362 0.826087 0.8115942 0.8695652 0.8188406 0.9275362 0.8913043 0.8695652 0.8913043
0.08270677 0.09022556 0.09774436 0.08270677 0.1353383 0.1654135 0.1804511 0.2631579 0.1729323 0.2030075 0.1503759
0.04580153 0.07633588 0.03053435 0 0 0.007633588 0.007633588 0 0 0.007633588 0
0.2442748 0.3206107 0.3511450 0.3435115 0.4274809 0.4503817 0.4122137 0.6412214 0.832061 0.7633588 0.6946565
0.7131783 0.620155 0.6666667 0.6589147 0.7906977 0.6046512 0.6744186 0.7131783 0.8372093 0.6821705 0.8217054
0.970803 0.9416058 0.970803 0.9489051 0.970803 0.919708 0.8175182 0.9781022 0.839416 0.8686131 0.7226277
0.7605634 0.9366197 0.6690141 0.8028169 0.8028169 0.7253521 0.7183099 0.584507 0.7957746 0.7112676 0.5985915
0.5 0.4338235 0.5220588 0.5808824 0.7352941 0.8455882 0.617647 0.75 0.7352941 0.6470588 0.75
0.8623188 0.8985507 0.8913043 0.826087 0.9347826 0.8695652 0.8695652 0.9275362 0.8695652 0.9057971 0.8115942
0.3206107 0.4580153 0.3740458 0.3511450 0.4427481 0.3816794 0.3435115 0.2748092 0.2290076 0.1832061 0.2137405
0.7480916 0.7480916 0.7557252 0.6412214 0.6793893 0.4961832 0.4351145 0.4503817 0.5343511 0.4503817 0.4274809
0.4341085 0.3565891 0.496124 0.3255814 0.3643411 0.3643411 0.3023256 0.3798450 0.2790698 0.2945736 0.3100775
0.4233577 0.4890511 0.4452555 0.3211679 0.4014599 0.4233577 0.4452555 0.4379562 0.4744526 0.3795620 0.5912409
0.4927536 0.4855072 0.615942 0.5144928 0.5724638 0.7246377 0.7971014 0.8333333 0.8695652 0.8695652 0.8913043
0.7819549 0.7969925 0.8195489 0.6842105 0.81203 0.6691729 0.8270677 0.5639098 0.6691729 0.6842105 0.7293233
0.3511450 0.3969466 0.3511450 0.2748092 0.2519084 0.1374046 0.1526718 0.1145038 0.09923664 0.1068702 0.07633588
0.06976744 0.08527132 0.1085271 0.1085271 0.09302326 0.1317829 0.04651163 0.03875969 0.04651163 0.04651163 0.06976744
0.4573643 0.4263566 0.3410853 0.2868217 0.2713178 0.2868217 0.1937984 0.2248062 0.248062 0.2635659 0.2558140
0.8439716 0.9219858 0.8652482 0.8297872 0.9432624 0.9503546 0.9148936 0.9787234 0.8865248 0.9432624 0.9574468
0.620155 0.496124 0.7209302 0.6821705 0.6124031 0.7209302 0.6356589 0.751938 0.6356589 0.6124031 0.7209302
0.5503876 0.5348837 0.5658915 0.4186047 0.496124 0.5193798 0.6899225 0.4806202 0.5891473 0.5736434 0.8217054
0.6412214 0.7938931 0.832061 0.8015267 0.6793893 0.648855 0.6717557 0.5954198 0.5725191 0.7022901 0.5572519
0.02127660 0.03546099 0.02127660 0.1134752 0.09219858 0.1560284 0.1063830 0.1702128 0.1418440 0.1347518 0.1631206
0.1472868 0.1085271 0.03875969 0.02325581 0.007751938 0.007751938 0.01550388 0.01550388 0.01550388 0.007751938 0.007751938
0.007352941 0.01470588 0.02205882 0.02205882 0.07352941 0.1691176 0.2867647 0.4485294 0.5955882 0.6397059 0.6691176
0.2605634 0.2323944 0.2676056 0.2112676 0.1408451 0.1619718 0.1830986 0.2112676 0.2323944 0.2676056 0.2816901
0.7730496 0.8652482 0.8794326 0.6879433 0.8439716 0.9078014 0.8723404 0.8297872 0.8865248 0.716312 0.6950355
0.1937984 0.1705426 0.2790698 0.248062 0.2713178 0.2558140 0.3255814 0.3178295 0.3953488 0.3798450 0.4806202
0.2868217 0.2325581 0.2403101 0.2558140 0.2713178 0.2093023 0.3488372 0.248062 0.2868217 0.3643411 0.372093
0.9224806 0.9379845 0.875969 0.9457364 0.9612403 0.9069767 0.9457364 0.9302326 0.9767442 0.9224806 0.9689922
0.2671756 0.2748092 0.2671756 0.2366412 0.2748092 0.2442748 0.2900763 0.2671756 0.2519084 0.3282443 0.3129771
0.4661654 0.3609023 0.3308271 0.2781955 0.1804511 0.04511278 0.02255639 0.03759398 0.03007519 0.02255639 0.03007519
0.5744681 0.6382979 0.5886525 0.6099291 0.5886525 0.5673759 0.7801418 0.5035461 0.6241135 0.4680851 0.5035461
0.2657343 0.3216783 0.2097902 0.1468531 0.2377622 0.2447552 0.1888112 0.2517483 0.2867133 0.3846154 0.4195804
0.7906977 0.7596899 0.6744186 0.7751938 0.744186 0.8062016 0.8914729 0.8062016 0.8604651 0.8139535 0.7829457
0.3970588 0.3602941 0.5 0.4485294 0.4264706 0.4632353 0.5808824 0.5441176 0.5441176 0.4117647 0.5882353
0.3984962 0.3984962 0.3909774 0.4661654 0.3834586 0.4661654 0.4887218 0.481203 0.6015038 0.5714286 0.5714286
0.9548872 0.9849624 0.9548872 0.9548872 0.8721805 0.8646617 0.8796992 0.8721805 0.8571429 0.6240602 0.8345865
