0.1742424 0.1515152 0.1666667 0.1363636 0.0909091 0.06060606 0.04545455 0.04545455 0.02272727 0.03787879 0.03030303
0.3602941 0.3382353 0.3014706 0.3161765 0.2573529 0.2720588 0.4117647 0.4779412 0.5147059 0.5441176 0.5
0.03787879 0.01515152 0.03787879 0 0.007575758 0.007575758 0.007575758 0.02272727 0.02272727 0.03787879 0.04545455
0.6046512 0.3410853 0.4263566 0.3565891 0.2248062 0.1937984 0.2015504 0.1395349 0.1317829 0.1472868 0.1395349
0.2248062 0.2015504 0.248062 0.3255814 0.2635659 0.3023256 0.372093 0.4341085 0.3023256 0.4728682 0.3953488
0.2518519 0.4296296 0.3629630 0.4222222 0.4740741 0.5185185 0.5259259 0.7777778 0.6518519 0.6148148 0.6518519
0.2357143 0.2357143 0.2857143 0.4428571 0.6571429 0.4642857 0.6142857 0.6857143 0.6928571 0.7857143 0.7214286
0.2790698 0.2635659 0.248062 0.3023256 0.2403101 0.3023256 0.3643411 0.3100775 0.4496124 0.4418605 0.4418605
0.06976744 0.05426357 0.0620155 0.03875969 0.04651163 0.03875969 0.03875969 0.01550388 0.03100775 0.03100775 0.03875969
0.76259 0.733813 0.6978417 0.6258993 0.6618705 0.5539568 0.6258993 0.5179856 0.4460432 0.4172662 0.381295
0.3216783 0.4125874 0.4265734 0.4825175 0.4405594 0.5874126 0.7412587 0.8601399 0.8671329 0.8811189 0.9090909
0.5467626 0.5107914 0.3453237 0.5035971 0.352518 0.3165468 0.2589928 0.2733813 0.1726619 0.2014388 0.1942446
0.03676471 0.08088235 0.03676471 0.02941176 0.05147059 0.05147059 0.05882353 0.0882353 0.04411765 0.05882353 0.1102941
0.6713287 0.5874126 0.5244755 0.6643357 0.7132867 0.7762238 0.7762238 0.7272727 0.7902098 0.8391608 0.8531469
0.5928571 0.6428571 0.6 0.7714286 0.7214286 0.6214286 0.7357143 0.7642857 0.7214286 0.7857143 0.7642857
0.1515152 0.1136364 0.1590909 0.1363636 0.2196970 0.2575758 0.2878788 0.4772727 0.4318182 0.6969697 0.7348485
0.375 0.3014706 0.2279412 0.2279412 0.1838235 0.1617647 0.09558824 0.08088235 0.06617647 0.04411765 0.03676471
0.7851852 0.8296296 0.7851852 0.9111111 0.7185185 0.7259259 0.8296296 0.637037 0.6222222 0.5481481 0.562963
0.9469697 0.969697 0.9469697 0.9772727 0.9621212 0.9772727 0.969697 0.9545455 0.9545455 0.9772727 0.8636364
0.9242424 0.8636364 0.9090909 0.9772727 0.9015152 0.969697 0.8863636 0.7727273 0.5984848 0.6136364 0.5984848
0.4888889 0.3777778 0.4148148 0.5333333 0.5555556 0.5703704 0.5333333 0.5407407 0.8592593 0.6962963 0.7037037
0.1071429 0.06428571 0.07142857 0.1428571 0.1714286 0.1642857 0.2214286 0.2428571 0.3428571 0.2785714 0.3714286
0.03875969 0.04651163 0.0620155 0.06976744 0.06976744 0.07751938 0.09302326 0.06976744 0.07751938 0.07751938 0.07751938
0.1550388 0.1782946 0.3023256 0.2558140 0.3255814 0.3023256 0.3798450 0.4341085 0.4883721 0.3953488 0.4806202
0.3214286 0.3142857 0.3214286 0.2928571 0.4142857 0.4357143 0.4428571 0.5714286 0.5714286 0.6428571 0.6214286
0.1439394 0.1060606 0.08333333 0.1363636 0.1212121 0.1136364 0.1666667 0.08333333 0.1287879 0.1363636 0.1818182
0.3897059 0.3897059 0.3014706 0.3529412 0.2279412 0.1838235 0.2279412 0.3308824 0.3235294 0.3382353 0.4117647
0.9411765 0.8602941 0.882353 0.9485294 0.9117647 0.882353 0.9191176 0.9485294 0.8970588 0.867647 0.8235294
0.8 0.8592593 0.8296296 0.925926 0.925926 0.8666667 0.9407407 0.9555556 0.9851852 0.9111111 0.9333333
0.2803030 0.2651515 0.2954545 0.3787879 0.3106061 0.2727273 0.3030303 0.2424242 0.2424242 0.3257576 0.2727273
0.1395349 0.1007752 0.1395349 0.1472868 0.1085271 0.1085271 0.124031 0.1317829 0.09302326 0.09302326 0.1085271
0.2941176 0.2058824 0.1911765 0.2132353 0.1617647 0.1764706 0.1470588 0.1176471 0.125 0.09558824 0.1102941
0.2571429 0.2785714 0.2714286 0.4428571 0.2785714 0.3142857 0.2285714 0.25 0.4428571 0.4 0.4571429
0.3897059 0.3676471 0.375 0.3161765 0.3823529 0.3382353 0.2279412 0.2205882 0.2867647 0.2205882 0.3529412
0.02205882 0.01470588 0.04411765 0.0882353 0.06617647 0.1397059 0.1764706 0.2205882 0.2352941 0.5 0.5588235
0.6470588 0.6544118 0.6397059 0.6838235 0.6764706 0.5441176 0.7647059 0.617647 0.6544118 0.6617647 0.5735294
0.5955882 0.5661765 0.6397059 0.6911765 0.5441176 0.7352941 0.75 0.7941176 0.8382353 0.8602941 0.8382353
0.7209302 0.5968992 0.496124 0.3643411 0.3100775 0.372093 0.3488372 0.3333333 0.3178295 0.4108527 0.3643411
0.007407407 0.007407407 0 0 0 0 0.007407407 0.02222222 0.05185185 0.1407407 0.1259259
0.1085271 0.09302326 0.124031 0.09302326 0.04651163 0.04651163 0.03875969 0.01550388 0 0 0
0.8666667 0.8296296 0.837037 0.8962963 0.8296296 0.7555556 0.5703704 0.5259259 0.2296296 0.2740741 0.2074074
0.5642857 0.7 0.7214286 0.8 0.8142857 0.8142857 0.8357143 0.8714286 0.75 0.8285714 0.7214286
0.4166667 0.3106061 0.2575758 0.2121212 0.3030303 0.2803030 0.2424242 0.2575758 0.2045455 0.4318182 0.4393939
0.8444444 0.637037 0.8444444 0.637037 0.7407407 0.5851852 0.7481481 0.6740741 0.6296296 0.5703704 0.562963
0.3165468 0.2589928 0.2158273 0.1151079 0.1079137 0.05755396 0.03597122 0.02158273 0.01438849 0.01438849 0.01438849
0.7132353 0.7279412 0.6911765 0.7647059 0.875 0.875 0.9117647 0.8897059 0.8970588 0.9485294 0.9705882
0.7462687 0.6567164 0.6641791 0.6716418 0.641791 0.4253731 0.4701493 0.4552239 0.4253731 0.3432836 0.4477612
0.8531469 0.916084 0.8671329 0.8391608 0.944056 0.7832168 0.7272727 0.6363636 0.5944056 0.3986014 0.4055944
0.4666667 0.4 0.3259259 0.3555556 0.1111111 0.1111111 0.1037037 0.05925926 0.07407407 0.04444444 0.05185185
0.7205882 0.7720588 0.867647 0.8970588 0.9338235 0.9632353 0.9705882 0.9485294 0.9411765 0.9779412 0.9411765
0.3059701 0.2761194 0.2537313 0.5 0.3955224 0.3955224 0.3283582 0.5 0.3134328 0.3880597 0.3582090
0.08333333 0.07575758 0.06818182 0.0530303 0.04545455 0.03030303 0.03787879 0.03787879 0.04545455 0.0530303 0.06818182
0.4044118 0.3970588 0.5073529 0.3823529 0.5220588 0.3308824 0.7205882 0.742647 0.7279412 0.7352941 0.8014706
0.6343284 0.619403 0.6268657 0.5746269 0.3955224 0.380597 0.2238806 0.4552239 0.2089552 0.2761194 0.2611940
0.8417266 0.9568345 0.8417266 0.9280576 0.76259 0.7985612 0.705036 0.6115108 0.4172662 0.352518 0.381295
0.5658915 0.4728682 0.4186047 0.3410853 0.2558140 0.2170543 0.2325581 0.1550388 0.1860465 0.1472868 0.1550388
0.2575758 0.2272727 0.25 0.3106061 0.3106061 0.4090909 0.530303 0.6060606 0.5151515 0.5075758 0.5075758
0.6470588 0.7720588 0.6617647 0.6838235 0.7941176 0.6470588 0.6397059 0.6911765 0.7279412 0.7867647 0.8308824
0.6940299 0.761194 0.6567164 0.7089552 0.6940299 0.5970149 0.4701493 0.3507463 0.3955224 0.3507463 0.3358209
0.1550388 0.2093023 0.2093023 0.2403101 0.2790698 0.248062 0.3255814 0.3798450 0.3100775 0.4573643 0.4108527
0.9328358 0.8731343 0.8955224 0.8880597 0.858209 0.6940299 0.5895522 0.5671642 0.2611940 0.2313433 0.1791045
0.8604651 0.8914729 0.868217 0.8372093 0.8992248 0.9147287 0.7286822 0.7829457 0.8294574 0.7829457 0.7906977
0.8914729 0.9147287 0.9224806 0.8372093 0.8217054 0.7674419 0.6821705 0.6666667 0.5658915 0.4728682 0.5348837
0.5384615 0.4545455 0.5664336 0.4615385 0.3426573 0.4405594 0.3426573 0.3146853 0.3356643 0.3496503 0.2517483
0.2357143 0.2142857 0.2785714 0.4928571 0.5285714 0.5857143 0.7 0.6857143 0.6428571 0.6428571 0.6928571
0.08527132 0.09302326 0.124031 0.1162791 0.09302326 0.1550388 0.124031 0.1550388 0.1937984 0.2015504 0.248062
0.8604651 0.8139535 0.751938 0.8294574 0.8062016 0.7751938 0.7286822 0.751938 0.8294574 0.7829457 0.8914729
0.8897059 0.8602941 0.8602941 0.867647 0.8382353 0.6985294 0.8308824 0.7941176 0.5661765 0.5514706 0.5294118
0.757353 0.7279412 0.75 0.625 0.7352941 0.8455882 0.6470588 0.617647 0.4117647 0.3088235 0.2720588
0.8642857 0.9142857 0.8428571 0.8 0.6357143 0.5857143 0.4357143 0.2714286 0.2714286 0.2428571 0.2714286
0.4676259 0.4316547 0.4028777 0.4604317 0.3381295 0.3741007 0.4676259 0.5251799 0.5611511 0.5971223 0.6258993
0.08955224 0.1492537 0.1492537 0.1194030 0.1194030 0.1567164 0.1194030 0.1417910 0.1268657 0.1268657 0.1194030
0.7205882 0.7941176 0.6985294 0.5955882 0.7279412 0.5882353 0.5073529 0.4117647 0.2794118 0.2058824 0.1838235
0.8863636 0.8484848 0.75 0.8333333 0.7575758 0.75 0.5757576 0.6818182 0.4166667 0.4545455 0.4469697
0.0962963 0.05925926 0.06666667 0.04444444 0.03703704 0.04444444 0.07407407 0.06666667 0.1407407 0.2148148 0.2074074
0.4850746 0.4328358 0.4701493 0.4253731 0.4925373 0.380597 0.4328358 0.4701493 0.3134328 0.4626866 0.4029851
0.7313433 0.8432836 0.7910448 0.7313433 0.6567164 0.8134328 0.6865672 0.6268657 0.7014925 0.7910448 0.6044776
0.4632353 0.5073529 0.5955882 0.7058824 0.5882353 0.7205882 0.8088235 0.742647 0.7941176 0.8455882 0.8235294
0.3037037 0.2518519 0.2296296 0.2074074 0.1777778 0.1925926 0.1481481 0.1259259 0.2 0.1703704 0.1777778
0.5407407 0.5925926 0.5481481 0.637037 0.7703704 0.6962963 0.6740741 0.5259259 0.3555556 0.3111111 0.3111111
0.9090909 0.8636364 0.8636364 0.9621212 0.9015152 0.969697 0.9166667 0.9621212 0.9318182 0.9242424 0.8636364
0.437037 0.5037037 0.7185185 0.6962963 0.3777778 0.2666667 0.1777778 0.1555556 0.1111111 0.1037037 0.0962963
0.8914729 0.868217 0.9302326 0.875969 0.9844961 0.9147287 0.9379845 0.9612403 0.8372093 0.868217 0.8914729
0.0962963 0.07407407 0.08888889 0.2148148 0.1111111 0.2 0.4888889 0.2962963 0.3407407 0.4962963 0.3703704
0.8014706 0.8161765 0.8602941 0.8455882 0.9191176 0.882353 0.867647 0.9044118 0.9411765 0.8529412 0.9411765
0.5971223 0.5323741 0.5971223 0.5467626 0.4820144 0.5251799 0.4100719 0.4532374 0.2805755 0.2446043 0.2302158
0 0 0 0.01481481 0 0.02222222 0.07407407 0.1259259 0.2148148 0.3037037 0.3111111
0.02857143 0.02857143 0.05714286 0.03571429 0.04285714 0.05 0.06428571 0.02142857 0.02857143 0.02857143 0.04285714
0.7835821 0.8955224 0.8432836 0.7537313 0.8283582 0.7761194 0.5373134 0.6268657 0.5074627 0.4477612 0.4477612
0.5323741 0.5611511 0.4820144 0.4172662 0.4604317 0.4316547 0.3669065 0.3381295 0.4820144 0.5395683 0.5395683
0.3629630 0.3555556 0.3925926 0.4740741 0.5555556 0.6444444 0.7111111 0.7925926 0.7851852 0.8592593 0.9407407
0.3333333 0.2740741 0.2518519 0.437037 0.3481481 0.3555556 0.4888889 0.437037 0.5333333 0.5481481 0.5851852
0.9714286 0.9785714 0.9857143 0.9785714 0.9928571 0.9928571 0.8857143 0.9142857 0.7785714 0.7 0.7214286
0.1567164 0.1567164 0.1492537 0.1641791 0.1940299 0.1567164 0.1567164 0.1492537 0.1343284 0.1791045 0.1268657
0.7841727 0.733813 0.8417266 0.8129496 0.8489209 0.76259 0.884892 0.9280576 0.8920863 0.9208633 0.913669
0.3021583 0.4388489 0.3741007 0.294964 0.3165468 0.4316547 0.2589928 0.3597122 0.3741007 0.4460432 0.3956835
0.3409091 0.2803030 0.25 0.3712121 0.3257576 0.5227273 0.5757576 0.6060606 0.5151515 0.7348485 0.7348485
0.9485294 0.8455882 0.8897059 0.8970588 0.8455882 0.867647 0.8602941 0.8088235 0.8970588 0.7794118 0.757353
0.4044118 0.4705882 0.4191176 0.2941176 0.2279412 0.1911765 0.1838235 0.1985294 0.1691176 0.1985294 0.2720588
0.5955882 0.5661765 0.5808824 0.75 0.6470588 0.6470588 0.7205882 0.7720588 0.8382353 0.7352941 0.757353
0.5874126 0.4335664 0.2657343 0.4615385 0.4405594 0.6363636 0.5944056 0.6573427 0.4475524 0.4055944 0.3496503
0.6148148 0.6222222 0.4962963 0.562963 0.637037 0.5111111 0.5851852 0.6592593 0.5555556 0.5703704 0.5851852
0.3111111 0.2518519 0.4888889 0.3851852 0.2814815 0.4444444 0.4074074 0.2444444 0.2962963 0.2888889 0.3407407
0.5147059 0.5661765 0.4485294 0.5073529 0.4632353 0.3970588 0.3088235 0.3382353 0.1764706 0.2647059 0.1544118
0.6618705 0.76259 0.676259 0.6618705 0.6618705 0.7410072 0.8057554 0.7410072 0.618705 0.5683453 0.5611511
0.1678322 0.1538462 0.1118881 0.1328671 0.1188811 0.08391608 0.0979021 0.0979021 0.06993007 0.06293706 0.06293706
0.6838235 0.75 0.8161765 0.75 0.8382353 0.757353 0.8897059 0.8014706 0.7720588 0.7132353 0.8602941
0.3897059 0.4264706 0.2426471 0.2794118 0.2058824 0.1838235 0.2352941 0.2132353 0.3235294 0.2720588 0.2720588
0.6791045 0.7686567 0.7761194 0.6716418 0.6343284 0.6567164 0.4776119 0.2985075 0.2985075 0.3507463 0.2238806
0.1538462 0.1538462 0.1258741 0.1188811 0.1258741 0.1678322 0.1538462 0.2307692 0.2587413 0.3146853 0.3006993
0.751938 0.8527132 0.9147287 0.8372093 0.8217054 0.6976744 0.8604651 0.7829457 0.8372093 0.868217 0.8914729
0.7333333 0.7777778 0.8592593 0.7185185 0.7185185 0.637037 0.7481481 0.3851852 0.2814815 0.3925926 0.437037
0.7727273 0.810606 0.6742424 0.6515152 0.6818182 0.7878788 0.530303 0.4015152 0.2651515 0.2575758 0.09848485
0.7272727 0.7062937 0.6993007 0.6223776 0.6573427 0.6923077 0.5944056 0.7062937 0.6923077 0.6503497 0.6783217
0.6592593 0.5185185 0.5925926 0.5777778 0.6 0.5407407 0.4074074 0.3777778 0.4074074 0.4814815 0.5111111
0.2803030 0.2803030 0.3560606 0.2878788 0.3636364 0.469697 0.3106061 0.2878788 0.3787879 0.469697 0.4848485
0.1742424 0.1136364 0.1590909 0.1363636 0.1818182 0.1212121 0.2272727 0.2878788 0.3333333 0.5984848 0.6287879
0.9714286 0.95 0.9428571 0.9357143 0.95 0.7642857 0.75 0.6785714 0.6428571 0.7142857 0.5928571
0.2962963 0.2296296 0.2296296 0.3111111 0.2962963 0.3111111 0.4296296 0.3185185 0.3777778 0.5111111 0.4222222
0.8372093 0.868217 0.9302326 0.8604651 0.8992248 0.744186 0.7596899 0.751938 0.8294574 0.7751938 0.7829457
0.3308824 0.3676471 0.375 0.3382353 0.4264706 0.5588235 0.3529412 0.5588235 0.375 0.3308824 0.3970588
0.2592593 0.3407407 0.4 0.6740741 0.7925926 0.9481481 0.925926 0.874074 0.7481481 0.7703704 0.7037037
0.1969697 0.2196970 0.2121212 0.2727273 0.2651515 0.3106061 0.4621212 0.5 0.5151515 0.5606061 0.6136364
0.1937984 0.2558140 0.2170543 0.2868217 0.2558140 0.2093023 0.1472868 0.1550388 0.1395349 0.1472868 0.1162791
0.02962963 0.01481481 0.01481481 0.007407407 0 0.007407407 0.007407407 0.007407407 0.02222222 0.01481481 0.01481481
0.9924242 0.969697 0.9469697 1 0.9848485 0.9924242 0.9924242 0.9772727 0.9848485 0.9772727 0.8409091
0.437037 0.3259259 0.3925926 0.3555556 0.2888889 0.3111111 0.4074074 0.3481481 0.5481481 0.4 0.4296296
0.1641791 0.1716418 0.1641791 0.1716418 0.2388060 0.3208955 0.4626866 0.5 0.6716418 0.7985075 0.761194
0.7794118 0.75 0.8897059 0.7720588 0.5441176 0.6838235 0.5955882 0.4117647 0.2794118 0.2647059 0.2132353
0.4626866 0.5149254 0.4029851 0.5373134 0.3731343 0.3208955 0.2388060 0.2014925 0.1567164 0.1641791 0.1865672
0.1111111 0.07407407 0.08888889 0.03703704 0 0.007407407 0.01481481 0.007407407 0 0 0
0.9402985 0.9626866 0.9477612 0.8731343 0.902985 0.9477612 0.9477612 0.9328358 0.9701493 0.9626866 0.902985
0.2313433 0.3358209 0.1940299 0.2089552 0.3358209 0.380597 0.380597 0.4328358 0.5074627 0.6641791 0.6865672
0.5581395 0.5348837 0.9224806 0.8294574 0.8062016 0.9612403 0.9302326 0.751938 0.9534884 0.868217 0.8914729
0.9632353 0.9632353 0.9338235 0.9044118 0.9411765 0.875 0.8088235 0.5588235 0.4779412 0.3970588 0.2720588
0.4264706 0.4264706 0.4558824 0.4117647 0.3602941 0.2132353 0.2794118 0.1691176 0.1985294 0.2058824 0.2794118
0.6222222 0.5851852 0.7407407 0.6814815 0.6296296 0.7777778 0.762963 0.637037 0.5851852 0.6962963 0.6074074
0.3333333 0.3555556 0.4296296 0.562963 0.5555556 0.4444444 0.5407407 0.4962963 0.4 0.3777778 0.4296296
0.4074074 0.4074074 0.3259259 0.3703704 0.5407407 0.5037037 0.6296296 0.7111111 0.8296296 0.8592593 0.9407407
0.2713178 0.1472868 0.1472868 0.1472868 0.124031 0.1317829 0.1782946 0.1627907 0.1860465 0.2093023 0.1860465
0.05223881 0.08955224 0.07462687 0.08955224 0.08955224 0.1194030 0.1194030 0.1492537 0.1268657 0.1865672 0.2089552
0.04444444 0.02222222 0.01481481 0.08888889 0.1333333 0.1259259 0.04444444 0.1555556 0.1333333 0.1407407 0.1333333
0.719697 0.810606 0.8863636 0.8939394 0.7121212 0.6439394 0.5833333 0.5 0.3333333 0.3030303 0.1893939
0.5333333 0.4814815 0.5851852 0.4740741 0.5703704 0.5185185 0.7259259 0.6592593 0.5555556 0.5555556 0.5333333
0.6592593 0.6740741 0.7111111 0.7185185 0.6592593 0.7555556 0.8 0.7259259 0.874074 0.6444444 0.8296296
0.1323529 0.1544118 0.1544118 0.2205882 0.2132353 0.25 0.4264706 0.5 0.4705882 0.6470588 0.5588235
0.9280576 0.9496403 0.884892 0.8776978 0.6258993 0.5683453 0.4604317 0.352518 0.2589928 0.2158273 0.1726619
0.7697842 0.7913669 0.8129496 0.6618705 0.7410072 0.8561151 0.8489209 0.8920863 0.7553957 0.6834532 0.7194245
0.7333333 0.8296296 0.8592593 0.9111111 0.7851852 0.9407407 0.8518519 0.874074 0.962963 0.9555556 0.8296296
0.2164179 0.380597 0.2985075 0.4253731 0.4626866 0.3955224 0.5373134 0.6791045 0.7537313 0.8656716 0.738806
0.07751938 0.1472868 0.124031 0.1627907 0.2403101 0.2170543 0.3410853 0.3565891 0.4341085 0.4108527 0.4573643
