0.4112903 0.516129 0.5241935 0.4758065 0.5483871 0.5887097 0.5564516 0.7016129 0.6048387 0.75 0.7016129
0.8467153 0.970803 0.839416 0.8759124 0.970803 0.9562044 0.839416 0.9854015 0.839416 0.8686131 0.7080292
0.8357143 0.9428571 0.8785714 0.8642857 0.8857143 0.75 0.7857143 0.75 0.4142857 0.35 0.3214286
0.8145161 0.8064516 0.5725806 0.7741935 0.6693548 0.8387097 0.7258065 0.782258 0.717742 0.733871 0.8951613
0.4626866 0.4029851 0.4029851 0.3432836 0.3283582 0.4477612 0.3656716 0.3208955 0.380597 0.5223881 0.4776119
0.08955224 0.1641791 0.08955224 0.1119403 0.1417910 0.1940299 0.2089552 0.2686567 0.3283582 0.3432836 0.3656716
0.5774648 0.5352113 0.5633803 0.584507 0.5422535 0.5774648 0.5422535 0.6267606 0.7816901 0.5915493 0.612676
0.05839416 0.05839416 0.04379562 0.04379562 0.03649635 0.05839416 0.08029197 0.1240876 0.1897810 0.2262774 0.3503650
0.1954887 0.2180451 0.3533835 0.3909774 0.3308271 0.3984962 0.4736842 0.5488722 0.518797 0.6240602 0.7443609
0.1478873 0.1056338 0.1830986 0.1408451 0.1901408 0.2676056 0.2042254 0.1408451 0.1126761 0.2042254 0.1267606
0.8145161 0.8064516 0.7419355 0.6854839 0.766129 0.7016129 0.6854839 0.782258 0.7580645 0.6935484 0.8225806
0.6541353 0.6691729 0.4736842 0.5112782 0.593985 0.6165414 0.7368421 0.81203 0.8947368 0.9398496 0.962406
0.3142857 0.3 0.2571429 0.2928571 0.1857143 0.2071429 0.4357143 0.25 0.4142857 0.4357143 0.3642857
0.3759398 0.2631579 0.4135338 0.2781955 0.406015 0.3609023 0.3533835 0.4736842 0.3609023 0.3909774 0.5037594
0.6099291 0.8510638 0.8723404 0.9148936 0.9078014 0.9078014 0.8723404 0.8865248 0.8794326 0.9503546 0.9574468
0.3731343 0.3731343 0.3507463 0.3432836 0.3656716 0.380597 0.6343284 0.6492537 0.6343284 0.7985075 0.7835821
0.1560284 0.1489362 0.2127660 0.1347518 0.2198582 0.2340426 0.3049645 0.2907801 0.2411348 0.3120567 0.3546099
0.1167883 0.1386861 0.1094891 0.09489051 0.05109489 0.0729927 0.08759124 0.1094891 0.1386861 0.2043796 0.2189781
0.5744681 0.5886525 0.7375887 0.9148936 0.9078014 0.8439716 0.9078014 0.8865248 0.8297872 0.8652482 0.8085106
0.5693431 0.6569343 0.4525547 0.4744526 0.4817518 0.4379562 0.5109489 0.4306569 0.3430657 0.3868613 0.3138686
0.9361702 0.8652482 0.9078014 0.9432624 0.9361702 0.929078 0.9503546 0.9148936 0.964539 0.7730496 0.8510638
0.2761194 0.3283582 0.3507463 0.3432836 0.3432836 0.3880597 0.4029851 0.6492537 0.4925373 0.7014925 0.4925373
0.2116788 0.1167883 0.2189781 0.09489051 0.1532847 0.08029197 0.1678832 0.1897810 0.1897810 0.3430657 0.3576642
0.518797 0.631579 0.8421053 0.8195489 0.7218045 0.7443609 0.7067669 0.8270677 0.8947368 0.9398496 0.962406
0.1954887 0.2255639 0.3233083 0.3984962 0.2556391 0.5263158 0.5413534 0.4661654 0.518797 0.5789474 0.6541353
0.2857143 0.3007519 0.3308271 0.2781955 0.3233083 0.2180451 0.2556391 0.1578947 0.2180451 0.2406015 0.2180451
0 0 0 0 0.01612903 0.01612903 0.01612903 0.0483871 0.06451613 0.1451613 0.1693548
0.4210526 0.3308271 0.4736842 0.4360902 0.3609023 0.5789474 0.4511278 0.556391 0.443609 0.593985 0.6842105
0.5645161 0.3951613 0.5241935 0.5806452 0.6612903 0.717742 0.766129 0.7258065 0.8548387 0.8306452 0.8225806
0.4029851 0.3358209 0.3507463 0.2985075 0.2089552 0.1343284 0.08955224 0.07462687 0.06716418 0.05223881 0.04477612
0.2957746 0.3732394 0.4225352 0.3873239 0.3943662 0.4154930 0.5492958 0.5915493 0.5422535 0.612676 0.5774648
0.2030075 0.2255639 0.2932331 0.3458647 0.3609023 0.2556391 0.3684211 0.4887218 0.5263158 0.6240602 0.7293233
0.7096774 0.8629032 0.8145161 0.8709677 0.782258 0.8629032 0.7016129 0.6612903 0.5967742 0.4919355 0.3790323
0.518797 0.5488722 0.3308271 0.5639098 0.4511278 0.3458647 0.5037594 0.518797 0.631579 0.5639098 0.4887218
0.2822581 0.2661290 0.2903226 0.2661290 0.2338710 0.1854839 0.3548387 0.2822581 0.1774194 0.2177419 0.2096774
0.8978102 0.9124088 0.8759124 0.8832117 0.9416058 0.9416058 0.970803 0.8467153 0.890511 0.9489051 0.8613139
0.1094891 0.1240876 0.2189781 0.1459854 0.1240876 0.2043796 0.2773723 0.3138686 0.7445255 0.7591241 0.7372263
0.1654135 0.09022556 0.1353383 0.1578947 0.2406015 0.4511278 0.4887218 0.4736842 0.5263158 0.6992481 0.7218045
0.02189781 0.01459854 0.02189781 0.02919708 0.00729927 0.05839416 0.05839416 0.1167883 0.1021898 0.1167883 0.1021898
0.1048387 0.04032258 0.06451613 0.1129032 0.1290323 0.08064516 0.1048387 0.2016129 0.1532258 0.25 0.3467742
0.2537313 0.2686567 0.2835821 0.2611940 0.1417910 0.1492537 0.1716418 0.2611940 0.3358209 0.3880597 0.4104478
0.5744681 0.6241135 0.6241135 0.5744681 0.5035461 0.2624113 0.1985816 0.1560284 0.07801418 0.1134752 0.08510638
0.5182482 0.5547445 0.5474453 0.3138686 0.1605839 0.3284672 0.2554745 0.2554745 0.2627737 0.2919708 0.2335766
0.9051095 0.8540146 0.7810219 0.7810219 0.839416 0.839416 0.890511 0.810219 0.8978102 0.7883212 0.8321168
0.7928571 0.7928571 0.8714286 0.8428571 0.8357143 0.8857143 0.9 0.8857143 0.9357143 0.8642857 0.9214286
0.7910448 0.7910448 0.8134328 0.7686567 0.7835821 0.9179104 0.8208955 0.8059701 0.7761194 0.7985075 0.7835821
0.6791045 0.6343284 0.5373134 0.619403 0.7089552 0.7238806 0.7761194 0.880597 0.9253731 0.8731343 0.9552239
0.85 0.95 0.9 0.9357143 0.9571429 0.9285714 0.9 0.9 0.9214286 0.8428571 0.7642857
0.6290323 0.6209677 0.5806452 0.5806452 0.4112903 0.4919355 0.5564516 0.5564516 0.7580645 0.5564516 0.6048387
0.8955224 0.9253731 0.9850746 0.9179104 0.9626866 0.7238806 0.8358209 0.880597 0.7238806 0.7014925 0.5671642
0.7089552 0.6865672 0.6716418 0.5373134 0.6492537 0.6268657 0.4029851 0.4104478 0.2238806 0.2164179 0.1194030
0.2957746 0.2394366 0.0915493 0.1408451 0.09859155 0.05633803 0.08450704 0.05633803 0.1478873 0.1549296 0.2183099
0.7894737 0.6691729 0.6917293 0.7669173 0.6842105 0.593985 0.6090226 0.631579 0.5413534 0.4661654 0.4887218
0.8145161 0.9032258 0.75 0.7096774 0.7258065 0.733871 0.6129032 0.4032258 0.5725806 0.4274194 0.4677419
0.7753623 0.7028986 0.6811594 0.6956522 0.7463768 0.6521739 0.5942029 0.6014493 0.6231884 0.7536232 0.768116
0.07746479 0.02112676 0.01408451 0.04225352 0.03521127 0.01408451 0.01408451 0.01408451 0.007042254 0.01408451 0.02816901
0.4677419 0.3709677 0.4193548 0.4435484 0.3629032 0.4435484 0.4274194 0.4032258 0.3709677 0.3225806 0.2177419
0.3233083 0.2330827 0.3233083 0.2556391 0.2932331 0.3533835 0.3458647 0.5112782 0.4511278 0.5789474 0.6240602
0.6541353 0.6015038 0.81203 0.7443609 0.849624 0.6992481 0.7969925 0.8045113 0.7142857 0.6541353 0.7443609
0.7835821 0.880597 0.7089552 0.7686567 0.7089552 0.6865672 0.6567164 0.7238806 0.4477612 0.3507463 0.4104478
0.3548387 0.3467742 0.4193548 0.3870968 0.3951613 0.2983871 0.483871 0.483871 0.5080645 0.483871 0.5483871
0.5109489 0.4744526 0.5182482 0.5328467 0.3941606 0.3211679 0.4087591 0.2554745 0.3576642 0.5255474 0.4160584
0.7391304 0.731884 0.789855 0.8550725 0.8913043 0.8768116 0.7463768 0.8550725 0.9057971 0.9275362 0.8623188
0.967742 0.967742 0.9516129 0.9516129 0.967742 0.9032258 0.782258 0.766129 0.5967742 0.4193548 0.4919355
0.4609929 0.5673759 0.5531915 0.5957447 0.6595745 0.6737589 0.787234 0.8652482 0.8297872 0.893617 0.893617
0.09022556 0.09774436 0.08270677 0.1052632 0.07518797 0.08270677 0.06766917 0.07518797 0.06766917 0.05263158 0.03007519
0.8115942 0.8478261 0.8913043 0.8913043 0.9130435 0.884058 0.9057971 0.9782609 0.9710145 0.9637681 0.9130435
0.3071429 0.3785714 0.3571429 0.4071429 0.4142857 0.3214286 0.5142857 0.5642857 0.4357143 0.6928571 0.7428571
0.4135338 0.481203 0.3684211 0.406015 0.406015 0.4511278 0.593985 0.5413534 0.6842105 0.4962406 0.5488722
0.5263158 0.5338346 0.6015038 0.5714286 0.4285714 0.3383459 0.3759398 0.3533835 0.2406015 0.1729323 0.2406015
0.8175182 0.890511 0.8175182 0.9270073 0.890511 0.9489051 0.9635036 0.970803 0.9343066 0.8321168 0.7080292
0.9130435 0.9202899 0.7536232 0.8768116 0.9130435 0.9057971 0.8913043 0.9057971 0.9057971 0.8768116 0.8913043
0.8345865 0.7819549 0.7819549 0.8646617 0.887218 0.9699248 0.9849624 0.9548872 0.962406 0.9323308 0.9323308
0.8629032 0.782258 0.7258065 0.6854839 0.5241935 0.6129032 0.6532258 0.5806452 0.516129 0.4274194 0.516129
0.05072464 0.02898551 0.01449275 0 0 0 0 0 0 0 0
0.06766917 0.07518797 0.09774436 0.1127820 0.08270677 0.1052632 0.2556391 0.3157895 0.406015 0.5413534 0.7067669
0.7238806 0.6268657 0.8134328 0.5820896 0.6791045 0.7238806 0.4850746 0.4402985 0.2238806 0.2388060 0.1940299
0.1693548 0.1451613 0.1774194 0.2338710 0.2096774 0.4193548 0.3387097 0.4435484 0.4435484 0.4354839 0.4677419
0.9477612 0.9328358 0.9402985 0.9179104 0.977612 0.9477612 0.9328358 0.8283582 0.7462687 0.5074627 0.6343284
0.3546099 0.4184397 0.2340426 0.3262411 0.1985816 0.2907801 0.3404255 0.2624113 0.4042553 0.3049645 0.3829787
0.9270073 0.919708 0.9927007 0.9781022 0.9927007 0.8832117 0.839416 0.7518248 0.5255474 0.4379562 0.3065693
0.270073 0.2627737 0.2262774 0.1386861 0.09489051 0.06569343 0.04379562 0.05839416 0.0729927 0.1459854 0.1459854
0.9398496 0.9849624 0.9473684 0.9097744 0.9849624 0.8045113 0.7067669 0.4736842 0.3609023 0.2857143 0.2706767
0.03623188 0.02898551 0.01449275 0.03623188 0.03623188 0.04347826 0.03623188 0.03623188 0.06521739 0.0942029 0.1086957
0.6048387 0.4758065 0.5241935 0.6612903 0.5564516 0.6129032 0.7258065 0.7983871 0.8064516 0.8870968 0.8951613
0.6928571 0.8142857 0.7214286 0.7142857 0.8071429 0.6928571 0.6642857 0.5642857 0.5428571 0.4857143 0.3928571
0 0 0 0 0 0.01503759 0.06015038 0.02255639 0.06766917 0.06766917 0.1203008
0.2262774 0.1970803 0.2627737 0.1897810 0.2554745 0.2408759 0.2773723 0.2116788 0.3430657 0.4744526 0.5912409
0.9774436 0.9398496 0.9473684 0.9172932 0.8947368 0.8195489 0.887218 0.7067669 0.6691729 0.7894737 0.7443609
0.4285714 0.3157895 0.443609 0.5714286 0.481203 0.631579 0.7142857 0.6917293 0.7669173 0.8571429 0.8270677
0.35 0.3357143 0.2571429 0.2928571 0.2785714 0.1785714 0.1571429 0.1357143 0.08571429 0.06428571 0.1357143
0.9927007 1 0.9854015 0.9927007 1 0.9927007 1 0.9781022 0.9781022 0.970803 0.890511
0.9699248 0.9699248 0.8571429 0.8796992 0.8421053 0.8270677 0.8796992 0.9172932 0.7744361 0.6015038 0.6165414
0.3043478 0.3333333 0.3043478 0.1159420 0.0942029 0.07971014 0.05797101 0.07971014 0.03623188 0.05072464 0.07971014
0.5789474 0.5639098 0.5639098 0.5488722 0.6691729 0.7368421 0.6090226 0.631579 0.7443609 0.7819549 0.7518797
0.4435484 0.4274194 0.5241935 0.5806452 0.6612903 0.733871 0.6129032 0.6612903 0.6451613 0.4274194 0.5322581
0.6934307 0.7737226 0.7810219 0.5547445 0.5985401 0.1751825 0.1532847 0.1386861 0.1094891 0.06569343 0.03649635
0.5488722 0.4135338 0.443609 0.5639098 0.6390977 0.6616541 0.8571429 0.849624 0.8045113 0.849624 0.962406
0.5547445 0.810219 0.6350365 0.7153285 0.7664234 0.5985401 0.3722628 0.459854 0.5912409 0.6131387 0.4817518
0.2408759 0.1970803 0.2043796 0.1240876 0.1605839 0.1970803 0.1824818 0.1240876 0.09489051 0.1167883 0.08029197
0.04511278 0.05263158 0.06015038 0.08270677 0.1353383 0.1353383 0.2481203 0.3458647 0.2406015 0.3082707 0.3233083
0.8723404 0.8297872 0.8652482 0.858156 0.6099291 0.5886525 0.5106383 0.4042553 0.3475177 0.2553191 0.3829787
0.9084507 0.8521127 0.8521127 0.8028169 0.7183099 0.4929577 0.3450704 0.1549296 0.1197183 0.1126761 0.07042254
0.3262411 0.4042553 0.4042553 0.4184397 0.4680851 0.5248227 0.5673759 0.7092199 0.751773 0.8652482 0.893617
0.45 0.6 0.5 0.6928571 0.6214286 0.75 0.7428571 0.8285714 0.7857143 0.8142857 0.7214286
0.0729927 0.01459854 0.02919708 0.03649635 0.05109489 0.0729927 0.05839416 0.1094891 0.05839416 0.06569343 0.05839416
0.8357143 0.8642857 0.8142857 0.8571429 0.8714286 0.8071429 0.8857143 0.75 0.7857143 0.8142857 0.5214286
0.9416058 0.9854015 0.9343066 0.9562044 0.839416 0.919708 0.970803 0.7591241 0.6861314 0.5109489 0.4379562
0.8790323 0.9032258 0.9193548 0.8790323 0.8548387 0.8387097 0.8387097 0.75 0.6048387 0.6290323 0.5967742
0.3684211 0.3684211 0.3233083 0.4360902 0.4285714 0.4586466 0.3834586 0.4511278 0.3759398 0.2706767 0.3458647
0.4032258 0.483871 0.5806452 0.6612903 0.6693548 0.8870968 0.9193548 0.8467742 0.8870968 0.9596774 0.9354839
0.4397163 0.5177305 0.5744681 0.7234043 0.7234043 0.751773 0.8723404 0.8865248 0.964539 0.893617 0.893617
0.270073 0.1970803 0.4087591 0.3138686 0.3868613 0.5182482 0.3138686 0.4525547 0.5912409 0.5036496 0.5693431
0.5789474 0.7293233 0.6390977 0.6090226 0.556391 0.6015038 0.4360902 0.5037594 0.4736842 0.3082707 0.2406015
0.1693548 0.08870968 0.2419355 0.3548387 0.2661290 0.5 0.75 0.6209677 0.6612903 0.75 0.6612903
0.4661654 0.481203 0.4887218 0.406015 0.4962406 0.3233083 0.3157895 0.3082707 0.2781955 0.2406015 0.2556391
0.3007519 0.3533835 0.3383459 0.3007519 0.3759398 0.3834586 0.3458647 0.3984962 0.443609 0.406015 0.4887218
0.7753623 0.6376812 0.7536232 0.5942029 0.6811594 0.6304348 0.3188406 0.5217391 0.3695652 0.2536232 0.3260870
0.6774194 0.766129 0.6935484 0.4516129 0.5241935 0.3225806 0.3225806 0.2983871 0.1532258 0.1129032 0.07258065
0.919708 0.9854015 0.9343066 0.810219 0.9343066 0.9635036 0.9562044 0.7737226 0.7372263 0.7737226 0.7664234
0.5774648 0.5422535 0.6830986 0.5 0.4859155 0.4295775 0.4859155 0.5422535 0.3380282 0.3450704 0.3873239
0.270073 0.3649635 0.2773723 0.3430657 0.3357664 0.4379562 0.4744526 0.5620438 0.5912409 0.649635 0.7664234
0.1209677 0.1048387 0.08064516 0.05645161 0.06451613 0.05645161 0.0483871 0.05645161 0.07258065 0.1209677 0.2016129
0.0483871 0.01612903 0.04032258 0.1370968 0.2096774 0.3225806 0.2983871 0.3951613 0.5564516 0.6129032 0.6370968
0.4295775 0.3732394 0.4788732 0.5352113 0.3309859 0.2816901 0.1056338 0.07042254 0.08450704 0.07042254 0.03521127
0.5714286 0.5642857 0.6571429 0.55 0.3428571 0.3785714 0.3 0.3285714 0.3142857 0.2142857 0.2928571
0.3507463 0.3358209 0.3134328 0.3208955 0.3432836 0.380597 0.4029851 0.4328358 0.5223881 0.6119403 0.6791045
0.4112903 0.3629032 0.4193548 0.4758065 0.3951613 0.5080645 0.5564516 0.5967742 0.6048387 0.5725806 0.4919355
0.7391304 0.7536232 0.731884 0.8043478 0.768116 0.7173913 0.768116 0.7101449 0.7246377 0.8405797 0.768116
0.7368421 0.8345865 0.7593985 0.7518797 0.7443609 0.7293233 0.7819549 0.7593985 0.7142857 0.8796992 0.8270677
0.08759124 0.08029197 0.2116788 0.1021898 0.1751825 0.1532847 0.1605839 0.1459854 0.1970803 0.2408759 0.3576642
0.5140845 0.4859155 0.7042254 0.7042254 0.7183099 0.6760563 0.7183099 0.7394366 0.6056338 0.6690141 0.6197183
0.5797101 0.5942029 0.4275362 0.5217391 0.5724638 0.3768116 0.2173913 0.2463768 0.2028986 0.2608696 0.2391304
0.7368421 0.924812 0.7142857 0.7368421 0.7969925 0.6992481 0.849624 0.7067669 0.8270677 0.849624 0.6541353
0.6428571 0.6642857 0.5642857 0.5214286 0.4357143 0.3571429 0.3 0.2071429 0.1357143 0.08571429 0.07142857
0.5547445 0.6277372 0.5839416 0.5839416 0.4671533 0.5620438 0.4306569 0.4890511 0.5474453 0.5620438 0.4306569
0.6532258 0.6290323 0.7419355 0.6290323 0.75 0.8306452 0.766129 0.8709677 0.9112903 0.8870968 0.8225806
0.2481752 0.2627737 0.2043796 0.5109489 0.5109489 0.7226277 0.7737226 0.4744526 0.459854 0.5474453 0.3284672
0.7826087 0.8478261 0.942029 0.8913043 0.942029 0.9347826 0.826087 0.789855 0.9057971 0.5724638 0.4492754
0.2932331 0.2481203 0.3533835 0.2706767 0.3834586 0.3233083 0.4586466 0.3909774 0.5714286 0.5413534 0.4586466
0.1791045 0.1119403 0.1940299 0.1343284 0.08955224 0.1268657 0.1119403 0.08208955 0.1567164 0.1194030 0.1119403
0.4626866 0.3507463 0.5447761 0.4253731 0.5298507 0.7014925 0.6567164 0.5820896 0.7761194 0.6119403 0.7835821
0.6940299 0.6641791 0.7462687 0.7089552 0.9104478 0.8358209 0.8208955 0.8432836 0.8283582 0.9179104 0.9477612
0.1240876 0.1167883 0.1532847 0.1167883 0.1167883 0.2043796 0.1459854 0.2335766 0.2554745 0.1970803 0.2335766
0.3609023 0.2105263 0.1654135 0.2330827 0.3609023 0.3533835 0.3909774 0.5864662 0.6691729 0.593985 0.7293233
0.4710145 0.557971 0.5869565 0.4347826 0.615942 0.8768116 0.731884 0.7173913 0.9710145 0.8405797 0.8913043
0.2661290 0.2338710 0.2580645 0.4516129 0.5241935 0.5 0.5241935 0.5483871 0.5080645 0.4354839 0.3629032
0.5488722 0.5639098 0.5338346 0.631579 0.6165414 0.6240602 0.8195489 0.8345865 0.7443609 0.849624 0.8270677
0.1048387 0.04032258 0.0967742 0.2016129 0.2338710 0.3225806 0.3225806 0.4274194 0.4193548 0.483871 0.6370968
0.6086957 0.7971014 0.789855 0.8913043 0.768116 0.5217391 0.6956522 0.4202899 0.3768116 0.3695652 0.384058
0.5714286 0.6917293 0.6616541 0.631579 0.481203 0.593985 0.8646617 0.5864662 0.6842105 0.6766917 0.7518797
