0.7669173 0.8045113 0.7593985 0.7819549 0.6842105 0.631579 0.6541353 0.7067669 0.6917293 0.7067669 0.6992481
0.2374101 0.2517986 0.2517986 0.2589928 0.2302158 0.294964 0.3669065 0.4100719 0.4172662 0.4820144 0.4100719
0.6691176 0.6911765 0.7132353 0.7279412 0.8014706 0.7352941 0.7058824 0.6544118 0.5735294 0.5441176 0.5808824
0.7730496 0.7801418 0.7659574 0.716312 0.6382979 0.7092199 0.6453901 0.6737589 0.7092199 0.716312 0.680851
0.1798561 0.1366906 0.1438849 0.03597122 0.02158273 0.02158273 0.02877698 0.07913669 0.1007194 0.08633094 0.09352518
0.9781022 1 1 0.9489051 0.970803 0.9562044 0.9562044 0.9781022 0.9781022 1 0.9343066
0.3576642 0.3795620 0.3430657 0.2919708 0.270073 0.2846715 0.270073 0.2408759 0.2554745 0.2481752 0.270073
0.1985294 0.2279412 0.2352941 0.25 0.2352941 0.2205882 0.2352941 0.2205882 0.2279412 0.2279412 0.2941176
0.7022901 0.6793893 0.6641221 0.6793893 0.6946565 0.7175573 0.7709924 0.6412214 0.7099237 0.7709924 0.7557252
0.3282443 0.3969466 0.4045802 0.4045802 0.3816794 0.4351145 0.5038168 0.4503817 0.5572519 0.5877863 0.610687
0.6330935 0.6258993 0.6402878 0.6834532 0.705036 0.6906475 0.6402878 0.647482 0.5251799 0.5107914 0.5395683
0.02158273 0.07194245 0.1366906 0.1510791 0.1510791 0.1582734 0.1870504 0.1942446 0.1007194 0.09352518 0.08633094
0.3129771 0.3511450 0.3206107 0.3206107 0.3511450 0.3740458 0.3358779 0.4122137 0.2900763 0.4198473 0.4274809
0.8088235 0.8161765 0.8235294 0.7279412 0.6985294 0.6985294 0.7352941 0.7205882 0.8161765 0.757353 0.757353
0.4160584 0.4014599 0.4452555 0.4817518 0.540146 0.4890511 0.4890511 0.4306569 0.4160584 0.4233577 0.4087591
0.2573529 0.2279412 0.2058824 0.1397059 0.01470588 0.02941176 0.1617647 0.2058824 0.2352941 0.2132353 0.2132353
0.2230216 0.1942446 0.2158273 0.2086331 0.1726619 0.2014388 0.2302158 0.2230216 0.2230216 0.2446043 0.2158273
0.3970588 0.3382353 0.2573529 0.2573529 0.2573529 0.2573529 0.2573529 0.2647059 0.2794118 0.2279412 0.2426471
0.6978417 0.7122302 0.6546763 0.676259 0.6546763 0.5827338 0.5755396 0.5035971 0.5395683 0.5179856 0.5323741
0.5725191 0.6412214 0.6793893 0.6641221 0.870229 0.6564885 0.7480916 0.6564885 0.6946565 0.6641221 0.6793893
0.7058824 0.6764706 0.6470588 0.7132353 0.6911765 0.8529412 0.7867647 0.742647 0.7352941 0.7867647 0.742647
0.375 0.3676471 0.4117647 0.4338235 0.5220588 0.4926471 0.4338235 0.3970588 0.4117647 0.3970588 0.4411765
0.1832061 0.1832061 0.1679389 0.129771 0.129771 0.129771 0.1145038 0.1755725 0.1832061 0.1526718 0.1450382
0.8625954 0.8931298 0.9389313 0.9236641 0.9236641 0.9465649 0.9694656 0.9541985 0.961832 0.9465649 0.9160305
0.2671756 0.2900763 0.2671756 0.2519084 0.259542 0.259542 0.2366412 0.2519084 0.2290076 0.1984733 0.2213740
0.2279412 0.2205882 0.25 0.2573529 0.25 0.3161765 0.3455882 0.3676471 0.3529412 0.4632353 0.3676471
0.5611511 0.4748201 0.4748201 0.4100719 0.352518 0.4316547 0.4172662 0.3884892 0.3884892 0.3956835 0.323741
0.6029412 0.5808824 0.5882353 0.5808824 0.5735294 0.6102941 0.6764706 0.7205882 0.7205882 0.6544118 0.617647
0.03816794 0.03816794 0.05343511 0.08396947 0.05343511 0.06870229 0.08396947 0.07633588 0.06870229 0.0610687 0.05343511
0.4244604 0.589928 0.5683453 0.589928 0.589928 0.5827338 0.5323741 0.5035971 0.6258993 0.6258993 0.7985612
0.09352518 0.09352518 0.09352518 0.1294964 0.07913669 0.1007194 0.09352518 0.07913669 0.08633094 0.08633094 0.08633094
0.6029412 0.5441176 0.4926471 0.4705882 0.4411765 0.4338235 0.4779412 0.5073529 0.4926471 0.4852941 0.4191176
0.7226277 0.7518248 0.7518248 0.8029197 0.7883212 0.7737226 0.8029197 0.7518248 0.729927 0.7737226 0.7737226
0.6564885 0.6564885 0.6259542 0.7251908 0.6259542 0.5496183 0.5343511 0.5496183 0.6183206 0.5725191 0.5801527
0.375 0.3897059 0.4191176 0.4632353 0.5220588 0.5220588 0.4411765 0.4852941 0.4485294 0.3970588 0.3897059
0.2366412 0.2442748 0.1908397 0.1755725 0.1603053 0.1450382 0.1832061 0.1679389 0.2213740 0.1755725 0.1679389
0.1691176 0.1617647 0.125 0.1544118 0.1544118 0.1617647 0.1911765 0.1323529 0.1544118 0.1691176 0.1691176
0.1691176 0.1691176 0.1102941 0.08088235 0.02205882 0.01470588 0.01470588 0.02941176 0.0882353 0.07352941 0.06617647
0.8686131 0.8832117 0.8832117 0.8613139 0.8321168 0.6788321 0.7591241 0.8613139 0.8029197 0.839416 0.8175182
0.7883212 0.7591241 0.7080292 0.7080292 0.7080292 0.6423358 0.6423358 0.5985401 0.6569343 0.620438 0.6058394
0.6838235 0.7058824 0.7279412 0.6838235 0.7867647 0.8308824 0.8088235 0.7941176 0.742647 0.7794118 0.7205882
0.2661871 0.2374101 0.2733813 0.2733813 0.2446043 0.2302158 0.2158273 0.1870504 0.1726619 0.2086331 0.1870504
0.6992481 0.7142857 0.7293233 0.7293233 0.849624 0.8270677 0.8270677 0.7894737 0.7518797 0.7744361 0.7518797
0.5955882 0.5808824 0.5808824 0.6102941 0.6838235 0.6544118 0.7279412 0.6617647 0.6397059 0.5882353 0.5735294
0.4117647 0.3602941 0.3088235 0.2573529 0.2573529 0.2573529 0.2573529 0.2647059 0.2941176 0.2279412 0.2132353
0.5882353 0.5147059 0.4779412 0.4264706 0.3455882 0.2573529 0.2794118 0.3602941 0.4117647 0.4191176 0.4411765
0.7557252 0.7557252 0.740458 0.7633588 0.7633588 0.7480916 0.6412214 0.6335878 0.6564885 0.6641221 0.6335878
0.81203 0.8195489 0.7969925 0.81203 0.6992481 0.6616541 0.6541353 0.6766917 0.6917293 0.7067669 0.6616541
0.9398496 0.9172932 0.8947368 0.8270677 0.849624 0.8345865 0.9097744 0.9849624 0.9699248 0.962406 1
0.1729323 0.1729323 0.1729323 0.1278195 0.1203008 0.1503759 0.2030075 0.2255639 0.1879699 0.1804511 0.2105263
0.007633588 0.03816794 0.05343511 0.07633588 0.09160305 0.0610687 0.06870229 0.04580153 0.01526718 0.0610687 0.05343511
0.6564885 0.5954198 0.5267176 0.4122137 0.4427481 0.3740458 0.4732824 0.5801527 0.6030534 0.6564885 0.6183206
0.9208633 0.9856115 0.9352518 0.9640288 0.9568345 0.9640288 0.9280576 0.942446 0.913669 0.9568345 0.9928058
0.8978102 0.9051095 0.9124088 0.9051095 0.9051095 0.9343066 0.9124088 0.9343066 0.9124088 0.970803 0.8978102
0.8382353 0.7794118 0.7720588 0.7720588 0.8088235 0.9044118 0.8529412 0.8382353 0.875 0.8529412 0.8308824
0.9699248 0.9172932 0.8796992 0.8270677 0.8345865 0.849624 0.962406 0.9548872 0.9699248 0.9473684 0.924812
0.2198582 0.2269504 0.2482270 0.2482270 0.2624113 0.2836879 0.2624113 0.2269504 0.2482270 0.2127660 0.2056738
0.4961832 0.4580153 0.4274809 0.4274809 0.3816794 0.4274809 0.4198473 0.389313 0.4122137 0.4122137 0.3129771
0.4191176 0.4558824 0.3970588 0.4705882 0.4926471 0.5 0.3897059 0.4044118 0.3602941 0.3529412 0.3161765
0.3093525 0.352518 0.3884892 0.4172662 0.4028777 0.3669065 0.3453237 0.323741 0.3884892 0.3453237 0.3597122
0.5367647 0.4411765 0.375 0.2941176 0.3382353 0.2941176 0.3161765 0.4117647 0.375 0.2867647 0.3823529
0.4705882 0.5073529 0.5220588 0.5073529 0.5073529 0.5147059 0.5073529 0.4191176 0.4558824 0.3897059 0.4044118
0.6618705 0.6978417 0.733813 0.7769784 0.8273381 0.7482014 0.7482014 0.7482014 0.676259 0.6258993 0.6618705
0.7647059 0.7794118 0.7352941 0.7867647 0.7352941 0.7058824 0.625 0.6029412 0.6102941 0.6029412 0.617647
0.1984733 0.1832061 0.1679389 0.1832061 0.1984733 0.2061069 0.1755725 0.1679389 0.1450382 0.1755725 0.1832061
0.7867647 0.8382353 0.8382353 0.875 0.9338235 0.882353 0.7867647 0.7867647 0.8455882 0.8235294 0.8382353
0.4338235 0.3529412 0.3088235 0.2867647 0.2647059 0.25 0.2573529 0.2941176 0.3161765 0.2794118 0.2573529
0.7022901 0.740458 0.9236641 0.9236641 0.9160305 0.9007634 0.9236641 0.9389313 0.9312977 0.8931298 0.8854962
0.5114504 0.519084 0.4503817 0.4427481 0.4274809 0.4732824 0.5648855 0.480916 0.4122137 0.4122137 0.3358779
0.4558824 0.4632353 0.5 0.4852941 0.5147059 0.4779412 0.4411765 0.5220588 0.375 0.3823529 0.4044118
0.3191489 0.2765957 0.2269504 0.1702128 0.1489362 0.07092199 0.1702128 0.2198582 0.2056738 0.1985816 0.2056738
0.5419847 0.5877863 0.5572519 0.519084 0.4732824 0.4503817 0.5648855 0.6946565 0.7099237 0.6946565 0.6946565
0.9485294 0.9632353 0.9338235 0.9705882 0.9191176 0.9044118 0.882353 0.867647 0.8529412 0.8897059 0.875
0.1603053 0.1908397 0.1908397 0.2137405 0.2061069 0.2137405 0.2213740 0.2671756 0.3129771 0.3206107 0.3358779
0.4184397 0.4113475 0.4680851 0.4468085 0.3475177 0.3333333 0.3333333 0.4113475 0.3404255 0.3475177 0.2836879
0.8439716 0.858156 0.8510638 0.8865248 0.8723404 0.893617 0.8865248 0.8439716 0.8723404 0.893617 0.8723404
0.8978102 0.890511 0.9051095 0.8613139 0.729927 0.7445255 0.8540146 0.8978102 0.8613139 0.8978102 0.9343066
0.7446809 0.751773 0.8652482 0.8865248 0.8865248 0.9078014 0.8865248 0.8652482 0.858156 0.8723404 0.8652482
0.4887218 0.5639098 0.593985 0.6466165 0.631579 0.6616541 0.5488722 0.518797 0.5338346 0.593985 0.5714286
0.4411765 0.5147059 0.5735294 0.6029412 0.7132353 0.632353 0.6029412 0.5441176 0.5220588 0.4779412 0.5147059
0.05147059 0.1102941 0.1397059 0.1764706 0.1691176 0.1397059 0.1323529 0.09558824 0.1323529 0.1691176 0.1691176
0.7709924 0.7862595 0.8244275 0.6793893 0.6412214 0.648855 0.7175573 0.7022901 0.7099237 0.740458 0.740458
0.4779412 0.5441176 0.5220588 0.5661765 0.4779412 0.5955882 0.6397059 0.6764706 0.6617647 0.7720588 0.6838235
0.5147059 0.5367647 0.5073529 0.5147059 0.4926471 0.3897059 0.2867647 0.3602941 0.3455882 0.3823529 0.2573529
0.9051095 0.8613139 0.8248175 0.7226277 0.839416 0.8248175 0.729927 0.7372263 0.7372263 0.7445255 0.7518248
0.3511450 0.3282443 0.3435115 0.3969466 0.3587786 0.3816794 0.3664122 0.3206107 0.2824427 0.3282443 0.4122137
0.2406015 0.2180451 0.2030075 0.1278195 0.1428571 0.1052632 0.2481203 0.3684211 0.3458647 0.3007519 0.3834586
0.1984733 0.1984733 0.2290076 0.2442748 0.3129771 0.2671756 0.259542 0.2290076 0.2290076 0.2137405 0.2290076
0.5827338 0.6258993 0.6546763 0.6546763 0.6690647 0.647482 0.5827338 0.4964029 0.4964029 0.5755396 0.5683453
0.09774436 0.03007519 0.05263158 0.06766917 0.07518797 0.06015038 0.08270677 0.06766917 0.06766917 0.06015038 0.04511278
0.4532374 0.352518 0.3597122 0.323741 0.323741 0.3956835 0.381295 0.3597122 0.294964 0.3165468 0.2733813
0.09160305 0.09923664 0.07633588 0.08396947 0.09160305 0.06870229 0.08396947 0.08396947 0.0610687 0.06870229 0.0610687
0.3511450 0.4503817 0.4961832 0.480916 0.6793893 0.5419847 0.5572519 0.4656489 0.3587786 0.519084 0.519084
0.2302158 0.2158273 0.1726619 0.1510791 0.08633094 0.1223022 0.1582734 0.1654676 0.1654676 0.1798561 0.1726619
0.3282443 0.3664122 0.3740458 0.3816794 0.3664122 0.4351145 0.4961832 0.4122137 0.4961832 0.5648855 0.610687
0.2205882 0.2132353 0.2205882 0.25 0.25 0.25 0.2426471 0.2426471 0.2426471 0.2132353 0.2058824
0.7647059 0.7794118 0.9191176 0.9191176 0.9485294 0.9558824 0.882353 0.875 0.8970588 0.8602941 0.9191176
0.2706767 0.2706767 0.3157895 0.3157895 0.3909774 0.443609 0.4360902 0.5639098 0.5639098 0.5789474 0.6917293
0.07352941 0.1029412 0.02205882 0.05882353 0.02941176 0.02205882 0.01470588 0.0882353 0.05147059 0.03676471 0.03676471
0.02127660 0.03546099 0.07092199 0.08510638 0.09219858 0.03546099 0.08510638 0.1702128 0.08510638 0.02127660 0.03546099
0.9338235 0.9705882 0.9485294 0.9705882 0.9117647 0.8970588 0.9264706 0.8602941 0.8897059 0.9338235 0.9338235
0.02158273 0.05035971 0.1366906 0.1582734 0.1510791 0.1582734 0.1366906 0.08633094 0.09352518 0.1223022 0.09352518
0.8759124 0.8832117 0.8686131 0.890511 0.890511 0.8832117 0.7445255 0.7664234 0.7445255 0.7664234 0.8467153
0.5267176 0.519084 0.5496183 0.5801527 0.5725191 0.5419847 0.5648855 0.4732824 0.389313 0.4122137 0.3664122
0.4963504 0.5766423 0.5328467 0.620438 0.620438 0.5985401 0.5255474 0.5036496 0.5255474 0.5912409 0.540146
0.4580153 0.4427481 0.3816794 0.3053435 0.2900763 0.2137405 0.1984733 0.2213740 0.2290076 0.2977099 0.2671756
0.7410072 0.7553957 0.76259 0.6618705 0.6690647 0.589928 0.5035971 0.647482 0.6690647 0.6690647 0.6043165
0.1578947 0.1503759 0.1578947 0.1954887 0.1804511 0.1052632 0.08270677 0.1127820 0.1503759 0.1503759 0.1203008
0.875 0.8455882 0.7794118 0.8308824 0.8235294 0.75 0.757353 0.7647059 0.8014706 0.8161765 0.8602941
0.5294118 0.4852941 0.5 0.4779412 0.4779412 0.4411765 0.5073529 0.5808824 0.4779412 0.4779412 0.5
0.3741007 0.2877698 0.3021583 0.3165468 0.2805755 0.3093525 0.2733813 0.2661871 0.2446043 0.2661871 0.2446043
0.3383459 0.3684211 0.4135338 0.5112782 0.5263158 0.5488722 0.4360902 0.3834586 0.3533835 0.3984962 0.3533835
0.7518797 0.7218045 0.7518797 0.631579 0.7593985 0.7593985 0.7518797 0.7593985 0.7368421 0.7669173 0.7443609
0.1984733 0.2137405 0.1984733 0.2137405 0.1832061 0.1755725 0.1755725 0.1908397 0.1908397 0.1832061 0.1832061
0.4656489 0.3587786 0.2290076 0.2137405 0.2137405 0.2061069 0.2061069 0.2824427 0.3587786 0.4198473 0.5038168
0.2330827 0.2180451 0.2255639 0.2180451 0.1804511 0.2406015 0.3007519 0.5488722 0.5639098 0.5714286 0.5789474
0.2105263 0.2180451 0.2481203 0.2556391 0.2556391 0.2556391 0.2180451 0.2105263 0.2105263 0.2105263 0.2105263
0.7938931 0.8473282 0.8854962 0.8854962 0.8625954 0.870229 0.8473282 0.7251908 0.7709924 0.8473282 0.7557252
0.1985294 0.1985294 0.2426471 0.2573529 0.3088235 0.2573529 0.2573529 0.2279412 0.2279412 0.2058824 0.1985294
0.8201439 0.8705036 0.8992806 0.884892 0.9208633 0.9280576 0.884892 0.8633094 0.913669 0.9064748 0.9064748
0.8549618 0.9312977 0.9465649 0.9312977 0.961832 0.9312977 0.9465649 0.9770992 0.9312977 0.9541985 0.9160305
0.9923664 0.9923664 0.9389313 0.8931298 0.9236641 0.9465649 0.9389313 0.9541985 0.9694656 0.9465649 0.9236641
0.05147059 0.05882353 0.09558824 0.1176471 0.1176471 0.1323529 0.1102941 0.09558824 0.09558824 0.1029412 0.1470588
0.6259542 0.5877863 0.6030534 0.5801527 0.5114504 0.7557252 0.6564885 0.7862595 0.7557252 0.8167939 0.7480916
0.5251799 0.4460432 0.4532374 0.3381295 0.2661871 0.2589928 0.2805755 0.3165468 0.3884892 0.3669065 0.3453237
0.1526718 0.1374046 0.1450382 0.1374046 0.1450382 0.1374046 0.1374046 0.1221374 0.09923664 0.129771 0.129771
0.7328244 0.6946565 0.648855 0.5725191 0.6259542 0.6183206 0.6412214 0.5725191 0.5877863 0.6564885 0.6183206
0.5514706 0.6102941 0.5808824 0.6102941 0.7647059 0.8235294 0.7205882 0.8308824 0.7941176 0.8161765 0.8014706
0.2482270 0.2269504 0.2482270 0.2624113 0.3120567 0.3617021 0.3191489 0.2765957 0.2695035 0.3049645 0.2553191
0.4274809 0.4045802 0.3740458 0.3587786 0.3358779 0.3435115 0.3587786 0.4045802 0.3587786 0.3969466 0.5496183
0.1603053 0.1679389 0.1679389 0.09923664 0.09160305 0.129771 0.1526718 0.259542 0.2671756 0.2824427 0.2519084
0.2105263 0.2105263 0.2556391 0.2556391 0.2556391 0.2556391 0.2255639 0.2180451 0.2105263 0.2105263 0.2105263
0.1691176 0.1985294 0.25 0.3088235 0.3235294 0.3823529 0.3088235 0.2647059 0.2279412 0.2279412 0.2279412
0.0882353 0.1617647 0.1911765 0.25 0.2573529 0.2573529 0.2058824 0.2426471 0.2205882 0.1911765 0.1764706
0.6258993 0.6546763 0.6546763 0.618705 0.5827338 0.5323741 0.6402878 0.6906475 0.6834532 0.6978417 0.6690647
0.0729927 0.0729927 0.1313869 0.1386861 0.1313869 0.1313869 0.1386861 0.1094891 0.1240876 0.1386861 0.1240876
0.1560284 0.1418440 0.1134752 0.1205674 0.1489362 0.1489362 0.1418440 0.1702128 0.1631206 0.1489362 0.1418440
0.7372263 0.7153285 0.7372263 0.7153285 0.6642336 0.7226277 0.8029197 0.7956204 0.7664234 0.8175182 0.810219
0.3458647 0.2932331 0.3082707 0.2556391 0.2706767 0.2556391 0.2781955 0.2631579 0.2706767 0.2932331 0.2406015
0.2061069 0.2977099 0.2900763 0.2824427 0.3282443 0.3511450 0.3282443 0.3053435 0.2213740 0.3129771 0.2748092
0.9064748 0.8776978 0.76259 0.6258993 0.6834532 0.7482014 0.7841727 0.8561151 0.8633094 0.8705036 0.8561151
0.294964 0.2302158 0.2230216 0.2446043 0.2805755 0.2877698 0.3021583 0.3669065 0.5251799 0.5467626 0.5107914
0.632353 0.632353 0.5808824 0.6029412 0.5735294 0.5588235 0.617647 0.6838235 0.7132353 0.75 0.7279412
0.4233577 0.4087591 0.3941606 0.3284672 0.2846715 0.2992701 0.2919708 0.2919708 0.3065693 0.3576642 0.3941606
0.007352941 0.05147059 0.1102941 0.1102941 0.1470588 0.125 0.1176471 0.03676471 0.02941176 0.08088235 0.06617647
0.875 0.875 0.8970588 0.9117647 0.9485294 0.9852941 0.9117647 0.8602941 0.9264706 0.9044118 0.9632353
0.6717557 0.6564885 0.6183206 0.5343511 0.5419847 0.7557252 0.5954198 0.8167939 0.8396947 0.8931298 0.9160305
0.7022901 0.7633588 0.7022901 0.7022901 0.8091603 0.8244275 0.8015267 0.740458 0.7099237 0.7099237 0.7099237
0.9929078 0.9858156 0.964539 0.9574468 0.9858156 0.9716312 0.8865248 0.8723404 0.9361702 0.929078 0.9007092
0.8646617 0.9172932 0.962406 0.9097744 0.9097744 0.9398496 0.9548872 0.9548872 0.962406 0.9548872 0.924812
0.8235294 0.8161765 0.757353 0.6691176 0.7205882 0.6102941 0.5588235 0.5882353 0.6397059 0.617647 0.6029412
