0.8188406 0.8188406 0.789855 0.789855 0.8115942 0.6521739 0.7028986 0.7028986 0.731884 0.7101449 0.7246377
0.2030075 0.2556391 0.2857143 0.2781955 0.2631579 0.3533835 0.2857143 0.3609023 0.3684211 0.406015 0.3834586
0.593985 0.6165414 0.7293233 0.7669173 0.7518797 0.7819549 0.7669173 0.7368421 0.5789474 0.556391 0.6015038
0.7266187 0.7194245 0.705036 0.7553957 0.7266187 0.6546763 0.647482 0.6690647 0.7122302 0.6978417 0.6906475
0.1194030 0.1194030 0.08208955 0.04477612 0.02985075 0.01492537 0.02238806 0.04477612 0.08208955 0.07462687 0.04477612
0.9923077 0.9923077 0.9923077 1 0.9846154 0.9923077 0.9923077 1 1 1 0.9923077
0.3834586 0.3984962 0.3383459 0.3458647 0.406015 0.3233083 0.2706767 0.2481203 0.2781955 0.2932331 0.3834586
0.2028986 0.2318841 0.2246377 0.2318841 0.2318841 0.2318841 0.2318841 0.2391304 0.2318841 0.2318841 0.2463768
0.5815603 0.5886525 0.6099291 0.6241135 0.6312057 0.6950355 0.680851 0.7446809 0.7021277 0.7092199 0.6950355
0.4275362 0.4347826 0.4927536 0.5144928 0.5072464 0.4275362 0.5942029 0.557971 0.6014493 0.5869565 0.615942
0.5531915 0.5177305 0.6099291 0.6453901 0.6524823 0.7304965 0.6312057 0.6028369 0.4893617 0.5390071 0.5390071
0.03007519 0.05263158 0.08270677 0.1428571 0.1729323 0.2105263 0.2030075 0.2030075 0.1428571 0.09774436 0.1278195
0.406015 0.443609 0.4887218 0.593985 0.6015038 0.593985 0.556391 0.5488722 0.4210526 0.4360902 0.4962406
0.8134328 0.7761194 0.761194 0.7835821 0.7761194 0.6791045 0.6716418 0.6567164 0.7089552 0.6716418 0.7313433
0.2857143 0.2706767 0.3308271 0.3984962 0.4586466 0.443609 0.406015 0.3684211 0.3233083 0.3609023 0.2932331
0.2374101 0.1942446 0.1798561 0.1223022 0.01438849 0.01438849 0.1079137 0.1654676 0.1438849 0.1726619 0.1726619
0.2 0.2384615 0.2461538 0.2692308 0.2384615 0.2230769 0.2384615 0.2230769 0.2230769 0.2538462 0.2384615
0.2374101 0.1870504 0.1870504 0.2086331 0.2086331 0.2589928 0.1870504 0.1510791 0.1582734 0.1510791 0.1223022
0.5488722 0.6090226 0.6015038 0.6015038 0.6240602 0.631579 0.6390977 0.6090226 0.6240602 0.5639098 0.5639098
0.5789474 0.5413534 0.5338346 0.5789474 0.5263158 0.5338346 0.5037594 0.6390977 0.6015038 0.5639098 0.5263158
0.705036 0.6906475 0.6690647 0.6906475 0.6690647 0.7553957 0.8273381 0.7697842 0.8129496 0.7985612 0.7482014
0.2781955 0.2932331 0.2932331 0.3233083 0.3684211 0.3383459 0.3157895 0.3308271 0.3233083 0.3007519 0.3609023
0.2101449 0.1956522 0.1956522 0.1811594 0.1666667 0.1594203 0.1449275 0.1739130 0.1594203 0.1811594 0.1739130
0.8731343 0.8955224 0.902985 0.902985 0.9253731 0.8955224 0.9328358 0.8656716 0.858209 0.9253731 0.9477612
0.2307692 0.2769231 0.3153846 0.2692308 0.2538462 0.2307692 0.2307692 0.2307692 0.2307692 0.2153846 0.1846154
0.2769231 0.3384615 0.3461538 0.3538462 0.3538462 0.3461538 0.3692308 0.4615385 0.5076923 0.5615385 0.5
0.481203 0.481203 0.4736842 0.443609 0.4586466 0.406015 0.4360902 0.3684211 0.3759398 0.3909774 0.3834586
0.6090226 0.6165414 0.4887218 0.4586466 0.5037594 0.4887218 0.5864662 0.6691729 0.6616541 0.7593985 0.6015038
0.06015038 0.03759398 0.07518797 0.06766917 0.06015038 0.06015038 0.07518797 0.09022556 0.09022556 0.04511278 0.03759398
0.4460432 0.5035971 0.4964029 0.5179856 0.5827338 0.5971223 0.5971223 0.5035971 0.6258993 0.6546763 0.6834532
0.05223881 0.05970149 0.05970149 0.05970149 0.05223881 0.07462687 0.08208955 0.08208955 0.05970149 0.05970149 0.08955224
0.593985 0.6015038 0.4887218 0.4135338 0.4135338 0.4210526 0.518797 0.5864662 0.593985 0.6015038 0.5112782
0.7028986 0.6884058 0.6956522 0.7536232 0.7971014 0.8550725 0.8115942 0.7608696 0.7608696 0.789855 0.7753623
0.5106383 0.5390071 0.5531915 0.5957447 0.4822695 0.4964539 0.3829787 0.4397163 0.4397163 0.4609929 0.4184397
0.3 0.3384615 0.3769231 0.4076923 0.4307692 0.4538462 0.3615385 0.4923077 0.3461538 0.3769231 0.3
0.1804511 0.1729323 0.1729323 0.1503759 0.1428571 0.1428571 0.1578947 0.1954887 0.1804511 0.1804511 0.1654135
0.1079137 0.1151079 0.1007194 0.1151079 0.1294964 0.1223022 0.1438849 0.1366906 0.1438849 0.1294964 0.1366906
0.1278195 0.1353383 0.07518797 0.08270677 0.02255639 0.01503759 0.02255639 0.06015038 0.08270677 0.03007519 0.03007519
0.8913043 0.8913043 0.8623188 0.7101449 0.7536232 0.7173913 0.8405797 0.8405797 0.8478261 0.8550725 0.8550725
0.776923 0.7538462 0.6846154 0.6769231 0.6 0.5692308 0.5076923 0.5153846 0.6230769 0.6153846 0.5538462
0.618705 0.6690647 0.6402878 0.618705 0.647482 0.7697842 0.7482014 0.7266187 0.7122302 0.733813 0.7266187
0.2461538 0.2461538 0.2384615 0.2692308 0.2153846 0.2153846 0.1846154 0.1384615 0.1692308 0.1692308 0.1846154
0.7410072 0.733813 0.705036 0.7482014 0.7266187 0.7553957 0.8273381 0.6906475 0.733813 0.733813 0.6690647
0.5488722 0.5639098 0.6390977 0.631579 0.6766917 0.631579 0.6992481 0.6390977 0.6390977 0.6390977 0.5864662
0.4661654 0.3834586 0.3533835 0.3082707 0.3684211 0.3082707 0.2631579 0.2406015 0.2631579 0.2556391 0.2330827
0.5652174 0.4927536 0.4855072 0.384058 0.3333333 0.3043478 0.3550725 0.4057971 0.4855072 0.5362319 0.5434783
0.8283582 0.8059701 0.7686567 0.8059701 0.7761194 0.6791045 0.6343284 0.5373134 0.5820896 0.619403 0.6044776
0.8633094 0.8057554 0.8201439 0.8273381 0.7913669 0.7769784 0.733813 0.6906475 0.6978417 0.7122302 0.76259
0.9130435 0.8550725 0.8768116 0.731884 0.6666667 0.8043478 0.884058 0.942029 0.9782609 0.9492754 1
0.1641791 0.1791045 0.1865672 0.1716418 0.1716418 0.1940299 0.2238806 0.2835821 0.2089552 0.2014925 0.2313433
0.04511278 0.05263158 0.08270677 0.1052632 0.09022556 0.09774436 0.1127820 0.1203008 0.08270677 0.1278195 0.1353383
0.5037594 0.4736842 0.443609 0.3759398 0.3984962 0.3684211 0.3834586 0.4736842 0.5263158 0.5488722 0.4887218
0.9328358 0.9402985 0.9402985 0.9477612 0.9701493 0.9552239 0.977612 0.9104478 0.9253731 0.9253731 0.977612
0.9057971 0.8695652 0.884058 0.9347826 0.8985507 0.9057971 0.8985507 0.8913043 0.884058 0.8985507 0.884058
0.7293233 0.7067669 0.7368421 0.6766917 0.8345865 0.7368421 0.7894737 0.8345865 0.7969925 0.8045113 0.7593985
0.9846154 0.9846154 0.9615385 0.8846154 0.9076923 0.8846154 0.976923 0.976923 0.976923 0.9692308 0.9923077
0.2589928 0.2302158 0.2302158 0.2517986 0.2805755 0.2733813 0.2805755 0.2589928 0.2086331 0.2302158 0.2086331
0.518797 0.4736842 0.4736842 0.4210526 0.3984962 0.3157895 0.2781955 0.3233083 0.3834586 0.3233083 0.3082707
0.481203 0.4135338 0.3834586 0.4586466 0.4887218 0.481203 0.4210526 0.406015 0.3984962 0.4135338 0.3834586
0.2105263 0.2255639 0.3082707 0.3308271 0.3082707 0.2556391 0.2406015 0.2330827 0.2857143 0.2556391 0.2781955
0.6090226 0.4210526 0.3157895 0.2706767 0.2781955 0.3233083 0.3007519 0.3458647 0.3834586 0.3609023 0.3383459
0.4676259 0.4676259 0.4676259 0.4532374 0.4388489 0.3956835 0.4388489 0.4100719 0.4028777 0.3956835 0.3669065
0.6978417 0.6906475 0.7194245 0.8345324 0.8417266 0.76259 0.7553957 0.7122302 0.6690647 0.6834532 0.6690647
0.776923 0.7384615 0.6846154 0.7 0.6538462 0.6076923 0.5230769 0.6076923 0.5769231 0.6307692 0.5538462
0.1223022 0.1366906 0.1582734 0.1438849 0.1870504 0.1510791 0.1438849 0.1223022 0.1366906 0.1726619 0.1654676
0.8283582 0.8358209 0.858209 0.8880597 0.8880597 0.902985 0.7835821 0.8208955 0.7835821 0.8059701 0.8283582
0.5413534 0.4962406 0.4661654 0.4661654 0.4210526 0.3759398 0.2932331 0.406015 0.3533835 0.3909774 0.3759398
0.9307692 0.9538462 0.976923 0.976923 0.9692308 0.9923077 0.9846154 0.9461538 0.976923 0.9461538 0.9153846
0.6043165 0.5971223 0.5395683 0.5035971 0.4604317 0.4604317 0.5323741 0.5467626 0.5035971 0.4892086 0.4676259
0.3984962 0.3533835 0.3308271 0.3308271 0.3609023 0.3533835 0.4285714 0.443609 0.3308271 0.3233083 0.3383459
0.2857143 0.2481203 0.2255639 0.2105263 0.2105263 0.2105263 0.1954887 0.1954887 0.3233083 0.2706767 0.3007519
0.5755396 0.5251799 0.4676259 0.5035971 0.4388489 0.3741007 0.4388489 0.4748201 0.4604317 0.4244604 0.4100719
0.9640288 0.9208633 0.942446 0.9208633 0.9280576 0.9280576 0.9208633 0.8633094 0.8417266 0.8920863 0.8561151
0.1151079 0.1798561 0.2230216 0.2158273 0.2230216 0.2374101 0.2374101 0.2446043 0.3021583 0.4100719 0.4100719
0.4736842 0.443609 0.4285714 0.4135338 0.3834586 0.3533835 0.2781955 0.2781955 0.3233083 0.3233083 0.3007519
0.8195489 0.8421053 0.81203 0.8195489 0.7894737 0.8195489 0.8571429 0.8796992 0.9398496 0.8796992 0.9172932
0.8992806 0.913669 0.8633094 0.8705036 0.8489209 0.8417266 0.8633094 0.8992806 0.8920863 0.9496403 0.913669
0.7234043 0.7801418 0.8510638 0.858156 0.9361702 0.9503546 0.9361702 0.8794326 0.8865248 0.8723404 0.8794326
0.5827338 0.5755396 0.6043165 0.6906475 0.618705 0.6043165 0.5755396 0.5395683 0.589928 0.5827338 0.5827338
0.5035461 0.5106383 0.5957447 0.6170213 0.6595745 0.7021277 0.6595745 0.6099291 0.5248227 0.5460993 0.5673759
0.03007519 0.08270677 0.1278195 0.1654135 0.1729323 0.1654135 0.1127820 0.09774436 0.1052632 0.1203008 0.1428571
0.8633094 0.8705036 0.7769784 0.7482014 0.647482 0.733813 0.705036 0.7266187 0.76259 0.7410072 0.7913669
0.380597 0.5447761 0.5522388 0.4925373 0.5895522 0.5671642 0.5895522 0.6567164 0.6492537 0.6865672 0.641791
0.5248227 0.5106383 0.5531915 0.5886525 0.4680851 0.3971631 0.3333333 0.4255319 0.3971631 0.3687943 0.3546099
0.8345865 0.8421053 0.7744361 0.6766917 0.7443609 0.6691729 0.7067669 0.7894737 0.7894737 0.7293233 0.7067669
0.2769231 0.2923077 0.2923077 0.3307692 0.3461538 0.3461538 0.2923077 0.2692308 0.3076923 0.3153846 0.3230769
0.2238806 0.2164179 0.1865672 0.1343284 0.1119403 0.1044776 0.2238806 0.3432836 0.3358209 0.3955224 0.380597
0.2105263 0.2255639 0.3007519 0.3157895 0.2932331 0.2631579 0.2631579 0.2706767 0.2857143 0.2556391 0.2481203
0.6917293 0.6992481 0.6240602 0.6917293 0.6165414 0.7142857 0.593985 0.5263158 0.5338346 0.556391 0.6240602
0.0647482 0.03597122 0.08633094 0.1079137 0.09352518 0.1151079 0.1151079 0.07913669 0.07194245 0.07913669 0.08633094
0.5769231 0.5692308 0.5461538 0.5076923 0.5 0.5076923 0.5384615 0.3846154 0.4538462 0.4846154 0.5
0.07462687 0.05223881 0.05970149 0.06716418 0.05970149 0.08208955 0.09701493 0.08955224 0.05970149 0.05970149 0.05970149
0.381295 0.3956835 0.5251799 0.5539568 0.6043165 0.6258993 0.6402878 0.6043165 0.5035971 0.4892086 0.4748201
0.3191489 0.2553191 0.2269504 0.1702128 0.1134752 0.1702128 0.2269504 0.2269504 0.2056738 0.2482270 0.2411348
0.2076923 0.2615385 0.2846154 0.3538462 0.3692308 0.3769231 0.3384615 0.3615385 0.4769231 0.4692308 0.5769231
0.2105263 0.2105263 0.2105263 0.2556391 0.2556391 0.2556391 0.2481203 0.2481203 0.2330827 0.2330827 0.2030075
0.6541353 0.7969925 0.8045113 0.8646617 0.887218 0.8421053 0.8947368 0.8646617 0.8571429 0.8646617 0.8721805
0.2086331 0.1870504 0.2661871 0.2517986 0.3093525 0.4172662 0.4676259 0.5827338 0.589928 0.6258993 0.7697842
0.07913669 0.0647482 0.04316547 0.01438849 0.02158273 0.01438849 0.01438849 0.04316547 0.02877698 0.007194245 0.02158273
0.02238806 0.04477612 0.09701493 0.1194030 0.1417910 0.1044776 0.1119403 0.1343284 0.1044776 0.05970149 0.08208955
0.9846154 0.9846154 0.9923077 0.9615385 0.976923 0.9923077 0.9307692 0.8923077 0.8846154 0.9615385 0.9307692
0.03076923 0.1230769 0.1461538 0.1846154 0.1923077 0.1615385 0.1615385 0.1307692 0.0923077 0.1076923 0.0923077
0.9219858 0.8723404 0.893617 0.9078014 0.8794326 0.8794326 0.8297872 0.7588652 0.7943262 0.8085106 0.8510638
0.5074627 0.5895522 0.5373134 0.5970149 0.5522388 0.5447761 0.4701493 0.3432836 0.3731343 0.4104478 0.3955224
0.4210526 0.4360902 0.4887218 0.5338346 0.5714286 0.593985 0.4661654 0.4210526 0.4360902 0.4962406 0.518797
0.2857143 0.3007519 0.2932331 0.2781955 0.2255639 0.2180451 0.2180451 0.2556391 0.2481203 0.2781955 0.2406015
0.76259 0.7841727 0.7194245 0.7266187 0.8345324 0.6906475 0.6546763 0.6546763 0.676259 0.6690647 0.6043165
0.1376812 0.1304348 0.1884058 0.1811594 0.1666667 0.1014493 0.1014493 0.1376812 0.1014493 0.1304348 0.1231884
0.8421053 0.7894737 0.8045113 0.7744361 0.7368421 0.7969925 0.7518797 0.7218045 0.81203 0.8045113 0.8270677
0.4892086 0.5251799 0.4460432 0.4676259 0.4892086 0.5035971 0.4460432 0.5683453 0.4460432 0.4028777 0.4028777
0.5037594 0.4736842 0.5037594 0.4511278 0.4661654 0.406015 0.3684211 0.3609023 0.406015 0.3684211 0.3308271
0.2631579 0.2706767 0.3157895 0.3759398 0.4586466 0.4360902 0.3834586 0.3609023 0.3157895 0.3458647 0.2857143
0.6690647 0.6258993 0.5827338 0.5395683 0.5323741 0.618705 0.7410072 0.676259 0.6978417 0.7841727 0.6834532
0.1654135 0.1654135 0.1729323 0.1879699 0.1729323 0.1879699 0.1879699 0.2105263 0.2180451 0.2255639 0.2330827
0.3909774 0.2932331 0.2556391 0.2631579 0.2706767 0.2706767 0.2781955 0.3458647 0.3308271 0.3082707 0.3609023
0.2781955 0.2932331 0.3383459 0.4135338 0.3533835 0.2781955 0.2857143 0.4962406 0.5263158 0.6015038 0.5263158
0.2681159 0.2608696 0.3115942 0.3405797 0.3333333 0.2826087 0.2463768 0.2536232 0.2608696 0.3043478 0.2971014
0.8076923 0.8923077 0.823077 0.8384615 0.7923077 0.8307692 0.6923077 0.7615385 0.7538462 0.8538462 0.8
0.2230216 0.2446043 0.2589928 0.2661871 0.3884892 0.323741 0.2589928 0.2805755 0.2877698 0.2302158 0.2302158
0.884892 0.8920863 0.9064748 0.9568345 0.8992806 0.9496403 0.9280576 0.9496403 0.942446 0.884892 0.9064748
0.976923 0.9846154 0.9923077 0.976923 0.9846154 0.9923077 0.9846154 1 1 1 0.976923
0.9352518 0.9640288 0.9856115 0.9640288 0.9352518 0.9640288 0.9856115 0.913669 0.9928058 0.942446 0.9208633
0.06153846 0.08461538 0.06923077 0.08461538 0.1076923 0.1 0.1 0.07692308 0.08461538 0.0923077 0.08461538
0.7835821 0.8059701 0.8059701 0.6492537 0.6492537 0.7835821 0.8358209 0.8283582 0.8432836 0.8208955 0.7985075
0.3984962 0.3834586 0.3759398 0.3157895 0.2631579 0.2556391 0.2556391 0.2781955 0.3007519 0.3233083 0.2556391
0.1151079 0.1726619 0.1870504 0.1942446 0.2086331 0.1942446 0.1942446 0.1870504 0.2014388 0.2446043 0.3453237
0.6165414 0.5714286 0.5338346 0.556391 0.6015038 0.593985 0.556391 0.4962406 0.6165414 0.5639098 0.5263158
0.6865672 0.619403 0.6716418 0.6865672 0.8432836 0.7761194 0.7462687 0.8283582 0.7238806 0.8134328 0.8208955
0.3333333 0.3191489 0.2695035 0.3049645 0.3971631 0.4042553 0.3758865 0.3404255 0.3191489 0.2695035 0.2907801
0.3609023 0.2932331 0.3007519 0.3007519 0.3383459 0.3157895 0.3609023 0.4511278 0.443609 0.4586466 0.443609
0.2173913 0.1956522 0.1956522 0.1811594 0.1666667 0.1811594 0.1811594 0.1739130 0.1521739 0.1811594 0.1666667
0.2330827 0.2556391 0.3308271 0.3157895 0.2932331 0.2406015 0.2255639 0.2330827 0.3082707 0.3308271 0.3007519
0.1654135 0.2105263 0.2857143 0.3007519 0.2932331 0.3007519 0.2781955 0.2255639 0.2330827 0.2406015 0.2330827
0.1366906 0.1654676 0.1942446 0.2589928 0.3309353 0.323741 0.2661871 0.2158273 0.2589928 0.2086331 0.1654676
0.5864662 0.6165414 0.7293233 0.7142857 0.7142857 0.6842105 0.6842105 0.6466165 0.7518797 0.7067669 0.7518797
0.09022556 0.1052632 0.1353383 0.1428571 0.1503759 0.1428571 0.1578947 0.1654135 0.1578947 0.1503759 0.1278195
0.1654135 0.1729323 0.1353383 0.1052632 0.09022556 0.1203008 0.1729323 0.1578947 0.1729323 0.1654135 0.1729323
0.7266187 0.6906475 0.6834532 0.7553957 0.647482 0.8201439 0.76259 0.7769784 0.7913669 0.7410072 0.7841727
0.3656716 0.3134328 0.2537313 0.2611940 0.2388060 0.2537313 0.2686567 0.2238806 0.2835821 0.2164179 0.2089552
0.2846154 0.3076923 0.3153846 0.3538462 0.4307692 0.4461538 0.4076923 0.3384615 0.3461538 0.3461538 0.3538462
0.8345865 0.849624 0.8345865 0.7894737 0.7969925 0.7669173 0.7744361 0.8646617 0.8947368 0.8796992 0.8721805
0.2158273 0.2446043 0.2302158 0.2374101 0.2733813 0.3309353 0.3741007 0.4892086 0.4748201 0.6043165 0.5611511
0.6165414 0.6240602 0.6090226 0.6015038 0.6015038 0.5714286 0.5864662 0.6691729 0.6466165 0.6015038 0.7067669
0.4100719 0.352518 0.3453237 0.3381295 0.3165468 0.2877698 0.3021583 0.2733813 0.294964 0.3453237 0.352518
0.04511278 0.02255639 0.09774436 0.1052632 0.1578947 0.1503759 0.1052632 0.1052632 0.08270677 0.1127820 0.09022556
0.9202899 0.9130435 0.8913043 0.9347826 0.9637681 0.9710145 0.9057971 0.8913043 0.9565217 0.9130435 0.9637681
0.822695 0.8014184 0.8085106 0.7730496 0.7092199 0.7659574 0.8297872 0.8794326 0.8794326 0.8794326 0.8865248
0.6076923 0.5538462 0.5 0.4307692 0.4846154 0.5538462 0.5846154 0.7615385 0.7846154 0.8076923 0.7615385
0.9640288 0.9496403 0.971223 0.9352518 0.971223 0.913669 0.9064748 0.8561151 0.8992806 0.8992806 0.8705036
0.876923 0.9538462 0.9538462 0.9615385 0.9615385 0.9692308 0.8692308 0.9461538 0.9692308 0.9615385 0.976923
0.880597 0.8358209 0.7835821 0.7686567 0.761194 0.6567164 0.641791 0.6044776 0.6865672 0.6492537 0.6567164
