0.7647059 0.7941176 0.7352941 0.6764706 0.6397059 0.632353 0.6470588 0.6985294 0.7058824 0.742647 0.6764706
0.3643411 0.3333333 0.2868217 0.2713178 0.3178295 0.4341085 0.4573643 0.4651163 0.5116279 0.5503876 0.5426357
0.6015038 0.6240602 0.631579 0.631579 0.7518797 0.6917293 0.6616541 0.6240602 0.518797 0.5488722 0.5714286
0.7883212 0.7883212 0.7956204 0.7372263 0.6861314 0.6861314 0.6715328 0.6788321 0.729927 0.7664234 0.729927
0.1843972 0.1489362 0.09929078 0.02127660 0.01418440 0.01418440 0.01418440 0.07801418 0.05673759 0.03546099 0.05673759
1 1 0.9635036 0.9562044 0.9343066 0.9416058 0.9489051 0.9343066 0.9781022 0.9489051 0.9489051
0.3455882 0.4044118 0.3455882 0.2867647 0.3235294 0.2647059 0.25 0.2279412 0.2426471 0.25 0.3308824
0.1908397 0.2137405 0.2290076 0.2366412 0.2137405 0.2366412 0.2290076 0.2442748 0.2442748 0.2519084 0.2900763
0.5428571 0.5357143 0.5571429 0.5857143 0.6142857 0.65 0.7642857 0.7071429 0.7285714 0.6785714 0.6
0.4285714 0.4661654 0.481203 0.5864662 0.5789474 0.5714286 0.518797 0.5338346 0.5789474 0.6541353 0.6466165
0.6058394 0.6350365 0.620438 0.6861314 0.6569343 0.5985401 0.7372263 0.6788321 0.5255474 0.5109489 0.5036496
0.01438849 0.04316547 0.1079137 0.1223022 0.1438849 0.1510791 0.1366906 0.1870504 0.1079137 0.1294964 0.1151079
0.3255814 0.3100775 0.3333333 0.3333333 0.3643411 0.3953488 0.3643411 0.372093 0.3488372 0.3875969 0.4263566
0.7720588 0.8014706 0.742647 0.6764706 0.632353 0.6102941 0.6397059 0.6544118 0.6985294 0.7352941 0.6470588
0.3255814 0.3100775 0.3798450 0.4496124 0.4883721 0.4728682 0.4186047 0.4418605 0.4341085 0.4263566 0.372093
0.1832061 0.1832061 0.1374046 0.07633588 0.01526718 0.03053435 0.03816794 0.1450382 0.1526718 0.1603053 0.1755725
0.2205882 0.2058824 0.2205882 0.2352941 0.2279412 0.2426471 0.2426471 0.2426471 0.2205882 0.2426471 0.2132353
0.5037594 0.481203 0.443609 0.3533835 0.4210526 0.3533835 0.3609023 0.3759398 0.3609023 0.3383459 0.3082707
0.6350365 0.6350365 0.649635 0.6277372 0.649635 0.5985401 0.5985401 0.5693431 0.6058394 0.5839416 0.5839416
0.6985294 0.6617647 0.6470588 0.625 0.6102941 0.5808824 0.5073529 0.5367647 0.617647 0.5367647 0.5588235
0.75 0.7205882 0.6691176 0.6470588 0.6911765 0.7867647 0.8088235 0.8308824 0.8235294 0.75 0.7647059
0.3255814 0.3178295 0.372093 0.4186047 0.4418605 0.4496124 0.4263566 0.4418605 0.4728682 0.4263566 0.372093
0.3157895 0.2330827 0.1804511 0.1578947 0.1353383 0.1654135 0.1729323 0.1879699 0.2105263 0.1804511 0.1578947
0.9338235 0.8897059 0.9117647 0.9117647 0.8897059 0.8308824 0.8897059 0.8897059 0.882353 0.9338235 0.9632353
0.2325581 0.2015504 0.2093023 0.2325581 0.2170543 0.2170543 0.1705426 0.1317829 0.1705426 0.2015504 0.2558140
0.2794118 0.2352941 0.2720588 0.2720588 0.2573529 0.3088235 0.3602941 0.4117647 0.3970588 0.3970588 0.4926471
0.5620438 0.5766423 0.5693431 0.4890511 0.4744526 0.4379562 0.4233577 0.4233577 0.3722628 0.3649635 0.3576642
0.6434109 0.5891473 0.5658915 0.4883721 0.6124031 0.7054264 0.6821705 0.6124031 0.6976744 0.6821705 0.5891473
0.09774436 0.08270677 0.08270677 0.09022556 0.09774436 0.09022556 0.09022556 0.1203008 0.1052632 0.09774436 0.07518797
0.4233577 0.4306569 0.4671533 0.5620438 0.4890511 0.5036496 0.4525547 0.5109489 0.5547445 0.540146 0.5985401
0.06766917 0.03759398 0.05263158 0.08270677 0.08270677 0.08270677 0.1052632 0.08270677 0.06766917 0.06015038 0.06766917
0.4748201 0.4532374 0.3669065 0.3093525 0.2877698 0.352518 0.3669065 0.381295 0.4964029 0.4604317 0.4460432
0.6946565 0.6793893 0.7099237 0.7633588 0.6793893 0.8473282 0.8396947 0.778626 0.7480916 0.7862595 0.7099237
0.6029412 0.5514706 0.5882353 0.5367647 0.5588235 0.4632353 0.375 0.3676471 0.3602941 0.3676471 0.3602941
0.2248062 0.2635659 0.3410853 0.4186047 0.4651163 0.4031008 0.2945736 0.3178295 0.2403101 0.1937984 0.2170543
0.2180451 0.1879699 0.1729323 0.1578947 0.1654135 0.1654135 0.1879699 0.1578947 0.1578947 0.1654135 0.1503759
0.2015504 0.1860465 0.1550388 0.1705426 0.1627907 0.1705426 0.1627907 0.1317829 0.1395349 0.1472868 0.1705426
0.1068702 0.1374046 0.04580153 0.02290076 0.01526718 0.01526718 0.01526718 0.02290076 0.02290076 0.01526718 0.01526718
0.8088235 0.8308824 0.8088235 0.742647 0.6617647 0.7867647 0.7279412 0.8161765 0.8308824 0.8529412 0.8308824
0.8085106 0.7730496 0.751773 0.7021277 0.6453901 0.6382979 0.6241135 0.5815603 0.6312057 0.6028369 0.6028369
0.6544118 0.6617647 0.6691176 0.6617647 0.7058824 0.8235294 0.7867647 0.8161765 0.7720588 0.8014706 0.7794118
0.3953488 0.4341085 0.3875969 0.3333333 0.2790698 0.2713178 0.248062 0.1395349 0.1705426 0.1472868 0.2170543
0.6616541 0.6917293 0.6992481 0.6691729 0.7669173 0.7368421 0.7443609 0.7894737 0.7443609 0.6842105 0.6842105
0.6029412 0.617647 0.5882353 0.6470588 0.6911765 0.7720588 0.6691176 0.6691176 0.6617647 0.632353 0.6029412
0.459854 0.4014599 0.3795620 0.3503650 0.3357664 0.3357664 0.3503650 0.3357664 0.3284672 0.2846715 0.2846715
0.556391 0.5789474 0.4962406 0.4887218 0.4360902 0.3383459 0.3909774 0.4736842 0.4360902 0.4661654 0.443609
0.7985612 0.8273381 0.7697842 0.7122302 0.7194245 0.6043165 0.589928 0.5179856 0.618705 0.5971223 0.6115108
0.8014706 0.8308824 0.7867647 0.7132353 0.6764706 0.632353 0.6397059 0.6691176 0.6985294 0.7205882 0.6397059
0.9007634 0.8625954 0.740458 0.7328244 0.6793893 0.8396947 0.8625954 0.9694656 0.9923664 0.9847328 0.9923664
0.1550388 0.1627907 0.1705426 0.1395349 0.1627907 0.1705426 0.248062 0.2170543 0.2093023 0.1937984 0.3023256
0.007352941 0.04411765 0.07352941 0.1102941 0.1029412 0.125 0.1029412 0.0882353 0.1102941 0.125 0.125
0.6115108 0.6402878 0.5683453 0.4604317 0.4244604 0.4316547 0.5323741 0.5539568 0.589928 0.5971223 0.5395683
0.961832 0.961832 0.9770992 0.961832 0.9847328 0.9923664 0.9923664 0.9236641 0.9160305 0.9465649 0.9770992
0.8540146 0.8321168 0.8248175 0.9124088 0.8175182 0.8832117 0.8832117 0.8613139 0.8978102 0.8686131 0.9343066
0.8214286 0.7928571 0.7642857 0.7714286 0.7714286 0.8142857 0.9 0.8714286 0.8357143 0.8285714 0.8214286
0.875 0.8529412 0.8382353 0.8455882 0.8088235 0.867647 0.8897059 0.9632353 0.9485294 0.9411765 0.9852941
0.2720588 0.2279412 0.25 0.2647059 0.2720588 0.2941176 0.2720588 0.2279412 0.2205882 0.1911765 0.1691176
0.5255474 0.4744526 0.4671533 0.459854 0.4817518 0.3941606 0.4087591 0.3941606 0.3576642 0.4233577 0.4233577
0.4651163 0.4806202 0.4341085 0.4496124 0.503876 0.5116279 0.4186047 0.4031008 0.4341085 0.4573643 0.4108527
0.2773723 0.3941606 0.3941606 0.4233577 0.3795620 0.3503650 0.3649635 0.3284672 0.3430657 0.3649635 0.3211679
0.5267176 0.3740458 0.2748092 0.2671756 0.3129771 0.2671756 0.2824427 0.3206107 0.3435115 0.3206107 0.2748092
0.4817518 0.5109489 0.5036496 0.4890511 0.5109489 0.4963504 0.4379562 0.3941606 0.4160584 0.3211679 0.3795620
0.6785714 0.6928571 0.7214286 0.8571429 0.8714286 0.7285714 0.7214286 0.7142857 0.6857143 0.6571429 0.7428571
0.7518248 0.7445255 0.7445255 0.7372263 0.7007299 0.7153285 0.6277372 0.5912409 0.540146 0.5547445 0.5693431
0.07194245 0.1294964 0.1366906 0.1366906 0.1654676 0.1582734 0.1223022 0.1294964 0.1007194 0.1438849 0.1510791
0.8085106 0.8368794 0.8865248 0.893617 0.8865248 0.9078014 0.8014184 0.8156028 0.7943262 0.8510638 0.858156
0.4573643 0.3953488 0.3255814 0.3488372 0.3023256 0.2713178 0.2403101 0.248062 0.2945736 0.2868217 0.1782946
0.85 0.9357143 0.9357143 0.9571429 0.9571429 0.9714286 0.9714286 0.9857143 0.9214286 0.9642857 0.9142857
0.5954198 0.6030534 0.4961832 0.480916 0.5343511 0.480916 0.5877863 0.4961832 0.6030534 0.5419847 0.519084
0.4586466 0.4736842 0.443609 0.3909774 0.443609 0.4586466 0.4135338 0.4135338 0.3458647 0.3308271 0.3383459
0.2794118 0.25 0.1985294 0.1911765 0.1029412 0.06617647 0.08088235 0.2058824 0.1617647 0.1323529 0.1617647
0.5661765 0.5588235 0.5147059 0.5220588 0.5367647 0.5294118 0.5147059 0.4411765 0.4779412 0.4632353 0.4411765
0.9022556 0.9774436 0.9323308 0.9097744 0.9849624 0.924812 0.8947368 0.7969925 0.8195489 0.8345865 0.8195489
0.1395349 0.1627907 0.1472868 0.1705426 0.1627907 0.1705426 0.2635659 0.2713178 0.2403101 0.2635659 0.2868217
0.4100719 0.3741007 0.3381295 0.3093525 0.3453237 0.2589928 0.2805755 0.2661871 0.294964 0.323741 0.2877698
0.8175182 0.8613139 0.8321168 0.839416 0.8321168 0.8540146 0.9051095 0.9124088 0.9562044 0.9635036 0.919708
0.9465649 0.8625954 0.7862595 0.7862595 0.7862595 0.8167939 0.8625954 0.908397 0.9312977 0.9541985 0.9770992
0.7446809 0.7730496 0.9078014 0.893617 0.893617 0.929078 0.9219858 0.9078014 0.9007092 0.8723404 0.9007092
0.3953488 0.4418605 0.5426357 0.6666667 0.6124031 0.5426357 0.4341085 0.4108527 0.5426357 0.5271318 0.5348837
0.4357143 0.5142857 0.5928571 0.6642857 0.6285714 0.65 0.6071429 0.5928571 0.5285714 0.5642857 0.5571429
0.1007752 0.124031 0.1627907 0.2325581 0.2248062 0.2170543 0.1550388 0.1007752 0.124031 0.1860465 0.1550388
0.8571429 0.8571429 0.7142857 0.6917293 0.6691729 0.6390977 0.6240602 0.631579 0.6691729 0.6541353 0.6766917
0.4736842 0.481203 0.4887218 0.6015038 0.5714286 0.5714286 0.593985 0.5789474 0.6466165 0.6766917 0.6616541
0.480916 0.4961832 0.4961832 0.519084 0.4351145 0.3664122 0.3206107 0.3511450 0.3435115 0.3511450 0.3053435
0.8345324 0.8705036 0.7697842 0.7482014 0.76259 0.6402878 0.733813 0.6690647 0.705036 0.676259 0.6258993
0.294964 0.2805755 0.3669065 0.3741007 0.381295 0.3381295 0.2877698 0.2661871 0.294964 0.3381295 0.3021583
0.2773723 0.2189781 0.2116788 0.2043796 0.1970803 0.1459854 0.2481752 0.2846715 0.3138686 0.3430657 0.3430657
0.2279412 0.2647059 0.2867647 0.3161765 0.2867647 0.2941176 0.2720588 0.2352941 0.2647059 0.2426471 0.2867647
0.617647 0.6617647 0.6617647 0.625 0.6544118 0.5955882 0.5955882 0.5661765 0.5588235 0.5882353 0.5441176
0.05 0.03571429 0.07142857 0.07142857 0.1214286 0.1142857 0.1142857 0.07142857 0.06428571 0.07142857 0.08571429
0.4926471 0.4191176 0.4558824 0.4411765 0.4191176 0.4264706 0.3970588 0.3897059 0.3970588 0.3823529 0.3676471
0.1162791 0.124031 0.1317829 0.124031 0.1472868 0.1472868 0.1705426 0.1162791 0.1317829 0.1317829 0.1472868
0.3684211 0.4210526 0.4135338 0.4360902 0.5864662 0.5789474 0.5488722 0.4962406 0.3609023 0.4511278 0.4210526
0.2978723 0.2411348 0.2127660 0.1631206 0.1347518 0.1347518 0.1843972 0.2056738 0.1985816 0.2056738 0.2269504
0.3529412 0.4191176 0.3970588 0.5 0.4632353 0.4779412 0.5294118 0.5882353 0.625 0.625 0.6985294
0.2695035 0.2482270 0.2482270 0.2624113 0.2553191 0.2836879 0.2836879 0.2765957 0.2907801 0.2978723 0.2269504
0.75 0.8088235 0.875 0.8970588 0.8970588 0.8897059 0.882353 0.8529412 0.8602941 0.8602941 0.867647
0.2571429 0.3071429 0.2928571 0.2785714 0.2857143 0.3642857 0.3785714 0.4785714 0.5 0.5857143 0.7571429
0.05109489 0.02919708 0.02919708 0.02919708 0.03649635 0.01459854 0.01459854 0.0729927 0.02919708 0.04379562 0.03649635
0.02290076 0.03816794 0.02290076 0.06870229 0.08396947 0.09160305 0.03816794 0.129771 0.09160305 0.02290076 0.01526718
0.9534884 0.9767442 0.9612403 0.9379845 0.9147287 0.9302326 0.9147287 0.8604651 0.868217 0.9069767 0.9069767
0.02205882 0.08088235 0.1323529 0.1691176 0.1764706 0.1838235 0.1470588 0.09558824 0.09558824 0.1029412 0.1029412
0.8646617 0.8947368 0.8796992 0.8721805 0.8721805 0.8947368 0.8045113 0.7518797 0.6917293 0.7142857 0.7293233
0.5263158 0.5789474 0.5488722 0.5263158 0.5488722 0.5789474 0.5639098 0.4511278 0.4887218 0.4135338 0.443609
0.5343511 0.5648855 0.5877863 0.5725191 0.5954198 0.5877863 0.5496183 0.4656489 0.5801527 0.5572519 0.5572519
0.3511450 0.3282443 0.2824427 0.3053435 0.2824427 0.259542 0.2366412 0.2748092 0.2824427 0.259542 0.2366412
0.7867647 0.7647059 0.742647 0.7205882 0.7058824 0.5955882 0.617647 0.6470588 0.7205882 0.7279412 0.6764706
0.1366906 0.1366906 0.1151079 0.1438849 0.1438849 0.1007194 0.05755396 0.02877698 0.08633094 0.05755396 0.0647482
0.8721805 0.8796992 0.924812 0.9323308 0.9097744 0.9097744 0.8045113 0.7518797 0.7744361 0.7669173 0.7819549
0.4926471 0.4926471 0.4779412 0.4558824 0.4485294 0.4264706 0.4264706 0.4264706 0.3970588 0.4191176 0.4191176
0.2868217 0.2635659 0.3178295 0.2945736 0.2713178 0.3023256 0.2790698 0.3255814 0.3255814 0.2945736 0.2093023
0.270073 0.3138686 0.3430657 0.3795620 0.4160584 0.4379562 0.4087591 0.3722628 0.3430657 0.3576642 0.3430657
0.6715328 0.5839416 0.5182482 0.5474453 0.5182482 0.540146 0.5547445 0.6277372 0.6569343 0.7080292 0.7883212
0.1470588 0.1911765 0.1911765 0.1764706 0.2058824 0.1985294 0.1911765 0.1544118 0.1691176 0.1691176 0.1691176
0.4452555 0.3941606 0.3138686 0.3065693 0.2846715 0.2919708 0.2919708 0.3357664 0.3430657 0.3503650 0.3868613
0.2765957 0.2836879 0.2695035 0.2553191 0.2553191 0.2553191 0.3404255 0.5744681 0.4751773 0.5744681 0.6241135
0.2137405 0.259542 0.3282443 0.2748092 0.259542 0.2442748 0.2519084 0.2366412 0.2519084 0.2442748 0.2137405
0.7737226 0.8175182 0.8175182 0.8540146 0.7883212 0.7956204 0.7810219 0.7664234 0.8175182 0.8540146 0.810219
0.2571429 0.3214286 0.2928571 0.3642857 0.3642857 0.35 0.3071429 0.2642857 0.25 0.2714286 0.2214286
0.8195489 0.8721805 0.924812 0.9473684 0.924812 0.9172932 0.924812 0.8646617 0.8721805 0.9097744 0.9097744
0.9716312 0.9858156 0.9787234 1 0.9574468 0.9219858 0.9858156 1 0.9858156 0.964539 0.9716312
1 0.9923664 1 0.9847328 0.9847328 0.9847328 1 0.9694656 0.9847328 0.9847328 0.9465649
0.07194245 0.07194245 0.1079137 0.1007194 0.1223022 0.1510791 0.1223022 0.1223022 0.1079137 0.1366906 0.1223022
0.6423358 0.5839416 0.5547445 0.540146 0.540146 0.6058394 0.5912409 0.6788321 0.7153285 0.7226277 0.7883212
0.4806202 0.4883721 0.4186047 0.3410853 0.248062 0.2558140 0.3410853 0.496124 0.5271318 0.5116279 0.4496124
0.05839416 0.1313869 0.1459854 0.1459854 0.1532847 0.1532847 0.1532847 0.1459854 0.1605839 0.1313869 0.1532847
0.7906977 0.7674419 0.7596899 0.7209302 0.5813953 0.5116279 0.5116279 0.4651163 0.5271318 0.5193798 0.5116279
0.6029412 0.625 0.6691176 0.6617647 0.6544118 0.7720588 0.6397059 0.7132353 0.8088235 0.8529412 0.8455882
0.3088235 0.2720588 0.3308824 0.3382353 0.375 0.3897059 0.375 0.3088235 0.3161765 0.3308824 0.2794118
0.35 0.3571429 0.3642857 0.3785714 0.3857143 0.4142857 0.4642857 0.4785714 0.4785714 0.5142857 0.55
0.1985294 0.1985294 0.1617647 0.1544118 0.1470588 0.1397059 0.1544118 0.1323529 0.125 0.1544118 0.1397059
0.270073 0.3795620 0.3576642 0.3284672 0.3211679 0.3357664 0.3284672 0.3211679 0.3503650 0.3576642 0.3284672
0.2877698 0.2805755 0.3669065 0.3956835 0.4028777 0.3884892 0.381295 0.323741 0.294964 0.3093525 0.2877698
0.1824818 0.2043796 0.2043796 0.2408759 0.2627737 0.2627737 0.270073 0.2554745 0.270073 0.2189781 0.2262774
0.729927 0.729927 0.7737226 0.7591241 0.7372263 0.5985401 0.6277372 0.6423358 0.7080292 0.7226277 0.6642336
0.0610687 0.07633588 0.1068702 0.129771 0.129771 0.129771 0.129771 0.09923664 0.1145038 0.1068702 0.1221374
0.1374046 0.1221374 0.1145038 0.1145038 0.129771 0.129771 0.129771 0.129771 0.1526718 0.129771 0.1374046
0.7304965 0.716312 0.6879433 0.787234 0.7943262 0.7092199 0.8014184 0.8297872 0.8085106 0.8085106 0.7801418
0.3475177 0.3262411 0.3758865 0.2624113 0.3049645 0.2978723 0.3191489 0.2765957 0.2978723 0.2482270 0.2411348
0.1472868 0.1627907 0.2325581 0.2558140 0.3023256 0.3023256 0.2790698 0.2868217 0.3023256 0.2403101 0.1705426
0.85 0.8214286 0.7785714 0.6857143 0.6857143 0.7285714 0.8214286 0.8928571 0.9 0.8857143 0.9071429
0.2137405 0.2061069 0.2213740 0.2366412 0.2366412 0.2366412 0.2519084 0.2671756 0.2824427 0.3740458 0.2900763
0.6642336 0.6642336 0.6861314 0.6277372 0.5985401 0.5912409 0.6642336 0.6934307 0.729927 0.7153285 0.7153285
0.3129771 0.3740458 0.3358779 0.2824427 0.2519084 0.2519084 0.2519084 0.259542 0.259542 0.2900763 0.2900763
0.01459854 0.05839416 0.09489051 0.1167883 0.1386861 0.1386861 0.1021898 0.05109489 0.06569343 0.06569343 0.04379562
0.9357143 0.95 0.9285714 0.9571429 0.9428571 0.9142857 0.9214286 0.9357143 0.9214286 0.9714286 0.9142857
0.8167939 0.8091603 0.6946565 0.6793893 0.6564885 0.778626 0.7862595 0.8473282 0.870229 0.8931298 0.9160305
0.7372263 0.7372263 0.6934307 0.6569343 0.7153285 0.7007299 0.7372263 0.7810219 0.7883212 0.7810219 0.7445255
1 0.9844961 0.9689922 0.9457364 0.9069767 0.883721 0.883721 0.868217 0.868217 0.8914729 0.8604651
0.8248175 0.8759124 0.9051095 0.8759124 0.9051095 0.9270073 0.9635036 0.9489051 0.9489051 0.9489051 0.8978102
0.8345324 0.8705036 0.7913669 0.7913669 0.7985612 0.6618705 0.7266187 0.5683453 0.6546763 0.6330935 0.6115108
