0.0546875 0.1484375 0.0625 0.046875 0.03125 0.015625 0.015625 0 0.0078125 0 0
0.6569343 0.6423358 0.7007299 0.6569343 0.6642336 0.6788321 0.6788321 0.6569343 0.7664234 0.6715328 0.7956204
0.4210526 0.4736842 0.3759398 0.3609023 0.3834586 0.3684211 0.3759398 0.3834586 0.3834586 0.3909774 0.4511278
0.8613139 0.7737226 0.8613139 0.8832117 0.8321168 0.839416 0.8686131 0.9270073 0.890511 0.8540146 0.7956204
0.6934307 0.6642336 0.6788321 0.6642336 0.6934307 0.7153285 0.649635 0.729927 0.7664234 0.6642336 0.6131387
0.2708333 0.2013889 0.1875 0.2013889 0.1111111 0.1458333 0.1666667 0.1527778 0.1458333 0.1875 0.1875
0.9416058 0.890511 0.9270073 0.9416058 0.9562044 0.9343066 0.8759124 0.9270073 0.890511 0.8540146 0.7956204
0.2890625 0.234375 0.359375 0.296875 0.4140625 0.5078125 0.59375 0.578125 0.5703125 0.5859375 0.6953125
0.381295 0.2877698 0.3453237 0.4172662 0.4028777 0.4100719 0.3956835 0.4244604 0.4964029 0.4820144 0.4748201
0.4962963 0.5111111 0.5185185 0.4444444 0.4814815 0.3777778 0.3481481 0.3555556 0.3555556 0.3629630 0.3777778
0.6518519 0.6074074 0.6444444 0.6814815 0.6962963 0.7703704 0.7407407 0.7851852 0.9111111 0.8 0.8148148
0.5968992 0.620155 0.6666667 0.7906977 0.7131783 0.7751938 0.883721 0.9069767 0.7906977 0.8527132 0.8217054
0.09722222 0.09722222 0.125 0.1597222 0.1527778 0.2083333 0.2638889 0.2847222 0.3055556 0.3680556 0.375
0.8201439 0.7841727 0.8417266 0.76259 0.6906475 0.6115108 0.6402878 0.4244604 0.4028777 0.4820144 0.3741007
0.7571429 0.8071429 0.8214286 0.7642857 0.7214286 0.7857143 0.7571429 0.7214286 0.6357143 0.6357143 0.5928571
0.3684211 0.443609 0.3684211 0.406015 0.3308271 0.3684211 0.4210526 0.3684211 0.3684211 0.3533835 0.3533835
0.1937984 0.2325581 0.248062 0.2015504 0.2093023 0.1860465 0.2093023 0.1550388 0.1705426 0.2015504 0.2325581
0.09489051 0.05839416 0.05839416 0.05839416 0.05839416 0.04379562 0.04379562 0.05839416 0.0729927 0.09489051 0.1094891
0.3629630 0.3555556 0.3407407 0.4592593 0.4962963 0.5555556 0.5407407 0.6296296 0.5703704 0.6740741 0.6592593
0.5193798 0.5813953 0.6046512 0.5736434 0.6744186 0.5503876 0.6434109 0.6589147 0.6434109 0.7751938 0.8217054
0.625 0.8125 0.765625 0.625 0.671875 0.6328125 0.5234375 0.4375 0.40625 0.375 0.3515625
0.7810219 0.839416 0.7372263 0.7372263 0.7007299 0.6861314 0.5766423 0.6058394 0.5620438 0.540146 0.5036496
0.5182482 0.4744526 0.4160584 0.4379562 0.4014599 0.4014599 0.3722628 0.3868613 0.4014599 0.459854 0.4525547
0.970803 0.9124088 0.919708 0.9270073 0.9854015 0.9343066 0.9489051 0.9343066 0.8759124 0.8613139 0.8175182
0.2846715 0.1824818 0.1970803 0.2773723 0.3211679 0.3576642 0.3138686 0.3503650 0.3941606 0.3868613 0.3649635
0.2015504 0.1937984 0.1627907 0.1085271 0.09302326 0.05426357 0.0620155 0.03100775 0.01550388 0.0620155 0.05426357
0.3576642 0.3211679 0.3430657 0.3503650 0.3795620 0.4817518 0.4890511 0.4890511 0.540146 0.5328467 0.649635
0.7591241 0.7080292 0.7518248 0.620438 0.4379562 0.3576642 0.2846715 0.1970803 0.1678832 0.1167883 0.1240876
0.5555556 0.6666667 0.5777778 0.6148148 0.5851852 0.5925926 0.6 0.7037037 0.5481481 0.5703704 0.5925926
0.0729927 0.08759124 0.05839416 0.08029197 0.0729927 0.05109489 0.03649635 0.04379562 0.05109489 0.1167883 0.08759124
0.3233083 0.3308271 0.3684211 0.2556391 0.2857143 0.2631579 0.2105263 0.2255639 0.1804511 0.1578947 0.1503759
0.3503650 0.3868613 0.4160584 0.5182482 0.5620438 0.7518248 0.729927 0.7518248 0.8759124 0.8613139 0.8175182
0.02325581 0.02325581 0.01550388 0.01550388 0 0 0.007751938 0.01550388 0.01550388 0.04651163 0.1007752
0.6171875 0.65625 0.6640625 0.5078125 0.421875 0.4375 0.296875 0.21875 0.2109375 0.171875 0.1484375
0.6115108 0.6330935 0.6978417 0.6618705 0.705036 0.647482 0.6690647 0.6546763 0.6546763 0.7194245 0.6402878
0.1897810 0.1459854 0.2043796 0.2262774 0.2992701 0.2846715 0.3211679 0.3211679 0.3284672 0.2846715 0.2773723
0.3359375 0.2421875 0.359375 0.46875 0.546875 0.6328125 0.7265625 0.734375 0.7421875 0.71875 0.8125
0.5555556 0.6148148 0.5037037 0.4148148 0.2666667 0.2296296 0.1259259 0.07407407 0.04444444 0.03703704 0.02222222
0.1953125 0.2109375 0.203125 0.1796875 0.2734375 0.1640625 0.21875 0.234375 0.265625 0.2734375 0.34375
0.1678832 0.1824818 0.2262774 0.2262774 0.2627737 0.2481752 0.2481752 0.1970803 0.2554745 0.2919708 0.270073
0.84375 0.84375 0.8359375 0.8671875 0.8203125 0.859375 0.71875 0.71875 0.6875 0.71875 0.703125
0.921875 0.984375 0.8671875 0.8828125 0.9375 0.8984375 0.890625 0.8671875 0.859375 0.890625 0.8125
0.1937984 0.2325581 0.2093023 0.2558140 0.1395349 0.1860465 0.1395349 0.1395349 0.1395349 0.1162791 0.1162791
0.7007299 0.7007299 0.6569343 0.6058394 0.649635 0.5912409 0.5839416 0.4963504 0.5182482 0.4890511 0.5036496
0.3065693 0.2919708 0.3357664 0.4233577 0.4160584 0.4817518 0.4963504 0.4671533 0.6131387 0.7007299 0.6058394
0.4532374 0.4604317 0.4892086 0.4316547 0.5467626 0.4676259 0.5323741 0.5539568 0.5107914 0.6043165 0.6978417
0.1021898 0.1313869 0.1240876 0.1167883 0.1094891 0.09489051 0.08029197 0.1021898 0.1167883 0.0729927 0.09489051
0.649635 0.5620438 0.5693431 0.5766423 0.5474453 0.5693431 0.6277372 0.5547445 0.6569343 0.540146 0.5693431
0.8045113 0.7443609 0.8045113 0.8045113 0.7744361 0.7669173 0.7593985 0.6541353 0.7142857 0.6466165 0.6240602
0.8417266 0.9208633 0.8776978 0.8776978 0.8489209 0.8417266 0.9208633 0.8417266 0.733813 0.676259 0.705036
0.443609 0.443609 0.4285714 0.3909774 0.4210526 0.4736842 0.4511278 0.4135338 0.3984962 0.406015 0.4511278
0.2631579 0.2180451 0.2556391 0.2556391 0.2706767 0.2631579 0.2406015 0.3157895 0.3533835 0.3684211 0.3609023
0.9689922 0.992248 0.9457364 0.9689922 0.8914729 0.9767442 0.9612403 0.9069767 0.868217 0.8527132 0.8217054
0.9416058 0.9489051 0.9416058 0.9489051 0.9635036 0.9343066 0.8978102 0.9343066 0.8759124 0.8613139 0.8175182
0.890625 0.8125 0.8125 0.8671875 0.7734375 0.8125 0.71875 0.71875 0.6328125 0.65625 0.5859375
0.2248062 0.2325581 0.3023256 0.2635659 0.3178295 0.3798450 0.3410853 0.4263566 0.4496124 0.4573643 0.4573643
0.9844961 0.992248 0.9689922 0.9767442 1 0.9767442 0.9612403 0.9069767 0.868217 0.8527132 0.8217054
0.1223022 0.1151079 0.1151079 0.07194245 0.08633094 0.04316547 0.05035971 0.02877698 0.02877698 0.03597122 0.02877698
0.5037037 0.4962963 0.4296296 0.3629630 0.2666667 0.1925926 0.0962963 0.1111111 0.05185185 0.03703704 0.05925926
0.1578947 0.1353383 0.1503759 0.1503759 0.2105263 0.1503759 0.1353383 0.1353383 0.09774436 0.08270677 0.09022556
0.7925926 0.7555556 0.7777778 0.7259259 0.6444444 0.6 0.5111111 0.4592593 0.3851852 0.3629630 0.3111111
0.2142857 0.2285714 0.2285714 0.1642857 0.2714286 0.1857143 0.25 0.2785714 0.3357143 0.3428571 0.3071429
0.3777778 0.437037 0.3629630 0.2888889 0.2222222 0.1259259 0.08148148 0.05925926 0.04444444 0.04444444 0.02962963
0.5714286 0.481203 0.5263158 0.6165414 0.6015038 0.5714286 0.6240602 0.7593985 0.6917293 0.7443609 0.7142857
0.6642857 0.6214286 0.6214286 0.6214286 0.5785714 0.5928571 0.6428571 0.55 0.5928571 0.6357143 0.5857143
0.02962963 0.03703704 0.05185185 0.04444444 0.03703704 0.04444444 0.02962963 0.05185185 0.1111111 0.1185185 0.1111111
0.890511 0.8613139 0.8978102 0.9051095 0.9562044 0.8978102 0.9124088 0.9270073 0.890511 0.8540146 0.7956204
0.3798450 0.3023256 0.3023256 0.3798450 0.372093 0.372093 0.3643411 0.4031008 0.3643411 0.3333333 0.3410853
0.8518519 0.8592593 0.8444444 0.9407407 0.925926 0.9703704 0.9555556 0.9703704 0.9111111 0.8814815 0.8148148
0.8175182 0.7737226 0.729927 0.729927 0.7153285 0.6131387 0.6423358 0.5839416 0.5328467 0.459854 0.4671533
0.5109489 0.5255474 0.459854 0.4525547 0.4306569 0.3795620 0.3649635 0.3576642 0.3357664 0.3430657 0.3868613
0.3100775 0.3178295 0.3255814 0.3100775 0.372093 0.2635659 0.2868217 0.3100775 0.2713178 0.2558140 0.2248062
0.4651163 0.5426357 0.4496124 0.4341085 0.372093 0.3410853 0.3410853 0.3875969 0.3333333 0.2945736 0.3410853
0.96875 0.984375 0.90625 0.9375 0.984375 0.9453125 0.8984375 0.8671875 0.859375 0.890625 0.8125
0.125 0.1111111 0.1180556 0.1041667 0.08333333 0.1319444 0.1180556 0.1388889 0.1180556 0.1388889 0.1111111
0.5488722 0.4736842 0.443609 0.3759398 0.4511278 0.4736842 0.5639098 0.481203 0.5037594 0.443609 0.4511278
0.984375 0.8671875 0.8515625 0.8828125 0.9296875 0.9375 0.921875 0.9140625 0.8984375 0.7734375 0.8125
0.970803 0.9489051 0.890511 0.9270073 0.919708 0.919708 0.8832117 0.9343066 0.7518248 0.7518248 0.6934307
0.8175182 0.8175182 0.8248175 0.9416058 0.9270073 0.8978102 0.9489051 0.9343066 0.8759124 0.8613139 0.8175182
0.3359375 0.328125 0.421875 0.46875 0.5546875 0.6328125 0.6796875 0.71875 0.7421875 0.7890625 0.8125
0.7153285 0.6350365 0.8175182 0.7664234 0.8686131 0.839416 0.9489051 0.8540146 0.890511 0.8540146 0.7956204
0.06976744 0.06976744 0.08527132 0.1472868 0.1395349 0.2170543 0.3023256 0.3100775 0.3798450 0.4341085 0.4883721
0.7218045 0.631579 0.6165414 0.6842105 0.6466165 0.5789474 0.6015038 0.556391 0.6466165 0.6466165 0.6165414
0.6328125 0.6875 0.734375 0.828125 0.6875 0.8125 0.8671875 0.8671875 0.7265625 0.890625 0.8125
0.3884892 0.4532374 0.4172662 0.4316547 0.5035971 0.5251799 0.5107914 0.5539568 0.6258993 0.6690647 0.647482
0.7906977 0.7364341 0.7209302 0.8217054 0.7829457 0.7906977 0.7674419 0.6821705 0.6124031 0.6511628 0.5581395
0.3481481 0.3333333 0.3111111 0.2518519 0.2296296 0.1851852 0.1185185 0.1481481 0.1111111 0.1407407 0.1185185
0.620438 0.6131387 0.5839416 0.7080292 0.810219 0.7372263 0.7518248 0.8248175 0.6934307 0.8248175 0.6934307
0.7697842 0.733813 0.8489209 0.76259 0.6330935 0.7194245 0.6330935 0.5251799 0.5107914 0.5539568 0.6402878
0 0 0 0 0.0234375 0.03125 0.0625 0.078125 0.203125 0.1875 0.203125
0.3211679 0.3649635 0.1751825 0.1021898 0.0729927 0.06569343 0.02189781 0.02189781 0.02189781 0.02919708 0.01459854
0.6928571 0.7714286 0.7928571 0.75 0.75 0.75 0.75 0.7642857 0.7071429 0.7785714 0.6428571
0.08759124 0.09489051 0.1167883 0.1605839 0.1751825 0.2335766 0.2408759 0.2846715 0.2773723 0.3211679 0.3211679
0.8604651 0.8604651 0.8604651 0.8449612 0.8294574 0.8527132 0.7906977 0.8294574 0.7364341 0.7751938 0.7286822
0.9640288 0.9856115 0.942446 0.8992806 0.9640288 0.9640288 0.9280576 0.9280576 0.8417266 0.8273381 0.7482014
0.3828125 0.2265625 0.359375 0.359375 0.3828125 0.4375 0.484375 0.5703125 0.6015625 0.6015625 0.6484375
0.2142857 0.2714286 0.2571429 0.1785714 0.1785714 0.08571429 0.1214286 0.1357143 0.1428571 0.1928571 0.1428571
0.3629630 0.4592593 0.3629630 0.3925926 0.4296296 0.4666667 0.4592593 0.5407407 0.5259259 0.5037037 0.5333333
0.8796992 0.9398496 0.887218 0.9022556 0.924812 0.9548872 0.8345865 0.9022556 0.8646617 0.8421053 0.7819549
0.1328125 0.1171875 0.15625 0.1796875 0.2578125 0.25 0.2734375 0.390625 0.3671875 0.3515625 0.40625
0.7928571 0.8357143 0.7714286 0.7785714 0.8071429 0.8 0.8285714 0.8071429 0.7714286 0.8071429 0.8071429
0.3649635 0.3503650 0.4087591 0.4014599 0.4087591 0.4671533 0.3649635 0.3211679 0.3357664 0.2846715 0.2846715
0.5116279 0.5658915 0.6899225 0.5193798 0.6046512 0.627907 0.620155 0.5968992 0.6124031 0.7131783 0.5813953
0.2558140 0.2325581 0.2170543 0.2945736 0.2325581 0.2248062 0.2635659 0.2170543 0.2170543 0.2015504 0.2015504
0.8203125 0.8046875 0.8046875 0.8671875 0.7578125 0.765625 0.765625 0.734375 0.71875 0.7890625 0.671875
0.3203125 0.2109375 0.3125 0.296875 0.3515625 0.328125 0.3828125 0.421875 0.390625 0.390625 0.375
0.7664234 0.8175182 0.7664234 0.7883212 0.8540146 0.7956204 0.7737226 0.7810219 0.6350365 0.7007299 0.6934307
0.5071429 0.5571429 0.5357143 0.5357143 0.5142857 0.4714286 0.5214286 0.5 0.4785714 0.4071429 0.4142857
0.3909774 0.3533835 0.3684211 0.3082707 0.3609023 0.2857143 0.2481203 0.2255639 0.2406015 0.1729323 0.1578947
0.2518519 0.2518519 0.2814815 0.3111111 0.2740741 0.3407407 0.3481481 0.3925926 0.3851852 0.4222222 0.3777778
0.7357143 0.7071429 0.7357143 0.6642857 0.6857143 0.7 0.6357143 0.7071429 0.7285714 0.65 0.6071429
0.04379562 0.05109489 0.04379562 0.03649635 0.05109489 0.02919708 0.02189781 0.05839416 0.08759124 0.1021898 0.1094891
0.3798450 0.4031008 0.3875969 0.3565891 0.4186047 0.372093 0.3565891 0.3100775 0.2635659 0.2558140 0.2635659
0.323741 0.3669065 0.3597122 0.4532374 0.4460432 0.5179856 0.5107914 0.5611511 0.618705 0.6043165 0.647482
0.1313869 0.1678832 0.1605839 0.2846715 0.1970803 0.2773723 0.3211679 0.3211679 0.3357664 0.3430657 0.3430657
0.4817518 0.5182482 0.5547445 0.459854 0.4525547 0.4014599 0.3795620 0.3138686 0.3722628 0.3357664 0.3722628
0.4097222 0.3680556 0.4305556 0.4652778 0.5069444 0.4722222 0.5902778 0.5625 0.6666667 0.6527778 0.7986111
0.7906977 0.8217054 0.7209302 0.8372093 0.7674419 0.7751938 0.7286822 0.7906977 0.868217 0.7131783 0.8217054
0.1654135 0.1127820 0.09774436 0.1804511 0.2105263 0.2180451 0.2180451 0.3007519 0.2706767 0.2481203 0.2556391
0.984375 0.9453125 0.9453125 0.9609375 0.9765625 0.984375 0.921875 0.9140625 0.8984375 0.890625 0.8125
0.837037 0.8592593 0.8888889 0.9481481 0.8962963 0.9703704 0.9555556 0.9703704 0.9111111 0.8814815 0.8148148
0.921875 0.8984375 0.9453125 0.9375 0.96875 0.9453125 0.921875 0.9140625 0.8984375 0.890625 0.8125
0.0625 0.05555556 0.0625 0.06944444 0.08333333 0.1319444 0.2152778 0.2569444 0.2430556 0.2638889 0.3333333
0.4518519 0.4518519 0.4074074 0.3481481 0.2592593 0.1555556 0.1185185 0.08888889 0.07407407 0.05185185 0.08148148
0.03100775 0.06976744 0.03875969 0.03100775 0.007751938 0.02325581 0.007751938 0 0.01550388 0.0620155 0.03875969
0.5036496 0.5255474 0.5693431 0.5912409 0.5912409 0.5985401 0.649635 0.6861314 0.6788321 0.7664234 0.6350365
0.9416058 0.890511 0.9124088 0.9416058 0.9562044 0.9343066 0.8686131 0.9270073 0.890511 0.8540146 0.7956204
0.3021583 0.3093525 0.294964 0.2014388 0.1294964 0.1151079 0.1151079 0.1151079 0.09352518 0.1007194 0.05755396
0.5428571 0.5428571 0.6 0.6 0.7214286 0.6785714 0.6428571 0.7214286 0.6285714 0.65 0.6571429
0.2262774 0.270073 0.3284672 0.2846715 0.3284672 0.2846715 0.2846715 0.2773723 0.2335766 0.2408759 0.2189781
0.3055556 0.25 0.2569444 0.3541667 0.3263889 0.3402778 0.4166667 0.4097222 0.4097222 0.4444444 0.4375
0.1313869 0.1678832 0.1824818 0.2773723 0.3284672 0.3795620 0.4744526 0.459854 0.4890511 0.459854 0.4817518
0 0 0 0.015625 0.0234375 0.03125 0.046875 0.046875 0.1328125 0.171875 0.1875
0.6165414 0.5488722 0.5864662 0.6165414 0.5488722 0.5263158 0.5413534 0.5263158 0.4511278 0.4285714 0.4360902
0.5703704 0.5555556 0.6148148 0.6074074 0.6666667 0.637037 0.7037037 0.7851852 0.6962963 0.6222222 0.8148148
0.02325581 0.06976744 0.03875969 0.03875969 0.04651163 0.08527132 0.1395349 0.1782946 0.2093023 0.2248062 0.2868217
0.1328125 0.15625 0.140625 0.0859375 0.0546875 0.0390625 0.0390625 0.046875 0.125 0.125 0.0546875
0.7714286 0.6857143 0.7357143 0.7642857 0.75 0.8428571 0.7571429 0.7214286 0.7642857 0.7785714 0.7428571
0.3714286 0.3642857 0.3714286 0.2357143 0.1785714 0.1642857 0.1 0.1142857 0.08571429 0.1071429 0.07142857
0.9305556 0.9722222 0.9027778 0.9652778 0.875 0.8680556 0.7847222 0.7083333 0.7152778 0.6527778 0.5833333
0.1313869 0.1386861 0.1021898 0.2043796 0.1751825 0.1824818 0.2554745 0.3211679 0.2554745 0.2408759 0.2627737
0.8045113 0.8045113 0.8195489 0.9172932 0.7518797 0.81203 0.7894737 0.7969925 0.6917293 0.6466165 0.6240602
0.9844961 0.992248 0.9147287 0.8914729 0.9224806 0.9767442 0.9612403 0.9069767 0.868217 0.7751938 0.8217054
0.6277372 0.6277372 0.5620438 0.540146 0.6350365 0.5693431 0.5547445 0.5620438 0.5766423 0.5985401 0.5474453
0.1640625 0.1640625 0.171875 0.1171875 0.1171875 0.0859375 0.1171875 0.15625 0.1796875 0.1875 0.171875
0.8646617 0.8796992 0.8721805 0.9172932 0.9172932 0.887218 0.8345865 0.7969925 0.8646617 0.8421053 0.7819549
0.593985 0.5864662 0.5864662 0.6090226 0.5263158 0.6090226 0.6766917 0.6165414 0.7142857 0.8421053 0.6240602
0.6350365 0.7810219 0.5912409 0.5693431 0.4963504 0.3430657 0.2408759 0.2043796 0.2262774 0.1897810 0.1751825
0.618705 0.5971223 0.5971223 0.6618705 0.6546763 0.733813 0.8776978 0.8417266 0.8417266 0.8273381 0.7482014
0.649635 0.6642336 0.7810219 0.7737226 0.7810219 0.8613139 0.9489051 0.9343066 0.8759124 0.8613139 0.8175182
0.7518797 0.7368421 0.7293233 0.6616541 0.6541353 0.6240602 0.6015038 0.6015038 0.5714286 0.4887218 0.481203
