0.158 0.128 0.122 0.1 0.12 0.106 0.078 0.054 0.06 0.03 0.026
0.218 0.202 0.252 0.208 0.226 0.178 0.184 0.132 0.14 0.128 0.084
0.022 0.008 0.018 0.002 0.006 0 0.008 0.004 0.006 0 0
0.064 0.054 0.048 0.042 0.04 0.07 0.028 0.038 0.046 0.022 0.02
0.462 0.404 0.434 0.438 0.464 0.466 0.448 0.422 0.418 0.402 0.44
0.048 0.046 0.028 0.016 0.012 0.014 0.01 0.012 0.008 0.002 0.004
0.374 0.306 0.32 0.258 0.212 0.194 0.146 0.14 0.118 0.076 0.054
0.212 0.21 0.224 0.26 0.28 0.234 0.21 0.2 0.222 0.166 0.192
0.2 0.166 0.102 0.076 0.05 0.036 0.042 0.022 0.014 0.002 0.004
0.124 0.102 0.088 0.064 0.054 0.042 0.028 0.024 0.002 0.006 0.002
0.498 0.48 0.444 0.35 0.312 0.288 0.248 0.24 0.19 0.17 0.15
0.026 0.038 0.032 0.032 0.054 0.05 0.042 0.034 0.056 0.038 0.046
0.042 0.032 0.02 0.022 0.032 0.012 0.026 0.02 0.02 0.012 0.006
0.18 0.178 0.16 0.152 0.162 0.108 0.142 0.106 0.102 0.08 0.098
0.486 0.494 0.48 0.454 0.49 0.556 0.57 0.556 0.528 0.482 0.472
0.318 0.332 0.314 0.374 0.416 0.372 0.372 0.354 0.338 0.32 0.348
0.332 0.31 0.248 0.214 0.172 0.146 0.09 0.078 0.032 0.032 0.01
0.052 0.046 0.048 0.024 0.028 0.022 0.01 0.01 0.006 0.006 0
0.1 0.088 0.13 0.1 0.124 0.118 0.128 0.128 0.152 0.174 0.166
0.038 0.066 0.054 0.044 0.052 0.058 0.056 0.06 0.044 0.03 0.042
0.318 0.278 0.234 0.216 0.17 0.148 0.142 0.15 0.098 0.086 0.086
0.28 0.254 0.292 0.234 0.222 0.18 0.136 0.112 0.066 0.07 0.05
0.058 0.048 0.062 0.028 0.028 0.03 0.014 0 0.008 0 0.002
0.574 0.544 0.534 0.472 0.512 0.434 0.408 0.368 0.326 0.33 0.3
0.286 0.348 0.35 0.44 0.46 0.43 0.494 0.506 0.522 0.514 0.512
0.35 0.312 0.296 0.262 0.228 0.128 0.124 0.112 0.094 0.052 0.036
0.12 0.164 0.164 0.234 0.26 0.286 0.36 0.402 0.448 0.508 0.522
0.068 0.094 0.08 0.078 0.066 0.048 0.044 0.022 0.022 0.016 0.016
0.336 0.382 0.388 0.424 0.39 0.45 0.438 0.46 0.5 0.512 0.538
0.258 0.25 0.24 0.272 0.244 0.236 0.294 0.298 0.376 0.432 0.478
0.402 0.398 0.45 0.446 0.412 0.382 0.398 0.392 0.378 0.326 0.368
0.142 0.16 0.178 0.194 0.194 0.268 0.27 0.318 0.416 0.41 0.428
0.156 0.146 0.134 0.106 0.074 0.07 0.054 0.028 0.016 0.024 0.02
0.224 0.21 0.218 0.2 0.162 0.168 0.18 0.154 0.136 0.148 0.142
0.246 0.214 0.19 0.128 0.056 0.05 0.04 0.014 0.014 0.002 0.002
0.146 0.228 0.262 0.306 0.386 0.368 0.504 0.554 0.586 0.612 0.644
0.27 0.292 0.26 0.27 0.226 0.236 0.16 0.17 0.11 0.11 0.08
0.54 0.482 0.47 0.46 0.412 0.408 0.394 0.354 0.316 0.312 0.246
0.042 0.046 0.062 0.032 0.028 0.04 0.022 0.018 0.03 0.008 0.026
0.026 0.014 0.02 0.012 0.014 0.012 0.006 0.004 0 0.006 0
0.294 0.3 0.296 0.31 0.31 0.304 0.364 0.336 0.384 0.394 0.406
0.088 0.11 0.132 0.112 0.11 0.096 0.09 0.08 0.082 0.072 0.066
0.334 0.318 0.33 0.296 0.264 0.22 0.184 0.11 0.086 0.07 0.06
0.31 0.25 0.212 0.214 0.14 0.128 0.094 0.104 0.038 0.044 0.044
0.336 0.352 0.378 0.43 0.448 0.55 0.556 0.546 0.582 0.592 0.592
0.092 0.108 0.098 0.092 0.062 0.066 0.064 0.036 0.022 0.022 0.026
0.06 0.052 0.054 0.048 0.03 0.046 0.048 0.03 0.026 0.01 0.014
0.388 0.424 0.43 0.428 0.466 0.428 0.412 0.406 0.466 0.412 0.402
0.024 0.014 0.024 0.008 0.018 0.006 0.004 0.004 0 0 0
0.004 0.014 0.006 0.018 0.002 0.004 0 0 0 0 0
0.07 0.058 0.046 0.032 0.026 0.032 0.028 0.034 0.012 0.026 0.02
0.232 0.246 0.192 0.206 0.182 0.16 0.152 0.102 0.092 0.064 0.06
0.008 0.01 0.004 0.002 0.002 0.006 0.004 0.002 0.002 0.002 0
0.284 0.294 0.272 0.278 0.34 0.324 0.326 0.35 0.36 0.388 0.386
0.256 0.246 0.29 0.292 0.404 0.426 0.498 0.542 0.596 0.604 0.636
0.544 0.546 0.538 0.542 0.55 0.598 0.598 0.568 0.606 0.566 0.59
0.1 0.108 0.116 0.154 0.096 0.136 0.096 0.088 0.13 0.128 0.134
0.384 0.376 0.412 0.436 0.392 0.438 0.418 0.386 0.35 0.34 0.266
0.2 0.24 0.266 0.286 0.362 0.38 0.444 0.466 0.536 0.522 0.562
0.098 0.062 0.066 0.066 0.05 0.032 0.03 0.022 0.012 0.012 0.004
0.186 0.144 0.178 0.166 0.134 0.108 0.102 0.07 0.06 0.062 0.034
0.048 0.052 0.046 0.052 0.034 0.028 0.036 0.024 0.02 0.018 0.032
0.12 0.106 0.088 0.062 0.074 0.036 0.034 0.018 0.022 0.004 0
0.144 0.112 0.164 0.154 0.142 0.138 0.1 0.106 0.112 0.106 0.094
0.008 0.01 0.006 0.002 0.004 0.004 0.002 0 0 0 0
0.04 0.052 0.046 0.06 0.078 0.054 0.072 0.066 0.074 0.07 0.108
0.07 0.086 0.098 0.082 0.13 0.126 0.116 0.124 0.142 0.124 0.106
0.386 0.4 0.36 0.348 0.36 0.308 0.268 0.276 0.25 0.226 0.218
0.088 0.108 0.108 0.12 0.13 0.132 0.136 0.136 0.122 0.154 0.164
0.018 0.02 0.02 0.02 0.014 0.018 0.008 0.01 0.004 0 0.002
0.618 0.598 0.608 0.538 0.642 0.566 0.55 0.572 0.498 0.56 0.536
0.168 0.164 0.168 0.16 0.134 0.106 0.074 0.112 0.08 0.078 0.094
0.032 0.018 0.028 0.018 0.006 0.014 0.004 0.01 0 0.002 0.004
0.022 0.02 0.008 0.002 0.004 0.006 0.008 0.008 0.004 0 0.002
0.086 0.078 0.054 0.052 0.022 0.028 0.012 0.014 0.004 0.002 0
0.232 0.2 0.178 0.126 0.092 0.058 0.046 0.024 0.024 0.016 0.008
0.006 0.006 0.004 0.006 0.004 0.002 0.002 0.002 0.004 0 0
0.466 0.46 0.404 0.38 0.326 0.33 0.322 0.284 0.21 0.192 0.176
0.074 0.088 0.054 0.08 0.07 0.076 0.084 0.084 0.088 0.062 0.052
0.14 0.128 0.104 0.124 0.102 0.108 0.066 0.05 0.044 0.046 0.028
0.126 0.118 0.144 0.084 0.106 0.116 0.098 0.07 0.094 0.09 0.054
0.362 0.392 0.384 0.428 0.428 0.458 0.494 0.49 0.486 0.468 0.44
0.122 0.128 0.11 0.11 0.068 0.05 0.044 0.014 0.014 0.004 0.006
0.168 0.114 0.112 0.106 0.11 0.076 0.062 0.04 0.042 0.034 0.024
0.388 0.412 0.398 0.28 0.268 0.252 0.22 0.2 0.174 0.182 0.132
0.268 0.332 0.31 0.338 0.372 0.35 0.388 0.342 0.368 0.372 0.404
0.358 0.39 0.438 0.378 0.406 0.454 0.506 0.496 0.49 0.534 0.514
0.214 0.196 0.17 0.16 0.138 0.118 0.116 0.078 0.072 0.064 0.05
0.066 0.05 0.046 0.026 0.018 0.03 0.008 0.016 0.006 0.002 0.002
0.344 0.256 0.22 0.198 0.19 0.16 0.12 0.126 0.052 0.056 0.03
0.176 0.196 0.166 0.192 0.208 0.166 0.14 0.112 0.134 0.076 0.084
0.534 0.442 0.474 0.414 0.32 0.26 0.21 0.154 0.128 0.094 0.072
0.034 0.05 0.038 0.04 0.014 0.016 0.014 0.006 0.002 0 0
0.182 0.198 0.194 0.132 0.104 0.128 0.084 0.09 0.054 0.042 0.03
0.064 0.05 0.076 0.068 0.054 0.054 0.032 0.032 0.014 0.01 0.006
0.286 0.344 0.28 0.29 0.314 0.294 0.348 0.308 0.342 0.39 0.39
0.268 0.31 0.31 0.226 0.242 0.216 0.172 0.152 0.144 0.148 0.132
0.086 0.076 0.046 0.046 0.034 0.022 0.022 0.018 0.01 0.004 0.004
0.14 0.146 0.106 0.138 0.158 0.124 0.132 0.108 0.096 0.098 0.078
0.108 0.17 0.186 0.21 0.218 0.248 0.266 0.304 0.34 0.332 0.292
0.594 0.55 0.536 0.556 0.542 0.53 0.508 0.498 0.462 0.438 0.512
0.162 0.136 0.146 0.16 0.168 0.192 0.248 0.258 0.304 0.348 0.392
0.17 0.2 0.168 0.166 0.148 0.13 0.134 0.11 0.1 0.114 0.108
0.184 0.158 0.214 0.192 0.224 0.222 0.234 0.238 0.234 0.248 0.198
0.222 0.186 0.208 0.192 0.194 0.236 0.218 0.218 0.232 0.198 0.236
0.046 0.05 0.04 0.036 0.042 0.022 0.018 0.016 0.008 0.006 0.004
0.382 0.374 0.334 0.334 0.244 0.206 0.204 0.156 0.158 0.14 0.154
0.01 0.006 0.008 0.002 0.004 0.002 0.002 0.004 0 0 0
0.01 0.006 0.01 0 0.004 0.002 0.004 0 0.002 0 0
0.008 0.014 0.004 0.008 0.002 0.002 0.004 0.004 0.002 0 0
0.454 0.426 0.464 0.426 0.43 0.344 0.342 0.286 0.282 0.236 0.208
0.264 0.362 0.392 0.39 0.454 0.53 0.518 0.546 0.612 0.652 0.614
0.63 0.644 0.65 0.696 0.668 0.692 0.678 0.69 0.728 0.684 0.664
0.008 0.01 0.018 0.01 0.01 0.004 0.01 0.006 0.004 0.004 0.002
0.346 0.336 0.352 0.366 0.392 0.426 0.37 0.474 0.458 0.482 0.478
0.188 0.158 0.11 0.112 0.102 0.048 0.062 0.036 0.026 0.026 0.022
0.278 0.242 0.196 0.238 0.23 0.218 0.228 0.254 0.234 0.224 0.252
0.262 0.244 0.182 0.214 0.16 0.17 0.112 0.088 0.09 0.062 0.044
0.22 0.174 0.16 0.156 0.112 0.08 0.096 0.052 0.022 0.03 0.012
0.302 0.272 0.252 0.244 0.224 0.206 0.21 0.208 0.206 0.206 0.2
0.252 0.2 0.218 0.234 0.204 0.212 0.19 0.148 0.14 0.12 0.144
0.42 0.436 0.452 0.41 0.452 0.408 0.346 0.338 0.376 0.328 0.306
0.032 0.042 0.042 0.03 0.016 0.016 0.006 0.012 0.002 0.008 0.004
0.3 0.308 0.278 0.304 0.314 0.294 0.28 0.306 0.326 0.298 0.33
0.052 0.056 0.048 0.04 0.062 0.06 0.066 0.048 0.05 0.056 0.018
0.086 0.058 0.076 0.044 0.052 0.042 0.04 0.032 0.034 0.034 0.03
0.024 0.002 0.018 0.018 0.018 0.016 0.018 0.01 0.006 0.002 0.014
0.298 0.304 0.31 0.318 0.338 0.3 0.29 0.334 0.364 0.346 0.356
0.034 0.016 0.012 0.012 0.01 0.002 0.002 0.002 0 0.006 0.004
0.026 0.004 0.01 0.018 0.024 0.016 0.006 0.014 0.004 0.004 0.004
0.116 0.12 0.132 0.16 0.168 0.206 0.238 0.264 0.278 0.34 0.348
0.022 0.022 0.018 0.01 0.01 0.014 0.018 0.002 0.008 0.002 0.002
0.242 0.274 0.252 0.29 0.29 0.318 0.306 0.372 0.374 0.378 0.41
0.058 0.028 0.034 0.02 0.014 0.002 0.008 0.002 0.008 0 0
0.052 0.046 0.034 0.05 0.042 0.034 0.02 0.016 0.022 0.002 0.006
0.018 0.022 0.02 0.032 0.03 0.034 0.032 0.054 0.048 0.034 0.034
