0.18 0.17 0.138 0.158 0.136 0.098 0.088 0.096 0.05 0.034 0.038
0.192 0.198 0.202 0.19 0.184 0.166 0.146 0.166 0.102 0.094 0.07
0.026 0.022 0.026 0.022 0.014 0.014 0.012 0.014 0.006 0.004 0
0.066 0.06 0.048 0.044 0.054 0.05 0.054 0.028 0.048 0.054 0.034
0.386 0.414 0.386 0.36 0.416 0.416 0.38 0.358 0.3 0.286 0.284
0.062 0.062 0.042 0.038 0.026 0.024 0.008 0.004 0 0.002 0
0.258 0.232 0.2 0.206 0.148 0.138 0.112 0.102 0.08 0.044 0.05
0.162 0.168 0.208 0.188 0.202 0.19 0.196 0.146 0.152 0.176 0.124
0.174 0.128 0.132 0.076 0.058 0.036 0.034 0.034 0.01 0.008 0.004
0.2 0.142 0.126 0.1 0.062 0.07 0.048 0.026 0.01 0 0.006
0.514 0.46 0.388 0.382 0.326 0.262 0.242 0.184 0.17 0.126 0.112
0.124 0.074 0.084 0.054 0.056 0.066 0.038 0.036 0.034 0.038 0.034
0.026 0.016 0.01 0.024 0.018 0.012 0.006 0.008 0.004 0.002 0.01
0.196 0.176 0.166 0.16 0.126 0.13 0.122 0.12 0.102 0.086 0.1
0.434 0.414 0.432 0.472 0.496 0.432 0.418 0.398 0.436 0.418 0.376
0.38 0.388 0.378 0.426 0.382 0.418 0.416 0.47 0.446 0.46 0.456
0.278 0.222 0.21 0.17 0.118 0.07 0.052 0.048 0.032 0.02 0.016
0.032 0.04 0.03 0.02 0.016 0.012 0.01 0.004 0.004 0 0
0.058 0.038 0.072 0.074 0.052 0.082 0.08 0.092 0.14 0.14 0.112
0.05 0.07 0.078 0.074 0.09 0.076 0.07 0.088 0.074 0.062 0.052
0.244 0.234 0.24 0.206 0.146 0.156 0.132 0.096 0.086 0.082 0.07
0.208 0.19 0.19 0.186 0.162 0.174 0.128 0.13 0.08 0.062 0.056
0.072 0.054 0.03 0.03 0.018 0.02 0.018 0.012 0.004 0.004 0
0.472 0.478 0.45 0.41 0.394 0.334 0.356 0.324 0.33 0.304 0.282
0.33 0.34 0.31 0.402 0.412 0.448 0.534 0.496 0.54 0.544 0.57
0.42 0.428 0.36 0.294 0.254 0.23 0.172 0.154 0.118 0.082 0.076
0.102 0.112 0.162 0.154 0.214 0.266 0.362 0.386 0.45 0.458 0.516
0.068 0.054 0.044 0.058 0.038 0.036 0.04 0.03 0.022 0.016 0.014
0.43 0.426 0.48 0.488 0.494 0.51 0.55 0.544 0.596 0.568 0.64
0.256 0.252 0.258 0.262 0.284 0.268 0.304 0.332 0.348 0.35 0.416
0.306 0.324 0.36 0.348 0.322 0.324 0.308 0.3 0.356 0.35 0.384
0.146 0.136 0.182 0.214 0.226 0.25 0.324 0.386 0.37 0.43 0.412
0.138 0.15 0.134 0.118 0.106 0.04 0.05 0.06 0.036 0.014 0.012
0.324 0.316 0.286 0.288 0.282 0.234 0.28 0.284 0.264 0.276 0.254
0.244 0.222 0.142 0.096 0.068 0.044 0.034 0.02 0.006 0.006 0.002
0.246 0.28 0.346 0.406 0.422 0.504 0.546 0.574 0.668 0.688 0.676
0.332 0.244 0.274 0.228 0.184 0.186 0.138 0.154 0.104 0.082 0.058
0.624 0.574 0.594 0.566 0.584 0.53 0.544 0.518 0.43 0.418 0.442
0.044 0.046 0.042 0.042 0.036 0.044 0.016 0.024 0.024 0.014 0.022
0.026 0.034 0.026 0.018 0.028 0.016 0.02 0.004 0.008 0.006 0.002
0.3 0.244 0.26 0.278 0.276 0.268 0.262 0.338 0.272 0.314 0.31
0.158 0.138 0.116 0.11 0.134 0.092 0.108 0.122 0.096 0.086 0.084
0.332 0.36 0.304 0.312 0.288 0.204 0.162 0.136 0.094 0.066 0.068
0.282 0.254 0.242 0.168 0.17 0.152 0.114 0.106 0.07 0.064 0.058
0.41 0.452 0.494 0.508 0.562 0.588 0.668 0.672 0.714 0.744 0.758
0.058 0.066 0.096 0.072 0.068 0.07 0.04 0.034 0.034 0.012 0.022
0.052 0.058 0.034 0.042 0.028 0.042 0.018 0.02 0.022 0.022 0.008
0.416 0.432 0.398 0.422 0.474 0.432 0.408 0.394 0.434 0.426 0.442
0.042 0.034 0.02 0.026 0.014 0.008 0.006 0.006 0.002 0.002 0
0.008 0.012 0.008 0.012 0.004 0.002 0.002 0 0 0 0
0.032 0.062 0.05 0.044 0.03 0.044 0.036 0.024 0.016 0.008 0.014
0.276 0.244 0.244 0.184 0.188 0.172 0.166 0.132 0.092 0.068 0.078
0.024 0.028 0.016 0.012 0.016 0.02 0.008 0.006 0.006 0.008 0.002
0.338 0.328 0.34 0.338 0.318 0.336 0.388 0.394 0.378 0.382 0.414
0.132 0.152 0.19 0.22 0.298 0.322 0.388 0.464 0.46 0.486 0.536
0.512 0.536 0.526 0.518 0.514 0.53 0.556 0.524 0.57 0.566 0.594
0.102 0.116 0.082 0.1 0.116 0.108 0.108 0.108 0.068 0.1 0.094
0.482 0.476 0.524 0.554 0.556 0.53 0.492 0.51 0.468 0.432 0.392
0.122 0.146 0.156 0.218 0.248 0.3 0.368 0.344 0.426 0.464 0.462
0.232 0.186 0.194 0.112 0.098 0.062 0.058 0.03 0.026 0.016 0.008
0.132 0.13 0.114 0.112 0.104 0.096 0.07 0.072 0.048 0.034 0.028
0.048 0.068 0.048 0.054 0.042 0.048 0.038 0.02 0.026 0.024 0.02
0.102 0.066 0.072 0.058 0.052 0.04 0.03 0.022 0.008 0.01 0.006
0.186 0.214 0.238 0.194 0.166 0.152 0.162 0.134 0.114 0.128 0.128
0.026 0.006 0.004 0.006 0.012 0.002 0 0 0 0 0
0.038 0.036 0.036 0.042 0.042 0.042 0.06 0.054 0.07 0.062 0.062
0.082 0.076 0.1 0.118 0.128 0.122 0.134 0.128 0.178 0.144 0.12
0.368 0.334 0.362 0.354 0.31 0.34 0.312 0.32 0.304 0.276 0.294
0.152 0.124 0.148 0.132 0.146 0.148 0.186 0.15 0.154 0.18 0.192
0.022 0.024 0.038 0.022 0.014 0.01 0.018 0.004 0.004 0.002 0.004
0.562 0.584 0.486 0.494 0.462 0.46 0.488 0.476 0.434 0.456 0.442
0.216 0.188 0.172 0.142 0.14 0.106 0.07 0.09 0.046 0.05 0.03
0.016 0.008 0.01 0.014 0.004 0.006 0.002 0.002 0 0.002 0
0.02 0.018 0.016 0.014 0.004 0.01 0.018 0.016 0.016 0.008 0.01
0.054 0.06 0.054 0.044 0.034 0.018 0.012 0.014 0.002 0.002 0.002
0.268 0.202 0.164 0.146 0.11 0.056 0.076 0.024 0.016 0.008 0
0.006 0.006 0.008 0.006 0.004 0 0.004 0 0.002 0 0.002
0.548 0.47 0.48 0.42 0.362 0.338 0.33 0.274 0.28 0.242 0.216
0.058 0.062 0.078 0.092 0.068 0.058 0.072 0.056 0.05 0.064 0.046
0.224 0.19 0.188 0.188 0.16 0.178 0.152 0.134 0.072 0.068 0.078
0.184 0.14 0.132 0.156 0.138 0.082 0.104 0.09 0.106 0.12 0.08
0.318 0.286 0.284 0.306 0.324 0.352 0.43 0.406 0.428 0.442 0.462
0.12 0.108 0.072 0.078 0.052 0.038 0.016 0.01 0.01 0.002 0.004
0.102 0.104 0.104 0.102 0.098 0.09 0.054 0.064 0.042 0.04 0.034
0.658 0.608 0.518 0.572 0.55 0.484 0.462 0.472 0.43 0.374 0.424
0.236 0.27 0.296 0.304 0.324 0.35 0.29 0.32 0.372 0.37 0.4
0.348 0.35 0.364 0.366 0.348 0.36 0.402 0.398 0.404 0.41 0.442
0.15 0.148 0.146 0.122 0.132 0.104 0.058 0.068 0.034 0.038 0.054
0.068 0.038 0.034 0.042 0.022 0.012 0.016 0.006 0.002 0 0
0.266 0.204 0.174 0.16 0.144 0.104 0.07 0.064 0.032 0.028 0.028
0.142 0.15 0.148 0.116 0.154 0.106 0.134 0.112 0.088 0.074 0.05
0.604 0.614 0.544 0.516 0.48 0.422 0.35 0.278 0.228 0.168 0.126
0.108 0.076 0.084 0.038 0.05 0.042 0.036 0.018 0.004 0.01 0.004
0.14 0.14 0.138 0.102 0.096 0.066 0.05 0.024 0.032 0.022 0.014
0.038 0.042 0.036 0.052 0.028 0.036 0.03 0.022 0.006 0.004 0.004
0.194 0.19 0.178 0.198 0.208 0.196 0.234 0.264 0.294 0.28 0.342
0.334 0.36 0.28 0.27 0.27 0.226 0.21 0.178 0.148 0.122 0.134
0.028 0.03 0.01 0.016 0.006 0.008 0.002 0.002 0.002 0.002 0.002
0.168 0.172 0.126 0.116 0.112 0.106 0.076 0.08 0.054 0.054 0.044
0.218 0.218 0.228 0.23 0.29 0.28 0.37 0.382 0.416 0.398 0.434
0.656 0.662 0.672 0.646 0.646 0.638 0.628 0.59 0.588 0.564 0.544
0.122 0.128 0.146 0.156 0.154 0.182 0.202 0.252 0.262 0.346 0.35
0.322 0.292 0.322 0.338 0.272 0.238 0.218 0.184 0.14 0.138 0.14
0.14 0.15 0.186 0.178 0.174 0.182 0.186 0.176 0.22 0.196 0.216
0.262 0.246 0.212 0.218 0.26 0.262 0.256 0.252 0.252 0.23 0.218
0.04 0.028 0.022 0.036 0.03 0.022 0.018 0.008 0.008 0.006 0.01
0.408 0.386 0.362 0.29 0.28 0.22 0.21 0.178 0.158 0.178 0.14
0.006 0.004 0.004 0.002 0.002 0 0 0 0 0 0
0.008 0.01 0.01 0.002 0.002 0.002 0.002 0 0.002 0 0
0.012 0.004 0.002 0.004 0 0 0 0 0.004 0 0
0.614 0.506 0.55 0.48 0.446 0.378 0.382 0.332 0.306 0.262 0.238
0.234 0.262 0.304 0.346 0.378 0.416 0.512 0.522 0.566 0.622 0.602
0.532 0.452 0.506 0.526 0.574 0.62 0.604 0.62 0.63 0.662 0.64
0.006 0.004 0.012 0.01 0.012 0.002 0 0.004 0 0 0
0.378 0.384 0.376 0.494 0.47 0.49 0.496 0.534 0.536 0.544 0.584
0.198 0.162 0.158 0.112 0.082 0.074 0.066 0.034 0.036 0.026 0.016
0.338 0.308 0.276 0.288 0.248 0.246 0.232 0.276 0.24 0.278 0.26
0.25 0.256 0.18 0.204 0.184 0.194 0.128 0.136 0.108 0.092 0.076
0.24 0.202 0.158 0.152 0.15 0.134 0.086 0.058 0.046 0.052 0.044
0.258 0.226 0.216 0.22 0.234 0.168 0.17 0.21 0.142 0.154 0.148
0.15 0.158 0.168 0.166 0.166 0.14 0.156 0.108 0.12 0.112 0.104
0.424 0.438 0.404 0.35 0.332 0.308 0.3 0.276 0.226 0.212 0.192
0.034 0.032 0.028 0.022 0.024 0.016 0.004 0.008 0.004 0 0.004
0.308 0.304 0.308 0.254 0.278 0.258 0.296 0.36 0.336 0.34 0.304
0.044 0.048 0.05 0.05 0.046 0.04 0.07 0.064 0.052 0.048 0.05
0.056 0.052 0.042 0.048 0.03 0.036 0.038 0.026 0.008 0.028 0.026
0.014 0.006 0.006 0.006 0.006 0.006 0.008 0.004 0 0.006 0.004
0.28 0.268 0.238 0.252 0.24 0.232 0.25 0.202 0.272 0.25 0.248
0.044 0.028 0.02 0.012 0.012 0.004 0.006 0.002 0.004 0.004 0
0.02 0.022 0.016 0.012 0.02 0.022 0.002 0.006 0.008 0.004 0.004
0.132 0.156 0.154 0.19 0.2 0.254 0.32 0.366 0.35 0.406 0.434
0.064 0.04 0.032 0.024 0.014 0.01 0.008 0.006 0.008 0.002 0.002
0.254 0.186 0.214 0.204 0.224 0.228 0.228 0.276 0.322 0.34 0.364
0.052 0.062 0.044 0.028 0.028 0.012 0.008 0.002 0.004 0.002 0
0.054 0.038 0.04 0.044 0.02 0.034 0.034 0.018 0.012 0.01 0.004
0.054 0.062 0.082 0.04 0.05 0.056 0.064 0.052 0.052 0.064 0.066
