0.5245902 0.5491803 0.5901639 0.557377 0.5081967 0.5655738 0.5737705 0.5409836 0.5 0.557377 0.5901639
0.4047619 0.3730159 0.3333333 0.3730159 0.2936508 0.3888889 0.3809524 0.4047619 0.3888889 0.4603175 0.4761905
0.9391304 0.9130435 0.8347826 0.8869565 0.8782609 0.8347826 0.8695652 0.9652174 0.8347826 0.8782609 0.9130435
0.7652174 0.8 0.7913043 0.7478261 0.8173913 0.773913 0.773913 0.773913 0.7652174 0.6695652 0.6695652
0.1031746 0.1349206 0.1190476 0.1111111 0.1031746 0.1349206 0.1349206 0.1428571 0.1349206 0.1587302 0.1904762
0.7652174 0.7391304 0.7304348 0.826087 0.8434783 0.8086957 0.8521739 0.8956522 0.826087 0.8782609 0.826087
0.3870968 0.4032258 0.4193548 0.4596774 0.4596774 0.5564516 0.5080645 0.4758065 0.5322581 0.5322581 0.5483871
0.5384615 0.5811966 0.4786325 0.4188034 0.4444444 0.4273504 0.3760684 0.3504274 0.3333333 0.3418803 0.3846154
0.4285714 0.4285714 0.4761905 0.5238095 0.5555556 0.6111111 0.6111111 0.8095238 0.6984127 0.8174603 0.7142857
0.5887097 0.6209677 0.6451613 0.6370968 0.733871 0.7580645 0.7741935 0.8467742 0.8870968 0.8225806 0.8548387
0.0625 0.09375 0.1484375 0.1796875 0.2734375 0.2734375 0.3203125 0.3671875 0.375 0.375 0.4140625
0.8548387 0.8790323 0.8548387 0.8951613 0.8225806 0.7580645 0.7983871 0.6612903 0.5887097 0.717742 0.516129
0.8455285 0.8617886 0.8617886 0.804878 0.8292683 0.7804878 0.7886179 0.6829268 0.6422764 0.6504065 0.6422764
0.4666667 0.45 0.5 0.4166667 0.425 0.5083333 0.4916667 0.4833333 0.4166667 0.4083333 0.4333333
0.1854839 0.1370968 0.1370968 0.1693548 0.2016129 0.1854839 0.1370968 0.1612903 0.2177419 0.2177419 0.2016129
0.1794872 0.1452991 0.1538462 0.1196581 0.1111111 0.08547009 0.1111111 0.1538462 0.1282051 0.1623932 0.1623932
0.2478632 0.2991453 0.4273504 0.4444444 0.4786325 0.5726496 0.5641026 0.6666667 0.7521368 0.6837607 0.6410256
0.8695652 0.8086957 0.773913 0.8521739 0.8782609 0.8608696 0.8695652 0.9652174 0.9130435 0.7913043 0.9130435
0.8306452 0.7903226 0.8225806 0.7258065 0.6451613 0.6451613 0.6129032 0.5806452 0.5080645 0.4596774 0.4354839
0.8034188 0.7948718 0.7008547 0.7435897 0.6752137 0.5982906 0.5299145 0.5555556 0.5811966 0.5811966 0.5982906
0.2307692 0.2478632 0.2905983 0.3247863 0.3504274 0.4102564 0.4102564 0.4273504 0.3846154 0.4273504 0.4615385
0.5819672 0.557377 0.4590164 0.5491803 0.6065574 0.5409836 0.5737705 0.5819672 0.6065574 0.6229508 0.5655738
0.8828125 0.8359375 0.7578125 0.875 0.9140625 0.859375 0.828125 0.734375 0.8828125 0.828125 0.765625
0.06956522 0.06086957 0.09565217 0.1304348 0.1304348 0.1652174 0.2521739 0.2086957 0.2608696 0.2869565 0.2695652
0.2295082 0.1967213 0.1967213 0.1721311 0.1967213 0.2131148 0.2213115 0.2540984 0.2540984 0.2704918 0.2950820
0.08333333 0.08333333 0.15 0.175 0.2 0.2583333 0.3333333 0.3583333 0.3666667 0.3666667 0.45
0.6495726 0.6239316 0.4786325 0.4444444 0.3931624 0.2649573 0.1709402 0.1538462 0.1111111 0.0940171 0.07692308
0.6693548 0.6209677 0.6935484 0.6048387 0.6774194 0.7419355 0.75 0.766129 0.7258065 0.7096774 0.6532258
0.1025641 0.1196581 0.07692308 0.06837607 0.05128205 0.06837607 0.04273504 0.01709402 0.05128205 0.04273504 0.02564103
0.1166667 0.1416667 0.1916667 0.2 0.2 0.2083333 0.2 0.2 0.1416667 0.175 0.15
0.1196581 0.06837607 0.05982906 0.05128205 0.03418803 0.01709402 0.04273504 0.02564103 0.05128205 0.04273504 0.02564103
0.6747967 0.5934959 0.4471545 0.4796748 0.3821138 0.3902439 0.2113821 0.2113821 0.2195122 0.1869919 0.1056911
0.6608696 0.573913 0.6521739 0.573913 0.6434783 0.7130435 0.7304348 0.773913 0.7652174 0.773913 0.826087
0.2195122 0.2113821 0.2764228 0.2682927 0.2276423 0.3252033 0.2764228 0.2926829 0.2764228 0.2357724 0.2601626
0.2741935 0.4032258 0.5564516 0.6048387 0.6693548 0.7016129 0.6854839 0.8467742 0.7580645 0.8387097 0.8145161
0.48 0.416 0.248 0.2 0.152 0.064 0.056 0 0.008 0 0
0.2950820 0.2786885 0.2786885 0.2459016 0.2868852 0.3114754 0.2786885 0.3114754 0.3032787 0.3688525 0.3852459
0.06451613 0.06451613 0.0483871 0.08870968 0.0483871 0.06451613 0.1451613 0.1935484 0.1935484 0.2580645 0.2580645
0.8034188 0.8376068 0.8290598 0.7777778 0.8205128 0.7606838 0.7264957 0.7435897 0.7777778 0.6837607 0.6324786
0.8870968 0.8145161 0.8145161 0.8145161 0.782258 0.8870968 0.7419355 0.8306452 0.8225806 0.8467742 0.8548387
0.1083333 0.1416667 0.2 0.2 0.1666667 0.1666667 0.1666667 0.1916667 0.1416667 0.15 0.15
0.816 0.848 0.808 0.808 0.752 0.696 0.656 0.616 0.672 0.512 0.568
0.1913043 0.2695652 0.3130435 0.3652174 0.3913043 0.4434783 0.4782609 0.4869565 0.573913 0.5043478 0.6
0.2926829 0.3495935 0.3821138 0.4146341 0.4308943 0.4552846 0.495935 0.5284553 0.5203252 0.5528455 0.6097561
0.192 0.176 0.152 0.056 0.016 0.032 0.032 0.008 0 0 0
0.6803279 0.6557377 0.704918 0.7213115 0.6393443 0.7868852 0.6229508 0.7295082 0.7704918 0.7131148 0.7622951
0.728 0.776 0.704 0.736 0.752 0.696 0.848 0.704 0.736 0.696 0.736
0.1083333 0.125 0.1166667 0.08333333 0.075 0.04166667 0.08333333 0.075 0.09166667 0.09166667 0.1083333
0.9130435 0.9217391 0.8695652 0.8956522 0.9130435 0.8956522 0.8695652 0.8956522 0.9130435 0.8782609 0.9130435
0.890625 0.9296875 0.96875 0.9296875 0.9296875 0.9609375 0.9140625 0.828125 0.8828125 0.828125 0.765625
0.7786885 0.8032787 0.795082 0.7295082 0.704918 0.8032787 0.7786885 0.8114754 0.7131148 0.6393443 0.6885246
0.3046875 0.296875 0.3515625 0.3671875 0.3359375 0.421875 0.46875 0.4453125 0.4765625 0.4765625 0.4453125
0.968254 0.9761905 0.8888889 0.952381 0.9126984 0.9444444 0.8730159 0.9444444 0.8809524 0.7460317 0.8253968
0.398374 0.4227642 0.3089431 0.3414634 0.3821138 0.300813 0.3089431 0.2764228 0.2520325 0.2276423 0.2439024
0.3360656 0.2868852 0.2295082 0.1721311 0.1229508 0.09016393 0.09016393 0.06557377 0.04918033 0.04098361 0.03278689
0.1219512 0.1300813 0.1300813 0.1138211 0.07317073 0.1056911 0.05691057 0.06504065 0.0894309 0.09756098 0.1056911
0.6347826 0.6782609 0.6521739 0.6695652 0.5652174 0.5478261 0.5565217 0.5652174 0.4869565 0.4782609 0.4608696
0.112 0.072 0.088 0.048 0.04 0.032 0.072 0.128 0.136 0.208 0.224
0.5652174 0.5130435 0.4695652 0.3043478 0.2 0.1217391 0.1217391 0.03478261 0.03478261 0.02608696 0.04347826
0.4173913 0.4608696 0.5652174 0.573913 0.626087 0.6782609 0.7043478 0.7043478 0.7652174 0.7913043 0.8086957
0.6 0.65 0.5916667 0.5916667 0.55 0.65 0.6083333 0.625 0.6333333 0.6916667 0.575
0.6587302 0.6269841 0.6507937 0.7063492 0.7222222 0.7222222 0.7142857 0.6904762 0.6587302 0.6269841 0.5952381
0.664 0.632 0.68 0.704 0.752 0.792 0.928 0.76 0.896 0.848 0.808
0.4180328 0.3688525 0.3688525 0.4344262 0.2868852 0.2786885 0.2540984 0.2540984 0.2786885 0.2459016 0.2540984
0.912 0.968 0.96 0.976 0.944 0.968 0.96 0.92 0.896 0.848 0.808
0.7419355 0.7419355 0.7903226 0.7096774 0.717742 0.6290323 0.5403226 0.5403226 0.3951613 0.4919355 0.3790323
0.7094017 0.6752137 0.6410256 0.5726496 0.5982906 0.5042735 0.4188034 0.4273504 0.3760684 0.3760684 0.4102564
0.2393162 0.2478632 0.2991453 0.2307692 0.2478632 0.2649573 0.2820513 0.2735043 0.2991453 0.2735043 0.2735043
0.6639344 0.6393443 0.6229508 0.647541 0.5491803 0.5163934 0.4426230 0.3606557 0.3032787 0.352459 0.2786885
0.8803419 0.965812 0.8632479 0.940171 0.8717949 0.8290598 0.8974359 0.8803419 0.8888889 0.8803419 0.8205128
0.01739130 0.02608696 0.03478261 0.02608696 0.06086957 0.04347826 0.05217391 0.05217391 0.06956522 0.08695652 0.07826087
0.5 0.4516129 0.4354839 0.4919355 0.5241935 0.5080645 0.5806452 0.5725806 0.516129 0.4112903 0.4354839
0.9416667 0.7666667 0.9583333 0.8583333 0.9166667 0.8833333 0.95 0.925 0.8333333 0.7916667 0.825
0.8790323 0.9193548 0.9354839 0.8870968 0.9032258 0.8870968 0.8870968 0.7903226 0.7903226 0.8225806 0.782258
0.7692308 0.7350427 0.7435897 0.7777778 0.8290598 0.8205128 0.8974359 0.8803419 0.8888889 0.8803419 0.8205128
0.464 0.52 0.6 0.608 0.64 0.656 0.792 0.76 0.672 0.848 0.736
0.7258065 0.8145161 0.8467742 0.9193548 0.8467742 0.9516129 0.8709677 0.8306452 0.8225806 0.8225806 0.8548387
0.08196721 0.1147541 0.1147541 0.1393443 0.2295082 0.2786885 0.2213115 0.2786885 0.3196721 0.3852459 0.3934426
0.6583333 0.5666667 0.6166667 0.525 0.4833333 0.5166667 0.45 0.4416667 0.425 0.4416667 0.3916667
0.4375 0.453125 0.4140625 0.6015625 0.578125 0.5546875 0.53125 0.546875 0.5546875 0.59375 0.5625
0.5043478 0.6086957 0.5913043 0.5652174 0.626087 0.5130435 0.5043478 0.5478261 0.5043478 0.5391304 0.5043478
0.203125 0.2421875 0.15625 0.1640625 0.125 0.125 0.078125 0.0859375 0.0859375 0.09375 0.0859375
0.4390244 0.5691057 0.6422764 0.6097561 0.6747967 0.5609756 0.6422764 0.7073171 0.7073171 0.7560976 0.6747967
0.625 0.609375 0.625 0.671875 0.6953125 0.6484375 0.625 0.625 0.6640625 0.625 0.6015625
0.025 0.03333333 0.03333333 0.04166667 0.05 0.09166667 0.1333333 0.1333333 0.15 0.1833333 0.1916667
0.4390244 0.3333333 0.2845528 0.2845528 0.2032520 0.2032520 0.2032520 0.1951220 0.2195122 0.1951220 0.1544715
0.2601626 0.2195122 0.2032520 0.1951220 0.1869919 0.1626016 0.1626016 0.1300813 0.1788618 0.1707317 0.1382114
0.4516129 0.3870968 0.5 0.5403226 0.5 0.4677419 0.5806452 0.516129 0.5322581 0.4919355 0.4758065
0.8548387 0.8629032 0.9354839 0.8225806 0.8548387 0.9516129 0.9516129 0.9193548 0.8870968 0.8467742 0.8548387
0.3515625 0.375 0.4375 0.5625 0.5625 0.5703125 0.5703125 0.5625 0.5625 0.5390625 0.578125
0.6 0.626087 0.6 0.573913 0.6173913 0.5565217 0.5304348 0.5652174 0.6086957 0.5826087 0.573913
0 0.02380952 0.03174603 0.04761905 0.07936508 0.08730159 0.1428571 0.1587302 0.2222222 0.2380952 0.2777778
0.6347826 0.6695652 0.6695652 0.7565217 0.7130435 0.7565217 0.8 0.8608696 0.8347826 0.8782609 0.9130435
0.5491803 0.5491803 0.557377 0.4590164 0.557377 0.5737705 0.5901639 0.6967213 0.647541 0.6229508 0.7622951
0.675 0.725 0.6583333 0.6666667 0.6416667 0.675 0.65 0.6916667 0.6916667 0.7333333 0.5916667
0.4666667 0.4416667 0.3583333 0.4416667 0.4166667 0.3083333 0.3 0.2083333 0.2333333 0.2 0.2083333
0.2682927 0.2113821 0.2113821 0.2357724 0.3170732 0.3089431 0.2764228 0.3252033 0.3089431 0.3577236 0.3739837
0.7419355 0.717742 0.7096774 0.7903226 0.782258 0.8870968 0.8306452 0.7983871 0.7983871 0.8387097 0.8145161
0.4869565 0.5652174 0.5565217 0.4956522 0.3913043 0.5043478 0.4956522 0.5478261 0.5130435 0.5391304 0.5304348
0.4390244 0.398374 0.3414634 0.300813 0.2113821 0.2439024 0.1707317 0.1788618 0.1463415 0.09756098 0.1056911
0 0.007936508 0 0.01587302 0.007936508 0.01587302 0.01587302 0.02380952 0.04761905 0.04761905 0.05555556
0.6269841 0.5555556 0.4761905 0.484127 0.484127 0.4365079 0.3968254 0.3174603 0.3333333 0.2460317 0.2619048
0.0952381 0.1031746 0.0952381 0.07142857 0.1666667 0.1666667 0.1507937 0.2142857 0.2142857 0.2063492 0.2619048
0.4552846 0.398374 0.3821138 0.3739837 0.3821138 0.300813 0.2845528 0.2845528 0.3089431 0.3333333 0.3089431
0.4358974 0.4444444 0.3846154 0.3760684 0.3846154 0.3333333 0.3247863 0.2905983 0.2991453 0.2820513 0.2735043
0.848 0.776 0.896 0.784 0.736 0.792 0.816 0.84 0.784 0.696 0.728
0.07142857 0.06349206 0.07142857 0.1031746 0.1507937 0.1666667 0.1746032 0.2698413 0.2619048 0.3015873 0.2857143
0.9512195 0.99187 0.9756098 0.9756098 0.9674797 0.9512195 0.9837398 0.902439 0.8780488 0.8130081 0.8211382
0.9565217 0.973913 0.9130435 0.947826 0.9826087 0.9826087 0.9304348 0.9652174 0.9130435 0.8782609 0.9130435
0.9516129 0.9354839 0.967742 0.9354839 0.9274194 0.9274194 0.967742 0.9193548 0.8709677 0.8387097 0.8145161
0.04273504 0.01709402 0.02564103 0.05128205 0.04273504 0.1282051 0.1111111 0.1880342 0.1965812 0.2222222 0.2393162
0.2213115 0.2377049 0.1967213 0.1557377 0.1229508 0.1147541 0.09836066 0.08196721 0.06557377 0.07377049 0.04918033
0.02608696 0.02608696 0.03478261 0.008695652 0.01739130 0 0.02608696 0.01739130 0.02608696 0.05217391 0.05217391
0.9354839 0.9354839 0.9435484 0.8951613 0.9274194 0.983871 0.9193548 0.9193548 0.8709677 0.8387097 0.8145161
0.1854839 0.1370968 0.1370968 0.08870968 0.1370968 0.1129032 0.08064516 0.03225806 0.02419355 0.06451613 0.06451613
0.5826087 0.6173913 0.6695652 0.6695652 0.6695652 0.6695652 0.6956522 0.773913 0.7913043 0.7478261 0.8086957
0.2083333 0.2583333 0.2833333 0.2 0.2416667 0.25 0.2666667 0.1916667 0.2333333 0.2083333 0.2083333
0.25 0.2583333 0.325 0.3 0.3333333 0.3666667 0.3166667 0.4333333 0.3666667 0.4416667 0.3916667
0.3709677 0.4032258 0.4193548 0.483871 0.5564516 0.5725806 0.6209677 0.6370968 0.6048387 0.5887097 0.5806452
0.2 0.216 0.24 0.288 0.296 0.264 0.304 0.352 0.328 0.32 0.32
0.5080645 0.5 0.5564516 0.4596774 0.516129 0.4758065 0.4354839 0.3951613 0.3629032 0.3387097 0.4354839
0.08547009 0.1196581 0.1196581 0.1196581 0.1452991 0.1623932 0.2136752 0.2564103 0.2991453 0.2820513 0.2820513
0.8548387 0.8870968 0.8629032 0.8629032 0.8870968 0.9032258 0.9112903 0.8306452 0.8870968 0.8467742 0.8548387
0.25 0.2583333 0.225 0.2 0.2333333 0.2333333 0.2 0.1916667 0.2166667 0.2083333 0.2083333
0.7459016 0.7459016 0.7786885 0.7540984 0.647541 0.7131148 0.6065574 0.6065574 0.6393443 0.5327869 0.5327869
0.782258 0.717742 0.7096774 0.7258065 0.7258065 0.75 0.7016129 0.782258 0.7741935 0.75 0.75
1 0.967742 0.967742 0.9596774 0.9193548 0.9596774 0.9112903 0.9193548 0.8870968 0.8467742 0.8548387
0.1833333 0.2 0.2 0.1583333 0.1416667 0.2083333 0.1666667 0.1583333 0.2 0.1916667 0.1916667
0.8717949 0.91453 0.957265 0.8974359 0.974359 0.948718 0.940171 0.957265 0.8888889 0.8034188 0.8205128
0.940171 0.931624 0.8974359 0.923077 0.8974359 0.8632479 0.923077 0.8034188 0.7863248 0.8803419 0.8205128
0.7833333 0.725 0.7083333 0.6666667 0.5666667 0.675 0.5333333 0.5 0.5416667 0.4833333 0.4416667
0.9043478 0.8347826 0.8695652 0.8956522 0.947826 0.9043478 0.9304348 0.8956522 0.8347826 0.8782609 0.9130435
0.4508197 0.3606557 0.3852459 0.4344262 0.4508197 0.3852459 0.4016393 0.4098361 0.3114754 0.3688525 0.3770492
0.7094017 0.7094017 0.8290598 0.8119658 0.8974359 0.8290598 0.940171 0.8888889 0.8888889 0.8803419 0.7606838
0.9130435 0.8173913 0.8608696 0.8869565 0.8782609 0.7826087 0.773913 0.8608696 0.9130435 0.7913043 0.8
0.768 0.76 0.8 0.736 0.704 0.792 0.704 0.672 0.656 0.6 0.544
