0.6280992 0.5702479 0.6528926 0.6033058 0.5950413 0.5950413 0.6280992 0.6694215 0.6280992 0.5454545 0.5950413
0.4878049 0.3821138 0.4390244 0.4471545 0.3902439 0.5121951 0.4390244 0.4471545 0.4552846 0.495935 0.4796748
0.9344262 0.9590164 0.9754098 0.9672131 0.9918033 0.9344262 0.8770492 0.9016393 0.9016393 0.8360656 0.8196721
0.7777778 0.8412698 0.7619048 0.7063492 0.7063492 0.7619048 0.6349206 0.6904762 0.6269841 0.6507937 0.6428571
0.075 0.05 0.05 0.05 0.04166667 0.025 0.04166667 0.05 0.05 0.05 0.09166667
0.7933884 0.785124 0.8099174 0.8264463 0.7768595 0.8595041 0.892562 0.8264463 0.8429752 0.8677686 0.7933884
0.08196721 0.09016393 0.05737705 0.1311475 0.1967213 0.2377049 0.2459016 0.2950820 0.3278689 0.3360656 0.3278689
0.5123967 0.4214876 0.4049587 0.3223140 0.3884298 0.3305785 0.3305785 0.3223140 0.2975207 0.3140496 0.338843
0.5128205 0.5299145 0.5641026 0.6837607 0.6324786 0.7264957 0.7521368 0.6581197 0.6837607 0.7948718 0.7435897
0.5390625 0.609375 0.6640625 0.6640625 0.7265625 0.7421875 0.7265625 0.796875 0.6484375 0.71875 0.8046875
0.09166667 0.09166667 0.1416667 0.2083333 0.1583333 0.2416667 0.3 0.3666667 0.3583333 0.35 0.425
0.8034188 0.8205128 0.8717949 0.7863248 0.8119658 0.7777778 0.6752137 0.6239316 0.6410256 0.6324786 0.6324786
0.8278689 0.8688525 0.852459 0.8360656 0.795082 0.9262295 0.909836 0.7295082 0.8196721 0.7213115 0.7131148
0.516129 0.5725806 0.483871 0.4354839 0.5241935 0.5 0.4919355 0.5 0.5080645 0.4596774 0.4596774
0.09917355 0.09917355 0.09917355 0.07438017 0.1074380 0.1570248 0.1652893 0.2231405 0.2644628 0.2809917 0.3140496
0.2049180 0.1639344 0.1229508 0.1147541 0.1639344 0.09016393 0.1393443 0.1393443 0.09016393 0.1147541 0.1229508
0.1935484 0.2580645 0.3145161 0.4354839 0.5564516 0.5645161 0.5806452 0.5725806 0.7096774 0.6370968 0.75
0.782258 0.7258065 0.8225806 0.8225806 0.7741935 0.8709677 0.8387097 0.9112903 0.8306452 0.9032258 0.8064516
0.704918 0.647541 0.6229508 0.5901639 0.5409836 0.5409836 0.4016393 0.3852459 0.3442623 0.3114754 0.3606557
0.6837607 0.7435897 0.6923077 0.6495726 0.6153846 0.5384615 0.4957265 0.5470085 0.4700855 0.4871795 0.4871795
0.3333333 0.2601626 0.300813 0.3414634 0.3658537 0.4065041 0.4390244 0.4227642 0.4227642 0.4715447 0.4552846
0.421875 0.5234375 0.4765625 0.453125 0.5234375 0.40625 0.53125 0.4296875 0.4921875 0.4609375 0.5078125
0.7094017 0.7692308 0.7863248 0.8034188 0.7948718 0.8205128 0.923077 0.8888889 0.8034188 0.8547009 0.8290598
0.01639344 0.04098361 0.03278689 0.05737705 0.08196721 0.1065574 0.1311475 0.1721311 0.2213115 0.1967213 0.2131148
0.09166667 0.075 0.04166667 0.05 0.03333333 0.01666667 0.008333333 0.03333333 0.01666667 0 0.01666667
0.1367521 0.2393162 0.2649573 0.2393162 0.3760684 0.4102564 0.4957265 0.4871795 0.4786325 0.5470085 0.5897436
0.6796875 0.671875 0.6171875 0.4765625 0.3515625 0.328125 0.203125 0.1484375 0.15625 0.09375 0.078125
0.768595 0.6859504 0.6942149 0.6694215 0.7024793 0.6280992 0.768595 0.6694215 0.6859504 0.7933884 0.6859504
0.1666667 0.07936508 0.0952381 0.04761905 0.1031746 0.04761905 0.03174603 0.01587302 0.03174603 0.02380952 0.01587302
0.1900826 0.1652893 0.1818182 0.1404959 0.1570248 0.1404959 0.1652893 0.1239669 0.1322314 0.1239669 0.0909091
0.04878049 0.03252033 0.02439024 0.01626016 0.008130081 0.008130081 0.008130081 0 0.008130081 0 0.02439024
0.6581197 0.6410256 0.5555556 0.4529915 0.4188034 0.2820513 0.2649573 0.2564103 0.1794872 0.1623932 0.1367521
0.5609756 0.504065 0.5772358 0.5853659 0.601626 0.6341463 0.6910569 0.6747967 0.6829268 0.7235772 0.6829268
0.09836066 0.09016393 0.1721311 0.1639344 0.1721311 0.2295082 0.1803279 0.1967213 0.2295082 0.1967213 0.2459016
0.2377049 0.2622951 0.3852459 0.4262295 0.5409836 0.6393443 0.6803279 0.7540984 0.7131148 0.795082 0.7377049
0.4836066 0.4180328 0.3196721 0.2540984 0.1967213 0.1311475 0.07377049 0.06557377 0.04098361 0.04098361 0.03278689
0.3471074 0.2809917 0.3553719 0.3223140 0.3305785 0.3884298 0.3966942 0.4132231 0.3884298 0.3966942 0.4380165
0.05785124 0.07438017 0.08264463 0.08264463 0.1570248 0.1404959 0.1818182 0.2314050 0.2975207 0.2727273 0.2727273
0.8467742 0.8306452 0.8387097 0.766129 0.7903226 0.8548387 0.6774194 0.8064516 0.733871 0.733871 0.6532258
0.8709677 0.8790323 0.8629032 0.8306452 0.8548387 0.8306452 0.8467742 0.8629032 0.8306452 0.9032258 0.8064516
0.2479339 0.2231405 0.1818182 0.1570248 0.2561983 0.2314050 0.2644628 0.1983471 0.1900826 0.1900826 0.1900826
0.6097561 0.5934959 0.601626 0.6097561 0.601626 0.5203252 0.5365854 0.5528455 0.5447154 0.5203252 0.504065
0.3015873 0.2936508 0.3730159 0.2857143 0.3650794 0.4920635 0.4523810 0.4603175 0.531746 0.515873 0.547619
0.5128205 0.4615385 0.4444444 0.5213675 0.5213675 0.5641026 0.5470085 0.5555556 0.5299145 0.5897436 0.5299145
0.1916667 0.15 0.15 0.1666667 0.1416667 0.09166667 0.075 0.06666667 0.05 0.04166667 0.01666667
0.6752137 0.6752137 0.6324786 0.6752137 0.7008547 0.6410256 0.6153846 0.5811966 0.6324786 0.6410256 0.5982906
0.7603306 0.7603306 0.8099174 0.7520661 0.7520661 0.6942149 0.7107438 0.8016529 0.6528926 0.6280992 0.6694215
0.09836066 0.1475410 0.1147541 0.1229508 0.09016393 0.1393443 0.1311475 0.1639344 0.1557377 0.1721311 0.1311475
0.9126984 0.8888889 0.9047619 0.9444444 0.8412698 0.8809524 0.8650794 0.8809524 0.8968254 0.8333333 0.8095238
0.931624 0.991453 1 0.957265 1 0.957265 0.965812 0.8888889 0.8974359 0.8547009 0.8290598
0.8416667 0.775 0.825 0.7833333 0.7833333 0.7166667 0.7583333 0.6916667 0.9083333 0.775 0.6833333
0.2460317 0.2857143 0.2936508 0.2619048 0.3174603 0.4365079 0.3968254 0.4285714 0.4365079 0.4365079 0.5079365
0.909836 0.9344262 0.9508197 0.8934426 0.909836 0.8606557 0.9262295 0.8360656 0.8114754 0.8360656 0.7377049
0.375 0.3203125 0.25 0.296875 0.3046875 0.265625 0.296875 0.2890625 0.296875 0.2890625 0.2890625
0.4297521 0.3223140 0.3223140 0.1487603 0.1570248 0.08264463 0.05785124 0.04958678 0.04958678 0.05785124 0.04958678
0.1583333 0.2166667 0.15 0.1583333 0.1416667 0.1083333 0.08333333 0.1 0.08333333 0.06666667 0.06666667
0.7016129 0.6451613 0.6209677 0.6048387 0.5645161 0.5241935 0.5241935 0.516129 0.4435484 0.4677419 0.4516129
0.07438017 0.0661157 0.09917355 0.03305785 0.04132231 0.04958678 0.07438017 0.1322314 0.1157025 0.2066116 0.2231405
0.5806452 0.5564516 0.4274194 0.3790323 0.2903226 0.2096774 0.1693548 0.1048387 0.1129032 0.08064516 0.08064516
0.4672131 0.6147541 0.557377 0.6065574 0.6311475 0.5819672 0.7459016 0.7295082 0.7131148 0.7704918 0.8032787
0.5284553 0.5691057 0.4878049 0.5528455 0.5772358 0.5121951 0.4878049 0.495935 0.5447154 0.5609756 0.5528455
0.768595 0.6942149 0.661157 0.7438017 0.7024793 0.6528926 0.768595 0.7024793 0.8347107 0.6694215 0.6859504
0.5983607 0.6639344 0.647541 0.6803279 0.6803279 0.7868852 0.6803279 0.7704918 0.7540984 0.8360656 0.8032787
0.3057851 0.3140496 0.2727273 0.2561983 0.2479339 0.2727273 0.2975207 0.3140496 0.3223140 0.3057851 0.3057851
0.983471 0.983471 0.9917355 0.9917355 0.9917355 0.9586777 0.9421488 0.9669421 0.9090909 0.8595041 0.8347107
0.8333333 0.7666667 0.7833333 0.6583333 0.775 0.6416667 0.575 0.5166667 0.5166667 0.5083333 0.425
0.6097561 0.6829268 0.6422764 0.6097561 0.5609756 0.5528455 0.4471545 0.4796748 0.4878049 0.4715447 0.4390244
0.2213115 0.1967213 0.2377049 0.2540984 0.2622951 0.2786885 0.2622951 0.3196721 0.3360656 0.3606557 0.3442623
0.6752137 0.7008547 0.6581197 0.6410256 0.6581197 0.4786325 0.5213675 0.5128205 0.4957265 0.3846154 0.4017094
0.8770492 0.909836 0.9590164 0.9180328 0.8196721 0.852459 0.7786885 0.7704918 0.7540984 0.7704918 0.8032787
0.008264463 0.02479339 0.04958678 0.04958678 0.03305785 0.03305785 0.04958678 0.0661157 0.05785124 0.0661157 0.0909091
0.3719008 0.3719008 0.3636364 0.3884298 0.3884298 0.4214876 0.3636364 0.3966942 0.3719008 0.3553719 0.338843
0.8125 0.8359375 0.890625 0.9453125 0.9296875 0.9140625 0.96875 0.90625 0.8828125 0.8515625 0.8046875
0.9186992 0.902439 0.8699187 0.8292683 0.8617886 0.7886179 0.8373984 0.7560976 0.8292683 0.7642276 0.7479675
0.7886179 0.7804878 0.7886179 0.7154472 0.7642276 0.804878 0.8617886 0.8292683 0.9268293 0.8536585 0.8373984
0.3360656 0.3934426 0.5491803 0.5655738 0.6065574 0.6311475 0.6147541 0.7131148 0.6803279 0.6639344 0.6967213
0.984375 0.984375 0.9609375 0.9609375 0.953125 0.90625 0.96875 0.90625 0.8828125 0.8515625 0.8046875
0.04918033 0.04098361 0.07377049 0.09016393 0.1065574 0.1393443 0.1803279 0.2131148 0.2377049 0.2295082 0.2540984
0.5901639 0.6639344 0.6721311 0.6065574 0.6311475 0.5327869 0.5 0.4672131 0.3606557 0.3688525 0.352459
0.3166667 0.375 0.5 0.4 0.4166667 0.4833333 0.525 0.55 0.5833333 0.5583333 0.5583333
0.5772358 0.6666667 0.6260163 0.6178862 0.5609756 0.5772358 0.5772358 0.5365854 0.5284553 0.5203252 0.5365854
0.2601626 0.1951220 0.1788618 0.1869919 0.08130081 0.1544715 0.1056911 0.1138211 0.1056911 0.1219512 0.07317073
0.35 0.3833333 0.5083333 0.5166667 0.5583333 0.6333333 0.5583333 0.6333333 0.7 0.6583333 0.6916667
0.6507937 0.7142857 0.7142857 0.6746032 0.6746032 0.7222222 0.6746032 0.5952381 0.6269841 0.6507937 0.7380952
0 0 0 0.02564103 0.01709402 0.04273504 0.06837607 0.05128205 0.05982906 0.07692308 0.1111111
0.4102564 0.3333333 0.3504274 0.2649573 0.2393162 0.2307692 0.1880342 0.2222222 0.1794872 0.1623932 0.1367521
0.1984127 0.1587302 0.1666667 0.1269841 0.1269841 0.1190476 0.1031746 0.1190476 0.1428571 0.1507937 0.1666667
0.4516129 0.4435484 0.5564516 0.5241935 0.516129 0.5241935 0.5 0.5806452 0.5 0.6129032 0.5725806
0.8225806 0.8225806 0.8548387 0.8387097 0.9032258 0.9112903 0.9193548 0.8629032 0.8790323 0.9032258 0.8064516
0.25 0.2580645 0.3145161 0.3548387 0.4919355 0.516129 0.5725806 0.5403226 0.6048387 0.6370968 0.6209677
0.5555556 0.5714286 0.531746 0.515873 0.5 0.5079365 0.5873016 0.484127 0.4761905 0.5714286 0.515873
0.01639344 0.02459016 0.02459016 0.03278689 0.09016393 0.1803279 0.2622951 0.2950820 0.3278689 0.3114754 0.3032787
0.7295082 0.704918 0.7459016 0.7131148 0.704918 0.7868852 0.7704918 0.7704918 0.8196721 0.8360656 0.8032787
0.1916667 0.2583333 0.225 0.3416667 0.35 0.3416667 0.4083333 0.55 0.5 0.5416667 0.525
0.768595 0.7272727 0.7603306 0.7107438 0.7107438 0.6942149 0.677686 0.6942149 0.7520661 0.768595 0.6694215
0.3196721 0.4180328 0.3278689 0.2950820 0.3032787 0.2786885 0.2540984 0.2459016 0.2213115 0.2295082 0.2131148
0.1083333 0.1416667 0.1416667 0.1666667 0.15 0.1583333 0.175 0.2416667 0.2666667 0.2666667 0.2833333
0.7377049 0.7295082 0.7868852 0.7295082 0.8278689 0.7213115 0.7540984 0.795082 0.8114754 0.7868852 0.7622951
0.5041322 0.3553719 0.5206612 0.446281 0.5206612 0.4545455 0.4958678 0.5702479 0.5867769 0.5371901 0.6198347
0.3675214 0.2905983 0.2905983 0.1452991 0.1880342 0.1196581 0.1452991 0.1282051 0.08547009 0.07692308 0.02564103
0.09836066 0.09016393 0.04918033 0.04918033 0.09836066 0.1967213 0.2213115 0.2295082 0.2786885 0.2704918 0.2786885
0.4672131 0.5737705 0.5409836 0.4672131 0.5245902 0.3442623 0.3196721 0.3032787 0.2459016 0.2459016 0.2295082
0.05737705 0.1065574 0.09836066 0.1311475 0.2049180 0.2377049 0.2295082 0.2868852 0.2622951 0.2540984 0.2459016
0.4958678 0.5206612 0.4380165 0.4793388 0.3801653 0.3884298 0.3471074 0.338843 0.3140496 0.338843 0.3636364
0.4132231 0.4297521 0.4214876 0.4628099 0.3719008 0.3057851 0.3057851 0.2892562 0.2809917 0.2809917 0.1983471
0.8034188 0.8290598 0.8803419 0.8290598 0.8119658 0.8290598 0.7863248 0.6324786 0.6837607 0.7521368 0.7008547
0.1735537 0.2231405 0.2314050 0.2809917 0.3305785 0.3884298 0.3636364 0.3719008 0.3223140 0.3223140 0.3140496
0.9453125 0.9609375 0.984375 0.9609375 0.953125 0.953125 0.96875 0.90625 0.8828125 0.8515625 0.8046875
0.91453 0.965812 0.965812 0.982906 1 0.957265 0.965812 0.8888889 0.8974359 0.8547009 0.8290598
0.9669421 0.9504132 0.9752066 0.9421488 0.9917355 0.9586777 0.9421488 0.9669421 0.9090909 0.8595041 0.8347107
0.04098361 0.008196721 0.04918033 0.03278689 0.08196721 0.1065574 0.1393443 0.1639344 0.2295082 0.2459016 0.2786885
0.338843 0.2479339 0.1818182 0.1074380 0.0661157 0.04958678 0.05785124 0.03305785 0.03305785 0.01652893 0.008264463
0.04166667 0.008333333 0.008333333 0.01666667 0.008333333 0.008333333 0.03333333 0.03333333 0.025 0.01666667 0.05
0.9416667 0.9666667 0.9416667 0.9333333 0.9333333 0.95 0.9083333 0.8916667 0.9083333 0.85 0.7833333
0.1487603 0.1074380 0.1322314 0.07438017 0.08264463 0.0661157 0.08264463 0.08264463 0.04132231 0.05785124 0.0661157
0.504065 0.5528455 0.5934959 0.6422764 0.601626 0.6260163 0.6260163 0.6585366 0.6260163 0.6585366 0.7479675
0.1367521 0.2735043 0.2393162 0.2307692 0.2735043 0.2393162 0.2307692 0.2735043 0.2564103 0.2136752 0.2649573
0.446281 0.446281 0.446281 0.4132231 0.4049587 0.446281 0.4380165 0.446281 0.4793388 0.4710744 0.5289256
0.421875 0.34375 0.4140625 0.515625 0.546875 0.5703125 0.59375 0.6015625 0.546875 0.5390625 0.6015625
0.4166667 0.45 0.4416667 0.4 0.4416667 0.3916667 0.3666667 0.3583333 0.3333333 0.3333333 0.3333333
0.3966942 0.4710744 0.4628099 0.4297521 0.3801653 0.4214876 0.4214876 0.3223140 0.3884298 0.3140496 0.3801653
0.1367521 0.2393162 0.2051282 0.2222222 0.2393162 0.2820513 0.2991453 0.2820513 0.3247863 0.3076923 0.3418803
0.7933884 0.7520661 0.7355372 0.7520661 0.7768595 0.8264463 0.8347107 0.7768595 0.8347107 0.7603306 0.7438017
0.3675214 0.3333333 0.2991453 0.2905983 0.2649573 0.2307692 0.2136752 0.2222222 0.1794872 0.1452991 0.1282051
0.768595 0.8842975 0.8099174 0.785124 0.7603306 0.6528926 0.677686 0.661157 0.5619835 0.6280992 0.6694215
0.7398374 0.7886179 0.7804878 0.7154472 0.7642276 0.7073171 0.7398374 0.6747967 0.699187 0.6341463 0.5609756
0.9285714 0.920635 0.9047619 0.8333333 0.9444444 0.8174603 0.8253968 0.8095238 0.8015873 0.7222222 0.7380952
0.1166667 0.15 0.1416667 0.1666667 0.1416667 0.1333333 0.09166667 0.175 0.175 0.2083333 0.175
0.8650794 0.8888889 0.9126984 0.8492063 0.9444444 0.8809524 0.952381 0.8809524 0.8968254 0.8333333 0.8095238
1 0.9590164 0.9508197 0.9754098 0.909836 0.8852459 0.9262295 0.8278689 0.7704918 0.7868852 0.8196721
0.6324786 0.5299145 0.4700855 0.4273504 0.3589744 0.2564103 0.2393162 0.2051282 0.1794872 0.1452991 0.1282051
0.8790323 0.7983871 0.8870968 0.8225806 0.9032258 0.9435484 0.9193548 0.8629032 0.8790323 0.7903226 0.8064516
0.2704918 0.2213115 0.2786885 0.2540984 0.1803279 0.1803279 0.2377049 0.1885246 0.1967213 0.1721311 0.1475410
0.8709677 0.766129 0.8870968 0.8387097 0.8709677 0.8709677 0.9193548 0.9112903 0.8790323 0.9032258 0.8064516
0.9008264 0.8429752 0.8512397 0.8016529 0.7768595 0.7190083 0.8016529 0.7355372 0.7933884 0.7933884 0.7933884
0.825 0.8583333 0.8333333 0.75 0.775 0.7166667 0.7083333 0.6583333 0.6583333 0.5833333 0.6416667
