0.616 0.656 0.608 0.648 0.592 0.6 0.688 0.64 0.656 0.568 0.6
0.484127 0.3968254 0.4206349 0.3968254 0.3809524 0.3968254 0.4920635 0.5 0.4444444 0.4603175 0.468254
0.9354839 0.9596774 0.8870968 0.8467742 0.9193548 0.8548387 0.7983871 0.8548387 0.8145161 0.8629032 0.8306452
0.696 0.792 0.72 0.792 0.728 0.728 0.68 0.768 0.592 0.616 0.656
0.1147541 0.1475410 0.08196721 0.08196721 0.1639344 0.1639344 0.1557377 0.1311475 0.1885246 0.1475410 0.1721311
0.7321429 0.7053571 0.7767857 0.8214286 0.8839286 0.7946429 0.8035714 0.7946429 0.8303571 0.8482143 0.8303571
0.2434783 0.1478261 0.2173913 0.2695652 0.2956522 0.3217391 0.3304348 0.3913043 0.4260870 0.4086957 0.4173913
0.5304348 0.5478261 0.573913 0.4956522 0.4782609 0.4869565 0.4695652 0.4347826 0.4434783 0.4 0.4173913
0.4107143 0.4642857 0.4553571 0.6160714 0.5892857 0.6071429 0.6428571 0.6607143 0.7053571 0.6785714 0.75
0.488 0.616 0.664 0.632 0.72 0.672 0.808 0.824 0.816 0.848 0.832
0.1147541 0.1147541 0.1393443 0.1557377 0.2295082 0.2049180 0.2459016 0.3032787 0.3360656 0.352459 0.3852459
0.8790323 0.8790323 0.8709677 0.8790323 0.7741935 0.717742 0.6854839 0.6774194 0.6370968 0.5887097 0.5645161
0.9130435 0.8434783 0.7304348 0.8434783 0.8434783 0.7652174 0.7391304 0.7478261 0.6086957 0.573913 0.6347826
0.5535714 0.5357143 0.5982143 0.5178571 0.5357143 0.5357143 0.4910714 0.4107143 0.4732143 0.3928571 0.3928571
0.0967742 0.08870968 0.0967742 0.0483871 0.06451613 0.06451613 0.08064516 0.07258065 0.0967742 0.1209677 0.1129032
0.1826087 0.1652174 0.1652174 0.1391304 0.1130435 0.1217391 0.1478261 0.07826087 0.1217391 0.1304348 0.1478261
0.2619048 0.3253968 0.3015873 0.3968254 0.5 0.5873016 0.5238095 0.6269841 0.5952381 0.6746032 0.7063492
0.7868852 0.7459016 0.8360656 0.8196721 0.8196721 0.8114754 0.8442623 0.8688525 0.795082 0.8442623 0.795082
0.6517857 0.5892857 0.6071429 0.6160714 0.5267857 0.5267857 0.4107143 0.3928571 0.3035714 0.3660714 0.3214286
0.832 0.704 0.808 0.68 0.688 0.68 0.616 0.624 0.576 0.608 0.496
0.3217391 0.3217391 0.2608696 0.3217391 0.3217391 0.4782609 0.4695652 0.4434783 0.5304348 0.5478261 0.6608696
0.416 0.496 0.376 0.456 0.448 0.424 0.432 0.48 0.568 0.496 0.528
0.736 0.872 0.672 0.808 0.84 0.832 0.792 0.792 0.784 0.776 0.832
0.03968254 0.06349206 0.04761905 0.06349206 0.07142857 0.0952381 0.1746032 0.1746032 0.2222222 0.1904762 0.2380952
0.1639344 0.1557377 0.1147541 0.09016393 0.1065574 0.09016393 0.05737705 0.07377049 0.05737705 0.05737705 0.06557377
0.3217391 0.3391304 0.3565217 0.3478261 0.4 0.4347826 0.5304348 0.4956522 0.5130435 0.5826087 0.5478261
0.4918033 0.5327869 0.4098361 0.2540984 0.2049180 0.2049180 0.1147541 0.06557377 0.04098361 0.06557377 0.06557377
0.766129 0.766129 0.7016129 0.7016129 0.7419355 0.717742 0.717742 0.6854839 0.6693548 0.717742 0.6774194
0.1065574 0.1147541 0.04918033 0.04098361 0.04918033 0.07377049 0.03278689 0.04098361 0.04098361 0.01639344 0.02459016
0.1311475 0.1393443 0.1557377 0.2131148 0.1147541 0.1721311 0.1475410 0.1475410 0.1639344 0.1229508 0.1147541
0.008196721 0 0 0 0 0 0 0 0 0 0.008196721
0.6031746 0.547619 0.4206349 0.3888889 0.3095238 0.2619048 0.1984127 0.1587302 0.1507937 0.1349206 0.1269841
0.6111111 0.6190476 0.6111111 0.6349206 0.6349206 0.6746032 0.7142857 0.7619048 0.7222222 0.7063492 0.7222222
0.1478261 0.2260870 0.2782609 0.2956522 0.3304348 0.3391304 0.3130435 0.4173913 0.3913043 0.3913043 0.4173913
0.25 0.4112903 0.5887097 0.6209677 0.6451613 0.7016129 0.6935484 0.766129 0.8064516 0.8629032 0.8306452
0.5043478 0.4782609 0.3565217 0.2695652 0.2347826 0.1478261 0.06086957 0.04347826 0.01739130 0.01739130 0.01739130
0.312 0.32 0.256 0.312 0.448 0.312 0.392 0.392 0.456 0.4 0.48
0.056 0.064 0.056 0.096 0.08 0.088 0.12 0.16 0.216 0.24 0.288
0.8032787 0.795082 0.8196721 0.7868852 0.795082 0.7786885 0.7704918 0.7213115 0.795082 0.795082 0.704918
0.9444444 0.8571429 0.9047619 0.8333333 0.8730159 0.8650794 0.8888889 0.9126984 0.8174603 0.7698413 0.8253968
0.1311475 0.1475410 0.1311475 0.1721311 0.1393443 0.1721311 0.1639344 0.1885246 0.1721311 0.1639344 0.1557377
0.6587302 0.6825397 0.6190476 0.5634921 0.5714286 0.531746 0.6111111 0.4761905 0.5873016 0.547619 0.4603175
0.2258065 0.2016129 0.2258065 0.2741935 0.3629032 0.3951613 0.4193548 0.516129 0.6129032 0.5483871 0.5806452
0.4642857 0.4375 0.4642857 0.5178571 0.5267857 0.5535714 0.5982143 0.5803571 0.5625 0.5535714 0.5535714
0.2321429 0.1428571 0.1875 0.1071429 0.1071429 0.07142857 0.05357143 0.01785714 0 0.01785714 0.02678571
0.768 0.728 0.672 0.64 0.632 0.624 0.632 0.592 0.608 0.616 0.616
0.6141732 0.6850394 0.6929134 0.6850394 0.6299213 0.6299213 0.7244094 0.6771654 0.6614173 0.7007874 0.6771654
0.1269841 0.1111111 0.1269841 0.08730159 0.1111111 0.1111111 0.06349206 0.1349206 0.1507937 0.1428571 0.1587302
0.832 0.888 0.84 0.864 0.888 0.96 0.808 0.928 0.888 0.856 0.832
0.968254 0.968254 0.9444444 0.984127 0.968254 0.968254 0.8968254 0.936508 0.8888889 0.8650794 0.8253968
0.8110236 0.8267717 0.9055118 0.8503937 0.8661417 0.8267717 0.8897638 0.7244094 0.8188976 0.8267717 0.7086614
0.248 0.304 0.288 0.4 0.384 0.416 0.432 0.456 0.416 0.416 0.504
0.9391304 0.9130435 0.9043478 0.9391304 0.9652174 0.947826 0.8434783 0.8956522 0.8 0.8434783 0.8173913
0.4596774 0.3306452 0.3306452 0.3709677 0.2338710 0.2903226 0.2741935 0.2741935 0.2419355 0.2096774 0.2177419
0.4590164 0.5 0.4180328 0.3278689 0.2459016 0.2049180 0.1475410 0.1065574 0.1065574 0.09016393 0.03278689
0.1349206 0.1111111 0.1587302 0.1031746 0.05555556 0.08730159 0.03968254 0.07142857 0.07936508 0.07142857 0.07142857
0.648 0.632 0.632 0.592 0.568 0.48 0.464 0.472 0.4 0.384 0.36
0.08196721 0.04098361 0.04918033 0.04918033 0.09836066 0.07377049 0.1147541 0.1311475 0.1885246 0.2295082 0.1885246
0.4016393 0.4590164 0.2786885 0.2131148 0.1475410 0.1065574 0.07377049 0.04918033 0.02459016 0.03278689 0.02459016
0.3387097 0.4032258 0.3790323 0.5322581 0.6209677 0.6612903 0.6612903 0.6774194 0.6532258 0.7983871 0.7258065
0.4672131 0.5 0.4098361 0.5327869 0.5327869 0.4672131 0.5491803 0.4754098 0.5 0.5901639 0.5655738
0.8608696 0.8869565 0.826087 0.8086957 0.7391304 0.8521739 0.8086957 0.6782609 0.6869565 0.6434783 0.6086957
0.672 0.704 0.68 0.664 0.688 0.728 0.712 0.816 0.88 0.768 0.832
0.3114754 0.3770492 0.3278689 0.3688525 0.352459 0.3278689 0.3934426 0.3934426 0.4180328 0.4016393 0.3770492
0.968 0.992 0.968 0.984 0.952 0.976 0.936 0.92 0.88 0.848 0.832
0.7589286 0.8482143 0.7767857 0.75 0.75 0.6339286 0.6160714 0.5625 0.5089286 0.4732143 0.3928571
0.672 0.656 0.632 0.6 0.528 0.424 0.456 0.416 0.368 0.376 0.36
0.1964286 0.1785714 0.1517857 0.1696429 0.1964286 0.2053571 0.2410714 0.2232143 0.2232143 0.2053571 0.2321429
0.648 0.616 0.568 0.552 0.472 0.424 0.344 0.336 0.328 0.304 0.288
0.8503937 0.8031496 0.7795276 0.8661417 0.8425197 0.8267717 0.8897638 0.7952756 0.8110236 0.8267717 0.7637795
0.02459016 0 0.01639344 0.008196721 0.01639344 0.03278689 0.07377049 0.06557377 0.07377049 0.07377049 0.09836066
0.480315 0.4645669 0.496063 0.4488189 0.4566929 0.488189 0.4724409 0.4094488 0.4173228 0.4330709 0.4094488
0.773913 0.9130435 0.8695652 0.826087 0.8695652 0.8608696 0.8434783 0.8956522 0.8782609 0.8434783 0.8173913
0.9285714 0.9285714 0.9464286 0.9285714 0.9017857 0.9107143 0.8839286 0.875 0.8303571 0.6785714 0.75
0.7165354 0.6692913 0.7874016 0.7559055 0.7480315 0.7795276 0.7637795 0.8503937 0.8897638 0.7559055 0.8346457
0.6 0.552 0.696 0.664 0.72 0.728 0.808 0.88 0.816 0.848 0.832
0.5304348 0.6086957 0.626087 0.6434783 0.773913 0.8 0.8434783 0.8956522 0.8 0.8434783 0.8173913
0.06299213 0.06299213 0.05511811 0.1496063 0.1811024 0.1732283 0.1889764 0.2598425 0.2992126 0.2992126 0.3149606
0.626087 0.6086957 0.5826087 0.5391304 0.5913043 0.5130435 0.4782609 0.4434783 0.4695652 0.4347826 0.4086957
0.5433071 0.5984252 0.6535433 0.5905512 0.5511811 0.5669291 0.5669291 0.6062992 0.5669291 0.5984252 0.6141732
0.647541 0.6311475 0.5819672 0.647541 0.6065574 0.5163934 0.6065574 0.557377 0.4918033 0.5901639 0.5
0.1607143 0.1428571 0.1428571 0.125 0.125 0.125 0.1071429 0.1160714 0.125 0.1071429 0.09821429
0.4508197 0.4672131 0.5327869 0.5983607 0.6803279 0.647541 0.6557377 0.6885246 0.6147541 0.7131148 0.7459016
0.6111111 0.5714286 0.5238095 0.6190476 0.6587302 0.6190476 0.6269841 0.6269841 0.6111111 0.6190476 0.6507937
0.01639344 0.008196721 0.01639344 0.03278689 0.04098361 0.06557377 0.1065574 0.08196721 0.1065574 0.09836066 0.09836066
0.2946429 0.25 0.2142857 0.1696429 0.1517857 0.1428571 0.1428571 0.1160714 0.125 0.07142857 0.1160714
0.2053571 0.1875 0.1517857 0.125 0.1339286 0.08928571 0.1607143 0.1160714 0.1339286 0.08928571 0.1160714
0.3391304 0.4260870 0.4 0.4173913 0.4260870 0.4695652 0.5391304 0.4434783 0.5391304 0.4608696 0.5130435
0.8278689 0.795082 0.8606557 0.8606557 0.852459 0.9180328 0.8442623 0.8032787 0.8934426 0.8934426 0.8196721
0.3043478 0.3391304 0.2608696 0.2956522 0.3130435 0.3826087 0.4347826 0.4782609 0.5130435 0.5565217 0.5304348
0.5826087 0.5478261 0.573913 0.4521739 0.4782609 0.4869565 0.4347826 0.4434783 0.4695652 0.4086957 0.4173913
0.04347826 0.01739130 0.02608696 0.08695652 0.1913043 0.2173913 0.2869565 0.3130435 0.3913043 0.3913043 0.4173913
0.6825397 0.6507937 0.6825397 0.6984127 0.7777778 0.7380952 0.7539683 0.8571429 0.8888889 0.7777778 0.8253968
0.384 0.48 0.52 0.464 0.528 0.528 0.512 0.592 0.584 0.608 0.656
0.7321429 0.7053571 0.7232143 0.7678571 0.625 0.6428571 0.5982143 0.6607143 0.6785714 0.6696429 0.6964286
0.3629032 0.4032258 0.3387097 0.25 0.2661290 0.2741935 0.2903226 0.25 0.2016129 0.1935484 0.2096774
0.2053571 0.1964286 0.2142857 0.1696429 0.2142857 0.2321429 0.2767857 0.2678571 0.2678571 0.2946429 0.3214286
0.8492063 0.7619048 0.8333333 0.8015873 0.8253968 0.8650794 0.7777778 0.8333333 0.8095238 0.7777778 0.8253968
0.4508197 0.5 0.4180328 0.5 0.4754098 0.4918033 0.4918033 0.4344262 0.5245902 0.5655738 0.4262295
0.4 0.3652174 0.3739130 0.2521739 0.2608696 0.2260870 0.1565217 0.1130435 0.1217391 0.06086957 0.08695652
0.02459016 0.008196721 0.01639344 0.008196721 0.01639344 0.04918033 0.06557377 0.08196721 0.09836066 0.1147541 0.1065574
0.5354331 0.519685 0.511811 0.4645669 0.3858268 0.3858268 0.3622047 0.3070866 0.2598425 0.2204724 0.2204724
0.1304348 0.1478261 0.1478261 0.1739130 0.2434783 0.2086957 0.2869565 0.2521739 0.2782609 0.2782609 0.3043478
0.375 0.4017857 0.3125 0.4821429 0.4196429 0.4107143 0.3214286 0.3303571 0.4017857 0.3928571 0.3571429
0.2946429 0.2946429 0.3482143 0.3392857 0.2946429 0.2767857 0.2678571 0.2589286 0.25 0.2857143 0.2589286
0.8730159 0.8412698 0.8492063 0.7222222 0.8095238 0.8333333 0.8888889 0.7619048 0.8015873 0.7777778 0.8253968
0.2053571 0.1875 0.2321429 0.2232143 0.2857143 0.3035714 0.2946429 0.2857143 0.2678571 0.2946429 0.2857143
0.9391304 0.9217391 0.9565217 0.9391304 0.9652174 0.947826 0.9304348 0.8956522 0.8782609 0.8434783 0.8173913
0.968254 0.9920635 0.936508 0.984127 0.968254 0.968254 0.936508 0.936508 0.8888889 0.8650794 0.8253968
0.8934426 0.9836066 0.9754098 0.9262295 0.9508197 0.9344262 0.9262295 0.9262295 0.8770492 0.8442623 0.795082
0.05555556 0.06349206 0.05555556 0.05555556 0.07936508 0.1587302 0.1587302 0.1825397 0.2698413 0.2619048 0.2619048
0.3303571 0.25 0.2142857 0.1964286 0.1339286 0.08928571 0.1160714 0.09821429 0.03571429 0.05357143 0.05357143
0.024 0 0 0 0 0 0 0 0 0 0.008
0.968 0.904 0.944 0.952 0.936 0.936 0.896 0.92 0.88 0.848 0.832
0.2232143 0.1339286 0.1517857 0.1160714 0.1160714 0.08928571 0.07142857 0.02678571 0 0.01785714 0.01785714
0.4426230 0.4590164 0.4590164 0.5163934 0.5327869 0.5737705 0.5983607 0.5737705 0.6147541 0.647541 0.704918
0.1607143 0.1607143 0.1964286 0.2232143 0.2321429 0.2321429 0.2767857 0.2589286 0.2589286 0.2678571 0.2232143
0.384 0.416 0.52 0.48 0.408 0.528 0.512 0.56 0.448 0.52 0.504
0.3968254 0.3968254 0.4920635 0.531746 0.6428571 0.5714286 0.6269841 0.6031746 0.6587302 0.6190476 0.6031746
0.2362205 0.2913386 0.2125984 0.3622047 0.2992126 0.3700787 0.3700787 0.3070866 0.3307087 0.3464567 0.3228346
0.5826087 0.5391304 0.573913 0.5217391 0.5652174 0.5304348 0.4695652 0.4173913 0.4347826 0.4086957 0.4
0.2678571 0.3035714 0.2589286 0.3035714 0.2857143 0.2678571 0.3125 0.2946429 0.2946429 0.3482143 0.3392857
0.8278689 0.8196721 0.8442623 0.8606557 0.852459 0.8606557 0.795082 0.8360656 0.8360656 0.8934426 0.8196721
0.2213115 0.1803279 0.1885246 0.1885246 0.1639344 0.1721311 0.1557377 0.1065574 0.1065574 0.1147541 0.09836066
0.7377049 0.8196721 0.8278689 0.6967213 0.6885246 0.6393443 0.5983607 0.5983607 0.5163934 0.5491803 0.6311475
0.7460317 0.7539683 0.7698413 0.8095238 0.7301587 0.6746032 0.7301587 0.7619048 0.6666667 0.5793651 0.6031746
0.9516129 0.983871 0.9354839 0.9112903 0.9516129 0.8225806 0.7903226 0.8870968 0.7096774 0.8629032 0.7741935
0.2053571 0.1964286 0.2142857 0.1964286 0.1964286 0.2321429 0.2410714 0.25 0.2232143 0.2053571 0.2678571
0.8125 0.8571429 0.875 0.9017857 0.8839286 0.9196429 0.9464286 0.875 0.9017857 0.8482143 0.8303571
0.9516129 0.9516129 0.8870968 0.9112903 0.9435484 0.8951613 0.733871 0.7983871 0.733871 0.782258 0.7741935
0.5327869 0.5409836 0.5081967 0.4672131 0.352459 0.3114754 0.3278689 0.2295082 0.1885246 0.1639344 0.1557377
0.92 0.896 0.912 0.92 0.952 0.976 0.936 0.92 0.88 0.848 0.832
0.3730159 0.3015873 0.3015873 0.2619048 0.2777778 0.2380952 0.2301587 0.2142857 0.2142857 0.1746032 0.1825397
0.9444444 0.936508 0.9444444 0.9285714 0.952381 0.968254 0.936508 0.9126984 0.8888889 0.8253968 0.8253968
0.8125 0.8482143 0.75 0.7857143 0.7589286 0.6785714 0.7410714 0.6964286 0.7053571 0.75 0.7053571
0.7258065 0.7580645 0.8387097 0.7016129 0.75 0.766129 0.7096774 0.6774194 0.6290323 0.6048387 0.6129032
