0.7246377 0.731884 0.6884058 0.6594203 0.7246377 0.5724638 0.5507246 0.6086957 0.7246377 0.6594203 0.5797101
0.2888889 0.3259259 0.3481481 0.3629630 0.4296296 0.4222222 0.5333333 0.5185185 0.5037037 0.5185185 0.5037037
0.6363636 0.7045455 0.6818182 0.6515152 0.8409091 0.6060606 0.6666667 0.5606061 0.530303 0.5151515 0.5606061
0.7647059 0.757353 0.7794118 0.6691176 0.5955882 0.5661765 0.5661765 0.5661765 0.6470588 0.6029412 0.5735294
0.1617647 0.08088235 0.02941176 0.03676471 0.04411765 0.04411765 0.04411765 0.04411765 0.03676471 0.02941176 0.02941176
1 0.9710145 1 0.9927536 0.9710145 0.9347826 0.9710145 0.9710145 0.9855072 0.9637681 0.942029
0.3984962 0.4285714 0.4586466 0.4511278 0.4887218 0.4661654 0.3834586 0.3533835 0.4135338 0.4511278 0.4962406
0.3758865 0.3546099 0.3546099 0.3049645 0.2765957 0.3049645 0.3404255 0.3617021 0.4042553 0.3900709 0.4539007
0.6 0.5185185 0.5407407 0.5925926 0.6296296 0.6222222 0.637037 0.7185185 0.637037 0.7333333 0.6296296
0.5035461 0.5815603 0.6666667 0.5673759 0.7092199 0.7375887 0.787234 0.6879433 0.680851 0.7234043 0.8085106
0.6766917 0.6766917 0.7744361 0.8045113 0.8571429 0.7218045 0.7218045 0.7142857 0.6015038 0.6766917 0.6992481
0.007246377 0.0942029 0.1231884 0.1666667 0.2028986 0.2101449 0.2318841 0.2318841 0.1666667 0.1594203 0.1521739
0.5338346 0.5714286 0.5789474 0.5789474 0.5714286 0.5789474 0.631579 0.631579 0.5789474 0.6240602 0.6917293
0.7608696 0.7536232 0.7173913 0.7173913 0.6521739 0.5942029 0.6304348 0.6666667 0.6521739 0.615942 0.5797101
0.3455882 0.375 0.3970588 0.4411765 0.4485294 0.4191176 0.4264706 0.3602941 0.4191176 0.4264706 0.4117647
0.2222222 0.1407407 0.04444444 0.04444444 0.04444444 0.04444444 0.04444444 0.04444444 0.04444444 0.03703704 0.03703704
0.1764706 0.1691176 0.1985294 0.2132353 0.2132353 0.2132353 0.2058824 0.1838235 0.1985294 0.1911765 0.1985294
0.5075758 0.4242424 0.3636364 0.3787879 0.2954545 0.2878788 0.2727273 0.3939394 0.3939394 0.4015152 0.3863636
0.719697 0.719697 0.6515152 0.6439394 0.6212121 0.6287879 0.5681818 0.5757576 0.5984848 0.6212121 0.6212121
0.6397059 0.5808824 0.5147059 0.4632353 0.4705882 0.4852941 0.8455882 0.8014706 0.75 0.757353 0.8235294
0.6766917 0.593985 0.6090226 0.631579 0.6240602 0.7218045 0.7368421 0.7669173 0.7669173 0.7293233 0.6165414
0.3481481 0.3851852 0.4222222 0.4666667 0.4888889 0.5333333 0.437037 0.4592593 0.4888889 0.4592593 0.4592593
0.2932331 0.2255639 0.2556391 0.2255639 0.2330827 0.3007519 0.2781955 0.2556391 0.3007519 0.2932331 0.2631579
0.8712121 0.9318182 0.9015152 0.9621212 0.9772727 0.9090909 0.9015152 0.8863636 0.8409091 0.8939394 0.8863636
0.1764706 0.2205882 0.25 0.2573529 0.2426471 0.25 0.25 0.25 0.2647059 0.2132353 0.25
0.1956522 0.2101449 0.2608696 0.2826087 0.3333333 0.4275362 0.4637681 0.4492754 0.442029 0.4782609 0.4637681
0.4855072 0.4492754 0.3695652 0.3260870 0.3115942 0.3188406 0.3623188 0.3550725 0.3695652 0.3188406 0.3043478
0.5869565 0.5724638 0.5797101 0.5652174 0.6304348 0.6231884 0.6521739 0.6231884 0.768116 0.731884 0.7101449
0.1515152 0.07575758 0.1212121 0.1212121 0.1287879 0.1590909 0.1666667 0.1742424 0.1590909 0.1590909 0.1363636
0.5263158 0.5864662 0.6090226 0.5864662 0.593985 0.631579 0.6015038 0.6466165 0.631579 0.7293233 0.8421053
0.03623188 0.04347826 0.05072464 0.05797101 0.07246377 0.07971014 0.07246377 0.05797101 0.05797101 0.05797101 0.05072464
0.593985 0.518797 0.443609 0.3984962 0.3984962 0.4210526 0.443609 0.443609 0.4210526 0.4135338 0.406015
0.6363636 0.6439394 0.7045455 0.7954545 0.689394 0.7348485 0.719697 0.7045455 0.7045455 0.7045455 0.719697
0.4135338 0.4210526 0.4210526 0.3533835 0.3157895 0.2330827 0.2781955 0.3233083 0.3082707 0.3157895 0.3233083
0.3863636 0.469697 0.5151515 0.5757576 0.5757576 0.5151515 0.4924242 0.5075758 0.4090909 0.4242424 0.4545455
0.2205882 0.07352941 0.04411765 0.03676471 0.04411765 0.05147059 0.05882353 0.1691176 0.1617647 0.1470588 0.1470588
0.1376812 0.1449275 0.1666667 0.1739130 0.2028986 0.2173913 0.2246377 0.1884058 0.2173913 0.2101449 0.2246377
0.1304348 0.08695652 0.05072464 0.03623188 0.04347826 0.05072464 0.05072464 0.04347826 0.07971014 0.04347826 0.05797101
0.7744361 0.7293233 0.7067669 0.7067669 0.8270677 0.7669173 0.7894737 0.7593985 0.6917293 0.7518797 0.7969925
0.8257576 0.8257576 0.7121212 0.75 0.6666667 0.6515152 0.6212121 0.6287879 0.6136364 0.6363636 0.6439394
0.5588235 0.5735294 0.5955882 0.5735294 0.6102941 0.6470588 0.5955882 0.6911765 0.7058824 0.742647 0.7058824
0.3333333 0.3900709 0.4255319 0.3829787 0.4255319 0.3971631 0.3829787 0.2695035 0.3475177 0.3900709 0.4255319
0.6616541 0.6390977 0.6616541 0.7142857 0.7218045 0.7969925 0.7518797 0.7218045 0.7067669 0.7368421 0.7142857
0.3897059 0.4044118 0.5220588 0.5661765 0.6691176 0.6470588 0.7352941 0.7794118 0.742647 0.7058824 0.6029412
0.3971631 0.3333333 0.3120567 0.2695035 0.2695035 0.2482270 0.2340426 0.2269504 0.2127660 0.2127660 0.2056738
0.5984848 0.5378788 0.5075758 0.4848485 0.5 0.4393939 0.4318182 0.4393939 0.4545455 0.3787879 0.3863636
0.8030303 0.8712121 0.7575758 0.6742424 0.8181818 0.6515152 0.6212121 0.5757576 0.6060606 0.5151515 0.5757576
0.874074 0.8518519 0.8666667 0.7851852 0.7555556 0.6740741 0.637037 0.5851852 0.7925926 0.6814815 0.6444444
0.8592593 0.7185185 0.7111111 0.7259259 0.7777778 0.8148148 0.8074074 0.8444444 0.8444444 0.8296296 0.7777778
0.2101449 0.2246377 0.2173913 0.2246377 0.2318841 0.2463768 0.2608696 0.2681159 0.2681159 0.2536232 0.2463768
0.03546099 0.09929078 0.1276596 0.1560284 0.1773050 0.1985816 0.1702128 0.1843972 0.1702128 0.1843972 0.1843972
0.6397059 0.5367647 0.4485294 0.3676471 0.3676471 0.3823529 0.4705882 0.4485294 0.4852941 0.4926471 0.5073529
0.9703704 1 0.925926 0.9925926 0.962963 0.9777778 0.9407407 0.925926 0.9037037 0.9111111 0.9037037
0.969697 0.9318182 0.9318182 0.9621212 0.8863636 0.8939394 0.9318182 0.9545455 0.9318182 0.9469697 0.9015152
0.7703704 0.7111111 0.7037037 0.6962963 0.7851852 0.7481481 0.7037037 0.7407407 0.7037037 0.7481481 0.7777778
0.8235294 0.7941176 0.6911765 0.6617647 0.6691176 0.6985294 0.875 0.8970588 0.9191176 0.8970588 0.9044118
0.3082707 0.3308271 0.3082707 0.3533835 0.3458647 0.3233083 0.3157895 0.3157895 0.2857143 0.2481203 0.2631579
0.5378788 0.4242424 0.3787879 0.3257576 0.2803030 0.25 0.25 0.2878788 0.3333333 0.2954545 0.3181818
0.469697 0.4090909 0.4242424 0.3712121 0.3787879 0.3863636 0.4318182 0.3787879 0.3484848 0.3484848 0.3484848
0.3333333 0.384058 0.4275362 0.384058 0.4565217 0.4347826 0.4202899 0.4130435 0.4275362 0.3913043 0.3768116
0.6 0.437037 0.3777778 0.3703704 0.3555556 0.3481481 0.3629630 0.4074074 0.437037 0.3333333 0.3629630
0.3636364 0.3560606 0.3409091 0.3409091 0.3409091 0.3484848 0.3333333 0.3560606 0.3257576 0.3257576 0.3181818
0.7246377 0.731884 0.6956522 0.731884 0.7536232 0.789855 0.789855 0.789855 0.6811594 0.6014493 0.5724638
0.7867647 0.8161765 0.8235294 0.7720588 0.6911765 0.6397059 0.6397059 0.5147059 0.5661765 0.6029412 0.6102941
0.1231884 0.1956522 0.2463768 0.2536232 0.2681159 0.2898551 0.1956522 0.1739130 0.2101449 0.2681159 0.2536232
0.8308824 0.9117647 0.875 0.9191176 0.9191176 0.8602941 0.8455882 0.8308824 0.8235294 0.8308824 0.8455882
0.4242424 0.3636364 0.3484848 0.3106061 0.3181818 0.2424242 0.2575758 0.2878788 0.2803030 0.2803030 0.2575758
0.9166667 0.9545455 0.9545455 0.9848485 0.9621212 0.969697 0.969697 0.9772727 0.9772727 0.9848485 0.9621212
0.5289855 0.5072464 0.442029 0.384058 0.3623188 0.3550725 0.3623188 0.3768116 0.384058 0.3260870 0.3333333
0.3257576 0.3181818 0.2954545 0.3181818 0.3333333 0.3636364 0.3787879 0.3863636 0.3181818 0.2803030 0.2727273
0.2878788 0.2272727 0.1893939 0.1136364 0.06060606 0.06818182 0.0530303 0.0530303 0.06818182 0.03787879 0.08333333
0.5362319 0.442029 0.3913043 0.3695652 0.4347826 0.4347826 0.3913043 0.3913043 0.4057971 0.3550725 0.3260870
0.9407407 0.9407407 0.8962963 0.925926 0.9185185 0.8888889 0.8888889 0.8666667 0.8592593 0.874074 0.8666667
0.1666667 0.2575758 0.2575758 0.1893939 0.1818182 0.2424242 0.4924242 0.5757576 0.5984848 0.6212121 0.5606061
0.4887218 0.4360902 0.5037594 0.4135338 0.3984962 0.3458647 0.3308271 0.3533835 0.3684211 0.3684211 0.3458647
0.9469697 0.939394 0.9166667 0.9166667 0.9242424 0.9242424 0.939394 0.9545455 0.9772727 0.939394 0.8863636
0.8181818 0.7575758 0.7575758 0.8181818 0.810606 0.8257576 0.780303 0.7575758 0.7424242 0.8257576 0.9469697
0.7943262 0.8510638 0.8865248 0.9078014 0.8794326 0.9361702 0.8652482 0.9078014 0.9007092 0.8865248 0.8723404
0.6136364 0.6666667 0.6439394 0.6136364 0.6060606 0.5378788 0.5 0.4772727 0.530303 0.5075758 0.5151515
0.5955882 0.6838235 0.6985294 0.8235294 0.8308824 0.8161765 0.8161765 0.6691176 0.5808824 0.5955882 0.6544118
0.04347826 0.1376812 0.1739130 0.2173913 0.2028986 0.2101449 0.2101449 0.1811594 0.1666667 0.1884058 0.1811594
0.780303 0.7045455 0.7045455 0.780303 0.8030303 0.7878788 0.7272727 0.7424242 0.7424242 0.7045455 0.6742424
0.5434783 0.5724638 0.5652174 0.5434783 0.615942 0.6594203 0.5942029 0.6666667 0.7101449 0.6014493 0.768116
0.4117647 0.4558824 0.4044118 0.3970588 0.3382353 0.2794118 0.375 0.3235294 0.3235294 0.2794118 0.2941176
0.8014706 0.8161765 0.742647 0.6691176 0.632353 0.5808824 0.6029412 0.5661765 0.6985294 0.7352941 0.6985294
0.2608696 0.2681159 0.2608696 0.2608696 0.2536232 0.1449275 0.1739130 0.2318841 0.2246377 0.2681159 0.3260870
0.3409091 0.3181818 0.2803030 0.3030303 0.3333333 0.5 0.4621212 0.4545455 0.4545455 0.5151515 0.469697
0.3260870 0.384058 0.4130435 0.5 0.4347826 0.4927536 0.4347826 0.4927536 0.442029 0.4275362 0.4782609
0.6170213 0.6453901 0.680851 0.6170213 0.5744681 0.5673759 0.5106383 0.5106383 0.5106383 0.5035461 0.5177305
0.0530303 0.01515152 0.1060606 0.1136364 0.1136364 0.1136364 0.1212121 0.1287879 0.1060606 0.1136364 0.09848485
0.3550725 0.3333333 0.2826087 0.2753623 0.2753623 0.2753623 0.2826087 0.3188406 0.3115942 0.2898551 0.2753623
0.09558824 0.1764706 0.1691176 0.1617647 0.1470588 0.1544118 0.1323529 0.125 0.1102941 0.125 0.125
0.4740741 0.6 0.637037 0.6 0.7555556 0.7407407 0.6962963 0.6666667 0.6074074 0.5851852 0.562963
0.2424242 0.2121212 0.1287879 0.06818182 0.07575758 0.06818182 0.1060606 0.08333333 0.06818182 0.06818182 0.08333333
0.3623188 0.4202899 0.5144928 0.5724638 0.5507246 0.5434783 0.5652174 0.557971 0.6956522 0.6666667 0.6956522
0.2727273 0.2651515 0.2348485 0.2424242 0.2121212 0.1742424 0.1893939 0.1590909 0.2121212 0.2045455 0.1893939
0.8195489 0.8796992 0.8721805 0.9548872 0.9548872 0.9323308 0.9097744 0.8947368 0.9172932 0.8947368 0.9849624
0.2101449 0.2681159 0.2971014 0.3478261 0.3913043 0.442029 0.4492754 0.442029 0.4927536 0.5 0.5217391
0.0942029 0.08695652 0.07246377 0.05797101 0.07246377 0.07971014 0.0942029 0.1739130 0.1521739 0.1521739 0.1159420
0.06818182 0.0909091 0.1439394 0.1742424 0.1439394 0.1136364 0.1136364 0.2121212 0.09848485 0.0530303 0.07575758
0.9318182 0.9318182 0.9469697 0.9621212 0.9242424 0.9545455 0.939394 0.9469697 0.9166667 0.939394 0.9090909
0.07246377 0.08695652 0.1666667 0.2101449 0.2101449 0.2028986 0.1594203 0.1739130 0.1811594 0.2101449 0.2246377
0.9851852 0.9407407 0.962963 0.8962963 0.9185185 0.8888889 0.8444444 0.8518519 0.8444444 0.8666667 0.8666667
0.5144928 0.4637681 0.4565217 0.3768116 0.4202899 0.3913043 0.3478261 0.3768116 0.3478261 0.3333333 0.3333333
0.6014493 0.6376812 0.6811594 0.615942 0.7101449 0.5942029 0.5289855 0.5144928 0.5144928 0.5797101 0.5289855
0.2132353 0.25 0.2352941 0.2132353 0.2132353 0.1617647 0.1397059 0.1397059 0.1544118 0.1764706 0.1691176
0.8270677 0.8421053 0.7368421 0.6691729 0.7067669 0.631579 0.6015038 0.6390977 0.6917293 0.631579 0.7067669
0.1136364 0.06060606 0.0530303 0.06060606 0.0530303 0.0530303 0.04545455 0.03787879 0.03787879 0.03787879 0.03787879
0.8421053 0.849624 0.7744361 0.7067669 0.8045113 0.6766917 0.7518797 0.7593985 0.8270677 0.849624 0.8571429
0.4485294 0.3970588 0.4338235 0.4632353 0.5 0.5367647 0.5294118 0.5367647 0.5147059 0.4264706 0.4338235
0.4637681 0.3985507 0.3623188 0.3695652 0.4130435 0.4202899 0.3623188 0.3695652 0.3695652 0.3260870 0.3260870
0.3602941 0.3897059 0.4191176 0.4558824 0.4926471 0.4852941 0.4558824 0.4044118 0.4485294 0.3897059 0.3970588
0.6838235 0.6397059 0.6102941 0.5955882 0.632353 0.6617647 0.8602941 0.7867647 0.8235294 0.75 0.6691176
0.1304348 0.1521739 0.2318841 0.2318841 0.2391304 0.2101449 0.2173913 0.1884058 0.2173913 0.2101449 0.2246377
0.4015152 0.3636364 0.3409091 0.3106061 0.2803030 0.2803030 0.3333333 0.2878788 0.3257576 0.3257576 0.3181818
0.3623188 0.4057971 0.4275362 0.384058 0.4565217 0.4855072 0.5434783 0.6304348 0.6811594 0.5652174 0.7391304
0.3043478 0.3333333 0.3985507 0.4637681 0.3260870 0.3115942 0.2826087 0.3188406 0.3115942 0.3623188 0.3260870
0.8623188 0.884058 0.884058 0.8768116 0.8695652 0.8623188 0.8695652 0.8623188 0.8550725 0.8405797 0.8478261
0.2352941 0.2573529 0.25 0.2352941 0.1764706 0.1544118 0.0882353 0.1323529 0.1397059 0.1323529 0.1911765
0.8970588 0.9044118 0.9338235 0.9558824 0.992647 0.992647 0.9411765 0.9632353 0.9558824 0.9485294 0.9779412
1 0.9848485 1 0.9848485 0.969697 0.9848485 0.9772727 1 0.9772727 0.9848485 0.9621212
0.887218 0.9097744 0.9699248 0.9097744 0.9097744 0.9699248 0.9699248 0.9473684 1 0.962406 0.887218
0.01470588 0.05147059 0.08088235 0.1176471 0.1029412 0.1029412 0.08088235 0.05882353 0.07352941 0.0882353 0.0882353
0.7954545 0.75 0.780303 0.810606 0.7727273 0.8484848 0.7575758 0.810606 0.8560606 0.7954545 0.7878788
0.4393939 0.3636364 0.3257576 0.2575758 0.2121212 0.1515152 0.1969697 0.2272727 0.2878788 0.2196970 0.2045455
0.06521739 0.1014493 0.1159420 0.1159420 0.1159420 0.1594203 0.1594203 0.1159420 0.1086957 0.1159420 0.08695652
0.5984848 0.6666667 0.6060606 0.6136364 0.6060606 0.5530303 0.5454545 0.5227273 0.5984848 0.5227273 0.5606061
0.6363636 0.7954545 0.7272727 0.8712121 0.9090909 0.8409091 0.8863636 0.8636364 0.8863636 0.8863636 0.8560606
0.3550725 0.3333333 0.2826087 0.2753623 0.2753623 0.2826087 0.2826087 0.3043478 0.2971014 0.2826087 0.2681159
0.4202899 0.3985507 0.4202899 0.4347826 0.4855072 0.4782609 0.5144928 0.4347826 0.442029 0.4855072 0.4855072
0.2101449 0.2101449 0.2246377 0.1884058 0.1956522 0.2173913 0.2246377 0.1956522 0.1811594 0.2101449 0.1884058
0.3115942 0.3550725 0.3913043 0.442029 0.3695652 0.4130435 0.3478261 0.3043478 0.3768116 0.3768116 0.4275362
0.25 0.3030303 0.3257576 0.3409091 0.3409091 0.3484848 0.3030303 0.2878788 0.3106061 0.3106061 0.3181818
0.0962963 0.08148148 0.04444444 0.04444444 0.05185185 0.04444444 0.05185185 0.05185185 0.1037037 0.03703704 0.04444444
0.6764706 0.6911765 0.5955882 0.5588235 0.5147059 0.5147059 0.4852941 0.4779412 0.5441176 0.5514706 0.5367647
0.04964539 0.1063830 0.1347518 0.1702128 0.1773050 0.1985816 0.1985816 0.1843972 0.1702128 0.1843972 0.1914894
0.1631206 0.1418440 0.1205674 0.1489362 0.1418440 0.1418440 0.1276596 0.1134752 0.1347518 0.1347518 0.1276596
0.6666667 0.6376812 0.615942 0.6304348 0.7101449 0.731884 0.7826087 0.7463768 0.7608696 0.768116 0.768116
0.3533835 0.3533835 0.3082707 0.3308271 0.3533835 0.3609023 0.3383459 0.3233083 0.3383459 0.3458647 0.3233083
0.2222222 0.2518519 0.3185185 0.3629630 0.3555556 0.3481481 0.3111111 0.3111111 0.3111111 0.2888889 0.3185185
0.8529412 0.8161765 0.7205882 0.6838235 0.7205882 0.6029412 0.7279412 0.8529412 0.8455882 0.8161765 0.8455882
0.1838235 0.2132353 0.2426471 0.2720588 0.2647059 0.3455882 0.3823529 0.4191176 0.3602941 0.4264706 0.375
0.5955882 0.6102941 0.5735294 0.5220588 0.5294118 0.5367647 0.7058824 0.757353 0.7352941 0.757353 0.8014706
0.4888889 0.5333333 0.4888889 0.4666667 0.4740741 0.4296296 0.3925926 0.3703704 0.437037 0.4666667 0.437037
0.02205882 0.07352941 0.1470588 0.1838235 0.1911765 0.1691176 0.1397059 0.1323529 0.125 0.1397059 0.1617647
0.9469697 0.9772727 0.969697 0.9545455 0.9924242 0.939394 0.939394 0.9469697 0.9545455 0.9242424 0.9621212
0.7703704 0.7111111 0.6518519 0.6962963 0.7185185 0.7555556 0.8592593 0.8666667 0.8592593 0.874074 0.8814815
0.615942 0.557971 0.5507246 0.5724638 0.5652174 0.6449275 0.6666667 0.7101449 0.6884058 0.7173913 0.7246377
0.924812 0.9097744 0.9774436 0.9172932 0.9097744 0.9097744 0.8947368 0.8947368 0.9022556 0.8947368 0.887218
0.9485294 0.9117647 0.9411765 0.9705882 0.992647 0.9852941 0.992647 0.9632353 0.9705882 0.9779412 0.9632353
0.8297872 0.8014184 0.7801418 0.680851 0.5815603 0.5815603 0.5248227 0.5248227 0.5177305 0.5319149 0.5035461
