0.06617647 0.08088235 0.06617647 0.02941176 0.02205882 0.02205882 0 0 0 0 0
0.8345865 0.6842105 0.7293233 0.8045113 0.7894737 0.7744361 0.8421053 0.6917293 0.7518797 0.6992481 0.7744361
0.4732824 0.4351145 0.4503817 0.4045802 0.4045802 0.3969466 0.3969466 0.3816794 0.3969466 0.4122137 0.4274809
0.908397 0.9541985 0.8396947 0.8854962 0.8778626 0.8396947 0.8625954 0.9389313 0.7862595 0.832061 0.7938931
0.6884058 0.5797101 0.6666667 0.6884058 0.7173913 0.673913 0.6449275 0.6304348 0.7028986 0.7101449 0.6231884
0.2014388 0.2158273 0.1582734 0.1942446 0.1223022 0.1438849 0.1942446 0.1654676 0.1726619 0.1942446 0.1870504
0.9242424 0.9015152 0.9318182 0.8939394 0.8787879 0.8636364 0.9090909 0.8787879 0.8636364 0.8484848 0.810606
0.2661871 0.294964 0.3741007 0.4244604 0.4532374 0.5179856 0.589928 0.618705 0.6978417 0.7194245 0.7410072
0.3021583 0.3597122 0.4316547 0.3669065 0.3956835 0.4172662 0.4244604 0.4100719 0.4676259 0.4820144 0.5107914
0.5971223 0.5251799 0.5539568 0.4820144 0.4316547 0.4244604 0.4244604 0.4244604 0.4604317 0.381295 0.4244604
0.6258993 0.5827338 0.6258993 0.618705 0.6834532 0.7194245 0.8273381 0.8417266 0.7194245 0.7482014 0.7553957
0.5942029 0.6521739 0.6521739 0.6956522 0.7753623 0.768116 0.9057971 0.8695652 0.9057971 0.8478261 0.8623188
0.2805755 0.2733813 0.2661871 0.2805755 0.2733813 0.3165468 0.2877698 0.3309353 0.3381295 0.352518 0.3453237
0.8195489 0.7894737 0.8421053 0.8270677 0.7894737 0.81203 0.7744361 0.7067669 0.6390977 0.5864662 0.7293233
0.7557252 0.740458 0.7480916 0.7328244 0.7557252 0.6641221 0.6870229 0.6259542 0.5648855 0.5572519 0.5496183
0.4885496 0.4732824 0.4427481 0.4656489 0.4656489 0.4274809 0.4503817 0.4427481 0.4351145 0.3969466 0.4045802
0.2605634 0.1901408 0.1549296 0.1197183 0.1478873 0.2042254 0.1690141 0.1760563 0.1690141 0.1971831 0.1478873
0.08333333 0.06060606 0.04545455 0.03787879 0.03787879 0.03787879 0.01515152 0.0530303 0.07575758 0.04545455 0.06060606
0.4427481 0.4274809 0.4351145 0.4656489 0.5114504 0.5801527 0.6717557 0.610687 0.6793893 0.6717557 0.7099237
0.5488722 0.6466165 0.6240602 0.6691729 0.6541353 0.6616541 0.6992481 0.6766917 0.7067669 0.7969925 0.7744361
0.7575758 0.6666667 0.7651515 0.5606061 0.7121212 0.5984848 0.4924242 0.4545455 0.4015152 0.3863636 0.3484848
0.7954545 0.8484848 0.7651515 0.7651515 0.75 0.6136364 0.5454545 0.5227273 0.5151515 0.5151515 0.4924242
0.5 0.4318182 0.4848485 0.4772727 0.3636364 0.4545455 0.4090909 0.4318182 0.4621212 0.4545455 0.4242424
0.9492754 0.9565217 0.9202899 0.9130435 0.9710145 0.884058 0.8478261 0.9202899 0.8768116 0.8405797 0.826087
0.07633588 0.06870229 0.06870229 0.09160305 0.1984733 0.2748092 0.3053435 0.3816794 0.3664122 0.4045802 0.3969466
0.2173913 0.2101449 0.1739130 0.1159420 0.07246377 0.07971014 0.05072464 0.02898551 0.02898551 0.02898551 0.02173913
0.2826087 0.2753623 0.2681159 0.3695652 0.442029 0.4637681 0.442029 0.4492754 0.4927536 0.4855072 0.557971
0.6466165 0.631579 0.6015038 0.5338346 0.4135338 0.3684211 0.2556391 0.1954887 0.1353383 0.1578947 0.09774436
0.6541353 0.6165414 0.5639098 0.6766917 0.6541353 0.6541353 0.6015038 0.6466165 0.6390977 0.6541353 0.7293233
0.0942029 0.07246377 0.07971014 0.05072464 0.03623188 0.01449275 0.03623188 0.02898551 0.01449275 0.02173913 0.02173913
0.1679389 0.259542 0.3740458 0.2900763 0.2061069 0.2900763 0.2366412 0.1755725 0.1603053 0.1526718 0.1603053
0.5606061 0.4393939 0.6212121 0.530303 0.7424242 0.7272727 0.8787879 0.8333333 0.8636364 0.8484848 0.810606
0.03030303 0.03030303 0.02272727 0.01515152 0.007575758 0 0 0.007575758 0.02272727 0.02272727 0.03787879
0.5539568 0.618705 0.5611511 0.4172662 0.4028777 0.294964 0.2302158 0.1942446 0.2158273 0.1798561 0.1726619
0.5955882 0.6985294 0.625 0.617647 0.6029412 0.5588235 0.6102941 0.6470588 0.6397059 0.6397059 0.6397059
0.2058824 0.2279412 0.2867647 0.2794118 0.2647059 0.2720588 0.3529412 0.3088235 0.2867647 0.2941176 0.2794118
0.3233083 0.3308271 0.3308271 0.4661654 0.556391 0.5714286 0.6015038 0.6466165 0.81203 0.7443609 0.7744361
0.5639098 0.5714286 0.4285714 0.3533835 0.3082707 0.2180451 0.1729323 0.1052632 0.06766917 0.04511278 0.02255639
0.2519084 0.2671756 0.2366412 0.1755725 0.1908397 0.2137405 0.1832061 0.1984733 0.259542 0.2977099 0.3053435
0.1060606 0.1136364 0.0909091 0.0909091 0.06818182 0.1515152 0.1439394 0.1742424 0.1818182 0.1590909 0.1818182
0.8421053 0.7894737 0.849624 0.8270677 0.7293233 0.7218045 0.81203 0.7067669 0.6015038 0.6992481 0.7744361
0.8309859 0.8521127 0.8309859 0.8943662 0.7746479 0.8309859 0.8098592 0.8943662 0.7605634 0.7042254 0.7957746
0.1729323 0.2105263 0.1578947 0.1353383 0.1503759 0.1052632 0.1278195 0.09022556 0.08270677 0.08270677 0.09022556
0.6946565 0.7175573 0.6717557 0.648855 0.5419847 0.5572519 0.5496183 0.4580153 0.4885496 0.4351145 0.4580153
0.3897059 0.2794118 0.3529412 0.3823529 0.4926471 0.4852941 0.5220588 0.5808824 0.5147059 0.5955882 0.632353
0.3676471 0.4191176 0.4485294 0.4338235 0.4926471 0.4779412 0.5661765 0.6029412 0.5808824 0.5955882 0.5955882
0.1617647 0.1397059 0.1397059 0.1323529 0.1029412 0.1102941 0.1029412 0.1176471 0.1323529 0.125 0.125
0.6304348 0.5797101 0.6014493 0.5507246 0.6231884 0.5797101 0.615942 0.5869565 0.615942 0.6594203 0.5942029
0.7862595 0.8167939 0.7862595 0.8244275 0.7251908 0.8396947 0.7938931 0.740458 0.8931298 0.6259542 0.7099237
0.7816901 0.8239437 0.9084507 0.859155 0.7746479 0.7957746 0.8309859 0.7676056 0.6619718 0.6690141 0.6760563
0.5343511 0.519084 0.4885496 0.480916 0.5114504 0.5725191 0.5343511 0.5038168 0.5648855 0.5038168 0.5343511
0.2877698 0.2589928 0.2805755 0.2733813 0.2877698 0.3165468 0.323741 0.323741 0.3453237 0.352518 0.3453237
0.9242424 0.9015152 0.9090909 0.939394 0.9090909 0.9772727 0.969697 0.9242424 0.8636364 0.8484848 0.810606
0.9090909 0.9242424 0.8863636 0.939394 0.8939394 0.9090909 0.969697 0.9242424 0.8636364 0.8484848 0.810606
0.7697842 0.8057554 0.7266187 0.6546763 0.76259 0.6906475 0.7266187 0.6978417 0.5971223 0.589928 0.5539568
0.2556391 0.2330827 0.2706767 0.3157895 0.3383459 0.3759398 0.3834586 0.3834586 0.4210526 0.4285714 0.481203
0.9389313 0.9694656 0.9694656 0.9694656 0.870229 0.9541985 0.7480916 0.778626 0.7175573 0.6564885 0.610687
0.06766917 0.06015038 0.05263158 0.03759398 0.03007519 0.007518797 0 0.01503759 0.007518797 0.007518797 0.01503759
0.3816794 0.4503817 0.3358779 0.2900763 0.1679389 0.1679389 0.08396947 0.03053435 0.03816794 0.05343511 0.03816794
0.08695652 0.07246377 0.1014493 0.1086957 0.0942029 0.1739130 0.1304348 0.1014493 0.1159420 0.1159420 0.1014493
0.6842105 0.631579 0.7067669 0.6766917 0.593985 0.5714286 0.5112782 0.406015 0.3909774 0.3684211 0.3759398
0.2112676 0.1901408 0.1619718 0.08450704 0.1478873 0.1267606 0.1619718 0.2042254 0.2183099 0.2112676 0.2676056
0.4732824 0.4885496 0.480916 0.2671756 0.1679389 0.2061069 0.09923664 0.07633588 0.09923664 0.0610687 0.04580153
0.6541353 0.6466165 0.6541353 0.6992481 0.6917293 0.7142857 0.7443609 0.6917293 0.8270677 0.7969925 0.7744361
0.689394 0.6969697 0.7121212 0.6590909 0.6590909 0.5757576 0.6060606 0.7045455 0.6212121 0.6439394 0.5909091
0.03787879 0.0530303 0.03030303 0.02272727 0.03030303 0.04545455 0.04545455 0.1060606 0.1287879 0.1136364 0.1287879
0.8768116 0.8188406 0.8768116 0.9782609 0.884058 0.8333333 0.9637681 0.9275362 0.9057971 0.8478261 0.8623188
0.323741 0.3165468 0.3021583 0.3093525 0.3884892 0.2805755 0.323741 0.3309353 0.3165468 0.2661871 0.3093525
0.9389313 0.9694656 0.961832 0.8854962 0.8931298 0.9694656 0.9389313 0.8931298 0.8931298 0.832061 0.7938931
0.7676056 0.7464789 0.8028169 0.6690141 0.6267606 0.5070423 0.5 0.4577465 0.3873239 0.4154930 0.3943662
0.5539568 0.5395683 0.4820144 0.4964029 0.4460432 0.3453237 0.3381295 0.323741 0.3093525 0.323741 0.3093525
0.2824427 0.2824427 0.2824427 0.2977099 0.2748092 0.2061069 0.2442748 0.2366412 0.2137405 0.1984733 0.1984733
0.5217391 0.5652174 0.5507246 0.557971 0.4565217 0.5 0.3768116 0.3623188 0.3913043 0.3913043 0.3478261
0.9710145 0.9057971 0.942029 0.9275362 0.8913043 0.9275362 0.8405797 0.9275362 0.789855 0.7753623 0.8623188
0.1760563 0.1690141 0.1408451 0.2042254 0.1478873 0.1478873 0.1830986 0.1971831 0.1619718 0.1690141 0.1549296
0.5801527 0.5954198 0.6259542 0.6641221 0.6335878 0.6183206 0.6793893 0.6030534 0.6946565 0.6564885 0.5954198
0.908397 0.8396947 0.8473282 0.9312977 0.9160305 0.9236641 0.8396947 0.8931298 0.8931298 0.832061 0.7938931
0.870229 0.9694656 0.9389313 0.908397 0.8396947 0.8549618 0.7709924 0.778626 0.7175573 0.6183206 0.610687
0.8484848 0.7727273 0.7954545 0.7878788 0.8939394 0.9090909 0.9090909 0.9242424 0.8636364 0.8484848 0.810606
0.4732824 0.4351145 0.5038168 0.5419847 0.5725191 0.6641221 0.6335878 0.8625954 0.7862595 0.6946565 0.7633588
0.7175573 0.6030534 0.6412214 0.8549618 0.8854962 0.9541985 0.9007634 0.870229 0.8625954 0.8396947 0.870229
0.07633588 0.09160305 0.08396947 0.1984733 0.3664122 0.4427481 0.5038168 0.5114504 0.519084 0.5801527 0.519084
0.676259 0.705036 0.7482014 0.6618705 0.5467626 0.5323741 0.5827338 0.5683453 0.5107914 0.5827338 0.589928
0.5323741 0.4388489 0.5467626 0.618705 0.6546763 0.7266187 0.7913669 0.6978417 0.7697842 0.7985612 0.7553957
0.4351145 0.4656489 0.4503817 0.480916 0.4656489 0.4885496 0.4885496 0.5038168 0.5648855 0.5267176 0.5267176
0.6946565 0.7480916 0.6641221 0.6946565 0.6641221 0.6259542 0.5801527 0.5648855 0.4961832 0.5038168 0.4885496
0.1603053 0.2137405 0.1832061 0.09923664 0.07633588 0.05343511 0.08396947 0.04580153 0.0610687 0.06870229 0.09923664
0.6544118 0.5955882 0.6029412 0.6911765 0.7647059 0.7794118 0.7720588 0.742647 0.8970588 0.8308824 0.742647
0.7352941 0.6691176 0.6544118 0.7132353 0.7279412 0.7647059 0.5882353 0.632353 0.6029412 0.6029412 0.5588235
0 0 0 0.007633588 0 0.02290076 0.04580153 0.03053435 0.06870229 0.07633588 0.1374046
0.2733813 0.3165468 0.1870504 0.09352518 0.08633094 0.02877698 0.01438849 0.01438849 0.01438849 0.02877698 0.02877698
0.705036 0.7410072 0.7410072 0.7194245 0.7482014 0.6834532 0.7553957 0.6834532 0.7266187 0.6402878 0.6115108
0.1007194 0.08633094 0.1007194 0.07913669 0.1726619 0.1870504 0.1870504 0.2230216 0.2086331 0.2374101 0.2517986
0.8115942 0.7536232 0.7826087 0.7608696 0.7971014 0.768116 0.7608696 0.7101449 0.7536232 0.6884058 0.7608696
0.9637681 0.8985507 0.9202899 0.9130435 0.9710145 0.942029 0.8623188 0.8550725 0.8768116 0.8405797 0.826087
0.3030303 0.1969697 0.1742424 0.2272727 0.3560606 0.4393939 0.469697 0.4924242 0.5454545 0.5530303 0.6212121
0.2900763 0.3587786 0.1908397 0.2366412 0.1679389 0.2213740 0.1832061 0.1832061 0.1832061 0.2137405 0.2137405
0.4565217 0.4782609 0.4710145 0.5072464 0.5144928 0.5507246 0.5 0.6086957 0.615942 0.6811594 0.615942
0.8920863 0.8633094 0.8561151 0.9496403 0.942446 0.8992806 0.8920863 0.9208633 0.8489209 0.8345324 0.7410072
0.1052632 0.1353383 0.09774436 0.1127820 0.1729323 0.1353383 0.2706767 0.1804511 0.2706767 0.2706767 0.2857143
0.7938931 0.8549618 0.7938931 0.778626 0.832061 0.9007634 0.832061 0.8167939 0.7251908 0.7862595 0.870229
0.4661654 0.3759398 0.3834586 0.4360902 0.4135338 0.4360902 0.3909774 0.3533835 0.3233083 0.3157895 0.2631579
0.6946565 0.610687 0.6641221 0.7099237 0.6564885 0.6564885 0.6335878 0.5954198 0.6564885 0.6564885 0.6183206
0.2971014 0.2753623 0.3188406 0.3333333 0.3188406 0.3043478 0.3333333 0.3043478 0.3188406 0.2536232 0.2391304
0.8920863 0.7841727 0.8417266 0.7697842 0.8920863 0.76259 0.8129496 0.7841727 0.7194245 0.8345324 0.7410072
0.323741 0.3381295 0.352518 0.2877698 0.3884892 0.3021583 0.323741 0.3597122 0.3597122 0.352518 0.3453237
0.7954545 0.6515152 0.7651515 0.780303 0.7954545 0.7727273 0.7954545 0.7272727 0.7348485 0.6818182 0.75
0.5343511 0.610687 0.5267176 0.5572519 0.5419847 0.5267176 0.519084 0.4274809 0.4351145 0.4122137 0.4274809
0.1908397 0.1984733 0.2366412 0.2442748 0.2213740 0.2137405 0.1832061 0.2061069 0.1755725 0.1450382 0.1603053
0.3768116 0.384058 0.3623188 0.384058 0.3768116 0.4057971 0.442029 0.4275362 0.5 0.4927536 0.4710145
0.733813 0.7194245 0.7266187 0.6330935 0.6906475 0.6978417 0.6618705 0.6043165 0.589928 0.5755396 0.5251799
0.05797101 0.07246377 0.05797101 0.04347826 0.02898551 0.01449275 0.02173913 0.05072464 0.06521739 0.06521739 0.02898551
0.4285714 0.2857143 0.3834586 0.3233083 0.3909774 0.3684211 0.3233083 0.2481203 0.2330827 0.2330827 0.1729323
0.1439394 0.1893939 0.1893939 0.1818182 0.2272727 0.3863636 0.3181818 0.3787879 0.3787879 0.3636364 0.3484848
0.1060606 0.06818182 0.1060606 0.1515152 0.1287879 0.2121212 0.3712121 0.4166667 0.3636364 0.3863636 0.4090909
0.4014085 0.5422535 0.4154930 0.4577465 0.471831 0.3591549 0.3380282 0.3661972 0.3521127 0.3239437 0.3873239
0.4710145 0.4347826 0.4637681 0.5289855 0.5507246 0.6086957 0.6449275 0.6594203 0.7608696 0.6666667 0.7536232
0.8195489 0.7744361 0.8947368 0.7744361 0.7218045 0.7443609 0.7443609 0.7067669 0.7518797 0.7443609 0.7744361
0.1086957 0.0942029 0.1594203 0.1594203 0.2173913 0.2971014 0.3768116 0.3623188 0.3623188 0.384058 0.3478261
0.9923664 0.9770992 0.9694656 0.9847328 0.9541985 0.9847328 0.9007634 0.908397 0.8625954 0.8396947 0.870229
0.9924242 0.9545455 0.9621212 0.9621212 0.9469697 0.9924242 0.969697 0.9242424 0.8636364 0.8484848 0.810606
0.9492754 0.9565217 0.9057971 0.9130435 0.9347826 0.884058 0.8550725 0.8550725 0.8768116 0.8405797 0.826087
0.03597122 0.01438849 0.02158273 0.04316547 0.07913669 0.1366906 0.1510791 0.2014388 0.2014388 0.2230216 0.2230216
0.2042254 0.1901408 0.2183099 0.1338028 0.07042254 0.07042254 0.05633803 0.04929577 0.04225352 0.01408451 0.01408451
0.1760563 0.0915493 0.07746479 0.1197183 0.07042254 0.04929577 0.0915493 0.07042254 0.07042254 0.08450704 0.09859155
0.4274809 0.4274809 0.4351145 0.480916 0.4656489 0.6259542 0.6412214 0.5419847 0.6259542 0.6641221 0.6793893
0.942446 0.8920863 0.942446 0.884892 0.8705036 0.8561151 0.884892 0.9208633 0.8489209 0.7985612 0.7553957
0.2900763 0.3511450 0.2900763 0.259542 0.2061069 0.1145038 0.1068702 0.09923664 0.09923664 0.06870229 0.0610687
0.5395683 0.5971223 0.5539568 0.6258993 0.6258993 0.618705 0.7410072 0.647482 0.7194245 0.618705 0.6258993
0.3043478 0.3623188 0.3333333 0.3768116 0.3623188 0.3913043 0.2898551 0.2391304 0.2536232 0.2246377 0.2101449
0.389313 0.4122137 0.4351145 0.4045802 0.4045802 0.4732824 0.4503817 0.4427481 0.4961832 0.4885496 0.4732824
0.1956522 0.1666667 0.2608696 0.3333333 0.4202899 0.5072464 0.5434783 0.5724638 0.615942 0.5507246 0.5724638
0.007518797 0.007518797 0.02255639 0.03007519 0.02255639 0.01503759 0.02255639 0.05263158 0.09022556 0.09022556 0.1052632
0.4565217 0.5144928 0.5434783 0.5072464 0.5144928 0.4637681 0.4347826 0.4275362 0.4347826 0.4710145 0.4275362
0.5724638 0.5797101 0.5942029 0.6231884 0.7101449 0.7391304 0.7536232 0.7608696 0.7608696 0.8478261 0.8623188
0.07352941 0.07352941 0.05882353 0.125 0.0882353 0.125 0.1838235 0.2132353 0.2426471 0.2352941 0.2720588
0.1397059 0.1470588 0.07352941 0.08088235 0.05147059 0.09558824 0.1176471 0.07352941 0.06617647 0.06617647 0.09558824
0.7826087 0.8333333 0.8188406 0.8043478 0.789855 0.8333333 0.768116 0.8115942 0.7608696 0.8478261 0.768116
0.352518 0.3884892 0.2877698 0.3093525 0.1870504 0.1942446 0.1582734 0.07913669 0.1079137 0.07194245 0.08633094
0.9541985 0.9541985 0.908397 0.9312977 0.8396947 0.7938931 0.6793893 0.7099237 0.6030534 0.5572519 0.5954198
0.1102941 0.1102941 0.07352941 0.0882353 0.1029412 0.1176471 0.1397059 0.1397059 0.1691176 0.1470588 0.125
0.778626 0.648855 0.7557252 0.8015267 0.6946565 0.740458 0.8091603 0.6870229 0.6793893 0.5877863 0.6412214
0.9338235 0.9044118 0.9558824 0.9632353 0.9264706 0.875 0.882353 0.9338235 0.8970588 0.8308824 0.742647
0.5877863 0.5801527 0.5572519 0.4885496 0.5954198 0.480916 0.5419847 0.4580153 0.4732824 0.5038168 0.4732824
0.1439394 0.1363636 0.1212121 0.1818182 0.1515152 0.08333333 0.1212121 0.1515152 0.1136364 0.1287879 0.1439394
0.7647059 0.8897059 0.8529412 0.8308824 0.9044118 0.8529412 0.882353 0.9338235 0.8970588 0.8308824 0.8235294
0.648855 0.5572519 0.6030534 0.5877863 0.5877863 0.648855 0.5877863 0.6717557 0.7251908 0.6259542 0.6717557
0.7175573 0.6717557 0.6793893 0.5572519 0.5038168 0.3740458 0.3511450 0.2977099 0.2137405 0.2213740 0.2137405
0.5869565 0.5362319 0.5652174 0.6304348 0.7246377 0.7971014 0.7971014 0.8478261 0.8768116 0.8405797 0.826087
0.6691176 0.8014706 0.7941176 0.7941176 0.8382353 0.9191176 0.9338235 0.9338235 0.8970588 0.8308824 0.8235294
0.75 0.7647059 0.7647059 0.6691176 0.742647 0.7058824 0.6102941 0.6029412 0.5441176 0.5220588 0.5
