0.5826772 0.5669291 0.5905512 0.5826772 0.6299213 0.6141732 0.5905512 0.6771654 0.7007874 0.7165354 0.6456693
0.3474576 0.2966102 0.3389831 0.3559322 0.3474576 0.4237288 0.3644068 0.3983051 0.4067797 0.440678 0.440678
0.9576271 0.9067797 0.9491525 0.9322034 0.881356 0.898305 0.8644068 0.9152542 0.838983 0.8559322 0.8305085
0.8050847 0.8135593 0.838983 0.8305085 0.7372881 0.8559322 0.6949153 0.838983 0.838983 0.661017 0.6694915
0.1935484 0.1935484 0.2096774 0.1774194 0.1774194 0.2016129 0.1532258 0.1612903 0.1935484 0.1532258 0.2258065
0.75 0.75 0.7580645 0.7580645 0.8387097 0.75 0.8951613 0.7258065 0.8548387 0.9032258 0.8225806
0.279661 0.2542373 0.3389831 0.2966102 0.3474576 0.4237288 0.3898305 0.3898305 0.4322034 0.4322034 0.4576271
0.44 0.368 0.304 0.384 0.344 0.336 0.352 0.352 0.336 0.352 0.376
0.4354839 0.5403226 0.6048387 0.6209677 0.6854839 0.7580645 0.7096774 0.8387097 0.8467742 0.782258 0.75
0.584 0.64 0.664 0.768 0.752 0.768 0.76 0.8 0.824 0.744 0.776
0.06451613 0.08870968 0.1290323 0.1370968 0.2338710 0.2338710 0.2741935 0.3387097 0.3629032 0.3548387 0.3790323
0.8790323 0.8387097 0.8548387 0.8306452 0.8145161 0.7580645 0.733871 0.6532258 0.6370968 0.5887097 0.5403226
0.864 0.824 0.88 0.808 0.784 0.776 0.864 0.808 0.824 0.728 0.696
0.440678 0.4067797 0.4322034 0.440678 0.3983051 0.4067797 0.4237288 0.3898305 0.3813559 0.4152542 0.4491525
0.1101695 0.06779661 0.07627119 0.03389831 0.03389831 0.05084746 0.04237288 0.04237288 0.06779661 0.1101695 0.1610169
0.1525424 0.09322034 0.1525424 0.1440678 0.06779661 0.1101695 0.1101695 0.1271186 0.1016949 0.1271186 0.1610169
0.1574803 0.2047244 0.2598425 0.3385827 0.511811 0.4724409 0.5669291 0.6141732 0.6692913 0.6771654 0.7165354
0.8050847 0.8220339 0.8135593 0.7966102 0.7966102 0.9067797 0.8474576 0.8050847 0.7711864 0.8135593 0.838983
0.779661 0.7627119 0.7288136 0.7118644 0.720339 0.6355932 0.6271186 0.4830508 0.4576271 0.4067797 0.3644068
0.7542373 0.6440678 0.7711864 0.7118644 0.6864407 0.6440678 0.6949153 0.7711864 0.5677966 0.5254237 0.5677966
0.3898305 0.2966102 0.3644068 0.3983051 0.4491525 0.440678 0.5423729 0.4576271 0.5508475 0.5254237 0.6101695
0.4491525 0.4745763 0.559322 0.4661017 0.3474576 0.440678 0.4322034 0.4152542 0.3983051 0.4661017 0.4830508
0.8559322 0.8644068 0.8728814 0.8898305 0.9152542 0.8559322 0.9067797 0.8050847 0.8474576 0.8135593 0.838983
0.0483871 0.0483871 0.06451613 0.07258065 0.1370968 0.1048387 0.1612903 0.2177419 0.2419355 0.2419355 0.25
0.1848739 0.1848739 0.1680672 0.1176471 0.1092437 0.05882353 0.07563025 0.04201681 0.03361345 0.08403361 0.06722689
0.1612903 0.2096774 0.2419355 0.3145161 0.3387097 0.4193548 0.4758065 0.4435484 0.483871 0.5322581 0.5403226
0.6532258 0.5806452 0.483871 0.4516129 0.2661290 0.2177419 0.2016129 0.1451613 0.1370968 0.1209677 0.1048387
0.6949153 0.720339 0.7033898 0.6694915 0.661017 0.7033898 0.8474576 0.8305085 0.6440678 0.7711864 0.7118644
0.08474576 0.1016949 0.05084746 0.05932203 0.02542373 0.02542373 0.01694915 0.02542373 0.02542373 0.03389831 0.02542373
0.3064516 0.3387097 0.2983871 0.3306452 0.2741935 0.2580645 0.2338710 0.2661290 0.25 0.2258065 0.2258065
0.07563025 0.09243697 0.06722689 0.09243697 0.1176471 0.1428571 0.1344538 0.1512605 0.1092437 0.1512605 0.1764706
0.6525424 0.559322 0.5677966 0.5677966 0.4661017 0.3305085 0.2881356 0.1864407 0.1525424 0.1525424 0.1779661
0.5847458 0.5932203 0.6016949 0.6440678 0.6949153 0.6694915 0.6864407 0.6779661 0.6779661 0.6694915 0.7118644
0.1451613 0.25 0.2016129 0.2258065 0.3064516 0.2419355 0.2661290 0.3064516 0.3306452 0.3387097 0.3064516
0.2834646 0.3385827 0.4330709 0.5826772 0.6456693 0.6141732 0.7244094 0.7795276 0.7480315 0.7637795 0.8661417
0.4724409 0.3779528 0.2834646 0.1732283 0.1417323 0.07086614 0.01574803 0.007874016 0.007874016 0 0
0.1694915 0.1440678 0.1610169 0.2457627 0.2372881 0.2033898 0.2881356 0.3050847 0.2966102 0.2881356 0.2966102
0.04237288 0.04237288 0.03389831 0.04237288 0.05084746 0.04237288 0.08474576 0.04237288 0.08474576 0.1016949 0.1101695
0.8644068 0.8135593 0.7966102 0.8305085 0.8050847 0.8050847 0.7288136 0.7542373 0.720339 0.6101695 0.6779661
0.8050847 0.8220339 0.8135593 0.8135593 0.881356 0.8559322 0.8644068 0.8050847 0.8474576 0.7542373 0.838983
0.2881356 0.3220339 0.3389831 0.4152542 0.3474576 0.4067797 0.3644068 0.3135593 0.3135593 0.2966102 0.2966102
0.7322835 0.6929134 0.6614173 0.6377953 0.5905512 0.5984252 0.5354331 0.6062992 0.480315 0.4566929 0.4409449
0.1016949 0.1016949 0.1016949 0.1016949 0.1525424 0.1694915 0.2711864 0.3050847 0.3135593 0.3644068 0.3644068
0.2605042 0.3109244 0.3445378 0.4285714 0.4285714 0.5042017 0.5546218 0.5630252 0.5546218 0.5462185 0.6470588
0.1811024 0.1417323 0.1496063 0.07874016 0.04724409 0.02362205 0.007874016 0 0 0.007874016 0
0.6692913 0.7007874 0.6456693 0.6929134 0.6850394 0.6299213 0.5984252 0.7007874 0.6535433 0.7086614 0.6535433
0.7165354 0.7165354 0.6771654 0.7165354 0.7716535 0.6771654 0.6692913 0.6929134 0.7007874 0.5984252 0.6535433
0.1612903 0.1129032 0.08064516 0.1532258 0.05645161 0.06451613 0.0967742 0.1209677 0.1209677 0.1290323 0.1129032
0.940678 0.9322034 0.9491525 0.9491525 0.881356 0.9576271 0.9067797 0.9152542 0.8474576 0.8559322 0.8305085
0.968504 0.952756 0.952756 0.992126 0.9370079 0.9212598 0.96063 0.9291339 0.8897638 0.8976378 0.8346457
0.881356 0.8474576 0.779661 0.8305085 0.7711864 0.8559322 0.7457627 0.7033898 0.7542373 0.7542373 0.6694915
0.312 0.32 0.376 0.368 0.432 0.408 0.376 0.44 0.464 0.48 0.488
0.9491525 0.9152542 0.898305 0.8898305 0.881356 0.9067797 0.9067797 0.8644068 0.8474576 0.7627119 0.7118644
0.3474576 0.3644068 0.2966102 0.2966102 0.3305085 0.2881356 0.2711864 0.3135593 0.2881356 0.2627119 0.2711864
0.4758065 0.4435484 0.3225806 0.3548387 0.2903226 0.2419355 0.1290323 0.06451613 0.0483871 0.04032258 0.05645161
0.1525424 0.1016949 0.1271186 0.07627119 0.09322034 0.04237288 0.05084746 0.04237288 0.05084746 0.07627119 0.05084746
0.6722689 0.6386555 0.6386555 0.6722689 0.5630252 0.5546218 0.5042017 0.487395 0.4369748 0.4369748 0.3445378
0.1525424 0.1016949 0.09322034 0.04237288 0.07627119 0.04237288 0.1101695 0.1186441 0.1440678 0.1440678 0.220339
0.512605 0.394958 0.2941176 0.302521 0.2100840 0.1764706 0.1260504 0.1008403 0.05882353 0.05042017 0.06722689
0.3145161 0.3387097 0.4758065 0.4032258 0.5564516 0.5725806 0.6612903 0.6935484 0.6693548 0.782258 0.717742
0.279661 0.2966102 0.279661 0.279661 0.3389831 0.3305085 0.3898305 0.3983051 0.3728814 0.4322034 0.4491525
0.7952756 0.7401575 0.7322835 0.6929134 0.6929134 0.7322835 0.7401575 0.6771654 0.7165354 0.5984252 0.6299213
0.6470588 0.6218487 0.7226891 0.7478992 0.7142857 0.7058824 0.7310924 0.7815126 0.697479 0.8319328 0.8403361
0.2711864 0.2542373 0.279661 0.2881356 0.2542373 0.2288136 0.3135593 0.2966102 0.2711864 0.2711864 0.2627119
0.898305 0.9237288 0.898305 0.9237288 0.9152542 0.9830508 0.9067797 0.8644068 0.8474576 0.8135593 0.838983
0.7033898 0.7288136 0.6525424 0.6864407 0.5677966 0.5932203 0.5338983 0.4576271 0.3644068 0.3559322 0.3474576
0.7096774 0.6612903 0.6451613 0.5645161 0.5322581 0.5 0.5080645 0.4274194 0.4274194 0.3870968 0.3870968
0.208 0.184 0.272 0.208 0.28 0.304 0.304 0.32 0.36 0.336 0.288
0.6271186 0.6694915 0.5762712 0.5847458 0.5 0.4745763 0.4322034 0.3728814 0.4067797 0.4067797 0.3644068
0.96063 0.9212598 0.8661417 0.9212598 0.8661417 0.8661417 0.8818898 0.8661417 0.8110236 0.8110236 0.8346457
0.01612903 0.01612903 0.008064516 0.01612903 0.02419355 0.02419355 0.02419355 0.03225806 0.0483871 0.08870968 0.06451613
0.4745763 0.5338983 0.4915254 0.5932203 0.5932203 0.6016949 0.5084746 0.5423729 0.4576271 0.4915254 0.4745763
0.8790323 0.8064516 0.8548387 0.8709677 0.9032258 0.8306452 0.8387097 0.9274194 0.9032258 0.8306452 0.8467742
0.9596774 0.9354839 0.9274194 0.9435484 0.9032258 0.9354839 0.8387097 0.8145161 0.7983871 0.8225806 0.7580645
0.7637795 0.7322835 0.7952756 0.7952756 0.8346457 0.7952756 0.8818898 0.8740157 0.8110236 0.8976378 0.8346457
0.4957983 0.4789916 0.5966387 0.5798319 0.6134454 0.605042 0.697479 0.6638655 0.7226891 0.7731092 0.7142857
0.4661017 0.6694915 0.7372881 0.8305085 0.8559322 0.8644068 0.8644068 0.9152542 0.838983 0.8559322 0.8305085
0.07563025 0.07563025 0.1512605 0.1428571 0.2100840 0.2352941 0.2268908 0.302521 0.2689076 0.3109244 0.2941176
0.6694915 0.6440678 0.6186441 0.6101695 0.5762712 0.5847458 0.6101695 0.5 0.5 0.4576271 0.4067797
0.4453782 0.5378151 0.3697479 0.5462185 0.4789916 0.5210084 0.5042017 0.4957983 0.5210084 0.4705882 0.487395
0.5966387 0.5798319 0.6386555 0.5798319 0.5714286 0.5798319 0.5546218 0.5462185 0.5042017 0.4621849 0.4369748
0.2016807 0.1932773 0.1428571 0.1092437 0.1260504 0.1176471 0.09243697 0.06722689 0.05882353 0.08403361 0.07563025
0.576 0.64 0.656 0.64 0.712 0.736 0.72 0.8 0.768 0.728 0.688
0.4758065 0.5403226 0.5403226 0.6129032 0.6209677 0.6209677 0.6129032 0.6774194 0.717742 0.6532258 0.6370968
0.01694915 0.02542373 0.06779661 0.1016949 0.1186441 0.1101695 0.2118644 0.2457627 0.2372881 0.2372881 0.2457627
0.2100840 0.2100840 0.1680672 0.1428571 0.2100840 0.1680672 0.1848739 0.1764706 0.1596639 0.1512605 0.1932773
0.2118644 0.1694915 0.1864407 0.1101695 0.1186441 0.1101695 0.05932203 0.06779661 0.09322034 0.1101695 0.1101695
0.4015748 0.4015748 0.4645669 0.5511811 0.519685 0.4645669 0.5905512 0.5511811 0.5275591 0.5511811 0.503937
0.7244094 0.8188976 0.7716535 0.8188976 0.8818898 0.8503937 0.8582677 0.8976378 0.8976378 0.8425197 0.8661417
0.2711864 0.2542373 0.3559322 0.3728814 0.4576271 0.5677966 0.559322 0.4915254 0.5847458 0.5254237 0.6694915
0.464 0.392 0.4 0.448 0.416 0.384 0.376 0.472 0.432 0.472 0.464
0.0483871 0.05645161 0.05645161 0.0967742 0.08870968 0.1370968 0.2016129 0.2903226 0.2822581 0.2983871 0.3306452
0.5806452 0.5645161 0.5887097 0.6209677 0.6612903 0.6935484 0.6693548 0.7741935 0.8387097 0.782258 0.8225806
0.2822581 0.3387097 0.3709677 0.3306452 0.4596774 0.3870968 0.4758065 0.5483871 0.5887097 0.516129 0.6774194
0.6532258 0.6370968 0.6935484 0.7096774 0.75 0.6774194 0.6935484 0.733871 0.7419355 0.8548387 0.717742
0.3559322 0.3813559 0.2966102 0.220339 0.220339 0.220339 0.1779661 0.1440678 0.1525424 0.1525424 0.1440678
0.2016807 0.2100840 0.1680672 0.2016807 0.2100840 0.1932773 0.2100840 0.2436975 0.2941176 0.3109244 0.2941176
0.782258 0.7096774 0.7983871 0.8225806 0.8629032 0.7419355 0.9032258 0.7258065 0.9032258 0.766129 0.766129
0.424 0.392 0.512 0.448 0.544 0.48 0.496 0.448 0.552 0.552 0.528
0.1949153 0.1525424 0.2033898 0.1271186 0.1525424 0.05084746 0.1016949 0.04237288 0.05084746 0.05084746 0.06779661
0.05882353 0.05882353 0.02521008 0.03361345 0.03361345 0.02521008 0.03361345 0.08403361 0.04201681 0.08403361 0.05042017
0.4745763 0.5084746 0.3898305 0.3813559 0.3644068 0.2288136 0.2033898 0.1779661 0.1186441 0.1440678 0.1101695
0.2016807 0.1932773 0.1764706 0.2184874 0.2268908 0.2184874 0.2521008 0.3193277 0.2941176 0.3109244 0.302521
0.5080645 0.3870968 0.4435484 0.3387097 0.3709677 0.3064516 0.3306452 0.3306452 0.3225806 0.3145161 0.3225806
0.368 0.392 0.424 0.408 0.376 0.352 0.368 0.344 0.328 0.328 0.32
0.744 0.704 0.784 0.768 0.664 0.768 0.744 0.712 0.712 0.656 0.776
0.1186441 0.1949153 0.1864407 0.2288136 0.3389831 0.4152542 0.440678 0.5254237 0.5508475 0.4915254 0.5762712
0.9495798 0.9831933 0.97479 0.9915966 0.97479 0.9915966 0.9411765 0.9159664 0.8655462 0.8319328 0.8403361
0.9491525 0.9745763 0.9576271 0.9491525 0.9661017 0.9830508 0.9067797 0.9152542 0.881356 0.8559322 0.8305085
0.9596774 0.9596774 0.9354839 0.983871 0.9758065 0.9516129 0.9354839 0.9274194 0.9032258 0.8790323 0.8467742
0.05645161 0.05645161 0.08064516 0.1370968 0.1290323 0.1612903 0.1693548 0.25 0.2338710 0.3387097 0.3306452
0.3145161 0.2741935 0.2177419 0.2338710 0.2016129 0.1693548 0.1209677 0.1129032 0.08064516 0.07258065 0.08870968
0.03389831 0.01694915 0.01694915 0.008474576 0 0.008474576 0 0.008474576 0 0.008474576 0.01694915
0.8644068 0.8220339 0.838983 0.8559322 0.881356 0.8559322 0.9067797 0.8050847 0.8474576 0.7542373 0.838983
0.1186441 0.05932203 0.04237288 0.01694915 0.03389831 0.03389831 0.04237288 0.04237288 0.03389831 0.04237288 0.02542373
0.519685 0.519685 0.5826772 0.6377953 0.5905512 0.5984252 0.6377953 0.5826772 0.6299213 0.7165354 0.6456693
0.2580645 0.2661290 0.2903226 0.2661290 0.2661290 0.2983871 0.2096774 0.3145161 0.2096774 0.2016129 0.2177419
0.2881356 0.3474576 0.3474576 0.3813559 0.3898305 0.440678 0.4237288 0.3898305 0.4661017 0.4322034 0.4237288
0.4112903 0.3467742 0.4435484 0.4193548 0.516129 0.5564516 0.5806452 0.6290323 0.6048387 0.6612903 0.6129032
0.2016807 0.2268908 0.2100840 0.2521008 0.2352941 0.1848739 0.2268908 0.2268908 0.2016807 0.1848739 0.2268908
0.5 0.440678 0.4576271 0.4745763 0.3813559 0.4152542 0.3983051 0.3644068 0.3644068 0.3559322 0.3135593
0.0967742 0.08870968 0.08870968 0.1693548 0.1370968 0.1774194 0.2338710 0.25 0.2661290 0.3145161 0.3225806
0.8387097 0.9274194 0.8064516 0.8387097 0.8629032 0.8629032 0.8467742 0.8548387 0.8467742 0.782258 0.8225806
0.1968504 0.2125984 0.2598425 0.2519685 0.2598425 0.2047244 0.2204724 0.2519685 0.2677165 0.2362205 0.2204724
0.7952756 0.7952756 0.7795276 0.7952756 0.7165354 0.7165354 0.6535433 0.6535433 0.6692913 0.6141732 0.6850394
0.7881356 0.7372881 0.7966102 0.7627119 0.8050847 0.7881356 0.7033898 0.6101695 0.6271186 0.5508475 0.5508475
0.983871 0.9758065 0.9354839 0.967742 0.8790323 0.967742 0.9435484 0.9274194 0.8951613 0.9032258 0.8225806
0.1864407 0.1779661 0.2033898 0.1864407 0.1610169 0.2372881 0.2033898 0.2288136 0.2118644 0.2118644 0.220339
0.928 0.896 0.92 0.88 0.928 0.888 0.872 0.872 0.896 0.832 0.776
0.967742 0.9435484 0.9274194 0.9193548 0.9596774 0.9354839 0.9354839 0.8145161 0.8387097 0.8306452 0.7741935
0.6101695 0.5762712 0.3813559 0.4237288 0.279661 0.2711864 0.1440678 0.2033898 0.1949153 0.1779661 0.1525424
0.9354839 0.9274194 0.9032258 0.9354839 0.9112903 0.8709677 0.8790323 0.8870968 0.8790323 0.8548387 0.8064516
0.1949153 0.1779661 0.1440678 0.1271186 0.1440678 0.1186441 0.09322034 0.06779661 0.08474576 0.1016949 0.1016949
0.8306452 0.8951613 0.8790323 0.9193548 0.9596774 0.9354839 0.9354839 0.9274194 0.9032258 0.8790323 0.8467742
0.8790323 0.8064516 0.7903226 0.8225806 0.8387097 0.7903226 0.782258 0.8145161 0.7983871 0.766129 0.766129
0.7795276 0.7165354 0.7322835 0.7086614 0.7322835 0.7165354 0.6771654 0.6692913 0.6929134 0.5748031 0.6141732
