0.7810219 0.7591241 0.7372263 0.6861314 0.5839416 0.6350365 0.6058394 0.6058394 0.6569343 0.6277372 0.5912409
0.2803030 0.3030303 0.3560606 0.3863636 0.4318182 0.4924242 0.4848485 0.5075758 0.5227273 0.5227273 0.5
0.7037037 0.7185185 0.7777778 0.8148148 0.8518519 0.7851852 0.7925926 0.6814815 0.5925926 0.6148148 0.6074074
0.7753623 0.826087 0.7463768 0.6811594 0.5942029 0.5724638 0.5434783 0.5724638 0.6014493 0.6304348 0.5434783
0.1276596 0.05673759 0.04255319 0.03546099 0.03546099 0.04964539 0.04255319 0.04964539 0.02836879 0.02836879 0.02836879
0.9923077 0.9923077 0.976923 0.9461538 0.9076923 0.9384615 0.9538462 0.9538462 0.9923077 0.9461538 0.9384615
0.3409091 0.3939394 0.4318182 0.4469697 0.4242424 0.4166667 0.3257576 0.2651515 0.2651515 0.3409091 0.4090909
0.2554745 0.3065693 0.3430657 0.2627737 0.2554745 0.2627737 0.3576642 0.3576642 0.3649635 0.3576642 0.4087591
0.562963 0.5555556 0.5925926 0.562963 0.6222222 0.5851852 0.6296296 0.7185185 0.6740741 0.7481481 0.7259259
0.5367647 0.6397059 0.632353 0.617647 0.6397059 0.6029412 0.625 0.5808824 0.5808824 0.757353 0.6102941
0.6666667 0.6962963 0.7185185 0.762963 0.7703704 0.6518519 0.6074074 0.6222222 0.5703704 0.6148148 0.6074074
0.02836879 0.1418440 0.1843972 0.2411348 0.2907801 0.2907801 0.2482270 0.2624113 0.1914894 0.2624113 0.2411348
0.5692308 0.5538462 0.5769231 0.5846154 0.5846154 0.5769231 0.6076923 0.5846154 0.5692308 0.5538462 0.5923077
0.7826087 0.826087 0.768116 0.6666667 0.615942 0.5797101 0.5797101 0.5797101 0.6884058 0.6449275 0.5797101
0.3602941 0.3897059 0.4044118 0.3897059 0.4632353 0.4117647 0.4044118 0.3970588 0.3970588 0.4117647 0.3676471
0.1884058 0.1594203 0.02898551 0.02173913 0.02173913 0.02173913 0.02898551 0.04347826 0.04347826 0.02173913 0.02173913
0.1594203 0.1956522 0.1739130 0.1811594 0.1811594 0.1666667 0.1304348 0.1304348 0.1376812 0.1521739 0.1666667
0.3913043 0.2971014 0.2826087 0.2898551 0.2463768 0.2028986 0.2318841 0.3188406 0.3478261 0.3913043 0.3550725
0.729927 0.7372263 0.7518248 0.7883212 0.649635 0.6350365 0.6423358 0.6058394 0.6350365 0.6131387 0.6058394
0.6136364 0.5454545 0.4848485 0.4545455 0.4318182 0.4469697 0.6363636 0.810606 0.719697 0.689394 0.7045455
0.6592593 0.6074074 0.6 0.6222222 0.762963 0.7851852 0.7851852 0.8222222 0.8296296 0.8 0.8
0.3262411 0.3687943 0.3900709 0.4255319 0.4609929 0.4326241 0.4184397 0.4042553 0.4326241 0.4113475 0.4184397
0.2043796 0.1751825 0.1751825 0.1824818 0.1897810 0.1824818 0.1897810 0.1605839 0.1678832 0.1751825 0.1678832
0.8759124 0.890511 0.8759124 0.8832117 0.8759124 0.9051095 0.8759124 0.890511 0.8686131 0.9343066 0.8759124
0.2043796 0.2335766 0.2627737 0.270073 0.2919708 0.270073 0.2554745 0.2554745 0.2627737 0.2408759 0.2262774
0.2246377 0.2101449 0.2826087 0.2971014 0.384058 0.4855072 0.5072464 0.4782609 0.4855072 0.4927536 0.4782609
0.4666667 0.4666667 0.4 0.3703704 0.4074074 0.3851852 0.3555556 0.3851852 0.3851852 0.3111111 0.3407407
0.6029412 0.5514706 0.5441176 0.5955882 0.5882353 0.6691176 0.6764706 0.7279412 0.757353 0.7279412 0.6102941
0.09489051 0.0729927 0.1167883 0.1386861 0.1459854 0.1313869 0.1605839 0.1532847 0.1459854 0.1459854 0.1386861
0.4545455 0.5606061 0.5606061 0.5454545 0.5530303 0.6363636 0.5454545 0.6439394 0.6818182 0.689394 0.7575758
0.07407407 0.08148148 0.08888889 0.08888889 0.08888889 0.0962963 0.0962963 0.08888889 0.08148148 0.05185185 0.05185185
0.5460993 0.4609929 0.4539007 0.3758865 0.3829787 0.3758865 0.4680851 0.4539007 0.4113475 0.3971631 0.4113475
0.6444444 0.6592593 0.6814815 0.6222222 0.7407407 0.762963 0.6296296 0.7481481 0.7259259 0.7851852 0.7703704
0.4592593 0.437037 0.4444444 0.3259259 0.3111111 0.2814815 0.2222222 0.2814815 0.2888889 0.2888889 0.2814815
0.5378788 0.5681818 0.6363636 0.689394 0.7878788 0.6439394 0.5757576 0.5681818 0.5227273 0.5227273 0.5151515
0.2846715 0.270073 0.2408759 0.2043796 0.2189781 0.2262774 0.2408759 0.2408759 0.2335766 0.2116788 0.2262774
0.1838235 0.1985294 0.2132353 0.2058824 0.2205882 0.2426471 0.2426471 0.2352941 0.25 0.2426471 0.2426471
0.1076923 0.07692308 0.03076923 0.04615385 0.05384615 0.04615385 0.04615385 0.04615385 0.04615385 0.03076923 0.03076923
0.810219 0.7956204 0.7591241 0.7956204 0.7883212 0.7518248 0.7445255 0.7518248 0.7518248 0.6934307 0.6934307
0.8455882 0.867647 0.8897059 0.8235294 0.7941176 0.6617647 0.7205882 0.6470588 0.6617647 0.617647 0.7132353
0.5615385 0.6 0.5846154 0.6230769 0.6153846 0.7384615 0.7076923 0.7230769 0.7384615 0.7153846 0.7307692
0.3106061 0.3939394 0.4015152 0.4393939 0.4166667 0.4166667 0.3106061 0.2954545 0.2954545 0.3409091 0.4166667
0.6 0.6 0.6 0.6846154 0.6923077 0.8153846 0.7307692 0.6230769 0.6538462 0.7923077 0.7384615
0.4705882 0.4411765 0.4926471 0.5808824 0.6102941 0.6838235 0.632353 0.6691176 0.7132353 0.7279412 0.6102941
0.3941606 0.3065693 0.2773723 0.2627737 0.2481752 0.2481752 0.2189781 0.2262774 0.2189781 0.2408759 0.2043796
0.4924242 0.4621212 0.4545455 0.469697 0.469697 0.4166667 0.4469697 0.4469697 0.4772727 0.4393939 0.4318182
0.8550725 0.8405797 0.826087 0.7826087 0.7608696 0.7173913 0.6594203 0.5942029 0.5942029 0.6304348 0.6304348
0.8759124 0.890511 0.8759124 0.8540146 0.6715328 0.6934307 0.6861314 0.7080292 0.7153285 0.6788321 0.6861314
0.810219 0.7956204 0.7737226 0.7956204 0.8175182 0.8540146 0.8759124 0.8540146 0.890511 0.8175182 0.8175182
0.2627737 0.2846715 0.2335766 0.2262774 0.2408759 0.2773723 0.4306569 0.3795620 0.3576642 0.3503650 0.4014599
0.04347826 0.1159420 0.1449275 0.1811594 0.1811594 0.1739130 0.1811594 0.1956522 0.2028986 0.1811594 0.1956522
0.6153846 0.5538462 0.4307692 0.3846154 0.3846154 0.3923077 0.4307692 0.4461538 0.4846154 0.4692308 0.5153846
0.923077 0.9923077 0.923077 0.976923 0.9307692 0.9538462 0.9307692 0.9307692 0.9 0.923077 0.8923077
0.9037037 0.8962963 0.8962963 0.9481481 0.8962963 0.925926 0.9333333 0.8592593 0.8962963 0.9111111 0.9185185
0.6846154 0.6846154 0.6615385 0.8076923 0.7615385 0.8153846 0.8 0.6769231 0.7461538 0.8076923 0.776923
0.7878788 0.8181818 0.75 0.6666667 0.7272727 0.75 0.8939394 0.8863636 0.9015152 0.8939394 0.8939394
0.3037037 0.2888889 0.2888889 0.3111111 0.3037037 0.2962963 0.2888889 0.2814815 0.2814815 0.2666667 0.2888889
0.4444444 0.3703704 0.3259259 0.2962963 0.2148148 0.1777778 0.2148148 0.2814815 0.2814815 0.2666667 0.2740741
0.4545455 0.4090909 0.4015152 0.3712121 0.4318182 0.3863636 0.3409091 0.3560606 0.3712121 0.3787879 0.4015152
0.3829787 0.4397163 0.4751773 0.4680851 0.4751773 0.4751773 0.4680851 0.4042553 0.4397163 0.4397163 0.4326241
0.5555556 0.437037 0.4666667 0.4074074 0.3629630 0.3777778 0.4074074 0.4444444 0.4222222 0.4222222 0.3851852
0.3623188 0.3478261 0.3333333 0.3043478 0.3115942 0.3478261 0.2826087 0.3043478 0.2971014 0.3405797 0.3043478
0.6846154 0.7307692 0.7846154 0.8076923 0.8 0.7384615 0.7076923 0.6230769 0.5769231 0.6307692 0.6769231
0.7333333 0.7703704 0.7851852 0.8 0.6518519 0.6074074 0.5555556 0.5407407 0.5777778 0.5777778 0.5925926
0.1014493 0.1884058 0.2101449 0.2173913 0.2318841 0.1811594 0.1739130 0.1304348 0.1666667 0.2028986 0.2028986
0.9037037 0.8888889 0.8888889 0.8888889 0.8962963 0.8666667 0.7851852 0.7703704 0.837037 0.8444444 0.8518519
0.4705882 0.3897059 0.3970588 0.3529412 0.3455882 0.2794118 0.2867647 0.2941176 0.2573529 0.2794118 0.2426471
0.882353 0.9191176 0.9485294 0.9852941 0.992647 0.9485294 0.9705882 0.9852941 0.9779412 0.992647 0.992647
0.5454545 0.5151515 0.4621212 0.4469697 0.469697 0.4318182 0.4469697 0.4090909 0.4318182 0.3863636 0.4015152
0.3308824 0.3235294 0.3088235 0.3529412 0.3455882 0.3823529 0.4705882 0.3970588 0.3382353 0.2794118 0.3014706
0.2269504 0.1560284 0.06382979 0.04964539 0.04964539 0.05673759 0.04964539 0.05673759 0.07092199 0.04964539 0.04255319
0.4740741 0.4666667 0.4518519 0.4296296 0.4296296 0.4222222 0.3925926 0.4222222 0.4592593 0.4296296 0.4222222
0.9416058 0.9489051 0.9051095 0.9416058 0.9416058 0.8540146 0.8832117 0.890511 0.8613139 0.8613139 0.8613139
0.1703704 0.1629630 0.1703704 0.1703704 0.1703704 0.2148148 0.2444444 0.2074074 0.2444444 0.2740741 0.2592593
0.5037037 0.4888889 0.5333333 0.4222222 0.4444444 0.3407407 0.2888889 0.2962963 0.3555556 0.3407407 0.3259259
0.8913043 0.884058 0.9130435 0.9130435 0.884058 0.9202899 0.9275362 0.9637681 0.9492754 0.9637681 0.8985507
0.8897059 0.8602941 0.742647 0.6911765 0.75 0.8382353 0.9044118 0.882353 0.8970588 0.9044118 0.9338235
0.8235294 0.8897059 0.9044118 0.9338235 0.9264706 0.9411765 0.9191176 0.9191176 0.9117647 0.9411765 0.9485294
0.6740741 0.6740741 0.7333333 0.7777778 0.7111111 0.637037 0.562963 0.5703704 0.5925926 0.5851852 0.5925926
0.5474453 0.6350365 0.7518248 0.7591241 0.7664234 0.7956204 0.6569343 0.6715328 0.5985401 0.5766423 0.6058394
0.02189781 0.1021898 0.1313869 0.1970803 0.2116788 0.1897810 0.1751825 0.1386861 0.1386861 0.1386861 0.1386861
0.7518248 0.6715328 0.6350365 0.6350365 0.620438 0.729927 0.649635 0.729927 0.7153285 0.649635 0.6715328
0.5531915 0.5531915 0.5957447 0.5957447 0.5390071 0.5815603 0.6241135 0.6666667 0.6950355 0.8085106 0.8014184
0.4615385 0.4307692 0.4 0.3923077 0.3615385 0.3307692 0.3307692 0.3307692 0.3307692 0.3461538 0.3307692
0.7727273 0.7575758 0.6363636 0.6363636 0.5530303 0.5378788 0.530303 0.5454545 0.5833333 0.6136364 0.5378788
0.2246377 0.2898551 0.2681159 0.2753623 0.2246377 0.2246377 0.1521739 0.2246377 0.1811594 0.1594203 0.1739130
0.2608696 0.1956522 0.1014493 0.07971014 0.05072464 0.07971014 0.442029 0.4782609 0.4782609 0.4927536 0.5072464
0.4076923 0.4769231 0.5307692 0.5153846 0.5692308 0.5615385 0.5 0.5230769 0.4846154 0.4846154 0.5153846
0.6969697 0.7045455 0.6363636 0.6363636 0.5606061 0.5378788 0.5075758 0.5075758 0.5227273 0.5227273 0.5151515
0.05882353 0.04411765 0.1029412 0.125 0.1323529 0.1764706 0.1691176 0.125 0.1691176 0.1397059 0.1617647
0.4015152 0.3636364 0.3333333 0.3106061 0.2803030 0.2803030 0.3030303 0.2727273 0.3030303 0.3030303 0.3181818
0.08695652 0.07971014 0.1086957 0.1304348 0.1376812 0.1159420 0.1086957 0.1014493 0.08695652 0.07971014 0.07246377
0.4671533 0.5547445 0.6569343 0.649635 0.649635 0.7080292 0.649635 0.620438 0.5474453 0.5182482 0.5182482
0.2518519 0.1851852 0.1333333 0.08148148 0.08148148 0.1111111 0.1185185 0.1111111 0.0962963 0.07407407 0.0962963
0.4615385 0.5846154 0.5769231 0.5846154 0.5923077 0.6153846 0.6769231 0.6307692 0.7307692 0.7153846 0.776923
0.2536232 0.2391304 0.2463768 0.2028986 0.1521739 0.1521739 0.1304348 0.1521739 0.1376812 0.1666667 0.1449275
0.7608696 0.8405797 0.8623188 0.9782609 0.9565217 0.9275362 0.9130435 0.9130435 0.8985507 0.8913043 0.9275362
0.25 0.3030303 0.3333333 0.3333333 0.4318182 0.4848485 0.4848485 0.5075758 0.5 0.5227273 0.5
0.1240876 0.06569343 0.05109489 0.06569343 0.05109489 0.05839416 0.05839416 0.08029197 0.05109489 0.08029197 0.04379562
0.02962963 0.08148148 0.1407407 0.1555556 0.1555556 0.1111111 0.1407407 0.2074074 0.05925926 0.04444444 0.04444444
0.8863636 0.9090909 0.9015152 0.9621212 0.9090909 0.9015152 0.9015152 0.8939394 0.8787879 0.9242424 0.9242424
0.07352941 0.1985294 0.2352941 0.2279412 0.2205882 0.2426471 0.2132353 0.2205882 0.2279412 0.2279412 0.2352941
0.9558824 0.992647 0.9338235 0.9191176 0.9117647 0.9264706 0.8602941 0.875 0.8529412 0.875 0.882353
0.4545455 0.4242424 0.4015152 0.3636364 0.3484848 0.3333333 0.3333333 0.3257576 0.3560606 0.3257576 0.3484848
0.6222222 0.6148148 0.6814815 0.6222222 0.6518519 0.5851852 0.5407407 0.4962963 0.5777778 0.6222222 0.562963
0.2651515 0.2878788 0.2878788 0.2651515 0.25 0.2121212 0.1666667 0.1969697 0.2272727 0.1893939 0.1666667
0.7883212 0.7737226 0.7518248 0.7372263 0.5766423 0.5839416 0.6058394 0.6058394 0.7153285 0.6569343 0.6058394
0.1231884 0.06521739 0.07971014 0.0942029 0.1014493 0.05072464 0.05072464 0.06521739 0.08695652 0.06521739 0.07246377
0.8846154 0.8461538 0.8384615 0.7615385 0.7615385 0.7 0.8461538 0.8384615 0.8384615 0.8538462 0.8846154
0.4539007 0.4042553 0.4326241 0.4468085 0.4609929 0.4539007 0.4751773 0.4751773 0.4326241 0.4184397 0.4184397
0.3925926 0.4148148 0.3925926 0.4148148 0.3851852 0.3851852 0.3555556 0.3851852 0.3851852 0.3703704 0.3777778
0.4166667 0.4393939 0.5 0.530303 0.5075758 0.4848485 0.4772727 0.4469697 0.4318182 0.4166667 0.4318182
0.7028986 0.6376812 0.6014493 0.5869565 0.5869565 0.7028986 0.6956522 0.7463768 0.7391304 0.7971014 0.7101449
0.2153846 0.2307692 0.2692308 0.2692308 0.2769231 0.2538462 0.2384615 0.2307692 0.2769231 0.2461538 0.2538462
0.3777778 0.3037037 0.3333333 0.3111111 0.3407407 0.3629630 0.3851852 0.4 0.3851852 0.437037 0.4222222
0.2962963 0.2962963 0.2814815 0.2740741 0.2518519 0.2814815 0.4814815 0.5185185 0.5333333 0.5333333 0.562963
0.3623188 0.3913043 0.4275362 0.4782609 0.4275362 0.4637681 0.4782609 0.4347826 0.4347826 0.4202899 0.4637681
0.8846154 0.8846154 0.8846154 0.8846154 0.8846154 0.9 0.8692308 0.8846154 0.8461538 0.876923 0.8461538
0.2444444 0.2666667 0.2666667 0.2370370 0.2370370 0.1703704 0.1259259 0.1629630 0.1555556 0.1481481 0.1481481
0.9051095 0.9051095 0.9343066 0.919708 0.970803 0.9343066 0.919708 0.8978102 0.9270073 0.9343066 0.9270073
0.9855072 0.9855072 0.9637681 1 0.9927536 0.9782609 0.9855072 1 0.9855072 1 0.9855072
0.9338235 0.9191176 0.9779412 0.9338235 0.9485294 0.9558824 0.9779412 0.9632353 0.9852941 0.992647 0.9411765
0.02898551 0.08695652 0.08695652 0.1231884 0.1304348 0.1159420 0.0942029 0.07971014 0.07971014 0.1086957 0.1231884
0.6595745 0.5957447 0.5886525 0.5957447 0.6737589 0.7588652 0.8085106 0.8014184 0.8085106 0.787234 0.7446809
0.4384615 0.3769231 0.3076923 0.2 0.1461538 0.1307692 0.1461538 0.2153846 0.2230769 0.2461538 0.2384615
0.07575758 0.1439394 0.1590909 0.1818182 0.1666667 0.1969697 0.1515152 0.1363636 0.1060606 0.1439394 0.1515152
0.7384615 0.7307692 0.7076923 0.7538462 0.6615385 0.6461538 0.5461538 0.5923077 0.6307692 0.5923077 0.6
0.6666667 0.6962963 0.7037037 0.7555556 0.7851852 0.8518519 0.837037 0.7851852 0.8296296 0.8148148 0.8296296
0.3629630 0.3481481 0.3407407 0.3333333 0.3703704 0.3703704 0.3481481 0.3259259 0.3481481 0.3111111 0.3259259
0.3555556 0.3703704 0.4740741 0.4888889 0.4814815 0.4666667 0.4518519 0.4074074 0.4666667 0.437037 0.4444444
0.3284672 0.3211679 0.2992701 0.2481752 0.270073 0.2992701 0.4817518 0.5839416 0.5766423 0.540146 0.5693431
0.3615385 0.4230769 0.4615385 0.4384615 0.4307692 0.3923077 0.3538462 0.3384615 0.3615385 0.3769231 0.4076923
0.2615385 0.3153846 0.3923077 0.4076923 0.4153846 0.3923077 0.3384615 0.3384615 0.3384615 0.3692308 0.3615385
0.04347826 0.02173913 0.05072464 0.04347826 0.05072464 0.05797101 0.05797101 0.05797101 0.04347826 0.04347826 0.04347826
0.6423358 0.6350365 0.5912409 0.5547445 0.4306569 0.4963504 0.5036496 0.4963504 0.5985401 0.5620438 0.5693431
0.05185185 0.1185185 0.1481481 0.1333333 0.1555556 0.1703704 0.1925926 0.1703704 0.1629630 0.1555556 0.1555556
0.270073 0.2335766 0.2335766 0.1970803 0.1970803 0.2189781 0.2554745 0.2919708 0.2846715 0.3357664 0.3065693
0.7518248 0.7591241 0.7153285 0.7445255 0.8175182 0.8540146 0.8321168 0.8759124 0.7956204 0.810219 0.8175182
0.3538462 0.3 0.3 0.3 0.3153846 0.3153846 0.3230769 0.3230769 0.3307692 0.3076923 0.3
0.1897810 0.2189781 0.2554745 0.2992701 0.3284672 0.2992701 0.2481752 0.1751825 0.2335766 0.2189781 0.2335766
0.837037 0.8222222 0.6962963 0.7851852 0.8222222 0.7555556 0.8 0.8444444 0.8296296 0.8592593 0.8444444
0.2173913 0.1956522 0.2318841 0.2753623 0.3115942 0.2753623 0.3188406 0.3478261 0.3695652 0.3623188 0.4347826
0.6222222 0.5851852 0.5703704 0.5407407 0.5481481 0.5333333 0.6 0.6814815 0.6962963 0.7333333 0.7555556
0.4782609 0.4347826 0.3985507 0.384058 0.3768116 0.3550725 0.3550725 0.3478261 0.3550725 0.2971014 0.3623188
0.08510638 0.1560284 0.1914894 0.1985816 0.2411348 0.2340426 0.1914894 0.1702128 0.1773050 0.2056738 0.2127660
0.9 0.923077 0.9461538 0.9461538 0.9461538 0.9076923 0.9307692 0.9307692 0.9461538 0.9076923 0.8846154
0.7037037 0.637037 0.7037037 0.637037 0.7259259 0.7333333 0.8296296 0.8592593 0.8444444 0.8592593 0.9925926
0.7372263 0.649635 0.5620438 0.6423358 0.7007299 0.7226277 0.6861314 0.7445255 0.7518248 0.7007299 0.7007299
0.9130435 0.9710145 0.9782609 0.8985507 0.9855072 0.8985507 0.9492754 0.9130435 0.9275362 0.9492754 0.9130435
0.8467153 0.9124088 0.9489051 0.9124088 0.9416058 0.9416058 0.9927007 0.9562044 0.9781022 0.9562044 0.9489051
0.8043478 0.826087 0.731884 0.6521739 0.5869565 0.5797101 0.5724638 0.5797101 0.5869565 0.615942 0.5434783
