0.6271186 0.5762712 0.6101695 0.5762712 0.6186441 0.6694915 0.6440678 0.6186441 0.5932203 0.661017 0.6101695
0.4333333 0.4666667 0.475 0.475 0.5166667 0.5083333 0.5083333 0.5333333 0.5416667 0.4916667 0.55
0.8225806 0.8709677 0.8467742 0.8709677 0.8467742 0.7903226 0.8870968 0.9435484 0.8629032 0.8870968 0.8064516
0.7711864 0.8305085 0.7711864 0.779661 0.6864407 0.7033898 0.7118644 0.720339 0.6694915 0.6525424 0.6186441
0.1 0.1416667 0.1166667 0.125 0.125 0.125 0.1166667 0.1416667 0.175 0.175 0.15
0.7107438 0.677686 0.6859504 0.7272727 0.7438017 0.7190083 0.7355372 0.8016529 0.8512397 0.7933884 0.7768595
0.4322034 0.5423729 0.4576271 0.4152542 0.5338983 0.4830508 0.5508475 0.5084746 0.5 0.4830508 0.6101695
0.5950413 0.4710744 0.4545455 0.4214876 0.3966942 0.3305785 0.3966942 0.3719008 0.3305785 0.338843 0.3471074
0.4471545 0.5528455 0.5853659 0.6260163 0.6178862 0.6260163 0.6341463 0.7398374 0.7154472 0.6747967 0.7479675
0.6694215 0.6198347 0.6363636 0.6363636 0.6694215 0.7190083 0.6942149 0.7024793 0.768595 0.7438017 0.7107438
0.1166667 0.1416667 0.175 0.2 0.2666667 0.3083333 0.35 0.375 0.375 0.3833333 0.425
0.7063492 0.7936508 0.7222222 0.6507937 0.7222222 0.6984127 0.5952381 0.6031746 0.531746 0.5793651 0.4761905
0.8512397 0.876033 0.8016529 0.8677686 0.8347107 0.8347107 0.8181818 0.7272727 0.7520661 0.6446281 0.661157
0.4677419 0.4677419 0.4516129 0.5080645 0.4919355 0.4354839 0.4758065 0.4354839 0.4919355 0.483871 0.4435484
0.1779661 0.2118644 0.1355932 0.1610169 0.2457627 0.2542373 0.2288136 0.2627119 0.2542373 0.2966102 0.3050847
0.1779661 0.1271186 0.1101695 0.1186441 0.1271186 0.08474576 0.08474576 0.09322034 0.1355932 0.1186441 0.1610169
0.1101695 0.1440678 0.2966102 0.3389831 0.5169492 0.4322034 0.6186441 0.6016949 0.661017 0.6779661 0.8559322
0.6290323 0.6209677 0.7016129 0.5806452 0.7580645 0.7903226 0.717742 0.75 0.7419355 0.8145161 0.8064516
0.7642276 0.7479675 0.699187 0.6504065 0.6097561 0.5853659 0.5121951 0.4146341 0.3902439 0.3821138 0.3577236
0.8016529 0.7933884 0.7272727 0.7603306 0.6446281 0.5867769 0.5950413 0.5206612 0.5619835 0.4710744 0.4710744
0.3461538 0.3307692 0.3615385 0.4538462 0.4615385 0.4923077 0.4692308 0.5076923 0.5076923 0.5538462 0.4846154
0.4628099 0.4132231 0.3305785 0.4214876 0.4214876 0.4049587 0.4628099 0.4710744 0.5123967 0.5454545 0.5785124
0.8099174 0.8347107 0.7933884 0.8512397 0.8512397 0.8347107 0.8264463 0.9256198 0.8677686 0.7438017 0.8099174
0.02479339 0.02479339 0.03305785 0.02479339 0.008264463 0.02479339 0.07438017 0.05785124 0.0909091 0.1074380 0.0909091
0.2539683 0.1428571 0.1428571 0.07936508 0.04761905 0.08730159 0.03174603 0.07936508 0.03968254 0.04761905 0.07936508
0.1869919 0.2113821 0.2113821 0.2195122 0.3333333 0.3739837 0.4065041 0.4308943 0.4308943 0.4878049 0.5447154
0.5853659 0.5284553 0.5447154 0.5203252 0.3577236 0.2764228 0.2195122 0.1544715 0.1300813 0.09756098 0.1300813
0.7520661 0.677686 0.6694215 0.6694215 0.6446281 0.6280992 0.7272727 0.661157 0.7438017 0.6446281 0.661157
0.1818182 0.1570248 0.1570248 0.1487603 0.1487603 0.07438017 0.1404959 0.09917355 0.1239669 0.1157025 0.1404959
0.1735537 0.1239669 0.1570248 0.1735537 0.1487603 0.1983471 0.1487603 0.1074380 0.1322314 0.1322314 0.1322314
0.07317073 0.02439024 0.04065041 0.08130081 0.02439024 0.03252033 0.04878049 0.05691057 0.02439024 0.04065041 0.06504065
0.5447154 0.5528455 0.504065 0.4146341 0.3495935 0.2195122 0.2113821 0.2113821 0.1463415 0.1219512 0.07317073
0.5967742 0.5645161 0.5806452 0.5564516 0.6370968 0.6693548 0.6854839 0.7016129 0.7258065 0.6774194 0.6854839
0.1818182 0.1818182 0.2561983 0.2479339 0.2396694 0.2561983 0.2809917 0.2975207 0.3140496 0.2975207 0.2644628
0.3089431 0.4146341 0.4634146 0.4878049 0.5772358 0.601626 0.6585366 0.7642276 0.8211382 0.7560976 0.8373984
0.5528455 0.4146341 0.3333333 0.2926829 0.1707317 0.09756098 0.1056911 0.07317073 0.05691057 0.01626016 0
0.3089431 0.2357724 0.2601626 0.3252033 0.3739837 0.3658537 0.3739837 0.3821138 0.3577236 0.3495935 0.3821138
0.07627119 0.04237288 0.06779661 0.05084746 0.06779661 0.1186441 0.1271186 0.1949153 0.1864407 0.2288136 0.2457627
0.8898305 0.9237288 0.8474576 0.8474576 0.8728814 0.7966102 0.8474576 0.8474576 0.8305085 0.7966102 0.8559322
0.9186992 0.9756098 0.9349593 0.8780488 0.9349593 0.8861789 0.9268293 0.9268293 0.9268293 0.8536585 0.8211382
0.5121951 0.4227642 0.5121951 0.5772358 0.4878049 0.4390244 0.4390244 0.398374 0.3252033 0.3414634 0.3333333
0.6209677 0.6048387 0.6451613 0.6612903 0.6451613 0.6290323 0.6451613 0.6451613 0.6693548 0.5241935 0.5322581
0.2016129 0.25 0.3145161 0.3225806 0.3467742 0.4112903 0.4354839 0.4596774 0.4758065 0.5 0.5564516
0.3305785 0.2892562 0.2975207 0.3140496 0.3801653 0.3801653 0.4214876 0.5123967 0.553719 0.5867769 0.6446281
0.1544715 0.1056911 0.1219512 0.1138211 0.05691057 0.08130081 0.02439024 0.01626016 0.02439024 0.008130081 0.01626016
0.6440678 0.6355932 0.6101695 0.6186441 0.6525424 0.5508475 0.6440678 0.6355932 0.6101695 0.6525424 0.6949153
0.6290323 0.5483871 0.6129032 0.5887097 0.6451613 0.6532258 0.6693548 0.5887097 0.6693548 0.6532258 0.6612903
0.1186441 0.1016949 0.08474576 0.05084746 0.09322034 0.08474576 0.08474576 0.1355932 0.1355932 0.1186441 0.1186441
0.8429752 0.9586777 0.8512397 0.8595041 0.892562 0.892562 0.8429752 0.9256198 0.8677686 0.8264463 0.8099174
0.9756098 0.902439 0.9430894 0.9674797 0.9349593 0.9756098 0.9593496 0.9268293 0.9268293 0.8536585 0.8211382
0.9322034 0.8644068 0.8474576 0.8644068 0.8474576 0.8474576 0.838983 0.7711864 0.7542373 0.720339 0.7033898
0.338843 0.3140496 0.3719008 0.3966942 0.3471074 0.4710744 0.3719008 0.5123967 0.4297521 0.4876033 0.4628099
0.9349593 0.9756098 0.9674797 0.9186992 0.9756098 0.9268293 0.9268293 0.894309 0.9268293 0.7642276 0.7642276
0.3809524 0.2698413 0.2301587 0.2380952 0.2222222 0.2142857 0.2063492 0.2460317 0.2063492 0.1825397 0.1825397
0.4285714 0.3253968 0.2460317 0.2380952 0.1825397 0.1190476 0.0952381 0.04761905 0.06349206 0.03174603 0.03174603
0.1769231 0.1307692 0.1307692 0.05384615 0.1 0.01538462 0.06923077 0.04615385 0.04615385 0.05384615 0.04615385
0.6033058 0.5785124 0.6033058 0.5371901 0.446281 0.4628099 0.3471074 0.3223140 0.3305785 0.3057851 0.2727273
0.1904762 0.1507937 0.1587302 0.07936508 0.1031746 0.1111111 0.1507937 0.1428571 0.1825397 0.2222222 0.2698413
0.4793388 0.4545455 0.3140496 0.1900826 0.1735537 0.1239669 0.05785124 0.02479339 0.03305785 0.04132231 0.04958678
0.375 0.4416667 0.4833333 0.5333333 0.5583333 0.5333333 0.625 0.75 0.7416667 0.6666667 0.75
0.5583333 0.55 0.4833333 0.5083333 0.5416667 0.5166667 0.5416667 0.5833333 0.5833333 0.6083333 0.6166667
0.7372881 0.7627119 0.6864407 0.6694915 0.7457627 0.720339 0.838983 0.7372881 0.6694915 0.6525424 0.6101695
0.7 0.6769231 0.6769231 0.7153846 0.6846154 0.7615385 0.7615385 0.8538462 0.7846154 0.7846154 0.8
0.3559322 0.4152542 0.4322034 0.4152542 0.4491525 0.440678 0.5423729 0.5423729 0.5677966 0.6355932 0.6864407
0.9745763 0.9745763 0.9830508 0.9745763 0.9830508 0.9491525 0.940678 0.940678 0.898305 0.8728814 0.8559322
0.8644068 0.7881356 0.8474576 0.7288136 0.7542373 0.661017 0.6440678 0.5423729 0.5 0.3898305 0.3644068
0.6333333 0.5833333 0.575 0.525 0.5 0.4666667 0.375 0.425 0.4166667 0.3833333 0.3833333
0.1788618 0.1056911 0.1626016 0.1382114 0.1707317 0.1626016 0.1300813 0.2032520 0.2357724 0.2682927 0.2439024
0.65 0.5833333 0.6083333 0.5916667 0.525 0.5166667 0.5083333 0.4916667 0.425 0.45 0.4166667
0.95 0.95 0.9083333 0.9083333 0.8916667 0.9166667 0.925 0.85 0.9166667 0.85 0.8333333
0.03305785 0.01652893 0.0661157 0.04132231 0.04132231 0.04132231 0.07438017 0.0909091 0.09917355 0.1239669 0.0909091
0.5619835 0.5702479 0.5619835 0.5454545 0.5619835 0.5454545 0.5867769 0.5206612 0.5702479 0.5785124 0.553719
0.8512397 0.8677686 0.8842975 0.892562 0.9173554 0.892562 0.876033 0.8677686 0.8677686 0.8264463 0.8099174
0.9285714 0.8809524 0.968254 0.9047619 0.9047619 0.8174603 0.8412698 0.8412698 0.7619048 0.7857143 0.7460317
0.661017 0.6864407 0.7457627 0.7288136 0.7372881 0.7542373 0.8474576 0.8305085 0.8728814 0.8305085 0.8135593
0.6016949 0.6186441 0.661017 0.5677966 0.7542373 0.6949153 0.8220339 0.720339 0.8135593 0.7966102 0.7457627
0.6916667 0.775 0.825 0.85 0.8916667 0.8666667 0.925 0.875 0.825 0.85 0.8333333
0.1271186 0.1271186 0.1525424 0.220339 0.2372881 0.2627119 0.3305085 0.3220339 0.3305085 0.3389831 0.3389831
0.7107438 0.768595 0.677686 0.7272727 0.661157 0.6942149 0.6363636 0.6280992 0.7272727 0.661157 0.6528926
0.4545455 0.4710744 0.4132231 0.5123967 0.5123967 0.4710744 0.4958678 0.4545455 0.5123967 0.5371901 0.4793388
0.5846154 0.4461538 0.5307692 0.5923077 0.4923077 0.4615385 0.4076923 0.4230769 0.3923077 0.4307692 0.3846154
0.2231405 0.2314050 0.1735537 0.2314050 0.1983471 0.2066116 0.2148760 0.1818182 0.1570248 0.2148760 0.1983471
0.5396825 0.4920635 0.5873016 0.6190476 0.6190476 0.6587302 0.7301587 0.7063492 0.7777778 0.7777778 0.8730159
0.6115702 0.6363636 0.6115702 0.6694215 0.5950413 0.6528926 0.6115702 0.6528926 0.5950413 0.6363636 0.661157
0.02380952 0.02380952 0.03968254 0.04761905 0.05555556 0.07936508 0.1269841 0.1428571 0.1349206 0.1428571 0.1666667
0.3983051 0.3728814 0.2627119 0.2372881 0.220339 0.2372881 0.220339 0.2033898 0.2457627 0.1864407 0.1779661
0.04958678 0.03305785 0.03305785 0.04132231 0.008264463 0.04132231 0.04132231 0.02479339 0.03305785 0.0661157 0.05785124
0.4146341 0.504065 0.4390244 0.4796748 0.5121951 0.5284553 0.5284553 0.5284553 0.5365854 0.5447154 0.5284553
0.8220339 0.8474576 0.8474576 0.8898305 0.8898305 0.7711864 0.8898305 0.940678 0.898305 0.8728814 0.8559322
0.35 0.2833333 0.35 0.4 0.4583333 0.4666667 0.5 0.5166667 0.5416667 0.5833333 0.55
0.559322 0.5932203 0.5169492 0.559322 0.5169492 0.4322034 0.440678 0.4152542 0.4237288 0.3983051 0.3983051
0.03252033 0.04065041 0.05691057 0.05691057 0.1138211 0.1382114 0.1869919 0.2845528 0.2520325 0.2682927 0.2682927
0.5508475 0.6949153 0.6949153 0.720339 0.8220339 0.7457627 0.779661 0.7966102 0.8220339 0.7966102 0.8559322
0.446281 0.4132231 0.4214876 0.5206612 0.5371901 0.553719 0.6033058 0.661157 0.7024793 0.7355372 0.8099174
0.7627119 0.779661 0.7457627 0.779661 0.7033898 0.7542373 0.661017 0.7118644 0.6779661 0.7711864 0.6949153
0.4067797 0.3389831 0.3305085 0.2288136 0.2033898 0.1864407 0.2118644 0.1949153 0.1864407 0.1525424 0.1610169
0.3467742 0.3064516 0.2903226 0.3145161 0.3790323 0.3548387 0.3790323 0.3870968 0.4112903 0.3629032 0.3629032
0.7627119 0.7711864 0.7627119 0.7966102 0.7966102 0.8728814 0.7881356 0.8559322 0.779661 0.8728814 0.8559322
0.4065041 0.4308943 0.3577236 0.4308943 0.4146341 0.3821138 0.4552846 0.4715447 0.3902439 0.4878049 0.4715447
0.4516129 0.3951613 0.4435484 0.3467742 0.3548387 0.2580645 0.2741935 0.2338710 0.2016129 0.2096774 0.1290323
0.008264463 0.008264463 0.008264463 0.01652893 0.008264463 0.008264463 0.02479339 0.008264463 0.05785124 0.04958678 0.05785124
0.5403226 0.5322581 0.483871 0.4435484 0.4919355 0.4354839 0.4112903 0.2983871 0.2983871 0.2822581 0.2580645
0.2439024 0.1869919 0.1707317 0.1951220 0.2357724 0.2195122 0.3252033 0.3170732 0.3170732 0.3333333 0.3495935
0.483871 0.4516129 0.3951613 0.3709677 0.3145161 0.2903226 0.2741935 0.2822581 0.2822581 0.2903226 0.2741935
0.375 0.3833333 0.425 0.375 0.2666667 0.2916667 0.2333333 0.275 0.3166667 0.3083333 0.3083333
0.8512397 0.785124 0.7933884 0.8099174 0.8099174 0.8347107 0.8181818 0.7272727 0.8099174 0.7438017 0.8099174
0.02542373 0.05084746 0.04237288 0.1016949 0.1271186 0.2033898 0.2457627 0.2711864 0.279661 0.3389831 0.2711864
0.9833333 0.975 0.9583333 0.9833333 0.9583333 0.975 0.9416667 0.9166667 0.9166667 0.85 0.8333333
0.9756098 0.9186992 0.9593496 0.9674797 0.9756098 0.9756098 0.9593496 0.9268293 0.9268293 0.8536585 0.8211382
0.9756098 0.9512195 0.9593496 0.9674797 0.9756098 0.9268293 0.9268293 0.9268293 0.9268293 0.8536585 0.8211382
0.03252033 0.04878049 0.08130081 0.07317073 0.1138211 0.09756098 0.1056911 0.1626016 0.2439024 0.2682927 0.2682927
0.2166667 0.175 0.1583333 0.1333333 0.05 0.025 0.008333333 0.008333333 0.008333333 0.008333333 0.01666667
0.008130081 0.008130081 0.01626016 0.008130081 0.008130081 0 0 0 0 0.008130081 0.02439024
0.9512195 0.9593496 0.9268293 0.902439 0.8780488 0.99187 0.9349593 0.8211382 0.8861789 0.8455285 0.8373984
0.0909091 0.05785124 0.0909091 0.05785124 0.0661157 0.04132231 0.05785124 0.04958678 0.0661157 0.0661157 0.0661157
0.4126984 0.4444444 0.5 0.5 0.531746 0.5555556 0.5555556 0.5952381 0.6190476 0.6349206 0.6825397
0.15 0.15 0.175 0.1833333 0.2083333 0.225 0.25 0.2416667 0.225 0.225 0.2583333
0.3166667 0.3833333 0.4333333 0.4 0.4333333 0.475 0.4833333 0.5166667 0.5083333 0.4916667 0.4666667
0.279661 0.3220339 0.4067797 0.5677966 0.5847458 0.6440678 0.6694915 0.6186441 0.6271186 0.5847458 0.5762712
0.1779661 0.1525424 0.1610169 0.1694915 0.1610169 0.1694915 0.2033898 0.2288136 0.2457627 0.2881356 0.2711864
0.4615385 0.3846154 0.4230769 0.5153846 0.3769231 0.3538462 0.4 0.4076923 0.3846154 0.3769231 0.3615385
0.1209677 0.1129032 0.1370968 0.1209677 0.1935484 0.2096774 0.2258065 0.2338710 0.2338710 0.2822581 0.3387097
0.8728814 0.838983 0.8474576 0.7542373 0.8305085 0.8474576 0.8474576 0.8050847 0.8728814 0.8305085 0.8135593
0.2627119 0.3305085 0.2118644 0.2372881 0.220339 0.2372881 0.220339 0.2288136 0.2457627 0.2288136 0.220339
0.8559322 0.8050847 0.8135593 0.6779661 0.7033898 0.7033898 0.6440678 0.5762712 0.6101695 0.5677966 0.5677966
0.8333333 0.8083333 0.775 0.8166667 0.7833333 0.725 0.825 0.8083333 0.7833333 0.6416667 0.6166667
0.9576271 0.9661017 0.9576271 0.9661017 0.9576271 0.9237288 0.8728814 0.8305085 0.8728814 0.8305085 0.8135593
0.1779661 0.1525424 0.1694915 0.1949153 0.2288136 0.2457627 0.2033898 0.2457627 0.2542373 0.2711864 0.2627119
0.9105691 0.8455285 0.9268293 0.902439 0.9268293 0.9186992 0.9349593 0.8861789 0.8861789 0.8455285 0.8373984
0.940678 0.940678 0.9576271 0.8898305 0.8898305 0.9067797 0.881356 0.779661 0.8220339 0.7881356 0.661017
0.4830508 0.5423729 0.4491525 0.3389831 0.2457627 0.2288136 0.1779661 0.1949153 0.1440678 0.1355932 0.1525424
0.8650794 0.920635 0.936508 0.9603175 0.9285714 0.9126984 0.9126984 0.8968254 0.8730159 0.7936508 0.8730159
0.3739837 0.2926829 0.3414634 0.2845528 0.2764228 0.2276423 0.2357724 0.2439024 0.1951220 0.2276423 0.1544715
0.8220339 0.8474576 0.8474576 0.8559322 0.9067797 0.9067797 0.8474576 0.940678 0.898305 0.8728814 0.8559322
0.8307692 0.8692308 0.776923 0.8307692 0.8461538 0.7846154 0.876923 0.7846154 0.7846154 0.7923077 0.7153846
0.9256198 0.9586777 0.9669421 0.8595041 0.8016529 0.785124 0.7355372 0.7603306 0.6942149 0.5950413 0.5702479
