0.166 0.09 0.136 0.114 0.088 0.078 0.054 0.04 0.032 0.064 0.022
0.218 0.25 0.24 0.264 0.202 0.158 0.172 0.146 0.112 0.084 0.086
0.026 0.026 0.022 0.006 0.022 0.028 0.004 0.002 0.002 0 0
0.05 0.048 0.044 0.032 0.034 0.04 0.016 0.04 0.034 0.024 0.024
0.438 0.444 0.454 0.408 0.442 0.496 0.468 0.476 0.51 0.418 0.424
0.06 0.09 0.082 0.052 0.044 0.026 0.022 0 0.004 0.012 0.004
0.384 0.35 0.29 0.328 0.208 0.208 0.172 0.138 0.11 0.098 0.082
0.2 0.154 0.182 0.188 0.194 0.192 0.198 0.166 0.146 0.146 0.192
0.202 0.17 0.108 0.088 0.094 0.04 0.032 0.03 0.012 0.01 0.006
0.17 0.146 0.138 0.066 0.09 0.038 0.034 0.016 0.01 0.006 0
0.538 0.432 0.454 0.35 0.35 0.274 0.266 0.2 0.148 0.128 0.104
0.022 0.02 0.028 0.024 0.03 0.03 0.032 0.01 0.012 0.024 0.006
0.038 0.04 0.038 0.044 0.044 0.04 0.026 0.026 0.026 0.034 0.02
0.11 0.126 0.114 0.086 0.09 0.106 0.098 0.09 0.11 0.116 0.104
0.368 0.396 0.428 0.442 0.438 0.412 0.434 0.434 0.48 0.45 0.434
0.442 0.486 0.472 0.43 0.476 0.466 0.418 0.426 0.436 0.432 0.418
0.322 0.268 0.206 0.174 0.178 0.128 0.102 0.072 0.058 0.018 0.016
0.058 0.064 0.056 0.028 0.016 0.016 0.012 0.004 0 0.004 0.002
0.064 0.058 0.06 0.046 0.064 0.064 0.066 0.1 0.132 0.096 0.148
0.096 0.098 0.086 0.108 0.11 0.112 0.098 0.082 0.082 0.088 0.074
0.328 0.28 0.346 0.246 0.23 0.212 0.158 0.166 0.142 0.124 0.114
0.206 0.2 0.186 0.174 0.134 0.184 0.126 0.1 0.08 0.07 0.06
0.078 0.046 0.036 0.052 0.024 0.026 0.016 0.02 0 0.004 0.004
0.55 0.482 0.476 0.46 0.418 0.416 0.386 0.364 0.33 0.278 0.366
0.328 0.41 0.4 0.418 0.5 0.56 0.536 0.528 0.562 0.576 0.568
0.276 0.27 0.216 0.164 0.168 0.142 0.112 0.07 0.058 0.046 0.032
0.1 0.096 0.126 0.14 0.196 0.23 0.26 0.354 0.43 0.416 0.438
0.084 0.088 0.094 0.07 0.062 0.04 0.036 0.028 0.014 0.006 0.01
0.476 0.494 0.482 0.514 0.552 0.584 0.6 0.58 0.624 0.622 0.664
0.228 0.224 0.208 0.218 0.194 0.222 0.252 0.288 0.284 0.324 0.336
0.554 0.592 0.562 0.636 0.61 0.62 0.622 0.658 0.64 0.658 0.636
0.106 0.16 0.168 0.208 0.2 0.28 0.332 0.394 0.458 0.45 0.464
0.11 0.092 0.066 0.076 0.062 0.042 0.032 0.022 0.022 0.016 0.004
0.282 0.276 0.276 0.262 0.238 0.252 0.234 0.232 0.202 0.244 0.24
0.178 0.162 0.124 0.122 0.094 0.04 0.026 0.016 0.01 0.004 0.002
0.18 0.2 0.256 0.276 0.316 0.398 0.498 0.554 0.608 0.638 0.636
0.354 0.306 0.34 0.28 0.304 0.258 0.25 0.196 0.17 0.158 0.146
0.492 0.484 0.53 0.442 0.464 0.486 0.414 0.446 0.398 0.34 0.322
0.05 0.034 0.036 0.04 0.03 0.02 0.022 0.016 0.026 0.016 0.014
0.042 0.054 0.05 0.03 0.028 0.018 0.018 0.006 0.006 0.002 0.004
0.318 0.328 0.304 0.29 0.33 0.316 0.356 0.368 0.38 0.422 0.396
0.142 0.14 0.156 0.16 0.162 0.17 0.116 0.126 0.1 0.13 0.102
0.252 0.24 0.2 0.184 0.186 0.118 0.114 0.106 0.096 0.064 0.054
0.17 0.134 0.112 0.108 0.084 0.072 0.042 0.046 0.032 0.03 0.022
0.266 0.28 0.332 0.368 0.392 0.47 0.528 0.538 0.576 0.572 0.592
0.062 0.08 0.098 0.076 0.058 0.044 0.044 0.042 0.034 0.014 0.008
0.108 0.076 0.062 0.032 0.04 0.038 0.034 0.028 0.024 0.016 0.02
0.45 0.458 0.474 0.444 0.528 0.516 0.486 0.48 0.448 0.438 0.442
0.02 0.024 0.014 0.024 0.018 0.006 0.014 0 0.004 0.002 0
0.024 0.012 0.014 0.008 0 0.01 0 0.008 0 0 0.004
0.038 0.02 0.04 0.024 0.034 0.022 0.01 0.024 0.004 0.018 0.018
0.288 0.26 0.252 0.222 0.17 0.15 0.136 0.128 0.108 0.102 0.074
0.006 0.01 0.008 0.002 0.002 0.002 0 0 0.002 0.002 0
0.306 0.254 0.28 0.29 0.264 0.258 0.342 0.312 0.316 0.37 0.358
0.142 0.172 0.182 0.214 0.262 0.266 0.362 0.402 0.404 0.43 0.416
0.408 0.408 0.47 0.512 0.53 0.572 0.59 0.6 0.634 0.68 0.674
0.086 0.08 0.09 0.104 0.084 0.092 0.106 0.086 0.11 0.13 0.122
0.44 0.432 0.424 0.454 0.442 0.418 0.406 0.376 0.31 0.32 0.314
0.168 0.17 0.192 0.204 0.322 0.38 0.452 0.452 0.52 0.578 0.59
0.288 0.22 0.206 0.14 0.082 0.056 0.068 0.038 0.018 0.018 0.014
0.176 0.204 0.178 0.166 0.138 0.124 0.114 0.054 0.042 0.046 0.046
0.052 0.058 0.038 0.056 0.046 0.032 0.034 0.022 0.02 0.026 0.008
0.092 0.084 0.088 0.062 0.054 0.052 0.026 0.014 0.008 0.01 0.008
0.292 0.318 0.304 0.28 0.308 0.254 0.282 0.232 0.174 0.22 0.186
0.008 0.006 0.012 0.006 0.004 0 0.002 0.002 0.002 0 0
0.058 0.076 0.06 0.052 0.096 0.078 0.082 0.088 0.1 0.098 0.122
0.096 0.102 0.1 0.134 0.12 0.138 0.142 0.156 0.13 0.128 0.118
0.324 0.33 0.316 0.338 0.33 0.31 0.312 0.292 0.264 0.294 0.282
0.102 0.13 0.132 0.13 0.15 0.15 0.142 0.174 0.154 0.188 0.154
0.022 0.012 0.026 0.01 0.014 0.022 0.008 0.016 0.006 0.006 0
0.586 0.568 0.552 0.514 0.578 0.58 0.518 0.546 0.524 0.554 0.5
0.202 0.23 0.164 0.206 0.192 0.152 0.18 0.154 0.158 0.178 0.168
0.028 0.022 0.02 0.018 0.014 0.014 0.014 0 0.002 0.002 0.002
0.022 0.016 0.012 0.008 0.004 0.014 0.018 0.002 0.014 0.004 0.004
0.078 0.052 0.046 0.052 0.032 0.022 0.012 0.012 0.004 0.002 0.002
0.162 0.152 0.142 0.11 0.082 0.066 0.038 0.018 0.014 0.014 0.006
0.072 0.06 0.034 0.042 0.022 0.008 0.002 0.008 0.008 0.002 0
0.556 0.47 0.414 0.348 0.292 0.312 0.24 0.178 0.154 0.13 0.094
0.07 0.066 0.05 0.062 0.044 0.07 0.066 0.056 0.078 0.048 0.046
0.188 0.162 0.17 0.122 0.116 0.1 0.076 0.066 0.058 0.074 0.034
0.152 0.104 0.11 0.102 0.104 0.088 0.086 0.078 0.072 0.062 0.05
0.364 0.362 0.392 0.394 0.452 0.466 0.486 0.54 0.52 0.496 0.452
0.11 0.064 0.066 0.04 0.034 0.034 0.02 0.014 0.004 0.006 0
0.132 0.094 0.082 0.09 0.066 0.052 0.05 0.028 0.03 0.024 0.008
0.606 0.574 0.586 0.51 0.48 0.514 0.506 0.458 0.498 0.448 0.456
0.272 0.274 0.306 0.264 0.314 0.372 0.364 0.324 0.374 0.384 0.418
0.26 0.264 0.296 0.308 0.362 0.366 0.382 0.302 0.364 0.346 0.43
0.222 0.182 0.196 0.142 0.142 0.132 0.096 0.098 0.082 0.056 0.046
0.064 0.048 0.042 0.05 0.024 0.016 0.006 0.01 0.006 0.002 0.004
0.35 0.332 0.286 0.24 0.18 0.124 0.118 0.078 0.038 0.052 0.034
0.182 0.19 0.212 0.198 0.19 0.164 0.144 0.128 0.106 0.082 0.092
0.58 0.496 0.484 0.474 0.4 0.382 0.356 0.288 0.204 0.23 0.18
0.126 0.104 0.074 0.066 0.042 0.024 0.024 0.014 0.004 0.002 0.002
0.242 0.24 0.186 0.192 0.146 0.164 0.138 0.082 0.068 0.04 0.02
0.024 0.018 0.016 0.022 0.022 0.01 0.032 0.012 0.008 0.01 0.002
0.21 0.212 0.196 0.272 0.232 0.256 0.216 0.27 0.312 0.312 0.354
0.28 0.258 0.26 0.226 0.224 0.214 0.204 0.162 0.156 0.158 0.152
0.088 0.056 0.066 0.054 0.02 0.012 0.024 0.006 0.006 0 0.004
0.212 0.186 0.18 0.156 0.126 0.146 0.108 0.074 0.07 0.048 0.052
0.226 0.242 0.246 0.288 0.29 0.352 0.32 0.384 0.38 0.418 0.366
0.478 0.466 0.42 0.43 0.278 0.308 0.248 0.198 0.158 0.15 0.128
0.138 0.122 0.148 0.132 0.162 0.174 0.174 0.234 0.304 0.33 0.382
0.388 0.354 0.34 0.326 0.258 0.284 0.268 0.208 0.186 0.17 0.176
0.17 0.184 0.164 0.218 0.166 0.22 0.228 0.218 0.2 0.198 0.202
0.192 0.188 0.194 0.22 0.226 0.212 0.202 0.194 0.22 0.214 0.214
0.036 0.052 0.042 0.054 0.032 0.04 0.026 0.016 0.014 0.012 0.012
0.426 0.408 0.332 0.316 0.238 0.206 0.19 0.158 0.166 0.13 0.164
0.004 0 0 0 0 0 0 0 0 0 0
0.014 0.006 0.02 0.006 0.004 0.002 0.008 0.002 0 0 0
0.01 0.01 0.008 0.002 0.002 0.002 0 0.002 0 0 0
0.484 0.424 0.472 0.384 0.396 0.4 0.266 0.3 0.324 0.288 0.276
0.298 0.322 0.34 0.394 0.428 0.458 0.508 0.568 0.566 0.61 0.646
0.56 0.59 0.566 0.588 0.564 0.608 0.556 0.594 0.568 0.62 0.536
0.02 0.012 0.01 0.012 0.012 0.008 0.012 0.002 0 0.008 0
0.486 0.428 0.496 0.52 0.548 0.578 0.518 0.546 0.636 0.636 0.646
0.14 0.164 0.12 0.146 0.084 0.072 0.06 0.038 0.026 0.012 0.01
0.328 0.32 0.332 0.226 0.26 0.28 0.284 0.298 0.28 0.322 0.274
0.21 0.142 0.13 0.148 0.114 0.126 0.114 0.086 0.108 0.084 0.066
0.262 0.232 0.218 0.146 0.126 0.102 0.094 0.086 0.048 0.028 0.028
0.316 0.314 0.298 0.286 0.244 0.252 0.23 0.258 0.256 0.25 0.208
0.206 0.196 0.184 0.198 0.186 0.172 0.168 0.152 0.136 0.114 0.136
0.5 0.514 0.45 0.416 0.39 0.32 0.298 0.236 0.184 0.162 0.156
0.034 0.032 0.032 0.032 0.018 0.016 0.018 0.006 0.006 0.006 0
0.23 0.238 0.218 0.2 0.16 0.166 0.158 0.124 0.126 0.1 0.08
0.022 0.02 0.022 0.016 0.012 0.014 0.02 0.016 0.01 0.012 0.004
0.066 0.054 0.068 0.048 0.052 0.042 0.028 0.024 0.012 0.016 0.006
0.012 0.01 0.014 0.01 0.01 0.02 0.004 0.006 0.01 0.002 0.008
0.314 0.282 0.268 0.294 0.292 0.242 0.294 0.274 0.238 0.256 0.222
0.014 0.012 0.008 0.012 0.004 0.002 0.002 0 0.002 0.002 0.002
0.004 0.012 0.01 0.018 0.006 0.012 0.012 0.006 0.004 0.004 0.006
0.092 0.102 0.116 0.11 0.148 0.174 0.248 0.266 0.334 0.35 0.294
0.04 0.026 0.03 0.014 0.012 0.012 0.004 0.002 0 0.004 0
0.19 0.176 0.222 0.192 0.226 0.236 0.232 0.292 0.26 0.308 0.324
0.044 0.028 0.022 0.034 0.014 0.008 0.006 0.006 0.004 0 0
0.048 0.026 0.032 0.032 0.018 0.016 0.016 0.01 0.022 0.022 0.004
0.04 0.034 0.026 0.022 0.026 0.028 0.014 0.036 0.034 0.022 0.022
