0.156 0.14 0.14 0.132 0.096 0.078 0.06 0.05 0.034 0.016 0.016
0.262 0.252 0.26 0.214 0.172 0.158 0.138 0.14 0.126 0.114 0.072
0.028 0.028 0.01 0.014 0.01 0.012 0.01 0.006 0.006 0.004 0.002
0.03 0.034 0.036 0.03 0.028 0.034 0.032 0.026 0.022 0.02 0.018
0.318 0.338 0.36 0.362 0.354 0.412 0.4 0.382 0.382 0.376 0.436
0.114 0.092 0.066 0.058 0.038 0.026 0.024 0.008 0.004 0 0.004
0.182 0.166 0.134 0.174 0.13 0.116 0.088 0.086 0.068 0.06 0.04
0.134 0.164 0.168 0.176 0.214 0.268 0.238 0.212 0.214 0.21 0.202
0.188 0.142 0.118 0.064 0.084 0.054 0.046 0.022 0.014 0.006 0.006
0.188 0.186 0.156 0.12 0.108 0.056 0.036 0.014 0.014 0.018 0.006
0.494 0.456 0.376 0.318 0.328 0.256 0.23 0.18 0.144 0.118 0.09
0.016 0.012 0.014 0.014 0.014 0.01 0.012 0.01 0.014 0.004 0.008
0.042 0.04 0.044 0.032 0.044 0.03 0.02 0.014 0.022 0.016 0.016
0.178 0.146 0.15 0.142 0.144 0.092 0.106 0.098 0.08 0.102 0.084
0.356 0.398 0.378 0.43 0.406 0.396 0.454 0.392 0.406 0.384 0.378
0.494 0.448 0.484 0.482 0.488 0.434 0.46 0.456 0.482 0.494 0.452
0.312 0.264 0.23 0.192 0.156 0.138 0.082 0.088 0.074 0.03 0.014
0.056 0.056 0.038 0.032 0.016 0.01 0.018 0.008 0.006 0.002 0.002
0.042 0.044 0.05 0.044 0.034 0.022 0.026 0.03 0.022 0.038 0.022
0.044 0.044 0.068 0.076 0.062 0.048 0.054 0.056 0.036 0.06 0.04
0.166 0.158 0.156 0.162 0.11 0.08 0.066 0.064 0.036 0.026 0.022
0.226 0.224 0.15 0.156 0.16 0.132 0.104 0.096 0.08 0.07 0.038
0.028 0.004 0.008 0.014 0.014 0.008 0.008 0.002 0 0 0
0.364 0.31 0.292 0.276 0.182 0.248 0.206 0.166 0.148 0.084 0.076
0.41 0.41 0.476 0.472 0.474 0.53 0.568 0.582 0.592 0.588 0.6
0.36 0.29 0.288 0.2 0.196 0.122 0.1 0.066 0.046 0.046 0.022
0.146 0.14 0.234 0.23 0.286 0.4 0.476 0.494 0.536 0.59 0.57
0.054 0.066 0.066 0.082 0.032 0.042 0.026 0.026 0.026 0.008 0.008
0.43 0.474 0.484 0.474 0.528 0.544 0.568 0.588 0.612 0.578 0.636
0.274 0.288 0.244 0.254 0.26 0.266 0.308 0.326 0.362 0.37 0.414
0.344 0.368 0.356 0.396 0.392 0.406 0.384 0.39 0.38 0.378 0.398
0.124 0.156 0.18 0.176 0.194 0.23 0.264 0.29 0.366 0.398 0.422
0.102 0.112 0.106 0.102 0.09 0.056 0.038 0.024 0.018 0.004 0.016
0.266 0.248 0.268 0.208 0.23 0.228 0.19 0.224 0.216 0.194 0.172
0.296 0.21 0.174 0.122 0.084 0.07 0.06 0.038 0.018 0.006 0.01
0.178 0.202 0.238 0.332 0.364 0.458 0.494 0.57 0.562 0.598 0.624
0.338 0.316 0.336 0.3 0.31 0.248 0.258 0.186 0.176 0.18 0.138
0.516 0.512 0.488 0.548 0.478 0.484 0.454 0.4 0.436 0.378 0.35
0.054 0.04 0.044 0.026 0.032 0.026 0.02 0.012 0.016 0.01 0.008
0.028 0.028 0.034 0.024 0.016 0.02 0.018 0.012 0.002 0.002 0.002
0.26 0.236 0.22 0.212 0.226 0.176 0.182 0.154 0.194 0.198 0.152
0.078 0.084 0.094 0.108 0.092 0.07 0.084 0.066 0.076 0.09 0.092
0.354 0.318 0.27 0.236 0.202 0.128 0.122 0.09 0.052 0.04 0.028
0.348 0.272 0.248 0.234 0.16 0.13 0.094 0.076 0.046 0.052 0.034
0.322 0.376 0.444 0.47 0.486 0.544 0.54 0.608 0.622 0.652 0.656
0.096 0.094 0.078 0.098 0.084 0.066 0.054 0.038 0.04 0.036 0.016
0.07 0.078 0.072 0.064 0.05 0.05 0.032 0.026 0.022 0.022 0.018
0.366 0.418 0.4 0.416 0.39 0.428 0.43 0.406 0.394 0.416 0.432
0.03 0.024 0.028 0.016 0.028 0.018 0.008 0.006 0 0.004 0.002
0.008 0 0.006 0.006 0.012 0 0 0.002 0.002 0 0.002
0.042 0.048 0.046 0.022 0.018 0.012 0.032 0.022 0.018 0.01 0.01
0.282 0.242 0.21 0.188 0.21 0.144 0.136 0.12 0.104 0.096 0.044
0.022 0.03 0.024 0.01 0.01 0.01 0.016 0.012 0.01 0.004 0.008
0.352 0.326 0.35 0.37 0.36 0.352 0.296 0.346 0.352 0.332 0.342
0.188 0.21 0.25 0.328 0.356 0.418 0.5 0.496 0.594 0.6 0.602
0.254 0.27 0.276 0.296 0.338 0.306 0.31 0.328 0.362 0.346 0.374
0.094 0.098 0.134 0.116 0.128 0.094 0.134 0.124 0.114 0.132 0.142
0.354 0.384 0.404 0.404 0.388 0.462 0.418 0.368 0.36 0.288 0.278
0.21 0.234 0.292 0.308 0.35 0.464 0.53 0.554 0.554 0.638 0.644
0.322 0.266 0.234 0.172 0.124 0.102 0.076 0.036 0.022 0.018 0.008
0.17 0.122 0.176 0.166 0.104 0.104 0.088 0.07 0.056 0.03 0.03
0.074 0.09 0.092 0.074 0.06 0.048 0.044 0.028 0.036 0.022 0.026
0.07 0.106 0.096 0.072 0.046 0.05 0.034 0.018 0.016 0.002 0.006
0.316 0.308 0.288 0.314 0.252 0.218 0.224 0.19 0.224 0.182 0.216
0.01 0.012 0.01 0.002 0.004 0.002 0 0 0.002 0 0
0.036 0.05 0.066 0.072 0.054 0.066 0.076 0.088 0.098 0.124 0.124
0.09 0.092 0.09 0.132 0.128 0.14 0.198 0.15 0.202 0.2 0.204
0.316 0.292 0.284 0.272 0.328 0.294 0.312 0.276 0.28 0.246 0.25
0.124 0.146 0.132 0.16 0.144 0.148 0.172 0.124 0.162 0.162 0.172
0.014 0.012 0.012 0.018 0.006 0.004 0.01 0.004 0.008 0 0
0.54 0.494 0.478 0.522 0.426 0.458 0.384 0.408 0.332 0.384 0.36
0.198 0.142 0.156 0.14 0.1 0.064 0.072 0.08 0.074 0.06 0.068
0.042 0.048 0.036 0.026 0.022 0.008 0.016 0.004 0.002 0.006 0.002
0.024 0.022 0.012 0.022 0.01 0.018 0.01 0.008 0.004 0.012 0.006
0.064 0.076 0.068 0.04 0.034 0.028 0.016 0.004 0.018 0.004 0.004
0.212 0.216 0.19 0.146 0.118 0.066 0.048 0.034 0.02 0.02 0.014
0.004 0.002 0.004 0.006 0.004 0.004 0 0.002 0.002 0 0.004
0.522 0.444 0.4 0.378 0.322 0.238 0.228 0.176 0.152 0.114 0.07
0.046 0.052 0.038 0.06 0.052 0.048 0.038 0.034 0.026 0.02 0.012
0.242 0.236 0.208 0.218 0.15 0.176 0.128 0.108 0.074 0.074 0.06
0.094 0.07 0.096 0.068 0.064 0.072 0.072 0.068 0.074 0.056 0.048
0.286 0.28 0.298 0.332 0.334 0.318 0.346 0.296 0.326 0.322 0.268
0.138 0.108 0.096 0.058 0.038 0.032 0.024 0.024 0.006 0.012 0.004
0.176 0.156 0.138 0.12 0.098 0.078 0.072 0.06 0.042 0.034 0.04
0.682 0.668 0.592 0.55 0.564 0.54 0.526 0.444 0.472 0.438 0.442
0.164 0.206 0.202 0.222 0.254 0.272 0.312 0.306 0.326 0.338 0.354
0.336 0.376 0.402 0.402 0.456 0.466 0.474 0.486 0.464 0.486 0.526
0.162 0.126 0.088 0.08 0.082 0.056 0.04 0.026 0.034 0.032 0.034
0.072 0.062 0.038 0.03 0.02 0.02 0.02 0.006 0.006 0.002 0
0.288 0.27 0.226 0.19 0.184 0.134 0.114 0.088 0.062 0.05 0.042
0.134 0.142 0.17 0.15 0.132 0.134 0.128 0.12 0.092 0.09 0.06
0.596 0.54 0.552 0.44 0.44 0.412 0.336 0.304 0.244 0.218 0.216
0.088 0.098 0.088 0.06 0.052 0.034 0.02 0.012 0.006 0.004 0
0.236 0.26 0.238 0.196 0.198 0.158 0.128 0.108 0.05 0.022 0.02
0.076 0.062 0.074 0.05 0.062 0.052 0.038 0.026 0.014 0.012 0.006
0.182 0.21 0.2 0.218 0.234 0.22 0.2 0.268 0.252 0.27 0.29
0.366 0.398 0.4 0.38 0.314 0.29 0.264 0.274 0.278 0.234 0.244
0.11 0.078 0.08 0.064 0.064 0.056 0.03 0.018 0.014 0 0.01
0.198 0.172 0.176 0.186 0.146 0.126 0.102 0.106 0.088 0.066 0.072
0.274 0.284 0.296 0.29 0.352 0.392 0.412 0.438 0.458 0.476 0.452
0.622 0.64 0.646 0.618 0.614 0.596 0.572 0.504 0.522 0.538 0.538
0.108 0.142 0.142 0.122 0.158 0.172 0.222 0.238 0.292 0.32 0.316
0.404 0.428 0.408 0.41 0.38 0.358 0.28 0.26 0.29 0.254 0.282
0.166 0.204 0.206 0.204 0.212 0.21 0.224 0.202 0.234 0.2 0.21
0.236 0.24 0.22 0.232 0.202 0.222 0.244 0.266 0.274 0.264 0.226
0.066 0.038 0.036 0.034 0.032 0.022 0.024 0.014 0.02 0.008 0.01
0.478 0.446 0.42 0.37 0.262 0.252 0.184 0.178 0.176 0.174 0.14
0.004 0.004 0.006 0.004 0.002 0 0 0 0 0 0
0.008 0.01 0.006 0.004 0.002 0.002 0 0 0 0 0
0.016 0.018 0.018 0.012 0.008 0.002 0.002 0.002 0.002 0.002 0
0.606 0.576 0.512 0.52 0.466 0.388 0.388 0.312 0.296 0.236 0.208
0.302 0.336 0.376 0.388 0.442 0.472 0.516 0.546 0.542 0.554 0.604
0.502 0.514 0.514 0.518 0.556 0.518 0.546 0.526 0.56 0.478 0.46
0.008 0.008 0.01 0.01 0.018 0.006 0.006 0.008 0.004 0.002 0
0.248 0.28 0.262 0.274 0.306 0.276 0.322 0.348 0.374 0.358 0.388
0.17 0.162 0.118 0.134 0.092 0.08 0.074 0.052 0.022 0.034 0.01
0.306 0.25 0.224 0.228 0.244 0.272 0.262 0.274 0.248 0.286 0.282
0.198 0.222 0.184 0.196 0.154 0.164 0.128 0.146 0.104 0.072 0.052
0.264 0.218 0.222 0.17 0.1 0.098 0.064 0.06 0.042 0.034 0.022
0.246 0.234 0.27 0.262 0.2 0.184 0.164 0.182 0.186 0.17 0.158
0.158 0.16 0.186 0.15 0.142 0.138 0.136 0.13 0.118 0.138 0.104
0.37 0.356 0.35 0.374 0.348 0.35 0.336 0.34 0.218 0.222 0.276
0.022 0.042 0.032 0.032 0.018 0.012 0.012 0.008 0.006 0.004 0.004
0.16 0.164 0.228 0.164 0.218 0.23 0.224 0.244 0.254 0.282 0.284
0.034 0.03 0.032 0.018 0.024 0.022 0.01 0.018 0.016 0.016 0.02
0.06 0.036 0.048 0.058 0.024 0.036 0.046 0.032 0.038 0.032 0.046
0.012 0.014 0.014 0.01 0.012 0.002 0.014 0.004 0.002 0 0.004
0.278 0.298 0.266 0.262 0.252 0.266 0.27 0.274 0.264 0.25 0.26
0.01 0.006 0.01 0.01 0.008 0.008 0.004 0.002 0 0 0
0.006 0.012 0.016 0.014 0.026 0.02 0.024 0.012 0.008 0.01 0.01
0.138 0.136 0.158 0.166 0.212 0.202 0.276 0.29 0.286 0.29 0.324
0.028 0.016 0.024 0.018 0.018 0.012 0.004 0.004 0.006 0.002 0.002
0.302 0.306 0.356 0.358 0.33 0.382 0.322 0.388 0.372 0.368 0.422
0.048 0.03 0.038 0.016 0.008 0.004 0.008 0.004 0.002 0.002 0
0.012 0.04 0.022 0.034 0.022 0.014 0.02 0.008 0.006 0.008 0.002
0.052 0.064 0.046 0.066 0.038 0.044 0.052 0.066 0.046 0.032 0.044
