0.5203252 0.5691057 0.5934959 0.5853659 0.5853659 0.5609756 0.6341463 0.6341463 0.5934959 0.5853659 0.6504065
0.4086957 0.3913043 0.3826087 0.4 0.4260870 0.4869565 0.5130435 0.4695652 0.4782609 0.5478261 0.4695652
0.9430894 0.894309 0.8699187 0.796748 0.8373984 0.8373984 0.8617886 0.804878 0.7398374 0.7886179 0.804878
0.75 0.7166667 0.7166667 0.725 0.75 0.6833333 0.65 0.65 0.6666667 0.5833333 0.6333333
0.1056911 0.1544715 0.1626016 0.1300813 0.1382114 0.1463415 0.1788618 0.2113821 0.2439024 0.2764228 0.2601626
0.626087 0.5913043 0.7043478 0.6695652 0.7304348 0.7652174 0.6608696 0.9217391 0.7304348 0.7478261 0.7043478
0.3089431 0.3739837 0.2926829 0.3739837 0.398374 0.4552846 0.4227642 0.5528455 0.4796748 0.5203252 0.5609756
0.56 0.616 0.52 0.544 0.536 0.432 0.368 0.376 0.336 0.392 0.368
0.4426230 0.557377 0.5737705 0.557377 0.6639344 0.6639344 0.6557377 0.7131148 0.8032787 0.7131148 0.7213115
0.575 0.6416667 0.6833333 0.675 0.7 0.7416667 0.6833333 0.7833333 0.7 0.7166667 0.8583333
0.04878049 0.07317073 0.1707317 0.1707317 0.1626016 0.2764228 0.2764228 0.3089431 0.3089431 0.3739837 0.3739837
0.7350427 0.6752137 0.7350427 0.7094017 0.8376068 0.6239316 0.7008547 0.6495726 0.6324786 0.5384615 0.6324786
0.7723577 0.8536585 0.7723577 0.7642276 0.7560976 0.7723577 0.7886179 0.7317073 0.7398374 0.7154472 0.5934959
0.568 0.528 0.464 0.536 0.52 0.488 0.504 0.464 0.44 0.4 0.384
0.136 0.136 0.088 0.072 0.064 0.04 0.064 0.088 0.088 0.096 0.112
0.1544715 0.1626016 0.2032520 0.1382114 0.1056911 0.1138211 0.1707317 0.1707317 0.1951220 0.1707317 0.2195122
0.15 0.225 0.275 0.3083333 0.3666667 0.5916667 0.5416667 0.5333333 0.5833333 0.6333333 0.7083333
0.7333333 0.75 0.7833333 0.7666667 0.8166667 0.9 0.9166667 0.925 0.9083333 0.8333333 0.8583333
0.7217391 0.7652174 0.7478261 0.7478261 0.7304348 0.626087 0.5391304 0.5043478 0.4782609 0.4434783 0.4
0.7565217 0.626087 0.6086957 0.6173913 0.5826087 0.4608696 0.4695652 0.4695652 0.4521739 0.4347826 0.4782609
0.2459016 0.3360656 0.2786885 0.3278689 0.3196721 0.3360656 0.4918033 0.4016393 0.4344262 0.4754098 0.4262295
0.5 0.4590164 0.4016393 0.4426230 0.4180328 0.4426230 0.4098361 0.4098361 0.4180328 0.4836066 0.5081967
0.7131148 0.6803279 0.6803279 0.7213115 0.7540984 0.7540984 0.7704918 0.8688525 0.8114754 0.8442623 0.7213115
0.075 0.075 0.06666667 0.09166667 0.1666667 0.1583333 0.1833333 0.2416667 0.225 0.2416667 0.2083333
0.2 0.1913043 0.1652174 0.09565217 0.1391304 0.1304348 0.1130435 0.09565217 0.09565217 0.1391304 0.1043478
0.1391304 0.1913043 0.2 0.1913043 0.2521739 0.3652174 0.4086957 0.4086957 0.4434783 0.5217391 0.4347826
0.5666667 0.5583333 0.5583333 0.4583333 0.4 0.225 0.175 0.1333333 0.125 0.1 0.1166667
0.7265625 0.6875 0.671875 0.7109375 0.7109375 0.75 0.7265625 0.734375 0.6953125 0.6875 0.703125
0.1639344 0.1393443 0.1147541 0.1147541 0.09016393 0.1147541 0.09016393 0.1065574 0.09836066 0.1229508 0.09836066
0.2 0.225 0.25 0.2083333 0.2583333 0.2666667 0.2833333 0.3 0.2916667 0.25 0.2666667
0.025 0.008333333 0 0 0 0 0.008333333 0.008333333 0 0 0
0.6 0.5083333 0.4666667 0.425 0.3583333 0.4083333 0.3166667 0.3166667 0.2916667 0.2666667 0.2666667
0.52 0.544 0.592 0.584 0.592 0.672 0.688 0.704 0.728 0.624 0.784
0.1908397 0.2366412 0.2977099 0.259542 0.2519084 0.2748092 0.3129771 0.3511450 0.3206107 0.3282443 0.3206107
0.3478261 0.4 0.573913 0.6173913 0.5913043 0.6434783 0.7391304 0.7826087 0.7391304 0.7478261 0.8173913
0.4672131 0.3360656 0.2540984 0.1147541 0.07377049 0.04918033 0.01639344 0.03278689 0 0 0
0.3252033 0.300813 0.2764228 0.3658537 0.3902439 0.4065041 0.398374 0.4308943 0.4471545 0.5365854 0.4634146
0.07377049 0.08196721 0.07377049 0.07377049 0.05737705 0.07377049 0.1065574 0.09836066 0.1147541 0.1639344 0.2213115
0.9674797 0.9186992 0.9268293 0.894309 0.894309 0.902439 0.8617886 0.796748 0.8780488 0.7886179 0.7398374
0.8671875 0.84375 0.875 0.90625 0.859375 0.953125 0.8984375 0.8515625 0.8671875 0.8828125 0.828125
0.125 0.1916667 0.1166667 0.1416667 0.1416667 0.1666667 0.2083333 0.125 0.1416667 0.1333333 0.1333333
0.7786885 0.6557377 0.704918 0.6885246 0.647541 0.6721311 0.6393443 0.6065574 0.5327869 0.6065574 0.5081967
0.2195122 0.1707317 0.2113821 0.2439024 0.2601626 0.3333333 0.4065041 0.4471545 0.4390244 0.4146341 0.4065041
0.2540984 0.2950820 0.2540984 0.3852459 0.3688525 0.4426230 0.5163934 0.5491803 0.4836066 0.5409836 0.557377
0.248 0.264 0.192 0.152 0.112 0.136 0.12 0.088 0.088 0.08 0.088
0.6239316 0.6239316 0.6495726 0.6324786 0.5811966 0.5811966 0.5811966 0.5897436 0.6581197 0.6923077 0.7008547
0.6666667 0.7416667 0.7166667 0.7416667 0.75 0.7333333 0.7583333 0.6833333 0.8 0.6333333 0.6416667
0.1166667 0.1166667 0.08333333 0.09166667 0.075 0.1 0.1166667 0.1333333 0.125 0.15 0.1333333
0.8974359 0.8888889 0.8717949 0.8803419 0.8717949 0.91453 0.948718 0.9059829 0.9059829 0.8632479 0.8717949
0.9770992 0.9847328 0.9236641 0.961832 0.9465649 0.9389313 0.9312977 0.9007634 0.870229 0.8473282 0.7938931
0.8473282 0.8091603 0.7709924 0.7251908 0.8549618 0.7022901 0.740458 0.740458 0.6793893 0.7022901 0.7480916
0.375 0.3166667 0.4416667 0.3916667 0.3583333 0.3666667 0.4 0.4083333 0.4666667 0.4583333 0.4583333
0.9583333 0.9583333 0.9583333 0.9416667 0.9583333 0.9166667 0.925 0.925 0.9083333 0.8333333 0.7833333
0.300813 0.2357724 0.2357724 0.1788618 0.1544715 0.1707317 0.2032520 0.1626016 0.1300813 0.2032520 0.1869919
0.5042735 0.4786325 0.4273504 0.3418803 0.2820513 0.1965812 0.1794872 0.1452991 0.05982906 0.05128205 0.008547009
0.1217391 0.1739130 0.1217391 0.1043478 0.08695652 0.06956522 0.05217391 0.06086957 0.06956522 0.03478261 0.04347826
0.648 0.592 0.592 0.6 0.52 0.48 0.456 0.424 0.352 0.384 0.32
0.09016393 0.08196721 0.04918033 0.04918033 0.04098361 0.03278689 0.02459016 0.09836066 0.09836066 0.1393443 0.2295082
0.4796748 0.3821138 0.300813 0.2601626 0.1626016 0.1463415 0.04878049 0.07317073 0.04878049 0.05691057 0.03252033
0.3333333 0.3333333 0.4416667 0.6083333 0.5166667 0.5583333 0.6083333 0.675 0.6666667 0.6833333 0.7833333
0.5166667 0.5583333 0.65 0.5833333 0.55 0.5916667 0.5 0.5333333 0.5916667 0.6166667 0.6333333
0.7099237 0.740458 0.740458 0.7175573 0.8167939 0.7175573 0.6412214 0.740458 0.6335878 0.6412214 0.6564885
0.725 0.7666667 0.7083333 0.6416667 0.8 0.7416667 0.8 0.7333333 0.8 0.7333333 0.825
0.3046875 0.375 0.3359375 0.4140625 0.3984375 0.390625 0.375 0.3828125 0.3984375 0.390625 0.390625
0.984375 1 0.9765625 1 0.984375 0.9765625 0.9609375 0.921875 0.8671875 0.8828125 0.828125
0.8 0.7833333 0.8333333 0.7166667 0.6916667 0.6416667 0.6083333 0.5666667 0.475 0.4583333 0.4416667
0.7295082 0.6229508 0.6229508 0.6147541 0.5901639 0.557377 0.5163934 0.4672131 0.4344262 0.3934426 0.4508197
0.2195122 0.2195122 0.1707317 0.2032520 0.1951220 0.1951220 0.2357724 0.2439024 0.2764228 0.2357724 0.300813
0.575 0.625 0.4916667 0.4583333 0.375 0.3833333 0.3833333 0.3833333 0.35 0.3333333 0.325
0.9391304 0.9913043 0.9652174 0.9304348 0.8782609 0.9391304 0.973913 0.826087 0.8869565 0.8347826 0.8173913
0.01626016 0.02439024 0.03252033 0.06504065 0.03252033 0.07317073 0.09756098 0.0894309 0.1056911 0.1056911 0.1869919
0.488 0.48 0.496 0.496 0.536 0.48 0.552 0.528 0.496 0.432 0.392
0.8205128 0.8974359 0.8803419 0.957265 0.957265 0.9059829 0.948718 0.8461538 0.9059829 0.8632479 0.8717949
0.8473282 0.8854962 0.8549618 0.870229 0.870229 0.8244275 0.8549618 0.7709924 0.8015267 0.7328244 0.7938931
0.6083333 0.7333333 0.7833333 0.7416667 0.7916667 0.7583333 0.85 0.925 0.8333333 0.8333333 0.8583333
0.5901639 0.5737705 0.5983607 0.6721311 0.6803279 0.7213115 0.8770492 0.8688525 0.8442623 0.8442623 0.7786885
0.6239316 0.7179487 0.7264957 0.8376068 0.8717949 0.8119658 0.7863248 0.9059829 0.8205128 0.7948718 0.8717949
0.05833333 0.08333333 0.075 0.1083333 0.1416667 0.2 0.2 0.3 0.3166667 0.3083333 0.2916667
0.7154472 0.6666667 0.6747967 0.6260163 0.6178862 0.5609756 0.5691057 0.5772358 0.5772358 0.5691057 0.4715447
0.4173913 0.4086957 0.4956522 0.5043478 0.4521739 0.4782609 0.5304348 0.4956522 0.5391304 0.4956522 0.4608696
0.525 0.5333333 0.65 0.5916667 0.5666667 0.525 0.4666667 0.5166667 0.5 0.4666667 0.4916667
0.144 0.168 0.128 0.144 0.12 0.08 0.096 0.08 0.088 0.08 0.096
0.5691057 0.5609756 0.601626 0.5934959 0.6422764 0.6097561 0.7317073 0.6829268 0.7398374 0.6747967 0.804878
0.5916667 0.625 0.625 0.6 0.6 0.625 0.5916667 0.5916667 0.6166667 0.6416667 0.6916667
0.02439024 0.02439024 0.02439024 0.03252033 0.04065041 0.08130081 0.1138211 0.1056911 0.1300813 0.1463415 0.1869919
0.3565217 0.2608696 0.2347826 0.2521739 0.2521739 0.1913043 0.1913043 0.2086957 0.1391304 0.1739130 0.1391304
0.2695652 0.2521739 0.2173913 0.1826087 0.2173913 0.1739130 0.1913043 0.1739130 0.1391304 0.1739130 0.1391304
0.4188034 0.4444444 0.5128205 0.4957265 0.5299145 0.4957265 0.4786325 0.5042735 0.4871795 0.5213675 0.6153846
0.6782609 0.6869565 0.7391304 0.7478261 0.8173913 0.7826087 0.8086957 0.826087 0.8086957 0.8347826 0.8173913
0.1282051 0.1880342 0.2222222 0.3504274 0.3247863 0.3931624 0.4102564 0.4188034 0.4615385 0.5042735 0.4615385
0.6260163 0.5365854 0.601626 0.5284553 0.4715447 0.504065 0.504065 0.4796748 0.4715447 0.5203252 0.495935
0 0.008547009 0 0.01709402 0.04273504 0.0940171 0.1367521 0.1709402 0.2222222 0.2649573 0.2478632
0.6083333 0.7166667 0.7083333 0.7 0.825 0.7083333 0.7166667 0.7666667 0.8 0.8666667 0.825
0.3252033 0.3577236 0.398374 0.4065041 0.4227642 0.4146341 0.4878049 0.5528455 0.5691057 0.5772358 0.6747967
0.7560976 0.7398374 0.7154472 0.7886179 0.7154472 0.6910569 0.7479675 0.7398374 0.7398374 0.699187 0.6341463
0.3583333 0.325 0.2166667 0.3 0.2583333 0.2083333 0.2583333 0.15 0.15 0.1583333 0.1416667
0.1623932 0.1709402 0.1880342 0.2649573 0.2222222 0.2393162 0.3076923 0.2820513 0.3675214 0.3333333 0.3333333
0.7265625 0.703125 0.6953125 0.765625 0.765625 0.8359375 0.8828125 0.78125 0.78125 0.8203125 0.734375
0.5365854 0.5772358 0.5772358 0.6097561 0.5934959 0.5609756 0.5691057 0.6097561 0.5528455 0.5772358 0.5934959
0.4782609 0.3652174 0.3304348 0.3304348 0.2521739 0.2260870 0.1913043 0.1913043 0.1391304 0.06956522 0.08695652
0 0 0 0 0 0 0 0.008547009 0.01709402 0.008547009 0.03418803
0.5897436 0.5982906 0.5384615 0.5299145 0.4529915 0.4017094 0.3846154 0.2820513 0.2649573 0.2991453 0.1880342
0.1803279 0.1639344 0.1639344 0.2049180 0.3196721 0.2459016 0.3770492 0.3606557 0.3360656 0.352459 0.3852459
0.453125 0.421875 0.453125 0.3203125 0.34375 0.3359375 0.2890625 0.3515625 0.359375 0.3359375 0.3515625
0.4786325 0.5299145 0.5470085 0.4871795 0.4529915 0.4957265 0.4017094 0.4188034 0.3675214 0.3418803 0.3247863
0.775 0.775 0.8 0.7416667 0.7666667 0.75 0.8166667 0.75 0.7 0.7166667 0.7833333
0.15 0.2 0.2 0.2083333 0.3333333 0.3416667 0.375 0.4333333 0.3916667 0.4083333 0.3666667
0.9833333 0.975 1 0.9916667 0.9583333 0.95 0.925 0.9083333 0.85 0.8666667 0.825
0.8869565 0.9304348 0.9304348 0.9043478 0.9391304 0.9391304 0.973913 0.9217391 0.8869565 0.8347826 0.8173913
0.8717949 0.9059829 0.982906 0.957265 0.91453 0.974359 0.948718 0.9059829 0.9059829 0.8632479 0.8717949
0.04878049 0.02439024 0.06504065 0.07317073 0.1544715 0.1544715 0.2032520 0.2520325 0.2195122 0.300813 0.300813
0.3931624 0.4102564 0.3247863 0.3418803 0.2222222 0.1965812 0.1367521 0.1367521 0.1196581 0.06837607 0.07692308
0.008547009 0.008547009 0 0 0 0 0 0.008547009 0.02564103 0.008547009 0.02564103
0.9391304 0.9304348 0.9391304 0.8695652 0.8869565 0.9652174 0.973913 0.9217391 0.8869565 0.8347826 0.8173913
0.296 0.208 0.112 0.16 0.104 0.136 0.12 0.08 0.088 0.08 0.088
0.52 0.504 0.592 0.576 0.616 0.616 0.632 0.696 0.664 0.76 0.704
0.2173913 0.2521739 0.2434783 0.3130435 0.2782609 0.2956522 0.3565217 0.3217391 0.3217391 0.3565217 0.3130435
0.4016393 0.4098361 0.4672131 0.4672131 0.4180328 0.4590164 0.4426230 0.4836066 0.4836066 0.4344262 0.5163934
0.2333333 0.4083333 0.4666667 0.575 0.5833333 0.6083333 0.6166667 0.65 0.6 0.65 0.6333333
0.2478632 0.2905983 0.2991453 0.3504274 0.3162393 0.3162393 0.3333333 0.2735043 0.3162393 0.3333333 0.3162393
0.5555556 0.5384615 0.5726496 0.5299145 0.5897436 0.5555556 0.4871795 0.5384615 0.5042735 0.5213675 0.4615385
0.05982906 0.01709402 0.07692308 0.08547009 0.1538462 0.1538462 0.1623932 0.1965812 0.2051282 0.2820513 0.2735043
0.8292683 0.8211382 0.8292683 0.8617886 0.8617886 0.7642276 0.8130081 0.7642276 0.796748 0.7886179 0.796748
0.275 0.325 0.325 0.3083333 0.2083333 0.2666667 0.2916667 0.25 0.2333333 0.2333333 0.2583333
0.8292683 0.8292683 0.8861789 0.796748 0.7398374 0.7154472 0.7073171 0.7317073 0.6585366 0.7235772 0.6829268
0.7154472 0.8130081 0.7317073 0.7560976 0.7398374 0.7235772 0.7804878 0.7642276 0.6666667 0.699187 0.7235772
1 0.9609375 0.9609375 0.9140625 0.9609375 0.953125 0.9140625 0.921875 0.8671875 0.8828125 0.7734375
0.192 0.2 0.24 0.216 0.216 0.256 0.24 0.208 0.24 0.24 0.216
0.7478261 0.7826087 0.773913 0.7826087 0.826087 0.9391304 0.8869565 0.9217391 0.8869565 0.8347826 0.8173913
0.9833333 0.9916667 0.9666667 0.9916667 0.9583333 0.95 0.925 0.9083333 0.85 0.8666667 0.825
0.4782609 0.4434783 0.3652174 0.3478261 0.2521739 0.2260870 0.2 0.1217391 0.1391304 0.05217391 0.05217391
0.826087 0.7826087 0.9043478 0.8173913 0.826087 0.7913043 0.8782609 0.9217391 0.8086957 0.7478261 0.6782609
0.3739130 0.4347826 0.3826087 0.3478261 0.4956522 0.3478261 0.4 0.3652174 0.3565217 0.3739130 0.3478261
0.7890625 0.8359375 0.8125 0.8828125 0.859375 0.953125 0.9140625 0.921875 0.8671875 0.8828125 0.828125
0.8617886 0.8292683 0.7804878 0.8292683 0.7642276 0.8211382 0.8130081 0.7398374 0.7479675 0.699187 0.6747967
0.725 0.775 0.7583333 0.7166667 0.75 0.6666667 0.625 0.65 0.6 0.5583333 0.5416667
