0.156 0.158 0.166 0.158 0.134 0.12 0.11 0.07 0.09 0.066 0.044
0.214 0.216 0.212 0.212 0.164 0.184 0.138 0.102 0.136 0.08 0.062
0.022 0.028 0.022 0.008 0.012 0.01 0.008 0.012 0.004 0.002 0.004
0.058 0.046 0.054 0.034 0.042 0.02 0.044 0.02 0.024 0.032 0.024
0.334 0.348 0.362 0.416 0.4 0.374 0.362 0.348 0.322 0.38 0.312
0.094 0.054 0.052 0.05 0.024 0.014 0.012 0.01 0.004 0.004 0.004
0.232 0.224 0.218 0.188 0.168 0.152 0.118 0.11 0.102 0.064 0.07
0.172 0.134 0.148 0.196 0.18 0.19 0.172 0.22 0.196 0.202 0.162
0.192 0.162 0.142 0.084 0.064 0.042 0.02 0.024 0.01 0.002 0.008
0.134 0.128 0.096 0.062 0.054 0.062 0.04 0.026 0.012 0.006 0.002
0.476 0.488 0.418 0.358 0.328 0.258 0.26 0.218 0.16 0.136 0.12
0.068 0.056 0.048 0.054 0.042 0.042 0.048 0.036 0.034 0.044 0.032
0.038 0.058 0.026 0.032 0.034 0.03 0.028 0.02 0.016 0.01 0.018
0.114 0.106 0.072 0.086 0.068 0.064 0.046 0.052 0.028 0.04 0.034
0.306 0.338 0.324 0.316 0.318 0.328 0.354 0.372 0.372 0.372 0.376
0.382 0.374 0.34 0.404 0.382 0.414 0.454 0.448 0.408 0.434 0.426
0.35 0.36 0.262 0.234 0.154 0.188 0.114 0.052 0.028 0.03 0.006
0.066 0.066 0.064 0.064 0.038 0.042 0.012 0.01 0.004 0 0
0.052 0.068 0.052 0.076 0.088 0.098 0.078 0.102 0.134 0.142 0.16
0.056 0.058 0.048 0.078 0.06 0.06 0.076 0.06 0.052 0.046 0.042
0.254 0.236 0.25 0.238 0.184 0.168 0.164 0.112 0.112 0.102 0.064
0.228 0.242 0.214 0.188 0.202 0.184 0.182 0.146 0.102 0.086 0.066
0.068 0.042 0.032 0.028 0.02 0.016 0.002 0.002 0.002 0.004 0.002
0.534 0.514 0.45 0.434 0.468 0.39 0.36 0.356 0.328 0.378 0.322
0.358 0.454 0.4 0.434 0.478 0.516 0.54 0.558 0.534 0.608 0.566
0.43 0.394 0.344 0.266 0.238 0.214 0.154 0.148 0.1 0.066 0.056
0.1 0.13 0.154 0.19 0.21 0.298 0.252 0.384 0.47 0.466 0.482
0.08 0.08 0.09 0.064 0.054 0.04 0.034 0.03 0.02 0.016 0.02
0.408 0.418 0.47 0.424 0.452 0.484 0.482 0.464 0.474 0.484 0.448
0.294 0.298 0.298 0.26 0.306 0.262 0.308 0.292 0.31 0.328 0.354
0.598 0.58 0.52 0.606 0.584 0.532 0.584 0.578 0.56 0.578 0.594
0.108 0.156 0.162 0.16 0.208 0.252 0.272 0.332 0.38 0.46 0.446
0.104 0.09 0.106 0.096 0.082 0.048 0.036 0.022 0.012 0.012 0.016
0.392 0.374 0.354 0.248 0.248 0.304 0.248 0.24 0.282 0.284 0.256
0.292 0.234 0.152 0.158 0.084 0.066 0.044 0.02 0.008 0.018 0.016
0.204 0.232 0.292 0.39 0.408 0.472 0.588 0.616 0.648 0.684 0.674
0.276 0.286 0.256 0.224 0.224 0.188 0.15 0.126 0.114 0.106 0.11
0.498 0.464 0.432 0.446 0.462 0.444 0.364 0.356 0.33 0.268 0.24
0.012 0.008 0.016 0.012 0.006 0.002 0.008 0.006 0.002 0.004 0.002
0.022 0.032 0.026 0.024 0.024 0.024 0.014 0.01 0.002 0.002 0.002
0.292 0.298 0.276 0.256 0.238 0.258 0.308 0.298 0.322 0.348 0.328
0.054 0.06 0.042 0.052 0.048 0.062 0.048 0.062 0.054 0.04 0.04
0.346 0.302 0.274 0.24 0.194 0.172 0.14 0.106 0.09 0.042 0.034
0.264 0.226 0.25 0.188 0.158 0.118 0.106 0.058 0.04 0.062 0.04
0.282 0.3 0.396 0.45 0.416 0.482 0.504 0.574 0.554 0.632 0.65
0.108 0.092 0.102 0.092 0.092 0.084 0.064 0.054 0.036 0.026 0.032
0.048 0.064 0.058 0.05 0.05 0.042 0.032 0.032 0.03 0.014 0.026
0.386 0.406 0.422 0.452 0.442 0.432 0.398 0.412 0.426 0.44 0.424
0.03 0.024 0.026 0.028 0.008 0.01 0.008 0.004 0.006 0 0.002
0.01 0.008 0.012 0.008 0.008 0.008 0.01 0 0 0 0
0.044 0.052 0.032 0.03 0.03 0.028 0.02 0.03 0.012 0.016 0.006
0.314 0.284 0.274 0.208 0.182 0.166 0.122 0.114 0.084 0.088 0.064
0.028 0.014 0.022 0.014 0.014 0.012 0.006 0.008 0.002 0.008 0
0.256 0.326 0.362 0.348 0.368 0.348 0.344 0.392 0.39 0.44 0.458
0.16 0.176 0.238 0.246 0.298 0.34 0.378 0.424 0.496 0.542 0.498
0.318 0.354 0.374 0.376 0.408 0.422 0.446 0.456 0.5 0.488 0.47
0.114 0.12 0.096 0.136 0.156 0.154 0.12 0.138 0.15 0.176 0.186
0.448 0.474 0.484 0.472 0.478 0.5 0.46 0.458 0.4 0.394 0.31
0.15 0.232 0.242 0.254 0.324 0.356 0.432 0.488 0.538 0.548 0.57
0.332 0.25 0.164 0.188 0.124 0.074 0.05 0.04 0.03 0.01 0.014
0.142 0.196 0.168 0.142 0.096 0.116 0.124 0.076 0.072 0.044 0.038
0.046 0.056 0.052 0.044 0.032 0.028 0.014 0.032 0.028 0.04 0.028
0.046 0.038 0.028 0.036 0.018 0.014 0.008 0.012 0 0 0
0.31 0.34 0.28 0.278 0.266 0.236 0.202 0.2 0.176 0.156 0.14
0.018 0.014 0.004 0.002 0.006 0 0 0 0 0 0
0.034 0.046 0.044 0.052 0.054 0.05 0.062 0.064 0.07 0.102 0.09
0.08 0.086 0.114 0.096 0.136 0.13 0.102 0.142 0.092 0.112 0.104
0.348 0.354 0.36 0.408 0.314 0.34 0.352 0.286 0.316 0.272 0.28
0.096 0.126 0.148 0.156 0.174 0.164 0.152 0.16 0.18 0.16 0.192
0.02 0.022 0.026 0.014 0.016 0.004 0.01 0.004 0.006 0.002 0.002
0.648 0.604 0.606 0.624 0.632 0.596 0.608 0.606 0.584 0.594 0.606
0.202 0.238 0.23 0.21 0.154 0.128 0.088 0.07 0.056 0.048 0.038
0.044 0.022 0.022 0.018 0.016 0.018 0.004 0 0.004 0.002 0
0.024 0.018 0.01 0.018 0.016 0.016 0.006 0.01 0.006 0.002 0.012
0.086 0.062 0.08 0.036 0.022 0.018 0.014 0.01 0.008 0 0
0.16 0.14 0.07 0.106 0.062 0.042 0.034 0.018 0.008 0.004 0.004
0.118 0.074 0.064 0.066 0.038 0.028 0.03 0.02 0.006 0.006 0.004
0.474 0.38 0.4 0.314 0.286 0.264 0.204 0.222 0.196 0.2 0.174
0.072 0.048 0.066 0.042 0.058 0.064 0.05 0.05 0.058 0.024 0.034
0.238 0.226 0.202 0.202 0.114 0.15 0.08 0.082 0.068 0.038 0.064
0.168 0.17 0.192 0.164 0.138 0.134 0.128 0.11 0.118 0.124 0.112
0.314 0.286 0.296 0.266 0.276 0.32 0.29 0.32 0.322 0.294 0.344
0.146 0.146 0.104 0.072 0.076 0.028 0.03 0.018 0.018 0.006 0.002
0.164 0.136 0.148 0.114 0.068 0.084 0.052 0.034 0.04 0.018 0.012
0.664 0.628 0.598 0.54 0.512 0.488 0.452 0.436 0.454 0.496 0.44
0.246 0.244 0.268 0.266 0.31 0.348 0.306 0.338 0.358 0.346 0.372
0.38 0.412 0.44 0.462 0.49 0.506 0.516 0.556 0.57 0.532 0.534
0.334 0.276 0.226 0.226 0.194 0.162 0.136 0.112 0.086 0.052 0.086
0.036 0.036 0.02 0.03 0.014 0.014 0.024 0.004 0.004 0.004 0.002
0.258 0.262 0.204 0.162 0.144 0.112 0.11 0.054 0.056 0.036 0.02
0.082 0.092 0.084 0.098 0.078 0.094 0.104 0.092 0.088 0.066 0.042
0.582 0.594 0.564 0.444 0.426 0.358 0.362 0.324 0.278 0.296 0.254
0.09 0.092 0.098 0.076 0.062 0.046 0.036 0.022 0.014 0 0
0.26 0.232 0.212 0.168 0.16 0.14 0.104 0.07 0.054 0.032 0.028
0.06 0.072 0.092 0.08 0.066 0.058 0.036 0.034 0.01 0.012 0.012
0.188 0.226 0.226 0.218 0.226 0.24 0.258 0.29 0.282 0.32 0.326
0.332 0.29 0.284 0.286 0.236 0.236 0.206 0.176 0.18 0.136 0.138
0.048 0.042 0.034 0.024 0.02 0.024 0.02 0.008 0.008 0.012 0.008
0.17 0.158 0.156 0.14 0.146 0.09 0.124 0.086 0.056 0.054 0.042
0.164 0.216 0.218 0.25 0.268 0.346 0.334 0.336 0.394 0.388 0.414
0.646 0.652 0.67 0.624 0.64 0.64 0.612 0.604 0.572 0.574 0.568
0.128 0.118 0.152 0.148 0.192 0.196 0.234 0.27 0.344 0.366 0.388
0.34 0.346 0.328 0.31 0.302 0.288 0.216 0.238 0.226 0.24 0.228
0.234 0.194 0.21 0.226 0.288 0.23 0.276 0.276 0.294 0.226 0.202
0.172 0.146 0.144 0.162 0.18 0.164 0.114 0.092 0.096 0.074 0.088
0.034 0.028 0.024 0.026 0.02 0.038 0.024 0.022 0.014 0.006 0.014
0.562 0.5 0.474 0.412 0.346 0.31 0.23 0.224 0.192 0.182 0.188
0.008 0.006 0.008 0.002 0.004 0 0 0.002 0 0 0
0.04 0.022 0.016 0.008 0.008 0.006 0.002 0 0 0 0
0.018 0.03 0.016 0.008 0.01 0.008 0 0 0 0 0
0.536 0.53 0.498 0.472 0.466 0.364 0.316 0.33 0.266 0.26 0.196
0.3 0.286 0.284 0.358 0.41 0.454 0.494 0.552 0.586 0.626 0.636
0.574 0.6 0.592 0.586 0.592 0.588 0.594 0.618 0.568 0.586 0.604
0.004 0.01 0.012 0.014 0.01 0.002 0.006 0 0.004 0.002 0
0.38 0.402 0.394 0.396 0.454 0.492 0.52 0.56 0.528 0.602 0.58
0.24 0.228 0.19 0.164 0.124 0.112 0.094 0.072 0.052 0.028 0.022
0.318 0.312 0.27 0.218 0.26 0.202 0.268 0.28 0.308 0.3 0.312
0.208 0.22 0.186 0.19 0.136 0.142 0.08 0.092 0.072 0.052 0.046
0.216 0.174 0.13 0.126 0.104 0.09 0.078 0.052 0.024 0.02 0.016
0.404 0.42 0.368 0.372 0.32 0.284 0.264 0.228 0.25 0.25 0.202
0.132 0.15 0.134 0.132 0.122 0.138 0.116 0.124 0.108 0.086 0.07
0.41 0.39 0.388 0.356 0.342 0.318 0.324 0.294 0.238 0.232 0.214
0.016 0.016 0.014 0.004 0.024 0.01 0.016 0.012 0.004 0.002 0
0.342 0.376 0.382 0.39 0.422 0.394 0.378 0.394 0.408 0.44 0.396
0.042 0.044 0.048 0.042 0.05 0.044 0.042 0.036 0.05 0.042 0.028
0.072 0.056 0.06 0.03 0.026 0.042 0.03 0.042 0.032 0.028 0.02
0.008 0 0 0 0.002 0.006 0.002 0.006 0.002 0.002 0
0.368 0.354 0.378 0.34 0.406 0.352 0.338 0.334 0.31 0.364 0.33
0.064 0.036 0.04 0.026 0.012 0.014 0 0.004 0 0 0
0.02 0.024 0.02 0.014 0.01 0.02 0.012 0.01 0.014 0.018 0.01
0.126 0.106 0.144 0.188 0.22 0.252 0.292 0.31 0.366 0.386 0.412
0.026 0.016 0.016 0.016 0.008 0.006 0.01 0.01 0.002 0.002 0
0.272 0.24 0.28 0.26 0.266 0.316 0.31 0.332 0.322 0.394 0.372
0.048 0.024 0.014 0.018 0.018 0.004 0.004 0.002 0.002 0 0.002
0.038 0.04 0.028 0.036 0.032 0.018 0.022 0.026 0.01 0.01 0.012
0.042 0.042 0.07 0.034 0.034 0.044 0.034 0.046 0.064 0.036 0.022
