0.006 0.012
0.146 0.154
0 0.002
0 0.002
0.232 0.236
0.01 0.002
0.108 0.108
0.098 0.126
0.036 0.024
0.016 0.022
0.168 0.086
0.046 0.048
0.002 0.002
0.07 0.056
0.23 0.206
0.354 0.336
0.06 0.042
0.006 0.008
0.022 0.02
0.094 0.108
0.056 0.036
0.08 0.09
0.01 0.004
0.402 0.36
0.24 0.17
0.238 0.21
0.056 0.038
0.034 0.048
0.558 0.566
0.064 0.044
0.314 0.29
0.054 0.058
0.234 0.264
0.036 0.026
0.018 0.016
0.016 0.014
0.49 0.488
0.3 0.254
0.248 0.246
0.022 0.014
0.008 0.006
0.156 0.186
0.048 0.044
0.012 0.014
0.276 0.316
0.01 0.006
0.006 0.004
0.426 0.48
0 0
0.002 0
0.032 0.06
0.06 0.036
0 0.012
0.27 0.298
0.262 0.308
0.188 0.244
0.038 0.06
0.23 0.224
0.23 0.242
0.004 0.002
0.034 0.032
0.03 0.042
0.004 0.016
0.094 0.076
0 0
0.062 0.06
0.184 0.22
0.056 0.064
0.004 0.002
0.108 0.108
0.066 0.078
0.008 0.004
0.02 0.04
0.004 0
0.012 0.012
0.004 0.004
0.056 0.082
0.014 0.012
0.004 0.004
0.138 0.16
0.016 0.008
0.036 0.032
0.158 0.196
0.336 0.33
0.25 0.236
0.082 0.072
0.002 0.002
0.112 0.086
0.06 0.054
0.166 0.098
0.012 0.008
0.068 0.066
0.032 0.016
0.254 0.298
0.098 0.104
0.006 0.006
0.24 0.28
0.226 0.172
0.032 0.004
0.074 0.066
0.232 0.184
0.146 0.13
0.044 0.042
0.02 0.042
0.124 0.112
0 0
0.002 0
0 0
0.096 0.09
0.332 0.356
0.512 0.51
0 0
0.306 0.276
0.1 0.042
0.354 0.324
0.044 0.054
0.106 0.11
0.164 0.142
0.042 0.03
0.196 0.218
0.014 0.004
0.156 0.21
0.068 0.068
0.008 0.01
0.006 0.004
0.198 0.192
0.002 0.01
0.008 0.004
0.024 0.038
0.172 0.206
0.006 0
0.19 0.222
0.004 0.002
0.016 0.01
0.01 0.016
