0.8188976 0.7637795
0.2184874 0.2184874
0.8487395 0.8907563
0.8235294 0.7478992
0.1271186 0.1694915
0.909836 0.8606557
0.3508772 0.4473684
0.3389831 0.2711864
0.6311475 0.6885246
0.5701754 0.745614
0.1271186 0.1779661
0.779661 0.7627119
0.8015873 0.8333333
0.5983607 0.5983607
0.2192982 0.2456140
0.04918033 0.1065574
0.4067797 0.4152542
0.7017544 0.745614
0.6722689 0.5462185
0.4705882 0.4033613
0.5078125 0.5
0.2314050 0.1900826
0.8677686 0.7520661
0.05263158 0.01754386
0.2857143 0.3277311
0.3471074 0.3057851
0.3613445 0.4285714
0.7244094 0.6771654
0 0.02479339
0.3730159 0.3650794
0.07563025 0.06722689
0.3700787 0.480315
0.0661157 0.03305785
0.647541 0.704918
0.5847458 0.5847458
0.6890756 0.7563025
0.05785124 0.03305785
0.1404959 0.1322314
0.1587302 0.1904762
0.8157895 0.745614
0.7394958 0.7478992
0.3801653 0.2727273
0.34375 0.359375
0.7815126 0.6134454
0.01639344 0.01639344
0.4561404 0.5877193
0.7815126 0.7142857
0.08403361 0.07563025
0.885965 0.8596491
0.885965 0.8596491
0.5084746 0.4491525
0.5 0.4491525
0.6033058 0.6115702
0.09375 0.0703125
0.1190476 0.1111111
0.4117647 0.3445378
0.4297521 0.3140496
0.3596491 0.5350877
0.4453782 0.3361345
0.909836 0.8606557
0.622807 0.6140351
0.6033058 0.4628099
0.785124 0.7438017
0.3070175 0.4561404
0.8677686 0.876033
0.3223140 0.2727273
0.279661 0.2372881
0.4140625 0.359375
0.8235294 0.7478992
0.2644628 0.2809917
0.503937 0.4488189
0.8898305 0.838983
0.6218487 0.6554622
0.745614 0.745614
0.6218487 0.697479
0.8235294 0.8319328
0.3070175 0.3684211
0.7131148 0.7786885
0.8157895 0.745614
0.1983471 0.1983471
0.6491228 0.6754386
0.5905512 0.5354331
0.1652893 0.1652893
0.05042017 0.07563025
0.1754386 0.1754386
0.394958 0.4537815
0.8015873 0.8333333
0.3529412 0.394958
0.4958678 0.3636364
0.1900826 0.2809917
0.8571429 0.815126
0.5546218 0.5462185
0.6403509 0.6140351
0.1328125 0.1015625
0.3801653 0.3471074
0.885965 0.8596491
0.0661157 0.08264463
0.2777778 0.2222222
0.7131148 0.704918
0.4545455 0.3966942
0.2118644 0.220339
0.3464567 0.3464567
0.5078125 0.5
0.7272727 0.6528926
0.3305085 0.3559322
0.8487395 0.8907563
0.8898305 0.838983
0.8487395 0.8907563
0.3140496 0.2975207
0.008196721 0.008196721
0.007936508 0.007936508
0.8677686 0.8677686
0.1732283 0.1496063
0.4262295 0.5737705
0.1101695 0.1355932
0.4453782 0.4285714
0.4705882 0.4033613
0.3606557 0.352459
0.6186441 0.6440678
0.1953125 0.140625
0.8968254 0.8333333
0.2372881 0.220339
0.4285714 0.4537815
0.7017544 0.745614
0.8898305 0.838983
0.2605042 0.2436975
0.8188976 0.7637795
0.8015873 0.8333333
0.6859504 0.6528926
0.2314050 0.1652893
0.8571429 0.815126
0.1140351 0.09649123
0.8677686 0.8677686
0.909836 0.8606557
0.6890756 0.7058824
