0.766129 0.7983871
0.312 0.296
0.9032258 0.8709677
0.7741935 0.7096774
0.1818182 0.1487603
0.945946 0.90991
0.3070175 0.3245614
0.4824561 0.4122807
0.7027027 0.6666667
0.75 0.7903226
0.1157025 0.1983471
0.5645161 0.5564516
0.8421053 0.8245614
0.5585586 0.5495495
0.3225806 0.3467742
0.04385965 0.02631579
0.536 0.544
0.6694215 0.5950413
0.7927928 0.6936937
0.4596774 0.4919355
0.5 0.5087719
0.483871 0.4758065
0.766129 0.7258065
0.104 0.112
0.1157025 0.1983471
0.2631579 0.2456140
0.4628099 0.3801653
0.6935484 0.5887097
0 0
0.338843 0.4297521
0.07438017 0.04958678
0.336 0.408
0.032 0.016
0.6140351 0.7105263
0.8387097 0.7258065
0.6403509 0.6491228
0.04032258 0.02419355
0.1129032 0.1774194
0.1157025 0.1157025
0.712 0.672
0.7024793 0.8181818
0.336 0.248
0.4596774 0.3467742
0.8828829 0.8288288
0.08108108 0.0990991
0.5725806 0.6532258
0.8888889 0.8333333
0.064 0.048
0.8548387 0.7983871
0.88 0.888
0.7301587 0.6428571
0.3951613 0.4435484
0.6140351 0.5789474
0.0483871 0.0483871
0.08264463 0.0909091
0.16 0.192
0.5483871 0.5483871
0.2066116 0.1983471
0.1818182 0.1735537
0.8387097 0.7903226
0.6033058 0.6528926
0.5877193 0.5438596
0.8225806 0.6451613
0.3305785 0.446281
0.9193548 0.8790323
0.4324324 0.3873874
0.2096774 0.25
0.5225225 0.3963964
0.8064516 0.7983871
0.2539683 0.3095238
0.4380165 0.4958678
0.8888889 0.8333333
0.6140351 0.5526316
0.8918919 0.6936937
0.7222222 0.6746032
0.9193548 0.8790323
0.4210526 0.3333333
0.7936508 0.7539683
0.7807018 0.7719298
0.2063492 0.2063492
0.677686 0.768595
0.6306306 0.6126126
0.04132231 0.04958678
0.032 0.016
0.1818182 0.2396694
0.3783784 0.3333333
0.8918919 0.8288288
0.4210526 0.3596491
0.5950413 0.553719
0.2192982 0.2192982
0.8421053 0.8245614
0.5 0.5964912
0.688 0.568
0.1129032 0.0967742
0.4864865 0.5675676
0.9032258 0.8709677
0.08108108 0.1261261
0.288 0.336
0.5289256 0.5123967
0.5438596 0.5526316
0.1818182 0.1652893
0.3095238 0.3095238
0.5877193 0.5701754
0.7387387 0.6666667
0.3783784 0.3693694
0.88 0.888
0.945946 0.90991
0.8421053 0.8245614
0.408 0.512
0.1157025 0.09917355
0.008 0.016
0.8918919 0.90991
0.02419355 0.02419355
0.3790323 0.3951613
0.1441441 0.1621622
0.3966942 0.4380165
0.3603604 0.3333333
0.2661290 0.2338710
0.432 0.352
0.1428571 0.1904762
0.8421053 0.7719298
0.1891892 0.1621622
0.5867769 0.3801653
0.6446281 0.768595
0.7768595 0.7107438
0.16 0.264
0.9032258 0.8709677
0.7927928 0.90991
0.7927928 0.8288288
0.3225806 0.2661290
0.892562 0.8181818
0.1129032 0.1048387
0.88 0.784
0.752 0.712
0.6216216 0.6306306
