0.012 0.006
0.286 0.254
0 0
0.006 0.006
0.268 0.212
0.002 0
0.08 0.052
0.134 0.142
0.03 0.008
0.024 0.012
0.3 0.214
0.044 0.044
0.006 0.004
0.062 0.036
0.11 0.108
0.422 0.394
0.06 0.032
0.006 0
0.012 0.03
0.056 0.084
0.056 0.062
0.112 0.074
0.006 0.012
0.458 0.432
0.228 0.216
0.182 0.166
0.066 0.078
0.018 0.026
0.53 0.53
0.094 0.082
0.368 0.376
0.13 0.076
0.316 0.31
0.022 0.016
0.016 0.012
0.014 0.022
0.494 0.492
0.182 0.18
0.286 0.278
0.012 0.01
0.01 0.004
0.142 0.196
0.026 0.034
0.014 0.004
0.376 0.392
0.058 0.052
0.006 0.006
0.434 0.454
0.002 0.002
0 0.004
0.02 0.028
0.056 0.054
0.03 0.03
0.382 0.478
0.326 0.37
0.14 0.114
0.086 0.078
0.238 0.196
0.246 0.288
0.008 0.006
0.038 0.042
0.018 0.022
0.004 0
0.108 0.084
0 0
0.076 0.084
0.224 0.206
0.12 0.114
0.012 0.008
0.27 0.172
0.12 0.074
0.004 0.004
0.036 0.046
0.01 0.008
0.026 0.026
0 0
0.076 0.08
0.008 0.01
0.02 0.022
0.204 0.22
0.022 0.028
0.03 0.044
0.366 0.352
0.386 0.336
0.176 0.184
0.124 0.136
0.004 0
0.054 0.048
0.046 0.066
0.182 0.118
0.02 0.002
0.062 0.024
0.028 0.026
0.248 0.346
0.084 0.044
0.006 0
0.312 0.334
0.22 0.182
0.018 0.02
0.072 0.074
0.22 0.212
0.102 0.108
0.034 0.026
0.008 0.008
0.122 0.14
0 0.002
0 0
0 0
0.118 0.094
0.428 0.454
0.572 0.558
0 0.002
0.242 0.292
0.06 0.05
0.292 0.268
0.05 0.044
0.17 0.162
0.114 0.108
0.018 0.038
0.316 0.228
0.01 0.002
0.096 0.086
0.074 0.084
0.006 0.014
0.002 0.01
0.178 0.146
0.002 0.002
0.004 0
0.012 0.016
0.118 0.128
0.002 0
0.436 0.474
0 0.004
0 0.004
0.018 0.018
