0.795082 0.7459016
0.2295082 0.2459016
0.8016529 0.8264463
0.6410256 0.6837607
0.09016393 0.1147541
0.898305 0.8474576
0.4710744 0.4628099
0.2644628 0.1735537
0.6115702 0.5454545
0.6779661 0.7118644
0.2561983 0.3140496
0.6837607 0.6666667
0.7966102 0.7966102
0.4793388 0.5371901
0.2881356 0.3135593
0.06299213 0.07086614
0.5950413 0.5454545
0.6147541 0.704918
0.5042735 0.4957265
0.4793388 0.5371901
0.4545455 0.5454545
0.3471074 0.4132231
0.7457627 0.8474576
0.07627119 0.06779661
0.1779661 0.2033898
0.3305085 0.3474576
0.440678 0.4237288
0.5819672 0.6147541
0 0
0.3606557 0.352459
0.07377049 0.08196721
0.484375 0.46875
0.1074380 0.04958678
0.6864407 0.6694915
0.5042735 0.4700855
0.8135593 0.7457627
0.03305785 0.04132231
0.1452991 0.1196581
0.1652893 0.1900826
0.7372881 0.661017
0.8110236 0.7874016
0.4491525 0.3644068
0.2991453 0.2478632
0.8135593 0.7118644
0.05982906 0.04273504
0.6363636 0.7107438
0.779661 0.7627119
0.05084746 0.05084746
0.8512397 0.8429752
0.8644068 0.8728814
0.7024793 0.677686
0.5042735 0.4444444
0.5983607 0.5491803
0.1818182 0.1404959
0.1818182 0.07438017
0.2479339 0.2644628
0.4273504 0.3931624
0.2049180 0.2295082
0.1452991 0.1111111
0.768595 0.7438017
0.4958678 0.5454545
0.4444444 0.3931624
0.7868852 0.7459016
0.3114754 0.4016393
0.8582677 0.8346457
0.4188034 0.3589744
0.2868852 0.2622951
0.3333333 0.3504274
0.876033 0.8347107
0.1721311 0.2295082
0.352459 0.4426230
0.8278689 0.8442623
0.6115702 0.5785124
0.892562 0.7520661
0.6779661 0.661017
0.8852459 0.8442623
0.4958678 0.4132231
0.768595 0.7438017
0.8016529 0.7520661
0.3884298 0.3140496
0.6115702 0.6115702
0.5084746 0.5169492
0.05737705 0.1229508
0.1101695 0.07627119
0.1885246 0.1885246
0.3728814 0.3728814
0.8582677 0.8346457
0.3305785 0.3305785
0.4876033 0.4628099
0.2711864 0.3135593
0.8135593 0.7033898
0.7438017 0.6446281
0.5508475 0.5847458
0.1557377 0.1393443
0.2377049 0.3114754
0.852459 0.8934426
0.1328125 0.1015625
0.2542373 0.3305085
0.5819672 0.557377
0.5327869 0.4918033
0.1818182 0.1652893
0.3543307 0.3464567
0.6363636 0.5867769
0.8196721 0.6885246
0.2735043 0.2991453
0.8582677 0.8346457
0.8359375 0.828125
0.8359375 0.828125
0.446281 0.5785124
0.05084746 0.02542373
0.008264463 0.008264463
0.892562 0.8264463
0.08474576 0.07627119
0.5042735 0.5384615
0.1101695 0.1271186
0.5982906 0.5384615
0.3333333 0.2991453
0.4049587 0.3305785
0.5084746 0.5423729
0.2627119 0.2288136
0.8359375 0.828125
0.1949153 0.1694915
0.5950413 0.5123967
0.7190083 0.6694215
0.7881356 0.7118644
0.2231405 0.2066116
0.7024793 0.8347107
0.8852459 0.8442623
0.7457627 0.7457627
0.2868852 0.2704918
0.8359375 0.828125
0.09322034 0.05932203
0.8110236 0.7952756
0.6752137 0.7606838
0.7086614 0.6850394
