0.008 0.008
0.218 0.236
0.002 0
0.024 0.034
0.244 0.23
0.002 0
0.094 0.07
0.102 0.162
0.026 0.032
0.02 0.018
0.18 0.118
0.062 0.058
0.016 0.016
0.03 0.026
0.056 0.034
0.45 0.432
0.048 0.04
0.02 0.014
0.008 0.006
0.04 0.07
0.026 0.028
0.084 0.078
0.004 0
0.128 0.11
0.266 0.254
0.202 0.208
0.05 0.064
0.024 0.018
0.654 0.69
0.032 0.026
0.322 0.338
0.052 0.02
0.324 0.344
0.02 0.024
0.006 0.016
0.03 0.024
0.466 0.452
0.212 0.236
0.232 0.222
0.032 0.026
0 0.006
0.112 0.172
0.02 0.032
0.016 0.018
0.336 0.324
0.024 0.034
0.002 0.01
0.406 0.432
0 0
0 0.002
0.022 0.03
0.05 0.048
0.002 0.002
0.498 0.488
0.298 0.338
0.034 0.048
0.036 0.032
0.194 0.158
0.36 0.368
0.014 0.01
0.036 0.02
0.064 0.044
0.006 0.004
0.108 0.068
0.002 0
0.05 0.096
0.134 0.142
0.116 0.116
0.014 0.01
0.192 0.15
0.054 0.056
0.002 0.004
0 0
0.018 0.014
0.018 0.008
0 0.002
0.044 0.044
0.02 0.02
0.004 0.002
0.252 0.288
0.01 0.02
0.03 0.028
0.476 0.492
0.334 0.336
0.238 0.194
0.084 0.086
0.004 0.006
0.11 0.078
0.038 0.024
0.328 0.246
0.008 0.002
0.124 0.092
0.036 0.032
0.172 0.214
0.2 0.164
0.002 0.004
0.27 0.278
0.18 0.144
0.024 0.016
0.024 0.02
0.04 0.072
0.094 0.082
0.052 0.04
0.018 0.018
0.12 0.124
0 0
0.002 0
0 0
0.128 0.084
0.466 0.524
0.606 0.58
0 0
0.186 0.262
0.094 0.066
0.336 0.322
0.042 0.036
0.142 0.154
0.104 0.11
0.082 0.086
0.31 0.264
0.002 0.002
0.2 0.202
0.072 0.062
0.004 0.012
0.004 0.004
0.154 0.148
0 0
0.01 0
0.002 0.002
0.128 0.118
0.004 0.004
0.294 0.342
0.004 0.006
0.012 0.008
0.038 0.03
