0.004 0.004
0.132 0.12
0.006 0.006
0.012 0.008
0.272 0.206
0.004 0
0.124 0.104
0.128 0.146
0.022 0.024
0.016 0.012
0.146 0.176
0.004 0.01
0.004 0
0.036 0.036
0.162 0.142
0.386 0.334
0.05 0.04
0.012 0.01
0.008 0.02
0.04 0.036
0.068 0.036
0.086 0.088
0 0.002
0.378 0.356
0.212 0.162
0.238 0.184
0.076 0.072
0.006 0.02
0.658 0.66
0.092 0.134
0.34 0.326
0.086 0.058
0.164 0.236
0.034 0.02
0.012 0.014
0.024 0.026
0.51 0.536
0.206 0.2
0.21 0.204
0.008 0.004
0.01 0.006
0.218 0.234
0.048 0.076
0.014 0.016
0.362 0.392
0.08 0.064
0.008 0
0.364 0.378
0.002 0
0 0
0.002 0.002
0.042 0.052
0.026 0.04
0.38 0.458
0.3 0.328
0.07 0.074
0.026 0.042
0.226 0.218
0.252 0.226
0.008 0
0.044 0.016
0.068 0.084
0.02 0.002
0.13 0.074
0 0
0.072 0.054
0.236 0.23
0.054 0.08
0.006 0.008
0.234 0.196
0.044 0.022
0.004 0
0.014 0.026
0.004 0.002
0.006 0.008
0.008 0.008
0.044 0.074
0.008 0.01
0.02 0.02
0.218 0.238
0.026 0.022
0.04 0.044
0.332 0.314
0.392 0.362
0.204 0.186
0.084 0.078
0.008 0.004
0.08 0.068
0.036 0.054
0.24 0.184
0.02 0.014
0.06 0.042
0.058 0.048
0.282 0.266
0.094 0.07
0.004 0
0.296 0.316
0.186 0.138
0.044 0.014
0.074 0.056
0.176 0.148
0.094 0.086
0.01 0.012
0.016 0.02
0.134 0.088
0 0.002
0 0
0 0.002
0.044 0.046
0.45 0.518
0.55 0.556
0 0
0.138 0.132
0.03 0.042
0.33 0.308
0.086 0.046
0.176 0.142
0.146 0.118
0.018 0.032
0.268 0.268
0 0.004
0.112 0.118
0.038 0.042
0.016 0.002
0.01 0.01
0.144 0.152
0.002 0.004
0.008 0
0.018 0.024
0.158 0.162
0 0.004
0.284 0.308
0.006 0
0.002 0.004
0.028 0.04
