0.768116 0.7753623 0.7971014 0.6956522 0.5942029 0.6231884 0.6231884 0.6521739 0.6304348 0.6449275 0.6594203
0.2558140 0.3178295 0.372093 0.3798450 0.4496124 0.5116279 0.5193798 0.5271318 0.5193798 0.5503876 0.5348837
0.6899225 0.7209302 0.7674419 0.8294574 0.8449612 0.8062016 0.7364341 0.6976744 0.5968992 0.6046512 0.6356589
0.7664234 0.7591241 0.7080292 0.729927 0.729927 0.5912409 0.5693431 0.5620438 0.5985401 0.6058394 0.5255474
0.1317829 0.124031 0.124031 0.02325581 0.02325581 0.03875969 0.03100775 0.05426357 0.04651163 0.02325581 0.03100775
0.9852941 0.9558824 0.9852941 0.992647 1 0.9191176 0.9852941 0.9779412 0.9852941 0.9779412 0.9485294
0.3100775 0.3333333 0.4108527 0.3875969 0.3798450 0.3798450 0.2713178 0.2558140 0.2713178 0.2945736 0.3333333
0.3602941 0.4264706 0.4485294 0.5073529 0.4852941 0.4779412 0.4632353 0.375 0.4411765 0.4117647 0.4705882
0.5338346 0.5263158 0.5488722 0.593985 0.6766917 0.7067669 0.6992481 0.7067669 0.6691729 0.7368421 0.7218045
0.4 0.4740741 0.5777778 0.5407407 0.562963 0.5555556 0.5481481 0.5111111 0.5481481 0.5851852 0.5703704
0.632353 0.632353 0.7132353 0.8382353 0.8308824 0.7647059 0.5735294 0.6691176 0.5588235 0.5735294 0.5735294
0.03649635 0.1824818 0.2408759 0.2408759 0.2554745 0.270073 0.2992701 0.2846715 0.2335766 0.2335766 0.2481752
0.5658915 0.5193798 0.5116279 0.5426357 0.5426357 0.5891473 0.6589147 0.5813953 0.5503876 0.5658915 0.5736434
0.7753623 0.789855 0.7971014 0.7028986 0.6956522 0.6304348 0.6956522 0.6811594 0.6811594 0.6594203 0.6594203
0.3768116 0.3913043 0.3913043 0.4637681 0.4347826 0.4927536 0.3550725 0.3623188 0.3913043 0.4202899 0.4565217
0.1594203 0.07971014 0.02898551 0.02898551 0.02898551 0.03623188 0.04347826 0.04347826 0.02898551 0.02898551 0.02173913
0.2101449 0.2028986 0.1956522 0.2028986 0.2101449 0.2463768 0.2173913 0.2173913 0.1521739 0.2246377 0.1956522
0.3235294 0.3014706 0.2205882 0.1691176 0.1544118 0.1397059 0.1764706 0.2205882 0.2426471 0.2647059 0.2573529
0.6691729 0.7293233 0.6616541 0.6541353 0.631579 0.593985 0.556391 0.5112782 0.6390977 0.6390977 0.6390977
0.5735294 0.5661765 0.5294118 0.4485294 0.4411765 0.4926471 0.5294118 0.7647059 0.625 0.6397059 0.7352941
0.6691176 0.5955882 0.5955882 0.5955882 0.5882353 0.6102941 0.6544118 0.75 0.7279412 0.6985294 0.6985294
0.3405797 0.3550725 0.4202899 0.4130435 0.4710145 0.4275362 0.4202899 0.4492754 0.4637681 0.4492754 0.3985507
0.2941176 0.2647059 0.2647059 0.2132353 0.2426471 0.2426471 0.2647059 0.2352941 0.2573529 0.2573529 0.2720588
0.9117647 0.9264706 0.8970588 0.882353 0.882353 0.882353 0.9191176 0.9044118 0.8970588 0.9338235 0.8970588
0.2058824 0.2352941 0.2647059 0.2720588 0.2647059 0.3455882 0.2794118 0.2941176 0.2794118 0.2573529 0.2867647
0.2391304 0.2536232 0.2681159 0.3043478 0.3550725 0.3768116 0.442029 0.4492754 0.4202899 0.4855072 0.4565217
0.4485294 0.4044118 0.3823529 0.3235294 0.3308824 0.3235294 0.3602941 0.3161765 0.3676471 0.3235294 0.3161765
0.5891473 0.5658915 0.5658915 0.5813953 0.6356589 0.7209302 0.744186 0.7209302 0.7209302 0.7054264 0.7054264
0.0620155 0.02325581 0.05426357 0.04651163 0.0620155 0.07751938 0.0620155 0.08527132 0.04651163 0.0620155 0.0620155
0.3777778 0.4592593 0.5777778 0.5555556 0.562963 0.5555556 0.5481481 0.5259259 0.5555556 0.5925926 0.5925926
0.07246377 0.07246377 0.07971014 0.1014493 0.08695652 0.1739130 0.1666667 0.1521739 0.0942029 0.1159420 0.0942029
0.6592593 0.6518519 0.5481481 0.4814815 0.4592593 0.4444444 0.4518519 0.4814815 0.5407407 0.5185185 0.4592593
0.6102941 0.625 0.5808824 0.6470588 0.6691176 0.7132353 0.6764706 0.7279412 0.6617647 0.6544118 0.757353
0.4492754 0.4710145 0.4057971 0.3768116 0.3333333 0.3188406 0.2971014 0.3260870 0.3768116 0.3768116 0.3405797
0.3768116 0.4565217 0.5507246 0.557971 0.5652174 0.5144928 0.4710145 0.5072464 0.4855072 0.4927536 0.4855072
0.2536232 0.1956522 0.07971014 0.05797101 0.04347826 0.05797101 0.1159420 0.1884058 0.1594203 0.2318841 0.1956522
0.1317829 0.1627907 0.1627907 0.1550388 0.1937984 0.2093023 0.2015504 0.2093023 0.1550388 0.2015504 0.2015504
0.1162791 0.1007752 0.124031 0.02325581 0.02325581 0.03875969 0.04651163 0.0620155 0.124031 0.07751938 0.05426357
0.7943262 0.7304965 0.6879433 0.7375887 0.822695 0.7234043 0.7234043 0.7588652 0.7304965 0.751773 0.7304965
0.8666667 0.874074 0.874074 0.837037 0.6888889 0.7259259 0.6740741 0.6592593 0.7111111 0.6814815 0.7185185
0.6444444 0.637037 0.5851852 0.5777778 0.6888889 0.5777778 0.6222222 0.7481481 0.7037037 0.7407407 0.6518519
0.3576642 0.4233577 0.4525547 0.4671533 0.4087591 0.4087591 0.3576642 0.3138686 0.3576642 0.3503650 0.4452555
0.5882353 0.625 0.5882353 0.6691176 0.7205882 0.7279412 0.6764706 0.6691176 0.632353 0.6544118 0.7205882
0.4117647 0.4117647 0.5367647 0.617647 0.6102941 0.632353 0.6397059 0.6764706 0.632353 0.5955882 0.7205882
0.4135338 0.3609023 0.3533835 0.3233083 0.3082707 0.3007519 0.2781955 0.2857143 0.2631579 0.2556391 0.2706767
0.4736842 0.4736842 0.3834586 0.3909774 0.4135338 0.3684211 0.406015 0.4285714 0.4360902 0.406015 0.4135338
0.8382353 0.7941176 0.7794118 0.7647059 0.8235294 0.7279412 0.7132353 0.625 0.6544118 0.625 0.625
0.8455882 0.8382353 0.8088235 0.7352941 0.8014706 0.7279412 0.7058824 0.617647 0.6691176 0.6838235 0.6470588
0.8444444 0.7777778 0.762963 0.7111111 0.7777778 0.6962963 0.8222222 0.8518519 0.8296296 0.8148148 0.7925926
0.2246377 0.2318841 0.2463768 0.2463768 0.2608696 0.2753623 0.2971014 0.2898551 0.2608696 0.2608696 0.2608696
0.03703704 0.1333333 0.1629630 0.1925926 0.1777778 0.1925926 0.2222222 0.2296296 0.2222222 0.1777778 0.1925926
0.5912409 0.5036496 0.3868613 0.3795620 0.3649635 0.3868613 0.459854 0.3941606 0.4160584 0.4306569 0.4671533
0.929078 0.9858156 0.9858156 0.9787234 0.9432624 0.9361702 0.9007092 0.9219858 0.9219858 0.9148936 0.9574468
0.9777778 0.962963 0.9851852 0.9851852 0.9185185 0.9777778 0.9851852 0.962963 0.9555556 1 0.9777778
0.7132353 0.7058824 0.6764706 0.6029412 0.5955882 0.7647059 0.625 0.7941176 0.7279412 0.7867647 0.7867647
0.8455882 0.8088235 0.6838235 0.6764706 0.7720588 0.6544118 0.8970588 0.9044118 0.9411765 0.9191176 1
0.2794118 0.3014706 0.2720588 0.3088235 0.3014706 0.2941176 0.2941176 0.2720588 0.2573529 0.2352941 0.2279412
0.5333333 0.4592593 0.3703704 0.3481481 0.2888889 0.2740741 0.2888889 0.2962963 0.3259259 0.3037037 0.2962963
0.4485294 0.4117647 0.4264706 0.4117647 0.4191176 0.375 0.3308824 0.3823529 0.3823529 0.4044118 0.4044118
0.4338235 0.4485294 0.4485294 0.5220588 0.4852941 0.4632353 0.4338235 0.375 0.4117647 0.4191176 0.4411765
0.5112782 0.3834586 0.3533835 0.3533835 0.3383459 0.3383459 0.3759398 0.406015 0.3383459 0.3308271 0.3308271
0.3503650 0.3503650 0.3357664 0.3284672 0.3576642 0.3576642 0.3430657 0.3284672 0.2992701 0.3065693 0.3211679
0.742647 0.7720588 0.7941176 0.7941176 0.8382353 0.8235294 0.7941176 0.7058824 0.6470588 0.6397059 0.625
0.751938 0.7364341 0.751938 0.7906977 0.7906977 0.6821705 0.627907 0.5271318 0.5581395 0.6046512 0.5736434
0.124031 0.1705426 0.1782946 0.2248062 0.248062 0.1937984 0.2015504 0.1472868 0.1550388 0.2713178 0.2325581
0.8913043 0.8985507 0.9057971 0.9492754 0.9782609 0.8985507 0.8623188 0.8550725 0.8623188 0.8550725 0.8695652
0.4135338 0.3684211 0.3233083 0.2932331 0.2481203 0.1804511 0.2180451 0.2481203 0.2631579 0.2105263 0.2030075
0.8195489 0.9172932 0.962406 0.924812 0.9924812 0.9323308 0.962406 0.9548872 0.9548872 0.9849624 0.9924812
0.5912409 0.5255474 0.4379562 0.4087591 0.4014599 0.3722628 0.3868613 0.4452555 0.3795620 0.3941606 0.3795620
0.3405797 0.3405797 0.3188406 0.3405797 0.3405797 0.3695652 0.4492754 0.3985507 0.3115942 0.2898551 0.3043478
0.270073 0.1897810 0.06569343 0.06569343 0.06569343 0.06569343 0.05109489 0.06569343 0.05839416 0.04379562 0.04379562
0.4782609 0.4202899 0.3985507 0.3623188 0.3768116 0.3695652 0.384058 0.3405797 0.3695652 0.3478261 0.3478261
0.9147287 0.9689922 0.8914729 0.8914729 0.9069767 0.868217 0.875969 0.868217 0.875969 0.8604651 0.8449612
0.1925926 0.1777778 0.1555556 0.1703704 0.1629630 0.2 0.2518519 0.2370370 0.2444444 0.2148148 0.2
0.5 0.4565217 0.4492754 0.4347826 0.4347826 0.3478261 0.3260870 0.3260870 0.3695652 0.3623188 0.3260870
0.9117647 0.8897059 0.9264706 0.9044118 0.8970588 0.9191176 0.9779412 0.9779412 0.9632353 0.9264706 0.9558824
0.8529412 0.8088235 0.7058824 0.6911765 0.8161765 0.7132353 0.8897059 0.8970588 0.9044118 0.9191176 1
0.8478261 0.8985507 0.8985507 0.9202899 0.942029 0.9492754 0.9057971 0.8913043 0.9130435 0.9637681 0.9130435
0.5263158 0.6240602 0.7218045 0.6090226 0.6766917 0.5639098 0.5338346 0.518797 0.5488722 0.631579 0.5338346
0.5912409 0.7226277 0.7883212 0.8029197 0.8321168 0.7153285 0.7883212 0.6861314 0.5985401 0.5912409 0.6423358
0.01470588 0.1323529 0.2058824 0.2205882 0.2058824 0.2132353 0.1985294 0.1838235 0.1911765 0.2205882 0.1985294
0.7851852 0.7037037 0.6888889 0.6148148 0.7259259 0.637037 0.6074074 0.7333333 0.6592593 0.6814815 0.6148148
0.3925926 0.4444444 0.5481481 0.4666667 0.5555556 0.5481481 0.5407407 0.4518519 0.4740741 0.5481481 0.5555556
0.4360902 0.3684211 0.406015 0.3082707 0.2781955 0.2330827 0.2556391 0.2706767 0.3082707 0.2556391 0.2255639
0.7368421 0.7293233 0.6090226 0.593985 0.5413534 0.5488722 0.5488722 0.5263158 0.6541353 0.6390977 0.6240602
0.2558140 0.2868217 0.2635659 0.2248062 0.1860465 0.08527132 0.1627907 0.2248062 0.2713178 0.2713178 0.2558140
0.2647059 0.2352941 0.08088235 0.05882353 0.05147059 0.07352941 0.4044118 0.4411765 0.4411765 0.4632353 0.4558824
0.3405797 0.3768116 0.4637681 0.4130435 0.5434783 0.5217391 0.4782609 0.4637681 0.3768116 0.4202899 0.4130435
0.7659574 0.7588652 0.7304965 0.7234043 0.6595745 0.6666667 0.5531915 0.5460993 0.5602837 0.5815603 0.5602837
0.03875969 0.01550388 0.05426357 0.0620155 0.09302326 0.1085271 0.1007752 0.07751938 0.09302326 0.09302326 0.06976744
0.3576642 0.3284672 0.2919708 0.2554745 0.3065693 0.3138686 0.2992701 0.2846715 0.2627737 0.2335766 0.270073
0.07352941 0.1176471 0.1544118 0.1617647 0.1764706 0.1617647 0.1323529 0.1176471 0.1176471 0.1102941 0.125
0.5177305 0.6099291 0.6170213 0.6524823 0.6099291 0.6524823 0.7021277 0.6737589 0.5673759 0.5531915 0.5390071
0.2127660 0.1985816 0.06382979 0.07092199 0.08510638 0.09929078 0.07801418 0.07092199 0.07092199 0.05673759 0.05673759
0.4264706 0.5588235 0.5294118 0.6102941 0.625 0.617647 0.742647 0.5808824 0.75 0.7132353 0.8014706
0.2556391 0.2631579 0.2330827 0.1954887 0.1203008 0.09774436 0.1127820 0.1278195 0.1278195 0.1503759 0.1353383
0.7608696 0.7971014 0.8768116 0.9057971 0.9347826 0.9275362 0.8985507 0.9130435 0.9202899 0.884058 0.9275362
0.2335766 0.3065693 0.3430657 0.3576642 0.459854 0.4817518 0.4744526 0.4817518 0.5036496 0.5182482 0.5036496
0.07518797 0.03759398 0.06015038 0.08270677 0.09022556 0.09774436 0.07518797 0.09022556 0.1127820 0.1428571 0.1353383
0.04347826 0.07971014 0.1086957 0.1376812 0.1811594 0.1304348 0.1594203 0.2101449 0.1086957 0.0942029 0.03623188
0.9057971 0.9130435 0.9347826 0.9782609 0.942029 0.9275362 0.9130435 0.9057971 0.8768116 0.8913043 0.8985507
0.125 0.1911765 0.2205882 0.2205882 0.2352941 0.2279412 0.1838235 0.1911765 0.2058824 0.2352941 0.1911765
0.9705882 0.875 0.867647 0.8602941 0.8529412 0.867647 0.8455882 0.8382353 0.8308824 0.8382353 0.8529412
0.556391 0.5112782 0.481203 0.4887218 0.3759398 0.3684211 0.4135338 0.3984962 0.3909774 0.3082707 0.3308271
0.6434109 0.6511628 0.6356589 0.5968992 0.6589147 0.5891473 0.5426357 0.5271318 0.5658915 0.5581395 0.5348837
0.3481481 0.3185185 0.2888889 0.2814815 0.2814815 0.2444444 0.2740741 0.2740741 0.2444444 0.2074074 0.2074074
0.839416 0.810219 0.7518248 0.7445255 0.7518248 0.6058394 0.5985401 0.6423358 0.6788321 0.6277372 0.6058394
0.1240876 0.1240876 0.08029197 0.08759124 0.0729927 0.06569343 0.0729927 0.08759124 0.0729927 0.06569343 0.05109489
0.9117647 0.8382353 0.8529412 0.8308824 0.757353 0.7941176 0.7867647 0.7352941 0.8602941 0.875 0.9044118
0.4057971 0.3985507 0.4130435 0.4275362 0.4275362 0.4855072 0.557971 0.5072464 0.4347826 0.4492754 0.4492754
0.4822695 0.4184397 0.4468085 0.4468085 0.4751773 0.4255319 0.3971631 0.4042553 0.3971631 0.4255319 0.3617021
0.3410853 0.3565891 0.4263566 0.4883721 0.4806202 0.4418605 0.4031008 0.3410853 0.3798450 0.4108527 0.3798450
0.7463768 0.6956522 0.615942 0.6811594 0.6594203 0.7463768 0.7608696 0.8405797 0.8115942 0.7536232 0.789855
0.1278195 0.1654135 0.2330827 0.2481203 0.2481203 0.2330827 0.2406015 0.2255639 0.2406015 0.2180451 0.2180451
0.3161765 0.3088235 0.2205882 0.1764706 0.1691176 0.1764706 0.2941176 0.3308824 0.3235294 0.3382353 0.3823529
0.3233083 0.3533835 0.3082707 0.3082707 0.3082707 0.3458647 0.5338346 0.6240602 0.556391 0.6842105 0.6842105
0.3897059 0.4632353 0.5073529 0.5294118 0.5441176 0.4852941 0.4558824 0.3897059 0.4264706 0.5 0.4926471
0.8382353 0.882353 0.882353 0.882353 0.867647 0.875 0.9117647 0.882353 0.875 0.875 0.8382353
0.2205882 0.2279412 0.2352941 0.2279412 0.2205882 0.1911765 0.1470588 0.1691176 0.1764706 0.1985294 0.1544118
0.8529412 0.882353 0.9338235 0.9558824 0.9779412 0.9852941 0.9632353 0.9705882 0.9779412 0.9705882 0.9264706
0.9851852 0.9925926 1 0.9851852 0.9407407 0.9777778 0.9777778 0.962963 0.9777778 1 0.925926
0.867647 0.882353 0.882353 0.8602941 0.9117647 0.9117647 0.9558824 0.9338235 0.9632353 0.882353 0.9117647
0.007352941 0.02941176 0.1102941 0.1397059 0.125 0.1176471 0.07352941 0.06617647 0.07352941 0.1176471 0.1029412
0.6666667 0.5891473 0.620155 0.7906977 0.744186 0.8294574 0.7984496 0.8294574 0.8062016 0.7596899 0.7751938
0.4108527 0.4031008 0.2945736 0.2403101 0.1395349 0.06976744 0.1550388 0.2248062 0.2093023 0.1705426 0.2015504
0.06015038 0.1428571 0.1729323 0.1729323 0.1804511 0.1879699 0.1428571 0.1278195 0.1127820 0.1428571 0.1503759
0.6985294 0.7132353 0.7279412 0.7867647 0.7941176 0.6102941 0.5808824 0.5808824 0.632353 0.5735294 0.625
0.6985294 0.757353 0.6764706 0.7941176 0.8308824 0.8455882 0.867647 0.8382353 0.8308824 0.8308824 0.867647
0.3478261 0.3478261 0.3333333 0.3260870 0.3188406 0.3188406 0.3188406 0.2971014 0.3478261 0.3043478 0.2971014
0.3985507 0.4347826 0.4202899 0.5362319 0.4565217 0.5362319 0.4927536 0.4710145 0.442029 0.4710145 0.5
0.2093023 0.2170543 0.1782946 0.1550388 0.1782946 0.2015504 0.2015504 0.2093023 0.2093023 0.2093023 0.2093023
0.3233083 0.3609023 0.3609023 0.3609023 0.3383459 0.3684211 0.2932331 0.2781955 0.3308271 0.3533835 0.3684211
0.2558140 0.2945736 0.3333333 0.3875969 0.4108527 0.3333333 0.3100775 0.2790698 0.2868217 0.3565891 0.3100775
0.0729927 0.1167883 0.05109489 0.05109489 0.05839416 0.05839416 0.06569343 0.05109489 0.05109489 0.04379562 0.03649635
0.6444444 0.637037 0.5777778 0.5777778 0.5333333 0.5481481 0.5777778 0.6 0.6592593 0.6 0.5925926
0.1276596 0.1560284 0.1631206 0.1702128 0.2056738 0.2056738 0.1985816 0.1985816 0.2056738 0.1985816 0.1843972
0.1954887 0.1503759 0.1729323 0.1879699 0.1804511 0.1804511 0.1503759 0.1278195 0.1879699 0.1729323 0.1654135
0.7205882 0.6691176 0.617647 0.6544118 0.7279412 0.6544118 0.6764706 0.6838235 0.6617647 0.6838235 0.742647
0.4042553 0.3687943 0.3617021 0.3475177 0.3191489 0.3333333 0.3333333 0.3475177 0.3049645 0.3617021 0.3049645
0.3185185 0.2888889 0.2740741 0.3037037 0.3185185 0.3555556 0.3703704 0.3333333 0.3259259 0.3703704 0.3555556
0.839416 0.7445255 0.7518248 0.6715328 0.6277372 0.7226277 0.8175182 0.8029197 0.8321168 0.839416 0.7810219
0.2426471 0.2647059 0.2794118 0.3529412 0.3676471 0.3970588 0.4117647 0.4411765 0.4558824 0.5 0.4632353
0.6449275 0.5942029 0.5507246 0.5362319 0.5434783 0.5434783 0.7028986 0.731884 0.6811594 0.7028986 0.8115942
0.4573643 0.4418605 0.4418605 0.4186047 0.4418605 0.4496124 0.372093 0.3565891 0.4108527 0.4186047 0.4031008
0.02941176 0.1323529 0.1764706 0.2058824 0.2205882 0.1911765 0.1764706 0.1544118 0.1544118 0.1691176 0.1617647
0.9338235 0.9411765 0.9264706 0.9117647 0.9117647 0.9779412 0.9191176 0.9191176 0.9338235 0.8970588 0.9264706
0.6589147 0.5891473 0.5736434 0.6821705 0.6821705 0.744186 0.7984496 0.8449612 0.8294574 0.8449612 0.8449612
0.6617647 0.5808824 0.5735294 0.5 0.4926471 0.5955882 0.5220588 0.7205882 0.5882353 0.5808824 0.6617647
0.964539 0.929078 0.9858156 0.9929078 0.964539 0.929078 0.929078 0.9078014 0.9361702 0.9858156 0.9503546
0.9264706 0.8897059 0.9264706 0.9632353 0.9852941 0.9852941 0.9852941 0.9779412 0.9779412 0.9705882 0.9632353
0.8085106 0.787234 0.7304965 0.6595745 0.5886525 0.5957447 0.5460993 0.5531915 0.5673759 0.5815603 0.5602837
