0.7716535 0.7322835
0.6031746 0.5634921
0.8934426 0.8606557
0.6833333 0.7
0.25 0.2416667
0.9 0.8583333
0.5203252 0.4471545
0.3858268 0.4094488
0.664 0.632
0.65 0.775
0.25 0.275
0.536 0.488
0.664 0.64
0.5934959 0.4715447
0.3333333 0.3089431
0.1639344 0.1311475
0.4590164 0.5
0.796748 0.8373984
0.616 0.632
0.55 0.525
0.5123967 0.5289256
0.3333333 0.3902439
0.7416667 0.85
0.2764228 0.3089431
0.125 0.15
0.45 0.4833333
0.1583333 0.1583333
0.9083333 0.7583333
0.04918033 0.008196721
0.2166667 0.2416667
0.01666667 0.025
0.125 0.1
0.7833333 0.8666667
0.632 0.632
0.8130081 0.7560976
0.1239669 0.1404959
0.1666667 0.175
0.01666667 0.05833333
0.7795276 0.7795276
0.7916667 0.8583333
0.2916667 0.3083333
0.6507937 0.5555556
0.3416667 0.3916667
0.675 0.6083333
0.05833333 0.008333333
0.45 0.525
0.553719 0.6363636
0.04918033 0.05737705
0.8897638 0.8740157
0.8916667 0.85
0.9186992 0.8373984
0.4098361 0.4344262
0.7166667 0.8583333
0.1666667 0.1666667
0.075 0.04166667
0.125 0.1
0.5123967 0.446281
0.09016393 0.1147541
0.02380952 0.007936508
0.7083333 0.8583333
0.4416667 0.5333333
0.6260163 0.5853659
0.744 0.744
0.4166667 0.5916667
0.8934426 0.8606557
0.5 0.4416667
0.2698413 0.3174603
0.325 0.3083333
0.1147541 0.09016393
0.7916667 0.6916667
0.1984127 0.1587302
0.3333333 0.4047619
0.7704918 0.7540984
0.8429752 0.768595
0.7333333 0.7166667
0.7083333 0.675
0.8429752 0.8595041
0.3333333 0.3916667
0.3719008 0.4214876
0.7416667 0.725
0.6747967 0.5853659
0.1666667 0.225
0.5 0.5333333
0.5166667 0.55
0.05511811 0.1023622
0.04878049 0.03252033
0.175 0.2083333
0.6833333 0.6333333
0.7704918 0.8606557
0.4916667 0.5416667
0.7142857 0.6269841
0.3333333 0.3166667
0.8429752 0.8595041
0.4083333 0.4083333
0.7916667 0.775
0.05737705 0.01639344
0.5 0.4833333
0.8 0.736
0.3833333 0.3916667
0.024 0.048
0.3083333 0.3583333
0.2333333 0.2666667
0.2519685 0.2755906
0.375 0.375
0.2622951 0.2622951
0.7166667 0.775
0.531746 0.531746
0.8429752 0.8595041
0.9186992 0.8373984
0.8897638 0.8740157
0.1803279 0.1885246
0.1083333 0.06666667
0.1269841 0.1031746
0.9083333 0.9083333
0.1417323 0.1102362
0.6280992 0.768595
0.125 0.1833333
0.3416667 0.45
0.4724409 0.503937
0.25 0.2333333
0.5123967 0.4049587
0.02479339 0.08264463
0.7583333 0.7833333
0.3414634 0.398374
0.5583333 0.45
0.6833333 0.775
0.7603306 0.7768595
0.175 0.2
0.888 0.864
0.875 0.8666667
0.6363636 0.6033058
0.888 0.864
0.03174603 0.03968254
0.6942149 0.768595
0.8 0.744
0.525 0.4583333
