0 0.008
0.058 0.042
0.008 0.002
0.03 0.012
0.192 0.16
0.002 0.002
0.122 0.128
0.074 0.074
0.014 0.016
0.008 0.006
0.322 0.2
0.036 0.044
0.026 0.054
0.018 0.016
0.04 0.042
0.172 0.168
0.028 0.022
0.004 0.004
0.022 0.02
0.02 0.034
0.066 0.048
0.102 0.068
0.004 0
0.19 0.15
0.32 0.316
0.082 0.038
0.322 0.366
0.026 0.02
0.236 0.25
0.164 0.168
0.468 0.524
0.254 0.262
0.002 0
0.058 0.062
0.024 0.012
0.452 0.466
0.126 0.114
0.282 0.24
0.008 0.002
0.006 0.002
0.152 0.152
0.02 0.028
0.05 0.04
0.018 0.024
0.302 0.328
0.038 0.034
0.01 0.01
0.096 0.088
0 0
0.002 0.004
0.002 0.006
0.054 0.072
0.01 0.006
0.29 0.328
0.414 0.456
0.2 0.256
0.072 0.072
0.324 0.352
0.394 0.45
0.01 0.006
0.062 0.056
0.026 0.028
0 0.006
0.072 0.056
0 0
0.062 0.072
0.04 0.038
0.122 0.116
0.138 0.162
0.01 0.012
0.198 0.186
0.08 0.072
0.01 0.004
0.004 0.002
0.008 0
0.006 0.01
0.004 0.002
0.072 0.036
0.068 0.08
0.03 0.03
0.008 0.018
0.124 0.106
0.032 0.02
0.016 0.012
0.358 0.31
0.328 0.322
0.322 0.318
0.072 0.064
0.02 0.012
0.03 0.02
0.03 0.028
0.202 0.15
0.006 0.002
0.064 0.06
0.022 0.012
0.046 0.052
0.04 0.038
0.002 0.004
0.078 0.086
0.52 0.494
0.144 0.078
0.162 0.166
0.078 0.09
0.066 0.056
0.036 0.038
0.02 0.024
0.078 0.068
0 0
0 0.002
0 0
0.134 0.134
0.42 0.432
0.484 0.46
0 0
0.342 0.404
0.036 0.008
0.33 0.284
0.09 0.112
0.134 0.134
0.082 0.082
0.088 0.09
0.314 0.308
0.004 0.002
0.106 0.062
0.06 0.062
0.018 0.014
0.004 0.002
0.23 0.238
0.004 0
0.02 0.012
0.35 0.36
0 0.002
0.134 0.1
0.002 0
0.02 0.014
0.05 0.04
