0.036 0.05
0.038 0.022
0.002 0.004
0.042 0.028
0.326 0.332
0 0
0.112 0.11
0.138 0.12
0.008 0.002
0.012 0.014
0.108 0.072
0.062 0.074
0.006 0.016
0.042 0.026
0.058 0.042
0.204 0.192
0.02 0.02
0.014 0.004
0.018 0.032
0.004 0.022
0.106 0.058
0.128 0.112
0.002 0.002
0.102 0.122
0.104 0.076
0.078 0.078
0.126 0.142
0.018 0.008
0.572 0.606
0.158 0.19
0.196 0.194
0.278 0.296
0.01 0.006
0.016 0.032
0.018 0.004
0.122 0.1
0.13 0.13
0.368 0.414
0.01 0.008
0.006 0.004
0.184 0.25
0.042 0.042
0.078 0.074
0.032 0.022
0.42 0.494
0.028 0.022
0.016 0.01
0.29 0.266
0 0
0 0
0.002 0.008
0.06 0.038
0.002 0.002
0.284 0.338
0.192 0.212
0.288 0.292
0.074 0.066
0.42 0.376
0.222 0.176
0.012 0.012
0.072 0.068
0.018 0.022
0.018 0.012
0.084 0.072
0 0
0.098 0.15
0.126 0.102
0.106 0.076
0.174 0.208
0.008 0.004
0.15 0.176
0.13 0.114
0.002 0
0.006 0.002
0.008 0.006
0.022 0.02
0.002 0
0.182 0.11
0.074 0.052
0.04 0.032
0.032 0.028
0.214 0.188
0.016 0.01
0.018 0.024
0.398 0.358
0.494 0.504
0.314 0.29
0.072 0.066
0.004 0.004
0.01 0.004
0.026 0.022
0.116 0.074
0.018 0.004
0.016 0.022
0.024 0.028
0.26 0.288
0.1 0.078
0 0
0.104 0.074
0.38 0.398
0.212 0.166
0.078 0.068
0.14 0.122
0.19 0.166
0.09 0.096
0.014 0.006
0.07 0.036
0.002 0.004
0 0
0.006 0.004
0.2 0.226
0.324 0.388
0.134 0.084
0 0.002
0.316 0.282
0.038 0.03
0.316 0.262
0.124 0.116
0.092 0.08
0.156 0.186
0.058 0.062
0.358 0.348
0.006 0.006
0.258 0.266
0.094 0.122
0.004 0.012
0.004 0.004
0.274 0.28
0 0
0.008 0.006
0.128 0.192
0.004 0
0.29 0.288
0.008 0.004
0.014 0.006
0.09 0.084
