0.014 0.012
0.07 0.074
0 0
0.018 0.02
0.36 0.324
0 0
0.126 0.12
0.102 0.092
0.012 0.018
0.014 0.01
0.116 0.078
0.062 0.074
0.006 0.008
0.034 0.016
0.174 0.172
0.292 0.266
0.036 0.032
0.01 0.008
0.018 0.04
0.056 0.038
0.06 0.036
0.048 0.058
0.01 0.002
0.19 0.154
0.25 0.24
0.068 0.04
0.192 0.224
0.016 0.01
0.342 0.382
0.13 0.116
0.476 0.482
0.328 0.412
0.012 0.004
0.02 0.028
0.028 0.012
0.442 0.452
0.174 0.154
0.168 0.142
0.002 0.006
0.01 0.002
0.058 0.044
0.05 0.034
0.06 0.072
0.016 0.01
0.196 0.242
0.062 0.062
0.016 0.022
0.24 0.256
0 0
0 0
0.006 0.014
0.088 0.09
0.004 0.004
0.264 0.26
0.518 0.526
0.11 0.156
0.09 0.086
0.288 0.254
0.484 0.498
0.014 0.02
0.048 0.038
0.03 0.022
0.006 0.006
0.106 0.11
0 0
0.042 0.052
0.092 0.08
0.116 0.106
0.146 0.138
0.012 0.004
0.158 0.142
0.072 0.092
0.01 0.004
0.012 0.01
0.004 0.01
0.006 0.014
0 0
0.036 0.034
0.06 0.078
0.02 0.012
0.028 0.02
0.276 0.274
0.082 0.044
0.036 0.032
0.492 0.472
0.482 0.496
0.112 0.108
0.054 0.06
0.014 0.004
0.064 0.04
0.024 0.022
0.172 0.16
0.002 0.002
0.108 0.082
0.026 0.018
0.116 0.136
0.108 0.094
0.002 0.002
0.086 0.068
0.574 0.554
0.156 0.144
0.072 0.098
0.144 0.112
0.168 0.126
0.056 0.074
0.02 0.02
0.094 0.076
0 0
0.006 0
0 0
0.222 0.138
0.178 0.194
0.22 0.216
0.004 0.006
0.254 0.3
0.034 0.034
0.278 0.288
0.046 0.064
0.058 0.074
0.046 0.068
0.036 0.034
0.356 0.322
0.008 0.004
0.494 0.482
0.094 0.086
0.02 0.01
0 0.004
0.336 0.306
0 0
0.004 0.002
0.18 0.174
0 0.004
0.22 0.196
0.004 0.006
0.024 0.01
0.092 0.086
