0.72 0.832
0.2905983 0.2649573
0.8547009 0.9059829
0.6639344 0.6557377
0.1111111 0.1538462
0.864 0.816
0.336 0.352
0.5 0.5166667
0.6885246 0.9016393
0.7933884 0.7768595
0.36 0.32
0.5390625 0.4765625
0.7024793 0.8595041
0.7692308 0.6239316
0.3162393 0.2136752
0.368 0.336
0.6280992 0.7520661
0.6495726 0.8034188
0.6640625 0.6171875
0.6837607 0.7435897
0.553719 0.6033058
0.325 0.3416667
0.8934426 0.9016393
0.3162393 0.3504274
0.2377049 0.2131148
0.424 0.592
0.2478632 0.1794872
0.6640625 0.671875
0 0.008264463
0.192 0.2
0.03125 0.0390625
0.056 0.032
0.672 0.816
0.6363636 0.6694215
0.7166667 0.6666667
0.05785124 0.05785124
0.3553719 0.3636364
0.0940171 0.1025641
0.736 0.792
0.6837607 0.7435897
0.4102564 0.2991453
0.546875 0.6015625
0.2735043 0.4188034
0.9059829 0.9059829
0.2991453 0.1880342
0.576 0.632
0.8870968 0.7580645
0.2213115 0.2131148
0.9059829 0.9059829
0.864 0.816
0.88 0.832
0.416 0.392
0.7459016 0.8032787
0.04098361 0.07377049
0.01612903 0.008064516
0.1640625 0.140625
0.4416667 0.4166667
0.144 0.168
0.1290323 0.1451613
0.9090909 0.8595041
0.552 0.488
0.7131148 0.6557377
0.824 0.832
0.35 0.3833333
0.8547009 0.8034188
0.5081967 0.4180328
0.3225806 0.2822581
0.4188034 0.4529915
0.224 0.224
0.7948718 0.7008547
0.1129032 0.1451613
0.5327869 0.5
0.824 0.832
0.7983871 0.75
0.8278689 0.9016393
0.8034188 0.8034188
0.8196721 0.9016393
0.272 0.288
0.4615385 0.4529915
0.7419355 0.8790323
0.6 0.688
0.168 0.176
0.6528926 0.6859504
0.4188034 0.4786325
0.096 0.128
0.024 0.032
0.01709402 0.03418803
0.36 0.432
0.7948718 0.8888889
0.648 0.736
0.472 0.4
0.35 0.5
0.744 0.824
0.4102564 0.5128205
0.6484375 0.6171875
0.1709402 0.1538462
0.5083333 0.5333333
0.7933884 0.7768595
0.5166667 0.5166667
0.008333333 0.01666667
0.256 0.288
0.4032258 0.3870968
0.325 0.225
0.325 0.3333333
0.425 0.4333333
0.7833333 0.725
0.4102564 0.3418803
0.9090909 0.8595041
0.8547009 0.8034188
0.890625 0.8359375
0.2096774 0.2177419
0.08547009 0.03418803
0.1196581 0.1025641
0.8803419 0.8888889
0.056 0.032
0.5726496 0.5811966
0.05128205 0.05128205
0.4710744 0.4958678
0.5833333 0.5166667
0.1623932 0.2136752
0.2649573 0.2307692
0.144 0.208
0.7692308 0.7008547
0.2583333 0.2916667
0.5041322 0.5206612
0.8278689 0.704918
0.864 0.816
0.048 0.056
0.8145161 0.8790323
0.75 0.6583333
0.2661290 0.2177419
0.8870968 0.8790323
0.05737705 0.06557377
0.8803419 0.8888889
0.6942149 0.7190083
0.3162393 0.3418803
