0.008 0.02
0.058 0.054
0.002 0.002
0.026 0.03
0.16 0.132
0.008 0
0.088 0.116
0.098 0.106
0.004 0
0.012 0.008
0.132 0.122
0.022 0.008
0.018 0.008
0.056 0.054
0.146 0.148
0.058 0.048
0.008 0.006
0.008 0.004
0.05 0.046
0.02 0.036
0.08 0.06
0.138 0.09
0.002 0
0.15 0.168
0.3 0.278
0.044 0.03
0.266 0.266
0.008 0.008
0.462 0.474
0.134 0.152
0.426 0.39
0.258 0.302
0.006 0.008
0.048 0.044
0.01 0.006
0.294 0.254
0.208 0.19
0.154 0.12
0.012 0.004
0.012 0.014
0.276 0.312
0.024 0.02
0.12 0.072
0.032 0.028
0.368 0.442
0.026 0.024
0.012 0.01
0.158 0.126
0.002 0.004
0 0
0.002 0.004
0.058 0.054
0.004 0.006
0.352 0.41
0.614 0.638
0.254 0.304
0.026 0.032
0.364 0.326
0.318 0.354
0.008 0.004
0.078 0.074
0.05 0.046
0.004 0
0.09 0.07
0.004 0
0.052 0.082
0.084 0.104
0.114 0.08
0.164 0.224
0.01 0.006
0.064 0.034
0.064 0.064
0 0
0.004 0.002
0.006 0.002
0.014 0.004
0.002 0.006
0.116 0.118
0.074 0.074
0.066 0.028
0.032 0.034
0.114 0.09
0.006 0
0.044 0.042
0.554 0.554
0.276 0.238
0.364 0.38
0.026 0.02
0.006 0.002
0.042 0.022
0.054 0.048
0.158 0.146
0.016 0.014
0.06 0.05
0.024 0.016
0.298 0.34
0.12 0.1
0.004 0.004
0.066 0.068
0.376 0.392
0.196 0.188
0.158 0.204
0.03 0.026
0.166 0.148
0.052 0.07
0.022 0.022
0.022 0.028
0.002 0
0 0
0.002 0
0.168 0.148
0.32 0.324
0.456 0.39
0.004 0.004
0.34 0.404
0.05 0.032
0.336 0.262
0.116 0.108
0.072 0.08
0.16 0.142
0.05 0.034
0.27 0.244
0 0
0.128 0.152
0.072 0.064
0.006 0.008
0 0.002
0.292 0.336
0 0.002
0.004 0
0.214 0.248
0.002 0.002
0.382 0.37
0 0
0.022 0.016
0.034 0.022
