0.02 0.022
0.048 0.03
0 0.004
0.032 0.04
0.184 0.164
0.002 0
0.086 0.064
0.108 0.126
0.022 0.016
0.02 0.012
0.092 0.078
0.002 0.004
0.006 0.004
0.012 0.008
0.176 0.178
0.232 0.216
0.014 0.008
0.004 0.004
0.032 0.024
0.038 0.04
0.082 0.056
0.02 0.008
0.002 0.002
0.154 0.114
0.31 0.252
0.088 0.068
0.144 0.188
0.006 0.004
0.55 0.59
0.174 0.25
0.21 0.268
0.314 0.336
0.01 0.004
0.034 0.034
0.026 0.014
0.562 0.564
0.224 0.208
0.288 0.266
0.01 0.006
0.002 0
0.136 0.178
0.04 0.042
0.106 0.132
0.03 0.01
0.32 0.344
0.024 0.018
0.018 0.014
0.214 0.226
0 0
0 0
0 0.002
0.082 0.064
0 0.002
0.226 0.216
0.424 0.406
0.27 0.272
0.066 0.058
0.31 0.372
0.236 0.256
0 0.004
0.042 0.022
0.052 0.042
0 0.002
0.064 0.058
0 0.002
0.142 0.148
0.14 0.148
0.058 0.058
0.186 0.246
0.002 0.008
0.112 0.132
0.066 0.04
0.004 0.002
0.01 0.004
0.014 0.002
0.016 0.016
0.012 0.002
0.054 0.04
0.024 0.044
0.012 0.016
0.064 0.062
0.352 0.362
0.002 0.006
0.062 0.082
0.224 0.236
0.37 0.42
0.38 0.364
0.026 0.048
0.008 0
0.04 0.018
0.016 0.026
0.18 0.178
0 0.004
0.038 0.04
0.032 0.01
0.328 0.344
0.044 0.044
0 0.004
0.07 0.09
0.47 0.49
0.194 0.158
0.084 0.106
0.188 0.144
0.182 0.172
0.068 0.096
0.016 0.016
0.112 0.108
0 0
0.002 0
0 0
0.104 0.154
0.462 0.492
0.464 0.506
0 0
0.438 0.438
0.026 0.028
0.364 0.352
0.15 0.092
0.138 0.122
0.204 0.188
0.078 0.088
0.176 0.156
0.014 0.012
0.14 0.132
0.05 0.054
0.034 0.016
0 0
0.356 0.362
0.004 0.006
0.006 0.012
0.084 0.11
0.002 0.002
0.19 0.192
0 0.002
0.038 0.022
0.03 0.036
