0.876033 0.8595041
0.5123967 0.3884298
0.779661 0.8135593
0.7372881 0.7288136
0.248 0.28
0.9421488 0.892562
0.4672131 0.4836066
0.2459016 0.2213115
0.7295082 0.7377049
0.7377049 0.8278689
0.2460317 0.2936508
0.8050847 0.8220339
0.8677686 0.8016529
0.496 0.496
0.1900826 0.1900826
0.1111111 0.1507937
0.6178862 0.6585366
0.6525424 0.7627119
0.304 0.4
0.7542373 0.6525424
0.557377 0.4590164
0.2627119 0.279661
0.8688525 0.8606557
0.1570248 0.1735537
0.2049180 0.2049180
0.5555556 0.5714286
0.3223140 0.3140496
0.6507937 0.6269841
0.05084746 0.03389831
0.390625 0.3515625
0 0
0.08474576 0.06779661
0.8559322 0.7288136
0.6355932 0.5847458
0.8559322 0.8135593
0.02459016 0.03278689
0.296 0.392
0.1487603 0.1652893
0.7603306 0.8595041
0.7868852 0.8606557
0.4067797 0.3728814
0.704918 0.6967213
0.4878049 0.504065
0.6101695 0.6016949
0.1016949 0.07627119
0.559322 0.6186441
0.7295082 0.8606557
0.05932203 0.06779661
0.816 0.864
0.942623 0.8934426
0.8050847 0.7627119
0.4237288 0.4322034
0.7560976 0.7886179
0.07438017 0.0661157
0.01652893 0.008264463
0.1311475 0.1065574
0.4140625 0.453125
0.2396694 0.2066116
0.09016393 0.09836066
0.876033 0.8595041
0.5084746 0.5084746
0.6311475 0.4836066
0.7890625 0.859375
0.3032787 0.3934426
0.881356 0.8220339
0.4576271 0.3559322
0.5454545 0.4132231
0.440678 0.5423729
0.3671875 0.2421875
0.744 0.712
0.15625 0.1484375
0.4590164 0.4508197
0.8442623 0.8934426
0.7768595 0.677686
0.881356 0.8220339
0.6910569 0.7886179
0.852459 0.8934426
0.2975207 0.3471074
0.5081967 0.4344262
0.5950413 0.5371901
0.4545455 0.4628099
0.1138211 0.1626016
0.6942149 0.6942149
0.5338983 0.5847458
0.06779661 0.07627119
0.264 0.288
0.07317073 0.1300813
0.4761905 0.531746
0.9421488 0.892562
0.5772358 0.5772358
0.4745763 0.5423729
0.1239669 0.1818182
0.7272727 0.892562
0.4426230 0.5245902
0.6229508 0.6557377
0.1157025 0.1239669
0.4375 0.546875
0.7768595 0.892562
0.4237288 0.5423729
0.02479339 0.008264463
0.2222222 0.2777778
0.2627119 0.2372881
0.220339 0.3050847
0.4322034 0.4491525
0.4491525 0.440678
0.7295082 0.7868852
0.495935 0.4715447
0.8559322 0.8559322
0.9126984 0.8650794
0.816 0.864
0.2063492 0.1746032
0.0859375 0.046875
0.1570248 0.1404959
0.942623 0.8934426
0.09322034 0.05084746
0.59375 0.6484375
0.446281 0.2975207
0.3360656 0.3852459
0.4065041 0.4471545
0.4065041 0.4065041
0.5121951 0.4471545
0.336 0.392
0.7560976 0.6585366
0.2457627 0.2372881
0.5245902 0.4836066
0.8015873 0.8650794
0.8095238 0.8015873
0.216 0.184
0.8861789 0.8780488
0.7868852 0.7868852
0.16 0.096
0.8688525 0.8606557
0.1818182 0.1322314
0.876033 0.892562
0.5677966 0.6440678
0.3983051 0.3728814
