0.6033058 0.5785124
0.3813559 0.4237288
0.7578125 0.828125
0.7457627 0.7033898
0.1854839 0.1935484
0.8387097 0.8306452
0.3828125 0.390625
0.3790323 0.3870968
0.6666667 0.7479675
0.7457627 0.7627119
0.1735537 0.2727273
0.4666667 0.4333333
0.720339 0.8898305
0.6916667 0.7333333
0.2711864 0.2711864
0.2083333 0.1833333
0.6016949 0.6440678
0.75 0.825
0.7235772 0.6666667
0.4628099 0.4793388
0.3719008 0.4214876
0.4297521 0.4545455
0.838983 0.8474576
0.2479339 0.2314050
0.1416667 0.1833333
0.440678 0.4661017
0.1404959 0.1157025
0.6033058 0.6280992
0 0.01626016
0.1983471 0.1404959
0.01538462 0.01538462
0.1440678 0.1440678
0.6774194 0.5806452
0.516129 0.4758065
0.720339 0.6949153
0 0
0.1779661 0.2288136
0.1983471 0.2314050
0.7457627 0.7033898
0.7457627 0.8474576
0.4745763 0.5508475
0.7642276 0.5934959
0.4576271 0.4576271
0.8016529 0.7024793
0.008264463 0.008264463
0.559322 0.6101695
0.6859504 0.661157
0.1074380 0.1818182
0.940678 0.8898305
0.894309 0.8292683
0.9090909 0.8181818
0.3951613 0.3629032
0.6280992 0.6115702
0.1157025 0.1074380
0.08461538 0.0923077
0.1416667 0.08333333
0.625 0.515625
0.1404959 0.08264463
0.015625 0.015625
0.7457627 0.720339
0.4166667 0.4333333
0.6666667 0.6666667
0.779661 0.7627119
0.4146341 0.4796748
0.8677686 0.8677686
0.4380165 0.2975207
0.2644628 0.2809917
0.3813559 0.4237288
0.3203125 0.2734375
0.8153846 0.7153846
0.1779661 0.1440678
0.3636364 0.3223140
0.894309 0.7560976
0.8387097 0.8306452
0.8083333 0.8333333
0.75 0.825
0.894309 0.8292683
0.3821138 0.3658537
0.3884298 0.4049587
0.7118644 0.661017
0.6115702 0.768595
0.09917355 0.1404959
0.6048387 0.6693548
0.625 0.671875
0.09917355 0.0909091
0.08474576 0.06779661
0.1525424 0.2033898
0.4634146 0.4796748
0.9090909 0.8181818
0.5284553 0.5121951
0.5923077 0.6
0.2975207 0.3966942
0.779661 0.7627119
0.5289256 0.6033058
0.661017 0.661017
0.2153846 0.2
0.4416667 0.5
0.75 0.8333333
0.4915254 0.4237288
0.03305785 0.03305785
0.2288136 0.2627119
0.25 0.25
0.1900826 0.1983471
0.220339 0.2288136
0.5254237 0.5508475
0.7272727 0.768595
0.4692308 0.4692308
0.940678 0.8898305
0.940678 0.8898305
0.8677686 0.8677686
0.3166667 0.3416667
0.1083333 0.075
0.1074380 0.0909091
0.940678 0.8898305
0.1048387 0.0967742
0.7288136 0.7627119
0.3057851 0.2479339
0.46875 0.46875
0.5289256 0.5619835
0.3145161 0.2741935
0.3884298 0.3305785
0.1157025 0.1735537
0.8083333 0.825
0.07438017 0.0661157
0.5847458 0.4576271
0.7118644 0.7033898
0.894309 0.8292683
0.09917355 0.07438017
0.9090909 0.8181818
0.8016529 0.768595
0.1833333 0.1583333
0.892562 0.876033
0.04166667 0.03333333
0.8387097 0.8306452
0.5564516 0.5806452
0.4297521 0.4049587
