0.2164179 0.2014925 0.2537313 0.2761194 0.2985075 0.3059701 0.3059701 0.6716418 0.8880597 0.8880597 0.8880597
0.5407407 0.5925926 0.6444444 0.7777778 0.9407407 0.9777778 0.9851852 0.962963 0.9703704 1 0.9777778
0.1449275 0.1449275 0.2028986 0.2463768 0.2753623 0.2681159 0.2826087 0.3695652 0.7826087 0.8333333 0.8695652
0.5035971 0.6115108 0.6618705 0.5251799 0.5107914 0.5971223 0.5251799 0.589928 0.618705 0.6978417 0.76259
0.05223881 0.1791045 0.3283582 0.3358209 0.380597 0.4253731 0.5074627 0.4328358 0.380597 0.3283582 0.3134328
0.05035971 0.05755396 0.05035971 0.03597122 0.03597122 0.05035971 0.02877698 0.03597122 0.02877698 0.05035971 0.03597122
0.381295 0.4028777 0.4316547 0.5611511 0.7841727 0.8057554 0.8345324 0.8201439 0.7769784 0.7553957 0.7697842
0.1954887 0.1729323 0.1278195 0.1278195 0.06766917 0.05263158 0.03007519 0.05263158 0.01503759 0.06766917 0.07518797
0.1954887 0.1954887 0.1353383 0.1278195 0.1203008 0.1278195 0.1278195 0.1353383 0.1278195 0.1428571 0.09774436
0.4751773 0.3971631 0.5106383 0.4397163 0.3900709 0.4042553 0.3900709 0.3333333 0.3475177 0.2765957 0.3120567
0.2164179 0.2014925 0.2537313 0.2761194 0.2985075 0.3059701 0.3059701 0.6716418 0.8880597 0.8880597 0.8880597
0.294964 0.323741 0.5035971 0.4892086 0.5035971 0.5611511 0.4532374 0.5971223 0.5683453 0.5683453 0.5539568
0.1278195 0.08270677 0.1353383 0.1503759 0.1503759 0.1578947 0.1879699 0.1729323 0.1804511 0.2030075 0.2030075
0.5407407 0.5925926 0.6444444 0.6666667 0.7555556 0.762963 0.6888889 0.6962963 0.5925926 0.5555556 0.562963
0.4656489 0.4732824 0.5267176 0.6793893 0.5725191 0.5267176 0.5343511 0.4503817 0.3587786 0.3664122 0.3358779
0.5307692 0.5769231 0.6307692 0.8692308 0.876923 0.876923 0.876923 0.8692308 0.8615385 0.8307692 0.8384615
0.1984733 0.1145038 0.09160305 0.04580153 0.05343511 0.06870229 0.0610687 0.09923664 0.1068702 0.08396947 0.1068702
0.381295 0.3381295 0.2086331 0.1438849 0.09352518 0.09352518 0.07913669 0.09352518 0.05755396 0.05035971 0.09352518
0.5407407 0.5925926 0.6444444 0.6074074 0.6888889 0.7555556 0.7555556 0.7777778 0.8148148 0.7111111 0.7111111
0.03816794 0.09923664 0.3129771 0.389313 0.3816794 0.389313 0.4503817 0.2900763 0.2519084 0.2366412 0.2671756
0.5035971 0.6115108 0.6618705 0.7769784 0.7122302 0.6834532 0.6330935 0.6618705 0.5827338 0.5971223 0.5107914
0.3582090 0.3955224 0.4402985 0.4029851 0.4104478 0.3880597 0.3880597 0.3507463 0.3731343 0.3432836 0.380597
0.1879699 0.2105263 0.1353383 0.1503759 0.1127820 0.09022556 0.08270677 0.1127820 0.1127820 0.1127820 0.08270677
0.5395683 0.5827338 0.676259 0.705036 0.705036 0.7697842 0.76259 0.6618705 0.6906475 0.6330935 0.6618705
0.02238806 0.05223881 0.1343284 0.1492537 0.1791045 0.1865672 0.2089552 0.2014925 0.1791045 0.2014925 0.2238806
0.1037037 0.07407407 0.06666667 0.06666667 0.04444444 0.05185185 0.03703704 0.03703704 0.05185185 0.05185185 0.05185185
0.2482270 0.2553191 0.2836879 0.2765957 0.2836879 0.2907801 0.3191489 0.7446809 0.8297872 0.822695 0.8085106
0.5407407 0.5925926 0.6444444 0.7777778 0.8148148 0.762963 0.6888889 0.6962963 0.5925926 0.5555556 0.562963
0.5395683 0.5179856 0.6546763 0.7913669 0.9784173 0.971223 0.9784173 0.9856115 0.9784173 0.9784173 0.9568345
0.2814815 0.3185185 0.2888889 0.2222222 0.2814815 0.2888889 0.2962963 0.2814815 0.2814815 0.6666667 0.7333333
0.5307692 0.5769231 0.6307692 0.8692308 0.9384615 0.9615385 0.9846154 0.9538462 0.9461538 0.9692308 0.9615385
0.2536232 0.1594203 0.1811594 0.1376812 0.0942029 0.0942029 0.1014493 0.07971014 0.08695652 0.1159420 0.1014493
0.1 0.07692308 0.08461538 0.08461538 0.07692308 0.07692308 0.1 0.08461538 0.1230769 0.1384615 0.1615385
0.5395683 0.5827338 0.676259 0.8129496 0.9640288 0.9640288 0.9568345 0.9784173 0.9784173 0.971223 0.9496403
0.5395683 0.5179856 0.6546763 0.7913669 0.7194245 0.7122302 0.589928 0.5395683 0.5035971 0.4676259 0.4244604
0.5112782 0.5413534 0.5639098 0.7744361 0.6390977 0.7142857 0.6015038 0.5864662 0.481203 0.4210526 0.4360902
0.3511450 0.3587786 0.4122137 0.480916 0.5725191 0.5496183 0.6412214 0.5954198 0.5496183 0.5343511 0.5343511
0.5395683 0.323741 0.2877698 0.2589928 0.2302158 0.2374101 0.2230216 0.2302158 0.2302158 0.2733813 0.3381295
0.3435115 0.2748092 0.2366412 0.2366412 0.2671756 0.2519084 0.2671756 0.5419847 0.740458 0.7557252 0.8473282
0.2076923 0.1230769 0.0923077 0.1 0.07692308 0.08461538 0.1 0.07692308 0.1230769 0.1384615 0.1461538
0.5395683 0.5179856 0.6546763 0.7913669 0.7194245 0.7122302 0.589928 0.5395683 0.5035971 0.4676259 0.4244604
0.5112782 0.5413534 0.5639098 0.7744361 0.6390977 0.7142857 0.6015038 0.5864662 0.481203 0.4210526 0.4360902
0.4656489 0.4732824 0.5267176 0.6259542 0.5725191 0.5496183 0.5114504 0.4274809 0.389313 0.3511450 0.3282443
0.5 0.5289855 0.5144928 0.3913043 0.384058 0.384058 0.3768116 0.3260870 0.2898551 0.3260870 0.3913043
0.2391304 0.1811594 0.0942029 0.07971014 0.02173913 0.03623188 0.05072464 0.06521739 0.02898551 0.07971014 0.04347826
0.4656489 0.4732824 0.5267176 0.7175573 0.7480916 0.7022901 0.740458 0.6335878 0.5801527 0.5725191 0.5648855
0.5673759 0.5815603 0.5957447 0.5957447 0.5744681 0.5531915 0.5744681 0.4751773 0.4822695 0.4539007 0.4042553
0.5307692 0.5769231 0.6307692 0.7538462 0.6846154 0.6153846 0.5846154 0.5307692 0.5230769 0.4923077 0.4769231
0.4656489 0.4732824 0.5267176 0.8244275 0.8931298 0.870229 0.8625954 0.8625954 0.8473282 0.8473282 0.7557252
0.5112782 0.5413534 0.5639098 0.6616541 0.8195489 0.8571429 0.8721805 0.8796992 0.8571429 0.8421053 0.8045113
0.3538462 0.3076923 0.2307692 0.2 0.1769231 0.1923077 0.1692308 0.1615385 0.1692308 0.1538462 0.1615385
0.3165468 0.3669065 0.2446043 0.2086331 0.1798561 0.1942446 0.1582734 0.1726619 0.1510791 0.1726619 0.1582734
0.4153846 0.5769231 0.5230769 0.5692308 0.5 0.5615385 0.5307692 0.5153846 0.4769231 0.4461538 0.4
0.5522388 0.5074627 0.5298507 0.5074627 0.4925373 0.5895522 0.6492537 0.7164179 0.7089552 0.7238806 0.8283582
0.5673759 0.5815603 0.5957447 0.680851 0.7092199 0.6028369 0.5886525 0.5035461 0.4680851 0.4539007 0.4539007
0.2836879 0.3900709 0.3333333 0.3049645 0.3120567 0.3120567 0.3546099 0.7730496 0.8439716 0.858156 0.822695
0.5407407 0.5925926 0.6444444 0.6666667 0.7333333 0.5777778 0.5037037 0.5111111 0.4518519 0.4444444 0.3703704
0.5 0.5289855 0.6086957 0.8695652 0.9637681 0.9782609 0.9927536 0.9710145 0.9492754 0.9782609 0.9565217
0.5112782 0.5413534 0.5639098 0.7593985 0.7067669 0.7669173 0.6541353 0.5639098 0.5037594 0.4135338 0.4360902
0.4153846 0.5307692 0.4846154 0.4230769 0.4230769 0.3846154 0.3846154 0.3461538 0.3230769 0.3384615 0.3153846
0.5035971 0.6115108 0.6618705 0.7841727 0.8776978 0.7769784 0.7482014 0.7122302 0.6546763 0.6330935 0.5611511
0.5522388 0.5074627 0.4776119 0.5970149 0.5373134 0.5671642 0.5597015 0.5 0.4626866 0.4179104 0.3731343
0.5307692 0.5307692 0.5230769 0.4769231 0.4384615 0.4230769 0.4153846 0.4076923 0.3923077 0.4307692 0.4769231
0.5407407 0.5925926 0.6444444 0.6666667 0.7333333 0.5777778 0.5037037 0.5111111 0.4518519 0.4444444 0.3703704
0.5112782 0.5413534 0.5639098 0.7593985 0.81203 0.8345865 0.7142857 0.7819549 0.7744361 0.7669173 0.7669173
0.02985075 0.1119403 0.1044776 0.1119403 0.08208955 0.08208955 0.05223881 0.09701493 0.06716418 0.07462687 0.03731343
0.5307692 0.5307692 0.5307692 0.7538462 0.8153846 0.8461538 0.8076923 0.7923077 0.7538462 0.7461538 0.7538462
0.3664122 0.4732824 0.4045802 0.389313 0.3664122 0.3511450 0.3969466 0.4427481 0.519084 0.4885496 0.5038168
0.5673759 0.5815603 0.5957447 0.8014184 0.9078014 0.929078 0.9503546 0.9432624 0.9787234 0.9432624 0.9361702
0.2733813 0.5179856 0.4820144 0.4388489 0.5539568 0.705036 0.7553957 0.676259 0.7553957 0.6330935 0.618705
0.5407407 0.5925926 0.6444444 0.7777778 0.837037 0.8518519 0.8444444 0.837037 0.7703704 0.7851852 0.7925926
0.323741 0.2733813 0.1294964 0.1366906 0.1151079 0.08633094 0.1223022 0.1079137 0.1294964 0.1294964 0.09352518
0.5407407 0.5925926 0.6444444 0.6666667 0.6888889 0.5555556 0.5037037 0.5111111 0.4518519 0.4222222 0.3629630
0.5407407 0.5925926 0.6444444 0.6074074 0.6222222 0.5185185 0.4814815 0.5037037 0.4518519 0.4222222 0.3629630
0.2538462 0.2538462 0.1923077 0.1769231 0.1769231 0.1923077 0.1692308 0.1538462 0.1692308 0.1461538 0.1615385
0.04316547 0.1079137 0.323741 0.3597122 0.352518 0.3453237 0.3309353 0.2661871 0.294964 0.2302158 0.2086331
0.5395683 0.5179856 0.6546763 0.7913669 0.9784173 0.971223 0.9784173 0.9856115 0.9784173 0.9784173 0.9568345
0.5407407 0.5925926 0.6444444 0.7777778 0.9407407 0.9777778 0.9851852 0.962963 0.9703704 1 0.9777778
0.2442748 0.2900763 0.4122137 0.4885496 0.5801527 0.5496183 0.6641221 0.6183206 0.5572519 0.5419847 0.5496183
0.5035971 0.6115108 0.6618705 0.7769784 0.6978417 0.6402878 0.647482 0.6546763 0.5755396 0.5971223 0.5107914
0.2923077 0.3846154 0.4 0.3923077 0.4076923 0.3846154 0.3769231 0.3384615 0.3153846 0.3230769 0.2923077
0.3435115 0.2748092 0.2366412 0.2366412 0.2671756 0.2519084 0.2671756 0.5419847 0.740458 0.7557252 0.8473282
0.5407407 0.5925926 0.6444444 0.7777778 0.8148148 0.762963 0.6888889 0.6962963 0.5925926 0.5555556 0.562963
0.4074074 0.3629630 0.1777778 0.1629630 0.1481481 0.1629630 0.1555556 0.1555556 0.1185185 0.1555556 0.1703704
0.02290076 0.1145038 0.2671756 0.3129771 0.3053435 0.3053435 0.2824427 0.2366412 0.1984733 0.1832061 0.1526718
0.5522388 0.5074627 0.5298507 0.7089552 0.6343284 0.619403 0.6044776 0.5298507 0.4626866 0.4253731 0.380597
0.1908397 0.1145038 0.1679389 0.2213740 0.2137405 0.2137405 0.2061069 0.2137405 0.4122137 0.5343511 0.5267176
0.04316547 0.07913669 0.1151079 0.1510791 0.2158273 0.2374101 0.2446043 0.2446043 0.323741 0.5251799 0.5755396
0.5522388 0.5074627 0.5298507 0.5074627 0.4925373 0.5895522 0.6492537 0.7164179 0.7089552 0.7238806 0.8283582
0.2805755 0.1870504 0.2733813 0.2589928 0.2374101 0.2374101 0.2302158 0.2446043 0.2374101 0.4388489 0.5035971
0.5522388 0.3955224 0.2388060 0.2164179 0.2164179 0.1940299 0.1716418 0.1865672 0.1641791 0.1716418 0.1791045
0.5673759 0.5815603 0.5957447 0.680851 0.6879433 0.6028369 0.5744681 0.4893617 0.4822695 0.4609929 0.4680851
0.1879699 0.2857143 0.3533835 0.3834586 0.6390977 0.8345865 0.8646617 0.8646617 0.8421053 0.8345865 0.8045113
0.02158273 0.05035971 0.05035971 0.02158273 0.02877698 0.02877698 0.02877698 0.02877698 0.007194245 0.05035971 0.03597122
0.4656489 0.4732824 0.5267176 0.8854962 0.961832 0.9389313 0.9770992 0.9770992 0.961832 0.9465649 0.9770992
0.1908397 0.1145038 0.1679389 0.2213740 0.2137405 0.2137405 0.2061069 0.2137405 0.4122137 0.5343511 0.5267176
0.1 0.07692308 0.1230769 0.08461538 0.0923077 0.08461538 0.1230769 0.1230769 0.1230769 0.1 0.06923077
0.3461538 0.4461538 0.4692308 0.5153846 0.6461538 0.6153846 0.7076923 0.6692308 0.6615385 0.6 0.6461538
0.4028777 0.3669065 0.4820144 0.381295 0.4460432 0.4820144 0.4388489 0.4100719 0.4676259 0.4244604 0.3741007
0.1278195 0.1052632 0.1353383 0.1278195 0.1578947 0.1578947 0.1954887 0.1954887 0.2030075 0.2030075 0.2105263
0.4285714 0.3834586 0.4586466 0.443609 0.6090226 0.6240602 0.6616541 0.7067669 0.6466165 0.6240602 0.6015038
0.5407407 0.5925926 0.6444444 0.7777778 0.9407407 0.9777778 0.9851852 0.962963 0.9703704 1 0.9777778
0.5522388 0.5074627 0.5298507 0.8358209 0.9402985 0.9626866 1 0.9850746 0.9402985 0.9701493 0.9552239
0.5035971 0.6115108 0.6618705 0.7841727 0.8345324 0.7410072 0.6978417 0.705036 0.589928 0.5971223 0.5323741
0.5112782 0.5413534 0.5639098 0.6616541 0.8195489 0.8571429 0.8721805 0.8646617 0.8571429 0.8421053 0.8045113
0.5522388 0.3955224 0.2388060 0.2164179 0.2164179 0.1940299 0.1716418 0.1865672 0.1641791 0.1716418 0.1791045
0.5395683 0.5827338 0.676259 0.8129496 0.7122302 0.647482 0.6043165 0.5395683 0.4532374 0.4532374 0.4028777
0.5307692 0.5769231 0.5230769 0.4846154 0.4384615 0.4230769 0.4230769 0.3769231 0.4 0.4461538 0.4769231
0.5035971 0.6115108 0.6618705 0.5251799 0.5107914 0.5971223 0.5251799 0.589928 0.618705 0.6978417 0.76259
0.5 0.5289855 0.6086957 0.7101449 0.7608696 0.6376812 0.6014493 0.5289855 0.4637681 0.4347826 0.4057971
0.5035971 0.6115108 0.6618705 0.7697842 0.6978417 0.6834532 0.6402878 0.676259 0.5611511 0.5611511 0.4964029
0.1603053 0.1145038 0.09923664 0.06870229 0.04580153 0.03053435 0.04580153 0.03816794 0.03053435 0.05343511 0.04580153
0.5407407 0.5925926 0.6444444 0.6222222 0.6888889 0.5407407 0.4962963 0.5037037 0.4518519 0.4296296 0.3629630
0.5307692 0.5769231 0.6307692 0.7538462 0.6615385 0.6461538 0.7076923 0.7538462 0.7153846 0.7076923 0.7615385
0.5395683 0.5827338 0.676259 0.6330935 0.7194245 0.8273381 0.8201439 0.7697842 0.7841727 0.7482014 0.7769784
0.1489362 0.07092199 0.07092199 0.05673759 0.02836879 0.02836879 0.01418440 0.03546099 0.03546099 0.02127660 0.02127660
0.3435115 0.2748092 0.2366412 0.2366412 0.2671756 0.2519084 0.2671756 0.5419847 0.740458 0.7557252 0.8473282
0.4460432 0.4100719 0.4460432 0.4460432 0.4028777 0.4316547 0.381295 0.3309353 0.3309353 0.3381295 0.2589928
0.5307692 0.5769231 0.6307692 0.7538462 0.823077 0.776923 0.7538462 0.7615385 0.7076923 0.6769231 0.6538462
0.5112782 0.5413534 0.5639098 0.7593985 0.7067669 0.7669173 0.6541353 0.5639098 0.5037594 0.4210526 0.4360902
0.381295 0.4028777 0.4316547 0.5611511 0.7841727 0.8057554 0.8345324 0.8201439 0.7769784 0.7553957 0.7697842
0.5307692 0.5769231 0.6307692 0.7538462 0.6615385 0.6461538 0.7076923 0.7538462 0.7153846 0.7076923 0.7615385
0.5307692 0.3692308 0.3153846 0.3153846 0.3153846 0.3230769 0.3153846 0.5538462 0.8153846 0.8846154 0.876923
0.5395683 0.5827338 0.676259 0.8129496 0.9640288 0.9640288 0.9568345 0.9784173 0.9784173 0.971223 0.9496403
0.259542 0.2748092 0.1526718 0.1221374 0.08396947 0.09160305 0.0610687 0.04580153 0.05343511 0.06870229 0.07633588
0.5307692 0.5769231 0.6307692 0.7538462 0.6615385 0.6230769 0.5692308 0.5230769 0.5076923 0.4461538 0.4153846
0.5 0.5289855 0.6086957 0.7101449 0.673913 0.7971014 0.7173913 0.6956522 0.731884 0.768116 0.7971014
0.5522388 0.5074627 0.5298507 0.7014925 0.8731343 0.8880597 0.880597 0.880597 0.880597 0.8432836 0.8358209
0.1417910 0.2313433 0.3507463 0.4029851 0.7089552 0.858209 0.8731343 0.8731343 0.880597 0.8432836 0.8358209
0.2681159 0.1666667 0.1666667 0.1376812 0.1086957 0.1376812 0.1086957 0.1376812 0.1594203 0.1666667 0.1376812
0.2536232 0.2753623 0.1811594 0.1376812 0.1086957 0.1376812 0.1376812 0.1014493 0.1376812 0.1159420 0.1376812
0.3262411 0.4893617 0.4255319 0.4964539 0.5673759 0.7588652 0.7446809 0.716312 0.7021277 0.6170213 0.680851
0.5673759 0.5815603 0.5957447 0.8014184 0.5177305 0.6099291 0.6879433 0.6666667 0.6453901 0.6524823 0.6737589
0.4285714 0.3834586 0.4285714 0.4661654 0.4586466 0.4210526 0.4661654 0.443609 0.3759398 0.3458647 0.3684211
0.1151079 0.1798561 0.3597122 0.3669065 0.3741007 0.3956835 0.3884892 0.352518 0.3453237 0.323741 0.2661871
0.2536232 0.1739130 0.2173913 0.2826087 0.2898551 0.2898551 0.2898551 0.5507246 0.826087 0.884058 0.884058
0.2536232 0.1594203 0.1811594 0.1376812 0.0942029 0.0942029 0.1014493 0.07971014 0.08695652 0.1159420 0.1014493
0.4057971 0.442029 0.4710145 0.5 0.6666667 0.5652174 0.5507246 0.5 0.442029 0.4130435 0.3478261
0.5035971 0.6115108 0.6618705 0.7841727 0.7410072 0.676259 0.647482 0.6618705 0.5683453 0.6043165 0.5107914
0.3985507 0.442029 0.4710145 0.6086957 0.6231884 0.7173913 0.7608696 0.7391304 0.7391304 0.6594203 0.6449275
0.2406015 0.2556391 0.1503759 0.1578947 0.1503759 0.1428571 0.1428571 0.1278195 0.1428571 0.1203008 0.1353383
0.1954887 0.3157895 0.3533835 0.3383459 0.3458647 0.3684211 0.3383459 0.3157895 0.3082707 0.2781955 0.3308271
0.5522388 0.5074627 0.5298507 0.7014925 0.880597 0.7910448 0.8283582 0.7985075 0.7985075 0.7686567 0.7164179
0.2835821 0.2164179 0.2238806 0.2089552 0.2611940 0.2537313 0.2686567 0.2985075 0.7089552 0.8134328 0.8134328
0.1832061 0.1374046 0.1068702 0.07633588 0.04580153 0.03053435 0.04580153 0.03816794 0.04580153 0.0610687 0.04580153
0.5307692 0.5769231 0.6307692 0.6538462 0.4538462 0.4461538 0.5307692 0.5846154 0.5846154 0.5461538 0.5461538
0.5395683 0.5827338 0.676259 0.8129496 0.9640288 0.9640288 0.9568345 0.9784173 0.9784173 0.971223 0.9496403
0.4656489 0.4732824 0.5267176 0.8854962 0.961832 0.9389313 0.9770992 0.9770992 0.961832 0.9465649 0.9770992
0.5395683 0.5827338 0.676259 0.705036 0.705036 0.7697842 0.76259 0.6618705 0.6906475 0.6330935 0.6618705
0.5395683 0.5179856 0.6546763 0.7913669 0.9784173 0.971223 0.9784173 0.9856115 0.9784173 0.9784173 0.9568345
0.5112782 0.5413534 0.5639098 0.6616541 0.7067669 0.631579 0.7142857 0.7142857 0.6466165 0.6090226 0.6015038
