0.1958042 0.1958042 0.2167832 0.2167832 0.2097902 0.2517483 0.2237762 0.2237762 0.4055944 0.5314685 0.6223776
0.4806202 0.5581395 0.5348837 0.5658915 0.6511628 0.6821705 0.7209302 0.7364341 0.6744186 0.6124031 0.620155
0.1538462 0.1692308 0.1461538 0.1307692 0.0923077 0.1153846 0.1230769 0.1384615 0.1461538 0.1 0.1307692
0.04379562 0.05109489 0.2992701 0.3357664 0.3503650 0.3649635 0.5547445 0.620438 0.6058394 0.5474453 0.5328467
0.1176471 0.1691176 0.3161765 0.3529412 0.3382353 0.3455882 0.3455882 0.3088235 0.2132353 0.1985294 0.1764706
0.1692308 0.2076923 0.1692308 0.1769231 0.1769231 0.1846154 0.1846154 0.2 0.2230769 0.3538462 0.5076923
0.4 0.5461538 0.4846154 0.4461538 0.4846154 0.4153846 0.4 0.3615385 0.3384615 0.4076923 0.3
0.02985075 0.03731343 0.04477612 0.1044776 0.06716418 0.05970149 0.08955224 0.06716418 0.08955224 0.05223881 0.09701493
0.5 0.4 0.2714286 0.2785714 0.2642857 0.2428571 0.2285714 0.2 0.1428571 0.1428571 0.2071429
0.5681818 0.469697 0.6818182 0.7045455 0.7651515 0.8636364 0.9318182 0.9166667 0.8636364 0.8484848 0.8257576
0.2461538 0.2230769 0.1846154 0.1846154 0.1923077 0.1923077 0.1846154 0.2 0.1846154 0.1923077 0.3692308
0.248062 0.4108527 0.4806202 0.503876 0.4728682 0.4496124 0.4496124 0.3255814 0.2170543 0.248062 0.1937984
0.1044776 0.08208955 0.05223881 0.05223881 0.05223881 0.04477612 0.02985075 0.05223881 0.04477612 0.05223881 0.02985075
0.05839416 0.09489051 0.3138686 0.3430657 0.3576642 0.3941606 0.620438 0.6569343 0.620438 0.5620438 0.5474453
0.5611511 0.5467626 0.5395683 0.6906475 0.6618705 0.589928 0.5755396 0.5395683 0.5035971 0.3884892 0.3309353
0.5661765 0.5882353 0.5882353 0.7279412 0.8970588 0.9338235 0.9264706 0.9117647 0.9191176 0.8897059 0.8602941
0.08759124 0.08029197 0.1021898 0.0729927 0.04379562 0.02919708 0.02189781 0.01459854 0.01459854 0.08029197 0.05109489
0.5384615 0.4384615 0.3076923 0.3 0.2923077 0.2923077 0.5153846 0.7923077 0.8615385 0.8692308 0.9384615
0.4806202 0.5581395 0.6666667 0.6589147 0.4806202 0.496124 0.4573643 0.4573643 0.3875969 0.4263566 0.4108527
0.4806202 0.5581395 0.5348837 0.6744186 0.6511628 0.5891473 0.6046512 0.5116279 0.372093 0.3488372 0.3100775
0.5384615 0.5461538 0.5461538 0.4923077 0.4923077 0.4230769 0.4307692 0.4076923 0.3384615 0.4076923 0.3153846
0.5681818 0.469697 0.6818182 0.7121212 0.6515152 0.6439394 0.6590909 0.689394 0.5984848 0.5530303 0.4318182
0.4806202 0.4651163 0.3333333 0.3100775 0.3023256 0.2868217 0.3875969 0.6899225 0.9302326 0.8604651 0.9457364
0.4892086 0.5107914 0.5971223 0.733813 0.8345324 0.7122302 0.6978417 0.6330935 0.5755396 0.5395683 0.5107914
0.3955224 0.3059701 0.2611940 0.2686567 0.2537313 0.2611940 0.2537313 0.2462687 0.3358209 0.4552239 0.4925373
0.06060606 0.04545455 0.08333333 0.1212121 0.04545455 0.1060606 0.09848485 0.1439394 0.1742424 0.1515152 0.1742424
0.2196970 0.2121212 0.2045455 0.2196970 0.25 0.2424242 0.2424242 0.2121212 0.2424242 0.2196970 0.3257576
0.5447761 0.5820896 0.641791 0.7761194 0.7537313 0.7537313 0.7089552 0.6492537 0.641791 0.641791 0.6119403
0.381295 0.2877698 0.381295 0.4028777 0.4244604 0.589928 0.6330935 0.676259 0.6906475 0.6546763 0.6402878
0.2537313 0.1791045 0.1641791 0.1716418 0.1865672 0.1791045 0.1865672 0.1716418 0.1716418 0.2686567 0.380597
0.5328467 0.5255474 0.729927 0.8613139 0.7810219 0.7153285 0.6058394 0.5109489 0.4306569 0.4671533 0.3941606
0.3165468 0.2086331 0.2661871 0.2589928 0.2517986 0.2733813 0.2733813 0.2805755 0.5971223 0.7697842 0.8489209
0.2794118 0.2205882 0.2058824 0.2058824 0.2279412 0.2132353 0.2205882 0.2720588 0.617647 0.8088235 0.8602941
0.5 0.6071429 0.6428571 0.7642857 0.6714286 0.7214286 0.6928571 0.6357143 0.6571429 0.5857143 0.7
0.5661765 0.5882353 0.5882353 0.7279412 0.6544118 0.742647 0.6911765 0.6911765 0.6764706 0.5661765 0.5955882
0.5 0.6071429 0.6428571 0.7642857 0.6714286 0.7214286 0.6928571 0.6357143 0.6571429 0.5857143 0.7
0.2575758 0.3106061 0.3712121 0.3712121 0.4621212 0.5530303 0.5984848 0.6590909 0.5984848 0.7045455 0.7348485
0.08571429 0.02857143 0.05714286 0.03571429 0.03571429 0.02857143 0.05 0.05714286 0.09285714 0.05714286 0.07142857
0.05109489 0.03649635 0.1313869 0.1240876 0.1313869 0.1532847 0.1678832 0.1459854 0.1605839 0.1897810 0.1970803
0.5384615 0.4384615 0.3076923 0.3 0.2923077 0.2923077 0.5153846 0.7923077 0.8615385 0.8692308 0.9384615
0.5 0.6071429 0.6428571 0.7642857 0.8928571 0.9071429 0.9071429 0.9071429 0.7857143 0.7571429 0.7214286
0.5681818 0.469697 0.6818182 0.8787879 0.8939394 0.8409091 0.7575758 0.6439394 0.6060606 0.5075758 0.469697
0.5384615 0.5461538 0.5461538 0.7692308 0.7230769 0.7615385 0.7153846 0.5769231 0.5769231 0.5692308 0.6153846
0.5384615 0.5461538 0.5461538 0.7 0.6692308 0.7076923 0.5923077 0.5230769 0.5076923 0.4230769 0.4615385
0.2727273 0.25 0.2878788 0.2803030 0.2954545 0.2878788 0.3030303 0.2954545 0.5909091 0.9015152 0.9242424
0.4892086 0.5107914 0.5971223 0.8776978 0.76259 0.913669 0.971223 0.9784173 0.9784173 0.9640288 0.9568345
0.5611511 0.5467626 0.5395683 0.8057554 0.9064748 0.9352518 0.9064748 0.913669 0.8920863 0.8633094 0.8561151
0.5244755 0.5174825 0.6153846 0.8601399 0.8531469 0.8251748 0.8111888 0.7762238 0.7272727 0.7622378 0.7202797
0.5611511 0.4820144 0.5395683 0.6906475 0.6618705 0.589928 0.5755396 0.5395683 0.5035971 0.3884892 0.3309353
0.4806202 0.5581395 0.6666667 0.875969 0.8992248 0.875969 0.8914729 0.9302326 0.8914729 0.9069767 0.8449612
0.08633094 0.09352518 0.1007194 0.07913669 0.04316547 0.05035971 0.0647482 0.04316547 0.04316547 0.1079137 0.08633094
0.2248062 0.1395349 0.1085271 0.09302326 0.06976744 0.0620155 0.05426357 0.03875969 0.0620155 0.04651163 0.08527132
0.4806202 0.5581395 0.5348837 0.5736434 0.6511628 0.5891473 0.6046512 0.5116279 0.3565891 0.3488372 0.3100775
0.294964 0.3381295 0.4028777 0.589928 0.7482014 0.7769784 0.76259 0.8057554 0.6906475 0.7410072 0.7769784
0.2302158 0.4388489 0.4028777 0.5107914 0.5179856 0.5611511 0.705036 0.6978417 0.733813 0.6546763 0.6618705
0.5 0.4 0.2714286 0.2785714 0.2642857 0.2428571 0.2285714 0.2 0.1428571 0.1428571 0.2071429
0.3257576 0.4166667 0.5378788 0.5530303 0.5530303 0.5909091 0.5227273 0.530303 0.5833333 0.469697 0.469697
0.2733813 0.2302158 0.4172662 0.4100719 0.5107914 0.7985612 0.7769784 0.7985612 0.7553957 0.7266187 0.6906475
0.5681818 0.469697 0.6818182 0.8787879 0.8939394 0.8409091 0.7575758 0.6439394 0.6060606 0.5075758 0.469697
0.4393939 0.4393939 0.4469697 0.5984848 0.6515152 0.5984848 0.5984848 0.5227273 0.5909091 0.4848485 0.4545455
0.5244755 0.5174825 0.6153846 0.8601399 0.8531469 0.8251748 0.8111888 0.7762238 0.7272727 0.7622378 0.7202797
0.5328467 0.5255474 0.729927 0.8613139 0.9124088 0.9270073 0.9270073 0.9416058 0.890511 0.8613139 0.8613139
0.5661765 0.5882353 0.5882353 0.7279412 0.8529412 0.8235294 0.7794118 0.7941176 0.75 0.7279412 0.757353
0.4552239 0.4402985 0.4626866 0.5746269 0.5746269 0.6865672 0.5970149 0.5895522 0.5522388 0.4850746 0.5074627
0.5328467 0.5255474 0.5255474 0.6350365 0.5109489 0.4890511 0.5182482 0.4671533 0.4525547 0.3722628 0.3868613
0.2272727 0.1590909 0.1439394 0.1666667 0.1666667 0.1818182 0.1969697 0.1893939 0.1969697 0.1969697 0.2196970
0.5244755 0.5174825 0.6153846 0.8601399 0.9020979 0.7622378 0.6993007 0.7062937 0.6363636 0.6223776 0.5874126
0.2846154 0.2692308 0.3769231 0.4 0.4615385 0.4 0.3692308 0.3076923 0.2461538 0.1923077 0.2384615
0.3692308 0.4230769 0.4153846 0.3923077 0.4230769 0.3846154 0.3615385 0.2923077 0.2692308 0.2615385 0.2384615
0.4806202 0.5581395 0.6666667 0.6744186 0.6511628 0.5891473 0.6046512 0.5116279 0.3565891 0.3488372 0.3100775
0.5661765 0.5220588 0.4926471 0.6764706 0.7205882 0.6544118 0.617647 0.5588235 0.5367647 0.3823529 0.3602941
0.1397059 0.125 0.0882353 0.05882353 0.06617647 0.07352941 0.05147059 0.05147059 0.05147059 0.09558824 0.09558824
0.4806202 0.5581395 0.6666667 0.6744186 0.6899225 0.6356589 0.6356589 0.5503876 0.4496124 0.4263566 0.4031008
0.5611511 0.5467626 0.5395683 0.5539568 0.4460432 0.5107914 0.5035971 0.5323741 0.4244604 0.3884892 0.3884892
0.2093023 0.1317829 0.1085271 0.06976744 0.05426357 0.04651163 0.03875969 0.04651163 0.0620155 0.04651163 0.05426357
0.3432836 0.5820896 0.3955224 0.6119403 0.7985075 0.8358209 0.8358209 0.8507463 0.8134328 0.8059701 0.8134328
0.5447761 0.5820896 0.5447761 0.5447761 0.5671642 0.4925373 0.4477612 0.4477612 0.3432836 0.2761194 0.2910448
0.3897059 0.3088235 0.4852941 0.3897059 0.3970588 0.3970588 0.4926471 0.4264706 0.3308824 0.4264706 0.3823529
0.4806202 0.5581395 0.6666667 0.875969 0.8992248 0.875969 0.8914729 0.9302326 0.8914729 0.9069767 0.8449612
0.4806202 0.5581395 0.6666667 0.875969 0.9379845 0.9767442 0.9612403 0.9534884 0.9612403 0.9224806 0.8992248
0.1176471 0.1691176 0.3161765 0.3529412 0.3382353 0.3455882 0.3455882 0.3088235 0.2132353 0.1838235 0.1764706
0.2481752 0.2116788 0.2408759 0.2408759 0.2554745 0.2554745 0.2481752 0.2262774 0.540146 0.5474453 0.620438
0.5 0.6071429 0.6428571 0.7642857 0.8928571 0.9071429 0.9071429 0.9071429 0.7857143 0.7571429 0.7214286
0.5384615 0.4384615 0.3076923 0.3 0.2923077 0.2923077 0.5153846 0.7923077 0.8615385 0.8692308 0.9384615
0.5661765 0.5882353 0.5882353 0.7279412 0.9338235 0.9852941 0.9779412 0.9705882 0.9779412 0.9779412 0.9632353
0.4892086 0.5107914 0.5971223 0.676259 0.76259 0.676259 0.676259 0.5755396 0.4964029 0.4460432 0.4460432
0.08759124 0.1094891 0.1167883 0.08029197 0.04379562 0.02919708 0.02189781 0.01459854 0.01459854 0.08029197 0.03649635
0.1307692 0.1615385 0.0923077 0.1076923 0.08461538 0.07692308 0.06153846 0.06153846 0.06153846 0.06923077 0.07692308
0.5328467 0.5255474 0.6350365 0.6350365 0.6642336 0.7007299 0.6715328 0.6788321 0.6058394 0.5985401 0.5839416
0.1969697 0.1590909 0.1515152 0.1893939 0.2272727 0.2348485 0.2196970 0.2651515 0.2575758 0.2727273 0.7575758
0.2575758 0.1818182 0.1363636 0.1212121 0.06818182 0.0909091 0.08333333 0.06818182 0.03030303 0.06060606 0.0530303
0.5681818 0.469697 0.6818182 0.8787879 0.8939394 0.8409091 0.7575758 0.6439394 0.6060606 0.5075758 0.469697
0.5611511 0.5467626 0.4820144 0.5035971 0.5683453 0.8057554 0.7769784 0.8129496 0.76259 0.7266187 0.6906475
0.1398601 0.1678322 0.1678322 0.1888112 0.2097902 0.2517483 0.2167832 0.2237762 0.3636364 0.5104895 0.6083916
0.248062 0.3488372 0.4031008 0.4263566 0.4806202 0.6434109 0.6356589 0.5813953 0.5891473 0.5736434 0.5581395
0.1942446 0.1726619 0.1223022 0.1366906 0.1079137 0.1294964 0.1294964 0.1007194 0.1151079 0.1366906 0.1151079
0.03496503 0.06993007 0.1398601 0.1538462 0.2097902 0.2447552 0.2097902 0.2237762 0.3426573 0.5104895 0.6083916
0.5611511 0.5467626 0.5395683 0.6834532 0.7553957 0.7194245 0.6402878 0.5683453 0.589928 0.4820144 0.4676259
0.5384615 0.5461538 0.5461538 0.4923077 0.4923077 0.4230769 0.4307692 0.4076923 0.3384615 0.4076923 0.3153846
0.4028777 0.2589928 0.2733813 0.2805755 0.3021583 0.2877698 0.3021583 0.5035971 0.8992806 0.9208633 0.942446
0.4335664 0.4685315 0.4615385 0.4545455 0.4405594 0.4265734 0.4615385 0.4475524 0.3286713 0.3496503 0.3356643
0.5384615 0.5461538 0.5461538 0.7 0.7692308 0.8307692 0.7615385 0.7076923 0.7307692 0.7230769 0.7230769
0.3923077 0.3538462 0.4153846 0.4923077 0.5384615 0.4769231 0.4307692 0.3230769 0.3 0.2615385 0.2461538
0.3059701 0.4701493 0.4253731 0.4477612 0.5149254 0.6119403 0.7238806 0.738806 0.641791 0.6716418 0.6716418
0.4806202 0.5581395 0.6666667 0.6589147 0.4806202 0.496124 0.4573643 0.4573643 0.3875969 0.4263566 0.4108527
0.2093023 0.1162791 0.1085271 0.06976744 0.05426357 0.04651163 0.03875969 0.03875969 0.0620155 0.04651163 0.03100775
0.2945736 0.4651163 0.5348837 0.5193798 0.5891473 0.5891473 0.5736434 0.4806202 0.2945736 0.2945736 0.2713178
0.4892086 0.5107914 0.5971223 0.6258993 0.5755396 0.5395683 0.4100719 0.4532374 0.3381295 0.323741 0.2589928
0.5328467 0.5255474 0.620438 0.649635 0.5182482 0.4890511 0.4379562 0.4306569 0.3211679 0.2262774 0.2335766
0.5384615 0.5461538 0.5461538 0.7 0.6 0.5692308 0.5307692 0.5076923 0.4538462 0.4 0.3692308
0.4552239 0.4701493 0.5373134 0.4253731 0.4477612 0.4850746 0.641791 0.6865672 0.6044776 0.5895522 0.6044776
0.2093023 0.1162791 0.1085271 0.06976744 0.05426357 0.04651163 0.03875969 0.03875969 0.0620155 0.04651163 0.03100775
0.4806202 0.5581395 0.5348837 0.5426357 0.4806202 0.4651163 0.4573643 0.3488372 0.2325581 0.248062 0.2170543
0.3571429 0.3642857 0.4357143 0.55 0.6357143 0.6571429 0.6357143 0.6142857 0.6142857 0.5714286 0.6857143
0.4892086 0.5107914 0.5971223 0.4748201 0.4604317 0.4460432 0.4028777 0.4676259 0.4244604 0.3381295 0.3165468
0.1194030 0.1641791 0.1641791 0.2164179 0.2164179 0.2164179 0.2238806 0.2238806 0.2238806 0.3059701 0.380597
0.4191176 0.3676471 0.3088235 0.2941176 0.3161765 0.3161765 0.3088235 0.5882353 0.867647 0.9264706 0.9191176
0.3884892 0.4388489 0.4388489 0.733813 0.6834532 0.8057554 0.8992806 0.8776978 0.8992806 0.8129496 0.8489209
0.5384615 0.5461538 0.5461538 0.7692308 0.9307692 0.9384615 0.9461538 0.9153846 0.9692308 0.9615385 0.876923
0.4552239 0.4701493 0.5373134 0.5149254 0.5597015 0.4402985 0.4328358 0.4402985 0.3208955 0.2537313 0.2910448
0.5384615 0.5461538 0.5461538 0.7692308 0.9307692 0.9384615 0.9461538 0.9153846 0.9692308 0.9615385 0.876923
0.5611511 0.5467626 0.5395683 0.6906475 0.7913669 0.7266187 0.647482 0.5683453 0.589928 0.4892086 0.4748201
0.08088235 0.08088235 0.07352941 0.05147059 0.04411765 0.04411765 0.02941176 0.02205882 0.02941176 0.05147059 0.03676471
0.5328467 0.5255474 0.729927 0.8613139 0.9781022 0.9562044 1 0.9781022 0.9781022 0.9781022 0.9781022
0.4892086 0.3956835 0.2805755 0.2877698 0.2517986 0.2517986 0.2302158 0.2302158 0.352518 0.5827338 0.5539568
0.5384615 0.5461538 0.5461538 0.4923077 0.4923077 0.4230769 0.4307692 0.4076923 0.3384615 0.4076923 0.3153846
0.5447761 0.5820896 0.641791 0.5447761 0.5597015 0.5895522 0.6716418 0.7089552 0.6268657 0.619403 0.641791
0.5328467 0.5255474 0.6350365 0.6350365 0.6642336 0.7007299 0.649635 0.6788321 0.6058394 0.5912409 0.5839416
0.5661765 0.5882353 0.5882353 0.7279412 0.9044118 0.9338235 0.9338235 0.9117647 0.9191176 0.8897059 0.8602941
0.0647482 0.04316547 0.05035971 0.03597122 0.02877698 0.007194245 0.04316547 0.04316547 0.007194245 0.02877698 0.007194245
0.1194030 0.1417910 0.1268657 0.08955224 0.1194030 0.1044776 0.09701493 0.1119403 0.08955224 0.1268657 0.09701493
0.5328467 0.5255474 0.729927 0.8613139 0.9124088 0.9270073 0.9270073 0.9416058 0.890511 0.8613139 0.8613139
0.5611511 0.5467626 0.5395683 0.8057554 0.8776978 0.8489209 0.7985612 0.8129496 0.7553957 0.76259 0.7553957
0.2727273 0.3106061 0.3560606 0.3409091 0.3409091 0.3560606 0.3712121 0.5227273 0.4090909 0.6515152 0.6969697
0.5447761 0.5820896 0.641791 0.7761194 0.7537313 0.761194 0.7835821 0.7313433 0.7761194 0.7462687 0.7761194
0.1911765 0.1691176 0.1617647 0.1544118 0.1176471 0.1544118 0.1323529 0.1617647 0.1691176 0.1691176 0.1764706
0.3560606 0.2727273 0.1818182 0.1818182 0.1590909 0.09848485 0.08333333 0.06818182 0.1212121 0.07575758 0.09848485
0.5661765 0.5882353 0.5882353 0.7279412 0.8529412 0.8235294 0.7794118 0.7941176 0.75 0.7279412 0.757353
0.5 0.6071429 0.6428571 0.7642857 0.8928571 0.9071429 0.9071429 0.9071429 0.7857143 0.7571429 0.7214286
0.5681818 0.4393939 0.4469697 0.5075758 0.5454545 0.6969697 0.7878788 0.7727273 0.7954545 0.780303 0.8257576
0.2575758 0.1818182 0.1363636 0.1212121 0.06818182 0.0909091 0.08333333 0.06818182 0.03030303 0.06060606 0.0530303
0.5447761 0.5820896 0.641791 0.7761194 0.902985 0.8955224 0.8955224 0.9104478 0.9104478 0.8507463 0.858209
0.5 0.6071429 0.6428571 0.7642857 0.8928571 0.9071429 0.9071429 0.9071429 0.7857143 0.7571429 0.7214286
0.4806202 0.3953488 0.2248062 0.2403101 0.2635659 0.248062 0.2558140 0.4573643 0.620155 0.7054264 0.7286822
0.5 0.4 0.2714286 0.2785714 0.2642857 0.2428571 0.2285714 0.2 0.1428571 0.1428571 0.2071429
0.5384615 0.5461538 0.5461538 0.7692308 0.9307692 0.9384615 0.9461538 0.9153846 0.9692308 0.9615385 0.876923
0.3432836 0.5820896 0.3955224 0.6119403 0.7985075 0.8358209 0.8358209 0.8507463 0.8134328 0.8059701 0.8134328
0.5244755 0.5174825 0.6153846 0.7482517 0.8251748 0.951049 0.9090909 0.923077 0.916084 0.8601399 0.8321678
0.4806202 0.5581395 0.5348837 0.5736434 0.6511628 0.5891473 0.6046512 0.5116279 0.3565891 0.3488372 0.3100775
0.5681818 0.469697 0.6818182 0.8787879 0.8939394 0.8409091 0.7575758 0.6439394 0.6060606 0.5075758 0.469697
0.06976744 0.1162791 0.3100775 0.3333333 0.3643411 0.3798450 0.3333333 0.4186047 0.2635659 0.2945736 0.3643411
