0.1703704 0.1925926 0.1185185 0.1555556 0.1333333 0.1111111 0.1407407 0.2444444 0.2740741 0.3111111 0.2888889
0.4814815 0.562963 0.637037 0.7777778 0.7259259 0.8148148 0.8444444 0.8592593 0.8148148 0.8222222 0.8222222
0.2290076 0.2061069 0.1068702 0.1145038 0.09923664 0.1145038 0.129771 0.2213740 0.2900763 0.3282443 0.3358779
0.4666667 0.5555556 0.6148148 0.7111111 0.8222222 0.6222222 0.637037 0.5333333 0.6074074 0.7333333 0.8
0.4924242 0.5454545 0.6818182 0.6969697 0.780303 0.8030303 0.7575758 0.9166667 0.7954545 0.7878788 0.8030303
0.3777778 0.2666667 0.2222222 0.2222222 0.2370370 0.2296296 0.1703704 0.1407407 0.1851852 0.1555556 0.1111111
0.2213740 0.1908397 0.3511450 0.4122137 0.3816794 0.4351145 0.4198473 0.5038168 0.9389313 0.9770992 0.9923664
0.2928571 0.3285714 0.3285714 0.2285714 0.2 0.2214286 0.1857143 0.1857143 0.1642857 0.1357143 0.2
0.1094891 0.04379562 0.08029197 0.0729927 0.08029197 0.02919708 0.01459854 0.01459854 0.00729927 0.01459854 0
0.4666667 0.5555556 0.4518519 0.4814815 0.5111111 0.5037037 0.5481481 0.5481481 0.6518519 0.8 0.8074074
0.4539007 0.3900709 0.2695035 0.2340426 0.2482270 0.2482270 0.2411348 0.1985816 0.1702128 0.1843972 0.1560284
0.5496183 0.5801527 0.6641221 0.7022901 0.9160305 0.870229 0.8625954 0.8625954 0.8091603 0.7862595 0.740458
0.1407407 0.1111111 0.1555556 0.1259259 0.1777778 0.2370370 0.2740741 0.2814815 0.2888889 0.2814815 0.2888889
0.4592593 0.5259259 0.6 0.5925926 0.5851852 0.5777778 0.5777778 0.5925926 0.6148148 0.5407407 0.6888889
0.0962963 0.0962963 0.2296296 0.3703704 0.3629630 0.3629630 0.3703704 0.3629630 0.5185185 0.5925926 0.8888889
0.4924242 0.4015152 0.5075758 0.5833333 0.6742424 0.6439394 0.7575758 0.7575758 0.780303 0.7727273 0.6515152
0.4316547 0.4316547 0.3093525 0.2733813 0.2733813 0.2230216 0.2733813 0.1870504 0.1870504 0.1366906 0.1798561
0.4626866 0.4776119 0.4104478 0.2611940 0.2686567 0.2537313 0.2164179 0.2089552 0.1791045 0.1268657 0.1791045
0.4924242 0.5454545 0.5606061 0.6969697 0.780303 0.8181818 0.8560606 0.8712121 0.7954545 0.8181818 0.6515152
0.4592593 0.5259259 0.6518519 0.6518519 0.8444444 0.7777778 0.8518519 0.762963 0.8 0.7555556 0.6592593
0.4666667 0.5555556 0.6148148 0.7111111 0.9333333 0.8666667 0.8 0.8296296 0.7703704 0.6518519 0.5333333
0.4160584 0.4525547 0.6423358 0.7664234 0.8613139 0.839416 0.8759124 0.8978102 0.810219 0.6934307 0.729927
0.1940299 0.1641791 0.1044776 0.1417910 0.2686567 0.2686567 0.3134328 0.3283582 0.7910448 0.9626866 0.9850746
0.2627737 0.3941606 0.4160584 0.4452555 0.4306569 0.4379562 0.4890511 0.4525547 0.5109489 0.6934307 0.839416
0.4539007 0.3900709 0.2695035 0.2340426 0.2482270 0.2482270 0.2411348 0.1985816 0.1702128 0.1843972 0.1560284
0.09929078 0.06382979 0.06382979 0.06382979 0.02836879 0.04255319 0.04964539 0.08510638 0.07801418 0.09219858 0.1631206
0.2061069 0.2442748 0.1603053 0.1755725 0.1679389 0.1908397 0.2061069 0.1908397 0.2213740 0.2290076 0.1832061
0.4924242 0.5454545 0.6818182 0.6969697 0.780303 0.8030303 0.8030303 0.780303 0.780303 0.7878788 0.6818182
0.4244604 0.4316547 0.4532374 0.4964029 0.4892086 0.4964029 0.5323741 0.5395683 0.6690647 0.7841727 0.7553957
0.2444444 0.2296296 0.2148148 0.2074074 0.1555556 0.1037037 0.05185185 0.05925926 0.0962963 0.08148148 0.06666667
0.1240876 0.2773723 0.3065693 0.3503650 0.3722628 0.3868613 0.4014599 0.3576642 0.3576642 0.459854 0.4160584
0.4539007 0.3900709 0.2695035 0.2340426 0.2482270 0.2482270 0.2411348 0.1985816 0.1702128 0.1843972 0.1560284
0.3053435 0.3358779 0.2290076 0.1832061 0.2213740 0.1679389 0.1679389 0.1526718 0.07633588 0.09160305 0.0610687
0.4666667 0.4444444 0.4814815 0.4814815 0.4740741 0.7481481 0.9481481 0.9777778 0.9777778 0.9925926 0.9925926
0.4592593 0.5259259 0.6 0.5925926 0.5851852 0.5777778 0.5777778 0.5925926 0.6148148 0.5407407 0.6888889
0.4814815 0.562963 0.637037 0.6962963 0.7851852 0.6888889 0.5703704 0.6148148 0.562963 0.5037037 0.4148148
0.5496183 0.4351145 0.4961832 0.4885496 0.5114504 0.4580153 0.5343511 0.6183206 0.6793893 0.7862595 0.8396947
0.1969697 0.1893939 0.1742424 0.1212121 0.1287879 0.1439394 0.1515152 0.1287879 0.1818182 0.06060606 0.1212121
0.2740741 0.2 0.1777778 0.1629630 0.1259259 0.1333333 0.08888889 0.1703704 0.2222222 0.2444444 0.2222222
0.1515152 0.1666667 0.1439394 0.1212121 0.0909091 0.1287879 0.1363636 0.1212121 0.1742424 0.0530303 0.1136364
0.5547445 0.5474453 0.6423358 0.7664234 0.7737226 0.839416 0.8759124 0.8540146 0.8029197 0.7518248 0.7591241
0.4626866 0.5597015 0.641791 0.7835821 0.9477612 0.9402985 0.902985 0.880597 0.761194 0.6791045 0.6268657
0.1716418 0.2611940 0.4328358 0.4029851 0.4552239 0.4104478 0.380597 0.3507463 0.3955224 0.3208955 0.4925373
0.4626866 0.4104478 0.3432836 0.3880597 0.4179104 0.380597 0.3731343 0.3731343 0.4552239 0.5 0.7761194
0.2803030 0.2727273 0.2196970 0.2196970 0.1590909 0.1590909 0.1363636 0.1136364 0.1363636 0.09848485 0.1666667
0.07407407 0.1481481 0.2222222 0.3851852 0.3777778 0.4 0.3555556 0.3407407 0.3333333 0.3185185 0.3111111
0.4924242 0.5454545 0.6818182 0.6969697 0.6742424 0.5909091 0.6590909 0.5757576 0.6060606 0.4469697 0.5075758
0.5177305 0.5602837 0.6099291 0.7446809 0.8510638 0.8865248 0.9007092 0.9148936 0.9007092 0.8014184 0.7304965
0.4924242 0.5454545 0.6818182 0.75 0.8257576 0.9166667 0.8787879 0.9166667 0.7954545 0.780303 0.7954545
0.5547445 0.5474453 0.6423358 0.7664234 0.7445255 0.7226277 0.649635 0.6934307 0.4890511 0.4306569 0.4087591
0.2962963 0.2740741 0.2148148 0.2 0.2074074 0.2 0.1555556 0.1555556 0.1185185 0.1037037 0.06666667
0 0 0 0.007462687 0.01492537 0.02238806 0.09701493 0.2014925 0.2462687 0.3582090 0.6791045
0.4592593 0.5259259 0.6518519 0.6518519 0.9037037 0.9037037 0.9333333 0.925926 0.837037 0.8296296 0.7333333
0.4592593 0.5259259 0.6518519 0.6518519 0.6666667 0.7185185 0.6814815 0.8 0.837037 0.7925926 0.7333333
0.5496183 0.5801527 0.6641221 0.7022901 0.740458 0.8015267 0.7328244 0.7328244 0.778626 0.6870229 0.7480916
0.4626866 0.5 0.4104478 0.2611940 0.2462687 0.2388060 0.2164179 0.2313433 0.2089552 0.1417910 0.1716418
0.45 0.4714286 0.6142857 0.65 0.6928571 0.6857143 0.6714286 0.5357143 0.4857143 0.4642857 0.4214286
0.4666667 0.5555556 0.6148148 0.5407407 0.5925926 0.7851852 0.925926 0.9185185 0.9333333 0.925926 0.9111111
0.4666667 0.5555556 0.6148148 0.5407407 0.6148148 0.7851852 0.925926 0.925926 0.9333333 0.925926 0.9111111
0.4592593 0.5259259 0.6518519 0.6518519 0.8444444 0.7777778 0.8518519 0.762963 0.8 0.7555556 0.6592593
0.08571429 0.07857143 0.2571429 0.4214286 0.4 0.45 0.4714286 0.8428571 0.8785714 0.9714286 0.9357143
0.1343284 0.1641791 0.4328358 0.4850746 0.4925373 0.4626866 0.5149254 0.6641791 0.9477612 0.9328358 0.858209
0.4592593 0.5259259 0.6518519 0.6518519 0.8444444 0.7777778 0.837037 0.762963 0.8 0.7555556 0.6592593
0.5547445 0.5474453 0.6423358 0.5693431 0.5985401 0.5766423 0.5255474 0.5182482 0.4744526 0.3722628 0.4014599
0.5547445 0.5474453 0.6423358 0.7664234 0.7737226 0.839416 0.8759124 0.8540146 0.8029197 0.7518248 0.7591241
0.04444444 0.04444444 0.08888889 0.05925926 0.05925926 0.1555556 0.2518519 0.2740741 0.2740741 0.2666667 0.2814815
0.5496183 0.5801527 0.6641221 0.7022901 0.9160305 0.870229 0.8625954 0.8625954 0.8091603 0.7862595 0.740458
0.45 0.4714286 0.6142857 0.6 0.6 0.6071429 0.5857143 0.4571429 0.4785714 0.4857143 0.4214286
0.4924242 0.5454545 0.4772727 0.469697 0.5075758 0.4469697 0.3863636 0.3712121 0.3712121 0.3560606 0.6287879
0.4814815 0.562963 0.637037 0.7777778 0.7111111 0.874074 0.837037 0.8222222 0.7259259 0.7555556 0.762963
0.1 0.08571429 0.2142857 0.3714286 0.35 0.3357143 0.35 0.3571429 0.3785714 0.45 0.75
0.2357143 0.2214286 0.2142857 0.1571429 0.15 0.08571429 0.06428571 0.07142857 0.01428571 0.01428571 0.04285714
0.4626866 0.5597015 0.641791 0.7835821 0.7089552 0.6716418 0.6567164 0.5746269 0.5223881 0.3955224 0.2835821
0.4626866 0.5597015 0.641791 0.7835821 0.7089552 0.7462687 0.7835821 0.7761194 0.6716418 0.6641791 0.6791045
0.2238806 0.1641791 0.09701493 0.1268657 0.05970149 0.07462687 0.1865672 0.2388060 0.2611940 0.4029851 0.738806
0.45 0.4714286 0.6571429 0.7142857 0.8857143 0.9285714 0.9142857 0.9 0.8428571 0.8214286 0.7571429
0.4924242 0.5454545 0.6818182 0.5984848 0.75 0.8030303 0.7575758 0.7121212 0.780303 0.7348485 0.5833333
0.2733813 0.2589928 0.3884892 0.4172662 0.4388489 0.4172662 0.4676259 0.5395683 0.6690647 0.8129496 0.8489209
0.4592593 0.5259259 0.6518519 0.6518519 0.9037037 0.9037037 0.9333333 0.925926 0.837037 0.8296296 0.7333333
0.5251799 0.5323741 0.5755396 0.6330935 0.647482 0.7410072 0.7122302 0.8345324 0.7769784 0.733813 0.6618705
0.35 0.4071429 0.4642857 0.4214286 0.4357143 0.4214286 0.4071429 0.3714286 0.3785714 0.4071429 0.5714286
0.1984733 0.2137405 0.09923664 0.1450382 0.1221374 0.1679389 0.1450382 0.1755725 0.2213740 0.2366412 0.1679389
0.4814815 0.562963 0.637037 0.6296296 0.5481481 0.6222222 0.8814815 0.9037037 0.8592593 0.8962963 0.9111111
0.1094891 0.05839416 0.08029197 0.06569343 0.0729927 0.03649635 0.01459854 0.01459854 0.00729927 0.01459854 0.00729927
0.4626866 0.5597015 0.641791 0.7835821 0.7089552 0.7462687 0.7835821 0.7761194 0.6716418 0.6641791 0.6791045
0.4626866 0.4179104 0.4925373 0.4701493 0.5223881 0.4925373 0.3955224 0.4029851 0.4402985 0.4253731 0.5373134
0.4592593 0.5259259 0.4296296 0.2666667 0.2666667 0.2814815 0.2666667 0.2666667 0.2222222 0.1777778 0.1851852
0.3956835 0.294964 0.2805755 0.2446043 0.2446043 0.1870504 0.2086331 0.1438849 0.1151079 0.1223022 0.1007194
0.5496183 0.5801527 0.519084 0.5343511 0.5114504 0.5114504 0.4351145 0.4732824 0.4503817 0.4274809 0.4198473
0.2444444 0.2296296 0.2148148 0.2074074 0.1555556 0.1037037 0.05185185 0.05925926 0.0962963 0.08148148 0.06666667
0.1908397 0.2061069 0.129771 0.1526718 0.1450382 0.1679389 0.1450382 0.1145038 0.1603053 0.06870229 0.09923664
0.5496183 0.5801527 0.6641221 0.7022901 0.9160305 0.870229 0.8625954 0.8625954 0.8091603 0.7862595 0.740458
0.4666667 0.5555556 0.4814815 0.5259259 0.5259259 0.5111111 0.5481481 0.5481481 0.6592593 0.8 0.8074074
0.01515152 0.007575758 0 0.007575758 0 0 0 0.03030303 0.1666667 0.06060606 0.06818182
0.45 0.4071429 0.5 0.4714286 0.4785714 0.4714286 0.4571429 0.5857143 0.6428571 0.6785714 0.75
0.3777778 0.2666667 0.2222222 0.2222222 0.2370370 0.2296296 0.1703704 0.1407407 0.1851852 0.1555556 0.1111111
0.4539007 0.3900709 0.2695035 0.2340426 0.2482270 0.2482270 0.2411348 0.1914894 0.1702128 0.1843972 0.1560284
0.4924242 0.5454545 0.6818182 0.75 0.8257576 0.9090909 0.8787879 0.9166667 0.7954545 0.8257576 0.6818182
0.4814815 0.562963 0.637037 0.7777778 0.7259259 0.8148148 0.8592593 0.8592593 0.8148148 0.8222222 0.8222222
0.1532847 0.2335766 0.09489051 0.08029197 0.1021898 0.09489051 0.08029197 0.02189781 0.1240876 0.1605839 0.1678832
0.4160584 0.3941606 0.4160584 0.4744526 0.5036496 0.5328467 0.620438 0.5985401 0.6642336 0.6934307 0.729927
0.5177305 0.5602837 0.6099291 0.7446809 0.8510638 0.8865248 0.9007092 0.9148936 0.9007092 0.8014184 0.7304965
0.4924242 0.5454545 0.6818182 0.75 0.8257576 0.8030303 0.7575758 0.6818182 0.6666667 0.4772727 0.530303
0.1629630 0.3777778 0.4222222 0.4666667 0.4592593 0.6222222 0.8592593 0.8296296 0.925926 0.8888889 0.9111111
0.4814815 0.562963 0.637037 0.6296296 0.5407407 0.6222222 0.8814815 0.8814815 0.8592593 0.8962963 0.9111111
0.1555556 0.1555556 0.1481481 0.1259259 0.1259259 0.1407407 0.1481481 0.1555556 0.1703704 0.1703704 0.1851852
0.45 0.4714286 0.6571429 0.7142857 0.6928571 0.6928571 0.6714286 0.5428571 0.4857143 0.4714286 0.4214286
0.5496183 0.5801527 0.6641221 0.7022901 0.9160305 0.870229 0.8625954 0.8625954 0.8091603 0.7862595 0.740458
0.5496183 0.5801527 0.6641221 0.7022901 0.7328244 0.7022901 0.648855 0.6412214 0.4961832 0.4503817 0.4198473
0.2727273 0.3333333 0.4242424 0.4848485 0.4772727 0.5151515 0.469697 0.4242424 0.3863636 0.6287879 0.530303
0.5251799 0.5323741 0.6546763 0.6834532 0.8776978 0.913669 0.8920863 0.8776978 0.8561151 0.7482014 0.6834532
0.4160584 0.3649635 0.3211679 0.2554745 0.2335766 0.2481752 0.1970803 0.1897810 0.1313869 0.08759124 0.1459854
0.4626866 0.5597015 0.641791 0.641791 0.7089552 0.6567164 0.6567164 0.5746269 0.5 0.3955224 0.2761194
0.4592593 0.5259259 0.6518519 0.6518519 0.9037037 0.9037037 0.9333333 0.925926 0.837037 0.8296296 0.7333333
0.0962963 0.0962963 0.2296296 0.3703704 0.3629630 0.3629630 0.3703704 0.3629630 0.5185185 0.5925926 0.8888889
0.06716418 0.03731343 0.007462687 0.03731343 0.05970149 0.05223881 0.04477612 0.2014925 0.1940299 0.1940299 0.3955224
0.4113475 0.3687943 0.2411348 0.2198582 0.2411348 0.2127660 0.2198582 0.1773050 0.1702128 0.1843972 0.1418440
0.1755725 0.1526718 0.3435115 0.4122137 0.3511450 0.3816794 0.3435115 0.3587786 0.3282443 0.2824427 0.2671756
0.5547445 0.5474453 0.5839416 0.7664234 0.7737226 0.7591241 0.729927 0.7810219 0.7883212 0.6861314 0.6861314
0.4316547 0.5323741 0.5323741 0.4964029 0.4892086 0.4388489 0.4964029 0.5251799 0.5755396 0.7482014 0.8201439
0.4814815 0.562963 0.637037 0.6296296 0.7851852 0.7111111 0.6592593 0.7333333 0.6888889 0.637037 0.6222222
0.5251799 0.5323741 0.6546763 0.6834532 0.8057554 0.8705036 0.913669 0.8705036 0.8776978 0.8201439 0.7769784
0.02272727 0.03787879 0.03030303 0.03787879 0.06060606 0.1439394 0.2651515 0.3030303 0.3181818 0.5681818 0.9621212
0.4666667 0.5555556 0.6148148 0.7111111 0.637037 0.5925926 0.5481481 0.6074074 0.5037037 0.5925926 0.5259259
0.1259259 0.1407407 0.1037037 0.1259259 0.1185185 0.0962963 0.07407407 0.04444444 0.06666667 0.06666667 0.06666667
0.1111111 0.1037037 0.2962963 0.4 0.437037 0.5259259 0.7481481 0.9481481 0.9481481 0.9925926 0.9851852
0.4468085 0.3900709 0.4326241 0.3900709 0.4609929 0.3546099 0.3546099 0.3475177 0.3333333 0.4468085 0.4042553
0.02238806 0.03731343 0.1716418 0.4179104 0.4477612 0.4253731 0.5 0.6641791 0.9328358 0.9328358 0.858209
0.4814815 0.562963 0.637037 0.7777778 0.7259259 0.8148148 0.8592593 0.8592593 0.8148148 0.8222222 0.8222222
0.3053435 0.3358779 0.2290076 0.1755725 0.2213740 0.1679389 0.1679389 0.1526718 0.07633588 0.09160305 0.0610687
0.2518519 0.2296296 0.2518519 0.2074074 0.1555556 0.1629630 0.1777778 0.2148148 0.1777778 0.2074074 0.2296296
0.4924242 0.5454545 0.6818182 0.75 0.8712121 0.9318182 0.8939394 0.9166667 0.7954545 0.8257576 0.6818182
0.5496183 0.5801527 0.6641221 0.7022901 0.9160305 0.870229 0.8625954 0.8625954 0.8091603 0.7862595 0.740458
0.4814815 0.562963 0.637037 0.7777778 0.925926 0.9555556 0.8444444 0.8222222 0.7259259 0.7703704 0.7555556
0.45 0.4714286 0.6571429 0.7142857 0.8857143 0.9428571 0.9142857 0.9214286 0.8071429 0.7714286 0.7428571
0.4113475 0.3687943 0.2411348 0.2198582 0.2411348 0.2127660 0.2198582 0.1773050 0.1702128 0.1843972 0.1418440
0.4924242 0.4090909 0.4090909 0.2424242 0.25 0.2575758 0.2348485 0.2121212 0.1363636 0.1439394 0.0909091
0.4814815 0.562963 0.637037 0.6962963 0.7851852 0.6888889 0.5703704 0.6148148 0.562963 0.5037037 0.4148148
0.5496183 0.5801527 0.6641221 0.7022901 0.7328244 0.7022901 0.648855 0.6412214 0.4961832 0.4503817 0.4274809
0.4592593 0.5259259 0.6518519 0.6518519 0.8444444 0.7777778 0.8518519 0.762963 0.8 0.7555556 0.6592593
0.1555556 0.2592593 0.1703704 0.1629630 0.1555556 0.1333333 0.1111111 0.0962963 0.1111111 0.08148148 0.05925926
0.4592593 0.5259259 0.6518519 0.6 0.6 0.6148148 0.5851852 0.6 0.6814815 0.637037 0.6592593
0.5251799 0.5323741 0.6546763 0.6834532 0.8776978 0.913669 0.913669 0.913669 0.8705036 0.7841727 0.7266187
0.2877698 0.2805755 0.2302158 0.2230216 0.1510791 0.1654676 0.1366906 0.1438849 0.09352518 0.0647482 0.1294964
0.00729927 0.00729927 0.00729927 0 0.01459854 0.03649635 0.09489051 0.1459854 0.2554745 0.3795620 0.3430657
0.4924242 0.5454545 0.6818182 0.75 0.8712121 0.9318182 0.8939394 0.9166667 0.7954545 0.8257576 0.6818182
0.5496183 0.5801527 0.6641221 0.7022901 0.9160305 0.9389313 0.9312977 0.9160305 0.9389313 0.8244275 0.7480916
0.2290076 0.1984733 0.3664122 0.4198473 0.4274809 0.4274809 0.5114504 0.6412214 0.7175573 0.8549618 0.9007634
0.08633094 0.07194245 0.3093525 0.3597122 0.3956835 0.3956835 0.5251799 0.6546763 0.9208633 0.9280576 0.9280576
0.04477612 0.1641791 0.3656716 0.4029851 0.4776119 0.4179104 0.380597 0.380597 0.380597 0.2761194 0.3731343
0.5251799 0.5323741 0.6546763 0.6834532 0.8776978 0.913669 0.8920863 0.8776978 0.8561151 0.7482014 0.6834532
