0.4710145 0.3695652 0.2681159 0.2898551 0.2898551 0.2681159 0.2536232 0.2681159 0.2753623 0.6594203 0.768116
0.03676471 0.1397059 0.3382353 0.3235294 0.3161765 0.3308824 0.2941176 0.3014706 0.2647059 0.2426471 0.2279412
0.2290076 0.1984733 0.1374046 0.2213740 0.2366412 0.2366412 0.2519084 0.2442748 0.3969466 0.4503817 0.7099237
0.4632353 0.5073529 0.5514706 0.625 0.742647 0.7058824 0.7352941 0.625 0.5882353 0.5367647 0.5073529
0.5797101 0.5217391 0.5217391 0.6304348 0.6376812 0.7028986 0.6666667 0.673913 0.6521739 0.6086957 0.5289855
0.3587786 0.4122137 0.1984733 0.1679389 0.1603053 0.1450382 0.1221374 0.1450382 0.09923664 0.129771 0.05343511
0.2638889 0.2708333 0.4861111 0.4861111 0.4791667 0.4861111 0.5902778 0.5902778 0.5833333 0.5069444 0.4513889
0.1764706 0.1544118 0.1397059 0.125 0.1176471 0.1029412 0.1102941 0.1323529 0.1323529 0.1323529 0.1397059
0.3333333 0.2898551 0.1956522 0.1449275 0.1449275 0.1521739 0.1159420 0.08695652 0.06521739 0.07971014 0.1014493
0.5648855 0.5877863 0.6793893 0.5725191 0.5267176 0.6641221 0.5877863 0.5648855 0.5801527 0.5343511 0.4885496
0.08270677 0.06766917 0.07518797 0.06015038 0.05263158 0.07518797 0.02255639 0.05263158 0.04511278 0.02255639 0.02255639
0.5648855 0.5877863 0.6793893 0.7328244 0.9770992 0.9541985 0.9389313 0.9694656 0.9541985 0.9312977 0.9312977
0.1014493 0.06521739 0.07246377 0.06521739 0.0942029 0.02898551 0.1304348 0.1739130 0.1304348 0.1376812 0.1594203
0.557971 0.5724638 0.6304348 0.673913 0.5217391 0.5797101 0.6376812 0.6594203 0.5797101 0.6014493 0.5724638
0.5851852 0.6222222 0.6222222 0.837037 0.8444444 0.7407407 0.7481481 0.7185185 0.6592593 0.6074074 0.4740741
0.05882353 0.05147059 0.1691176 0.3676471 0.3602941 0.3602941 0.3308824 0.3529412 0.2867647 0.2573529 0.25
0.1956522 0.2608696 0.2971014 0.3115942 0.3115942 0.3115942 0.3115942 0.3115942 0.7173913 0.8478261 0.8623188
0.1615385 0.1538462 0.1230769 0.1307692 0.1461538 0.1384615 0.1461538 0.1384615 0.1153846 0.0923077 0.0923077
0.5797101 0.6376812 0.615942 0.6304348 0.8768116 0.8478261 0.8695652 0.8478261 0.8333333 0.8115942 0.826087
0.557971 0.5724638 0.6304348 0.673913 0.5217391 0.5797101 0.6376812 0.6594203 0.5797101 0.6014493 0.5724638
0.4592593 0.4962963 0.4814815 0.4518519 0.4962963 0.4666667 0.4 0.437037 0.4148148 0.4518519 0.4222222
0.4285714 0.5338346 0.6390977 0.5864662 0.6541353 0.6691729 0.5789474 0.5639098 0.5338346 0.5112782 0.4661654
0.3472222 0.2708333 0.1805556 0.1666667 0.1597222 0.1597222 0.07638889 0.1527778 0.1041667 0.06944444 0.09722222
0.08888889 0.0962963 0.2814815 0.3481481 0.3703704 0.3407407 0.3111111 0.3185185 0.2518519 0.2296296 0.2222222
0.389313 0.4351145 0.2213740 0.2137405 0.2290076 0.1679389 0.1984733 0.1908397 0.1755725 0.1755725 0.2137405
0.4710145 0.3768116 0.2608696 0.2898551 0.2826087 0.2681159 0.2536232 0.2608696 0.2753623 0.6376812 0.7536232
0.04347826 0.06521739 0.08695652 0.07246377 0.03623188 0.1449275 0.1666667 0.2101449 0.2246377 0.1739130 0.2101449
0.3759398 0.2932331 0.3759398 0.3984962 0.3834586 0.3684211 0.3082707 0.2781955 0.2706767 0.2706767 0.2105263
0.4632353 0.4558824 0.4779412 0.4558824 0.4411765 0.5147059 0.5 0.4264706 0.632353 0.4705882 0.4411765
0.2814815 0.2074074 0.1777778 0.1629630 0.1259259 0.1925926 0.1703704 0.2148148 0.2148148 0.2222222 0.3111111
0.4275362 0.3260870 0.3985507 0.384058 0.384058 0.3695652 0.3623188 0.3333333 0.3405797 0.2681159 0.2681159
0.2941176 0.2720588 0.1544118 0.1470588 0.1102941 0.1397059 0.1029412 0.0882353 0.0882353 0.05882353 0.0882353
0.04615385 0.02307692 0.04615385 0.1153846 0.1153846 0.1 0.1307692 0.1461538 0.1384615 0.1615385 0.1692308
0.5648855 0.5877863 0.6793893 0.7328244 0.7251908 0.7328244 0.7175573 0.6641221 0.6183206 0.5343511 0.4961832
0.4285714 0.5338346 0.6390977 0.7518797 0.9172932 0.9172932 0.9473684 0.924812 0.924812 0.8947368 0.8947368
0.4632353 0.5073529 0.5514706 0.625 0.7279412 0.6985294 0.7352941 0.632353 0.617647 0.5955882 0.5367647
0.5 0.5507246 0.6521739 0.7028986 0.7028986 0.6666667 0.5942029 0.5869565 0.5507246 0.4855072 0.5434783
0.2932331 0.2481203 0.1503759 0.1278195 0.1578947 0.1278195 0.1428571 0.07518797 0.09774436 0.1203008 0.1203008
0.4285714 0.5338346 0.3383459 0.3157895 0.2781955 0.3533835 0.3984962 0.7744361 0.7894737 0.7969925 0.81203
0.125 0.1397059 0.1176471 0.1029412 0.1029412 0.07352941 0.03676471 0.08088235 0.0882353 0.02941176 0.05147059
0.5648855 0.5877863 0.6793893 0.7328244 0.6412214 0.6564885 0.6870229 0.6641221 0.5725191 0.5343511 0.4885496
0.1461538 0.1923077 0.3076923 0.3076923 0.3 0.3 0.2923077 0.2692308 0.2538462 0.2 0.1846154
0.2461538 0.3 0.3230769 0.3307692 0.3384615 0.3384615 0.3923077 0.3538462 0.4461538 0.5769231 0.7230769
0.4285714 0.5338346 0.6390977 0.6842105 0.7218045 0.7218045 0.6466165 0.5338346 0.5112782 0.5263158 0.4661654
0.4632353 0.4558824 0.4044118 0.3088235 0.3161765 0.3088235 0.3455882 0.7279412 0.8897059 0.8897059 0.8897059
0.4285714 0.5338346 0.6390977 0.7518797 0.7744361 0.7443609 0.7142857 0.5112782 0.5338346 0.5488722 0.5488722
0.4285714 0.3308271 0.443609 0.4511278 0.5037594 0.5639098 0.5263158 0.406015 0.4511278 0.4736842 0.406015
0.5648855 0.5877863 0.6793893 0.7328244 0.7251908 0.7328244 0.7175573 0.6641221 0.6183206 0.5343511 0.4961832
0.2941176 0.2720588 0.3235294 0.4044118 0.4117647 0.4117647 0.4117647 0.3897059 0.4926471 0.757353 0.7352941
0.5797101 0.6376812 0.615942 0.7971014 0.7608696 0.7608696 0.6811594 0.6811594 0.6521739 0.6376812 0.5507246
0.05263158 0.05263158 0.06766917 0.05263158 0.03759398 0.05263158 0.01503759 0.05263158 0.02255639 0.007518797 0.007518797
0.02941176 0.07352941 0.1323529 0.1470588 0.1397059 0.1764706 0.1764706 0.1544118 0.1470588 0.1838235 0.1985294
0.5588235 0.5661765 0.6470588 0.7867647 0.6470588 0.6911765 0.7205882 0.5735294 0.632353 0.5514706 0.5294118
0.4285714 0.5338346 0.6390977 0.6616541 0.6466165 0.7218045 0.6390977 0.5639098 0.5488722 0.4887218 0.4661654
0.5384615 0.5846154 0.6 0.5384615 0.5 0.5076923 0.4538462 0.4769231 0.5230769 0.5230769 0.4384615
0.2740741 0.2074074 0.1777778 0.1629630 0.1259259 0.1925926 0.1703704 0.2148148 0.2148148 0.2222222 0.3111111
0.5648855 0.5877863 0.5954198 0.519084 0.5038168 0.5572519 0.5267176 0.5572519 0.5801527 0.5343511 0.4885496
0.5384615 0.5846154 0.7307692 0.8846154 0.9153846 0.9384615 0.9846154 0.9615385 0.9538462 0.9461538 0.9538462
0.5 0.5507246 0.5434783 0.5144928 0.4492754 0.5 0.4565217 0.5072464 0.6086957 0.615942 0.6956522
0.4285714 0.5338346 0.5263158 0.6616541 0.5488722 0.593985 0.631579 0.6616541 0.6090226 0.6691729 0.6165414
0.5384615 0.5846154 0.7307692 0.8846154 0.6692308 0.6615385 0.7153846 0.6153846 0.6076923 0.5769231 0.5153846
0.5851852 0.6222222 0.6222222 0.6222222 0.5925926 0.8666667 0.7851852 0.837037 0.8148148 0.8296296 0.837037
0.1521739 0.2753623 0.4202899 0.4057971 0.4202899 0.4782609 0.4565217 0.4347826 0.5507246 0.615942 0.6956522
0.4632353 0.5073529 0.5514706 0.625 0.7279412 0.6985294 0.7352941 0.632353 0.617647 0.5955882 0.5367647
0.5347222 0.5625 0.6041667 0.7777778 0.7083333 0.6944444 0.6875 0.7291667 0.6319444 0.5277778 0.4236111
0.04615385 0.02307692 0.06153846 0.06153846 0.0923077 0.05384615 0.1 0.0923077 0.07692308 0.1076923 0.07692308
0.4814815 0.4962963 0.5037037 0.5407407 0.5185185 0.5185185 0.5037037 0.4888889 0.4962963 0.5407407 0.4444444
0.4122137 0.2824427 0.4351145 0.4122137 0.4198473 0.4351145 0.389313 0.389313 0.4351145 0.6564885 0.7557252
0.5588235 0.5661765 0.6470588 0.7867647 0.6470588 0.6911765 0.7205882 0.5735294 0.632353 0.5514706 0.5294118
0.1102941 0.2647059 0.4705882 0.4558824 0.4852941 0.8455882 0.8529412 0.8455882 0.8014706 0.8308824 0.8308824
0.5851852 0.6222222 0.6222222 0.6222222 0.5925926 0.8666667 0.7851852 0.837037 0.8148148 0.8296296 0.837037
0.2647059 0.1397059 0.1323529 0.1397059 0.09558824 0.1029412 0.1029412 0.0882353 0.07352941 0.06617647 0.03676471
0.557971 0.5724638 0.6304348 0.5869565 0.8405797 0.8768116 0.8550725 0.8550725 0.826087 0.8115942 0.826087
0.4632353 0.5073529 0.5220588 0.7352941 0.7867647 0.6911765 0.757353 0.6397059 0.5808824 0.5294118 0.5367647
0.4814815 0.3851852 0.2 0.1777778 0.1629630 0.1925926 0.1703704 0.1555556 0.1333333 0.06666667 0.1259259
0.1755725 0.2900763 0.4656489 0.4656489 0.5648855 0.5343511 0.7328244 0.8244275 0.832061 0.8167939 0.8167939
0.5 0.5507246 0.5434783 0.5072464 0.4492754 0.5 0.4565217 0.5072464 0.6086957 0.615942 0.6956522
0.3538462 0.3461538 0.3615385 0.3461538 0.3384615 0.3538462 0.4538462 0.3923077 0.5461538 0.6692308 0.7384615
0.4632353 0.5073529 0.5514706 0.7352941 0.742647 0.7058824 0.757353 0.6397059 0.6029412 0.5367647 0.5073529
0.5347222 0.5625 0.6041667 0.7777778 0.7777778 0.7083333 0.7152778 0.7430556 0.6458333 0.5625 0.5486111
0.4285714 0.5338346 0.6390977 0.7518797 0.7368421 0.7293233 0.6691729 0.5338346 0.5338346 0.5112782 0.4887218
0.375 0.4044118 0.3014706 0.2867647 0.2941176 0.3014706 0.2941176 0.7132353 0.8897059 0.9044118 0.9117647
0.557971 0.5724638 0.6304348 0.5869565 0.789855 0.8768116 0.8550725 0.8550725 0.826087 0.8115942 0.826087
0.04615385 0.02307692 0.06153846 0.06153846 0.0923077 0.05384615 0.1 0.0923077 0.07692308 0.1076923 0.07692308
0.5588235 0.5661765 0.6470588 0.617647 0.6838235 0.6764706 0.6617647 0.6397059 0.5514706 0.5367647 0.5588235
0.5851852 0.6222222 0.6222222 0.837037 0.8148148 0.962963 0.9777778 0.9777778 0.9407407 0.9407407 0.962963
0.007518797 0.05263158 0.09022556 0.1127820 0.1203008 0.1428571 0.1954887 0.1879699 0.1879699 0.1804511 0.2180451
0.07692308 0.05384615 0.1076923 0.1538462 0.1692308 0.1846154 0.1846154 0.1923077 0.2076923 0.2 0.7230769
0.4632353 0.4485294 0.5220588 0.617647 0.742647 0.6911765 0.7132353 0.6102941 0.5882353 0.5147059 0.4705882
0.2647059 0.1470588 0.1323529 0.1397059 0.1029412 0.0882353 0.1102941 0.09558824 0.02205882 0.08088235 0.05882353
0.2941176 0.1764706 0.1544118 0.1470588 0.1176471 0.1470588 0.125 0.1102941 0.1176471 0.125 0.1029412
0.4285714 0.5338346 0.6390977 0.7518797 0.9172932 0.9172932 0.9473684 0.924812 0.924812 0.8947368 0.8947368
0.4637681 0.5072464 0.6521739 0.6666667 0.6884058 0.6666667 0.5797101 0.557971 0.5507246 0.4782609 0.4782609
0.07352941 0.04411765 0.1176471 0.09558824 0.0882353 0.1397059 0.1102941 0.1838235 0.2058824 0.1911765 0.2205882
0.4122137 0.480916 0.5038168 0.5725191 0.6946565 0.5343511 0.7251908 0.7557252 0.8244275 0.8091603 0.8091603
0.1461538 0.1538462 0.1230769 0.1307692 0.1307692 0.1307692 0.1384615 0.1307692 0.1153846 0.0923077 0.0923077
0.3851852 0.3851852 0.2814815 0.2518519 0.2592593 0.2814815 0.2666667 0.2740741 0.3259259 0.6296296 0.7481481
0.557971 0.5724638 0.6304348 0.7246377 0.9275362 0.9492754 0.9782609 0.9637681 0.9565217 0.9347826 0.9492754
0.5648855 0.480916 0.5954198 0.480916 0.4732824 0.4885496 0.4961832 0.5267176 0.5725191 0.4885496 0.480916
0.1615385 0.1538462 0.1230769 0.1307692 0.1461538 0.1384615 0.1461538 0.1384615 0.1153846 0.0923077 0.0923077
0.5347222 0.4166667 0.6041667 0.5555556 0.5277778 0.5625 0.625 0.7013889 0.625 0.4930556 0.4236111
0.5851852 0.6222222 0.6222222 0.837037 0.8444444 0.7407407 0.7481481 0.7185185 0.6592593 0.6074074 0.4740741
0.5 0.5507246 0.6521739 0.8115942 0.7753623 0.7536232 0.673913 0.6304348 0.6086957 0.5217391 0.5072464
0.4 0.5153846 0.6230769 0.5384615 0.5846154 0.6076923 0.6846154 0.6692308 0.6230769 0.6538462 0.5692308
0.5347222 0.5625 0.6041667 0.7777778 0.7083333 0.6944444 0.6805556 0.7152778 0.6319444 0.5277778 0.4236111
0.1461538 0.1230769 0.1230769 0.08461538 0.1 0.05384615 0.08461538 0.06923077 0.07692308 0.0923077 0.06923077
0.07352941 0.2132353 0.3088235 0.3161765 0.3235294 0.3235294 0.2941176 0.2794118 0.25 0.2352941 0.25
0.5384615 0.5846154 0.7307692 0.8846154 0.9153846 0.9384615 0.9846154 0.9615385 0.9538462 0.9461538 0.9538462
0.08888889 0.0962963 0.2814815 0.3481481 0.3777778 0.3481481 0.3185185 0.3259259 0.2518519 0.2296296 0.2222222
0.557971 0.5724638 0.6304348 0.6521739 0.884058 0.8768116 0.8695652 0.8550725 0.8333333 0.8188406 0.8333333
0.1811594 0.2536232 0.384058 0.3405797 0.3405797 0.3333333 0.3260870 0.2898551 0.3188406 0.2681159 0.2318841
0.04615385 0.03076923 0.06923077 0.06153846 0.0923077 0.06153846 0.1 0.1 0.07692308 0.1076923 0.07692308
0.4632353 0.5073529 0.5514706 0.7352941 0.9411765 0.9632353 0.9632353 0.9485294 0.9632353 0.9558824 0.9485294
0.4637681 0.4927536 0.4927536 0.5869565 0.6449275 0.5724638 0.5434783 0.5362319 0.4855072 0.4710145 0.4710145
0.5648855 0.5877863 0.6030534 0.5801527 0.7328244 0.6564885 0.8015267 0.8244275 0.8396947 0.8167939 0.8167939
0.4347826 0.384058 0.2971014 0.2898551 0.2681159 0.2753623 0.2826087 0.2681159 0.2463768 0.3333333 0.5434783
0.2519084 0.3587786 0.2137405 0.2290076 0.2442748 0.259542 0.2748092 0.2748092 0.5114504 0.648855 0.778626
0.5648855 0.5877863 0.6793893 0.7328244 0.8091603 0.7862595 0.7480916 0.6641221 0.6259542 0.5648855 0.4961832
0.557971 0.5724638 0.6304348 0.7246377 0.7391304 0.731884 0.6884058 0.6594203 0.6086957 0.5869565 0.4927536
0.2826087 0.3695652 0.4855072 0.442029 0.5072464 0.6594203 0.6014493 0.768116 0.7173913 0.7753623 0.7826087
0.1461538 0.2230769 0.3076923 0.3153846 0.3076923 0.3 0.2923077 0.2692308 0.2615385 0.2 0.1846154
0.5851852 0.4962963 0.5333333 0.5851852 0.5555556 0.5481481 0.5185185 0.5037037 0.5185185 0.5777778 0.4518519
0.05797101 0.05072464 0.05072464 0.05797101 0.07246377 0 0 0.08695652 0.03623188 0.1086957 0.04347826
0.557971 0.5724638 0.5362319 0.7246377 0.5942029 0.673913 0.6376812 0.6594203 0.5652174 0.5942029 0.5217391
0.07692308 0.05384615 0.1076923 0.1538462 0.1692308 0.1846154 0.1846154 0.1923077 0.2076923 0.2 0.7230769
0.5347222 0.5625 0.6041667 0.7777778 0.9375 0.9722222 0.9791667 0.9791667 0.9652778 0.9652778 0.9652778
0.5 0.5507246 0.6521739 0.8115942 0.7753623 0.7536232 0.7391304 0.6449275 0.6304348 0.5362319 0.5652174
0.4285714 0.5338346 0.6390977 0.7518797 0.9172932 0.9172932 0.9473684 0.924812 0.924812 0.8947368 0.8947368
0.5588235 0.5661765 0.6470588 0.7867647 0.9558824 0.9852941 0.992647 0.9632353 0.9632353 0.9705882 0.9485294
0.5384615 0.3846154 0.2769231 0.2846154 0.2769231 0.2846154 0.2769231 0.3384615 0.8538462 0.8692308 0.8846154
0.3037037 0.3777778 0.3185185 0.3037037 0.3185185 0.3111111 0.3111111 0.837037 0.874074 0.8962963 0.8888889
0.5851852 0.6222222 0.6222222 0.837037 0.8444444 0.7407407 0.7481481 0.7185185 0.6592593 0.6074074 0.4740741
0.4632353 0.5073529 0.5514706 0.5514706 0.7867647 0.867647 0.875 0.867647 0.8088235 0.8382353 0.8455882
0.5797101 0.5434783 0.615942 0.6231884 0.5652174 0.6956522 0.6014493 0.6811594 0.6449275 0.5869565 0.5289855
0.4057971 0.442029 0.3985507 0.4347826 0.4130435 0.384058 0.4202899 0.4057971 0.4347826 0.7536232 0.731884
0.389313 0.4122137 0.2213740 0.2290076 0.2442748 0.2519084 0.2748092 0.2824427 0.5572519 0.6717557 0.778626
0.3587786 0.4122137 0.1984733 0.1679389 0.1603053 0.1450382 0.1221374 0.1450382 0.09923664 0.129771 0.05343511
0.5588235 0.5661765 0.6470588 0.7867647 0.9558824 0.9852941 0.992647 0.9632353 0.9632353 0.9705882 0.9485294
0.5 0.5507246 0.6521739 0.7028986 0.7028986 0.6666667 0.5942029 0.5869565 0.5507246 0.4855072 0.5434783
0.4285714 0.5338346 0.6390977 0.7518797 0.9172932 0.9172932 0.9473684 0.924812 0.924812 0.8947368 0.8947368
0.1159420 0.06521739 0.07246377 0.08695652 0.1086957 0.02898551 0.1304348 0.1739130 0.1304348 0.1449275 0.1594203
0.5 0.5507246 0.6521739 0.8115942 0.9782609 0.9782609 0.9855072 0.9855072 0.9637681 0.942029 0.942029
0.5648855 0.5877863 0.6793893 0.7328244 0.7251908 0.7328244 0.7175573 0.6641221 0.610687 0.5343511 0.4961832
0.09774436 0.05263158 0.07518797 0.06015038 0.06015038 0.03759398 0.01503759 0.02255639 0.007518797 0.007518797 0.007518797
0.2426471 0.1544118 0.1397059 0.125 0.1176471 0.1029412 0.1102941 0.125 0.1323529 0.1323529 0.1397059
0.5 0.4927536 0.4782609 0.5942029 0.6884058 0.6884058 0.6231884 0.5869565 0.5507246 0.4782609 0.4710145
0.5797101 0.6376812 0.615942 0.7971014 0.9492754 0.9637681 0.9782609 0.9710145 0.9782609 0.9347826 0.9492754
0.5648855 0.5877863 0.6793893 0.7328244 0.7709924 0.8244275 0.7480916 0.6564885 0.6717557 0.5801527 0.4961832
0.5797101 0.6376812 0.615942 0.7971014 0.7826087 0.6956522 0.7173913 0.6521739 0.6521739 0.5869565 0.5289855
0.5384615 0.5846154 0.6 0.5461538 0.6153846 0.6153846 0.5615385 0.6 0.6076923 0.5230769 0.4307692
0.5 0.5507246 0.6521739 0.8115942 0.7753623 0.7536232 0.7391304 0.6449275 0.6449275 0.5362319 0.5652174
