0.5255474 0.4014599 0.2992701 0.2773723 0.2846715 0.2846715 0.2554745 0.2116788 0.1605839 0.1897810 0.1824818
0.4565217 0.615942 0.6956522 0.5724638 0.7753623 0.9347826 0.9782609 0.9782609 0.9927536 0.9782609 0.9855072
0.2370370 0.2148148 0.1555556 0.1555556 0.1555556 0.1185185 0.1037037 0.1037037 0.0962963 0.08148148 0.07407407
0.2461538 0.2769231 0.3923077 0.6153846 0.6307692 0.6153846 0.4769231 0.4692308 0.4307692 0.3153846 0.3307692
0.3043478 0.3768116 0.4347826 0.4710145 0.4565217 0.5 0.4927536 0.4565217 0.4782609 0.557971 0.384058
0.07462687 0.08955224 0.07462687 0.05223881 0.06716418 0.03731343 0.07462687 0.09701493 0.1044776 0.1791045 0.2388060
0.4666667 0.4592593 0.4888889 0.4740741 0.5703704 0.5555556 0.437037 0.4666667 0.4222222 0.3703704 0.3629630
0.02222222 0.03703704 0.02222222 0.02222222 0 0.01481481 0.01481481 0.02962963 0.03703704 0.02962963 0.04444444
0.2132353 0.1838235 0.125 0.125 0.0882353 0.07352941 0.05882353 0.05882353 0.03676471 0.08088235 0.07352941
0.5 0.4925373 0.5447761 0.6940299 0.6791045 0.619403 0.5970149 0.6940299 0.5671642 0.5746269 0.5373134
0.2222222 0.1333333 0.1555556 0.1481481 0.1481481 0.1333333 0.08888889 0.07407407 0.08888889 0.1037037 0.07407407
0.3153846 0.5615385 0.4384615 0.3923077 0.4384615 0.4384615 0.5846154 0.5615385 0.6461538 0.6538462 0.5923077
0.1268657 0.1343284 0.1343284 0.08955224 0.04477612 0.04477612 0.03731343 0.05970149 0.03731343 0.04477612 0.03731343
0.5481481 0.6740741 0.6740741 0.7481481 0.6666667 0.6518519 0.562963 0.6 0.5851852 0.5851852 0.5259259
0.3880597 0.2985075 0.4552239 0.6492537 0.6119403 0.619403 0.5522388 0.5746269 0.4626866 0.3432836 0.2985075
0.5857143 0.6428571 0.7 0.8357143 0.8928571 0.8071429 0.8 0.7857143 0.5785714 0.5714286 0.45
0.125 0.1691176 0.1764706 0.1617647 0.1617647 0.1323529 0.1323529 0.1029412 0.1102941 0.09558824 0.09558824
0.4565217 0.2681159 0.2246377 0.1884058 0.1376812 0.1159420 0.0942029 0.0942029 0.1304348 0.0942029 0.1376812
0.4769231 0.5615385 0.5923077 0.6153846 0.6461538 0.5615385 0.4461538 0.3769231 0.4230769 0.3 0.3307692
0.5481481 0.6740741 0.6740741 0.8814815 0.962963 0.925926 0.8148148 0.6444444 0.6814815 0.5481481 0.437037
0.3629630 0.5333333 0.4592593 0.5037037 0.5259259 0.5333333 0.4740741 0.4518519 0.4740741 0.4592593 0.4888889
0.5851852 0.6148148 0.6888889 0.8074074 0.9407407 0.8444444 0.8074074 0.7481481 0.6888889 0.6222222 0.5259259
0.1044776 0.08955224 0.06716418 0.05223881 0.04477612 0.03731343 0.05223881 0.07462687 0.1417910 0.1194030 0.1865672
0.5 0.4925373 0.6641791 0.6641791 0.6119403 0.619403 0.641791 0.7014925 0.6119403 0.6716418 0.6492537
0.5 0.3880597 0.2462687 0.2388060 0.2238806 0.1641791 0.1119403 0.1791045 0.1417910 0.09701493 0.06716418
0.1865672 0.1417910 0.1194030 0.1865672 0.2761194 0.2910448 0.3059701 0.8059701 0.8731343 0.9402985 0.8656716
0.02985075 0.02985075 0.02238806 0.02985075 0.04477612 0.007462687 0.04477612 0.05223881 0.07462687 0.1492537 0.1865672
0.5255474 0.5620438 0.7007299 0.7883212 0.6569343 0.7737226 0.9051095 0.919708 0.9124088 0.890511 0.8759124
0.4642857 0.4714286 0.4714286 0.7071429 0.75 0.8714286 0.9428571 0.9285714 0.9714286 0.9428571 0.9428571
0.2773723 0.2481752 0.2335766 0.1897810 0.2043796 0.1897810 0.1386861 0.1094891 0.1240876 0.1094891 0.1167883
0.4565217 0.615942 0.6956522 0.8405797 0.9565217 0.9347826 0.8333333 0.7463768 0.7246377 0.6086957 0.5434783
0.4642857 0.45 0.3285714 0.2642857 0.2642857 0.25 0.2214286 0.2142857 0.1928571 0.1714286 0.1785714
0.06666667 0.1111111 0.1037037 0.1111111 0.04444444 0.04444444 0.03703704 0.05185185 0.03703704 0.03703704 0.05925926
0.380597 0.5149254 0.5522388 0.5149254 0.5522388 0.5970149 0.8134328 0.8208955 0.8134328 0.8208955 0.8134328
0.4769231 0.5615385 0.776923 0.9 0.8384615 0.8846154 0.9 0.876923 0.8846154 0.8615385 0.8923077
0.5 0.4925373 0.4701493 0.4328358 0.4029851 0.4029851 0.4104478 0.4104478 0.6044776 0.7462687 0.7014925
0.375 0.5 0.6544118 0.6764706 0.742647 0.7132353 0.757353 0.8970588 0.8970588 0.8897059 0.9117647
0.2307692 0.2 0.2076923 0.2153846 0.2307692 0.2769231 0.2846154 0.2538462 0.2615385 0.3461538 0.4923077
0.5851852 0.4592593 0.3037037 0.2666667 0.2740741 0.2592593 0.2296296 0.1925926 0.2 0.2 0.2074074
0.5074627 0.5149254 0.3283582 0.2686567 0.2910448 0.2388060 0.2388060 0.1940299 0.1865672 0.1567164 0.1567164
0.5857143 0.6428571 0.5071429 0.5642857 0.5142857 0.6285714 0.5571429 0.5071429 0.65 0.5214286 0.5
0.5074627 0.5149254 0.6716418 0.6492537 0.5298507 0.5298507 0.6492537 0.5671642 0.641791 0.641791 0.6567164
0.4769231 0.5615385 0.4384615 0.4538462 0.4538462 0.5076923 0.6692308 0.6307692 0.6923077 0.6538462 0.6230769
0.5 0.4925373 0.6641791 0.7985075 0.9477612 0.9850746 0.9552239 0.9477612 0.9179104 0.9477612 0.9253731
0.4769231 0.5615385 0.3 0.2923077 0.2692308 0.2769231 0.2846154 0.2615385 0.2615385 0.3461538 0.4230769
0.5851852 0.6148148 0.5481481 0.5481481 0.5703704 0.6518519 0.8074074 0.8148148 0.8222222 0.8222222 0.837037
0.5074627 0.4552239 0.5597015 0.738806 0.9179104 0.8507463 0.738806 0.738806 0.6492537 0.4552239 0.4104478
0.2164179 0.2388060 0.3432836 0.3507463 0.3507463 0.3358209 0.3283582 0.3134328 0.2910448 0.2462687 0.3208955
0.3629630 0.3407407 0.4296296 0.4222222 0.4222222 0.4222222 0.5703704 0.5555556 0.6222222 0.6740741 0.6222222
0.5074627 0.5149254 0.6716418 0.858209 0.9701493 0.8880597 0.7910448 0.7835821 0.6791045 0.4626866 0.4104478
0.09558824 0.1029412 0.09558824 0.125 0.1176471 0.1470588 0.1544118 0.2647059 0.2941176 0.3235294 0.3602941
0.4769231 0.5615385 0.3 0.2923077 0.2923077 0.3153846 0.3 0.3076923 0.2846154 0.5 0.6
0.5255474 0.5620438 0.6350365 0.6350365 0.4963504 0.6131387 0.7007299 0.6277372 0.6934307 0.8321168 0.8467153
0.5481481 0.6740741 0.6740741 0.8814815 0.962963 0.925926 0.8148148 0.6444444 0.6814815 0.5481481 0.437037
0.5481481 0.6740741 0.6740741 0.8148148 0.8444444 0.9407407 0.9851852 1 0.9851852 0.9851852 0.9703704
0.2 0.1333333 0.1925926 0.1925926 0.1925926 0.2666667 0.2962963 0.2962963 0.5259259 0.7333333 0.8074074
0.4769231 0.5615385 0.6 0.6153846 0.6076923 0.6153846 0.6307692 0.6076923 0.6230769 0.6076923 0.5923077
0.5255474 0.5620438 0.6350365 0.6788321 0.6569343 0.7518248 0.8978102 0.919708 0.8978102 0.8832117 0.8759124
0.4769231 0.5615385 0.776923 0.5846154 0.5538462 0.6307692 0.7923077 0.7692308 0.7461538 0.6846154 0.6615385
0.375 0.5 0.6544118 0.8088235 0.9632353 0.9558824 0.9044118 0.8235294 0.7794118 0.7352941 0.6838235
0.5481481 0.6740741 0.6740741 0.7333333 0.6296296 0.6592593 0.5407407 0.5111111 0.562963 0.4296296 0.3407407
0.4769231 0.5615385 0.776923 0.5846154 0.5538462 0.6307692 0.7923077 0.7692308 0.7461538 0.6846154 0.6615385
0.4087591 0.5620438 0.6277372 0.620438 0.5109489 0.5255474 0.5182482 0.5474453 0.6715328 0.6861314 0.5985401
0.5255474 0.5620438 0.7007299 0.8613139 0.9051095 0.7883212 0.7226277 0.7445255 0.7445255 0.6642336 0.6350365
0.5857143 0.6428571 0.7 0.8357143 0.8928571 0.9714286 1 0.9857143 0.9785714 0.9928571 0.9785714
0.08461538 0.07692308 0.05384615 0.1076923 0.1076923 0.1230769 0.1615385 0.1384615 0.2384615 0.2 0.1923077
0.5255474 0.5620438 0.6350365 0.6788321 0.6569343 0.7518248 0.8978102 0.919708 0.8978102 0.8832117 0.8759124
0.4769231 0.5615385 0.776923 0.9 0.9461538 0.8692308 0.6692308 0.6230769 0.5 0.4230769 0.4307692
0.375 0.5 0.6544118 0.8088235 0.9632353 0.9558824 0.9044118 0.8235294 0.7794118 0.7352941 0.6838235
0.4565217 0.615942 0.6956522 0.5724638 0.731884 0.9130435 0.9710145 0.9782609 0.9927536 0.9782609 0.9782609
0.5255474 0.5620438 0.7007299 0.8613139 0.8540146 0.7883212 0.7226277 0.729927 0.7445255 0.6642336 0.620438
0.4565217 0.4855072 0.3260870 0.2681159 0.2753623 0.2753623 0.2318841 0.2391304 0.1884058 0.2028986 0.1956522
0.375 0.5 0.6544118 0.8088235 0.8161765 0.7720588 0.9338235 0.9779412 0.9852941 1 0.9852941
0.5851852 0.4592593 0.6888889 0.4888889 0.4444444 0.5037037 0.4518519 0.4296296 0.5259259 0.7259259 0.7259259
0.1716418 0.1940299 0.1044776 0.1194030 0.08955224 0.06716418 0.04477612 0.04477612 0.05970149 0.04477612 0.04477612
0.4565217 0.615942 0.6956522 0.7608696 0.673913 0.6086957 0.615942 0.557971 0.5217391 0.3768116 0.384058
0.3088235 0.5 0.6544118 0.5294118 0.4411765 0.4411765 0.4411765 0.4558824 0.4779412 0.4264706 0.5147059
0.375 0.5 0.6544118 0.6764706 0.742647 0.7132353 0.757353 0.8970588 0.8970588 0.8897059 0.9117647
0.5851852 0.6148148 0.6888889 0.8074074 0.9481481 0.8444444 0.8074074 0.7481481 0.7037037 0.6222222 0.5259259
0.3088235 0.2720588 0.3823529 0.3823529 0.4191176 0.5955882 0.5882353 0.5294118 0.5955882 0.5514706 0.5735294
0.375 0.5 0.6544118 0.5294118 0.5441176 0.5294118 0.632353 0.7279412 0.7794118 0.8308824 0.8382353
0.1791045 0.2313433 0.1417910 0.1119403 0.07462687 0.07462687 0.08208955 0.06716418 0.03731343 0.03731343 0.04477612
0.5255474 0.5620438 0.7007299 0.8613139 0.9051095 0.7883212 0.7226277 0.7445255 0.7445255 0.6642336 0.6350365
0.5074627 0.5149254 0.3283582 0.2835821 0.2910448 0.2388060 0.2388060 0.2089552 0.1865672 0.1567164 0.1567164
0.3065693 0.4014599 0.4306569 0.4452555 0.4525547 0.5036496 0.5109489 0.5328467 0.6277372 0.6642336 0.5766423
0.1268657 0.1417910 0.2313433 0.3432836 0.3283582 0.3283582 0.3059701 0.2910448 0.2985075 0.2686567 0.1567164
0.1071429 0.1071429 0.08571429 0.07142857 0.1214286 0.09285714 0.1857143 0.1785714 0.2285714 0.2571429 0.3214286
0.3481481 0.3629630 0.2814815 0.2814815 0.2518519 0.2592593 0.2074074 0.1925926 0.1777778 0.1777778 0.2444444
0.2444444 0.3037037 0.3703704 0.4222222 0.6 0.6296296 0.4814815 0.4666667 0.4 0.3037037 0.2222222
0.04477612 0.06716418 0.03731343 0.02238806 0.02238806 0.01492537 0.02238806 0.02985075 0.05970149 0.04477612 0.08955224
0.1865672 0.1417910 0.1194030 0.1865672 0.2761194 0.2910448 0.3059701 0.8059701 0.8731343 0.9402985 0.8656716
0.5851852 0.6148148 0.6888889 0.4888889 0.4740741 0.5111111 0.4518519 0.4296296 0.5259259 0.7259259 0.7333333
0.5074627 0.4477612 0.4029851 0.4179104 0.4925373 0.4850746 0.4328358 0.6119403 0.5895522 0.7089552 0.7014925
0.01449275 0.01449275 0.01449275 0.04347826 0.0942029 0.1231884 0.1884058 0.1231884 0.1884058 0.2608696 0.5289855
0.3043478 0.3333333 0.3985507 0.6449275 0.5362319 0.557971 0.5797101 0.5217391 0.5 0.384058 0.3695652
0.2773723 0.2846715 0.2919708 0.2627737 0.2773723 0.2627737 0.1897810 0.1970803 0.1313869 0.1386861 0.1386861
0.1142857 0.1571429 0.1571429 0.1785714 0.2071429 0.2428571 0.2928571 0.2928571 0.4928571 0.7214286 0.7785714
0.5 0.4925373 0.6641791 0.6641791 0.6119403 0.619403 0.641791 0.7014925 0.6119403 0.6716418 0.6492537
0.3043478 0.3333333 0.3985507 0.6449275 0.5362319 0.557971 0.5797101 0.5217391 0.5 0.384058 0.3695652
0.01459854 0.02189781 0.00729927 0.02919708 0.1021898 0.08759124 0.1532847 0.1970803 0.2554745 0.2846715 0.3284672
0.3259259 0.3185185 0.4222222 0.4888889 0.5555556 0.4592593 0.4888889 0.5481481 0.5703704 0.562963 0.5259259
0.5857143 0.6428571 0.7 0.7 0.7571429 0.6571429 0.7285714 0.6357143 0.5142857 0.4214286 0.4
0.5851852 0.6148148 0.4888889 0.5481481 0.5703704 0.6444444 0.8074074 0.8148148 0.8148148 0.8222222 0.8296296
0.4565217 0.615942 0.6956522 0.8405797 0.8550725 0.731884 0.8333333 0.7173913 0.7826087 0.7536232 0.7101449
0.4769231 0.5615385 0.6 0.6307692 0.7 0.6615385 0.4923077 0.4923077 0.4384615 0.3384615 0.3692308
0.1857143 0.1642857 0.08571429 0.06428571 0.05 0.03571429 0.03571429 0.02857143 0.04285714 0.03571429 0.01428571
0.3357143 0.5642857 0.4642857 0.5571429 0.5142857 0.4928571 0.5285714 0.5714286 0.7142857 0.5214286 0.5428571
0.07142857 0.1071429 0.1928571 0.3214286 0.3285714 0.3428571 0.4142857 0.6285714 0.6928571 0.7714286 0.7928571
0.5481481 0.6740741 0.6740741 0.8814815 0.8148148 0.874074 0.9333333 0.9037037 0.925926 0.8962963 0.9037037
0.5074627 0.5149254 0.6716418 0.738806 0.7910448 0.9179104 0.9701493 0.9850746 0.9701493 0.9626866 0.9626866
0.5481481 0.6740741 0.6740741 0.7481481 0.6666667 0.6518519 0.562963 0.6 0.5851852 0.5851852 0.5259259
0.5851852 0.4592593 0.3037037 0.2666667 0.2740741 0.2592593 0.2370370 0.1925926 0.2 0.2 0.2148148
0.5 0.4925373 0.6641791 0.880597 0.880597 0.7910448 0.7761194 0.6791045 0.6044776 0.4626866 0.3955224
0.4769231 0.5615385 0.776923 0.9 0.9461538 0.8692308 0.6692308 0.6230769 0.5 0.4230769 0.4307692
0.5074627 0.4552239 0.5522388 0.5298507 0.5223881 0.5074627 0.5895522 0.5671642 0.6119403 0.5820896 0.619403
0.4769231 0.3923077 0.3 0.2923077 0.2692308 0.2769231 0.2846154 0.2615385 0.2538462 0.3461538 0.4230769
0.4769231 0.5615385 0.3 0.2923077 0.2692308 0.2769231 0.2538462 0.2461538 0.2384615 0.2615385 0.2846154
0.5481481 0.6740741 0.6740741 0.8814815 0.8148148 0.874074 0.9333333 0.9037037 0.925926 0.8962963 0.9037037
0.3208955 0.2835821 0.5522388 0.5298507 0.4925373 0.5 0.5746269 0.5149254 0.5895522 0.5597015 0.5895522
0.3955224 0.5149254 0.5597015 0.5298507 0.5298507 0.5074627 0.6343284 0.5522388 0.6268657 0.6268657 0.6567164
0.4642857 0.5642857 0.6 0.6642857 0.6571429 0.6214286 0.6357143 0.75 0.7357143 0.65 0.6714286
0.5074627 0.4477612 0.4776119 0.4253731 0.4925373 0.4626866 0.4328358 0.5671642 0.5970149 0.6865672 0.6716418
0.2647059 0.25 0.2132353 0.2205882 0.1985294 0.1911765 0.1911765 0.1838235 0.1544118 0.1617647 0.1323529
0.1703704 0.2296296 0.3111111 0.4074074 0.4518519 0.4 0.3925926 0.3555556 0.2888889 0.2592593 0.2222222
0.02238806 0.03731343 0.04477612 0 0.007462687 0.007462687 0 0.007462687 0.01492537 0 0.007462687
0.375 0.5 0.6544118 0.5514706 0.5 0.4705882 0.4558824 0.4632353 0.4779412 0.4264706 0.5441176
0.375 0.5 0.6544118 0.6764706 0.742647 0.7132353 0.757353 0.8970588 0.8970588 0.8897059 0.9117647
0.4565217 0.615942 0.6956522 0.7608696 0.731884 0.6521739 0.8333333 0.7536232 0.8043478 0.789855 0.789855
0.5 0.4925373 0.6641791 0.7985075 0.9477612 0.9850746 0.9552239 0.9477612 0.9179104 0.9477612 0.9253731
0.0942029 0.05072464 0.02173913 0.01449275 0.02173913 0.03623188 0.05797101 0.1159420 0.1086957 0.07971014 0.1739130
0.05714286 0.04285714 0.05714286 0.02142857 0 0 0 0.007142857 0.01428571 0.02142857 0.02857143
0.2985075 0.3880597 0.5223881 0.4925373 0.5447761 0.8507463 0.8432836 0.8059701 0.7835821 0.8134328 0.8208955
0.5857143 0.6428571 0.7 0.8357143 0.8928571 0.8071429 0.8 0.7857143 0.5785714 0.5714286 0.45
0.3384615 0.3923077 0.4384615 0.4615385 0.4769231 0.6076923 0.776923 0.7230769 0.7461538 0.6692308 0.6615385
0.5857143 0.6428571 0.5928571 0.5642857 0.5071429 0.4428571 0.5928571 0.5071429 0.6571429 0.75 0.6928571
0.4642857 0.45 0.3285714 0.2642857 0.2642857 0.25 0.2214286 0.2142857 0.1928571 0.1714286 0.1785714
0.06617647 0.05147059 0.03676471 0.02205882 0.01470588 0.01470588 0.01470588 0.01470588 0.01470588 0 0.01470588
0.4769231 0.3923077 0.6 0.8307692 0.8923077 0.8461538 0.5846154 0.5769231 0.5 0.4076923 0.3923077
0.4769231 0.5615385 0.776923 0.9 0.9461538 0.8692308 0.6692308 0.6230769 0.5 0.4230769 0.4307692
0.02142857 0.05 0.1571429 0.3428571 0.3428571 0.3428571 0.3857143 0.3714286 0.6428571 0.7142857 0.6785714
0.1777778 0.2444444 0.1925926 0.1851852 0.1555556 0.1407407 0.1185185 0.1185185 0.1111111 0.1185185 0.1185185
0.5481481 0.6740741 0.6740741 0.5481481 0.6666667 0.6074074 0.8 0.7851852 0.762963 0.7925926 0.7481481
0.5857143 0.6428571 0.7 0.8357143 0.8928571 0.8071429 0.8 0.7857143 0.5785714 0.5714286 0.45
0.05925926 0.05925926 0.07407407 0.1037037 0.1333333 0.1555556 0.2814815 0.3111111 0.8222222 0.925926 0.925926
0.1142857 0.15 0.1428571 0.1785714 0.2 0.2285714 0.2857143 0.2928571 0.4642857 0.7214286 0.7785714
0.06569343 0.1386861 0.2408759 0.3576642 0.3576642 0.3503650 0.4525547 0.3795620 0.4671533 0.4379562 0.5766423
0.3142857 0.45 0.3785714 0.4285714 0.4357143 0.4214286 0.4142857 0.4214286 0.3857143 0.45 0.2785714
0.5851852 0.6148148 0.6888889 0.7259259 0.7777778 0.6444444 0.637037 0.6962963 0.7259259 0.5185185 0.6
0.5857143 0.6428571 0.7 0.6357143 0.7428571 0.7285714 0.8357143 0.8142857 0.8142857 0.8285714 0.8357143
0.3142857 0.4642857 0.3714286 0.4285714 0.4285714 0.4285714 0.4071429 0.4214286 0.3785714 0.45 0.2785714
0.4769231 0.5615385 0.776923 0.5846154 0.5538462 0.6307692 0.7923077 0.7692308 0.7461538 0.6846154 0.6615385
