0.1811594 0.2898551 0.2318841 0.2173913 0.2028986 0.1739130 0.1376812 0.08695652 0.0942029 0.0942029 0.1376812
0.5354331 0.5511811 0.6220472 0.8031496 0.9448819 0.9055118 0.9133858 0.8897638 0.8976378 0.8740157 0.8818898
0.4963504 0.4744526 0.3649635 0.2773723 0.2554745 0.2408759 0.2116788 0.2408759 0.1678832 0.1897810 0.1459854
0.4852941 0.5661765 0.5661765 0.742647 0.9044118 0.8970588 0.9264706 0.9264706 0.875 0.7867647 0.6764706
0.4929577 0.4859155 0.6619718 0.6478873 0.7394366 0.7394366 0.6971831 0.6901408 0.6971831 0.7112676 0.7042254
0.09848485 0.0909091 0.06818182 0.06060606 0.09848485 0.04545455 0.07575758 0.1363636 0.2045455 0.1893939 0.25
0.3969466 0.4656489 0.6717557 0.7557252 0.7709924 0.8549618 0.8931298 0.9312977 0.8931298 0.908397 0.8625954
0.5354331 0.4645669 0.2992126 0.2519685 0.2519685 0.2440945 0.1653543 0.1811024 0.1732283 0.1496063 0.1732283
0.3969466 0.4656489 0.3587786 0.2900763 0.259542 0.2442748 0.3053435 0.4274809 0.5877863 0.6793893 0.7099237
0.5109489 0.5693431 0.5182482 0.6350365 0.9416058 0.890511 0.8832117 0.8832117 0.8613139 0.8175182 0.810219
0.1653543 0.1338583 0.07874016 0.07874016 0.07086614 0.03937008 0.03149606 0.05511811 0.04724409 0.03149606 0.05511811
0.5075758 0.4848485 0.4621212 0.4393939 0.4090909 0.3787879 0.3787879 0.3787879 0.3863636 0.3636364 0.3863636
0.04724409 0.03937008 0.03149606 0.04724409 0.02362205 0.007874016 0.007874016 0 0.007874016 0.007874016 0.007874016
0.5109489 0.5693431 0.5182482 0.6350365 0.9416058 0.8759124 0.8832117 0.8759124 0.8467153 0.7591241 0.7956204
0.4927536 0.4927536 0.5942029 0.7608696 0.7536232 0.8985507 0.9057971 0.8405797 0.8550725 0.8695652 0.8550725
0.5354331 0.5511811 0.6220472 0.8031496 0.9448819 0.9055118 0.9291339 0.8897638 0.8503937 0.7952756 0.8110236
0.1515152 0.1515152 0.07575758 0.08333333 0.1060606 0.07575758 0.1439394 0.1590909 0.2348485 0.2424242 0.2803030
0.1386861 0.1751825 0.1240876 0.0729927 0.08029197 0.03649635 0.02919708 0.04379562 0.01459854 0.00729927 0.06569343
0.5354331 0.5511811 0.6220472 0.8031496 0.9448819 0.9055118 0.9133858 0.8897638 0.8976378 0.8740157 0.8818898
0.08029197 0.05109489 0.2992701 0.3649635 0.3649635 0.3503650 0.3430657 0.3576642 0.3430657 0.2992701 0.3795620
0.4963504 0.5328467 0.5693431 0.5766423 0.810219 0.9051095 0.8978102 0.9270073 0.8832117 0.8613139 0.8029197
0.3228346 0.3858268 0.488189 0.511811 0.503937 0.4566929 0.4409449 0.4094488 0.4094488 0.3228346 0.3464567
0.08661417 0.08661417 0.07086614 0.1102362 0.1023622 0.1889764 0.2834646 0.3149606 0.3149606 0.7086614 0.8976378
0.5075758 0.5378788 0.5681818 0.7424242 0.9166667 0.9090909 0.9318182 0.9166667 0.9242424 0.8636364 0.8863636
0.2681159 0.1739130 0.1376812 0.0942029 0.08695652 0.0942029 0.0942029 0.1521739 0.1304348 0.0942029 0.1449275
0.02290076 0.02290076 0.007633588 0.007633588 0 0.007633588 0.007633588 0.01526718 0.06870229 0.04580153 0.09923664
0.1811024 0.1417323 0.1338583 0.1417323 0.1259843 0.1417323 0.2362205 0.2834646 0.2598425 0.3700787 0.3307087
0.3333333 0.4202899 0.4492754 0.4855072 0.4710145 0.4637681 0.4565217 0.4275362 0.4130435 0.3695652 0.3478261
0.5075758 0.5378788 0.5681818 0.7424242 0.9318182 0.9015152 0.8181818 0.8484848 0.8030303 0.7348485 0.7348485
0.2116788 0.1970803 0.1386861 0.1386861 0.1970803 0.1678832 0.2043796 0.2408759 0.270073 0.2627737 0.2773723
0.1102941 0.25 0.3823529 0.3897059 0.3897059 0.4191176 0.4485294 0.3970588 0.4191176 0.5147059 0.6764706
0.02205882 0.01470588 0.01470588 0.01470588 0.02205882 0.04411765 0.05882353 0.1911765 0.2867647 0.2941176 0.3014706
0.1619718 0.1549296 0.1126761 0.08450704 0.08450704 0.04929577 0.06338028 0.05633803 0.05633803 0.01408451 0.03521127
0.5109489 0.5693431 0.5182482 0.6350365 0.6715328 0.6350365 0.5547445 0.5474453 0.540146 0.4744526 0.540146
0.1102362 0.1338583 0.2992126 0.3700787 0.3700787 0.3543307 0.3779528 0.3543307 0.4094488 0.4488189 0.4645669
0.5075758 0.5378788 0.5681818 0.6212121 0.5984848 0.5681818 0.5227273 0.5378788 0.5151515 0.4469697 0.4469697
0.4963504 0.5328467 0.5693431 0.6131387 0.7664234 0.7445255 0.7372263 0.7153285 0.7226277 0.6934307 0.7007299
0.5075758 0.4090909 0.2045455 0.1818182 0.1136364 0.1212121 0.1212121 0.1287879 0.07575758 0.07575758 0.06818182
0.3969466 0.4656489 0.3587786 0.2900763 0.259542 0.2442748 0.3053435 0.4274809 0.5877863 0.6793893 0.7099237
0.4852941 0.4632353 0.3676471 0.2794118 0.1838235 0.2426471 0.2426471 0.25 0.2279412 0.1691176 0.125
0.2748092 0.3206107 0.5648855 0.7328244 0.7709924 0.7709924 0.7633588 0.7709924 0.8396947 0.8167939 0.7557252
0.5460993 0.4468085 0.5673759 0.6028369 0.6666667 0.6595745 0.6666667 0.6524823 0.716312 0.6737589 0.680851
0.4929577 0.4859155 0.6619718 0.6478873 0.6408451 0.5422535 0.528169 0.5140845 0.556338 0.5 0.5140845
0.4963504 0.5328467 0.5109489 0.5766423 0.5620438 0.5547445 0.540146 0.5839416 0.649635 0.620438 0.620438
0.1014493 0.1014493 0.1086957 0.05797101 0.05797101 0.04347826 0.03623188 0.02173913 0.02173913 0.02173913 0.04347826
0.4852941 0.5661765 0.5661765 0.742647 0.6764706 0.6470588 0.6029412 0.6470588 0.6470588 0.6470588 0.5955882
0.04545455 0.03787879 0.06818182 0.3030303 0.3333333 0.3333333 0.3484848 0.3484848 0.3560606 0.3863636 0.3939394
0.5109489 0.5693431 0.5182482 0.6350365 0.9416058 0.8759124 0.8832117 0.8759124 0.8467153 0.7591241 0.7956204
0.3357664 0.4744526 0.4817518 0.5620438 0.4890511 0.5474453 0.5109489 0.5985401 0.5693431 0.5985401 0.649635
0.4929577 0.4859155 0.6619718 0.7464789 0.6971831 0.6901408 0.6408451 0.6408451 0.6338028 0.6408451 0.6056338
0.3405797 0.3768116 0.2971014 0.2463768 0.2536232 0.2391304 0.2173913 0.2318841 0.2318841 0.2391304 0.2608696
0.3768116 0.2898551 0.2318841 0.1884058 0.1666667 0.1739130 0.1376812 0.1594203 0.07246377 0.1014493 0.0942029
0.5075758 0.5378788 0.5681818 0.7424242 0.7878788 0.7348485 0.7424242 0.689394 0.6969697 0.689394 0.6969697
0.4015152 0.4848485 0.5 0.5075758 0.4772727 0.4848485 0.4469697 0.4772727 0.3939394 0.3560606 0.3560606
0.5460993 0.4468085 0.5673759 0.7659574 0.7446809 0.7234043 0.6453901 0.8510638 0.6241135 0.5531915 0.6312057
0.03787879 0.03787879 0.06060606 0.06060606 0.1060606 0.1212121 0.1969697 0.2424242 0.25 0.5151515 0.75
0.5109489 0.5693431 0.5182482 0.6350365 0.8467153 0.9489051 0.9124088 0.9270073 0.9051095 0.9124088 0.8759124
0.5109489 0.5693431 0.5182482 0.6350365 0.9416058 0.8759124 0.8832117 0.8759124 0.8467153 0.7591241 0.7956204
0.2112676 0.2464789 0.3873239 0.4014085 0.556338 0.7323944 0.7394366 0.8802817 0.8943662 0.9577465 0.9788732
0.5460993 0.4468085 0.5673759 0.7659574 0.7446809 0.7234043 0.6453901 0.8510638 0.6241135 0.5531915 0.6312057
0.4927536 0.4927536 0.5942029 0.7608696 0.7536232 0.731884 0.7173913 0.768116 0.8115942 0.7463768 0.7246377
0.3779528 0.4094488 0.511811 0.519685 0.511811 0.4645669 0.4409449 0.4251969 0.4173228 0.3307087 0.3543307
0.3098592 0.2957746 0.4577465 0.471831 0.6830986 0.7394366 0.8802817 0.9225352 0.943662 1 0.9859155
0.4130435 0.5144928 0.6014493 0.768116 0.9492754 0.8985507 0.8985507 0.8478261 0.8695652 0.8405797 0.7971014
0.5354331 0.5511811 0.6220472 0.7165354 0.6062992 0.5984252 0.6535433 0.5275591 0.519685 0.4724409 0.4645669
0.4852941 0.4632353 0.3676471 0.2794118 0.1838235 0.2426471 0.2426471 0.25 0.2352941 0.1691176 0.125
0.3969466 0.4656489 0.6717557 0.7557252 0.7709924 0.8549618 0.8931298 0.9312977 0.8931298 0.908397 0.8625954
0.5354331 0.5511811 0.6220472 0.7165354 0.6062992 0.5984252 0.6535433 0.5275591 0.519685 0.4724409 0.4645669
0.5109489 0.5693431 0.5182482 0.6350365 0.6715328 0.6350365 0.5547445 0.5474453 0.540146 0.4744526 0.540146
0.5460993 0.4468085 0.5673759 0.7659574 0.7446809 0.7234043 0.6453901 0.8510638 0.6241135 0.5531915 0.6312057
0.4852941 0.5661765 0.5661765 0.617647 0.625 0.625 0.6102941 0.5220588 0.5220588 0.4632353 0.5514706
0.3333333 0.2753623 0.1739130 0.1521739 0.1231884 0.1231884 0.0942029 0.1086957 0.07246377 0.06521739 0.1014493
0.3969466 0.4656489 0.6717557 0.7328244 0.6946565 0.7175573 0.6717557 0.6564885 0.6183206 0.519084 0.5267176
0.05797101 0.04347826 0.05797101 0.3405797 0.3478261 0.3623188 0.4347826 0.4565217 0.673913 0.8043478 0.8768116
0.5075758 0.4090909 0.2045455 0.1818182 0.1136364 0.1212121 0.1212121 0.1287879 0.07575758 0.07575758 0.06818182
0.04411765 0.1911765 0.2573529 0.3823529 0.4191176 0.4779412 0.5 0.5588235 0.6470588 0.5661765 0.5441176
0.5075758 0.5378788 0.5681818 0.7424242 0.7878788 0.7348485 0.7424242 0.689394 0.6969697 0.689394 0.6969697
0.5354331 0.5511811 0.6220472 0.8031496 0.9448819 0.9055118 0.9291339 0.8897638 0.8503937 0.7952756 0.8110236
0.4927536 0.4927536 0.5942029 0.7608696 0.7028986 0.673913 0.673913 0.7173913 0.6884058 0.673913 0.7101449
0.5075758 0.5378788 0.5681818 0.7424242 0.9166667 0.8636364 0.8636364 0.8712121 0.8030303 0.7348485 0.7575758
0.129771 0.2137405 0.2977099 0.4045802 0.5343511 0.7557252 0.7633588 0.7633588 0.7709924 0.7557252 0.7099237
0.3900709 0.3758865 0.3191489 0.2056738 0.2340426 0.2624113 0.2127660 0.1560284 0.1418440 0.1914894 0.1347518
0.4963504 0.5328467 0.5693431 0.5766423 0.649635 0.6058394 0.5474453 0.6350365 0.6788321 0.6788321 0.620438
0.1653543 0.1338583 0.08661417 0.07874016 0.07086614 0.03937008 0.03149606 0.05511811 0.04724409 0.03149606 0.05511811
0.4929577 0.4859155 0.6619718 0.6478873 0.6408451 0.5422535 0.528169 0.5140845 0.556338 0.5 0.5140845
0.2836879 0.2695035 0.4042553 0.3971631 0.4042553 0.3900709 0.3617021 0.3617021 0.3404255 0.3120567 0.3191489
0.1060606 0.1136364 0.06818182 0.06060606 0.09848485 0.0530303 0.1212121 0.1590909 0.25 0.2803030 0.3333333
0 0 0 0.007246377 0.007246377 0.02898551 0.05797101 0.04347826 0.05797101 0.07246377 0.07971014
0.4927536 0.4927536 0.557971 0.6231884 0.557971 0.5942029 0.5434783 0.5362319 0.5144928 0.5217391 0.4855072
0.3758865 0.3758865 0.3191489 0.2056738 0.2340426 0.2624113 0.2127660 0.1631206 0.1702128 0.2056738 0.1347518
0.3969466 0.4656489 0.3587786 0.2900763 0.259542 0.2442748 0.3053435 0.4274809 0.5877863 0.6793893 0.7099237
0.3969466 0.4656489 0.6717557 0.6564885 0.6030534 0.5801527 0.5648855 0.5267176 0.4122137 0.3816794 0.3969466
0.3333333 0.4565217 0.4637681 0.4347826 0.4347826 0.4202899 0.4202899 0.4057971 0.3913043 0.3478261 0.3985507
0.4963504 0.4744526 0.3649635 0.2627737 0.2627737 0.2992701 0.2846715 0.2627737 0.2554745 0.2627737 0.2408759
0.1824818 0.1313869 0.3649635 0.4014599 0.4014599 0.3649635 0.3576642 0.3576642 0.3503650 0.2335766 0.2846715
0.3722628 0.3284672 0.3430657 0.2992701 0.2773723 0.2919708 0.2919708 0.2773723 0.270073 0.4379562 0.2773723
0.4566929 0.5511811 0.3149606 0.2913386 0.2913386 0.2677165 0.2755906 0.2283465 0.2283465 0.2204724 0.2283465
0.3235294 0.4558824 0.4926471 0.5147059 0.6029412 0.617647 0.5955882 0.6470588 0.6470588 0.6470588 0.6029412
0.3969466 0.4656489 0.6717557 0.7557252 0.7709924 0.8549618 0.8931298 0.9312977 0.8931298 0.908397 0.8625954
0.5109489 0.3868613 0.3430657 0.2262774 0.2408759 0.2335766 0.2335766 0.2262774 0.1897810 0.1678832 0.1240876
0.4963504 0.5328467 0.5693431 0.5766423 0.810219 0.9051095 0.8978102 0.9270073 0.8832117 0.8613139 0.8029197
0 0 0.03149606 0.2913386 0.3228346 0.3228346 0.3228346 0.3307087 0.3464567 0.3779528 0.4094488
0.4963504 0.5328467 0.5693431 0.5766423 0.810219 0.9051095 0.8978102 0.9270073 0.8832117 0.8613139 0.7591241
0.2205882 0.2573529 0.3823529 0.3970588 0.4117647 0.4485294 0.4779412 0.5 0.5294118 0.75 0.9411765
0.4130435 0.5144928 0.6014493 0.768116 0.9492754 0.8985507 0.8985507 0.8478261 0.8695652 0.8405797 0.7971014
0.5075758 0.5 0.3636364 0.2348485 0.1969697 0.1969697 0.1818182 0.1969697 0.1212121 0.1136364 0.1287879
0.4852941 0.5661765 0.5661765 0.742647 0.6764706 0.6470588 0.6029412 0.6470588 0.6470588 0.6470588 0.5955882
0.5109489 0.5693431 0.5182482 0.6350365 0.729927 0.7007299 0.6861314 0.6569343 0.6569343 0.6642336 0.6715328
0.3969466 0.4656489 0.4961832 0.6717557 0.7175573 0.7328244 0.7251908 0.7099237 0.6793893 0.6335878 0.5496183
0.129771 0.2213740 0.2442748 0.3816794 0.4198473 0.6030534 0.7099237 0.7328244 0.7328244 0.7251908 0.7251908
0.5460993 0.3758865 0.5673759 0.6028369 0.5390071 0.5319149 0.5248227 0.4751773 0.6170213 0.5886525 0.6099291
0.4347826 0.4710145 0.3333333 0.2463768 0.2391304 0.2391304 0.2101449 0.1666667 0.2173913 0.1666667 0.1956522
0.5354331 0.5511811 0.6220472 0.7165354 0.6062992 0.5984252 0.6535433 0.5275591 0.519685 0.4724409 0.4645669
0.4927536 0.4927536 0.5942029 0.6231884 0.5652174 0.6086957 0.557971 0.5434783 0.5217391 0.5217391 0.4927536
0.5354331 0.5511811 0.6220472 0.8031496 0.9448819 0.9055118 0.9133858 0.8897638 0.8976378 0.8740157 0.8818898
0.07801418 0.07092199 0.05673759 0.05673759 0.04255319 0.03546099 0.01418440 0.007092199 0 0.007092199 0.02836879
0.3969466 0.4656489 0.3587786 0.2900763 0.259542 0.2442748 0.3053435 0.4122137 0.5801527 0.6793893 0.7099237
0.3357664 0.3503650 0.4525547 0.4525547 0.4452555 0.3868613 0.3941606 0.3795620 0.3868613 0.3649635 0.3722628
0.5075758 0.5378788 0.5681818 0.6212121 0.5984848 0.5681818 0.5227273 0.5378788 0.5151515 0.4469697 0.4469697
0.4927536 0.4927536 0.5942029 0.7608696 0.7536232 0.8985507 0.9057971 0.8623188 0.884058 0.8405797 0.8043478
0.5075758 0.5378788 0.5681818 0.7424242 0.9166667 0.9015152 0.8181818 0.8409091 0.8030303 0.7348485 0.7348485
0.4130435 0.5144928 0.4927536 0.4855072 0.4710145 0.4782609 0.4565217 0.4347826 0.4202899 0.3768116 0.3985507
0.1679389 0.2290076 0.2290076 0.1679389 0.1832061 0.1832061 0.1908397 0.2213740 0.4274809 0.5114504 0.5419847
0.4963504 0.5328467 0.5693431 0.6131387 0.890511 0.919708 0.9124088 0.8759124 0.8832117 0.7956204 0.7007299
0.08396947 0.08396947 0.2137405 0.1679389 0.1832061 0.1832061 0.1832061 0.2061069 0.3129771 0.4580153 0.5419847
0.5075758 0.5378788 0.5681818 0.6666667 0.6590909 0.7651515 0.75 0.6818182 0.7575758 0.7121212 0.6969697
0.4130435 0.5144928 0.6014493 0.768116 0.9492754 0.8985507 0.8985507 0.8478261 0.8695652 0.8405797 0.7971014
0.3969466 0.4656489 0.6717557 0.6564885 0.6030534 0.5801527 0.5648855 0.5267176 0.4122137 0.3816794 0.3969466
0.5354331 0.5511811 0.6220472 0.7165354 0.9448819 0.8582677 0.8976378 0.8897638 0.8425197 0.7952756 0.8110236
0.4191176 0.4632353 0.3235294 0.2647059 0.2794118 0.2647059 0.2352941 0.2426471 0.2279412 0.2647059 0.2352941
0.1653543 0.1417323 0.1102362 0.1102362 0.1181102 0.1259843 0.2204724 0.2834646 0.2598425 0.3858268 0.3622047
0.4927536 0.4927536 0.5942029 0.6231884 0.5652174 0.6086957 0.557971 0.5434783 0.5217391 0.5217391 0.4927536
0.3779528 0.3385827 0.480315 0.4724409 0.496063 0.4566929 0.4094488 0.4015748 0.4094488 0.3228346 0.3307087
0.5354331 0.5511811 0.6220472 0.8031496 0.9448819 0.9055118 0.9291339 0.8897638 0.8503937 0.7952756 0.8110236
0.129771 0.2213740 0.2442748 0.3816794 0.4198473 0.6030534 0.7099237 0.7328244 0.7328244 0.7251908 0.7251908
0.1094891 0.1167883 0.1167883 0.06569343 0.08029197 0.08029197 0.04379562 0.06569343 0.1386861 0.0729927 0.1094891
0.4852941 0.4632353 0.3676471 0.2794118 0.1838235 0.2426471 0.2426471 0.25 0.2352941 0.1617647 0.1176471
0.4929577 0.4859155 0.6619718 0.6478873 0.6408451 0.5422535 0.528169 0.5140845 0.556338 0.5 0.5140845
0.4852941 0.5661765 0.5661765 0.742647 0.9044118 0.9264706 0.9264706 0.9264706 0.875 0.7867647 0.6764706
0.4963504 0.5328467 0.5693431 0.5766423 0.7591241 0.9051095 0.8978102 0.9270073 0.8832117 0.8467153 0.8029197
0.4929577 0.4859155 0.3098592 0.2887324 0.2535211 0.2464789 0.2676056 0.2253521 0.2253521 0.2323944 0.1760563
0.3969466 0.4656489 0.5572519 0.610687 0.6564885 0.6641221 0.6412214 0.6335878 0.5801527 0.5114504 0.519084
0.1102941 0.25 0.3823529 0.3897059 0.3897059 0.4191176 0.4485294 0.3970588 0.4191176 0.5147059 0.6764706
0.1014493 0.1159420 0.1086957 0.05797101 0.05797101 0.03623188 0.03623188 0.02173913 0.02173913 0.02173913 0.05072464
0.1063830 0.07092199 0.05673759 0.07092199 0.05673759 0.04255319 0.02836879 0.04964539 0.02836879 0.02127660 0.06382979
0.5354331 0.5511811 0.5590551 0.6299213 0.6850394 0.7874016 0.7086614 0.7007874 0.7401575 0.6692913 0.6535433
0.3969466 0.4656489 0.6717557 0.7328244 0.7557252 0.7480916 0.7633588 0.7480916 0.7175573 0.7099237 0.5801527
0.4202899 0.2898551 0.5144928 0.4855072 0.5434783 0.557971 0.557971 0.5217391 0.557971 0.6086957 0.5652174
0.4963504 0.5328467 0.5693431 0.5693431 0.7591241 0.9051095 0.8978102 0.9270073 0.8175182 0.8467153 0.7883212
0.05797101 0.04347826 0.05797101 0.3405797 0.3478261 0.3623188 0.4347826 0.4565217 0.673913 0.8043478 0.8768116
0.4130435 0.5144928 0.6014493 0.768116 0.8550725 0.9202899 0.9710145 0.8913043 0.942029 0.9202899 0.884058
