0.5746269 0.4776119
0.2164179 0.2014925
0.620438 0.5766423
0.5820896 0.5522388
0.2045455 0.1818182
0.4393939 0.3636364
0.1029412 0.1323529
0.08396947 0.08396947
0.2985075 0.3059701
0.3582090 0.5447761
0.4179104 0.4701493
0.1985294 0.2205882
0.3550725 0.3623188
0.4029851 0.3582090
0.617647 0.5735294
0.08208955 0.08208955
0.1641791 0.1716418
0.3507463 0.3358209
0.8134328 0.8432836
0.8257576 0.8560606
0.8529412 0.882353
0.7762238 0.6363636
0.1751825 0.1751825
0.8208955 0.7686567
0.2137405 0.1984733
0.1739130 0.1884058
0.5671642 0.4850746
0.4477612 0.4104478
0.6183206 0.648855
0.08391608 0.08391608
0.1691176 0.1985294
0.9552239 0.9701493
0.3939394 0.3863636
0.9571429 0.9285714
0.5572519 0.6183206
0.0882353 0.09558824
0.09701493 0.1119403
0.1515152 0.1515152
0.8695652 0.884058
0.761194 0.7462687
0.259542 0.2977099
0.1397059 0.1470588
0.7910448 0.8432836
0.2985075 0.2835821
0.7328244 0.7557252
0.5833333 0.5909091
0.3722628 0.3065693
0.4411765 0.5073529
0.7761194 0.8731343
0.2686567 0.2164179
0.07462687 0.07462687
0.8333333 0.780303
0.6259542 0.6183206
0.6343284 0.5671642
0.4265734 0.4335664
0.4014599 0.3576642
0.3358209 0.3134328
0.789855 0.6594203
0.4191176 0.4264706
0.1048951 0.1328671
0.3880597 0.3432836
0.7142857 0.55
0.5075758 0.4393939
0.9469697 0.9242424
0.1526718 0.1526718
0.6853147 0.5664336
0.4029851 0.3880597
0.875 0.8014706
0.4926471 0.8014706
0.3939394 0.3560606
0.1142857 0.1285714
0.4776119 0.4328358
0.3507463 0.3358209
0.1641791 0.1791045
0.75 0.8214286
0.6285714 0.8142857
0.4253731 0.5447761
0.5671642 0.5522388
0.4744526 0.540146
0.8181818 0.8881119
0.2388060 0.2985075
0.6304348 0.6811594
0.2028986 0.1884058
0.3358209 0.3731343
0.5597015 0.5671642
0.8602941 0.8235294
0.2121212 0.2272727
0.3285714 0.55
0.5072464 0.4855072
0.2238806 0.2985075
0.4782609 0.5724638
0.1818182 0.1969697
0.6423358 0.7372263
0.1287879 0.1439394
0.1865672 0.1940299
0.7941176 0.7279412
0.3211679 0.2992701
0.09701493 0.1268657
0.08208955 0.08955224
0.06818182 0.06818182
0.9927007 0.9781022
0.2028986 0.2463768
0.5454545 0.5075758
0.7272727 0.7272727
0.9179104 0.902985
0.5820896 0.5522388
0.3816794 0.6793893
0.1417910 0.1268657
0.85 0.85
0.9166667 0.9166667
0.826087 0.942029
0.4961832 0.4274809
0.5597015 0.7985075
0.2137405 0.1984733
0.5071429 0.5142857
0.08759124 0.08759124
0.3333333 0.3260870
0.7835821 0.5895522
0.648855 0.6793893
0.7862595 0.7480916
0.4 0.3357143
0.3560606 0.2954545
0.2536232 0.2753623
0.3507463 0.3358209
0.8396947 0.7709924
0.2285714 0.2285714
1 0.9694656
0.3636364 0.3636364
0.4029851 0.4104478
0.7391304 0.8188406
0.1897810 0.1824818
0.2720588 0.2941176
0.5255474 0.5328467
0.4785714 0.3785714
0.7985075 0.7835821
0.1119403 0.1268657
0.2977099 0.2977099
0.4776119 0.5746269
0.4626866 0.4402985
0.6642336 0.6642336
0.9236641 0.9236641
0.2377622 0.2587413
0.5839416 0.6642336
0.3740458 0.2900763
0.1417910 0.1268657
0.7089552 0.8880597
0.7557252 0.7709924
0.4755245 0.5034965
0.8854962 0.9160305
0.6423358 0.6715328
0.757353 0.8308824
