0.03546099 0.1347518 0.06382979 0.02836879 0.01418440 0 0 0 0 0 0
0.8 0.7357143 0.7142857 0.7142857 0.6642857 0.75 0.6 0.7714286 0.7714286 0.7 0.75
0.6764706 0.632353 0.6470588 0.7279412 0.617647 0.5661765 0.4926471 0.4191176 0.3455882 0.3308824 0.3382353
0.8432836 0.7910448 0.8059701 0.8134328 0.7462687 0.8507463 0.7238806 0.761194 0.7089552 0.6641791 0.6119403
0.6592593 0.7037037 0.6074074 0.5777778 0.6 0.6074074 0.5851852 0.5259259 0.5111111 0.5111111 0.4740741
0.2761194 0.2686567 0.3507463 0.2089552 0.2761194 0.2537313 0.3208955 0.3358209 0.3507463 0.3880597 0.4477612
0.6985294 0.4779412 0.5220588 0.6544118 0.6838235 0.7205882 0.757353 0.75 0.7647059 0.7720588 0.8161765
0.2340426 0.1631206 0.1843972 0.1985816 0.3546099 0.4893617 0.4964539 0.6595745 0.6950355 0.8368794 0.7446809
0.05797101 0.02898551 0.03623188 0.05797101 0.06521739 0.05072464 0.03623188 0.04347826 0.04347826 0.05797101 0.05072464
0.641791 0.7462687 0.6940299 0.7313433 0.6567164 0.5149254 0.4552239 0.3507463 0.2910448 0.2537313 0.2910448
0.5037594 0.3909774 0.4586466 0.4210526 0.5639098 0.5864662 0.556391 0.7218045 0.6842105 0.7819549 0.7518797
0.4637681 0.384058 0.4492754 0.5 0.5289855 0.5942029 0.5869565 0.7463768 0.7826087 0.8985507 0.9275362
0.0942029 0.04347826 0.05797101 0.1231884 0.1449275 0.2173913 0.3405797 0.3405797 0.3985507 0.4637681 0.4202899
0.8382353 0.7132353 0.7867647 0.8308824 0.757353 0.8014706 0.8970588 0.8308824 0.875 0.882353 0.8602941
0.8382353 0.8382353 0.9044118 0.9191176 0.8161765 0.7205882 0.6838235 0.6102941 0.5 0.4191176 0.3823529
0.0882353 0.03676471 0.03676471 0.08088235 0.1029412 0.1176471 0.1838235 0.1911765 0.1323529 0.1838235 0.1764706
0.1617647 0.1397059 0.125 0.1176471 0.0882353 0.1397059 0.0882353 0.1617647 0.1397059 0.1102941 0.1617647
0.1691176 0.1691176 0.1838235 0.1102941 0.1470588 0.1029412 0.1838235 0.07352941 0.1397059 0.09558824 0.1029412
0.442029 0.3478261 0.442029 0.4927536 0.6086957 0.673913 0.7608696 0.8985507 0.9130435 0.9492754 0.9057971
0.6917293 0.6691729 0.6842105 0.6691729 0.7218045 0.7293233 0.7293233 0.8421053 0.8721805 0.9097744 0.9172932
0.1654135 0.1278195 0.1503759 0.1278195 0.1578947 0.1052632 0.1729323 0.1954887 0.1654135 0.2030075 0.1879699
0.9338235 0.8970588 0.9411765 0.8602941 0.8602941 0.8161765 0.8014706 0.8161765 0.7647059 0.7352941 0.7058824
0.5112782 0.3984962 0.5263158 0.4360902 0.4511278 0.4210526 0.4887218 0.4360902 0.406015 0.406015 0.3609023
0.9852941 0.9705882 0.9485294 0.9852941 0.9779412 0.9852941 1 0.9705882 0.9852941 0.992647 0.9852941
0.2537313 0.2910448 0.3134328 0.2164179 0.2089552 0.2089552 0.1417910 0.2164179 0.1940299 0.1268657 0.1716418
0.2631579 0.3458647 0.2781955 0.1578947 0.1203008 0.1428571 0.1052632 0.09774436 0.1654135 0.1578947 0.1729323
0.4925373 0.4552239 0.4029851 0.4328358 0.5298507 0.6343284 0.619403 0.6716418 0.6791045 0.6716418 0.7537313
0.3909774 0.5037594 0.3759398 0.2631579 0.2406015 0.09022556 0.05263158 0.04511278 0.03759398 0.04511278 0.03759398
0.9705882 0.9632353 0.9411765 0.9044118 0.9485294 0.8970588 0.9264706 0.9338235 0.867647 0.882353 0.7941176
0.1428571 0.06015038 0.1578947 0.1428571 0.1428571 0.1428571 0.1954887 0.2631579 0.1729323 0.2706767 0.2631579
0.05263158 0.1127820 0.04511278 0.03759398 0.04511278 0.03759398 0.04511278 0.03759398 0.02255639 0.03759398 0.03759398
0.7669173 0.6842105 0.7443609 0.8721805 0.8421053 0.9323308 0.8947368 0.9097744 0.9473684 0.962406 0.924812
0.01481481 0.01481481 0.007407407 0.01481481 0.01481481 0.007407407 0.007407407 0.007407407 0.007407407 0.02222222 0.007407407
0.6956522 0.768116 0.7246377 0.6449275 0.6594203 0.5869565 0.4782609 0.3913043 0.3405797 0.2101449 0.2101449
0.757353 0.7867647 0.8235294 0.8088235 0.7058824 0.742647 0.7794118 0.6985294 0.7058824 0.6764706 0.757353
0.2631579 0.3458647 0.3984962 0.3533835 0.2030075 0.2781955 0.2556391 0.2255639 0.2556391 0.3157895 0.2781955
0.4962406 0.2932331 0.4135338 0.518797 0.6917293 0.7368421 0.8421053 0.9022556 0.9022556 0.9548872 0.924812
0.6268657 0.641791 0.6044776 0.5074627 0.4328358 0.2761194 0.2164179 0.1119403 0.09701493 0.08208955 0.08955224
0.1134752 0.1914894 0.1843972 0.1418440 0.1631206 0.1702128 0.2765957 0.3191489 0.4042553 0.3900709 0.4326241
0.2761194 0.4402985 0.2985075 0.2761194 0.2313433 0.1194030 0.2014925 0.2014925 0.2014925 0.3358209 0.3208955
0.7819549 0.8045113 0.8947368 0.849624 0.7218045 0.7518797 0.5413534 0.556391 0.5263158 0.443609 0.3909774
0.8857143 0.8928571 0.9071429 0.85 0.95 0.8642857 0.8071429 0.8285714 0.8071429 0.75 0.8357143
0.1185185 0.08888889 0.0962963 0.1111111 0.1481481 0.08888889 0.0962963 0.1111111 0.1185185 0.1481481 0.1185185
0.8646617 0.8796992 0.8947368 0.7969925 0.6917293 0.6090226 0.5112782 0.3458647 0.2631579 0.1804511 0.1804511
0.3984962 0.3082707 0.3609023 0.3233083 0.3759398 0.3984962 0.3458647 0.4736842 0.518797 0.4962406 0.5714286
0.7777778 0.762963 0.7407407 0.762963 0.8444444 0.8666667 0.9185185 0.962963 0.9555556 0.8962963 0.962963
0.05263158 0.04511278 0.09022556 0.06766917 0.06015038 0.06015038 0.08270677 0.09022556 0.1052632 0.1353383 0.1203008
0.75 0.632353 0.617647 0.6985294 0.6617647 0.7794118 0.7720588 0.7352941 0.742647 0.8382353 0.8529412
0.6312057 0.5602837 0.6028369 0.6595745 0.6453901 0.5602837 0.5531915 0.4964539 0.4184397 0.4609929 0.4113475
0.849624 0.8721805 0.8947368 0.8045113 0.8345865 0.8345865 0.7819549 0.7368421 0.8045113 0.7819549 0.9172932
0.5514706 0.4705882 0.4338235 0.4632353 0.4926471 0.5441176 0.617647 0.5955882 0.6102941 0.6911765 0.6102941
0.2941176 0.3014706 0.2647059 0.2647059 0.3970588 0.2794118 0.3161765 0.3970588 0.4044118 0.5294118 0.4926471
0.9477612 0.9179104 0.9925373 0.9477612 0.9925373 0.9925373 0.977612 0.977612 0.977612 0.9850746 0.9477612
0.9407407 0.9333333 0.925926 0.9185185 0.9925926 0.9407407 0.9407407 0.9407407 0.874074 0.8444444 0.8148148
0.6791045 0.7164179 0.7537313 0.7164179 0.6940299 0.738806 0.6716418 0.7537313 0.6343284 0.6567164 0.5895522
0.1203008 0.1353383 0.1879699 0.1052632 0.1127820 0.1278195 0.09022556 0.09022556 0.1127820 0.08270677 0.1052632
0.9774436 0.9849624 0.9849624 1 0.962406 0.9774436 0.9849624 0.9398496 0.9473684 0.8721805 0.9097744
0.1029412 0.1397059 0.0882353 0.02205882 0.02205882 0.01470588 0.01470588 0.03676471 0.03676471 0.03676471 0.03676471
0.5142857 0.5428571 0.5214286 0.4785714 0.4142857 0.3142857 0.1857143 0.1357143 0.07857143 0.08571429 0.07857143
0.5149254 0.5298507 0.4925373 0.3731343 0.4029851 0.3134328 0.2611940 0.2089552 0.2014925 0.2014925 0.1641791
0.4511278 0.556391 0.481203 0.3909774 0.2330827 0.09022556 0.04511278 0.04511278 0.03759398 0.03007519 0.03759398
0.5220588 0.5661765 0.5588235 0.5367647 0.4926471 0.4852941 0.5220588 0.5514706 0.5808824 0.6029412 0.6911765
0.442029 0.5652174 0.5072464 0.3405797 0.2173913 0.1811594 0.1304348 0.05072464 0.04347826 0.05797101 0.05072464
0.3308271 0.2781955 0.3609023 0.3759398 0.4736842 0.4962406 0.556391 0.6691729 0.6842105 0.6165414 0.6240602
0.617647 0.6911765 0.6470588 0.5735294 0.6397059 0.5661765 0.5441176 0.5294118 0.5441176 0.5735294 0.6102941
0.05263158 0.06015038 0.08270677 0.05263158 0.06015038 0.09022556 0.08270677 0.1203008 0.2406015 0.3082707 0.2255639
0.8071429 0.7714286 0.8285714 0.7571429 0.7714286 0.7428571 0.7785714 0.8571429 0.8071429 0.8714286 0.9714286
0.2164179 0.3059701 0.2835821 0.08208955 0.1119403 0.08208955 0.1343284 0.1194030 0.1417910 0.1492537 0.1343284
0.3088235 0.3235294 0.3897059 0.25 0.3382353 0.3970588 0.4044118 0.4191176 0.375 0.4191176 0.4705882
0.6090226 0.6992481 0.6616541 0.6466165 0.5789474 0.4887218 0.5338346 0.4210526 0.4135338 0.3909774 0.3984962
0.6857143 0.75 0.7357143 0.7142857 0.6642857 0.7214286 0.6071429 0.6214286 0.5571429 0.55 0.5857143
0.3928571 0.4357143 0.3714286 0.3142857 0.2714286 0.2642857 0.25 0.2142857 0.2285714 0.1714286 0.2357143
0.5441176 0.5882353 0.6544118 0.5294118 0.5588235 0.4485294 0.4852941 0.4705882 0.4338235 0.5514706 0.5367647
0.9699248 0.9323308 0.9022556 0.9699248 0.9323308 0.9172932 0.9022556 0.8646617 0.8345865 0.9022556 0.8721805
0.09022556 0.05263158 0.1052632 0.08270677 0.1353383 0.1578947 0.1503759 0.2781955 0.2932331 0.3233083 0.3383459
0.7185185 0.7407407 0.7333333 0.6666667 0.6222222 0.7037037 0.6814815 0.5481481 0.6814815 0.637037 0.6666667
0.8796992 0.9172932 0.8646617 0.8646617 0.9022556 0.9022556 0.9022556 0.8796992 0.9097744 0.9323308 0.8571429
1 1 0.9699248 0.9849624 0.9699248 0.924812 0.8721805 0.8270677 0.7368421 0.7518797 0.6466165
0.8721805 0.8571429 0.8796992 0.8646617 0.9323308 0.9172932 0.9172932 0.962406 0.9473684 0.9548872 0.9473684
0.2180451 0.1954887 0.2406015 0.2706767 0.3909774 0.4962406 0.5639098 0.7142857 0.7969925 0.7969925 0.7744361
0.6397059 0.4338235 0.4411765 0.5220588 0.5735294 0.6911765 0.7205882 0.742647 0.7794118 0.8235294 0.8602941
0.06766917 0.03759398 0.06766917 0.03759398 0.1127820 0.1203008 0.2406015 0.3007519 0.3759398 0.4360902 0.4285714
0.7111111 0.762963 0.7333333 0.7925926 0.8074074 0.8148148 0.7555556 0.874074 0.7851852 0.8296296 0.7851852
0.6165414 0.5714286 0.6240602 0.6992481 0.7218045 0.924812 0.81203 0.887218 0.9022556 0.8571429 0.887218
0.3404255 0.2836879 0.3546099 0.3333333 0.4680851 0.4964539 0.5319149 0.6028369 0.6950355 0.7446809 0.7234043
0.6102941 0.6470588 0.6102941 0.625 0.4926471 0.3602941 0.3602941 0.2794118 0.2647059 0.125 0.2058824
0.4222222 0.4148148 0.4074074 0.4222222 0.3703704 0.4074074 0.4444444 0.4444444 0.4592593 0.5111111 0.5407407
0.7669173 0.6992481 0.7744361 0.7669173 0.7894737 0.8270677 0.81203 0.887218 0.8571429 0.8721805 0.8796992
0.5294118 0.5588235 0.617647 0.5220588 0.4852941 0.4632353 0.4779412 0.4705882 0.5882353 0.5514706 0.625
0.05925926 0.01481481 0.03703704 0.05925926 0.08148148 0.0962963 0.1185185 0.1851852 0.2222222 0.2592593 0.1777778
0.07857143 0.2285714 0.09285714 0.06428571 0.04285714 0.01428571 0.02142857 0.02857143 0.02857143 0.04285714 0.05
0.8296296 0.7703704 0.8444444 0.7259259 0.7555556 0.6740741 0.6074074 0.4962963 0.5481481 0.4814815 0.4814815
0.2030075 0.1804511 0.2255639 0.2406015 0.2481203 0.3233083 0.3383459 0.3609023 0.3609023 0.3909774 0.3834586
0.8814815 0.8222222 0.8518519 0.8 0.8444444 0.8444444 0.8148148 0.8444444 0.8444444 0.6518519 0.6444444
0.9179104 0.902985 0.9179104 0.902985 0.9104478 0.8955224 0.8507463 0.7313433 0.6940299 0.6567164 0.6791045
0.5808824 0.4338235 0.5367647 0.6029412 0.6397059 0.625 0.742647 0.742647 0.8308824 0.7794118 0.7941176
0.1052632 0.1278195 0.04511278 0.03759398 0.03759398 0.04511278 0.05263158 0.06015038 0.08270677 0.1203008 0.09774436
0.731884 0.789855 0.7246377 0.7826087 0.7971014 0.8478261 0.7608696 0.7463768 0.8478261 0.7391304 0.6231884
0.8148148 0.762963 0.7851852 0.6740741 0.8148148 0.8518519 0.8962963 0.874074 0.8518519 0.8962963 0.8148148
0.05797101 0.03623188 0.05072464 0.06521739 0.07246377 0.1086957 0.1231884 0.1884058 0.1884058 0.2101449 0.2536232
0.7744361 0.8195489 0.8270677 0.7819549 0.8045113 0.849624 0.8646617 0.8045113 0.8571429 0.9323308 0.9398496
0.3308271 0.1428571 0.2406015 0.2932331 0.2556391 0.2932331 0.1503759 0.1729323 0.1503759 0.1428571 0.1729323
0.6099291 0.5673759 0.5248227 0.5602837 0.4539007 0.4751773 0.4042553 0.3404255 0.3262411 0.3546099 0.2411348
0.4736842 0.4736842 0.5488722 0.518797 0.5037594 0.4962406 0.5789474 0.4736842 0.481203 0.481203 0.4661654
0.8308824 0.7867647 0.7867647 0.8014706 0.6764706 0.6911765 0.75 0.6102941 0.632353 0.5514706 0.5367647
0.2761194 0.2985075 0.380597 0.3731343 0.380597 0.3432836 0.3582090 0.3731343 0.4701493 0.5671642 0.5746269
0.7142857 0.6714286 0.7785714 0.6571429 0.6642857 0.6357143 0.5785714 0.5857143 0.5571429 0.5214286 0.5357143
0.5714286 0.4736842 0.5263158 0.6090226 0.6390977 0.6390977 0.6691729 0.6541353 0.7142857 0.6240602 0.6766917
0.0882353 0.1985294 0.1838235 0.1470588 0.2941176 0.2720588 0.2279412 0.1470588 0.2132353 0.3088235 0.3455882
0.3971631 0.2765957 0.3971631 0.3829787 0.4822695 0.4964539 0.5035461 0.6879433 0.6241135 0.7801418 0.6737589
0.9485294 0.9779412 0.9485294 0.8897059 0.9558824 0.9191176 0.8602941 0.8602941 0.742647 0.6911765 0.6617647
0.007462687 0.02238806 0.02238806 0.01492537 0.01492537 0.01492537 0.007462687 0.01492537 0.01492537 0.007462687 0.01492537
0.2214286 0.2285714 0.1142857 0.15 0.2642857 0.35 0.3857143 0.4357143 0.4785714 0.4071429 0.4357143
0.1278195 0.09774436 0.1428571 0.2030075 0.1503759 0.1278195 0.1654135 0.1879699 0.2180451 0.2781955 0.2556391
0.1418440 0.04964539 0.09219858 0.09219858 0.1985816 0.2127660 0.3404255 0.4680851 0.5248227 0.5106383 0.6099291
0.3383459 0.406015 0.3909774 0.3533835 0.3157895 0.2631579 0.2180451 0.3007519 0.2481203 0.2406015 0.2406015
0.1629630 0.1777778 0.1333333 0.1629630 0.1925926 0.3111111 0.3555556 0.4296296 0.4814815 0.5703704 0.5555556
0.6015038 0.6691729 0.5338346 0.5789474 0.5789474 0.4661654 0.4135338 0.3909774 0.3383459 0.3157895 0.2556391
0.09219858 0.06382979 0.09219858 0.09929078 0.1134752 0.1134752 0.1205674 0.1347518 0.1702128 0.1489362 0.1631206
0.9407407 0.962963 0.9851852 0.9851852 1 0.9925926 0.9481481 0.9037037 0.874074 0.9185185 0.874074
0.9699248 0.9323308 0.9774436 0.962406 0.9849624 0.9548872 0.9849624 0.9924812 0.9548872 0.9548872 0.9473684
0.8721805 0.849624 0.8345865 0.8421053 0.9323308 0.9097744 0.9172932 0.9849624 0.9548872 0.9323308 0.9172932
0.1804511 0.1503759 0.1879699 0.1804511 0.2932331 0.2932331 0.3458647 0.4736842 0.5263158 0.5789474 0.6390977
0.3382353 0.4338235 0.4338235 0.3088235 0.2132353 0.1985294 0.125 0.0882353 0.06617647 0.06617647 0.06617647
0.007518797 0.007518797 0.04511278 0.007518797 0.007518797 0.02255639 0.01503759 0.02255639 0.02255639 0.03007519 0.03759398
0.4626866 0.5522388 0.3955224 0.4477612 0.4552239 0.4477612 0.3880597 0.4776119 0.4552239 0.5 0.4850746
0.9774436 0.9473684 0.9774436 0.9548872 0.9699248 0.9398496 0.924812 0.9398496 0.9323308 0.9548872 0.9473684
0.6119403 0.5895522 0.5671642 0.5746269 0.4552239 0.4925373 0.4850746 0.3283582 0.2611940 0.2761194 0.2611940
0.3478261 0.3333333 0.384058 0.4202899 0.5072464 0.5434783 0.6376812 0.6884058 0.7753623 0.826087 0.9057971
0.562963 0.4444444 0.4888889 0.5037037 0.4962963 0.5555556 0.6444444 0.5481481 0.5185185 0.5185185 0.5555556
0.05263158 0.1353383 0.1052632 0.06766917 0.06015038 0.05263158 0.05263158 0.03759398 0.03007519 0.03007519 0.03007519
0.3188406 0.2463768 0.2753623 0.3478261 0.3188406 0.3768116 0.4782609 0.5507246 0.557971 0.6594203 0.6521739
0.03571429 0.02857143 0.06428571 0.05714286 0.05 0.07857143 0.1071429 0.15 0.1357143 0.2428571 0.2428571
0.3233083 0.3684211 0.3834586 0.4210526 0.2781955 0.3308271 0.3609023 0.2105263 0.2030075 0.1804511 0.2255639
0.3550725 0.3188406 0.384058 0.384058 0.4130435 0.4782609 0.5362319 0.5217391 0.5507246 0.5652174 0.5724638
0.1037037 0.05185185 0.05925926 0.0962963 0.1037037 0.1777778 0.1481481 0.2740741 0.2222222 0.2740741 0.2518519
0.1594203 0.2826087 0.2173913 0.1449275 0.1739130 0.1086957 0.05797101 0.05072464 0.07971014 0.07246377 0.05072464
0.7205882 0.7647059 0.7794118 0.7279412 0.7794118 0.7205882 0.7058824 0.8161765 0.8161765 0.882353 0.8602941
0.5864662 0.631579 0.5338346 0.5488722 0.4285714 0.3609023 0.3007519 0.2857143 0.2932331 0.2406015 0.2180451
0.9071429 0.9428571 0.9357143 0.9285714 0.8785714 0.8785714 0.8285714 0.6714286 0.6214286 0.6357143 0.5857143
0.1503759 0.07518797 0.1127820 0.2255639 0.2481203 0.3007519 0.3308271 0.3157895 0.2706767 0.2781955 0.2255639
0.443609 0.443609 0.5263158 0.4210526 0.4736842 0.481203 0.481203 0.4736842 0.4586466 0.4360902 0.4135338
0.8646617 0.962406 0.962406 0.849624 0.81203 0.7593985 0.6616541 0.6240602 0.4661654 0.481203 0.4586466
0.3971631 0.4609929 0.4326241 0.4042553 0.3758865 0.3546099 0.3049645 0.2482270 0.3829787 0.3475177 0.3546099
0.4926471 0.375 0.4191176 0.3455882 0.5073529 0.4485294 0.4558824 0.4338235 0.4558824 0.5294118 0.5514706
0.384058 0.2246377 0.3405797 0.3405797 0.3550725 0.4927536 0.5362319 0.5362319 0.731884 0.615942 0.6521739
0.3955224 0.3059701 0.2985075 0.3134328 0.4029851 0.4328358 0.5447761 0.4850746 0.4925373 0.5 0.5298507
0.9172932 0.9548872 0.9172932 0.9097744 0.849624 0.7894737 0.631579 0.5263158 0.481203 0.3458647 0.3609023
0.6470588 0.5294118 0.6029412 0.5882353 0.757353 0.7058824 0.7647059 0.75 0.8529412 0.8014706 0.8602941
0.8796992 0.7293233 0.7969925 0.7819549 0.9022556 0.8947368 0.9022556 0.887218 0.9172932 0.9699248 0.9172932
0.6165414 0.7744361 0.6917293 0.6616541 0.6240602 0.5338346 0.3609023 0.3233083 0.3082707 0.3082707 0.2631579
