0.02290076 0.05343511 0.03053435 0.01526718 0.007633588 0 0 0 0 0 0
0.6641221 0.6335878 0.5954198 0.6335878 0.5496183 0.5572519 0.5419847 0.5343511 0.5801527 0.6030534 0.5648855
0.7313433 0.6791045 0.7014925 0.6940299 0.5746269 0.5597015 0.4850746 0.4402985 0.3582090 0.380597 0.3656716
0.8405797 0.8043478 0.7753623 0.8043478 0.8188406 0.8188406 0.8333333 0.7173913 0.7173913 0.7028986 0.6449275
0.8088235 0.7352941 0.7794118 0.8235294 0.7205882 0.757353 0.7058824 0.6397059 0.7058824 0.625 0.6985294
0.2444444 0.3333333 0.3851852 0.3333333 0.3333333 0.3037037 0.2740741 0.4074074 0.437037 0.4592593 0.4074074
0.519084 0.5267176 0.5648855 0.5801527 0.5954198 0.6946565 0.8091603 0.8244275 0.778626 0.8396947 0.7862595
0.3208955 0.2014925 0.2089552 0.2761194 0.3731343 0.4552239 0.5895522 0.7313433 0.8432836 0.7985075 0.9253731
0.03496503 0.02797203 0.03496503 0.06293706 0.06993007 0.0909091 0.0909091 0.0909091 0.1188811 0.1048951 0.1188811
0.7557252 0.832061 0.8015267 0.7557252 0.5954198 0.5648855 0.480916 0.4198473 0.2824427 0.2824427 0.3053435
0.3676471 0.4485294 0.4558824 0.4558824 0.6029412 0.4558824 0.5514706 0.5220588 0.5882353 0.5735294 0.632353
0.6268657 0.4925373 0.5223881 0.6492537 0.6940299 0.8283582 0.8059701 0.9104478 0.9253731 0.9253731 0.9179104
0.1323529 0.08088235 0.1397059 0.2426471 0.2720588 0.3235294 0.4191176 0.4852941 0.4558824 0.5367647 0.4632353
0.8602941 0.8161765 0.7941176 0.875 0.8602941 0.9191176 0.9264706 0.9411765 0.9044118 0.882353 0.7794118
0.858209 0.8507463 0.8358209 0.8358209 0.7835821 0.7164179 0.6119403 0.5373134 0.4402985 0.4328358 0.3656716
0.0962963 0.08148148 0.05185185 0.1111111 0.1259259 0.1185185 0.1703704 0.1259259 0.2 0.2666667 0.2074074
0.2014925 0.2537313 0.2686567 0.2238806 0.1268657 0.1268657 0.1865672 0.1343284 0.1791045 0.1194030 0.3134328
0.09489051 0.1459854 0.1459854 0.08029197 0.1094891 0.08029197 0.1678832 0.1970803 0.2481752 0.2554745 0.2627737
0.5507246 0.5072464 0.557971 0.6014493 0.7173913 0.8405797 0.8333333 0.8985507 0.9130435 0.9275362 0.9637681
0.641791 0.6641791 0.6567164 0.738806 0.738806 0.7462687 0.8283582 0.8955224 0.858209 0.9626866 0.9552239
0.3795620 0.3211679 0.4160584 0.3868613 0.3795620 0.4744526 0.459854 0.4306569 0.4014599 0.3430657 0.3357664
0.8333333 0.8115942 0.8405797 0.8333333 0.826087 0.8188406 0.7608696 0.7608696 0.7971014 0.7173913 0.673913
0.6119403 0.5746269 0.6268657 0.6343284 0.5522388 0.5970149 0.5820896 0.5597015 0.5970149 0.5074627 0.5074627
0.9701493 0.8880597 0.9328358 0.9701493 0.9477612 0.9477612 0.9850746 1 0.9925373 0.9701493 0.9850746
0.2977099 0.2442748 0.2824427 0.2900763 0.2442748 0.2213740 0.2824427 0.2366412 0.2824427 0.2366412 0.2824427
0.2720588 0.4117647 0.3823529 0.2647059 0.1323529 0.1544118 0.1470588 0.1323529 0.1176471 0.1323529 0.1323529
0.5766423 0.5839416 0.5328467 0.5985401 0.5474453 0.5766423 0.6423358 0.649635 0.7226277 0.729927 0.6423358
0.5434783 0.6086957 0.557971 0.4927536 0.2898551 0.2463768 0.1521739 0.0942029 0.08695652 0.08695652 0.07246377
0.9117647 0.9558824 0.8897059 0.9117647 0.9338235 0.882353 0.9411765 0.867647 0.8382353 0.7279412 0.7794118
0.1678832 0.1532847 0.1386861 0.0729927 0.1897810 0.1678832 0.2043796 0.1459854 0.1824818 0.2408759 0.2335766
0.1343284 0.3208955 0.2388060 0.1194030 0.2014925 0.1417910 0.09701493 0.08208955 0.1194030 0.09701493 0.08208955
0.832061 0.648855 0.7251908 0.8473282 0.8396947 0.9389313 0.908397 0.9389313 0.9770992 0.9694656 0.9465649
0.007462687 0.06716418 0.02985075 0.01492537 0.007462687 0.007462687 0.007462687 0.007462687 0.02238806 0.02238806 0.01492537
0.7537313 0.6567164 0.7238806 0.7537313 0.5820896 0.4776119 0.3582090 0.3059701 0.2537313 0.1194030 0.1119403
0.7555556 0.7555556 0.7851852 0.6888889 0.7111111 0.7185185 0.7481481 0.7333333 0.8074074 0.7777778 0.8592593
0.3358779 0.4580153 0.4503817 0.3435115 0.3969466 0.2748092 0.3129771 0.259542 0.2366412 0.1908397 0.259542
0.3880597 0.1641791 0.3731343 0.4477612 0.5746269 0.6343284 0.7537313 0.761194 0.7089552 0.7313433 0.7761194
0.5661765 0.632353 0.4852941 0.4191176 0.4044118 0.3455882 0.2426471 0.1985294 0.2132353 0.1911765 0.1911765
0.125 0.1617647 0.1102941 0.0882353 0.1029412 0.1397059 0.1838235 0.1764706 0.2647059 0.3161765 0.3235294
0.2148148 0.2592593 0.2148148 0.3037037 0.1703704 0.2 0.2 0.2370370 0.3037037 0.3185185 0.3555556
0.810219 0.9051095 0.839416 0.8759124 0.7810219 0.7810219 0.6569343 0.5985401 0.459854 0.4452555 0.4379562
0.8358209 0.8208955 0.8208955 0.8880597 0.8134328 0.8134328 0.8656716 0.7761194 0.9104478 0.8432836 0.8507463
0.1832061 0.1526718 0.1374046 0.09923664 0.129771 0.1374046 0.09923664 0.129771 0.1221374 0.1221374 0.09923664
0.7022901 0.778626 0.7175573 0.6793893 0.5496183 0.5572519 0.4351145 0.2824427 0.2290076 0.2061069 0.1832061
0.4087591 0.3065693 0.2992701 0.2846715 0.3284672 0.3503650 0.3649635 0.4087591 0.4306569 0.4379562 0.4306569
0.5839416 0.5766423 0.5474453 0.6788321 0.6569343 0.7591241 0.8029197 0.7737226 0.8029197 0.8248175 0.8832117
0.05970149 0.06716418 0.03731343 0.06716418 0.08955224 0.1044776 0.1268657 0.1194030 0.1194030 0.1119403 0.08208955
0.7686567 0.7238806 0.7761194 0.6865672 0.8134328 0.8731343 0.9253731 0.9104478 0.9552239 0.8731343 0.9477612
0.6030534 0.6412214 0.610687 0.5267176 0.5496183 0.5114504 0.4351145 0.3511450 0.4122137 0.3129771 0.2977099
0.9104478 0.9402985 0.9179104 0.8880597 0.8656716 0.8731343 0.8955224 0.8432836 0.8358209 0.8432836 0.8955224
0.4817518 0.3722628 0.5255474 0.4306569 0.459854 0.5839416 0.5766423 0.5985401 0.6934307 0.7153285 0.729927
0.3776224 0.2937063 0.3916084 0.3146853 0.4265734 0.4195804 0.3916084 0.4685315 0.5454545 0.5734266 0.5454545
0.919708 0.919708 0.9270073 0.919708 0.9051095 0.9343066 0.9343066 0.919708 0.970803 0.9635036 0.9343066
0.9626866 0.9925373 0.9701493 0.977612 0.9552239 0.9552239 0.9179104 0.8955224 0.8432836 0.738806 0.7910448
0.8333333 0.8333333 0.8405797 0.8333333 0.8695652 0.8623188 0.768116 0.7028986 0.7391304 0.6956522 0.6594203
0.2592593 0.2814815 0.2592593 0.2666667 0.1555556 0.1925926 0.1407407 0.1259259 0.1185185 0.1185185 0.1333333
0.9854015 0.9927007 1 0.9927007 0.970803 0.9781022 0.970803 0.9781022 0.919708 0.8540146 0.8248175
0.06870229 0.1526718 0.1068702 0.04580153 0.04580153 0.007633588 0.03816794 0.03053435 0.007633588 0.01526718 0.01526718
0.4701493 0.5895522 0.5373134 0.4328358 0.3358209 0.2835821 0.1119403 0.04477612 0.03731343 0.02238806 0.02985075
0.3731343 0.4701493 0.4179104 0.4402985 0.3358209 0.3432836 0.2835821 0.2611940 0.2835821 0.2686567 0.2835821
0.5036496 0.6131387 0.5693431 0.459854 0.3211679 0.2262774 0.09489051 0.09489051 0.06569343 0.08029197 0.05109489
0.3740458 0.4580153 0.4122137 0.480916 0.2671756 0.2824427 0.2900763 0.3053435 0.4045802 0.4503817 0.4885496
0.2137405 0.4045802 0.2366412 0.129771 0.09160305 0.07633588 0.03816794 0.03053435 0 0.01526718 0.03053435
0.3283582 0.1567164 0.1343284 0.2164179 0.2462687 0.4029851 0.4402985 0.4850746 0.5 0.4552239 0.4477612
0.7014925 0.738806 0.7910448 0.7686567 0.6567164 0.6791045 0.619403 0.4850746 0.5970149 0.5671642 0.5746269
0.007462687 0.02238806 0.007462687 0 0.007462687 0.01492537 0.07462687 0.05970149 0.07462687 0.1567164 0.1716418
0.7703704 0.7555556 0.7555556 0.7851852 0.7851852 0.8074074 0.8666667 0.8592593 0.7777778 0.8592593 0.8592593
0.1555556 0.2592593 0.2148148 0.1407407 0.1851852 0.1851852 0.1407407 0.1259259 0.2296296 0.2370370 0.2296296
0.3656716 0.4029851 0.380597 0.3880597 0.4477612 0.3507463 0.4104478 0.4253731 0.3880597 0.4776119 0.4328358
0.7153285 0.7518248 0.6715328 0.7591241 0.6934307 0.6423358 0.5985401 0.5474453 0.459854 0.4379562 0.4379562
0.761194 0.7985075 0.8283582 0.738806 0.6343284 0.6716418 0.6343284 0.5820896 0.5671642 0.4552239 0.4925373
0.4122137 0.4885496 0.4351145 0.5038168 0.3969466 0.4045802 0.4045802 0.3053435 0.2900763 0.2900763 0.2977099
0.620438 0.7007299 0.6861314 0.5985401 0.5620438 0.4817518 0.4744526 0.5182482 0.4744526 0.5036496 0.5474453
0.9037037 0.8888889 0.9185185 0.9333333 0.9185185 0.8888889 0.8666667 0.8296296 0.8222222 0.8222222 0.8888889
0.2720588 0.1691176 0.2867647 0.2941176 0.3602941 0.3308824 0.3602941 0.3529412 0.3382353 0.3235294 0.3970588
0.7014925 0.6567164 0.7089552 0.6940299 0.6791045 0.7462687 0.7910448 0.8432836 0.7985075 0.8059701 0.7985075
0.884058 0.8768116 0.8695652 0.8550725 0.9275362 0.8768116 0.8913043 0.8623188 0.7971014 0.8623188 0.8405797
0.958042 1 0.979021 0.979021 0.986014 0.993007 0.923077 0.923077 0.9090909 0.7412587 0.7692308
0.8613139 0.8540146 0.839416 0.8248175 0.8832117 0.8978102 0.9124088 0.9051095 0.9270073 0.7883212 0.8832117
0.2985075 0.1119403 0.2238806 0.2761194 0.4552239 0.5074627 0.619403 0.6492537 0.738806 0.7537313 0.7910448
0.5942029 0.4855072 0.5507246 0.5507246 0.6811594 0.6811594 0.7536232 0.8043478 0.789855 0.7826087 0.826087
0.1044776 0.03731343 0.06716418 0.04477612 0.1940299 0.2835821 0.3582090 0.5223881 0.5447761 0.6492537 0.6119403
0.8550725 0.826087 0.8405797 0.8405797 0.8333333 0.8623188 0.8550725 0.8550725 0.7391304 0.7608696 0.789855
0.7022901 0.610687 0.648855 0.740458 0.7251908 0.7938931 0.9007634 0.908397 0.9160305 0.9465649 0.9312977
0.2761194 0.2388060 0.2388060 0.1865672 0.2985075 0.3955224 0.5 0.619403 0.6567164 0.8059701 0.738806
0.5671642 0.619403 0.5746269 0.4402985 0.4552239 0.3283582 0.2388060 0.2537313 0.2014925 0.1567164 0.1268657
0.3435115 0.480916 0.4274809 0.4274809 0.4122137 0.3358779 0.3206107 0.389313 0.3664122 0.3206107 0.3969466
0.6503497 0.6433566 0.6503497 0.7412587 0.7202797 0.7832168 0.7832168 0.8321678 0.7132867 0.8461538 0.8041958
0.6865672 0.6567164 0.7238806 0.6865672 0.6343284 0.5522388 0.5820896 0.5671642 0.5970149 0.5074627 0.5746269
0.07692308 0.006993007 0.006993007 0.06293706 0.1398601 0.1398601 0.1958042 0.2167832 0.3286713 0.3426573 0.3286713
0.1343284 0.3208955 0.1716418 0.08955224 0.05970149 0.01492537 0.04477612 0.02985075 0.05223881 0.01492537 0.02238806
0.880597 0.8432836 0.8134328 0.7835821 0.8208955 0.7462687 0.7462687 0.7014925 0.6119403 0.6268657 0.5597015
0.1555556 0.1407407 0.1925926 0.1407407 0.1703704 0.2 0.2444444 0.3555556 0.3111111 0.4 0.3555556
0.9179104 0.9179104 0.902985 0.9253731 0.9552239 0.8880597 0.8432836 0.8283582 0.738806 0.6492537 0.6119403
0.9051095 0.919708 0.9124088 0.9489051 0.919708 0.8613139 0.9635036 0.8467153 0.7956204 0.6861314 0.6861314
0.3768116 0.3260870 0.3985507 0.442029 0.4565217 0.5144928 0.6304348 0.7028986 0.731884 0.7608696 0.8043478
0.2132353 0.2941176 0.1838235 0.1102941 0.0882353 0.05882353 0.09558824 0.06617647 0.1323529 0.1544118 0.1764706
0.7518248 0.7007299 0.7664234 0.649635 0.7372263 0.7664234 0.8175182 0.7737226 0.7518248 0.7810219 0.7591241
0.729927 0.729927 0.649635 0.7664234 0.7372263 0.7737226 0.8321168 0.919708 0.8978102 0.919708 0.919708
0.08759124 0.02919708 0.05109489 0.05839416 0.1240876 0.2262774 0.2116788 0.3284672 0.4233577 0.459854 0.4379562
0.880597 0.8507463 0.8358209 0.858209 0.8507463 0.8432836 0.880597 0.8731343 0.880597 0.9104478 0.8208955
0.3014706 0.2058824 0.2279412 0.2941176 0.2205882 0.3235294 0.2205882 0.1985294 0.2132353 0.1691176 0.1911765
0.5746269 0.6343284 0.5522388 0.5223881 0.5 0.4701493 0.380597 0.2835821 0.3134328 0.2537313 0.2835821
0.6335878 0.5572519 0.4961832 0.5496183 0.5496183 0.5801527 0.5801527 0.5648855 0.5267176 0.5496183 0.4580153
0.7238806 0.7910448 0.7686567 0.7686567 0.738806 0.6791045 0.6044776 0.5746269 0.5970149 0.5373134 0.5447761
0.2554745 0.3211679 0.3284672 0.2773723 0.3357664 0.3649635 0.4452555 0.4087591 0.4233577 0.459854 0.459854
0.6444444 0.7111111 0.6666667 0.6074074 0.6888889 0.6 0.5259259 0.5333333 0.4518519 0.4666667 0.5111111
0.6335878 0.480916 0.5954198 0.6030534 0.6717557 0.6641221 0.6793893 0.8091603 0.7251908 0.7862595 0.648855
0.2116788 0.2481752 0.2262774 0.1605839 0.1751825 0.1897810 0.1970803 0.2335766 0.2481752 0.2992701 0.2773723
0.2313433 0.1268657 0.2686567 0.2761194 0.2164179 0.3432836 0.3582090 0.5298507 0.5820896 0.641791 0.7089552
0.9782609 0.9782609 0.9855072 0.9782609 0.9782609 0.9782609 0.9275362 0.884058 0.8623188 0.8623188 0.8043478
0.00729927 0.00729927 0.00729927 0.00729927 0.00729927 0.00729927 0.01459854 0.01459854 0.01459854 0.01459854 0.01459854
0.1908397 0.1908397 0.2366412 0.1603053 0.2442748 0.2137405 0.3053435 0.3053435 0.2900763 0.2824427 0.3206107
0.2867647 0.2941176 0.2426471 0.2794118 0.2867647 0.2647059 0.375 0.4411765 0.4558824 0.4338235 0.4558824
0.2027972 0.1398601 0.1118881 0.1468531 0.1538462 0.2867133 0.2867133 0.3776224 0.4265734 0.4545455 0.4755245
0.3358209 0.3880597 0.3208955 0.3432836 0.2686567 0.2014925 0.2014925 0.1716418 0.1268657 0.2014925 0.1716418
0.3916084 0.3846154 0.3986014 0.4685315 0.4825175 0.5594406 0.5594406 0.6783217 0.6713287 0.6993007 0.6783217
0.6296296 0.6962963 0.6592593 0.6074074 0.5777778 0.4444444 0.437037 0.4444444 0.4222222 0.4148148 0.3481481
0.1417910 0.1343284 0.1044776 0.1716418 0.1044776 0.1268657 0.1567164 0.1194030 0.08208955 0.1492537 0.1194030
0.9779412 0.9852941 0.9779412 0.9558824 0.9852941 0.9632353 0.992647 0.9411765 0.9558824 0.867647 0.8970588
0.9481481 0.9407407 0.9185185 0.962963 0.9777778 1 0.9481481 0.9851852 0.9777778 0.962963 0.9407407
0.6666667 0.6231884 0.6376812 0.6449275 0.7391304 0.7463768 0.7608696 0.7246377 0.8188406 0.7753623 0.8550725
0.3088235 0.2794118 0.2720588 0.3161765 0.3088235 0.4264706 0.4191176 0.4852941 0.5073529 0.5661765 0.632353
0.2761194 0.2985075 0.3208955 0.2238806 0.2164179 0.1492537 0.1194030 0.08208955 0.07462687 0.07462687 0.09701493
0.007462687 0.01492537 0 0 0 0 0 0 0 0.007462687 0
0.3582090 0.2985075 0.2835821 0.3283582 0.2537313 0.4328358 0.4477612 0.4552239 0.4776119 0.4850746 0.4701493
0.9777778 0.9407407 0.9185185 0.9333333 0.9407407 0.9555556 0.9481481 0.9333333 0.9925926 0.9185185 0.9407407
0.5074627 0.5671642 0.6343284 0.5074627 0.4701493 0.4701493 0.3582090 0.4104478 0.2985075 0.3283582 0.3134328
0.8059701 0.6940299 0.7238806 0.8283582 0.8283582 0.880597 0.9179104 0.9104478 0.9552239 0.9552239 0.8955224
0.3211679 0.1824818 0.1751825 0.1970803 0.2554745 0.1970803 0.2116788 0.3284672 0.2773723 0.3722628 0.270073
0.08208955 0.1119403 0.1119403 0.05970149 0.05970149 0.05223881 0.05223881 0.02985075 0.02985075 0.007462687 0.01492537
0.3286713 0.2657343 0.3496503 0.2657343 0.3916084 0.3076923 0.4755245 0.5594406 0.5174825 0.5594406 0.6363636
0.2835821 0.2238806 0.2388060 0.2388060 0.2164179 0.2910448 0.2835821 0.3507463 0.3582090 0.3731343 0.4179104
0.3260870 0.2463768 0.2753623 0.3260870 0.3188406 0.2898551 0.2681159 0.2608696 0.2536232 0.2173913 0.2971014
0.7164179 0.6865672 0.7761194 0.7910448 0.7761194 0.8283582 0.738806 0.7462687 0.6343284 0.6641791 0.6567164
0.1679389 0.1603053 0.1374046 0.1068702 0.1679389 0.2442748 0.2442748 0.3053435 0.2824427 0.2671756 0.3282443
0.4148148 0.3925926 0.2962963 0.4 0.2222222 0.2592593 0.2 0.1629630 0.1481481 0.1407407 0.1481481
0.6642336 0.6934307 0.6277372 0.649635 0.6788321 0.6350365 0.6642336 0.6642336 0.7737226 0.7810219 0.8467153
0.540146 0.6569343 0.6131387 0.5766423 0.4525547 0.4306569 0.3284672 0.2554745 0.2189781 0.2627737 0.2335766
0.9191176 0.9779412 0.9191176 0.9338235 0.9191176 0.8897059 0.75 0.6691176 0.5882353 0.5808824 0.5588235
0.2536232 0.2173913 0.2101449 0.3260870 0.2898551 0.2608696 0.2753623 0.3550725 0.3623188 0.3768116 0.3695652
0.7238806 0.7835821 0.7313433 0.7835821 0.7238806 0.7089552 0.7835821 0.6492537 0.6268657 0.5895522 0.5671642
0.7985075 0.880597 0.8880597 0.858209 0.8432836 0.8059701 0.7238806 0.5895522 0.5373134 0.4552239 0.4552239
0.4452555 0.4452555 0.4744526 0.3868613 0.3722628 0.3430657 0.4452555 0.3722628 0.3795620 0.3941606 0.3649635
0.3868613 0.4525547 0.4452555 0.3868613 0.3430657 0.4452555 0.3722628 0.4452555 0.4890511 0.5328467 0.5255474
0.925926 0.9185185 0.9111111 0.9333333 0.9333333 0.962963 0.9555556 0.9851852 0.9777778 0.962963 0.9703704
0.4179104 0.4477612 0.4626866 0.4626866 0.5074627 0.5820896 0.6343284 0.5298507 0.5522388 0.5223881 0.4925373
0.880597 0.9477612 0.9253731 0.902985 0.8507463 0.7686567 0.6865672 0.6119403 0.4477612 0.4328358 0.3955224
0.6642336 0.6131387 0.5985401 0.6277372 0.7518248 0.7080292 0.8321168 0.7591241 0.7518248 0.890511 0.8759124
0.8518519 0.7407407 0.874074 0.9185185 0.9481481 0.9703704 0.962963 0.9925926 0.9925926 0.9703704 0.9703704
0.620438 0.7007299 0.649635 0.6131387 0.5328467 0.4817518 0.2992701 0.2992701 0.2116788 0.1459854 0.2262774
