0.6740741 0.6814815 0.6444444 0.6148148 0.5777778 0.5481481 0.5555556 0.562963 0.5259259 0.5703704 0.5925926
0.3777778 0.437037 0.4 0.4148148 0.3703704 0.4592593 0.3925926 0.4222222 0.4148148 0.4074074 0.4222222
0.5073529 0.6029412 0.6029412 0.6985294 0.6544118 0.6691176 0.7132353 0.6691176 0.6397059 0.6617647 0.6544118
0.6567164 0.6343284 0.5597015 0.5746269 0.6044776 0.619403 0.5970149 0.5746269 0.6119403 0.619403 0.5970149
0.1769231 0.08461538 0.03076923 0.04615385 0.06153846 0.05384615 0.06153846 0.06153846 0.04615385 0.03846154 0.03846154
0.8029197 0.8175182 0.8248175 0.9270073 0.9270073 0.8759124 0.8686131 0.8759124 0.8978102 0.8759124 0.8832117
0.2388060 0.1940299 0.2014925 0.2313433 0.1940299 0.2388060 0.2089552 0.2462687 0.2089552 0.2089552 0.1641791
0.09558824 0.1176471 0.1544118 0.1985294 0.2352941 0.1617647 0.125 0.08088235 0.1470588 0.1544118 0.1691176
0.7664234 0.7591241 0.729927 0.6423358 0.6642336 0.6642336 0.6423358 0.6350365 0.5839416 0.5985401 0.620438
0.4888889 0.6444444 0.637037 0.6518519 0.6444444 0.7185185 0.6592593 0.6740741 0.8 0.8148148 0.7925926
0.5036496 0.4671533 0.4817518 0.5182482 0.5109489 0.5547445 0.5255474 0.5036496 0.5109489 0.5839416 0.5255474
0.06666667 0.1703704 0.2370370 0.2814815 0.2888889 0.2814815 0.2518519 0.2888889 0.2962963 0.2370370 0.2666667
0.4890511 0.5620438 0.6934307 0.7153285 0.6569343 0.7372263 0.6423358 0.6642336 0.6788321 0.6642336 0.7591241
0.7238806 0.7089552 0.6865672 0.6567164 0.6567164 0.6940299 0.6865672 0.6641791 0.6641791 0.7089552 0.6641791
0.2877698 0.3669065 0.3956835 0.352518 0.352518 0.3884892 0.3669065 0.381295 0.381295 0.3956835 0.3597122
0.06716418 0.04477612 0.02238806 0 0.01492537 0.01492537 0.02238806 0.02238806 0.01492537 0.01492537 0.01492537
0.1791045 0.2014925 0.2014925 0.2313433 0.2388060 0.2686567 0.2388060 0.2462687 0.2388060 0.2238806 0.2611940
0.5434783 0.4565217 0.5144928 0.5072464 0.5869565 0.5724638 0.5 0.5144928 0.5072464 0.4637681 0.4782609
0.6058394 0.6788321 0.6642336 0.729927 0.7737226 0.7737226 0.7226277 0.7007299 0.6569343 0.7153285 0.6861314
0.6058394 0.5255474 0.4817518 0.4890511 0.5109489 0.4817518 0.4817518 0.459854 0.4890511 0.4890511 0.4744526
0.8613139 0.8978102 0.919708 0.8759124 0.8832117 0.9051095 0.890511 0.9343066 0.890511 0.8613139 0.890511
0.4117647 0.375 0.3970588 0.375 0.3823529 0.3529412 0.3235294 0.3529412 0.3676471 0.3602941 0.3602941
0.2101449 0.2318841 0.2463768 0.2681159 0.3115942 0.3478261 0.3695652 0.3623188 0.3188406 0.2898551 0.3115942
0.8461538 0.876923 0.876923 0.8692308 0.8692308 0.8846154 0.876923 0.8615385 0.9 0.876923 0.8461538
0.1259259 0.1259259 0.1185185 0.1259259 0.1259259 0.1407407 0.1185185 0.1185185 0.1259259 0.1037037 0.1185185
0.1897810 0.3430657 0.3795620 0.3868613 0.4525547 0.459854 0.4890511 0.5255474 0.4890511 0.5182482 0.5036496
0.5434783 0.4637681 0.4347826 0.4637681 0.4710145 0.4275362 0.4347826 0.4710145 0.4347826 0.442029 0.442029
0.874074 0.8518519 0.8074074 0.8296296 0.8444444 0.837037 0.8814815 0.8592593 0.8518519 0.8814815 0.8814815
0.1555556 0.1629630 0.1407407 0.1629630 0.1851852 0.1925926 0.1851852 0.2074074 0.1481481 0.1629630 0.1629630
0.6788321 0.7518248 0.810219 0.839416 0.8175182 0.7810219 0.8540146 0.8029197 0.8029197 0.8029197 0.8175182
0.06666667 0.05185185 0.02222222 0.007407407 0.007407407 0.05925926 0.05185185 0.05925926 0.05925926 0.05925926 0.05185185
0.6911765 0.6617647 0.6397059 0.5808824 0.625 0.5808824 0.6029412 0.7132353 0.5808824 0.5808824 0.5735294
0.7956204 0.8467153 0.8467153 0.8832117 0.9051095 0.9270073 0.8978102 0.919708 0.8978102 0.9124088 0.8832117
0.5 0.4338235 0.3970588 0.3529412 0.3382353 0.3382353 0.3088235 0.3161765 0.3455882 0.3161765 0.3161765
0.3695652 0.3985507 0.4710145 0.4855072 0.5362319 0.5 0.4710145 0.442029 0.5072464 0.4637681 0.4855072
0.2388060 0.2089552 0.1641791 0.1567164 0.1119403 0.08208955 0.1119403 0.05223881 0.06716418 0.05970149 0.1343284
0.1259259 0.1555556 0.1555556 0.1407407 0.1777778 0.2 0.1629630 0.1555556 0.1481481 0.1481481 0.1481481
0.1307692 0.03846154 0.03076923 0.03846154 0.05384615 0.05384615 0.05384615 0.05384615 0.03846154 0.03846154 0.03076923
0.8358209 0.7761194 0.5 0.4029851 0.3880597 0.4776119 0.5223881 0.5223881 0.5074627 0.4925373 0.4925373
0.7372263 0.7007299 0.6861314 0.7664234 0.7664234 0.7518248 0.810219 0.8321168 0.7226277 0.8175182 0.7664234
0.7185185 0.7037037 0.5925926 0.5407407 0.562963 0.5481481 0.5481481 0.5111111 0.5333333 0.5555556 0.5777778
0.2313433 0.1940299 0.1865672 0.2313433 0.1940299 0.2462687 0.2164179 0.2462687 0.2089552 0.2014925 0.1865672
0.876923 0.8461538 0.876923 0.876923 0.8846154 0.8923077 0.9307692 0.876923 0.876923 0.876923 0.9
0.7703704 0.7777778 0.7777778 0.8 0.762963 0.7777778 0.762963 0.7555556 0.7481481 0.7481481 0.7555556
0.5 0.4044118 0.3970588 0.3823529 0.375 0.3529412 0.3602941 0.4044118 0.3676471 0.3602941 0.3602941
0.6618705 0.6834532 0.6546763 0.7194245 0.6834532 0.733813 0.705036 0.705036 0.676259 0.6690647 0.647482
0.6058394 0.5109489 0.4671533 0.4963504 0.5766423 0.5036496 0.5255474 0.5182482 0.4671533 0.4817518 0.5036496
0.7518248 0.7372263 0.6861314 0.6423358 0.7153285 0.6788321 0.7518248 0.649635 0.6861314 0.6715328 0.7445255
0.7985075 0.7537313 0.5223881 0.4552239 0.4776119 0.5447761 0.5671642 0.5447761 0.6119403 0.641791 0.6567164
0.1231884 0.1956522 0.2898551 0.2753623 0.2971014 0.3768116 0.3478261 0.3623188 0.3115942 0.3333333 0.3188406
0.02205882 0.09558824 0.1102941 0.1397059 0.1985294 0.1911765 0.1838235 0.1764706 0.25 0.1911765 0.2058824
0.4306569 0.4014599 0.4452555 0.4452555 0.4306569 0.4525547 0.459854 0.4306569 0.3868613 0.4014599 0.4160584
0.8507463 0.8507463 0.8507463 0.8880597 0.858209 0.9402985 0.9328358 0.9477612 0.9477612 0.9328358 0.9253731
0.8962963 0.8962963 0.8592593 0.8222222 0.874074 0.9037037 0.925926 0.9111111 0.9333333 0.9111111 0.8592593
0.7826087 0.826087 0.8478261 0.8623188 0.8623188 0.8623188 0.8623188 0.8623188 0.8550725 0.8550725 0.8405797
0.8405797 0.9057971 0.9057971 0.8913043 0.8985507 0.9347826 0.9275362 0.9347826 0.942029 0.8695652 0.8405797
0.2426471 0.2794118 0.25 0.2867647 0.2941176 0.2426471 0.1911765 0.1985294 0.2573529 0.25 0.2647059
0.5 0.4338235 0.3235294 0.2720588 0.2720588 0.2426471 0.2058824 0.25 0.25 0.2352941 0.2426471
0.3576642 0.3649635 0.4452555 0.4817518 0.4525547 0.4379562 0.4014599 0.4306569 0.4890511 0.5182482 0.4744526
0.2262774 0.2335766 0.2189781 0.2189781 0.2481752 0.2627737 0.2773723 0.2846715 0.2481752 0.2335766 0.2773723
0.6119403 0.5597015 0.4552239 0.4626866 0.4776119 0.4552239 0.4626866 0.4402985 0.4477612 0.4402985 0.4104478
0.5384615 0.5538462 0.5307692 0.6307692 0.5769231 0.5692308 0.5307692 0.5307692 0.4923077 0.5461538 0.5461538
0.4925373 0.5298507 0.6492537 0.7164179 0.6940299 0.6940299 0.6641791 0.7164179 0.6641791 0.641791 0.641791
0.6307692 0.6461538 0.6307692 0.6384615 0.6 0.5384615 0.5692308 0.5461538 0.5692308 0.5153846 0.5461538
0.02877698 0.07194245 0.1223022 0.1654676 0.1654676 0.1582734 0.1726619 0.1366906 0.1726619 0.2158273 0.1942446
0.8321168 0.8613139 0.9270073 0.9270073 0.919708 0.8759124 0.890511 0.8759124 0.8978102 0.890511 0.9416058
0.5367647 0.4411765 0.3455882 0.3088235 0.2720588 0.2426471 0.2426471 0.2720588 0.25 0.2647059 0.2573529
0.9 0.9461538 0.9615385 0.9692308 0.9307692 0.8923077 0.8846154 0.9384615 0.923077 0.9 0.9461538
0.6058394 0.4963504 0.4817518 0.5328467 0.5182482 0.5182482 0.540146 0.5255474 0.5036496 0.5109489 0.4890511
0.4565217 0.4275362 0.4927536 0.5289855 0.5362319 0.5217391 0.5434783 0.5072464 0.5144928 0.4710145 0.4782609
0.3308824 0.2794118 0.1323529 0.04411765 0.06617647 0.1102941 0.06617647 0.05882353 0.05882353 0.05882353 0.07352941
0.5755396 0.4532374 0.4748201 0.5035971 0.4676259 0.4604317 0.4388489 0.4532374 0.4604317 0.4604317 0.4460432
0.789855 0.8188406 0.789855 0.7536232 0.7971014 0.7971014 0.673913 0.7826087 0.789855 0.8115942 0.8188406
0.2101449 0.2753623 0.2391304 0.2681159 0.2536232 0.2463768 0.2173913 0.2173913 0.2536232 0.2173913 0.2971014
0.5307692 0.4230769 0.4230769 0.4230769 0.3 0.2384615 0.3615385 0.3307692 0.3307692 0.3076923 0.2923077
0.9856115 0.9856115 0.9640288 0.8633094 0.8489209 0.8920863 0.913669 0.9568345 0.9640288 0.8992806 0.9208633
0.9477612 0.9552239 0.9477612 0.902985 0.9253731 0.902985 0.8880597 0.9253731 0.9477612 0.880597 0.880597
0.8307692 0.9076923 0.9538462 0.976923 0.923077 0.9384615 0.8846154 0.9384615 0.923077 0.8923077 0.9076923
0.4962963 0.5037037 0.5777778 0.6148148 0.5407407 0.562963 0.5925926 0.5555556 0.5851852 0.6222222 0.5777778
0.4814815 0.6296296 0.7777778 0.8 0.7851852 0.6666667 0.6518519 0.6962963 0.7185185 0.6666667 0.6814815
0.04444444 0.08888889 0.1259259 0.1185185 0.1259259 0.1111111 0.1185185 0.1037037 0.1111111 0.1333333 0.1333333
0.8518519 0.874074 0.8 0.8222222 0.8148148 0.8518519 0.7851852 0.8 0.7925926 0.7481481 0.762963
0.4296296 0.5407407 0.5037037 0.6222222 0.6518519 0.6518519 0.6074074 0.6592593 0.6518519 0.6296296 0.6740741
0.442029 0.3768116 0.4057971 0.3985507 0.4057971 0.3768116 0.3913043 0.3768116 0.3768116 0.3768116 0.3623188
0.6692308 0.6769231 0.6384615 0.6384615 0.6153846 0.6076923 0.5538462 0.6461538 0.5461538 0.5384615 0.5461538
0.3259259 0.2962963 0.3037037 0.3037037 0.3111111 0.2666667 0.2888889 0.2592593 0.3185185 0.2222222 0.2888889
0.384058 0.3405797 0.2463768 0.1739130 0.1521739 0.1449275 0.07246377 0.07971014 0.07246377 0.04347826 0.05797101
0.2352941 0.2647059 0.2794118 0.3014706 0.3382353 0.375 0.3823529 0.3602941 0.3676471 0.3676471 0.3602941
0.5769231 0.5153846 0.4461538 0.4538462 0.4461538 0.4538462 0.4307692 0.4153846 0.3923077 0.4153846 0.4076923
0.1323529 0.1470588 0.1764706 0.2279412 0.2352941 0.2279412 0.2647059 0.2573529 0.25 0.2426471 0.2573529
0.3550725 0.3695652 0.3768116 0.3768116 0.384058 0.384058 0.3913043 0.384058 0.3913043 0.3985507 0.3768116
0.07407407 0.0962963 0.08888889 0.0962963 0.0962963 0.0962963 0.0962963 0.1037037 0.0962963 0.1037037 0.0962963
0.4538462 0.4846154 0.5384615 0.6076923 0.5615385 0.5307692 0.5384615 0.4846154 0.5692308 0.5692308 0.5461538
0.1407407 0.1407407 0.0962963 0.1037037 0.0962963 0.1629630 0.1481481 0.1481481 0.1259259 0.1111111 0.1037037
0.2805755 0.381295 0.4316547 0.5251799 0.4604317 0.5755396 0.5107914 0.5467626 0.6546763 0.618705 0.618705
0.2608696 0.2753623 0.2391304 0.1884058 0.2028986 0.1304348 0.2173913 0.2463768 0.1884058 0.1811594 0.1811594
0.8057554 0.7985612 0.7985612 0.7266187 0.7194245 0.7410072 0.7841727 0.8201439 0.7769784 0.7769784 0.7841727
0.4592593 0.6740741 0.6814815 0.7555556 0.7925926 0.8 0.8222222 0.8296296 0.8222222 0.8148148 0.8222222
0.03076923 0.02307692 0.03076923 0.06923077 0.07692308 0.06923077 0.0923077 0.1076923 0.08461538 0.1230769 0.1769231
0.02898551 0.05797101 0.06521739 0.05072464 0.0942029 0.05797101 0.07246377 0.07246377 0.05797101 0.06521739 0.05797101
0.8686131 0.8467153 0.839416 0.8759124 0.9124088 0.9051095 0.8978102 0.8759124 0.890511 0.890511 0.8467153
0.1176471 0.1764706 0.2352941 0.2573529 0.2720588 0.2573529 0.2867647 0.2573529 0.2794118 0.3088235 0.3088235
0.9057971 0.8623188 0.8333333 0.8333333 0.8405797 0.8115942 0.8043478 0.8333333 0.826087 0.8333333 0.8333333
0.5724638 0.4347826 0.4202899 0.4202899 0.4492754 0.3913043 0.4202899 0.4057971 0.4057971 0.4057971 0.4202899
0.437037 0.4814815 0.5407407 0.5851852 0.5851852 0.5333333 0.5259259 0.5851852 0.5851852 0.562963 0.5777778
0.3283582 0.3731343 0.4104478 0.3582090 0.3059701 0.2985075 0.3656716 0.3283582 0.3507463 0.3358209 0.4104478
0.8043478 0.7536232 0.7028986 0.7246377 0.7391304 0.7536232 0.7753623 0.7028986 0.7826087 0.7028986 0.7536232
0.1791045 0.1268657 0.1641791 0.1567164 0.1791045 0.2164179 0.2313433 0.1865672 0.2238806 0.2089552 0.2388060
0.7971014 0.7608696 0.768116 0.7173913 0.673913 0.7028986 0.6231884 0.6304348 0.6376812 0.6086957 0.6304348
0.6343284 0.6865672 0.7686567 0.7537313 0.7761194 0.761194 0.7835821 0.7164179 0.761194 0.761194 0.761194
0.5179856 0.4964029 0.4532374 0.4604317 0.4604317 0.4604317 0.4532374 0.4532374 0.4460432 0.4388489 0.4460432
0.4307692 0.4384615 0.4846154 0.4769231 0.5384615 0.4615385 0.4615385 0.4538462 0.4692308 0.4615385 0.5153846
0.9253731 0.8208955 0.7462687 0.6791045 0.6641791 0.6492537 0.7014925 0.6791045 0.6567164 0.6865672 0.6567164
0.07692308 0.1384615 0.2230769 0.2230769 0.2384615 0.2153846 0.2307692 0.2076923 0.2461538 0.2307692 0.2230769
0.3478261 0.3768116 0.4202899 0.3550725 0.3478261 0.3768116 0.2971014 0.2898551 0.384058 0.3550725 0.4057971
0.2773723 0.2335766 0.1605839 0.1240876 0.1313869 0.1897810 0.1824818 0.1897810 0.1532847 0.1532847 0.1386861
0.2205882 0.2352941 0.2794118 0.3014706 0.2941176 0.3455882 0.3382353 0.3235294 0.3235294 0.3308824 0.3161765
0.7841727 0.76259 0.6402878 0.5539568 0.5827338 0.5539568 0.5395683 0.589928 0.5755396 0.5539568 0.5395683
0.2661871 0.2877698 0.1942446 0.1582734 0.1366906 0.1510791 0.1654676 0.1726619 0.1438849 0.1510791 0.1582734
0.8592593 0.9407407 0.9555556 0.9703704 0.9111111 0.8888889 0.8814815 0.8888889 0.9037037 0.9703704 0.925926
0.976923 0.9846154 1 0.9923077 0.923077 0.976923 0.976923 0.976923 0.976923 0.9923077 1
0.8175182 0.8248175 0.8248175 0.8467153 0.839416 0.8321168 0.8467153 0.8467153 0.8467153 0.8540146 0.8613139
0.2391304 0.2826087 0.2898551 0.3405797 0.3405797 0.2826087 0.2826087 0.2971014 0.3115942 0.3405797 0.3768116
0.7925926 0.7851852 0.7555556 0.7925926 0.8 0.7703704 0.7777778 0.8074074 0.762963 0.8296296 0.8296296
0.5407407 0.4074074 0.3703704 0.3037037 0.2666667 0.2148148 0.2962963 0.2962963 0.2148148 0.2444444 0.2296296
0 0.02877698 0.05035971 0.07913669 0.1007194 0.05755396 0.03597122 0.03597122 0.05755396 0.08633094 0.05755396
0.5925926 0.4962963 0.5185185 0.5111111 0.5407407 0.5259259 0.5407407 0.562963 0.5259259 0.5407407 0.5851852
0.5777778 0.762963 0.8148148 0.9481481 0.8518519 0.8 0.7185185 0.8148148 0.8222222 0.8296296 0.8296296
0.4222222 0.4296296 0.4296296 0.437037 0.4148148 0.4296296 0.4148148 0.4148148 0.4 0.4 0.4074074
0.3478261 0.4347826 0.5869565 0.6304348 0.6521739 0.5797101 0.5434783 0.4927536 0.4710145 0.5724638 0.5
0.4230769 0.3384615 0.3153846 0.3230769 0.3769231 0.4 0.4076923 0.3923077 0.3923077 0.4 0.4076923
0.1629630 0.2074074 0.1629630 0.1851852 0.2444444 0.2370370 0.2370370 0.2296296 0.2296296 0.2074074 0.2222222
0.2877698 0.3741007 0.3741007 0.352518 0.381295 0.2805755 0.2446043 0.2302158 0.3165468 0.3453237 0.323741
0.2592593 0.2888889 0.3111111 0.3111111 0.2814815 0.2592593 0.2814815 0.2666667 0.2740741 0.2 0.2222222
0.5912409 0.5255474 0.4963504 0.4744526 0.5255474 0.5474453 0.4963504 0.4963504 0.4817518 0.4671533 0.4744526
0.2043796 0.2481752 0.2408759 0.2773723 0.3138686 0.3357664 0.3284672 0.2992701 0.3430657 0.3649635 0.3503650
0.3576642 0.2773723 0.2627737 0.270073 0.270073 0.2919708 0.3065693 0.2846715 0.2481752 0.2262774 0.2335766
0.8043478 0.7971014 0.789855 0.6449275 0.5869565 0.7028986 0.6811594 0.7173913 0.6666667 0.6521739 0.6811594
0.4492754 0.4202899 0.4057971 0.4057971 0.4347826 0.4057971 0.4130435 0.4057971 0.384058 0.4202899 0.4057971
0.2769231 0.3615385 0.4230769 0.4538462 0.4769231 0.4153846 0.4461538 0.4153846 0.4384615 0.4307692 0.4307692
0.9153846 0.8461538 0.8692308 0.8538462 0.8307692 0.8153846 0.8307692 0.8307692 0.7923077 0.8076923 0.823077
0.3260870 0.3405797 0.2391304 0.1956522 0.1449275 0.1304348 0.1449275 0.1594203 0.1449275 0.1666667 0.1304348
0.7226277 0.7007299 0.5547445 0.4963504 0.459854 0.5474453 0.6277372 0.6277372 0.5839416 0.5912409 0.5839416
0.2919708 0.2408759 0.2043796 0.1751825 0.2043796 0.2408759 0.2481752 0.270073 0.2262774 0.1970803 0.1970803
0.1386861 0.1824818 0.2773723 0.3211679 0.3138686 0.2189781 0.2043796 0.2189781 0.2408759 0.2408759 0.2408759
0.7956204 0.7956204 0.7737226 0.810219 0.839416 0.729927 0.6058394 0.7372263 0.8467153 0.8540146 0.8759124
0.7407407 0.8222222 0.8592593 0.8592593 0.8814815 0.8814815 0.8814815 0.8888889 0.8962963 0.874074 0.8592593
0.9565217 0.8405797 0.789855 0.7391304 0.6594203 0.7173913 0.7753623 0.6811594 0.6956522 0.731884 0.7101449
0.876923 0.9307692 0.9615385 1 0.8692308 0.876923 0.876923 0.8692308 0.876923 0.9153846 0.9
0.9076923 0.9846154 0.976923 1 0.9307692 0.976923 0.9846154 0.9923077 0.976923 0.9846154 1
0.7185185 0.6592593 0.6074074 0.5333333 0.5407407 0.5333333 0.5777778 0.5851852 0.562963 0.5481481 0.5407407
