0.454 0.51 0.508 0.568 0.592 0.684 0.722 0.72 0.782 0.794 0.776
0.136 0.17 0.166 0.16 0.204 0.238 0.202 0.184 0.168 0.186 0.132
0.188 0.174 0.204 0.224 0.218 0.198 0.26 0.274 0.302 0.342 0.32
0.084 0.104 0.08 0.112 0.092 0.104 0.076 0.066 0.07 0.05 0.026
0.206 0.23 0.18 0.234 0.188 0.182 0.216 0.166 0.168 0.156 0.148
0.334 0.32 0.344 0.36 0.354 0.36 0.34 0.302 0.32 0.302 0.334
0.242 0.27 0.25 0.188 0.162 0.118 0.112 0.108 0.062 0.08 0.072
0.498 0.44 0.404 0.36 0.332 0.27 0.2 0.15 0.12 0.07 0.044
0.62 0.608 0.588 0.564 0.608 0.562 0.58 0.538 0.578 0.508 0.52
0.098 0.116 0.102 0.12 0.148 0.158 0.198 0.224 0.232 0.312 0.282
0.248 0.258 0.248 0.216 0.158 0.16 0.14 0.084 0.102 0.072 0.064
0.314 0.35 0.28 0.226 0.226 0.184 0.15 0.116 0.058 0.054 0.036
0.616 0.562 0.53 0.432 0.388 0.326 0.312 0.314 0.268 0.248 0.224
0.048 0.056 0.048 0.054 0.04 0.038 0.036 0.022 0.02 0.022 0.014
0.104 0.076 0.11 0.094 0.116 0.132 0.134 0.198 0.242 0.236 0.24
0.548 0.562 0.472 0.482 0.426 0.432 0.386 0.384 0.324 0.336 0.346
0.5 0.546 0.506 0.52 0.526 0.522 0.52 0.52 0.502 0.518 0.472
0.414 0.408 0.45 0.426 0.434 0.432 0.446 0.428 0.338 0.328 0.372
0.354 0.304 0.244 0.218 0.144 0.108 0.094 0.054 0.03 0.02 0.012
0.152 0.148 0.172 0.168 0.144 0.142 0.098 0.068 0.042 0.018 0.024
0.33 0.324 0.35 0.26 0.264 0.28 0.232 0.256 0.284 0.338 0.318
0.052 0.04 0.04 0.044 0.058 0.086 0.048 0.052 0.102 0.094 0.126
0.258 0.25 0.278 0.262 0.228 0.296 0.25 0.234 0.25 0.288 0.28
0.062 0.072 0.046 0.058 0.046 0.046 0.038 0.026 0.03 0.018 0.02
0.274 0.302 0.34 0.342 0.356 0.39 0.372 0.402 0.382 0.374 0.42
0.27 0.272 0.294 0.326 0.392 0.41 0.402 0.394 0.43 0.434 0.416
0.31 0.274 0.268 0.298 0.228 0.178 0.15 0.118 0.086 0.052 0.028
0.242 0.278 0.286 0.306 0.406 0.5 0.572 0.574 0.59 0.654 0.646
0.06 0.092 0.06 0.072 0.098 0.086 0.09 0.066 0.064 0.072 0.066
0.416 0.358 0.344 0.338 0.342 0.338 0.368 0.342 0.39 0.376 0.4
0.524 0.472 0.48 0.538 0.588 0.566 0.626 0.628 0.63 0.644 0.676
0.214 0.21 0.164 0.164 0.146 0.116 0.094 0.066 0.06 0.034 0.026
0.582 0.6 0.628 0.654 0.724 0.714 0.762 0.696 0.73 0.708 0.72
0.16 0.162 0.208 0.222 0.254 0.284 0.352 0.424 0.44 0.478 0.496
0.12 0.1 0.142 0.154 0.112 0.134 0.15 0.108 0.096 0.096 0.094
0.29 0.28 0.308 0.32 0.298 0.348 0.33 0.326 0.35 0.382 0.354
0.47 0.418 0.332 0.238 0.188 0.17 0.112 0.096 0.064 0.068 0.05
0.128 0.168 0.166 0.266 0.302 0.406 0.456 0.528 0.594 0.618 0.606
0.478 0.456 0.494 0.498 0.482 0.436 0.462 0.416 0.386 0.34 0.294
0.286 0.338 0.394 0.38 0.422 0.422 0.384 0.37 0.334 0.23 0.252
0.068 0.09 0.084 0.088 0.118 0.19 0.156 0.184 0.182 0.2 0.224
0.04 0.048 0.054 0.056 0.064 0.044 0.044 0.05 0.036 0.04 0.026
0.388 0.36 0.358 0.348 0.404 0.416 0.428 0.428 0.46 0.442 0.424
0.072 0.084 0.12 0.132 0.186 0.252 0.284 0.384 0.408 0.452 0.454
0.398 0.416 0.364 0.384 0.326 0.37 0.278 0.258 0.216 0.194 0.184
0.284 0.23 0.212 0.164 0.118 0.09 0.056 0.074 0.04 0.048 0.018
0.546 0.612 0.588 0.602 0.552 0.544 0.562 0.566 0.584 0.562 0.572
0.2 0.218 0.234 0.204 0.194 0.16 0.128 0.104 0.082 0.044 0.048
0.212 0.198 0.268 0.248 0.278 0.3 0.28 0.296 0.386 0.384 0.376
0.058 0.074 0.046 0.098 0.112 0.098 0.1 0.076 0.082 0.054 0.048
0.298 0.272 0.26 0.29 0.27 0.226 0.186 0.158 0.134 0.114 0.102
0.436 0.402 0.372 0.344 0.302 0.29 0.256 0.208 0.21 0.172 0.16
0.038 0.04 0.04 0.038 0.048 0.036 0.028 0.024 0.028 0.016 0.002
0.03 0.038 0.04 0.038 0.038 0.066 0.054 0.062 0.07 0.07 0.064
0.09 0.084 0.092 0.122 0.1 0.108 0.096 0.084 0.1 0.124 0.094
0.494 0.526 0.564 0.52 0.508 0.504 0.516 0.558 0.524 0.534 0.53
0.01 0.012 0.012 0.012 0.03 0.026 0.038 0.03 0.066 0.062 0.066
0.412 0.43 0.456 0.492 0.528 0.54 0.558 0.62 0.626 0.64 0.626
0.2 0.24 0.278 0.286 0.266 0.322 0.394 0.452 0.496 0.57 0.576
0.292 0.338 0.338 0.372 0.39 0.436 0.43 0.432 0.476 0.548 0.504
0.17 0.156 0.224 0.292 0.282 0.36 0.43 0.456 0.522 0.536 0.592
0.256 0.242 0.33 0.318 0.256 0.27 0.272 0.254 0.178 0.174 0.154
0.116 0.138 0.18 0.206 0.288 0.382 0.406 0.512 0.568 0.574 0.572
0.318 0.28 0.268 0.194 0.174 0.132 0.08 0.096 0.072 0.094 0.092
0.152 0.158 0.164 0.194 0.218 0.218 0.242 0.238 0.196 0.218 0.18
0.608 0.588 0.618 0.59 0.614 0.614 0.51 0.462 0.434 0.44 0.412
0.104 0.114 0.12 0.122 0.1 0.096 0.08 0.074 0.05 0.036 0.032
0.294 0.278 0.268 0.31 0.314 0.306 0.3 0.324 0.274 0.304 0.274
0.368 0.326 0.342 0.33 0.29 0.31 0.276 0.258 0.208 0.228 0.196
0.112 0.128 0.12 0.11 0.15 0.168 0.186 0.18 0.19 0.204 0.206
0.12 0.11 0.14 0.186 0.174 0.184 0.17 0.174 0.198 0.172 0.194
0.39 0.364 0.364 0.37 0.394 0.394 0.36 0.408 0.402 0.404 0.384
0.16 0.204 0.202 0.268 0.244 0.322 0.318 0.252 0.224 0.274 0.192
0.034 0.044 0.048 0.04 0.062 0.056 0.078 0.07 0.086 0.05 0.06
0.506 0.51 0.458 0.4 0.442 0.408 0.332 0.358 0.342 0.304 0.296
0.184 0.21 0.18 0.202 0.156 0.138 0.112 0.112 0.09 0.082 0.066
0.092 0.078 0.102 0.1 0.072 0.044 0.05 0.032 0.026 0.012 0.012
0.02 0.036 0.034 0.026 0.034 0.054 0.058 0.052 0.054 0.066 0.07
0.126 0.108 0.116 0.094 0.096 0.094 0.072 0.036 0.042 0.05 0.032
0.56 0.568 0.466 0.45 0.334 0.256 0.192 0.122 0.1 0.098 0.076
0.322 0.326 0.284 0.252 0.25 0.178 0.154 0.108 0.076 0.052 0.042
0.536 0.51 0.508 0.5 0.464 0.378 0.314 0.242 0.202 0.158 0.146
0.114 0.094 0.088 0.086 0.074 0.096 0.08 0.1 0.098 0.076 0.062
0.3 0.276 0.242 0.168 0.144 0.138 0.106 0.064 0.064 0.028 0.026
0.396 0.374 0.35 0.396 0.344 0.262 0.174 0.158 0.12 0.062 0.066
0.168 0.178 0.226 0.244 0.234 0.25 0.294 0.354 0.372 0.41 0.43
0.364 0.336 0.362 0.346 0.388 0.346 0.38 0.35 0.318 0.274 0.29
0.152 0.136 0.148 0.104 0.104 0.06 0.054 0.046 0.026 0.026 0.01
0.168 0.198 0.216 0.214 0.224 0.232 0.23 0.244 0.216 0.18 0.18
0.68 0.646 0.596 0.558 0.48 0.514 0.446 0.41 0.424 0.392 0.364
0.42 0.45 0.46 0.566 0.578 0.58 0.61 0.644 0.668 0.642 0.658
0.078 0.088 0.088 0.11 0.134 0.124 0.142 0.194 0.202 0.194 0.198
0.484 0.466 0.43 0.41 0.418 0.344 0.374 0.34 0.34 0.294 0.276
0.076 0.074 0.058 0.068 0.086 0.12 0.106 0.12 0.106 0.124 0.152
0.064 0.052 0.074 0.062 0.09 0.08 0.086 0.088 0.112 0.098 0.08
0.4 0.326 0.314 0.272 0.224 0.14 0.126 0.078 0.052 0.03 0.028
0.23 0.242 0.316 0.336 0.326 0.31 0.316 0.262 0.248 0.184 0.19
0.152 0.114 0.09 0.102 0.09 0.104 0.112 0.092 0.128 0.106 0.108
0.168 0.154 0.132 0.12 0.112 0.102 0.064 0.07 0.04 0.032 0.012
0.586 0.59 0.566 0.546 0.488 0.47 0.46 0.472 0.412 0.374 0.406
0.1 0.098 0.082 0.112 0.084 0.09 0.086 0.06 0.04 0.032 0.036
0.412 0.368 0.31 0.292 0.282 0.314 0.342 0.328 0.304 0.404 0.356
0.216 0.236 0.28 0.256 0.286 0.29 0.35 0.362 0.368 0.398 0.394
0.32 0.294 0.3 0.29 0.236 0.218 0.216 0.212 0.196 0.178 0.184
0.068 0.092 0.084 0.062 0.124 0.122 0.122 0.118 0.13 0.162 0.156
0.338 0.308 0.344 0.332 0.312 0.3 0.28 0.3 0.252 0.204 0.204
0.128 0.188 0.154 0.166 0.17 0.186 0.2 0.19 0.224 0.224 0.192
0.264 0.272 0.238 0.236 0.17 0.162 0.148 0.152 0.106 0.096 0.11
0.394 0.39 0.392 0.394 0.386 0.37 0.348 0.384 0.344 0.332 0.31
0.396 0.444 0.392 0.384 0.326 0.276 0.254 0.164 0.17 0.104 0.094
0.06 0.04 0.052 0.076 0.09 0.078 0.094 0.088 0.086 0.078 0.098
0.702 0.632 0.67 0.668 0.674 0.728 0.74 0.744 0.76 0.738 0.746
0.434 0.432 0.418 0.344 0.308 0.308 0.284 0.25 0.232 0.24 0.218
0.514 0.478 0.484 0.482 0.434 0.404 0.386 0.408 0.362 0.382 0.348
0.594 0.538 0.508 0.44 0.498 0.396 0.35 0.312 0.286 0.264 0.248
0.282 0.234 0.28 0.288 0.3 0.322 0.332 0.362 0.32 0.404 0.396
0.416 0.396 0.37 0.376 0.384 0.32 0.332 0.288 0.268 0.242 0.262
0.194 0.2 0.184 0.23 0.254 0.244 0.272 0.282 0.256 0.3 0.326
0.472 0.446 0.472 0.436 0.498 0.472 0.486 0.524 0.548 0.56 0.566
0.034 0.024 0.034 0.048 0.036 0.028 0.036 0.032 0.028 0.026 0.028
0.036 0.03 0.026 0.032 0.03 0.018 0.014 0.012 0.014 0.002 0
0.232 0.228 0.202 0.192 0.196 0.142 0.114 0.138 0.09 0.078 0.038
0.464 0.418 0.394 0.35 0.33 0.276 0.248 0.23 0.158 0.114 0.126
0.33 0.348 0.366 0.448 0.514 0.608 0.646 0.662 0.71 0.748 0.744
0.502 0.536 0.548 0.578 0.616 0.638 0.674 0.682 0.724 0.742 0.764
0.358 0.34 0.354 0.306 0.272 0.262 0.24 0.246 0.242 0.246 0.278
0.04 0.026 0.04 0.03 0.014 0.03 0.032 0.02 0.022 0.018 0.016
0.306 0.268 0.35 0.32 0.368 0.4 0.424 0.442 0.516 0.464 0.512
0.222 0.21 0.154 0.154 0.084 0.08 0.05 0.038 0.02 0.018 0.018
0.472 0.476 0.418 0.362 0.318 0.318 0.302 0.328 0.278 0.302 0.274
0.394 0.398 0.436 0.436 0.484 0.508 0.554 0.562 0.598 0.624 0.63
0.428 0.388 0.374 0.342 0.284 0.244 0.19 0.182 0.176 0.11 0.096
0.562 0.59 0.566 0.582 0.546 0.534 0.532 0.512 0.52 0.458 0.394
0.28 0.336 0.37 0.306 0.364 0.346 0.368 0.37 0.434 0.362 0.38
0.206 0.214 0.162 0.17 0.144 0.122 0.164 0.138 0.112 0.088 0.102
0.51 0.456 0.45 0.416 0.382 0.32 0.308 0.24 0.232 0.232 0.22
0.348 0.394 0.42 0.44 0.436 0.418 0.424 0.468 0.47 0.45 0.456
0.104 0.1 0.138 0.114 0.114 0.144 0.102 0.08 0.092 0.04 0.022
0.162 0.184 0.192 0.212 0.208 0.278 0.3 0.338 0.338 0.346 0.338
0.028 0.026 0.02 0.046 0.054 0.074 0.062 0.076 0.074 0.088 0.08
0.53 0.49 0.404 0.42 0.402 0.354 0.302 0.354 0.312 0.358 0.316
0.124 0.134 0.11 0.12 0.108 0.098 0.106 0.094 0.106 0.098 0.084
0.058 0.058 0.058 0.102 0.132 0.126 0.182 0.18 0.204 0.268 0.254
0.256 0.244 0.246 0.238 0.256 0.264 0.312 0.266 0.268 0.294 0.244
0.312 0.334 0.292 0.356 0.308 0.344 0.322 0.238 0.268 0.24 0.236
0.038 0.03 0.04 0.03 0.022 0.02 0.016 0.018 0.002 0 0
0.436 0.428 0.346 0.314 0.292 0.242 0.244 0.27 0.27 0.278 0.3
0.03 0.048 0.062 0.064 0.094 0.126 0.144 0.194 0.242 0.256 0.288
0.21 0.16 0.176 0.134 0.142 0.154 0.118 0.068 0.058 0.05 0.036
0.148 0.124 0.134 0.096 0.076 0.07 0.052 0.07 0.048 0.026 0.036
0.146 0.144 0.16 0.168 0.252 0.276 0.344 0.372 0.396 0.398 0.436
