0.03571429 0.1285714 0.06428571 0.02857143 0.007142857 0.007142857 0.007142857 0 0 0 0
0.5864662 0.4962406 0.5714286 0.4736842 0.518797 0.481203 0.5338346 0.4586466 0.443609 0.4736842 0.5037594
0.6641221 0.6564885 0.6183206 0.610687 0.5725191 0.4961832 0.4122137 0.4961832 0.4198473 0.4122137 0.4045802
0.7969925 0.7593985 0.7593985 0.7894737 0.8045113 0.7669173 0.8421053 0.8345865 0.8796992 0.9097744 0.8646617
0.5454545 0.6363636 0.5874126 0.5734266 0.6433566 0.5664336 0.5524476 0.5734266 0.5594406 0.5664336 0.5944056
0.2406015 0.2932331 0.2857143 0.2706767 0.2255639 0.1729323 0.2706767 0.2255639 0.2330827 0.2481203 0.2631579
0.556391 0.518797 0.6165414 0.6466165 0.6240602 0.7218045 0.7518797 0.7593985 0.8045113 0.7218045 0.8571429
0.1865672 0.1119403 0.2238806 0.2164179 0.3358209 0.4104478 0.5223881 0.5597015 0.6940299 0.7537313 0.7835821
0.04895105 0.01398601 0.01398601 0.02097902 0.03496503 0.04895105 0.06993007 0.08391608 0.0979021 0.07692308 0.0909091
0.6940299 0.7985075 0.6865672 0.6940299 0.641791 0.6044776 0.5 0.4179104 0.3656716 0.3208955 0.3059701
0.2835821 0.4402985 0.380597 0.3731343 0.3731343 0.3880597 0.3955224 0.4701493 0.5447761 0.5746269 0.5820896
0.5671642 0.4850746 0.4402985 0.5 0.5820896 0.6119403 0.7089552 0.7537313 0.738806 0.8059701 0.7462687
0.2058824 0.1102941 0.1617647 0.1764706 0.2058824 0.3088235 0.4338235 0.4117647 0.4338235 0.4117647 0.4191176
0.8244275 0.7709924 0.7557252 0.9236641 0.8931298 0.870229 0.8778626 0.9465649 0.908397 0.8015267 0.8091603
0.7969925 0.7969925 0.7969925 0.7744361 0.7969925 0.6616541 0.6015038 0.4736842 0.4586466 0.4586466 0.3759398
0.1879699 0.1654135 0.1428571 0.1578947 0.1503759 0.1729323 0.2030075 0.2255639 0.2481203 0.2781955 0.2180451
0.0882353 0.1176471 0.05147059 0.0882353 0.08088235 0.0882353 0.1397059 0.1397059 0.1397059 0.2205882 0.1544118
0.2835821 0.2985075 0.2611940 0.2910448 0.2089552 0.2089552 0.1865672 0.2164179 0.1940299 0.2910448 0.2462687
0.518797 0.4360902 0.4661654 0.6466165 0.6842105 0.7819549 0.8045113 0.8721805 0.9398496 0.9699248 0.9473684
0.6044776 0.5895522 0.5820896 0.5970149 0.6567164 0.619403 0.7313433 0.9179104 0.8880597 0.9701493 0.9179104
0.3435115 0.3053435 0.389313 0.4274809 0.4503817 0.4351145 0.4122137 0.3511450 0.3816794 0.3206107 0.3206107
0.8947368 0.7894737 0.8421053 0.8045113 0.7894737 0.7969925 0.8646617 0.7819549 0.7894737 0.7518797 0.7067669
0.5333333 0.6296296 0.562963 0.5481481 0.5555556 0.5851852 0.5185185 0.4296296 0.4814815 0.4740741 0.4814815
0.924812 0.8947368 0.8796992 0.8947368 0.924812 0.8646617 0.8345865 0.8270677 0.8796992 0.8796992 0.924812
0.3629630 0.3481481 0.3111111 0.3259259 0.3111111 0.3185185 0.2148148 0.2148148 0.1777778 0.2148148 0.2296296
0.4740741 0.5481481 0.4962963 0.3111111 0.2518519 0.2 0.2 0.2370370 0.2 0.2296296 0.2296296
0.2573529 0.2205882 0.2058824 0.1911765 0.25 0.3161765 0.5 0.5220588 0.5514706 0.6102941 0.5514706
0.5496183 0.6412214 0.5954198 0.5648855 0.4503817 0.3129771 0.2671756 0.1603053 0.129771 0.1068702 0.1221374
0.8931298 0.9465649 0.9312977 0.9770992 0.9160305 0.8625954 0.908397 0.832061 0.870229 0.8244275 0.7938931
0.2706767 0.2105263 0.3007519 0.2330827 0.3082707 0.2556391 0.2706767 0.3458647 0.3082707 0.3533835 0.3684211
0.2761194 0.2164179 0.2611940 0.1791045 0.1791045 0.1567164 0.1343284 0.1119403 0.09701493 0.08955224 0.03731343
0.757353 0.617647 0.6838235 0.7205882 0.8014706 0.9117647 0.9044118 0.9191176 0.9264706 0.9411765 0.9044118
0.01428571 0.01428571 0.03571429 0.01428571 0.02857143 0.01428571 0.02857143 0.02142857 0.02142857 0.02142857 0.02142857
0.7022901 0.7022901 0.6641221 0.7099237 0.5114504 0.519084 0.389313 0.2977099 0.1755725 0.1908397 0.2061069
0.7142857 0.6165414 0.6842105 0.6015038 0.6466165 0.6541353 0.593985 0.631579 0.6691729 0.6390977 0.6090226
0.4071429 0.4071429 0.4357143 0.35 0.3642857 0.2928571 0.2785714 0.2928571 0.3071429 0.2571429 0.2571429
0.4740741 0.2296296 0.4 0.437037 0.6814815 0.6444444 0.7555556 0.7111111 0.8592593 0.7111111 0.7037037
0.610687 0.7328244 0.6717557 0.5648855 0.4198473 0.2977099 0.1984733 0.1908397 0.1068702 0.1068702 0.1145038
0.1176471 0.1323529 0.05882353 0.07352941 0.07352941 0.08088235 0.125 0.1691176 0.1617647 0.2426471 0.3382353
0.2213740 0.3053435 0.2519084 0.2213740 0.1908397 0.1679389 0.1755725 0.2137405 0.3282443 0.3664122 0.4045802
0.8285714 0.8714286 0.8714286 0.8214286 0.7928571 0.7 0.6571429 0.6142857 0.5214286 0.4928571 0.4857143
0.8888889 0.8962963 0.8 0.8962963 0.9037037 0.9037037 0.8222222 0.7925926 0.8592593 0.8296296 0.8666667
0.3382353 0.2426471 0.2205882 0.2720588 0.2352941 0.4264706 0.3308824 0.3455882 0.3455882 0.4044118 0.4338235
0.7279412 0.8088235 0.7720588 0.6911765 0.632353 0.5514706 0.5 0.3455882 0.3602941 0.2352941 0.1911765
0.2214286 0.2785714 0.3571429 0.2 0.2357143 0.2928571 0.3428571 0.4571429 0.45 0.5 0.5285714
0.6240602 0.4360902 0.6015038 0.6390977 0.6390977 0.7744361 0.7293233 0.8721805 0.7969925 0.9022556 0.8270677
0.07692308 0.04895105 0.06993007 0.04195804 0.07692308 0.07692308 0.07692308 0.0909091 0.1048951 0.08391608 0.1188811
0.6090226 0.5263158 0.6015038 0.6466165 0.6917293 0.6090226 0.7443609 0.7969925 0.7593985 0.8270677 0.7593985
0.4850746 0.5671642 0.5074627 0.4776119 0.5298507 0.5 0.4179104 0.4104478 0.3432836 0.3059701 0.2835821
0.7443609 0.81203 0.7969925 0.7744361 0.7218045 0.6165414 0.593985 0.5864662 0.6390977 0.7067669 0.6917293
0.4264706 0.4558824 0.4558824 0.4632353 0.5514706 0.6029412 0.6617647 0.6470588 0.6470588 0.6911765 0.7058824
0.2180451 0.2030075 0.2706767 0.2180451 0.2330827 0.3308271 0.2180451 0.3533835 0.3308271 0.4135338 0.4586466
0.961832 0.9541985 0.9541985 0.9389313 0.9770992 0.961832 0.9923664 0.9923664 0.961832 0.961832 0.9541985
0.9701493 0.9626866 0.9626866 0.9925373 0.9850746 0.9626866 0.9477612 0.977612 0.9477612 0.9552239 0.9104478
0.7480916 0.7557252 0.7557252 0.7938931 0.6564885 0.7328244 0.740458 0.7099237 0.7022901 0.6793893 0.6183206
0.3909774 0.3082707 0.3157895 0.3308271 0.2330827 0.1804511 0.1503759 0.1729323 0.2030075 0.1654135 0.2481203
0.9857143 0.9928571 1 1 1 0.9928571 0.9571429 0.9642857 0.8857143 0.8428571 0.7928571
0.04444444 0.0962963 0.08888889 0.03703704 0.02222222 0.01481481 0.01481481 0.01481481 0.02222222 0.02222222 0.02962963
0.3834586 0.5338346 0.443609 0.4586466 0.3308271 0.3458647 0.1804511 0.07518797 0.09022556 0.04511278 0.03007519
0.2857143 0.35 0.3714286 0.2571429 0.1928571 0.1785714 0.1857143 0.15 0.1285714 0.1714286 0.1428571
0.4740741 0.5555556 0.5185185 0.4444444 0.4222222 0.1777778 0.1037037 0.07407407 0.04444444 0.05185185 0.04444444
0.4552239 0.5074627 0.5 0.4253731 0.4328358 0.4179104 0.4328358 0.4925373 0.5223881 0.5671642 0.5671642
0.5373134 0.5597015 0.5895522 0.4850746 0.4179104 0.3358209 0.2089552 0.1716418 0.1492537 0.1343284 0.1194030
0.2797203 0.1818182 0.2377622 0.3566434 0.3286713 0.4475524 0.4475524 0.5244755 0.5594406 0.6013986 0.5804196
0.6428571 0.65 0.6571429 0.6285714 0.5642857 0.4928571 0.5214286 0.5 0.5428571 0.5 0.5071429
0.007352941 0 0 0.01470588 0 0.01470588 0.03676471 0.04411765 0.1397059 0.1544118 0.2058824
0.7164179 0.6940299 0.7164179 0.6268657 0.6865672 0.7686567 0.8283582 0.9179104 0.8432836 0.9253731 0.9104478
0.3642857 0.4 0.3357143 0.3285714 0.3142857 0.3142857 0.2571429 0.2428571 0.2071429 0.2214286 0.2571429
0.2406015 0.2781955 0.2481203 0.3082707 0.3082707 0.3533835 0.3233083 0.3759398 0.4210526 0.4586466 0.4360902
0.7647059 0.8235294 0.7867647 0.7720588 0.6764706 0.6764706 0.6544118 0.5735294 0.5367647 0.4779412 0.4558824
0.738806 0.6940299 0.7089552 0.7462687 0.6865672 0.5970149 0.6268657 0.6492537 0.5597015 0.5298507 0.5820896
0.2285714 0.2571429 0.2785714 0.2142857 0.3071429 0.2214286 0.2071429 0.2071429 0.2071429 0.1857143 0.2
0.5037594 0.5263158 0.5639098 0.3684211 0.3759398 0.406015 0.3082707 0.3458647 0.3082707 0.3984962 0.3533835
0.9312977 0.9847328 0.908397 0.9389313 0.9007634 0.9007634 0.9465649 0.9236641 0.8931298 0.8015267 0.7709924
0.3432836 0.1940299 0.2611940 0.3283582 0.3731343 0.3731343 0.3507463 0.3507463 0.3208955 0.4402985 0.3955224
0.7328244 0.6564885 0.7557252 0.7938931 0.6641221 0.6793893 0.7862595 0.7709924 0.6946565 0.6717557 0.7175573
0.6940299 0.6940299 0.7835821 0.6791045 0.7014925 0.6716418 0.7089552 0.7537313 0.7313433 0.6716418 0.7238806
0.9849624 0.9398496 0.9097744 0.9548872 0.9022556 0.9398496 0.8571429 0.81203 0.7744361 0.7969925 0.6917293
0.8222222 0.8148148 0.8 0.8962963 0.9185185 0.9333333 0.9185185 0.8666667 0.8666667 0.8962963 0.9037037
0.3432836 0.1940299 0.2611940 0.2985075 0.3656716 0.4626866 0.6641791 0.7164179 0.738806 0.7686567 0.8731343
0.619403 0.4701493 0.4402985 0.5820896 0.6492537 0.7462687 0.7313433 0.7462687 0.7014925 0.7462687 0.7089552
0.03759398 0.03759398 0.03759398 0.1052632 0.1578947 0.2556391 0.3984962 0.3834586 0.4887218 0.5639098 0.5864662
0.8391608 0.8601399 0.8881119 0.8671329 0.8951049 0.7972028 0.8041958 0.8461538 0.7762238 0.7832168 0.7062937
0.7142857 0.5571429 0.7214286 0.7285714 0.8285714 0.8857143 0.9214286 0.9642857 0.9642857 0.9857143 0.9571429
0.2537313 0.2611940 0.2611940 0.3283582 0.3283582 0.3955224 0.4925373 0.7014925 0.7537313 0.7686567 0.8283582
0.5801527 0.6412214 0.5572519 0.5648855 0.4961832 0.4274809 0.3358779 0.2366412 0.1450382 0.1603053 0.1984733
0.2977099 0.389313 0.3358779 0.2900763 0.2519084 0.259542 0.2748092 0.2290076 0.2900763 0.3282443 0.3511450
0.7969925 0.8270677 0.7744361 0.7894737 0.8045113 0.7593985 0.7744361 0.8345865 0.7443609 0.8270677 0.7293233
0.5874126 0.5664336 0.6013986 0.5874126 0.4685315 0.5664336 0.5034965 0.4755245 0.5664336 0.5034965 0.6293706
0.02142857 0.01428571 0.03571429 0.1 0.1 0.09285714 0.1 0.2142857 0.2142857 0.2357143 0.2285714
0.07857143 0.2 0.1071429 0.06428571 0.02857143 0.02857143 0.01428571 0.01428571 0.01428571 0 0.01428571
0.9477612 0.8656716 0.9477612 0.8955224 0.9328358 0.9104478 0.8880597 0.8731343 0.8731343 0.7462687 0.7686567
0.2142857 0.1214286 0.1714286 0.1428571 0.2428571 0.2571429 0.2714286 0.3785714 0.3928571 0.3928571 0.3785714
0.757353 0.8308824 0.882353 0.8308824 0.8014706 0.7867647 0.7352941 0.7132353 0.7794118 0.6911765 0.6029412
0.951049 0.944056 0.923077 0.8811189 0.923077 0.8951049 0.8671329 0.8321678 0.6993007 0.6923077 0.6293706
0.5 0.4705882 0.4485294 0.6397059 0.5588235 0.6764706 0.7647059 0.8161765 0.9117647 0.8529412 0.9117647
0.3740458 0.4961832 0.4045802 0.389313 0.3587786 0.3206107 0.3511450 0.389313 0.4351145 0.5038168 0.5267176
0.81203 0.8421053 0.7593985 0.7894737 0.7593985 0.7443609 0.7443609 0.6541353 0.6691729 0.5864662 0.6090226
0.6567164 0.6940299 0.7164179 0.6865672 0.7462687 0.9104478 0.8731343 0.9179104 0.858209 0.977612 0.9328358
0.06716418 0.04477612 0.05223881 0.06716418 0.09701493 0.1492537 0.2462687 0.1940299 0.2164179 0.2462687 0.2910448
0.7785714 0.7857143 0.7571429 0.7928571 0.7785714 0.8142857 0.7857143 0.8785714 0.8642857 0.9357143 0.9
0.2213740 0.1603053 0.2366412 0.2748092 0.2824427 0.2137405 0.2442748 0.1908397 0.1450382 0.1221374 0.1221374
0.6390977 0.6541353 0.6766917 0.6992481 0.593985 0.5714286 0.5789474 0.5864662 0.4736842 0.4736842 0.4586466
0.5185185 0.4592593 0.5111111 0.4888889 0.5407407 0.5333333 0.5037037 0.4888889 0.4518519 0.437037 0.4
0.762963 0.7481481 0.7851852 0.7259259 0.6814815 0.6592593 0.6296296 0.5925926 0.5185185 0.5777778 0.5111111
0.2761194 0.3208955 0.2761194 0.2238806 0.2835821 0.3208955 0.3507463 0.4477612 0.4552239 0.5074627 0.4925373
0.6985294 0.7132353 0.6838235 0.632353 0.6691176 0.6470588 0.5955882 0.5588235 0.5367647 0.4779412 0.5367647
0.5407407 0.5481481 0.5777778 0.6148148 0.6222222 0.6222222 0.6518519 0.6740741 0.7777778 0.6444444 0.762963
0.3656716 0.4104478 0.4029851 0.380597 0.4179104 0.3358209 0.2611940 0.3358209 0.2985075 0.3283582 0.3283582
0.2105263 0.1578947 0.09022556 0.1804511 0.1654135 0.2556391 0.4285714 0.406015 0.4887218 0.5639098 0.6015038
0.9402985 0.9477612 0.9179104 0.9328358 0.9402985 0.9179104 0.8358209 0.7985075 0.7164179 0.6865672 0.6567164
0.02255639 0 0 0.03007519 0.03759398 0.02255639 0.01503759 0.04511278 0.03007519 0.01503759 0.007518797
0.3014706 0.1470588 0.2205882 0.2352941 0.3308824 0.3529412 0.3235294 0.4338235 0.4191176 0.4044118 0.3897059
0.2030075 0.2105263 0.2631579 0.2180451 0.2105263 0.2706767 0.2857143 0.2330827 0.2706767 0.3383459 0.2631579
0.1492537 0.1194030 0.1044776 0.1865672 0.2462687 0.1940299 0.3358209 0.3731343 0.4253731 0.4701493 0.5074627
0.3208955 0.4029851 0.3507463 0.3283582 0.3432836 0.2611940 0.1940299 0.1716418 0.1940299 0.2388060 0.1791045
0.2238806 0.2985075 0.2611940 0.2910448 0.2238806 0.2910448 0.3134328 0.3358209 0.4552239 0.3955224 0.3955224
0.6785714 0.6785714 0.6571429 0.6 0.6 0.6 0.5071429 0.4857143 0.4428571 0.4214286 0.3428571
0.1679389 0.2671756 0.1755725 0.2519084 0.2671756 0.1832061 0.1755725 0.1603053 0.129771 0.1603053 0.1679389
1 0.9770992 0.9923664 0.9923664 0.9923664 0.9770992 0.9923664 0.9923664 0.961832 0.9694656 0.9236641
0.9328358 0.902985 0.9626866 0.9552239 0.9402985 0.9626866 0.9925373 0.9552239 0.9477612 0.977612 0.9701493
0.7022901 0.6564885 0.6641221 0.6641221 0.6793893 0.6793893 0.7251908 0.740458 0.8167939 0.7938931 0.7709924
0.2214286 0.1714286 0.2642857 0.1428571 0.2928571 0.4 0.45 0.5357143 0.5642857 0.6 0.6857143
0.3432836 0.3656716 0.3582090 0.3283582 0.2686567 0.2164179 0.1641791 0.1417910 0.09701493 0.09701493 0.1044776
0.03759398 0.06015038 0.03759398 0.03007519 0.01503759 0.007518797 0.007518797 0.007518797 0.007518797 0.007518797 0.007518797
0.4044118 0.4044118 0.2279412 0.2720588 0.2720588 0.3676471 0.4191176 0.3970588 0.4191176 0.4411765 0.4852941
0.9328358 0.9477612 0.9402985 0.9328358 0.9552239 0.9626866 0.9328358 0.9253731 0.9253731 0.9552239 0.9701493
0.4962406 0.6015038 0.4887218 0.5413534 0.5112782 0.3834586 0.3082707 0.3759398 0.2481203 0.2180451 0.2255639
0.6917293 0.7142857 0.7218045 0.8721805 0.8421053 0.8571429 0.9022556 0.9323308 0.9323308 1 0.9548872
0.2985075 0.1492537 0.3059701 0.2761194 0.2761194 0.2313433 0.2537313 0.3134328 0.3358209 0.2462687 0.3731343
0.03571429 0.07857143 0.08571429 0.02857143 0.02142857 0.02142857 0.01428571 0 0.007142857 0 0
0.35 0.2428571 0.3071429 0.3285714 0.4642857 0.4785714 0.5071429 0.6 0.6142857 0.7 0.7
0.05263158 0.05263158 0.05263158 0.03007519 0.08270677 0.1203008 0.1052632 0.09774436 0.2180451 0.2105263 0.2481203
0.3428571 0.45 0.3928571 0.3142857 0.3714286 0.3 0.2214286 0.2857143 0.2785714 0.2357143 0.3
0.7969925 0.7593985 0.7293233 0.8421053 0.8045113 0.81203 0.8571429 0.9323308 0.9473684 0.9097744 0.9473684
0.1729323 0.1578947 0.1052632 0.1804511 0.1578947 0.2556391 0.3082707 0.3759398 0.2857143 0.3383459 0.2932331
0.1428571 0.2642857 0.2571429 0.1285714 0.1285714 0.09285714 0.1 0.05714286 0.08571429 0.07857143 0.1
0.5597015 0.6865672 0.6791045 0.6865672 0.6716418 0.6940299 0.6492537 0.738806 0.7761194 0.8656716 0.858209
0.7407407 0.837037 0.7851852 0.7259259 0.6962963 0.6296296 0.6740741 0.5185185 0.5185185 0.4740741 0.4962963
0.916084 0.979021 0.965035 0.944056 0.8531469 0.8951049 0.8041958 0.7972028 0.6853147 0.6573427 0.5944056
0.259542 0.09923664 0.1832061 0.2366412 0.3435115 0.259542 0.2442748 0.2290076 0.2824427 0.2671756 0.259542
0.7259259 0.7037037 0.7037037 0.7259259 0.6666667 0.6444444 0.6962963 0.6518519 0.6962963 0.637037 0.5407407
0.924812 0.9473684 0.8796992 0.8721805 0.8045113 0.8421053 0.7518797 0.6992481 0.5639098 0.556391 0.5037594
0.6119403 0.6044776 0.641791 0.5597015 0.5671642 0.4179104 0.5223881 0.5 0.5223881 0.5223881 0.5149254
0.6766917 0.5714286 0.5639098 0.6015038 0.556391 0.5639098 0.518797 0.518797 0.5263158 0.4962406 0.6015038
0.4444444 0.2370370 0.2518519 0.4074074 0.4814815 0.4962963 0.6148148 0.6222222 0.6148148 0.6518519 0.7037037
0.3759398 0.3684211 0.3233083 0.4285714 0.4661654 0.5037594 0.5263158 0.5263158 0.6015038 0.5263158 0.5864662
0.8857143 0.9428571 0.9357143 0.9142857 0.8428571 0.7785714 0.6142857 0.5 0.4428571 0.3785714 0.3571429
0.6148148 0.6296296 0.5777778 0.6444444 0.6814815 0.762963 0.8814815 0.7703704 0.8888889 0.8148148 0.8444444
0.8880597 0.7686567 0.9104478 0.902985 0.8656716 0.9328358 0.9925373 0.977612 0.9477612 0.977612 0.9701493
0.6592593 0.6666667 0.6666667 0.6 0.5185185 0.4888889 0.4222222 0.3407407 0.2814815 0.2740741 0.2666667
