0.566 0.59 0.646 0.704 0.73 0.784 0.802 0.838 0.85 0.854 0.854
0.172 0.15 0.148 0.198 0.174 0.174 0.182 0.2 0.128 0.12 0.1
0.168 0.178 0.162 0.194 0.196 0.214 0.228 0.25 0.29 0.288 0.292
0.098 0.09 0.074 0.08 0.098 0.07 0.08 0.062 0.044 0.044 0.042
0.15 0.198 0.184 0.222 0.18 0.188 0.214 0.174 0.184 0.154 0.158
0.402 0.388 0.428 0.41 0.362 0.382 0.402 0.356 0.378 0.366 0.332
0.202 0.158 0.158 0.122 0.114 0.11 0.072 0.082 0.084 0.056 0.032
0.48 0.432 0.45 0.388 0.294 0.326 0.204 0.156 0.094 0.06 0.032
0.658 0.618 0.604 0.606 0.532 0.548 0.56 0.562 0.58 0.572 0.574
0.138 0.148 0.154 0.138 0.18 0.25 0.252 0.322 0.364 0.364 0.378
0.3 0.264 0.244 0.208 0.224 0.204 0.162 0.11 0.114 0.09 0.098
0.298 0.26 0.236 0.212 0.178 0.112 0.104 0.084 0.074 0.042 0.05
0.546 0.492 0.436 0.354 0.32 0.292 0.288 0.218 0.186 0.176 0.158
0.094 0.11 0.102 0.07 0.066 0.058 0.086 0.038 0.06 0.036 0.05
0.096 0.108 0.098 0.09 0.118 0.136 0.146 0.2 0.226 0.234 0.242
0.47 0.516 0.498 0.48 0.45 0.412 0.418 0.412 0.4 0.386 0.382
0.396 0.346 0.384 0.38 0.356 0.352 0.272 0.272 0.238 0.222 0.14
0.36 0.34 0.396 0.354 0.38 0.354 0.402 0.384 0.354 0.374 0.32
0.388 0.304 0.304 0.26 0.202 0.164 0.11 0.056 0.056 0.024 0.016
0.232 0.202 0.222 0.184 0.202 0.174 0.136 0.116 0.07 0.05 0.042
0.382 0.366 0.34 0.324 0.35 0.286 0.244 0.294 0.302 0.264 0.328
0.1 0.092 0.092 0.08 0.11 0.08 0.086 0.094 0.092 0.106 0.094
0.25 0.214 0.206 0.178 0.222 0.184 0.174 0.204 0.21 0.178 0.19
0.034 0.048 0.042 0.064 0.042 0.042 0.024 0.034 0.022 0.022 0.014
0.456 0.448 0.464 0.462 0.456 0.46 0.436 0.454 0.452 0.458 0.49
0.298 0.312 0.346 0.374 0.392 0.458 0.46 0.52 0.492 0.466 0.498
0.492 0.47 0.43 0.424 0.304 0.278 0.218 0.202 0.15 0.086 0.066
0.23 0.222 0.228 0.288 0.296 0.412 0.438 0.524 0.558 0.56 0.606
0.054 0.082 0.06 0.07 0.06 0.092 0.06 0.06 0.064 0.07 0.084
0.458 0.43 0.384 0.402 0.372 0.368 0.418 0.376 0.428 0.392 0.406
0.462 0.494 0.476 0.492 0.564 0.562 0.582 0.57 0.626 0.622 0.654
0.132 0.168 0.1 0.082 0.086 0.056 0.034 0.03 0.02 0.018 0.008
0.59 0.56 0.592 0.636 0.654 0.65 0.63 0.65 0.67 0.662 0.678
0.13 0.106 0.102 0.186 0.18 0.26 0.276 0.354 0.402 0.412 0.444
0.104 0.098 0.136 0.122 0.136 0.134 0.15 0.132 0.124 0.13 0.114
0.334 0.306 0.358 0.34 0.296 0.338 0.328 0.366 0.382 0.446 0.424
0.538 0.438 0.37 0.264 0.212 0.158 0.134 0.11 0.114 0.086 0.07
0.144 0.186 0.192 0.206 0.254 0.28 0.386 0.474 0.51 0.556 0.514
0.446 0.446 0.452 0.472 0.424 0.456 0.418 0.354 0.302 0.294 0.274
0.378 0.372 0.398 0.374 0.384 0.302 0.278 0.292 0.248 0.198 0.158
0.062 0.064 0.072 0.06 0.094 0.086 0.122 0.124 0.158 0.152 0.16
0.062 0.076 0.068 0.05 0.05 0.068 0.062 0.078 0.052 0.05 0.028
0.442 0.432 0.38 0.43 0.41 0.414 0.43 0.442 0.456 0.478 0.426
0.072 0.078 0.094 0.126 0.158 0.174 0.268 0.304 0.362 0.402 0.408
0.302 0.284 0.292 0.274 0.312 0.274 0.286 0.252 0.194 0.172 0.21
0.29 0.27 0.218 0.18 0.132 0.118 0.108 0.096 0.056 0.064 0.046
0.552 0.548 0.58 0.538 0.548 0.526 0.49 0.536 0.568 0.49 0.51
0.222 0.24 0.218 0.182 0.178 0.172 0.11 0.104 0.076 0.034 0.056
0.2 0.218 0.282 0.204 0.234 0.248 0.252 0.274 0.29 0.29 0.328
0.056 0.05 0.074 0.056 0.086 0.092 0.098 0.078 0.05 0.048 0.038
0.236 0.218 0.202 0.18 0.164 0.178 0.124 0.1 0.088 0.074 0.066
0.436 0.396 0.372 0.352 0.318 0.294 0.234 0.214 0.184 0.134 0.13
0.052 0.03 0.04 0.042 0.022 0.022 0.014 0.012 0.002 0.004 0
0.044 0.05 0.056 0.05 0.066 0.048 0.082 0.098 0.078 0.102 0.106
0.086 0.088 0.086 0.068 0.064 0.066 0.088 0.06 0.062 0.072 0.054
0.392 0.35 0.37 0.406 0.382 0.446 0.474 0.458 0.464 0.496 0.448
0.022 0.022 0.018 0.028 0.028 0.036 0.06 0.04 0.068 0.062 0.07
0.502 0.486 0.548 0.584 0.638 0.634 0.644 0.666 0.652 0.678 0.658
0.274 0.24 0.294 0.29 0.31 0.348 0.436 0.488 0.502 0.592 0.564
0.248 0.262 0.256 0.242 0.282 0.268 0.284 0.284 0.352 0.344 0.324
0.182 0.214 0.24 0.304 0.342 0.394 0.49 0.528 0.628 0.636 0.66
0.228 0.288 0.248 0.278 0.318 0.316 0.29 0.21 0.176 0.2 0.156
0.182 0.152 0.216 0.272 0.352 0.396 0.48 0.542 0.568 0.594 0.55
0.464 0.42 0.394 0.396 0.302 0.274 0.24 0.194 0.168 0.182 0.176
0.102 0.104 0.116 0.116 0.16 0.162 0.138 0.15 0.176 0.132 0.124
0.752 0.73 0.726 0.714 0.662 0.646 0.55 0.504 0.414 0.338 0.302
0.092 0.124 0.096 0.1 0.102 0.088 0.08 0.064 0.04 0.032 0.026
0.384 0.386 0.392 0.416 0.39 0.404 0.4 0.414 0.386 0.414 0.412
0.36 0.34 0.302 0.362 0.348 0.334 0.304 0.302 0.294 0.308 0.272
0.118 0.112 0.086 0.11 0.082 0.108 0.11 0.114 0.118 0.102 0.082
0.132 0.166 0.142 0.19 0.18 0.154 0.16 0.166 0.18 0.168 0.162
0.354 0.336 0.352 0.338 0.332 0.292 0.29 0.258 0.262 0.244 0.252
0.136 0.094 0.148 0.168 0.222 0.194 0.214 0.232 0.196 0.196 0.158
0.07 0.09 0.094 0.096 0.106 0.142 0.146 0.108 0.082 0.116 0.098
0.352 0.378 0.322 0.292 0.23 0.218 0.212 0.196 0.22 0.174 0.162
0.176 0.196 0.18 0.152 0.15 0.122 0.116 0.106 0.102 0.08 0.032
0.05 0.062 0.07 0.06 0.062 0.054 0.054 0.054 0.032 0.024 0.024
0.018 0.036 0.036 0.046 0.04 0.056 0.054 0.058 0.084 0.062 0.064
0.068 0.068 0.056 0.06 0.068 0.062 0.05 0.044 0.048 0.024 0.016
0.5 0.456 0.378 0.354 0.29 0.166 0.142 0.11 0.066 0.056 0.046
0.422 0.326 0.29 0.196 0.188 0.16 0.114 0.078 0.088 0.046 0.04
0.672 0.628 0.588 0.528 0.512 0.472 0.402 0.352 0.31 0.24 0.194
0.176 0.148 0.152 0.132 0.13 0.13 0.1 0.092 0.1 0.064 0.066
0.276 0.26 0.192 0.194 0.132 0.14 0.108 0.076 0.048 0.044 0.036
0.42 0.358 0.37 0.348 0.324 0.218 0.166 0.152 0.104 0.084 0.06
0.136 0.18 0.2 0.246 0.242 0.276 0.332 0.338 0.354 0.402 0.416
0.356 0.296 0.358 0.384 0.336 0.382 0.444 0.466 0.402 0.428 0.432
0.176 0.156 0.12 0.104 0.1 0.086 0.06 0.046 0.046 0.032 0.026
0.22 0.254 0.24 0.258 0.272 0.312 0.244 0.28 0.186 0.16 0.1
0.734 0.696 0.662 0.606 0.534 0.538 0.488 0.48 0.404 0.386 0.382
0.412 0.384 0.456 0.524 0.542 0.584 0.632 0.578 0.622 0.634 0.684
0.074 0.092 0.066 0.062 0.098 0.088 0.096 0.12 0.146 0.15 0.156
0.502 0.456 0.452 0.396 0.406 0.322 0.312 0.208 0.236 0.17 0.094
0.076 0.088 0.088 0.08 0.088 0.088 0.102 0.108 0.122 0.124 0.132
0.066 0.084 0.092 0.092 0.084 0.084 0.114 0.11 0.108 0.106 0.102
0.308 0.3 0.23 0.262 0.188 0.148 0.092 0.082 0.064 0.034 0.034
0.278 0.288 0.348 0.362 0.306 0.3 0.286 0.258 0.228 0.196 0.154
0.122 0.096 0.104 0.12 0.098 0.086 0.084 0.076 0.096 0.118 0.114
0.112 0.13 0.114 0.11 0.082 0.078 0.07 0.048 0.034 0.058 0.042
0.56 0.538 0.552 0.534 0.448 0.412 0.374 0.354 0.35 0.358 0.344
0.09 0.112 0.114 0.132 0.126 0.104 0.1 0.078 0.05 0.048 0.022
0.486 0.43 0.4 0.314 0.37 0.322 0.356 0.44 0.432 0.424 0.406
0.134 0.196 0.19 0.182 0.208 0.216 0.202 0.28 0.266 0.326 0.302
0.4 0.414 0.348 0.356 0.288 0.27 0.272 0.27 0.29 0.34 0.32
0.122 0.164 0.12 0.116 0.16 0.142 0.148 0.178 0.16 0.168 0.16
0.454 0.466 0.442 0.462 0.448 0.396 0.4 0.338 0.296 0.31 0.278
0.142 0.114 0.138 0.108 0.122 0.106 0.084 0.082 0.098 0.058 0.068
0.188 0.176 0.17 0.166 0.124 0.12 0.094 0.08 0.044 0.052 0.032
0.396 0.392 0.364 0.338 0.376 0.336 0.332 0.322 0.354 0.314 0.342
0.424 0.434 0.39 0.376 0.316 0.306 0.234 0.206 0.17 0.13 0.084
0.024 0.026 0.032 0.028 0.04 0.048 0.05 0.058 0.074 0.074 0.038
0.634 0.582 0.6 0.564 0.602 0.614 0.622 0.674 0.698 0.63 0.69
0.434 0.426 0.374 0.356 0.284 0.252 0.242 0.204 0.184 0.204 0.186
0.476 0.472 0.458 0.472 0.408 0.404 0.472 0.322 0.378 0.348 0.358
0.568 0.54 0.47 0.48 0.448 0.344 0.334 0.278 0.204 0.204 0.21
0.298 0.326 0.296 0.29 0.32 0.35 0.344 0.37 0.4 0.37 0.364
0.39 0.37 0.404 0.344 0.354 0.326 0.29 0.274 0.268 0.184 0.206
0.14 0.146 0.182 0.152 0.196 0.196 0.198 0.248 0.288 0.304 0.314
0.466 0.484 0.45 0.392 0.508 0.442 0.532 0.496 0.526 0.506 0.568
0.008 0.022 0.016 0.016 0.02 0.03 0.022 0.022 0.008 0.028 0.028
0.036 0.018 0.036 0.026 0.03 0.032 0.018 0.004 0.004 0.006 0
0.196 0.226 0.224 0.208 0.182 0.138 0.14 0.098 0.09 0.09 0.058
0.506 0.516 0.402 0.41 0.336 0.358 0.298 0.29 0.244 0.152 0.146
0.296 0.306 0.31 0.374 0.414 0.43 0.44 0.508 0.54 0.574 0.562
0.486 0.464 0.462 0.514 0.554 0.534 0.646 0.602 0.632 0.618 0.628
0.31 0.314 0.332 0.31 0.32 0.306 0.27 0.244 0.248 0.182 0.228
0.038 0.038 0.05 0.056 0.054 0.072 0.066 0.056 0.038 0.038 0.022
0.194 0.19 0.204 0.2 0.178 0.198 0.25 0.266 0.248 0.316 0.272
0.228 0.194 0.164 0.126 0.102 0.074 0.092 0.05 0.034 0.024 0.012
0.432 0.404 0.43 0.39 0.376 0.396 0.36 0.336 0.31 0.328 0.292
0.432 0.438 0.478 0.512 0.542 0.594 0.622 0.656 0.658 0.714 0.674
0.32 0.288 0.246 0.232 0.2 0.186 0.114 0.076 0.084 0.048 0.034
0.548 0.524 0.542 0.54 0.524 0.544 0.496 0.494 0.488 0.486 0.444
0.374 0.38 0.374 0.36 0.4 0.364 0.354 0.414 0.416 0.446 0.476
0.218 0.194 0.186 0.18 0.144 0.13 0.118 0.132 0.128 0.122 0.114
0.482 0.472 0.424 0.4 0.42 0.384 0.352 0.32 0.284 0.352 0.304
0.346 0.374 0.348 0.368 0.352 0.378 0.308 0.314 0.328 0.3 0.322
0.134 0.108 0.132 0.152 0.132 0.146 0.114 0.116 0.092 0.058 0.048
0.098 0.128 0.14 0.122 0.16 0.246 0.22 0.304 0.31 0.344 0.362
0.058 0.056 0.072 0.06 0.094 0.104 0.156 0.134 0.154 0.158 0.176
0.45 0.424 0.386 0.356 0.35 0.286 0.326 0.35 0.344 0.344 0.306
0.178 0.15 0.148 0.186 0.186 0.19 0.156 0.162 0.156 0.15 0.164
0.054 0.072 0.078 0.098 0.098 0.106 0.158 0.152 0.204 0.208 0.226
0.252 0.278 0.278 0.316 0.334 0.352 0.356 0.346 0.346 0.308 0.286
0.218 0.224 0.214 0.198 0.248 0.23 0.234 0.2 0.178 0.126 0.138
0.44 0.456 0.356 0.346 0.28 0.236 0.196 0.172 0.146 0.12 0.084
0.304 0.334 0.274 0.262 0.238 0.19 0.2 0.184 0.174 0.18 0.222
0.038 0.038 0.058 0.098 0.08 0.11 0.172 0.192 0.188 0.234 0.264
0.176 0.196 0.156 0.154 0.15 0.126 0.13 0.108 0.054 0.062 0.03
0.17 0.162 0.112 0.112 0.108 0.068 0.036 0.034 0.038 0.016 0.024
0.074 0.086 0.122 0.128 0.126 0.176 0.228 0.25 0.258 0.28 0.304
