0.536 0.514 0.556 0.634 0.67 0.728 0.766 0.814 0.806 0.87 0.844
0.09 0.114 0.138 0.116 0.108 0.126 0.1 0.116 0.086 0.076 0.058
0.186 0.198 0.184 0.188 0.194 0.156 0.174 0.178 0.176 0.176 0.23
0.106 0.118 0.11 0.092 0.094 0.084 0.1 0.098 0.074 0.098 0.094
0.236 0.23 0.252 0.22 0.236 0.25 0.212 0.204 0.18 0.146 0.166
0.358 0.354 0.342 0.344 0.35 0.35 0.328 0.326 0.264 0.264 0.278
0.22 0.216 0.2 0.19 0.168 0.116 0.128 0.094 0.082 0.05 0.064
0.452 0.428 0.356 0.328 0.296 0.216 0.198 0.14 0.128 0.054 0.04
0.662 0.608 0.576 0.594 0.524 0.524 0.556 0.526 0.532 0.544 0.538
0.132 0.14 0.158 0.166 0.18 0.218 0.228 0.292 0.288 0.312 0.32
0.304 0.258 0.238 0.23 0.212 0.156 0.176 0.108 0.096 0.062 0.058
0.35 0.298 0.28 0.264 0.156 0.15 0.088 0.062 0.054 0.026 0.02
0.626 0.514 0.496 0.454 0.334 0.328 0.304 0.272 0.24 0.262 0.208
0.124 0.11 0.106 0.1 0.098 0.066 0.086 0.08 0.044 0.062 0.04
0.118 0.1 0.106 0.1 0.124 0.16 0.19 0.208 0.242 0.246 0.308
0.534 0.538 0.51 0.486 0.456 0.428 0.394 0.394 0.388 0.388 0.372
0.484 0.556 0.516 0.528 0.55 0.53 0.5 0.504 0.498 0.476 0.462
0.404 0.412 0.402 0.428 0.376 0.408 0.418 0.364 0.37 0.38 0.316
0.38 0.336 0.304 0.21 0.19 0.124 0.094 0.052 0.028 0.018 0.024
0.198 0.218 0.172 0.176 0.142 0.118 0.108 0.074 0.052 0.028 0.032
0.448 0.43 0.352 0.338 0.314 0.324 0.306 0.27 0.268 0.274 0.296
0.08 0.066 0.078 0.06 0.058 0.054 0.066 0.05 0.048 0.078 0.054
0.264 0.262 0.266 0.224 0.232 0.25 0.256 0.268 0.278 0.276 0.272
0.018 0.036 0.028 0.048 0.032 0.038 0.026 0.018 0.01 0.016 0.01
0.208 0.236 0.252 0.256 0.278 0.314 0.302 0.32 0.348 0.366 0.372
0.304 0.294 0.352 0.332 0.356 0.414 0.42 0.45 0.468 0.472 0.498
0.36 0.324 0.282 0.294 0.266 0.246 0.218 0.128 0.124 0.122 0.098
0.238 0.212 0.242 0.278 0.308 0.422 0.406 0.53 0.54 0.59 0.59
0.052 0.074 0.094 0.05 0.06 0.092 0.064 0.064 0.076 0.06 0.066
0.544 0.506 0.466 0.478 0.432 0.448 0.446 0.462 0.448 0.414 0.43
0.448 0.456 0.47 0.428 0.482 0.496 0.522 0.504 0.512 0.504 0.492
0.192 0.176 0.172 0.168 0.132 0.088 0.07 0.062 0.05 0.036 0.014
0.644 0.686 0.69 0.66 0.708 0.71 0.702 0.676 0.668 0.646 0.638
0.126 0.13 0.138 0.182 0.192 0.212 0.334 0.382 0.404 0.484 0.524
0.054 0.06 0.044 0.062 0.048 0.046 0.042 0.028 0.024 0.04 0.016
0.328 0.356 0.334 0.35 0.392 0.37 0.352 0.39 0.406 0.378 0.4
0.496 0.368 0.314 0.248 0.234 0.184 0.116 0.11 0.092 0.07 0.074
0.174 0.202 0.228 0.268 0.356 0.406 0.488 0.546 0.58 0.596 0.63
0.486 0.502 0.528 0.554 0.542 0.468 0.484 0.45 0.394 0.384 0.348
0.252 0.286 0.272 0.31 0.35 0.33 0.326 0.324 0.234 0.238 0.23
0.058 0.076 0.06 0.076 0.106 0.11 0.118 0.154 0.146 0.182 0.188
0.084 0.088 0.074 0.084 0.106 0.09 0.064 0.05 0.05 0.048 0.026
0.362 0.452 0.41 0.4 0.398 0.454 0.468 0.494 0.51 0.478 0.508
0.062 0.054 0.102 0.11 0.134 0.18 0.234 0.314 0.374 0.396 0.444
0.476 0.418 0.42 0.43 0.42 0.406 0.376 0.356 0.336 0.286 0.222
0.288 0.274 0.184 0.186 0.19 0.122 0.118 0.074 0.068 0.074 0.052
0.47 0.474 0.5 0.494 0.452 0.498 0.448 0.438 0.424 0.428 0.386
0.156 0.156 0.16 0.12 0.092 0.09 0.066 0.022 0.028 0.01 0.012
0.18 0.168 0.19 0.24 0.232 0.204 0.254 0.268 0.272 0.36 0.334
0.106 0.114 0.12 0.132 0.152 0.158 0.156 0.14 0.152 0.112 0.076
0.264 0.318 0.262 0.294 0.258 0.21 0.192 0.162 0.14 0.13 0.096
0.35 0.358 0.312 0.286 0.29 0.244 0.226 0.156 0.132 0.098 0.092
0.036 0.032 0.032 0.02 0.012 0.012 0.006 0.014 0.004 0.002 0.002
0.02 0.026 0.026 0.022 0.042 0.018 0.04 0.032 0.05 0.054 0.058
0.092 0.09 0.098 0.062 0.088 0.11 0.12 0.122 0.146 0.096 0.126
0.49 0.45 0.512 0.51 0.532 0.494 0.544 0.548 0.53 0.572 0.534
0.002 0.018 0.01 0.006 0.018 0.018 0.02 0.036 0.04 0.05 0.046
0.336 0.384 0.422 0.448 0.478 0.486 0.544 0.542 0.556 0.58 0.562
0.262 0.276 0.3 0.278 0.358 0.464 0.478 0.566 0.602 0.66 0.666
0.296 0.316 0.32 0.398 0.446 0.408 0.456 0.526 0.54 0.526 0.56
0.172 0.158 0.204 0.238 0.268 0.348 0.39 0.484 0.506 0.516 0.564
0.3 0.29 0.316 0.356 0.374 0.38 0.378 0.374 0.336 0.26 0.218
0.198 0.19 0.224 0.28 0.374 0.392 0.484 0.528 0.576 0.59 0.582
0.414 0.46 0.388 0.344 0.26 0.242 0.208 0.164 0.128 0.178 0.136
0.194 0.17 0.232 0.248 0.252 0.278 0.326 0.266 0.284 0.27 0.202
0.722 0.728 0.726 0.712 0.694 0.676 0.604 0.604 0.566 0.484 0.448
0.1 0.082 0.084 0.112 0.096 0.084 0.068 0.044 0.04 0.034 0.02
0.34 0.344 0.358 0.382 0.344 0.358 0.362 0.378 0.382 0.38 0.376
0.42 0.412 0.352 0.376 0.36 0.342 0.298 0.288 0.3 0.232 0.23
0.098 0.092 0.11 0.126 0.106 0.102 0.116 0.1 0.09 0.104 0.078
0.142 0.118 0.142 0.158 0.15 0.142 0.132 0.114 0.14 0.152 0.134
0.358 0.4 0.374 0.348 0.378 0.406 0.382 0.376 0.368 0.416 0.378
0.232 0.248 0.254 0.296 0.308 0.324 0.37 0.408 0.36 0.344 0.294
0.046 0.056 0.064 0.062 0.054 0.074 0.07 0.086 0.092 0.09 0.08
0.39 0.38 0.336 0.34 0.326 0.232 0.234 0.226 0.204 0.202 0.196
0.176 0.162 0.146 0.18 0.18 0.122 0.12 0.084 0.076 0.086 0.072
0.074 0.102 0.094 0.07 0.088 0.064 0.056 0.068 0.06 0.044 0.034
0.012 0.028 0.018 0.032 0.024 0.028 0.046 0.044 0.056 0.052 0.048
0.108 0.102 0.08 0.07 0.06 0.05 0.058 0.044 0.038 0.024 0.028
0.514 0.458 0.416 0.376 0.292 0.23 0.18 0.116 0.08 0.066 0.054
0.312 0.292 0.258 0.19 0.174 0.14 0.088 0.082 0.07 0.048 0.052
0.68 0.648 0.58 0.506 0.436 0.37 0.346 0.24 0.206 0.15 0.096
0.168 0.128 0.15 0.12 0.076 0.09 0.094 0.098 0.07 0.098 0.076
0.272 0.266 0.218 0.192 0.138 0.114 0.064 0.05 0.042 0.026 0.024
0.464 0.464 0.418 0.328 0.296 0.252 0.162 0.132 0.074 0.046 0.05
0.198 0.204 0.252 0.254 0.28 0.338 0.336 0.344 0.398 0.434 0.426
0.324 0.288 0.332 0.368 0.406 0.43 0.412 0.438 0.434 0.428 0.384
0.188 0.136 0.166 0.132 0.134 0.106 0.06 0.058 0.048 0.03 0.038
0.176 0.22 0.188 0.218 0.222 0.242 0.208 0.266 0.202 0.134 0.1
0.676 0.64 0.582 0.532 0.464 0.454 0.44 0.396 0.412 0.37 0.374
0.3 0.332 0.364 0.446 0.49 0.498 0.49 0.482 0.504 0.53 0.588
0.066 0.058 0.056 0.084 0.084 0.1 0.106 0.096 0.116 0.104 0.12
0.562 0.546 0.506 0.47 0.458 0.45 0.45 0.38 0.374 0.368 0.35
0.052 0.05 0.034 0.066 0.072 0.076 0.086 0.084 0.088 0.09 0.122
0.064 0.07 0.078 0.066 0.08 0.052 0.084 0.106 0.076 0.1 0.1
0.36 0.368 0.346 0.298 0.276 0.232 0.154 0.118 0.072 0.042 0.044
0.426 0.406 0.436 0.478 0.452 0.462 0.434 0.452 0.386 0.36 0.386
0.102 0.092 0.102 0.096 0.106 0.09 0.112 0.088 0.108 0.078 0.094
0.154 0.112 0.15 0.136 0.098 0.108 0.074 0.058 0.06 0.064 0.032
0.564 0.538 0.502 0.474 0.458 0.432 0.386 0.36 0.314 0.354 0.348
0.104 0.112 0.09 0.106 0.082 0.088 0.074 0.05 0.05 0.032 0.032
0.474 0.438 0.416 0.44 0.368 0.394 0.434 0.488 0.484 0.504 0.524
0.22 0.232 0.256 0.312 0.276 0.346 0.386 0.406 0.446 0.444 0.48
0.386 0.358 0.328 0.312 0.334 0.268 0.246 0.272 0.252 0.248 0.24
0.076 0.08 0.09 0.154 0.126 0.144 0.112 0.108 0.142 0.094 0.106
0.306 0.282 0.262 0.266 0.284 0.238 0.192 0.176 0.14 0.136 0.126
0.138 0.12 0.144 0.142 0.164 0.152 0.162 0.172 0.158 0.166 0.14
0.284 0.302 0.266 0.244 0.198 0.21 0.17 0.14 0.128 0.098 0.072
0.418 0.42 0.422 0.424 0.428 0.412 0.46 0.448 0.436 0.424 0.384
0.392 0.356 0.404 0.382 0.322 0.276 0.218 0.178 0.142 0.106 0.07
0.048 0.056 0.062 0.062 0.098 0.084 0.096 0.112 0.108 0.106 0.1
0.604 0.572 0.676 0.638 0.646 0.644 0.688 0.704 0.7 0.712 0.714
0.4 0.378 0.372 0.326 0.286 0.246 0.216 0.174 0.228 0.21 0.2
0.502 0.472 0.474 0.452 0.484 0.47 0.412 0.442 0.384 0.404 0.372
0.474 0.446 0.392 0.324 0.276 0.23 0.196 0.19 0.17 0.15 0.138
0.296 0.342 0.324 0.348 0.318 0.34 0.406 0.396 0.362 0.362 0.384
0.366 0.384 0.378 0.334 0.342 0.358 0.342 0.258 0.24 0.274 0.26
0.154 0.172 0.19 0.166 0.216 0.238 0.224 0.264 0.27 0.268 0.324
0.444 0.438 0.438 0.414 0.424 0.44 0.474 0.47 0.486 0.518 0.556
0 0.008 0.01 0.004 0.004 0.004 0.006 0.002 0 0 0
0.038 0.046 0.022 0.052 0.02 0.016 0.006 0.008 0.006 0.002 0.004
0.178 0.188 0.168 0.156 0.134 0.13 0.134 0.108 0.094 0.042 0.05
0.392 0.364 0.358 0.338 0.282 0.292 0.218 0.18 0.164 0.122 0.092
0.362 0.328 0.314 0.422 0.43 0.5 0.514 0.602 0.624 0.674 0.708
0.328 0.432 0.444 0.484 0.526 0.594 0.624 0.654 0.656 0.678 0.686
0.338 0.342 0.346 0.298 0.268 0.196 0.22 0.164 0.146 0.114 0.11
0.03 0.072 0.066 0.08 0.048 0.042 0.07 0.048 0.05 0.04 0.026
0.266 0.24 0.29 0.308 0.288 0.37 0.366 0.428 0.416 0.436 0.41
0.196 0.194 0.162 0.13 0.1 0.06 0.032 0.036 0.032 0.016 0.012
0.37 0.424 0.386 0.398 0.366 0.396 0.36 0.35 0.314 0.268 0.23
0.454 0.47 0.462 0.49 0.562 0.556 0.57 0.624 0.636 0.646 0.654
0.386 0.398 0.306 0.29 0.278 0.208 0.182 0.156 0.102 0.054 0.07
0.632 0.562 0.586 0.55 0.558 0.486 0.556 0.412 0.422 0.36 0.334
0.396 0.42 0.374 0.364 0.422 0.378 0.37 0.336 0.392 0.394 0.386
0.176 0.196 0.178 0.164 0.15 0.138 0.126 0.116 0.122 0.112 0.132
0.49 0.49 0.43 0.398 0.416 0.362 0.292 0.272 0.234 0.224 0.206
0.35 0.378 0.404 0.402 0.456 0.532 0.482 0.524 0.538 0.52 0.516
0.138 0.09 0.118 0.122 0.096 0.112 0.098 0.05 0.044 0.04 0.018
0.176 0.132 0.16 0.14 0.214 0.266 0.244 0.264 0.33 0.368 0.338
0.032 0.026 0.028 0.028 0.038 0.072 0.086 0.1 0.09 0.114 0.11
0.478 0.408 0.402 0.368 0.356 0.358 0.328 0.34 0.308 0.306 0.316
0.138 0.16 0.164 0.14 0.164 0.124 0.118 0.13 0.13 0.162 0.162
0.016 0.054 0.054 0.056 0.056 0.08 0.082 0.09 0.09 0.11 0.068
0.234 0.244 0.222 0.28 0.328 0.27 0.34 0.316 0.334 0.32 0.288
0.292 0.3 0.276 0.33 0.328 0.278 0.264 0.284 0.222 0.226 0.202
0.412 0.374 0.39 0.362 0.294 0.216 0.188 0.162 0.136 0.106 0.074
0.346 0.362 0.33 0.29 0.272 0.214 0.176 0.158 0.178 0.144 0.172
0.05 0.036 0.048 0.066 0.068 0.092 0.134 0.168 0.234 0.228 0.266
0.328 0.286 0.29 0.232 0.232 0.174 0.126 0.114 0.106 0.07 0.042
0.162 0.146 0.16 0.12 0.096 0.09 0.074 0.042 0.038 0.028 0.036
0.086 0.082 0.096 0.132 0.172 0.216 0.27 0.296 0.308 0.324 0.31
