0.007407407 0.04444444 0.01481481 0 0 0 0 0 0 0 0
0.5692308 0.6692308 0.6538462 0.5769231 0.5538462 0.5461538 0.5692308 0.5769231 0.5615385 0.6384615 0.6538462
0.7230769 0.6384615 0.7615385 0.7230769 0.6846154 0.6538462 0.6230769 0.5769231 0.5384615 0.6615385 0.5153846
0.8444444 0.8518519 0.8222222 0.8888889 0.874074 0.962963 0.8666667 0.9333333 0.9555556 0.9481481 0.874074
0.6444444 0.6 0.6222222 0.6444444 0.5555556 0.6148148 0.5851852 0.6222222 0.5925926 0.6 0.6296296
0.3846154 0.4461538 0.4692308 0.4538462 0.4153846 0.4461538 0.5461538 0.4384615 0.5230769 0.5307692 0.5
0.7 0.6538462 0.6230769 0.776923 0.7076923 0.7538462 0.876923 0.9692308 0.9461538 0.9846154 0.9307692
0.3259259 0.2518519 0.3333333 0.3703704 0.4 0.4962963 0.6592593 0.6148148 0.7185185 0.8222222 0.8444444
0.05147059 0.04411765 0.03676471 0.04411765 0.07352941 0.08088235 0.1470588 0.0882353 0.0882353 0.0882353 0.0882353
0.7185185 0.7703704 0.7259259 0.7407407 0.6 0.6148148 0.4592593 0.4296296 0.3481481 0.3259259 0.2518519
0.5555556 0.4222222 0.4740741 0.5185185 0.5111111 0.5259259 0.6148148 0.5851852 0.6296296 0.7111111 0.6444444
0.5 0.3455882 0.5073529 0.5661765 0.5588235 0.617647 0.8161765 0.8382353 0.8970588 0.9044118 0.9338235
0.2444444 0.08888889 0.1185185 0.2148148 0.3407407 0.3555556 0.4666667 0.5111111 0.562963 0.5333333 0.5037037
0.962963 0.962963 0.9925926 0.9407407 0.9703704 0.9555556 0.9925926 0.9333333 0.9185185 0.9481481 0.8962963
0.7846154 0.7923077 0.7846154 0.8076923 0.7923077 0.6538462 0.6230769 0.5307692 0.4307692 0.3153846 0.3846154
0.1333333 0.05925926 0.1259259 0.1333333 0.2074074 0.2592593 0.3037037 0.3555556 0.3555556 0.3703704 0.3111111
0.0962963 0.2444444 0.2074074 0.08888889 0.1333333 0.07407407 0.1037037 0.1185185 0.1259259 0.1481481 0.1629630
0.1629630 0.2370370 0.1703704 0.1111111 0.08888889 0.07407407 0.1037037 0.1333333 0.2370370 0.2148148 0.2370370
0.6985294 0.5882353 0.617647 0.6470588 0.7720588 0.8088235 0.9264706 0.9779412 0.9264706 0.9264706 0.9632353
0.6592593 0.5925926 0.6148148 0.7259259 0.7555556 0.8296296 0.7703704 0.837037 0.8814815 0.925926 0.9185185
0.4117647 0.4411765 0.3897059 0.4117647 0.5441176 0.5955882 0.625 0.4779412 0.4411765 0.4338235 0.4264706
0.876923 0.876923 0.9076923 0.876923 0.8153846 0.7923077 0.7461538 0.776923 0.7384615 0.6538462 0.6846154
0.5808824 0.5588235 0.5514706 0.5882353 0.5955882 0.4485294 0.5882353 0.4705882 0.4852941 0.4705882 0.4044118
0.9787234 0.9148936 0.9574468 0.9503546 0.9574468 0.9858156 1 0.9574468 0.964539 0.9929078 1
0.3307692 0.4 0.4076923 0.4 0.4461538 0.4615385 0.4307692 0.4153846 0.4307692 0.3461538 0.2846154
0.2 0.3555556 0.3481481 0.1925926 0.1629630 0.1111111 0.1037037 0.06666667 0.07407407 0.1037037 0.1259259
0.3214286 0.2785714 0.3285714 0.3642857 0.45 0.3928571 0.4857143 0.5357143 0.55 0.5928571 0.5857143
0.4822695 0.680851 0.5531915 0.4751773 0.3829787 0.2482270 0.1702128 0.09219858 0.09219858 0.06382979 0.07801418
0.925926 0.8962963 0.9333333 0.9037037 0.8814815 0.8074074 0.8814815 0.837037 0.7851852 0.8074074 0.7481481
0.2695035 0.2695035 0.3191489 0.3120567 0.2482270 0.2695035 0.1985816 0.1347518 0.2978723 0.2127660 0.1914894
0.1 0.15 0.1 0.05 0.06428571 0.03571429 0.03571429 0.03571429 0.03571429 0.06428571 0.06428571
0.6769231 0.5 0.5846154 0.6461538 0.7076923 0.8615385 0.8846154 0.8615385 0.9461538 0.9615385 0.876923
0.03846154 0.05384615 0.02307692 0.01538462 0.01538462 0.01538462 0.03076923 0.03846154 0.0923077 0.1230769 0.1615385
0.6444444 0.6740741 0.6518519 0.6074074 0.4962963 0.4148148 0.3925926 0.2296296 0.2 0.1629630 0.1481481
0.8382353 0.8161765 0.7941176 0.7720588 0.7647059 0.75 0.7205882 0.6911765 0.7279412 0.742647 0.7205882
0.4148148 0.3851852 0.4 0.4148148 0.3925926 0.3555556 0.3111111 0.3111111 0.3037037 0.2592593 0.2740741
0.4740741 0.3185185 0.4 0.4740741 0.6592593 0.6888889 0.7925926 0.837037 0.7481481 0.8074074 0.8074074
0.5 0.625 0.5808824 0.6102941 0.5147059 0.3529412 0.2720588 0.2205882 0.1470588 0.1544118 0.1470588
0.2222222 0.3111111 0.4074074 0.1259259 0.1703704 0.1333333 0.2222222 0.3407407 0.3259259 0.4 0.4518519
0.2461538 0.3230769 0.3153846 0.2 0.1384615 0.1461538 0.1615385 0.2615385 0.2538462 0.2923077 0.3615385
0.8308824 0.8235294 0.8529412 0.8897059 0.7794118 0.75 0.6691176 0.617647 0.4852941 0.5147059 0.4485294
0.8439716 0.8723404 0.8510638 0.8510638 0.8297872 0.8439716 0.8085106 0.8085106 0.858156 0.7659574 0.8085106
0.4 0.4142857 0.3285714 0.3928571 0.4214286 0.3142857 0.3142857 0.2857143 0.2571429 0.2857143 0.2428571
0.7384615 0.7615385 0.7846154 0.6923077 0.5461538 0.4384615 0.3384615 0.2461538 0.1538462 0.1846154 0.1461538
0.4153846 0.3923077 0.3769231 0.3769231 0.3384615 0.4076923 0.3923077 0.3923077 0.4076923 0.4692308 0.5538462
0.5815603 0.5177305 0.5602837 0.6028369 0.7375887 0.7801418 0.787234 0.7304965 0.858156 0.964539 0.8652482
0.08461538 0.1 0.05384615 0.04615385 0.07692308 0.06153846 0.06923077 0.1076923 0.07692308 0.06923077 0.07692308
0.6571429 0.5857143 0.5785714 0.6285714 0.6642857 0.7428571 0.7714286 0.8071429 0.7714286 0.7928571 0.7857143
0.5461538 0.6230769 0.5692308 0.5923077 0.5615385 0.5384615 0.5538462 0.4846154 0.4769231 0.3692308 0.3769231
0.8615385 0.8923077 0.9 0.876923 0.9076923 0.8153846 0.8307692 0.8076923 0.8384615 0.8307692 0.8153846
0.3785714 0.3785714 0.4214286 0.4 0.4857143 0.5642857 0.6285714 0.6142857 0.7285714 0.7571429 0.7071429
0.3285714 0.3214286 0.3285714 0.3285714 0.2714286 0.3142857 0.4285714 0.4928571 0.5214286 0.5285714 0.5285714
0.925926 0.962963 0.9111111 0.8962963 0.9703704 0.9777778 0.9555556 0.925926 0.8518519 0.9037037 0.874074
0.9692308 0.9461538 0.976923 0.9692308 0.976923 0.9692308 0.9538462 0.976923 1 0.9 0.9615385
0.7428571 0.7 0.7 0.7285714 0.6642857 0.6571429 0.7571429 0.6571429 0.6714286 0.6357143 0.6214286
0.05673759 0.1063830 0.1560284 0.1134752 0.07801418 0.06382979 0.05673759 0.08510638 0.06382979 0.05673759 0.05673759
0.9925926 1 0.9925926 1 1 0.9925926 0.9555556 0.9481481 0.8444444 0.8222222 0.7851852
0.1285714 0.1714286 0.06428571 0.06428571 0.05 0.03571429 0.03571429 0.03571429 0.05714286 0.08571429 0.06428571
0.5 0.5538462 0.5769231 0.5 0.5076923 0.4076923 0.3769231 0.2538462 0.2461538 0.1384615 0.1230769
0.3161765 0.3970588 0.3382353 0.2794118 0.1911765 0.25 0.1323529 0.1323529 0.1691176 0.1617647 0.125
0.4964539 0.6382979 0.5957447 0.4397163 0.3191489 0.1985816 0.1063830 0.09929078 0.07092199 0.04964539 0.07092199
0.4 0.5037037 0.4222222 0.4222222 0.3925926 0.4074074 0.437037 0.4814815 0.5111111 0.5111111 0.5777778
0.3475177 0.5035461 0.4184397 0.2553191 0.1631206 0.1205674 0.04964539 0.03546099 0.03546099 0.02127660 0.03546099
0.2074074 0.2370370 0.2592593 0.3629630 0.4 0.4666667 0.6074074 0.6444444 0.6074074 0.6814815 0.6296296
0.6666667 0.7259259 0.6814815 0.5851852 0.6148148 0.6148148 0.4444444 0.4814815 0.5111111 0.562963 0.5259259
0.007407407 0.007407407 0.02222222 0.007407407 0.04444444 0.03703704 0.07407407 0.1333333 0.2296296 0.2296296 0.2666667
0.7092199 0.8014184 0.7659574 0.8156028 0.8085106 0.8652482 0.751773 0.8156028 0.9148936 0.8652482 0.929078
0.1764706 0.2279412 0.2132353 0.1544118 0.1764706 0.1617647 0.1544118 0.1544118 0.1323529 0.1544118 0.1911765
0.3851852 0.3851852 0.2888889 0.3407407 0.3703704 0.3629630 0.3925926 0.4296296 0.3259259 0.3407407 0.3851852
0.7058824 0.742647 0.7941176 0.6985294 0.757353 0.6838235 0.5735294 0.6544118 0.5294118 0.4705882 0.4852941
0.7 0.7538462 0.6769231 0.776923 0.6 0.6230769 0.6307692 0.6076923 0.5461538 0.5769231 0.5615385
0.3615385 0.4384615 0.4846154 0.4076923 0.3769231 0.4384615 0.4230769 0.3923077 0.3923077 0.3076923 0.3
0.6985294 0.7058824 0.6838235 0.5882353 0.5514706 0.4852941 0.4705882 0.4705882 0.4485294 0.5735294 0.5294118
0.9538462 0.9307692 0.9307692 0.9 0.923077 0.9461538 0.8923077 0.9 0.9 0.8384615 0.8307692
0.3823529 0.3161765 0.3970588 0.3897059 0.3455882 0.5294118 0.3676471 0.4485294 0.4779412 0.4705882 0.5
0.8153846 0.7615385 0.8 0.8076923 0.8 0.7923077 0.8384615 0.7692308 0.8 0.8153846 0.7461538
0.876923 0.876923 0.923077 0.876923 0.8846154 0.9153846 0.8692308 0.8384615 0.9076923 0.8692308 0.8384615
0.9851852 0.9851852 0.9925926 0.9777778 0.9555556 0.962963 0.9407407 0.9111111 0.7925926 0.7407407 0.7851852
0.876923 0.7923077 0.7846154 0.8076923 0.876923 0.9538462 0.9307692 0.9076923 0.9153846 0.8923077 0.9692308
0.2647059 0.09558824 0.1617647 0.3382353 0.3308824 0.4264706 0.5661765 0.6764706 0.8088235 0.8088235 0.7352941
0.4779412 0.4485294 0.4558824 0.5882353 0.5073529 0.5441176 0.6617647 0.6617647 0.6764706 0.6691176 0.7867647
0.04615385 0.03076923 0.03846154 0.06153846 0.1076923 0.2230769 0.2461538 0.4307692 0.4076923 0.4615385 0.4923077
0.8153846 0.7615385 0.7692308 0.8 0.7538462 0.7538462 0.7538462 0.7923077 0.7230769 0.7461538 0.7384615
0.6230769 0.4230769 0.5230769 0.6461538 0.6615385 0.776923 0.8384615 0.8076923 0.9692308 0.9615385 0.9076923
0.3333333 0.2836879 0.3262411 0.3475177 0.5035461 0.4893617 0.5815603 0.6737589 0.7375887 0.8156028 0.7659574
0.6453901 0.6382979 0.680851 0.6666667 0.5531915 0.4680851 0.4184397 0.4184397 0.3475177 0.2695035 0.2765957
0.2074074 0.2666667 0.2888889 0.2 0.2148148 0.2296296 0.2518519 0.2518519 0.3037037 0.3333333 0.4
0.7851852 0.7925926 0.7259259 0.7481481 0.8074074 0.7481481 0.7851852 0.8296296 0.8518519 0.8888889 0.8296296
0.632353 0.6764706 0.5808824 0.5735294 0.5441176 0.5073529 0.4558824 0.4411765 0.5073529 0.5367647 0.625
0.01470588 0.02941176 0.02205882 0.02941176 0.07352941 0.08088235 0.1617647 0.2132353 0.1691176 0.2352941 0.2573529
0.1777778 0.3259259 0.2148148 0.1111111 0.1111111 0.07407407 0.07407407 0.0962963 0.08148148 0.1481481 0.1111111
0.8923077 0.8153846 0.823077 0.823077 0.776923 0.7538462 0.6307692 0.6076923 0.6153846 0.5769231 0.5
0.1615385 0.1 0.1538462 0.2 0.2615385 0.3 0.4230769 0.4307692 0.4461538 0.4846154 0.5
0.8962963 0.8888889 0.9111111 0.962963 0.8962963 0.925926 0.8962963 0.8074074 0.6740741 0.6518519 0.6148148
0.8897059 0.8970588 0.8970588 0.867647 0.8970588 0.8455882 0.8529412 0.9044118 0.867647 0.7867647 0.742647
0.3230769 0.2769231 0.2846154 0.3538462 0.4153846 0.5384615 0.6153846 0.7615385 0.7923077 0.7384615 0.7846154
0.1111111 0.2370370 0.1555556 0.06666667 0.08888889 0.05925926 0.08888889 0.06666667 0.07407407 0.1111111 0.2074074
0.762963 0.7703704 0.8074074 0.8 0.7851852 0.762963 0.7851852 0.7703704 0.7185185 0.5777778 0.5851852
0.762963 0.7407407 0.8296296 0.8074074 0.925926 0.925926 0.9111111 0.9407407 0.9185185 0.962963 0.9333333
0.08148148 0.07407407 0.1111111 0.07407407 0.1111111 0.2 0.2740741 0.2296296 0.3111111 0.2518519 0.3407407
0.923077 0.876923 0.823077 0.923077 0.9153846 0.9076923 0.9846154 0.876923 0.9076923 0.9153846 0.9076923
0.2941176 0.2573529 0.3235294 0.3088235 0.1985294 0.2720588 0.2794118 0.2426471 0.2205882 0.2132353 0.1838235
0.4384615 0.6384615 0.5846154 0.5307692 0.5 0.4230769 0.3461538 0.3615385 0.2615385 0.2307692 0.2769231
0.4962963 0.4740741 0.5037037 0.4740741 0.5333333 0.6 0.5111111 0.5185185 0.5111111 0.4962963 0.5111111
0.8602941 0.8529412 0.875 0.8235294 0.7720588 0.742647 0.8382353 0.7205882 0.6911765 0.6470588 0.6029412
0.2538462 0.2461538 0.2307692 0.2692308 0.2 0.3461538 0.2923077 0.3538462 0.3692308 0.4615385 0.4538462
0.6888889 0.8 0.6740741 0.6 0.637037 0.5851852 0.5111111 0.5259259 0.5111111 0.5111111 0.5185185
0.6962963 0.5925926 0.5925926 0.6814815 0.7555556 0.7481481 0.7407407 0.8074074 0.874074 0.8148148 0.7555556
0.1333333 0.2444444 0.1925926 0.1851852 0.1407407 0.1925926 0.2074074 0.2592593 0.2592593 0.2962963 0.2666667
0.2230769 0.1307692 0.1538462 0.1461538 0.2384615 0.2692308 0.3923077 0.4 0.4230769 0.4923077 0.4923077
0.925926 0.9185185 0.9111111 0.9481481 0.8666667 0.9111111 0.9111111 0.8518519 0.7851852 0.8444444 0.7481481
0.05384615 0.06153846 0.05384615 0.03846154 0.03076923 0.02307692 0.02307692 0.04615385 0.05384615 0.03846154 0.05384615
0.2846154 0.2923077 0.3692308 0.3 0.4307692 0.4461538 0.4846154 0.5230769 0.5307692 0.4615385 0.4769231
0.1838235 0.2573529 0.3161765 0.1838235 0.1764706 0.2132353 0.2132353 0.2720588 0.2573529 0.2941176 0.2794118
0.1544118 0.07352941 0.1470588 0.2352941 0.1911765 0.2058824 0.3161765 0.375 0.3823529 0.4632353 0.4485294
0.3230769 0.2923077 0.3769231 0.2692308 0.3076923 0.3153846 0.2923077 0.3461538 0.3307692 0.3923077 0.4384615
0.4113475 0.4468085 0.4042553 0.4751773 0.4397163 0.4397163 0.4184397 0.5319149 0.4893617 0.4539007 0.4964539
0.5367647 0.617647 0.5808824 0.5661765 0.5514706 0.4411765 0.3970588 0.3529412 0.3014706 0.3161765 0.25
0.08888889 0.1555556 0.1111111 0.08148148 0.08148148 0.05925926 0.06666667 0.1037037 0.08148148 0.08888889 0.1111111
0.9925926 0.9777778 0.9851852 0.9777778 0.9703704 0.9703704 0.962963 0.9703704 0.9481481 0.9481481 0.9481481
0.9076923 0.9153846 0.9 0.876923 0.9692308 0.9461538 0.9384615 0.9538462 0.9846154 0.9461538 0.9384615
0.6846154 0.7076923 0.6615385 0.7615385 0.776923 0.8076923 0.8923077 0.9461538 0.9538462 0.9538462 0.9384615
0.5 0.4485294 0.5073529 0.5073529 0.5441176 0.5514706 0.5441176 0.5735294 0.6764706 0.6838235 0.7132353
0.1418440 0.3404255 0.2411348 0.1914894 0.1702128 0.1205674 0.06382979 0.04255319 0.04964539 0.04964539 0.04255319
0.05185185 0.0962963 0.08148148 0.05925926 0.05185185 0.007407407 0.01481481 0.03703704 0.01481481 0.02962963 0.02962963
0.3382353 0.3014706 0.3308824 0.3382353 0.3308824 0.3014706 0.3897059 0.4264706 0.4705882 0.5073529 0.4558824
0.9538462 0.9692308 0.9692308 0.976923 0.9692308 0.9538462 0.9538462 0.9692308 0.9846154 0.9538462 0.9307692
0.4571429 0.5285714 0.4857143 0.4642857 0.3214286 0.2357143 0.2142857 0.1928571 0.2285714 0.15 0.2
0.7092199 0.6879433 0.6666667 0.751773 0.8510638 0.822695 0.8439716 0.9361702 0.9219858 0.9432624 0.929078
0.2765957 0.2553191 0.2836879 0.2978723 0.3262411 0.2482270 0.3120567 0.2269504 0.3049645 0.3262411 0.3262411
0.03546099 0.1276596 0.04964539 0.07801418 0.04255319 0.02836879 0.05673759 0.04255319 0.04255319 0.02836879 0.03546099
0.3285714 0.3714286 0.3357143 0.3785714 0.4642857 0.4857143 0.5142857 0.5285714 0.6357143 0.6928571 0.7642857
0.04255319 0.06382979 0.06382979 0.07092199 0.04964539 0.1560284 0.1347518 0.1063830 0.1489362 0.2198582 0.2056738
0.2370370 0.2888889 0.3481481 0.3037037 0.2592593 0.3333333 0.2296296 0.2296296 0.1629630 0.1629630 0.1555556
0.7 0.7 0.7153846 0.7461538 0.7230769 0.6615385 0.6769231 0.7307692 0.6076923 0.6 0.5846154
0.05147059 0.07352941 0.1544118 0.1029412 0.125 0.1617647 0.1911765 0.2573529 0.1691176 0.1838235 0.2205882
0.3308824 0.3088235 0.3235294 0.2794118 0.25 0.2132353 0.2794118 0.2794118 0.3161765 0.2573529 0.2794118
0.6740741 0.8592593 0.7777778 0.7555556 0.7037037 0.7185185 0.8148148 0.7851852 0.8444444 0.837037 0.874074
0.6444444 0.7185185 0.6666667 0.6592593 0.6148148 0.5111111 0.4148148 0.3555556 0.3259259 0.2888889 0.2518519
0.9407407 0.9851852 0.9851852 0.9703704 0.9185185 0.8444444 0.874074 0.7333333 0.6148148 0.6222222 0.5703704
0.2279412 0.07352941 0.1617647 0.1838235 0.2058824 0.2132353 0.2279412 0.25 0.2279412 0.2132353 0.2352941
0.6518519 0.5925926 0.6592593 0.6592593 0.6666667 0.6444444 0.5925926 0.6148148 0.6 0.5555556 0.5259259
0.8865248 0.9078014 0.893617 0.9148936 0.8156028 0.8156028 0.8368794 0.6453901 0.6312057 0.6453901 0.5957447
0.5294118 0.5588235 0.4926471 0.5147059 0.4264706 0.4485294 0.3161765 0.375 0.3823529 0.4632353 0.3235294
0.3785714 0.4142857 0.4142857 0.4214286 0.4 0.5071429 0.4285714 0.3928571 0.45 0.5142857 0.5285714
0.2765957 0.1560284 0.2269504 0.2978723 0.4397163 0.4184397 0.4255319 0.5460993 0.4893617 0.6241135 0.6099291
0.5111111 0.4074074 0.4740741 0.4740741 0.5259259 0.6296296 0.6148148 0.637037 0.5851852 0.5851852 0.6
0.8923077 0.9461538 0.9538462 0.9615385 0.823077 0.776923 0.6076923 0.4846154 0.3615385 0.2769231 0.2769231
0.6666667 0.5531915 0.5957447 0.6312057 0.6312057 0.6950355 0.7234043 0.7801418 0.8510638 0.7801418 0.9007092
0.823077 0.7615385 0.8153846 0.876923 0.8692308 0.9461538 0.9538462 0.976923 0.9846154 0.9538462 0.9615385
0.6691176 0.742647 0.6838235 0.5882353 0.5808824 0.4852941 0.3014706 0.2867647 0.2573529 0.2205882 0.1838235
