0.016 0.01 0.03 0.018 0.014 0.016 0.014 0.006 0.006 0.008 0.006
0.194 0.19 0.19 0.208 0.254 0.236 0.206 0.202 0.208 0.174 0.176
0.036 0.04 0.034 0.036 0.032 0.02 0.006 0.012 0.004 0.002 0.002
0.014 0.006 0.01 0.006 0.004 0.006 0.004 0.002 0 0.002 0
0.396 0.368 0.346 0.312 0.312 0.272 0.234 0.226 0.248 0.22 0.194
0.01 0.01 0.008 0.002 0 0 0 0 0.002 0 0
0.094 0.088 0.082 0.068 0.054 0.068 0.03 0.016 0.016 0.006 0.014
0.25 0.248 0.284 0.322 0.328 0.382 0.398 0.402 0.406 0.426 0.43
0.098 0.078 0.038 0.034 0.02 0.004 0.004 0.004 0.002 0 0.002
0.132 0.08 0.08 0.054 0.03 0.024 0.022 0.004 0.002 0.002 0
0.402 0.326 0.316 0.246 0.16 0.176 0.128 0.096 0.106 0.058 0.074
0.048 0.044 0.018 0.022 0.012 0.016 0.008 0.014 0.016 0.014 0.016
0.042 0.034 0.032 0.016 0.038 0.014 0.008 0.01 0.018 0.012 0.002
0.048 0.076 0.07 0.07 0.102 0.08 0.07 0.06 0.054 0.044 0.052
0.144 0.13 0.126 0.144 0.136 0.164 0.142 0.174 0.168 0.176 0.19
0.064 0.054 0.076 0.064 0.074 0.068 0.096 0.082 0.094 0.116 0.098
0.224 0.23 0.202 0.22 0.238 0.228 0.226 0.238 0.17 0.18 0.174
0.02 0.014 0.014 0.01 0 0 0.006 0.002 0 0 0
0.056 0.056 0.062 0.07 0.054 0.06 0.072 0.058 0.056 0.078 0.086
0.074 0.064 0.06 0.062 0.074 0.036 0.054 0.032 0.04 0.03 0.026
0.166 0.188 0.182 0.186 0.166 0.194 0.172 0.152 0.146 0.148 0.156
0.136 0.158 0.144 0.168 0.166 0.184 0.188 0.198 0.226 0.188 0.182
0.094 0.084 0.068 0.052 0.022 0.01 0.008 0.002 0.002 0 0
0.16 0.16 0.152 0.144 0.134 0.148 0.13 0.136 0.134 0.11 0.094
0.166 0.216 0.234 0.274 0.286 0.336 0.316 0.38 0.4 0.362 0.43
0.216 0.214 0.156 0.18 0.186 0.13 0.094 0.064 0.058 0.04 0.03
0.098 0.09 0.108 0.136 0.186 0.252 0.306 0.404 0.446 0.548 0.578
0.25 0.226 0.226 0.252 0.186 0.172 0.146 0.114 0.124 0.094 0.096
0.31 0.298 0.302 0.306 0.29 0.316 0.282 0.274 0.25 0.218 0.194
0.13 0.122 0.106 0.096 0.126 0.154 0.146 0.216 0.262 0.368 0.392
0.314 0.364 0.426 0.528 0.532 0.518 0.528 0.564 0.56 0.526 0.594
0.07 0.112 0.1 0.124 0.116 0.154 0.156 0.198 0.182 0.206 0.18
0.102 0.102 0.108 0.102 0.096 0.07 0.058 0.068 0.074 0.036 0.054
0.178 0.212 0.18 0.162 0.136 0.096 0.072 0.066 0.08 0.082 0.056
0.174 0.114 0.086 0.072 0.042 0.022 0.032 0.012 0.006 0 0.002
0.026 0.028 0.042 0.064 0.088 0.11 0.138 0.176 0.21 0.214 0.204
0.042 0.046 0.042 0.058 0.07 0.084 0.094 0.104 0.082 0.106 0.072
0.236 0.244 0.242 0.228 0.222 0.182 0.146 0.164 0.154 0.166 0.156
0.028 0.026 0.026 0.036 0.032 0.01 0.022 0.014 0.006 0.012 0.016
0.012 0.006 0.012 0.004 0.004 0.004 0.004 0 0.002 0 0
0.198 0.16 0.162 0.178 0.142 0.15 0.178 0.198 0.244 0.242 0.288
0.062 0.034 0.056 0.066 0.084 0.094 0.13 0.158 0.228 0.228 0.216
0.132 0.122 0.064 0.032 0.03 0.02 0.002 0 0.002 0 0
0.034 0.014 0.03 0.04 0.052 0.042 0.044 0.066 0.042 0.064 0.04
0.28 0.234 0.178 0.228 0.202 0.206 0.21 0.222 0.258 0.236 0.236
0.076 0.094 0.064 0.034 0.038 0.014 0.02 0.008 0.004 0.002 0.002
0.06 0.086 0.054 0.066 0.026 0.028 0.022 0.002 0.004 0.002 0
0.176 0.196 0.232 0.22 0.25 0.212 0.208 0.196 0.21 0.174 0.186
0.064 0.048 0.036 0.018 0.012 0.006 0.002 0 0 0 0
0.002 0 0.006 0.006 0.002 0.004 0 0.002 0 0 0
0.074 0.08 0.08 0.102 0.058 0.066 0.066 0.066 0.05 0.052 0.04
0.186 0.18 0.124 0.086 0.074 0.042 0.022 0.016 0.012 0.004 0.006
0.008 0.024 0.018 0.014 0.024 0.01 0.014 0.01 0.006 0.014 0.006
0.218 0.232 0.244 0.258 0.228 0.236 0.212 0.202 0.178 0.164 0.14
0.1 0.144 0.182 0.21 0.232 0.27 0.272 0.3 0.302 0.292 0.304
0.254 0.226 0.208 0.202 0.172 0.162 0.176 0.214 0.242 0.264 0.306
0.05 0.082 0.088 0.078 0.088 0.08 0.082 0.08 0.094 0.094 0.06
0.258 0.288 0.314 0.348 0.372 0.374 0.314 0.352 0.36 0.294 0.29
0.194 0.226 0.236 0.224 0.256 0.222 0.2 0.268 0.252 0.26 0.264
0.006 0.006 0 0.002 0.014 0 0 0 0.002 0.002 0.002
0.048 0.038 0.028 0.024 0.022 0.01 0.004 0.002 0 0.002 0.006
0.096 0.102 0.102 0.126 0.126 0.118 0.152 0.094 0.082 0.054 0.074
0.026 0.024 0.012 0.02 0.008 0.008 0 0.002 0.002 0.002 0
0.318 0.396 0.392 0.384 0.338 0.298 0.252 0.252 0.188 0.174 0.172
0.022 0.002 0.006 0 0.002 0 0.002 0 0 0 0
0.042 0.048 0.034 0.036 0.028 0.038 0.054 0.058 0.1 0.104 0.09
0.096 0.114 0.094 0.07 0.08 0.04 0.056 0.078 0.064 0.074 0.092
0.178 0.18 0.184 0.206 0.18 0.168 0.144 0.154 0.134 0.098 0.092
0.138 0.158 0.138 0.156 0.158 0.152 0.15 0.17 0.224 0.24 0.248
0.02 0.022 0.01 0.018 0.01 0.008 0.006 0.01 0.008 0.008 0.002
0.276 0.296 0.284 0.266 0.284 0.274 0.28 0.252 0.256 0.232 0.226
0.282 0.25 0.25 0.258 0.212 0.23 0.22 0.2 0.2 0.142 0.142
0.004 0.004 0.006 0 0.002 0 0 0 0 0 0
0.03 0.034 0.038 0.042 0.024 0.034 0.026 0.018 0.046 0.056 0.044
0.06 0.032 0.036 0.034 0.022 0.002 0.01 0 0 0 0
0.072 0.106 0.07 0.044 0.038 0.02 0.014 0.004 0.006 0 0
0.154 0.076 0.086 0.052 0.02 0.004 0.008 0.002 0.002 0.002 0.004
0.282 0.292 0.324 0.238 0.19 0.186 0.116 0.106 0.092 0.04 0.038
0.172 0.17 0.122 0.152 0.124 0.094 0.08 0.058 0.036 0.032 0.022
0.158 0.114 0.142 0.14 0.104 0.092 0.1 0.13 0.084 0.098 0.098
0.024 0.018 0.022 0.016 0.012 0.008 0.014 0.012 0.014 0.004 0.02
0.09 0.11 0.088 0.14 0.186 0.204 0.194 0.202 0.188 0.218 0.218
0.056 0.032 0.036 0.012 0.012 0.01 0.004 0.002 0.002 0 0
0.016 0.022 0.024 0.01 0.014 0.002 0.002 0.004 0 0.002 0
0.486 0.512 0.47 0.458 0.454 0.464 0.41 0.41 0.406 0.416 0.458
0.182 0.208 0.2 0.216 0.23 0.234 0.2 0.214 0.174 0.178 0.136
0.176 0.164 0.148 0.164 0.228 0.26 0.252 0.28 0.342 0.28 0.32
0.246 0.224 0.196 0.192 0.18 0.198 0.208 0.226 0.252 0.294 0.276
0.028 0.016 0.012 0.01 0.008 0.004 0.004 0 0.002 0.002 0
0.178 0.118 0.106 0.066 0.056 0.048 0.03 0.01 0.004 0.002 0.002
0.078 0.09 0.08 0.092 0.108 0.074 0.084 0.064 0.058 0.076 0.088
0.376 0.414 0.404 0.42 0.378 0.406 0.334 0.286 0.248 0.196 0.184
0.024 0.006 0.012 0.018 0.016 0.01 0.008 0.004 0.002 0.002 0
0.086 0.094 0.076 0.056 0.032 0.014 0.01 0.002 0 0 0.002
0.036 0.046 0.026 0.032 0.028 0.022 0.012 0.016 0.006 0.004 0.006
0.192 0.206 0.282 0.32 0.294 0.25 0.254 0.294 0.278 0.276 0.256
0.282 0.318 0.326 0.326 0.31 0.254 0.258 0.168 0.184 0.13 0.078
0.018 0.012 0.024 0.004 0.008 0.002 0.002 0.002 0 0 0
0.1 0.108 0.13 0.094 0.086 0.082 0.066 0.07 0.048 0.062 0.048
0.362 0.358 0.338 0.426 0.382 0.408 0.416 0.386 0.382 0.38 0.362
0.172 0.146 0.15 0.174 0.128 0.166 0.1 0.098 0.092 0.096 0.064
0.136 0.138 0.134 0.136 0.154 0.142 0.15 0.094 0.136 0.134 0.106
0.22 0.224 0.206 0.198 0.172 0.192 0.18 0.152 0.142 0.174 0.158
0.046 0.036 0.034 0.022 0.026 0.024 0.014 0.02 0.018 0.018 0.012
0.084 0.044 0.064 0.062 0.088 0.08 0.112 0.108 0.12 0.134 0.102
0.064 0.042 0.022 0.01 0.008 0.006 0.002 0.002 0 0 0
0.26 0.28 0.228 0.204 0.168 0.16 0.14 0.132 0.1 0.116 0.104
0.002 0 0 0.002 0 0 0 0 0 0 0
0.016 0.006 0.012 0 0.004 0 0.002 0 0 0 0
0.022 0.02 0.01 0.004 0.002 0.002 0.002 0 0 0 0
0.514 0.46 0.47 0.422 0.434 0.358 0.36 0.324 0.312 0.214 0.242
0.136 0.158 0.15 0.182 0.18 0.188 0.214 0.23 0.276 0.284 0.342
0.238 0.214 0.162 0.182 0.142 0.13 0.132 0.116 0.124 0.126 0.102
0.008 0.008 0.006 0.006 0.002 0.004 0.002 0 0 0 0
0.138 0.152 0.164 0.164 0.21 0.28 0.268 0.26 0.272 0.28 0.264
0.08 0.08 0.066 0.07 0.068 0.066 0.068 0.044 0.074 0.046 0.034
0.224 0.22 0.21 0.184 0.186 0.176 0.158 0.148 0.106 0.122 0.094
0.098 0.062 0.042 0.03 0.04 0.028 0.026 0.012 0.008 0.004 0.002
0.296 0.33 0.268 0.206 0.238 0.186 0.154 0.116 0.134 0.13 0.096
0.282 0.26 0.268 0.296 0.31 0.338 0.38 0.374 0.428 0.408 0.432
0.084 0.048 0.082 0.104 0.076 0.108 0.088 0.124 0.124 0.118 0.146
0.408 0.43 0.36 0.366 0.406 0.39 0.39 0.376 0.37 0.348 0.382
0.032 0.04 0.03 0.032 0.036 0.046 0.038 0.07 0.034 0.046 0.05
0.356 0.36 0.32 0.352 0.356 0.334 0.306 0.286 0.218 0.244 0.236
0.028 0.028 0.018 0.018 0.016 0.016 0.012 0.01 0.004 0.008 0.006
0.094 0.072 0.076 0.092 0.062 0.066 0.086 0.062 0.096 0.106 0.056
0.042 0.042 0.048 0.044 0.054 0.038 0.046 0.026 0.038 0.016 0.026
0.174 0.212 0.21 0.232 0.298 0.286 0.324 0.39 0.356 0.422 0.41
0.032 0.034 0.024 0.018 0.008 0.004 0.01 0 0.002 0 0
0.064 0.066 0.084 0.076 0.092 0.116 0.11 0.104 0.092 0.09 0.114
0.168 0.174 0.216 0.274 0.288 0.328 0.356 0.36 0.394 0.364 0.372
0.014 0.034 0.008 0.006 0.004 0.004 0.002 0 0 0 0
0.12 0.182 0.21 0.226 0.274 0.33 0.408 0.45 0.488 0.544 0.544
0.018 0.032 0.02 0.014 0.01 0.008 0.004 0.002 0 0 0
0.018 0.016 0.022 0.008 0.012 0.004 0.002 0.002 0.002 0 0
0.046 0.028 0.014 0.008 0.016 0.014 0.002 0 0.002 0 0
