0.036 0.024 0.018 0.024 0.028 0.012 0.012 0.014 0.008 0.004 0.006
0.27 0.19 0.206 0.182 0.236 0.15 0.188 0.2 0.178 0.186 0.152
0.03 0.044 0.04 0.034 0.03 0.016 0.022 0.004 0.002 0.004 0.004
0.016 0.004 0.006 0.004 0.002 0.002 0.002 0.002 0 0 0
0.456 0.4 0.408 0.35 0.384 0.31 0.346 0.344 0.348 0.244 0.298
0.002 0.006 0.008 0 0.004 0 0 0.002 0 0 0
0.142 0.122 0.12 0.086 0.064 0.05 0.036 0.022 0.02 0.022 0.006
0.16 0.15 0.174 0.186 0.19 0.19 0.196 0.208 0.252 0.246 0.274
0.05 0.036 0.024 0.01 0.006 0.002 0.002 0.002 0 0.002 0
0.102 0.084 0.088 0.056 0.04 0.026 0.016 0.006 0.002 0.002 0
0.408 0.334 0.296 0.222 0.214 0.18 0.162 0.16 0.098 0.112 0.124
0.098 0.068 0.038 0.024 0.018 0.022 0.016 0.01 0.022 0.008 0.01
0.046 0.026 0.032 0.02 0.02 0.018 0.014 0.01 0.006 0.006 0.004
0.084 0.086 0.066 0.078 0.11 0.078 0.076 0.06 0.046 0.046 0.042
0.134 0.112 0.122 0.156 0.12 0.13 0.148 0.108 0.136 0.12 0.15
0.232 0.18 0.156 0.16 0.126 0.108 0.116 0.112 0.086 0.072 0.062
0.226 0.22 0.24 0.198 0.272 0.266 0.274 0.238 0.194 0.22 0.198
0.018 0.018 0.016 0.01 0.014 0.008 0.002 0 0.002 0.002 0
0.028 0.028 0.04 0.032 0.032 0.032 0.038 0.044 0.04 0.068 0.046
0.054 0.064 0.05 0.054 0.056 0.05 0.042 0.046 0.042 0.042 0.014
0.32 0.35 0.386 0.336 0.31 0.292 0.236 0.198 0.174 0.184 0.184
0.128 0.176 0.14 0.136 0.138 0.138 0.19 0.176 0.184 0.158 0.122
0.052 0.04 0.046 0.016 0.024 0.012 0.014 0.006 0.002 0.004 0.002
0.144 0.1 0.128 0.102 0.116 0.114 0.1 0.092 0.074 0.066 0.1
0.134 0.152 0.15 0.23 0.29 0.32 0.38 0.422 0.464 0.464 0.526
0.278 0.25 0.222 0.23 0.18 0.166 0.11 0.078 0.058 0.036 0.046
0.102 0.098 0.106 0.136 0.236 0.26 0.376 0.486 0.546 0.646 0.718
0.198 0.142 0.17 0.168 0.14 0.106 0.084 0.092 0.084 0.08 0.106
0.368 0.394 0.412 0.378 0.37 0.304 0.38 0.312 0.226 0.23 0.206
0.162 0.168 0.096 0.068 0.104 0.118 0.206 0.272 0.3 0.388 0.406
0.268 0.31 0.4 0.392 0.434 0.424 0.43 0.39 0.444 0.384 0.422
0.084 0.088 0.126 0.158 0.198 0.212 0.232 0.308 0.354 0.41 0.406
0.126 0.104 0.1 0.09 0.104 0.102 0.056 0.068 0.044 0.064 0.086
0.11 0.09 0.076 0.058 0.05 0.04 0.046 0.026 0.046 0.03 0.05
0.186 0.138 0.136 0.074 0.048 0.026 0.01 0.014 0.006 0.008 0
0.128 0.162 0.196 0.236 0.242 0.282 0.316 0.372 0.386 0.44 0.476
0.2 0.232 0.29 0.292 0.278 0.316 0.252 0.312 0.312 0.32 0.32
0.378 0.316 0.326 0.346 0.33 0.334 0.35 0.354 0.32 0.31 0.274
0.118 0.086 0.076 0.098 0.064 0.098 0.074 0.056 0.042 0.024 0.02
0.002 0.008 0.01 0.004 0.006 0.008 0.004 0.002 0.002 0.002 0
0.208 0.216 0.186 0.168 0.174 0.176 0.242 0.22 0.264 0.254 0.306
0.056 0.102 0.094 0.098 0.14 0.148 0.17 0.2 0.248 0.208 0.274
0.264 0.21 0.188 0.1 0.072 0.064 0.02 0.014 0.004 0.002 0.002
0.052 0.05 0.066 0.064 0.05 0.048 0.054 0.062 0.054 0.052 0.05
0.264 0.288 0.254 0.246 0.29 0.25 0.302 0.36 0.34 0.346 0.366
0.06 0.068 0.046 0.064 0.06 0.072 0.052 0.046 0.046 0.04 0.06
0.066 0.062 0.074 0.044 0.034 0.024 0.026 0.004 0.002 0 0
0.168 0.172 0.154 0.178 0.206 0.21 0.184 0.2 0.174 0.202 0.184
0.03 0.046 0.02 0.024 0.018 0 0.004 0.002 0 0 0.002
0.024 0.002 0.004 0.012 0.002 0.002 0.002 0 0 0 0
0.04 0.038 0.056 0.058 0.06 0.07 0.038 0.038 0.04 0.036 0.046
0.11 0.066 0.058 0.056 0.024 0.02 0.006 0.002 0 0.002 0
0.016 0.016 0.03 0.022 0.022 0.022 0.02 0.01 0.008 0.014 0.018
0.274 0.28 0.32 0.27 0.322 0.274 0.224 0.216 0.214 0.158 0.198
0.102 0.112 0.142 0.14 0.162 0.198 0.182 0.232 0.278 0.262 0.298
0.264 0.282 0.252 0.24 0.232 0.198 0.19 0.208 0.208 0.302 0.306
0.126 0.12 0.15 0.138 0.16 0.126 0.132 0.134 0.136 0.132 0.14
0.22 0.318 0.33 0.386 0.4 0.308 0.314 0.254 0.244 0.206 0.194
0.2 0.19 0.18 0.148 0.16 0.132 0.162 0.134 0.13 0.156 0.158
0.004 0.002 0.004 0.004 0.002 0.002 0.002 0 0.002 0 0
0.02 0.03 0.022 0.022 0.012 0.008 0.002 0.004 0 0 0
0.05 0.05 0.052 0.068 0.084 0.064 0.078 0.08 0.062 0.056 0.088
0.024 0.022 0.04 0.014 0.004 0.004 0.006 0 0 0.004 0
0.21 0.224 0.236 0.246 0.232 0.202 0.186 0.148 0.12 0.094 0.104
0.018 0.024 0.012 0.01 0.002 0.002 0 0 0 0 0
0.084 0.072 0.04 0.052 0.092 0.102 0.152 0.21 0.258 0.244 0.276
0.104 0.07 0.096 0.048 0.058 0.054 0.044 0.062 0.042 0.036 0.05
0.16 0.182 0.182 0.182 0.174 0.208 0.148 0.142 0.146 0.126 0.108
0.196 0.248 0.224 0.196 0.216 0.208 0.2 0.19 0.242 0.25 0.226
0.014 0.012 0.018 0.01 0.008 0.004 0.004 0.006 0.004 0.004 0.002
0.306 0.282 0.276 0.258 0.252 0.254 0.21 0.212 0.256 0.218 0.214
0.332 0.25 0.298 0.246 0.268 0.258 0.22 0.198 0.18 0.18 0.15
0.008 0.006 0.008 0.002 0.004 0.002 0 0 0 0 0
0.034 0.04 0.042 0.058 0.03 0.022 0.03 0.02 0.018 0.018 0.018
0.056 0.04 0.042 0.028 0.008 0.016 0 0.006 0 0 0
0.09 0.086 0.054 0.048 0.036 0.022 0.01 0.006 0.002 0 0
0.014 0.004 0.006 0.014 0.012 0.002 0 0.002 0 0 0
0.396 0.378 0.386 0.332 0.276 0.248 0.194 0.128 0.102 0.096 0.068
0.148 0.142 0.13 0.116 0.102 0.12 0.06 0.042 0.048 0.018 0.024
0.162 0.162 0.136 0.136 0.18 0.186 0.194 0.128 0.128 0.146 0.132
0.016 0.018 0.018 0.01 0.014 0.014 0.016 0.012 0.016 0.018 0.014
0.11 0.134 0.176 0.152 0.246 0.248 0.29 0.298 0.294 0.282 0.298
0.054 0.05 0.034 0.026 0.018 0.018 0.012 0.004 0 0 0
0.028 0.038 0.026 0.028 0.01 0.006 0.004 0.004 0 0.002 0.002
0.516 0.486 0.494 0.422 0.428 0.482 0.45 0.44 0.368 0.388 0.404
0.33 0.346 0.342 0.374 0.422 0.41 0.39 0.348 0.302 0.278 0.29
0.174 0.168 0.154 0.22 0.212 0.246 0.284 0.318 0.322 0.314 0.3
0.252 0.232 0.226 0.232 0.21 0.236 0.262 0.286 0.332 0.298 0.324
0.024 0.024 0.008 0.016 0.012 0.008 0.006 0.002 0 0 0
0.088 0.05 0.044 0.042 0.008 0.02 0.006 0.004 0 0 0
0.09 0.106 0.122 0.132 0.12 0.132 0.12 0.14 0.136 0.1 0.094
0.354 0.362 0.38 0.352 0.372 0.354 0.302 0.292 0.206 0.196 0.162
0.046 0.026 0.036 0.022 0.01 0.006 0.004 0.008 0.002 0 0
0.076 0.074 0.076 0.042 0.022 0.022 0.012 0.008 0.004 0 0.002
0.096 0.058 0.066 0.042 0.028 0.04 0.026 0.02 0.016 0.004 0.02
0.186 0.206 0.246 0.238 0.234 0.188 0.212 0.196 0.238 0.186 0.214
0.414 0.422 0.4 0.418 0.374 0.356 0.32 0.266 0.212 0.156 0.126
0.012 0.014 0.016 0.006 0.01 0.006 0.002 0.002 0 0 0
0.096 0.096 0.082 0.064 0.066 0.074 0.066 0.086 0.072 0.056 0.07
0.326 0.364 0.368 0.368 0.43 0.434 0.448 0.424 0.44 0.488 0.498
0.13 0.154 0.148 0.146 0.082 0.096 0.078 0.058 0.044 0.038 0.042
0.13 0.152 0.158 0.15 0.126 0.116 0.122 0.126 0.118 0.102 0.094
0.146 0.18 0.13 0.204 0.134 0.144 0.092 0.13 0.078 0.082 0.086
0.044 0.036 0.034 0.024 0.04 0.022 0.016 0.016 0.018 0.02 0.016
0.08 0.1 0.12 0.09 0.142 0.16 0.166 0.17 0.148 0.158 0.168
0.032 0.034 0.016 0.016 0.01 0.002 0.004 0.002 0 0.002 0
0.186 0.186 0.138 0.154 0.132 0.13 0.092 0.094 0.082 0.078 0.086
0.008 0.002 0.002 0.008 0.002 0.004 0 0.002 0 0 0
0.04 0.026 0.012 0.008 0 0 0.004 0 0 0 0
0.002 0.002 0.002 0 0 0 0.002 0 0 0 0
0.528 0.534 0.52 0.472 0.422 0.466 0.442 0.348 0.356 0.326 0.286
0.142 0.188 0.154 0.158 0.182 0.164 0.22 0.194 0.198 0.184 0.188
0.304 0.23 0.238 0.164 0.162 0.128 0.106 0.088 0.09 0.088 0.09
0.008 0.008 0.008 0 0 0.002 0 0.004 0 0 0
0.23 0.232 0.248 0.276 0.234 0.266 0.296 0.278 0.274 0.264 0.278
0.124 0.1 0.076 0.066 0.066 0.074 0.07 0.08 0.06 0.044 0.054
0.262 0.21 0.208 0.192 0.158 0.162 0.16 0.128 0.13 0.114 0.108
0.098 0.078 0.068 0.05 0.024 0.016 0.006 0.012 0.008 0.002 0.002
0.33 0.302 0.292 0.202 0.194 0.172 0.186 0.128 0.104 0.092 0.056
0.244 0.234 0.216 0.202 0.238 0.248 0.246 0.28 0.33 0.258 0.296
0.068 0.062 0.086 0.098 0.088 0.096 0.08 0.1 0.104 0.104 0.156
0.348 0.332 0.35 0.366 0.348 0.354 0.358 0.368 0.33 0.324 0.282
0.046 0.044 0.05 0.056 0.074 0.054 0.052 0.042 0.036 0.028 0.034
0.318 0.402 0.376 0.366 0.426 0.41 0.42 0.376 0.428 0.394 0.464
0.036 0.034 0.038 0.022 0.024 0.014 0.018 0.008 0.008 0.008 0.004
0.066 0.088 0.082 0.064 0.08 0.106 0.076 0.074 0.068 0.084 0.054
0.026 0.022 0.048 0.042 0.04 0.038 0.034 0.036 0.03 0.03 0.04
0.14 0.17 0.196 0.2 0.258 0.248 0.348 0.374 0.354 0.388 0.404
0.04 0.028 0.036 0.018 0.01 0.008 0 0 0 0 0
0.082 0.062 0.084 0.072 0.08 0.07 0.064 0.042 0.026 0.036 0.026
0.02 0.052 0.088 0.102 0.112 0.182 0.192 0.192 0.234 0.244 0.234
0.016 0.004 0.002 0.006 0.002 0.002 0 0 0 0 0
0.156 0.182 0.224 0.264 0.304 0.348 0.382 0.434 0.454 0.44 0.492
0.038 0.024 0.016 0.018 0.008 0.01 0.008 0 0.002 0.002 0
0.006 0.012 0.006 0.014 0.004 0 0 0 0 0.002 0
0.11 0.094 0.084 0.03 0.038 0.01 0.008 0.008 0.002 0.002 0.006
