0.5217391 0.442029 0.6231884 0.6594203 0.6811594 0.6376812 0.6231884
0.1278195 0.1278195 0.1654135 0.1278195 0.1278195 0.1278195 0.1278195
0.3533835 0.5639098 0.5714286 0.6541353 0.7142857 0.6466165 0.5639098
0.352518 0.5683453 0.6402878 0.705036 0.7482014 0.647482 0.6402878
0.1119403 0.1119403 0.1119403 0.1119403 0.1119403 0.1119403 0.1119403
0.2230769 0.1923077 0.6230769 0.7384615 0.876923 0.7692308 0.5153846
0.2255639 0.5263158 0.6015038 0.6390977 0.6390977 0.6015038 0.5789474
0.2898551 0.2898551 0.6014493 0.615942 0.615942 0.615942 0.6231884
0.1205674 0.1631206 0.2269504 0.2411348 0.1631206 0.1205674 0.1205674
0.2898551 0.2753623 0.6666667 0.7463768 0.6811594 0.7028986 0.8043478
0.1914894 0.5673759 0.6170213 0.6524823 0.680851 0.6099291 0.5886525
0.1203008 0.1278195 0.1954887 0.1804511 0.1954887 0.1804511 0.1428571
0.1203008 0.3684211 0.5714286 0.6240602 0.7894737 0.593985 0.556391
0.3134328 0.2910448 0.6119403 0.6268657 0.6492537 0.6492537 0.6044776
0.1278195 0.1428571 0.2105263 0.1879699 0.1503759 0.1278195 0.1278195
0.1223022 0.1438849 0.1294964 0.1294964 0.1223022 0.1223022 0.1223022
0.1076923 0.1076923 0.1461538 0.1538462 0.1384615 0.1076923 0.1076923
0.1007194 0.1007194 0.1151079 0.1366906 0.1007194 0.1007194 0.1007194
0.09774436 0.2706767 0.6090226 0.6992481 0.81203 0.6917293 0.5789474
0.1278195 0.2030075 0.2481203 0.2105263 0.1503759 0.1353383 0.1278195
0.1007194 0.1007194 0.1726619 0.2302158 0.1438849 0.1438849 0.1438849
0.09774436 0.09774436 0.1353383 0.1428571 0.1052632 0.1052632 0.09774436
0.1376812 0.1231884 0.1231884 0.1159420 0.1159420 0.1159420 0.1304348
0.3731343 0.3059701 0.619403 0.6716418 0.761194 0.8134328 0.6343284
0.1076923 0.1076923 0.1461538 0.1461538 0.1153846 0.1076923 0.1076923
0.1076923 0.1076923 0.1461538 0.1615385 0.1615385 0.1076923 0.1230769
0.1278195 0.1428571 0.2030075 0.1654135 0.1278195 0.1278195 0.1278195
0.1052632 0.1127820 0.1729323 0.1654135 0.1654135 0.1353383 0.1203008
0.1278195 0.1278195 0.1278195 0.1278195 0.1278195 0.1278195 0.1278195
0.2661871 0.5035971 0.618705 0.6115108 0.6258993 0.647482 0.6258993
0.1119403 0.1119403 0.1119403 0.1119403 0.1119403 0.1119403 0.1119403
0.1052632 0.1127820 0.1954887 0.2105263 0.1428571 0.1203008 0.1203008
0.1376812 0.1231884 0.2101449 0.1956522 0.2173913 0.1449275 0.1449275
0.1205674 0.1418440 0.1773050 0.1489362 0.1205674 0.1205674 0.1205674
0.1461538 0.1615385 0.4769231 0.6538462 0.6384615 0.5923077 0.3230769
0.1052632 0.1052632 0.1052632 0.1052632 0.1052632 0.1052632 0.1052632
0.1007194 0.1007194 0.1007194 0.1007194 0.1007194 0.1007194 0.1007194
0.1203008 0.1278195 0.1278195 0.1278195 0.1278195 0.1278195 0.1278195
0.3405797 0.2681159 0.3115942 0.2753623 0.2028986 0.1159420 0.1449275
0.1769231 0.1923077 0.6076923 0.7384615 0.6538462 0.6076923 0.4
0.1151079 0.1582734 0.2158273 0.1870504 0.1942446 0.1151079 0.1151079
0.1461538 0.1615385 0.4923077 0.6538462 0.6384615 0.4538462 0.3
0.1007194 0.1007194 0.1726619 0.2374101 0.1510791 0.1438849 0.1366906
0.1278195 0.1503759 0.2180451 0.2030075 0.1804511 0.1428571 0.1278195
0.09774436 0.09774436 0.1127820 0.1503759 0.1052632 0.09774436 0.09774436
0.384058 0.2898551 0.5289855 0.5942029 0.615942 0.6231884 0.6231884
0.2761194 0.3208955 0.6268657 0.6865672 0.7313433 0.6567164 0.5970149
0.1942446 0.1870504 0.6043165 0.6402878 0.7194245 0.8201439 0.5971223
0.3550725 0.2536232 0.3333333 0.2463768 0.2608696 0.1594203 0.1884058
0.1417910 0.1567164 0.3134328 0.4328358 0.4850746 0.5074627 0.3134328
0.09774436 0.09774436 0.09774436 0.09774436 0.09774436 0.09774436 0.09774436
0.09774436 0.1052632 0.1578947 0.1578947 0.1127820 0.1052632 0.09774436
0.3880597 0.3358209 0.619403 0.7835821 0.880597 0.7761194 0.6119403
0.5217391 0.442029 0.6666667 0.7608696 0.7753623 0.789855 0.8550725
0.1353383 0.2330827 0.2857143 0.2180451 0.1879699 0.2255639 0.1353383
0.1615385 0.1615385 0.5076923 0.5923077 0.4923077 0.2923077 0.1384615
0.1151079 0.1223022 0.1294964 0.1294964 0.1151079 0.1151079 0.1151079
0.09774436 0.09774436 0.1578947 0.1503759 0.1127820 0.09774436 0.09774436
0.1353383 0.2030075 0.2105263 0.1954887 0.1503759 0.1353383 0.1278195
0.1052632 0.3533835 0.5413534 0.5714286 0.5413534 0.556391 0.4887218
0.1278195 0.1804511 0.1804511 0.1353383 0.1278195 0.1278195 0.1278195
0.1151079 0.1438849 0.1582734 0.1438849 0.1438849 0.1151079 0.1151079
0.2877698 0.5323741 0.6043165 0.6690647 0.6546763 0.6115108 0.589928
0.1846154 0.1923077 0.6076923 0.7384615 0.6615385 0.6307692 0.3230769
0.1223022 0.1223022 0.1223022 0.1223022 0.1223022 0.1223022 0.1223022
0.3731343 0.2611940 0.619403 0.7835821 0.880597 0.9328358 0.619403
0.09774436 0.1052632 0.1578947 0.1578947 0.1052632 0.09774436 0.09774436
0.2153846 0.2076923 0.6230769 0.7538462 0.876923 0.7461538 0.5153846
0.1223022 0.1870504 0.1798561 0.1510791 0.1798561 0.1151079 0.1151079
0.1052632 0.1353383 0.3233083 0.406015 0.481203 0.5338346 0.4210526
0.1052632 0.2631579 0.5413534 0.5488722 0.5413534 0.556391 0.443609
0.1151079 0.1294964 0.1582734 0.1438849 0.1582734 0.1151079 0.1151079
0.352518 0.5683453 0.6402878 0.6834532 0.6834532 0.6402878 0.6546763
0.1007194 0.1007194 0.1294964 0.1438849 0.1079137 0.1366906 0.1007194
0.1052632 0.1052632 0.1503759 0.1278195 0.1278195 0.1052632 0.1052632
0.1503759 0.4285714 0.5714286 0.6541353 0.7819549 0.8721805 0.593985
0.2661871 0.4100719 0.352518 0.3165468 0.2733813 0.1870504 0.1294964
0.1914894 0.5886525 0.6241135 0.6666667 0.7021277 0.8014184 0.6028369
0.2733813 0.5539568 0.6115108 0.6330935 0.7266187 0.6402878 0.5107914
0.1843972 0.5673759 0.6170213 0.6666667 0.680851 0.6170213 0.5886525
0.1203008 0.1278195 0.1278195 0.1278195 0.1278195 0.1278195 0.1278195
0.2661871 0.4100719 0.352518 0.323741 0.2589928 0.1510791 0.1294964
0.1865672 0.2611940 0.619403 0.6567164 0.6791045 0.7164179 0.619403
0.1205674 0.1631206 0.2127660 0.1702128 0.1347518 0.1205674 0.1205674
0.09774436 0.2255639 0.556391 0.5488722 0.5263158 0.4586466 0.3233083
0.1076923 0.1076923 0.1615385 0.1615385 0.1384615 0.1076923 0.1076923
0.1119403 0.1119403 0.1194030 0.1194030 0.1119403 0.1119403 0.1119403
0.1052632 0.3684211 0.5639098 0.5789474 0.5789474 0.556391 0.5413534
0.2556391 0.518797 0.5789474 0.6691729 0.6992481 0.6165414 0.5639098
0.1223022 0.1223022 0.1223022 0.1223022 0.1223022 0.1223022 0.1223022
0.1076923 0.1076923 0.2 0.2307692 0.1692308 0.1076923 0.1153846
0.1119403 0.1119403 0.1119403 0.1119403 0.1119403 0.1119403 0.1119403
0.1438849 0.1582734 0.5971223 0.6330935 0.6330935 0.6043165 0.5539568
0.1205674 0.1702128 0.1702128 0.1205674 0.1205674 0.1205674 0.1205674
0.1153846 0.1461538 0.3923077 0.6 0.6307692 0.6307692 0.4307692
0.1278195 0.1278195 0.1729323 0.1353383 0.1278195 0.1278195 0.1278195
0.09774436 0.2706767 0.6090226 0.6766917 0.7969925 0.7894737 0.6090226
0.1223022 0.1223022 0.5755396 0.5971223 0.6043165 0.6618705 0.6618705
0.1223022 0.1223022 0.1223022 0.1223022 0.1223022 0.1223022 0.1223022
0.1119403 0.1119403 0.1119403 0.1119403 0.1119403 0.1119403 0.1119403
0.1846154 0.2076923 0.6230769 0.7384615 0.7538462 0.7 0.4923077
0.0923077 0.1076923 0.1076923 0.1076923 0.1076923 0.1076923 0.1076923
0.2978723 0.6099291 0.6241135 0.6666667 0.7092199 0.7801418 0.5957447
0.1119403 0.1268657 0.1791045 0.1492537 0.1119403 0.1119403 0.1119403
0.1203008 0.3609023 0.5488722 0.593985 0.6390977 0.593985 0.556391
0.1052632 0.1052632 0.1654135 0.1578947 0.1203008 0.1052632 0.1052632
0.2374101 0.5323741 0.618705 0.8129496 0.8057554 0.6258993 0.6258993
0.1159420 0.1159420 0.1159420 0.1159420 0.1159420 0.1159420 0.1159420
0.3082707 0.5263158 0.6090226 0.6917293 0.7293233 0.6165414 0.593985
0.1870504 0.2086331 0.2014388 0.2733813 0.1870504 0.2230216 0.2877698
0.09774436 0.09774436 0.1654135 0.1804511 0.1278195 0.1052632 0.09774436
0.1278195 0.1278195 0.2105263 0.1353383 0.1278195 0.1278195 0.1278195
0.1007194 0.1007194 0.1582734 0.1654676 0.1007194 0.1007194 0.1294964
0.1052632 0.1954887 0.443609 0.5263158 0.5037594 0.5413534 0.5037594
0.09774436 0.09774436 0.1203008 0.1503759 0.1127820 0.1127820 0.09774436
0.1052632 0.3383459 0.5488722 0.5714286 0.5413534 0.556391 0.5488722
0.3115942 0.2971014 0.6231884 0.6594203 0.6521739 0.6231884 0.6231884
0.1769231 0.1923077 0.6076923 0.7384615 0.7307692 0.7307692 0.4153846
0.1223022 0.1223022 0.1438849 0.1510791 0.1223022 0.1223022 0.1223022
0.294964 0.5539568 0.6115108 0.7553957 0.8776978 0.6258993 0.6906475
0.2230769 0.2153846 0.6230769 0.7538462 0.8692308 0.7692308 0.5153846
0.2877698 0.5539568 0.6115108 0.7553957 0.8776978 0.6258993 0.6906475
0.1076923 0.1076923 0.1076923 0.1076923 0.1076923 0.1076923 0.1076923
0.1417910 0.1417910 0.1791045 0.2164179 0.1268657 0.1119403 0.1119403
0.1278195 0.1428571 0.2030075 0.1353383 0.1278195 0.1278195 0.1278195
0.1007194 0.1007194 0.1223022 0.1438849 0.1007194 0.1294964 0.1007194
0.09774436 0.2631579 0.6015038 0.631579 0.6015038 0.6015038 0.4962406
0.2537313 0.2910448 0.619403 0.7686567 0.858209 0.9179104 0.6343284
0.1205674 0.1205674 0.1631206 0.1276596 0.1205674 0.1205674 0.1205674
0.1278195 0.2330827 0.3759398 0.4285714 0.443609 0.4210526 0.3909774
0.1159420 0.1159420 0.1231884 0.1159420 0.1159420 0.1159420 0.1304348
0.1203008 0.3984962 0.5639098 0.593985 0.5714286 0.556391 0.518797
0.09774436 0.09774436 0.1203008 0.1428571 0.09774436 0.09774436 0.09774436
0.1007194 0.1007194 0.1438849 0.1654676 0.1007194 0.1007194 0.1007194
0.1203008 0.3834586 0.5413534 0.5714286 0.5413534 0.5413534 0.4887218
0.1052632 0.1052632 0.1052632 0.1052632 0.1052632 0.1052632 0.1052632
0.09774436 0.09774436 0.09774436 0.09774436 0.09774436 0.09774436 0.09774436
0.1438849 0.1510791 0.1870504 0.2517986 0.1366906 0.1366906 0.1223022
0.1119403 0.1119403 0.1194030 0.1194030 0.1119403 0.1119403 0.1119403
0.1076923 0.1076923 0.1615385 0.1615385 0.1384615 0.1076923 0.1076923
0.09774436 0.2857143 0.6090226 0.6015038 0.6015038 0.6015038 0.5338346
0.1007194 0.1007194 0.1151079 0.1366906 0.1007194 0.1007194 0.1007194
0.09774436 0.1052632 0.1654135 0.2180451 0.1278195 0.1203008 0.09774436
0.2230216 0.5179856 0.6402878 0.6330935 0.6978417 0.6115108 0.6402878
0.09774436 0.09774436 0.09774436 0.09774436 0.09774436 0.09774436 0.09774436
0.5217391 0.4710145 0.673913 0.7608696 0.7753623 0.8695652 0.8768116
0.1843972 0.2624113 0.4042553 0.2553191 0.1631206 0.1489362 0.1205674
0.1076923 0.1076923 0.1846154 0.1615385 0.1384615 0.1076923 0.1153846
0.3597122 0.6043165 0.6906475 0.7122302 0.7482014 0.676259 0.676259
0.2076923 0.2076923 0.6230769 0.7384615 0.8692308 0.7384615 0.5153846
0.3880597 0.3059701 0.619403 0.7686567 0.738806 0.6567164 0.5970149
