0.018 0.02 0.012 0.018 0.008 0.022 0.008 0.006 0.012 0.002 0.002
0.196 0.244 0.164 0.194 0.228 0.222 0.218 0.212 0.158 0.158 0.134
0.03 0.036 0.022 0.028 0.012 0.016 0.008 0.01 0.004 0 0
0.004 0.01 0.018 0.004 0.004 0 0 0 0.002 0 0.002
0.382 0.344 0.304 0.282 0.274 0.276 0.268 0.244 0.23 0.26 0.212
0.006 0.002 0.008 0.004 0.004 0 0 0 0 0 0
0.068 0.082 0.062 0.052 0.044 0.058 0.04 0.02 0.02 0.008 0.014
0.154 0.212 0.162 0.18 0.262 0.222 0.254 0.25 0.254 0.308 0.288
0.084 0.082 0.044 0.032 0.02 0.008 0.006 0.002 0 0 0
0.068 0.07 0.064 0.044 0.044 0.016 0.014 0.008 0.002 0 0.004
0.428 0.406 0.33 0.248 0.198 0.186 0.166 0.132 0.13 0.128 0.112
0.058 0.044 0.046 0.038 0.02 0.016 0.016 0.014 0.012 0.004 0.014
0.074 0.046 0.048 0.034 0.02 0.002 0.006 0.016 0.008 0.012 0.018
0.076 0.074 0.092 0.1 0.1 0.06 0.084 0.064 0.054 0.054 0.034
0.1 0.116 0.056 0.09 0.072 0.092 0.086 0.086 0.094 0.106 0.094
0.192 0.168 0.156 0.178 0.17 0.16 0.15 0.184 0.11 0.142 0.102
0.276 0.246 0.27 0.254 0.276 0.274 0.282 0.266 0.252 0.258 0.25
0.032 0.022 0.01 0.01 0.006 0.002 0.002 0 0 0 0
0.032 0.03 0.026 0.028 0.056 0.044 0.042 0.03 0.044 0.052 0.054
0.114 0.072 0.092 0.082 0.08 0.068 0.07 0.038 0.052 0.056 0.036
0.344 0.312 0.324 0.334 0.284 0.282 0.234 0.228 0.212 0.224 0.188
0.116 0.064 0.106 0.098 0.1 0.092 0.108 0.116 0.126 0.15 0.154
0.048 0.028 0.018 0.036 0.016 0.016 0.016 0 0.002 0.002 0.002
0.188 0.172 0.16 0.162 0.148 0.118 0.11 0.092 0.084 0.086 0.062
0.152 0.154 0.18 0.248 0.312 0.37 0.392 0.416 0.416 0.406 0.476
0.206 0.236 0.234 0.224 0.182 0.126 0.112 0.072 0.058 0.054 0.058
0.124 0.102 0.092 0.134 0.158 0.2 0.284 0.378 0.502 0.582 0.574
0.202 0.218 0.232 0.168 0.154 0.154 0.126 0.084 0.096 0.082 0.088
0.396 0.384 0.382 0.396 0.376 0.372 0.344 0.282 0.246 0.216 0.198
0.166 0.126 0.108 0.096 0.116 0.15 0.178 0.222 0.288 0.306 0.328
0.252 0.284 0.364 0.414 0.478 0.482 0.47 0.44 0.486 0.474 0.438
0.034 0.082 0.138 0.13 0.168 0.178 0.262 0.29 0.346 0.374 0.422
0.116 0.118 0.094 0.082 0.104 0.096 0.07 0.064 0.06 0.066 0.074
0.166 0.158 0.156 0.11 0.126 0.098 0.094 0.086 0.066 0.064 0.084
0.214 0.152 0.132 0.074 0.038 0.02 0.014 0.004 0.002 0.002 0
0.136 0.168 0.25 0.286 0.286 0.326 0.38 0.428 0.462 0.474 0.484
0.11 0.122 0.102 0.172 0.166 0.124 0.194 0.16 0.132 0.118 0.15
0.326 0.332 0.336 0.326 0.318 0.32 0.322 0.364 0.36 0.358 0.386
0.104 0.134 0.088 0.108 0.094 0.106 0.068 0.066 0.048 0.036 0.028
0.01 0.01 0.008 0.006 0.002 0.002 0.008 0 0 0.002 0
0.226 0.214 0.2 0.184 0.21 0.192 0.226 0.242 0.292 0.298 0.314
0.044 0.048 0.054 0.06 0.076 0.1 0.144 0.16 0.176 0.158 0.168
0.206 0.196 0.136 0.08 0.066 0.036 0.036 0.016 0.006 0.002 0
0.028 0.062 0.064 0.072 0.08 0.084 0.072 0.056 0.058 0.064 0.052
0.25 0.244 0.23 0.196 0.236 0.236 0.208 0.22 0.264 0.228 0.248
0.058 0.05 0.058 0.03 0.024 0.006 0.01 0.006 0.006 0.002 0
0.044 0.054 0.062 0.036 0.046 0.03 0.014 0.008 0.004 0 0
0.168 0.174 0.202 0.162 0.174 0.174 0.186 0.182 0.16 0.192 0.19
0.028 0.036 0.02 0.012 0.01 0.002 0 0 0 0 0
0.02 0.02 0.03 0.004 0.002 0.002 0.002 0.004 0.002 0.002 0
0.07 0.084 0.076 0.074 0.066 0.07 0.07 0.066 0.074 0.07 0.084
0.088 0.078 0.07 0.054 0.03 0.014 0.012 0.006 0.006 0.002 0
0.01 0.008 0.006 0.008 0.014 0.008 0.004 0.006 0.004 0 0.002
0.172 0.2 0.194 0.19 0.184 0.136 0.118 0.134 0.106 0.138 0.11
0.128 0.128 0.148 0.178 0.232 0.262 0.254 0.266 0.29 0.284 0.308
0.204 0.212 0.214 0.158 0.164 0.174 0.172 0.218 0.234 0.238 0.278
0.11 0.104 0.096 0.128 0.136 0.13 0.126 0.132 0.146 0.164 0.144
0.284 0.304 0.32 0.33 0.382 0.324 0.314 0.296 0.26 0.244 0.216
0.16 0.202 0.188 0.192 0.234 0.242 0.23 0.25 0.23 0.3 0.266
0.006 0.006 0 0.004 0 0 0 0 0 0 0
0.042 0.052 0.038 0.016 0.016 0.006 0.008 0.014 0.008 0 0.004
0.13 0.164 0.158 0.132 0.2 0.156 0.2 0.154 0.156 0.154 0.118
0.016 0.022 0.012 0.002 0.004 0.002 0.002 0 0 0 0
0.316 0.352 0.364 0.356 0.378 0.314 0.276 0.276 0.184 0.138 0.156
0.006 0.004 0.002 0.002 0 0 0 0 0 0 0
0.026 0.058 0.06 0.06 0.066 0.09 0.14 0.198 0.23 0.268 0.284
0.114 0.106 0.094 0.086 0.078 0.064 0.056 0.074 0.046 0.026 0.062
0.188 0.208 0.216 0.214 0.184 0.206 0.184 0.162 0.12 0.154 0.142
0.126 0.16 0.198 0.158 0.156 0.202 0.172 0.184 0.244 0.252 0.23
0.028 0.014 0.014 0.006 0.004 0.014 0.006 0.006 0.006 0.006 0.006
0.272 0.252 0.296 0.284 0.258 0.282 0.25 0.188 0.202 0.176 0.134
0.33 0.312 0.262 0.218 0.236 0.232 0.204 0.202 0.162 0.136 0.17
0.008 0 0.008 0.002 0.002 0.002 0 0 0.002 0 0
0.032 0.028 0.03 0.032 0.036 0.014 0.014 0.02 0.024 0.024 0.03
0.052 0.058 0.038 0.026 0.024 0.016 0.006 0 0 0 0
0.078 0.084 0.054 0.042 0.04 0.02 0.012 0.008 0.006 0 0
0.142 0.114 0.056 0.044 0.04 0.014 0.006 0.006 0.002 0 0.002
0.228 0.212 0.17 0.154 0.118 0.124 0.06 0.09 0.048 0.032 0.018
0.162 0.136 0.126 0.108 0.14 0.074 0.058 0.068 0.032 0.022 0.024
0.13 0.116 0.114 0.13 0.096 0.134 0.082 0.104 0.086 0.08 0.12
0.016 0.018 0.014 0.006 0.002 0.01 0.004 0.008 0.008 0.008 0.022
0.138 0.176 0.236 0.214 0.218 0.19 0.256 0.268 0.234 0.24 0.23
0.098 0.076 0.056 0.026 0.018 0.016 0.01 0.002 0 0 0
0.016 0.012 0.016 0.006 0.012 0 0.006 0 0 0 0
0.51 0.47 0.486 0.468 0.478 0.452 0.474 0.478 0.466 0.478 0.468
0.228 0.232 0.26 0.29 0.262 0.194 0.262 0.2 0.162 0.138 0.172
0.15 0.102 0.062 0.06 0.034 0.02 0.016 0.006 0.008 0.006 0.002
0.21 0.222 0.238 0.252 0.25 0.242 0.278 0.318 0.314 0.306 0.308
0.02 0.02 0.034 0.02 0.01 0.008 0.004 0 0 0.002 0
0.144 0.102 0.078 0.068 0.054 0.038 0.02 0.022 0.01 0.008 0.008
0.106 0.096 0.088 0.106 0.114 0.078 0.102 0.084 0.096 0.094 0.096
0.342 0.338 0.386 0.364 0.354 0.348 0.304 0.254 0.214 0.208 0.178
0.042 0.04 0.02 0.02 0.008 0.012 0.004 0.002 0.002 0 0
0.114 0.108 0.07 0.056 0.038 0.01 0.016 0.01 0.006 0.002 0.002
0.128 0.108 0.086 0.074 0.058 0.044 0.022 0.022 0.02 0.02 0.018
0.326 0.316 0.398 0.354 0.344 0.384 0.324 0.3 0.296 0.332 0.352
0.2 0.24 0.278 0.234 0.268 0.218 0.2 0.162 0.104 0.092 0.088
0.024 0.024 0.02 0.008 0.01 0.006 0.002 0 0 0 0
0.154 0.104 0.098 0.096 0.06 0.084 0.086 0.078 0.092 0.066 0.064
0.336 0.36 0.376 0.338 0.392 0.364 0.356 0.376 0.37 0.38 0.388
0.206 0.186 0.188 0.188 0.144 0.14 0.112 0.092 0.092 0.074 0.058
0.112 0.116 0.108 0.116 0.154 0.124 0.134 0.098 0.112 0.092 0.098
0.158 0.13 0.138 0.114 0.152 0.122 0.12 0.09 0.118 0.104 0.11
0.028 0.024 0.022 0.008 0.008 0.02 0.016 0.008 0.01 0.008 0
0.052 0.058 0.07 0.068 0.094 0.074 0.108 0.128 0.118 0.136 0.144
0.016 0.016 0.01 0.002 0.002 0 0 0.002 0.002 0 0
0.202 0.172 0.15 0.158 0.142 0.128 0.136 0.108 0.09 0.084 0.082
0.002 0 0 0 0 0 0 0 0 0 0
0.006 0.006 0.002 0.002 0 0.002 0 0 0 0 0
0.03 0.004 0.018 0.008 0.01 0.006 0.002 0.002 0 0 0
0.534 0.522 0.476 0.482 0.422 0.392 0.33 0.318 0.316 0.272 0.232
0.11 0.11 0.114 0.13 0.116 0.114 0.14 0.162 0.182 0.202 0.258
0.254 0.254 0.192 0.174 0.144 0.16 0.112 0.1 0.12 0.09 0.088
0 0.008 0.004 0.004 0.004 0.002 0 0.002 0 0.004 0
0.116 0.144 0.118 0.162 0.174 0.16 0.192 0.202 0.23 0.252 0.266
0.092 0.1 0.086 0.064 0.062 0.072 0.046 0.06 0.068 0.064 0.058
0.184 0.134 0.124 0.114 0.114 0.142 0.114 0.106 0.074 0.084 0.05
0.094 0.104 0.112 0.048 0.042 0.04 0.012 0.014 0.012 0.008 0.006
0.328 0.35 0.252 0.228 0.19 0.18 0.102 0.114 0.088 0.08 0.086
0.184 0.184 0.172 0.218 0.228 0.238 0.24 0.242 0.234 0.2 0.202
0.092 0.07 0.084 0.082 0.088 0.088 0.092 0.112 0.134 0.154 0.126
0.314 0.32 0.244 0.282 0.272 0.262 0.302 0.28 0.282 0.262 0.318
0.044 0.036 0.052 0.074 0.068 0.044 0.046 0.058 0.036 0.034 0.042
0.376 0.428 0.416 0.41 0.452 0.436 0.428 0.384 0.4 0.446 0.432
0.024 0.036 0.028 0.034 0.018 0.014 0.006 0.002 0.006 0.002 0.004
0.04 0.068 0.068 0.074 0.07 0.074 0.068 0.058 0.054 0.076 0.088
0.014 0.028 0.024 0.024 0.038 0.024 0.032 0.022 0.018 0.01 0.01
0.23 0.2 0.248 0.234 0.256 0.31 0.34 0.372 0.416 0.444 0.466
0.028 0.024 0.016 0.01 0.01 0.006 0.004 0.002 0.002 0 0
0.042 0.066 0.07 0.062 0.058 0.068 0.062 0.048 0.032 0.03 0.024
0.026 0.066 0.096 0.108 0.162 0.158 0.236 0.274 0.334 0.392 0.396
0.016 0.012 0.01 0.006 0.002 0.002 0 0 0 0.002 0
0.244 0.278 0.334 0.382 0.388 0.438 0.514 0.524 0.56 0.618 0.586
0.1 0.058 0.024 0.022 0.004 0.006 0.002 0 0 0 0
0.03 0.042 0.04 0.014 0.006 0 0.002 0.002 0.002 0 0
0.06 0.058 0.026 0.02 0.014 0.01 0.006 0.002 0.002 0 0
