0.4295775 0.471831 0.4154930 0.4507042 0.3098592 0.2535211 0.2183099 0.09859155 0.1197183 0.1478873 0.1338028
0.9015152 0.8484848 0.9469697 0.8333333 0.7348485 0.7045455 0.7348485 0.6666667 0.6969697 0.7348485 0.6818182
0.2910448 0.2537313 0.2611940 0.2686567 0.2611940 0.2910448 0.3208955 0.3208955 0.3283582 0.3731343 0.3358209
0.7537313 0.7686567 0.6567164 0.738806 0.6716418 0.7462687 0.6940299 0.641791 0.619403 0.6268657 0.6119403
0.9323308 0.924812 0.9473684 0.9548872 0.8947368 0.924812 0.7969925 0.7744361 0.6992481 0.7293233 0.7443609
0.05147059 0.05882353 0.09558824 0.125 0.1029412 0.1617647 0.1764706 0.2352941 0.1838235 0.2573529 0.2426471
0.976923 0.9846154 0.9692308 0.9461538 0.8923077 0.9 0.8307692 0.823077 0.7384615 0.7230769 0.7230769
0.6616541 0.7293233 0.631579 0.7293233 0.7218045 0.7518797 0.6766917 0.7744361 0.6992481 0.7293233 0.7443609
0.632353 0.5955882 0.5514706 0.6911765 0.6102941 0.6838235 0.632353 0.617647 0.6470588 0.625 0.6102941
0.3384615 0.3538462 0.2615385 0.3307692 0.2846154 0.3 0.2692308 0.2769231 0.2461538 0.2846154 0.2153846
0.7669173 0.8045113 0.887218 0.7443609 0.849624 0.8421053 0.7969925 0.7744361 0.6992481 0.7293233 0.7443609
0.6165414 0.6616541 0.6691729 0.7067669 0.7218045 0.6917293 0.7969925 0.7142857 0.6992481 0.7293233 0.7443609
0.01428571 0.03571429 0.1357143 0.1571429 0.2357143 0.3214286 0.3357143 0.4071429 0.35 0.3857143 0.3357143
0.7132353 0.8382353 0.7794118 0.8161765 0.8088235 0.8088235 0.6544118 0.6617647 0.7205882 0.6617647 0.6470588
0.776923 0.7230769 0.7538462 0.8 0.776923 0.7307692 0.7307692 0.7153846 0.6692308 0.6307692 0.6461538
0.6985294 0.5367647 0.5441176 0.4705882 0.5367647 0.5294118 0.4338235 0.5147059 0.4779412 0.5735294 0.5220588
0.4285714 0.406015 0.481203 0.443609 0.4511278 0.4586466 0.4360902 0.406015 0.3834586 0.3684211 0.3609023
0.3384615 0.3846154 0.3615385 0.4384615 0.3923077 0.4461538 0.4769231 0.4 0.4384615 0.4692308 0.4153846
0.1363636 0.1439394 0.1136364 0.1212121 0.09848485 0.07575758 0.1136364 0.1515152 0.1742424 0.1136364 0.1439394
0.7651515 0.8484848 0.8484848 0.780303 0.8257576 0.8712121 0.7348485 0.7651515 0.780303 0.7348485 0.6818182
0.584507 0.528169 0.6267606 0.556338 0.5492958 0.5633803 0.5070423 0.5 0.4366197 0.4084507 0.3873239
0.5514706 0.5294118 0.6764706 0.6470588 0.6029412 0.6397059 0.5367647 0.5 0.4852941 0.4779412 0.5294118
0.4264706 0.4191176 0.3382353 0.3455882 0.3455882 0.3455882 0.2720588 0.25 0.2941176 0.25 0.2867647
0.8 0.7538462 0.7846154 0.7461538 0.823077 0.7923077 0.7846154 0.823077 0.7384615 0.7230769 0.6692308
0.3257576 0.2954545 0.3409091 0.3863636 0.4242424 0.3636364 0.4621212 0.4015152 0.4848485 0.4772727 0.530303
0.4705882 0.4632353 0.3455882 0.3161765 0.3014706 0.2647059 0.1397059 0.1397059 0.1470588 0.1617647 0.1323529
0.3484848 0.3333333 0.3409091 0.3333333 0.469697 0.4848485 0.4924242 0.5909091 0.5606061 0.6439394 0.6515152
0.6197183 0.5704225 0.528169 0.5 0.3943662 0.2464789 0.1408451 0.03521127 0.01408451 0.007042254 0.007042254
0.2867647 0.25 0.2426471 0.3161765 0.3088235 0.4044118 0.4191176 0.4558824 0.4779412 0.4338235 0.4558824
0.01428571 0.01428571 0.04285714 0.03571429 0.04285714 0.05714286 0.06428571 0.1 0.1357143 0.15 0.1571429
0.4104478 0.4179104 0.5223881 0.5074627 0.5373134 0.5223881 0.5074627 0.5223881 0.5447761 0.4925373 0.5149254
0.7394366 0.8098592 0.8239437 0.7464789 0.7676056 0.7323944 0.7253521 0.7816901 0.7183099 0.6619718 0.6901408
0.08208955 0.05223881 0.02985075 0.01492537 0 0.007462687 0.007462687 0.007462687 0 0.007462687 0.01492537
0.375 0.3308824 0.2941176 0.2058824 0.1911765 0.1544118 0.07352941 0.05882353 0.02941176 0.03676471 0.02205882
0.5789474 0.481203 0.5037594 0.4962406 0.5037594 0.4661654 0.5338346 0.518797 0.5037594 0.5112782 0.4285714
0.2462687 0.2313433 0.2910448 0.3432836 0.3731343 0.3880597 0.3731343 0.4328358 0.4029851 0.3955224 0.4253731
0.4253731 0.4701493 0.5447761 0.5895522 0.5895522 0.6791045 0.641791 0.7835821 0.6492537 0.7089552 0.6791045
0.3602941 0.2647059 0.1985294 0.1617647 0.1323529 0.1397059 0.1176471 0.0882353 0.1102941 0.08088235 0.09558824
0.1857143 0.1428571 0.1142857 0.15 0.1214286 0.1142857 0.1357143 0.1142857 0.1857143 0.1428571 0.1571429
0.1615385 0.2230769 0.2307692 0.2461538 0.2461538 0.2769231 0.2615385 0.2615385 0.3 0.3 0.2846154
0.619403 0.6044776 0.5223881 0.4925373 0.5298507 0.5149254 0.5298507 0.5373134 0.5373134 0.5671642 0.5746269
0.9558824 0.9411765 0.9191176 0.8161765 0.8382353 0.8970588 0.8235294 0.8308824 0.7132353 0.6838235 0.6691176
0.2535211 0.2464789 0.1971831 0.2394366 0.2676056 0.2746479 0.1971831 0.2535211 0.1478873 0.1830986 0.1619718
0.689394 0.5909091 0.5 0.5454545 0.4621212 0.4090909 0.3787879 0.2424242 0.2196970 0.1893939 0.1439394
0.1691176 0.1838235 0.2867647 0.4926471 0.4926471 0.5955882 0.6102941 0.6617647 0.7205882 0.7279412 0.6985294
0.6692308 0.7307692 0.7076923 0.7153846 0.6692308 0.5692308 0.5538462 0.5076923 0.4615385 0.4692308 0.4615385
0.25 0.1742424 0.2954545 0.25 0.2348485 0.1969697 0.1060606 0.09848485 0.1136364 0.1060606 0.08333333
0.5 0.5681818 0.4848485 0.5454545 0.5151515 0.5378788 0.5606061 0.5530303 0.5606061 0.530303 0.5378788
0.5769231 0.5307692 0.6153846 0.6615385 0.6692308 0.6461538 0.7307692 0.7153846 0.7384615 0.7230769 0.7230769
0.923077 0.9846154 0.876923 0.9461538 0.8384615 0.9 0.8307692 0.823077 0.7384615 0.7230769 0.7230769
0.7593985 0.7443609 0.6691729 0.6165414 0.6015038 0.593985 0.556391 0.5864662 0.5112782 0.5112782 0.556391
0.2706767 0.2406015 0.3007519 0.2556391 0.2857143 0.2781955 0.2406015 0.2631579 0.2406015 0.2406015 0.2180451
0.882353 0.867647 0.875 0.9044118 0.882353 0.8970588 0.8235294 0.8308824 0.7132353 0.6838235 0.6691176
0.8732394 0.9577465 0.943662 0.915493 0.8802817 0.8380282 0.8169014 0.7816901 0.7464789 0.7042254 0.6901408
0.7214286 0.7214286 0.6428571 0.5571429 0.5571429 0.5857143 0.5 0.5428571 0.4714286 0.5357143 0.4785714
0.4626866 0.4850746 0.4626866 0.5671642 0.5522388 0.5895522 0.5671642 0.641791 0.619403 0.6268657 0.6119403
0.8880597 0.8283582 0.7835821 0.7686567 0.7985075 0.7835821 0.6567164 0.6567164 0.5895522 0.6044776 0.6268657
0.1076923 0.1538462 0.1692308 0.1307692 0.1692308 0.2384615 0.2384615 0.2538462 0.2461538 0.3230769 0.2769231
0.2611940 0.2313433 0.1865672 0.1492537 0.1119403 0.1343284 0.1119403 0.06716418 0.05970149 0.07462687 0.08955224
0.1470588 0.1911765 0.1764706 0.2794118 0.2573529 0.2647059 0.2205882 0.2352941 0.1838235 0.1176471 0.1102941
0.5461538 0.5230769 0.4230769 0.4846154 0.3923077 0.4384615 0.4538462 0.3615385 0.3769231 0.3692308 0.3307692
0.3602941 0.4044118 0.3455882 0.3161765 0.3455882 0.3529412 0.3382353 0.3235294 0.3382353 0.3529412 0.3897059
0.1716418 0.2089552 0.2537313 0.1865672 0.1791045 0.1865672 0.1716418 0.1716418 0.1791045 0.1940299 0.1865672
0.976923 0.9846154 0.9692308 0.9461538 0.8923077 0.9 0.8307692 0.823077 0.7384615 0.7230769 0.7230769
0.7462687 0.7910448 0.7761194 0.7686567 0.7313433 0.7835821 0.8134328 0.7835821 0.7014925 0.7089552 0.6791045
0.08208955 0.1119403 0.08955224 0.07462687 0.04477612 0.02985075 0.05970149 0.05970149 0.09701493 0.1044776 0.07462687
0.7744361 0.7669173 0.849624 0.8421053 0.8571429 0.924812 0.7969925 0.7744361 0.6992481 0.7293233 0.7443609
0.09859155 0.06338028 0.09859155 0.05633803 0.1056338 0.1830986 0.2183099 0.3239437 0.3450704 0.4084507 0.3732394
0.9253731 0.9328358 0.9328358 0.858209 0.8507463 0.7462687 0.6940299 0.641791 0.619403 0.6268657 0.6119403
0.7313433 0.6716418 0.6343284 0.5149254 0.5 0.4626866 0.4402985 0.2761194 0.2313433 0.1791045 0.1791045
0.4295775 0.443662 0.4929577 0.5492958 0.4788732 0.5492958 0.5774648 0.5211268 0.5 0.5070423 0.5352113
0.3233083 0.2406015 0.2857143 0.2556391 0.2481203 0.1804511 0.2180451 0.2781955 0.3233083 0.3233083 0.2706767
0.2910448 0.2462687 0.2238806 0.2686567 0.2835821 0.2686567 0.2313433 0.1865672 0.1641791 0.1194030 0.1343284
0.8307692 0.7923077 0.8153846 0.776923 0.776923 0.7384615 0.7307692 0.7153846 0.6769231 0.7230769 0.6692308
0.1268657 0.1268657 0.1567164 0.1492537 0.1716418 0.1492537 0.1791045 0.2238806 0.2014925 0.2611940 0.2388060
0.09701493 0.1268657 0.1716418 0.1119403 0.1940299 0.2238806 0.3134328 0.2835821 0.3283582 0.3432836 0.4029851
0.923077 0.976923 0.9461538 0.8923077 0.8923077 0.9 0.8307692 0.823077 0.7384615 0.7230769 0.7230769
0.6838235 0.7058824 0.6838235 0.617647 0.5661765 0.5808824 0.5955882 0.5955882 0.5514706 0.5073529 0.5294118
0.5615385 0.6461538 0.7384615 0.7692308 0.8384615 0.7923077 0.7846154 0.823077 0.7384615 0.7230769 0.7230769
0.4179104 0.4925373 0.5223881 0.5746269 0.5746269 0.6567164 0.6268657 0.7835821 0.7014925 0.7089552 0.6791045
0.3615385 0.3615385 0.5153846 0.5615385 0.6230769 0.6923077 0.7307692 0.7076923 0.7384615 0.7230769 0.7230769
0.04929577 0.07746479 0.04929577 0.1056338 0.1408451 0.2816901 0.3239437 0.3943662 0.4788732 0.5140845 0.5140845
0.1617647 0.2279412 0.2205882 0.1985294 0.2794118 0.3308824 0.3382353 0.4117647 0.4338235 0.4779412 0.5294118
0.3106061 0.530303 0.6515152 0.5909091 0.7348485 0.7651515 0.7348485 0.7651515 0.780303 0.7348485 0.6818182
0.3384615 0.3307692 0.3615385 0.4307692 0.4 0.4230769 0.4384615 0.4384615 0.4461538 0.4769231 0.4461538
0.719697 0.7727273 0.7424242 0.75 0.6818182 0.7651515 0.689394 0.6136364 0.5606061 0.6060606 0.6287879
0.3571429 0.2928571 0.1928571 0.1857143 0.1785714 0.1142857 0.1285714 0.1142857 0.1642857 0.1714286 0.1571429
0.6567164 0.6567164 0.6567164 0.6865672 0.738806 0.7462687 0.6940299 0.641791 0.619403 0.6268657 0.6119403
0.902985 0.8283582 0.761194 0.7686567 0.8358209 0.7835821 0.7164179 0.7835821 0.7014925 0.7089552 0.6791045
0 0.007462687 0.007462687 0 0 0.007462687 0.007462687 0.007462687 0.007462687 0.01492537 0.02238806
0.1363636 0.1590909 0.1212121 0.1287879 0.0909091 0.1363636 0.1287879 0.1287879 0.25 0.2045455 0.2272727
0.6363636 0.4772727 0.5075758 0.5 0.4621212 0.4621212 0.5 0.4848485 0.4318182 0.469697 0.4166667
0.1769231 0.1846154 0.2076923 0.1846154 0.1923077 0.1538462 0.1923077 0.1923077 0.1846154 0.1846154 0.1692308
0.9366197 0.8028169 0.7746479 0.7535211 0.6408451 0.7464789 0.7323944 0.6901408 0.6619718 0.6267606 0.6901408
0.9558824 0.9411765 0.9191176 0.9044118 0.882353 0.8970588 0.8235294 0.8308824 0.7132353 0.6838235 0.6691176
0.4923077 0.5769231 0.5461538 0.5692308 0.7230769 0.6461538 0.7307692 0.7153846 0.7384615 0.7230769 0.7230769
0.1716418 0.08955224 0.05223881 0.01492537 0.02985075 0.007462687 0.02985075 0.03731343 0.02985075 0.05970149 0.04477612
0.4785714 0.4142857 0.5428571 0.3071429 0.4285714 0.4071429 0.4 0.3928571 0.4357143 0.3857143 0.4071429
0.8602941 0.867647 0.8897059 0.9411765 0.8602941 0.875 0.875 0.7205882 0.7205882 0.7279412 0.6985294
0.05882353 0.08088235 0.07352941 0.02941176 0.02941176 0.125 0.08088235 0.1323529 0.1911765 0.25 0.2720588
0.7669173 0.7518797 0.7593985 0.7969925 0.849624 0.7669173 0.7969925 0.7744361 0.6992481 0.7293233 0.7443609
0.5 0.528169 0.4929577 0.556338 0.528169 0.5211268 0.4366197 0.443662 0.3873239 0.3521127 0.3309859
0.6478873 0.556338 0.6830986 0.6549296 0.6197183 0.6760563 0.6619718 0.5915493 0.6478873 0.6267606 0.6901408
0.1343284 0.1044776 0.08208955 0.05970149 0.08208955 0.06716418 0.07462687 0.08208955 0.07462687 0.08955224 0.09701493
0.7142857 0.7067669 0.7969925 0.7293233 0.7142857 0.7744361 0.7368421 0.7142857 0.6992481 0.7293233 0.7443609
0.05970149 0.04477612 0.07462687 0.01492537 0.05223881 0.1343284 0.1716418 0.2164179 0.2611940 0.2761194 0.2985075
0.849624 0.7969925 0.9097744 0.8421053 0.8571429 0.924812 0.7969925 0.7744361 0.6992481 0.7293233 0.7443609
0.5074627 0.4477612 0.4552239 0.5373134 0.5074627 0.4701493 0.5 0.5223881 0.5074627 0.5373134 0.5149254
0.08208955 0.04477612 0.05223881 0.01492537 0.03731343 0.03731343 0.03731343 0.04477612 0.007462687 0.04477612 0.02238806
0.617647 0.5955882 0.5514706 0.5882353 0.5808824 0.5588235 0.5 0.4485294 0.4632353 0.4852941 0.4411765
0.6071429 0.5285714 0.5357143 0.4071429 0.3071429 0.3785714 0.3214286 0.3214286 0.3214286 0.2714286 0.2642857
0.3088235 0.3014706 0.2794118 0.3455882 0.3455882 0.4191176 0.4779412 0.4485294 0.4264706 0.4338235 0.4411765
0.4507042 0.3239437 0.4154930 0.4014085 0.4225352 0.4084507 0.4225352 0.3943662 0.3661972 0.4295775 0.4225352
0.0882353 0.1102941 0.1102941 0.1176471 0.125 0.1323529 0.0882353 0.1985294 0.2058824 0.3161765 0.3014706
0.3233083 0.2255639 0.3458647 0.3308271 0.3383459 0.3308271 0.3383459 0.3533835 0.3233083 0.3383459 0.3609023
0.8134328 0.9328358 0.8880597 0.7985075 0.8507463 0.7462687 0.6940299 0.5522388 0.5522388 0.5671642 0.5746269
0.5227273 0.5681818 0.6515152 0.6666667 0.6363636 0.7045455 0.689394 0.7651515 0.780303 0.7348485 0.6818182
0.8308824 0.8161765 0.8529412 0.8161765 0.8161765 0.875 0.875 0.7205882 0.7205882 0.7279412 0.6985294
0.1052632 0.05263158 0.1127820 0.1804511 0.2406015 0.1954887 0.3383459 0.3007519 0.3609023 0.3834586 0.3533835
0.9647887 0.9577465 0.943662 0.915493 0.8802817 0.8380282 0.8169014 0.7816901 0.7464789 0.7042254 0.6901408
0.6714286 0.8571429 0.8 0.9142857 0.8785714 0.8357143 0.7571429 0.7357143 0.6857143 0.6571429 0.6214286
0.887218 0.887218 0.9097744 0.8947368 0.8947368 0.8421053 0.7969925 0.7744361 0.6992481 0.7293233 0.7443609
0.01515152 0.02272727 0.0530303 0.0530303 0.07575758 0.06060606 0.06818182 0.09848485 0.08333333 0.1136364 0.1212121
0.2384615 0.2230769 0.2384615 0.2461538 0.2615385 0.2615385 0.2692308 0.2307692 0.2153846 0.1615385 0.1769231
0.2556391 0.2631579 0.3233083 0.3308271 0.3533835 0.4661654 0.443609 0.4360902 0.3609023 0.406015 0.406015
0.7651515 0.7727273 0.8484848 0.8636364 0.8409091 0.8712121 0.7424242 0.7651515 0.780303 0.7348485 0.6818182
0.9084507 0.943662 0.9366197 0.9647887 0.8943662 0.8661972 0.8661972 0.7816901 0.7183099 0.6619718 0.6901408
0.2 0.2 0.2071429 0.1857143 0.1071429 0.07857143 0.09285714 0.07857143 0.07857143 0.06428571 0.05
0.6343284 0.5447761 0.4776119 0.5149254 0.5597015 0.4925373 0.5373134 0.5223881 0.4925373 0.5373134 0.5
0.3235294 0.4191176 0.4044118 0.4044118 0.375 0.3455882 0.3823529 0.3382353 0.375 0.2720588 0.2941176
0.689394 0.6818182 0.7121212 0.7575758 0.8257576 0.7651515 0.7348485 0.7651515 0.780303 0.7348485 0.6818182
0.0923077 0.1538462 0.1384615 0.1923077 0.2153846 0.1769231 0.3307692 0.3538462 0.3615385 0.3769231 0.3846154
0.1911765 0.1764706 0.1985294 0.0882353 0.08088235 0.125 0.08088235 0.06617647 0.0882353 0.08088235 0.09558824
0.5441176 0.5294118 0.4705882 0.4338235 0.3382353 0.3970588 0.4558824 0.3382353 0.2941176 0.3161765 0.3161765
0.5970149 0.6492537 0.5746269 0.6940299 0.5746269 0.7462687 0.6940299 0.641791 0.619403 0.6268657 0.6119403
0.1515152 0.1136364 0.09848485 0.1742424 0.1590909 0.1666667 0.1212121 0.2348485 0.1666667 0.1893939 0.1742424
0.1838235 0.1323529 0.09558824 0.05147059 0.02941176 0.02205882 0.02941176 0.01470588 0.03676471 0.02941176 0.04411765
0.7651515 0.7045455 0.6666667 0.5757576 0.6060606 0.5378788 0.5606061 0.5909091 0.5909091 0.5681818 0.5833333
0.01428571 0.007142857 0.01428571 0.007142857 0.02857143 0.05714286 0.02142857 0.06428571 0.05714286 0.06428571 0.07857143
0.7746479 0.9014085 0.8661972 0.8309859 0.8098592 0.6760563 0.6619718 0.6478873 0.6619718 0.7042254 0.6901408
0.07042254 0.07042254 0.09859155 0.1760563 0.1760563 0.2253521 0.3098592 0.3239437 0.2957746 0.3098592 0.3169014
0.6940299 0.5970149 0.6716418 0.5373134 0.5746269 0.5522388 0.5373134 0.5373134 0.5223881 0.4701493 0.5
0.7368421 0.7142857 0.7593985 0.6917293 0.6090226 0.6466165 0.6015038 0.5864662 0.6015038 0.5714286 0.5714286
0.902985 0.8432836 0.8283582 0.9104478 0.8358209 0.8656716 0.8134328 0.7835821 0.7014925 0.7089552 0.6791045
0.125 0.1764706 0.1544118 0.1691176 0.1323529 0.07352941 0.0882353 0.07352941 0.08088235 0.05882353 0.06617647
0.867647 0.9117647 0.8602941 0.8970588 0.8602941 0.875 0.875 0.7205882 0.7205882 0.7279412 0.6985294
0.7686567 0.7462687 0.7537313 0.738806 0.6641791 0.7462687 0.619403 0.641791 0.619403 0.6268657 0.5746269
0.6142857 0.5214286 0.4714286 0.3357143 0.4214286 0.3642857 0.2785714 0.2071429 0.1785714 0.1642857 0.1571429
0.9084507 0.9295775 0.8521127 0.9647887 0.8943662 0.8661972 0.8661972 0.7816901 0.7183099 0.6619718 0.6901408
0.7014925 0.7537313 0.7164179 0.8208955 0.7313433 0.7835821 0.8134328 0.7835821 0.7014925 0.7089552 0.6791045
0.7272727 0.7651515 0.7878788 0.780303 0.6590909 0.7651515 0.8333333 0.7651515 0.780303 0.6590909 0.6818182
