0.6666667 0.6581197
0.4 0.4166667
0.84 0.792
0.6166667 0.5166667
0.328 0.328
0.825 0.775
0.3966942 0.4628099
0.2583333 0.2416667
0.5354331 0.6377953
0.625 0.625
0.1623932 0.1965812
0.352 0.344
0.776 0.624
0.5785124 0.5867769
0.325 0.3083333
0.488189 0.3543307
0.475 0.5083333
0.6528926 0.8016529
0.65 0.6666667
0.5833333 0.6333333
0.2916667 0.3083333
0.152 0.144
0.7435897 0.7435897
0.344 0.344
0.15 0.15
0.4583333 0.5416667
0.25 0.175
0.6083333 0.5583333
0.008264463 0.008264463
0.275 0.2583333
0.01666667 0.01666667
0.1416667 0.09166667
0.6666667 0.675
0.6583333 0.7166667
0.625 0.7166667
0.008333333 0
0.1111111 0.1367521
0.2666667 0.2416667
0.7435897 0.7435897
0.8166667 0.7916667
0.2333333 0.175
0.5666667 0.5583333
0.4883721 0.4418605
0.6666667 0.6333333
0.08333333 0.09166667
0.575 0.6666667
0.7131783 0.7286822
0.1333333 0.1166667
0.8188976 0.7559055
0.825 0.6666667
0.825 0.6666667
0.575 0.625
0.8166667 0.7916667
0.05 0.05
0.1965812 0.1623932
0.2975207 0.3305785
0.5 0.4333333
0.4529915 0.3931624
0.168 0.152
0.785124 0.8016529
0.7435897 0.6837607
0.6666667 0.7435897
0.868217 0.8062016
0.496 0.424
0.868217 0.8062016
0.5083333 0.5
0.275 0.25
0.625 0.5416667
0.328 0.28
0.6850394 0.6377953
0.4251969 0.3622047
0.4957265 0.4102564
0.776 0.832
0.725 0.725
0.7906977 0.8062016
0.84 0.704
0.8188976 0.7559055
0.3305785 0.4297521
0.5384615 0.5042735
0.5641026 0.7435897
0.675 0.6583333
0.1916667 0.175
0.5371901 0.6033058
0.5193798 0.6666667
0.168 0.184
0.03418803 0.03418803
0.04273504 0.05982906
0.2051282 0.2136752
0.8677686 0.8842975
0.5083333 0.55
0.568 0.64
0.2083333 0.2666667
0.64 0.832
0.5666667 0.5166667
0.6916667 0.6333333
0.1574803 0.1574803
0.3760684 0.4273504
0.7435897 0.7435897
0.3833333 0.3083333
0.2136752 0.2051282
0.175 0.2333333
0.2975207 0.2892562
0.384 0.368
0.2666667 0.2333333
0.5416667 0.5416667
0.825 0.775
0.2307692 0.2820513
0.8677686 0.8842975
0.868217 0.8062016
0.825 0.8166667
0.2416667 0.2916667
0.09166667 0.05
0.3937008 0.3385827
0.8677686 0.8842975
0.176 0.184
0.568 0.496
0.1666667 0.1333333
0.425 0.4916667
0.3416667 0.3166667
0.4710744 0.4793388
0.446281 0.4297521
0.056 0.072
0.825 0.8166667
0.01666667 0.025
0.575 0.6666667
0.7333333 0.675
0.664 0.64
0.192 0.184
0.8188976 0.7559055
0.536 0.584
0.1900826 0.1652893
0.8083333 0.7666667
0.125 0.1166667
0.8083333 0.7666667
0.725 0.8166667
0.528 0.52
