0.004 0.002
0.156 0.124
0.004 0
0.016 0.014
0.188 0.184
0 0
0.062 0.062
0.178 0.186
0.018 0.012
0.002 0.004
0.218 0.162
0.002 0.004
0.006 0.008
0.03 0.012
0.13 0.144
0.232 0.256
0.024 0.012
0.02 0.008
0.044 0.028
0.026 0.022
0.034 0.038
0.31 0.266
0.006 0.002
0.114 0.1
0.29 0.286
0.046 0.032
0.168 0.204
0.042 0.036
0.538 0.536
0.12 0.14
0.536 0.534
0.14 0.166
0.002 0
0.01 0
0.024 0.004
0.632 0.656
0.276 0.29
0.236 0.22
0.002 0.006
0.004 0.004
0.09 0.104
0.052 0.066
0.074 0.066
0.006 0.006
0.35 0.328
0.026 0.022
0.01 0.006
0.374 0.332
0.004 0
0 0
0.006 0.002
0.02 0.018
0 0
0.424 0.42
0.464 0.48
0.158 0.128
0.048 0.052
0.196 0.202
0.318 0.362
0.004 0.002
0.02 0.016
0.026 0.034
0.002 0
0.052 0.05
0 0
0.12 0.118
0.142 0.116
0.072 0.064
0.08 0.11
0 0
0.208 0.258
0.072 0.066
0.002 0.002
0.006 0.002
0.006 0.002
0.02 0.012
0.004 0.004
0.07 0.056
0 0.002
0.026 0.018
0.006 0.008
0.232 0.226
0.024 0.02
0.044 0.042
0.47 0.472
0.624 0.632
0.38 0.45
0.2 0.19
0.004 0
0.026 0.022
0.048 0.05
0.05 0.052
0.014 0.012
0.074 0.038
0.01 0.006
0.136 0.142
0.044 0.034
0.006 0.01
0.066 0.068
0.262 0.262
0.164 0.112
0.148 0.126
0.086 0.076
0.14 0.16
0.074 0.066
0 0
0.098 0.084
0.002 0
0 0
0 0
0.15 0.164
0.446 0.432
0.45 0.472
0 0.002
0.29 0.27
0.032 0.062
0.154 0.172
0.062 0.08
0.09 0.086
0.134 0.126
0.106 0.106
0.386 0.34
0.002 0.006
0.402 0.46
0.008 0.026
0.008 0.01
0.002 0.012
0.216 0.242
0 0
0.016 0.028
0.234 0.284
0 0
0.49 0.456
0 0
0.014 0.008
0.034 0.04
