0.004 0
0.006 0.002
0.002 0.002
0.026 0.022
0.18 0.182
0 0
0.042 0.038
0.158 0.134
0.022 0.016
0.008 0.006
0.178 0.208
0.1 0.078
0.02 0.004
0.02 0.014
0.056 0.078
0.016 0.014
0.02 0.016
0.008 0.008
0.012 0.008
0.026 0.02
0.062 0.038
0.354 0.298
0.002 0.008
0.12 0.096
0.268 0.222
0.06 0.038
0.106 0.142
0.026 0.01
0.406 0.436
0.086 0.126
0.474 0.454
0.282 0.348
0 0.002
0.018 0.012
0.012 0.01
0.596 0.614
0.294 0.276
0.218 0.188
0.006 0
0.002 0.004
0.09 0.12
0.014 0.032
0.046 0.034
0.016 0.01
0.274 0.304
0.012 0.024
0.006 0.002
0.38 0.448
0 0.002
0.002 0
0.006 0.01
0.02 0.034
0 0
0.394 0.486
0.436 0.416
0.104 0.086
0.004 0
0.202 0.21
0.222 0.244
0.01 0.01
0.02 0.008
0.04 0.01
0.002 0.002
0.056 0.032
0 0.002
0.082 0.104
0.15 0.108
0.036 0.04
0.118 0.108
0.008 0.002
0.03 0.03
0.048 0.038
0.004 0
0.006 0.01
0 0
0.018 0.01
0 0
0.098 0.08
0.028 0.026
0.01 0.006
0.014 0.008
0.314 0.314
0.034 0.022
0.006 0.014
0.508 0.486
0.634 0.674
0.402 0.374
0.23 0.248
0 0
0.054 0.042
0.006 0.002
0.186 0.14
0.01 0.008
0.058 0.048
0.026 0.024
0.132 0.158
0.054 0.054
0.006 0
0.09 0.06
0.242 0.272
0.108 0.1
0.122 0.132
0.13 0.072
0.152 0.14
0.052 0.042
0.002 0
0.088 0.064
0 0
0 0.002
0 0
0.136 0.146
0.16 0.156
0.03 0.026
0 0
0.214 0.242
0.066 0.072
0.328 0.28
0.086 0.07
0.05 0.056
0.076 0.09
0.082 0.054
0.328 0.298
0.004 0.004
0.51 0.49
0.026 0.03
0.006 0.006
0.002 0
0.258 0.26
0 0
0.006 0.002
0.23 0.262
0 0
0.448 0.432
0 0.002
0.018 0.004
0.016 0.026
