0.002 0.008
0.128 0.09
0.002 0.006
0.024 0.014
0.216 0.208
0 0
0.122 0.092
0.156 0.136
0.02 0.02
0.006 0.006
0.19 0.186
0.08 0.076
0.004 0.008
0.006 0.004
0.134 0.09
0.282 0.284
0.048 0.014
0.01 0
0 0.004
0.01 0.01
0.068 0.068
0.114 0.142
0.002 0.002
0.156 0.154
0.232 0.264
0.092 0.032
0.088 0.106
0.024 0.022
0.478 0.504
0.136 0.126
0.556 0.548
0.316 0.354
0.002 0.002
0.014 0.012
0.012 0.008
0.618 0.64
0.344 0.32
0.268 0.28
0.006 0.002
0.008 0.002
0.132 0.164
0.03 0.062
0.05 0.034
0.014 0.01
0.082 0.096
0.016 0.018
0.004 0.002
0.374 0.416
0 0
0.002 0.002
0 0
0.024 0.024
0 0.006
0.452 0.48
0.182 0.216
0.036 0.04
0.026 0.022
0.262 0.26
0.264 0.292
0.002 0
0.01 0.016
0.018 0.012
0.004 0
0.076 0.056
0 0
0.048 0.06
0.112 0.134
0.014 0.014
0.098 0.084
0.014 0.012
0.336 0.352
0.082 0.06
0.002 0
0 0
0 0
0 0.002
0 0
0.05 0.024
0.052 0.064
0.008 0.01
0.024 0.012
0.258 0.226
0.038 0.024
0.02 0.018
0.454 0.434
0.598 0.586
0.414 0.432
0.272 0.218
0 0
0.062 0.038
0.044 0.03
0.092 0.09
0.058 0.05
0.054 0.04
0.022 0.024
0.076 0.074
0.046 0.02
0.002 0
0.034 0.012
0.258 0.306
0.206 0.154
0.178 0.154
0.078 0.058
0.098 0.11
0.04 0.036
0 0
0.056 0.064
0.002 0
0 0
0 0
0.136 0.124
0.498 0.498
0.424 0.392
0 0.004
0.196 0.22
0.044 0.062
0.274 0.282
0.074 0.058
0.086 0.064
0.01 0.008
0.076 0.046
0.454 0.41
0.004 0.002
0.454 0.46
0.016 0.018
0.01 0.002
0.002 0.008
0.198 0.204
0 0.002
0.014 0.014
0.234 0.318
0 0
0.156 0.188
0.002 0
0.006 0.004
0.018 0.028
