0.004 0.006
0.104 0.08
0 0
0.026 0.012
0.046 0.022
0 0
0.018 0.02
0.052 0.05
0.014 0.008
0.022 0.014
0.234 0.212
0.05 0.06
0.006 0.014
0.026 0.022
0.134 0.108
0.078 0.07
0.03 0.02
0.014 0.002
0.01 0.008
0.014 0.026
0.084 0.062
0.372 0.344
0.01 0
0.07 0.06
0.446 0.444
0.054 0.042
0.174 0.212
0.024 0.026
0.666 0.656
0.166 0.136
0.466 0.428
0.31 0.39
0.006 0.006
0.01 0.002
0.018 0.016
0.572 0.554
0.238 0.23
0.316 0.374
0.004 0
0.006 0
0.116 0.084
0.032 0.04
0.052 0.036
0.02 0.016
0.198 0.202
0.038 0.022
0.008 0.002
0.366 0.36
0.002 0.002
0 0
0.008 0.006
0.046 0.034
0.004 0.01
0.38 0.398
0.412 0.392
0.102 0.132
0.034 0.038
0.068 0.086
0.23 0.256
0.006 0.006
0.024 0.024
0.026 0.018
0.004 0.006
0.05 0.022
0.002 0
0.076 0.072
0.14 0.208
0.046 0.03
0.13 0.136
0.002 0.004
0.358 0.35
0.068 0.064
0 0.004
0.002 0
0.004 0.006
0.008 0.002
0 0.002
0.114 0.094
0.052 0.072
0.04 0.026
0.012 0.012
0.378 0.394
0.048 0.024
0.028 0.02
0.432 0.416
0.478 0.492
0.326 0.302
0.174 0.174
0 0.002
0.042 0.032
0.046 0.046
0.164 0.146
0.002 0.002
0.052 0.018
0.01 0.016
0.182 0.196
0.06 0.05
0.006 0.006
0.028 0.036
0.28 0.312
0.19 0.166
0.162 0.17
0.132 0.104
0.18 0.196
0.054 0.036
0.004 0
0.05 0.038
0 0.002
0.002 0
0 0
0.134 0.118
0.444 0.448
0.426 0.446
0.004 0.004
0.26 0.298
0.038 0.052
0.278 0.258
0.078 0.046
0.076 0.078
0.128 0.098
0.058 0.082
0.154 0.126
0 0.002
0.454 0.536
0.02 0.014
0.006 0.008
0.006 0.008
0.24 0.204
0 0.002
0.046 0.022
0.27 0.258
0 0
0.418 0.486
0.008 0
0 0.002
0.018 0.016
