0.8503937 0.7244094
0.408 0.4
0.892562 0.8099174
0.6302521 0.6218487
0.2845528 0.2520325
0.8617886 0.8455285
0.4552846 0.4552846
0.2975207 0.3305785
0.661157 0.7438017
0.775862 0.6982759
0.1810345 0.1724138
0.3361345 0.3277311
0.7559055 0.7322835
0.5798319 0.6722689
0.4051724 0.4568966
0.1596639 0.1428571
0.5966387 0.5882353
0.5511811 0.7165354
0.6935484 0.7741935
0.5511811 0.5511811
0.4251969 0.4566929
0.0483871 0.08064516
0.804878 0.7642276
0.2992126 0.2755906
0.1379310 0.1120690
0.4634146 0.5203252
0.3495935 0.3495935
0.6178862 0.5528455
0.01652893 0.01652893
0.328 0.28
0.05042017 0.04201681
0.1735537 0.1570248
0.8264463 0.8099174
0.7559055 0.7322835
0.5714286 0.6638655
0.00862069 0.00862069
0.1896552 0.1379310
0.1157025 0.1487603
0.8264463 0.8099174
0.8617886 0.8455285
0.2440945 0.2598425
0.5806452 0.5241935
0.4251969 0.4566929
0.7058824 0.7647059
0.1259843 0.1102362
0.5806452 0.5241935
0.8739496 0.8487395
0.07258065 0.08064516
0.84 0.808
0.8145161 0.7741935
0.8617886 0.8455285
0.5258621 0.5086207
0.84 0.808
0.1344538 0.08403361
0.04132231 0.04958678
0.3529412 0.3613445
0.5431034 0.4741379
0.2195122 0.2276423
0.1900826 0.1818182
0.8739496 0.8487395
0.632 0.664
0.5447154 0.601626
0.8739496 0.7478992
0.4094488 0.4173228
0.8571429 0.8487395
0.4369748 0.4453782
0.2155172 0.2241379
0.4051724 0.4137931
0.3193277 0.3193277
0.8571429 0.8487395
0.144 0.128
0.4051724 0.4137931
0.6810345 0.8103448
0.7478992 0.7563025
0.6935484 0.6935484
0.6638655 0.7478992
0.8617886 0.8455285
0.304 0.36
0.5645161 0.4677419
0.688 0.72
0.7235772 0.6422764
0.1788618 0.1788618
0.6422764 0.5772358
0.612069 0.6206897
0.01680672 0.03361345
0.01680672 0.008403361
0.02521008 0.04201681
0.2598425 0.2125984
0.8145161 0.7016129
0.6810345 0.8103448
0.6585366 0.5609756
0.288 0.32
0.7235772 0.7073171
0.4285714 0.394958
0.6935484 0.7741935
0.2283465 0.2125984
0.5630252 0.6134454
0.8739496 0.8487395
0.4274194 0.5887097
0.1102362 0.1181102
0.2258065 0.3064516
0.2586207 0.3017241
0.3739837 0.3495935
0.2184874 0.2436975
0.661157 0.4545455
0.775862 0.7155172
0.472 0.448
0.8739496 0.7563025
0.8571429 0.8487395
0.8617886 0.8455285
0.2857143 0.3445378
0.07317073 0.05691057
0.07086614 0.08661417
0.8617886 0.8455285
0.1626016 0.2276423
0.3613445 0.4033613
0.0909091 0.1570248
0.4015748 0.4015748
0.398374 0.3902439
0.4957983 0.512605
0.5 0.4655172
0.05511811 0.05511811
0.8617886 0.8455285
0.02586207 0.02586207
0.7235772 0.699187
0.7058824 0.7563025
0.775862 0.8103448
0.1900826 0.1735537
0.892562 0.8099174
0.5905512 0.6299213
0.208 0.208
0.8571429 0.8487395
0.01652893 0.01652893
0.8617886 0.8455285
0.6218487 0.7563025
0.5603448 0.4655172
