0.6532258 0.6451613
0.4247788 0.5044248
0.8548387 0.8225806
0.6854839 0.6693548
0.2558140 0.2635659
0.8461538 0.8290598
0.440678 0.4661017
0.1238938 0.1327434
0.7542373 0.7711864
0.5983607 0.704918
0.3274336 0.3539823
0.3162393 0.3162393
0.6725664 0.6106195
0.6557377 0.6885246
0.4193548 0.5080645
0.1946903 0.2035398
0.5128205 0.5213675
0.647541 0.6065574
0.6725664 0.7345133
0.6557377 0.704918
0.4596774 0.4435484
0.2389381 0.2389381
0.8053097 0.840708
0.3162393 0.3675214
0.1984127 0.2063492
0.5169492 0.5
0.4247788 0.460177
0.5714286 0.7142857
0 0
0.3548387 0.3225806
0.0967742 0.08064516
0.1129032 0.08870968
0.7596899 0.8217054
0.5983607 0.7377049
0.7345133 0.840708
0.01709402 0.01709402
0.1290323 0.1370968
0.1709402 0.2393162
0.8305085 0.838983
0.8306452 0.8064516
0.3305085 0.3389831
0.5511811 0.488189
0.4341085 0.4418605
0.766129 0.6774194
0.1507937 0.1428571
0.6612903 0.4919355
0.7692308 0.8290598
0.1147541 0.1147541
0.8548387 0.8225806
0.8449612 0.8217054
0.7580645 0.75
0.5645161 0.5806452
0.8461538 0.8290598
0.2136752 0.1452991
0.1023622 0.08661417
0.2393162 0.2393162
0.5491803 0.4590164
0.09016393 0.1147541
0.2093023 0.1550388
0.8425197 0.8031496
0.7580645 0.75
0.3628319 0.3982301
0.744186 0.8217054
0.484127 0.5
0.8053097 0.840708
0.4435484 0.3629032
0.3135593 0.2966102
0.5486726 0.539823
0.1885246 0.2049180
0.8425197 0.7007874
0.1290323 0.1209677
0.3790323 0.3790323
0.7627119 0.838983
0.7380952 0.7857143
0.8461538 0.7606838
0.6612903 0.6048387
0.8461538 0.8290598
0.460177 0.4690265
0.7580645 0.75
0.6581197 0.6153846
0.6864407 0.6355932
0.2047244 0.2047244
0.4919355 0.4758065
0.5752212 0.6460177
0.03875969 0.07751938
0 0
0.04273504 0.05128205
0.2460317 0.2380952
0.7580645 0.75
0.4094488 0.4094488
0.5847458 0.5677966
0.3898305 0.4661017
0.6666667 0.6507937
0.3951613 0.3790323
0.6147541 0.6065574
0.2131148 0.2459016
0.6725664 0.5663717
0.8306452 0.8064516
0.4915254 0.4237288
0.1393443 0.1721311
0.25 0.3306452
0.2831858 0.2389381
0.4274194 0.4435484
0.2096774 0.2258065
0.5634921 0.5396825
0.8461538 0.7521368
0.4919355 0.4677419
0.852459 0.852459
0.8305085 0.838983
0.8305085 0.838983
0.2519685 0.2519685
0.05645161 0.04032258
0.1238938 0.1150442
0.7580645 0.75
0.2035398 0.1769912
0.4645669 0.4488189
0.1525424 0.1779661
0.4032258 0.3870968
0.4957265 0.3931624
0.3064516 0.3225806
0.4273504 0.3589744
0.0952381 0.08730159
0.8305085 0.838983
0.06451613 0.02419355
0.661017 0.6779661
0.8461538 0.8290598
0.8333333 0.7857143
0.2033898 0.2542373
0.8053097 0.840708
0.6290323 0.6048387
0.1238938 0.1061947
0.7580645 0.75
0.1504425 0.2035398
0.8053097 0.840708
0.7542373 0.838983
0.5737705 0.6311475
