0.6451613 0.7903226
0.3247863 0.3589744
0.838983 0.6949153
0.6129032 0.6209677
0.2975207 0.3057851
0.8181818 0.768595
0.519685 0.5905512
0.2711864 0.2711864
0.7704918 0.6967213
0.7107438 0.768595
0.224 0.272
0.3813559 0.3644068
0.736 0.704
0.6666667 0.6239316
0.4173228 0.4488189
0.1639344 0.1393443
0.5555556 0.5641026
0.736 0.712
0.6694915 0.6864407
0.6101695 0.6101695
0.512 0.472
0.08474576 0.07627119
0.7398374 0.8130081
0.3471074 0.3223140
0.2148760 0.1900826
0.5084746 0.5338983
0.2903226 0.2822581
0.5932203 0.5169492
0.016 0.016
0.2459016 0.2377049
0.02564103 0.05128205
0.1694915 0.09322034
0.8196721 0.704918
0.6967213 0.5655738
0.6186441 0.6016949
0.01652893 0.02479339
0.1774194 0.1612903
0.1355932 0.2033898
0.8292683 0.8130081
0.8181818 0.768595
0.344 0.4
0.4758065 0.4677419
0.4 0.512
0.816 0.704
0.096 0.112
0.6065574 0.5081967
0.8632479 0.7094017
0.1209677 0.1290323
0.9186992 0.8130081
0.8629032 0.7903226
0.8632479 0.8290598
0.519685 0.5511811
0.776 0.792
0.0661157 0.05785124
0.1023622 0.08661417
0.3937008 0.3858268
0.5737705 0.4918033
0.2 0.216
0.1196581 0.0940171
0.8196721 0.7704918
0.5555556 0.5897436
0.56 0.624
0.7704918 0.7704918
0.4180328 0.3934426
0.776 0.792
0.5409836 0.4344262
0.3360656 0.3360656
0.4786325 0.4444444
0.3770492 0.4098361
0.838983 0.8050847
0.12 0.144
0.4758065 0.4596774
0.7244094 0.7637795
0.7711864 0.8050847
0.7457627 0.8050847
0.6532258 0.6693548
0.776 0.792
0.4016393 0.4590164
0.552 0.56
0.6129032 0.6693548
0.6446281 0.6942149
0.1880342 0.1452991
0.6422764 0.6666667
0.56 0.6
0.02564103 0.03418803
0.02564103 0.03418803
0.0661157 0.04958678
0.192 0.224
0.8632479 0.8290598
0.5284553 0.5365854
0.576 0.584
0.4354839 0.4758065
0.8181818 0.768595
0.4508197 0.5
0.7317073 0.7235772
0.2649573 0.2136752
0.559322 0.559322
0.7107438 0.6942149
0.552 0.544
0.1788618 0.1707317
0.25 0.2983871
0.3360656 0.3360656
0.3934426 0.3688525
0.2905983 0.2393162
0.5275591 0.6062992
0.8181818 0.768595
0.3770492 0.3934426
0.9186992 0.8130081
0.8632479 0.8290598
0.9186992 0.8130081
0.2213115 0.2377049
0.08196721 0.09836066
0.06299213 0.04724409
0.838983 0.8050847
0.2049180 0.1639344
0.4576271 0.4491525
0.2148760 0.2148760
0.3760684 0.3418803
0.4016393 0.4262295
0.2868852 0.3196721
0.4016393 0.4098361
0.08474576 0.1101695
0.776 0.792
0.1282051 0.08547009
0.656 0.6
0.9186992 0.7560976
0.7377049 0.8114754
0.2276423 0.2439024
0.8688525 0.8114754
0.6324786 0.5897436
0.2049180 0.1803279
0.8425197 0.7637795
0.04918033 0.07377049
0.9186992 0.8130081
0.8292683 0.8130081
0.6115702 0.6115702
