0.004 0.002
0.168 0.124
0.004 0.002
0.03 0.024
0.198 0.136
0 0
0.052 0.042
0.102 0.132
0.01 0.004
0.004 0.002
0.132 0.114
0.122 0.098
0.002 0.014
0.036 0.044
0.096 0.07
0.19 0.182
0.038 0.04
0.008 0.002
0.016 0.028
0.018 0.024
0.07 0.024
0.29 0.374
0.008 0.002
0.136 0.122
0.21 0.192
0.114 0.058
0.176 0.198
0.034 0.03
0.528 0.57
0.02 0.014
0.5 0.508
0.128 0.136
0 0.006
0.014 0.01
0.012 0.002
0.626 0.688
0.3 0.322
0.272 0.256
0 0
0.004 0
0.128 0.136
0.026 0.036
0.048 0.028
0.016 0.01
0.352 0.36
0.038 0.026
0.01 0.006
0.358 0.33
0.002 0
0.004 0.002
0.002 0.004
0.042 0.022
0 0.002
0.364 0.424
0.442 0.458
0.112 0.126
0.02 0.02
0.23 0.23
0.294 0.28
0.002 0
0.032 0.018
0.028 0.022
0 0.002
0.042 0.042
0 0
0.056 0.084
0.056 0.082
0.056 0.06
0.118 0.13
0.002 0.002
0.19 0.222
0.034 0.01
0.002 0.004
0.008 0.006
0.002 0.004
0.016 0.014
0.004 0.002
0.064 0.09
0.018 0.036
0.022 0.028
0.026 0.02
0.278 0.272
0.028 0.014
0.03 0.02
0.49 0.424
0.622 0.626
0.416 0.388
0.126 0.162
0.002 0
0.062 0.034
0.02 0.018
0.184 0.148
0.018 0.004
0.066 0.032
0.022 0.012
0.236 0.236
0.07 0.05
0.006 0.006
0.014 0.012
0.254 0.23
0.232 0.174
0.14 0.146
0.102 0.1
0.198 0.174
0.026 0.032
0.002 0.004
0.056 0.05
0 0
0 0
0 0
0.116 0.122
0.364 0.368
0.48 0.436
0 0
0.324 0.386
0.018 0.034
0.322 0.312
0.056 0.058
0.1 0.112
0.096 0.12
0.054 0.052
0.484 0.458
0.006 0.008
0.542 0.53
0.004 0.002
0.006 0.002
0.006 0
0.162 0.158
0 0
0.004 0
0.27 0.296
0 0
0.474 0.472
0 0
0.014 0.01
0.032 0.03
