0.012 0.01
0.116 0.096
0.008 0.002
0.028 0.018
0.152 0.138
0 0
0.058 0.062
0.16 0.166
0.004 0.008
0.03 0.012
0.202 0.172
0.078 0.098
0.02 0
0.016 0.034
0.104 0.1
0.238 0.224
0.026 0.028
0.012 0.004
0.012 0.006
0.03 0.018
0.054 0.048
0.442 0.402
0 0.002
0.1 0.102
0.306 0.294
0.068 0.056
0.108 0.144
0.024 0.016
0.68 0.622
0.132 0.136
0.58 0.594
0.352 0.364
0 0.002
0.01 0.008
0.014 0.018
0.514 0.572
0.274 0.258
0.252 0.228
0.002 0.004
0 0.006
0.09 0.108
0.026 0.026
0.018 0.024
0.016 0.018
0.326 0.342
0.028 0.022
0.002 0
0.392 0.438
0.004 0.002
0.002 0
0.002 0.002
0.018 0.016
0 0
0.41 0.452
0.418 0.45
0.086 0.092
0.034 0.036
0.208 0.196
0.242 0.256
0.002 0.002
0.016 0.01
0.028 0.03
0.004 0.004
0.036 0.046
0.002 0
0.07 0.07
0.146 0.124
0.056 0.076
0.108 0.102
0.014 0.012
0.328 0.276
0.038 0.04
0 0
0.006 0.008
0.004 0.006
0.022 0.012
0 0.002
0.118 0.1
0.006 0
0.012 0.016
0.014 0.012
0.264 0.282
0.018 0.018
0.014 0.014
0.382 0.384
0.604 0.584
0.344 0.37
0.156 0.168
0.002 0
0.044 0.026
0.026 0.026
0.068 0.078
0.01 0.002
0.052 0.05
0.006 0.006
0.172 0.17
0.04 0.026
0 0
0.062 0.042
0.25 0.254
0.174 0.172
0.13 0.132
0.094 0.094
0.178 0.168
0.022 0.036
0 0.004
0.06 0.048
0.002 0
0.002 0
0 0
0.196 0.118
0.29 0.318
0.274 0.26
0.002 0
0.156 0.232
0.042 0.036
0.368 0.364
0.054 0.05
0.104 0.12
0.12 0.134
0.084 0.078
0.294 0.274
0 0.004
0.458 0.462
0.018 0.022
0.004 0.002
0.004 0.004
0.316 0.322
0 0
0.016 0.014
0.222 0.222
0 0
0.364 0.37
0.008 0.002
0.018 0.01
0.024 0.022
