0.7416667 0.8333333
0.1764706 0.1512605
0.8492063 0.8571429
0.733871 0.7983871
0.225 0.2333333
0.7903226 0.7580645
0.3870968 0.3951613
0.3166667 0.35
0.7416667 0.6916667
0.52 0.576
0.08333333 0.1333333
0.504 0.496
0.8333333 0.8583333
0.5546218 0.5042017
0.1709402 0.2051282
0.09565217 0.1304348
0.4700855 0.4358974
0.7983871 0.6209677
0.605042 0.6386555
0.5384615 0.4700855
0.4274194 0.5967742
0.325 0.3083333
0.7833333 0.8583333
0.04 0.064
0.075 0.125
0.2857143 0.2521008
0.48 0.448
0.7310924 0.6722689
0 0
0.3529412 0.2689076
0.1565217 0.1826087
0.3888889 0.4206349
0.07826087 0.1217391
0.616 0.576
0.6935484 0.5725806
0.7666667 0.6666667
0.05982906 0.02564103
0.256 0.264
0.07692308 0.1367521
0.6521739 0.6869565
0.6935484 0.6290323
0.3166667 0.2583333
0.6410256 0.4786325
0.7460317 0.6904762
0.03174603 0.04761905
0.4444444 0.4615385
0.72 0.688
0.01739130 0.008695652
0.8547009 0.8888889
0.9166667 0.8583333
0.5391304 0.6347826
0.4758065 0.5564516
0.6173913 0.6608696
0.008333333 0.025
0.168 0.136
0.464 0.456
0.5042017 0.5042017
0.2142857 0.1984127
0.2666667 0.25
0.7217391 0.7478261
0.6532258 0.6612903
0.5416667 0.45
0.7826087 0.7478261
0.3529412 0.3697479
0.9166667 0.8583333
0.475 0.3916667
0.1391304 0.1304348
0.5384615 0.4273504
0.808 0.816
0.01612903 0.02419355
0.3613445 0.3865546
0.7903226 0.7580645
0.6134454 0.5714286
0.7731092 0.8655462
0.7043478 0.6521739
0.7903226 0.7580645
0.7903226 0.6290323
0.7394958 0.8655462
0.7264957 0.8034188
0.2258065 0.1693548
0.5826087 0.6521739
0.6410256 0.6153846
0.1092437 0.09243697
0.02521008 0.01680672
0.07692308 0.1367521
0.3 0.325
0.8547009 0.8888889
0.432 0.496
0.5333333 0.5
0.288 0.296
0.7416667 0.8333333
0.304 0.368
0.6166667 0.6416667
0.1129032 0.0967742
0.3162393 0.3418803
0.7863248 0.8888889
0.1304348 0.1043478
0.2695652 0.2869565
0.6048387 0.5725806
0.3666667 0.3833333
0.3166667 0.3083333
0.4705882 0.3865546
0.4833333 0.525
0.7983871 0.6612903
0.375 0.4
0.9 0.8333333
0.84 0.848
0.8869565 0.8695652
0.3951613 0.4677419
0.007936508 0.007936508
0.008064516 0.01612903
0.8547009 0.8888889
0.1092437 0.1008403
0.4782609 0.5304348
0.136 0.16
0.352 0.376
0.3589744 0.3418803
0.256 0.296
0.5826087 0.6
0.2666667 0.3166667
0.8790323 0.7983871
0.1391304 0.1304348
0.4782609 0.5043478
0.752 0.768
0.8547009 0.8888889
0.1739130 0.1739130
0.8492063 0.8571429
0.7916667 0.8333333
0.7416667 0.6166667
0.1507937 0.1269841
0.8492063 0.7539683
0.072 0.064
0.792 0.816
0.9166667 0.8583333
0.733871 0.717742
