0.008 0.002
0.296 0.304
0.002 0.006
0.006 0.008
0.264 0.234
0 0
0.1 0.098
0.13 0.146
0.036 0.016
0.01 0.014
0.208 0.15
0.032 0.022
0.01 0.004
0.038 0.04
0.22 0.23
0.242 0.236
0.04 0.034
0.018 0.008
0.016 0.012
0.026 0.05
0.066 0.05
0.128 0.102
0.002 0.004
0.336 0.362
0.286 0.206
0.042 0.02
0.088 0.082
0.046 0.038
0.68 0.686
0.134 0.114
0.058 0.056
0.084 0.046
0.25 0.262
0.038 0.03
0.008 0.002
0.014 0.014
0.448 0.444
0.248 0.214
0.25 0.208
0.026 0.018
0.008 0.014
0.078 0.07
0.09 0.086
0.012 0.006
0.396 0.406
0.016 0.038
0.01 0.012
0.252 0.192
0 0
0 0
0.04 0.024
0.046 0.042
0.024 0.026
0.438 0.508
0.328 0.322
0.07 0.058
0.018 0.028
0.11 0.094
0.168 0.174
0.004 0.006
0.032 0.016
0.026 0.032
0.012 0.006
0.104 0.056
0 0
0.068 0.08
0.246 0.314
0.152 0.108
0 0.002
0.302 0.256
0.116 0.094
0.008 0.002
0.038 0.042
0.002 0.002
0.008 0.004
0.004 0.004
0.038 0.046
0.008 0.008
0.032 0.014
0.122 0.118
0.05 0.038
0.022 0.02
0.348 0.328
0.434 0.46
0.318 0.34
0.11 0.104
0.01 0
0.058 0.038
0.03 0.028
0.066 0.048
0.022 0.02
0.104 0.07
0.03 0.036
0.182 0.176
0.124 0.116
0.004 0.008
0.276 0.308
0.17 0.162
0.02 0.036
0.05 0.048
0.054 0.038
0.078 0.078
0.07 0.04
0.02 0.018
0.13 0.094
0 0
0 0
0 0
0.092 0.088
0.33 0.394
0.42 0.416
0.004 0.002
0.39 0.376
0.064 0.06
0.21 0.184
0.064 0.058
0.132 0.136
0.096 0.09
0.07 0.034
0.192 0.192
0.01 0.01
0.168 0.17
0.028 0.03
0.004 0.016
0.012 0.002
0.21 0.186
0 0.004
0.002 0
0.006 0.01
0.028 0.044
0 0
0.418 0.4
0 0.002
0 0.002
0.022 0.018
