0.006 0.006
0.204 0.196
0 0
0.004 0.012
0.196 0.17
0.002 0
0.122 0.052
0.088 0.086
0.014 0.006
0.03 0.024
0.312 0.244
0.072 0.062
0.004 0.008
0.034 0.044
0.196 0.192
0.43 0.4
0.026 0.032
0.004 0.008
0.014 0.016
0.112 0.1
0.054 0.04
0.146 0.146
0.002 0.002
0.364 0.38
0.302 0.21
0.244 0.198
0.078 0.084
0.028 0.024
0.494 0.506
0.15 0.182
0.296 0.28
0.112 0.062
0.298 0.3
0.026 0.028
0.022 0.014
0.028 0.006
0.472 0.434
0.232 0.15
0.288 0.24
0.008 0
0.018 0.022
0.086 0.14
0.064 0.054
0.008 0.01
0.334 0.356
0.058 0.06
0.006 0.004
0.48 0.492
0.002 0
0.002 0
0.006 0.008
0.052 0.042
0.012 0.03
0.366 0.39
0.242 0.266
0.042 0.064
0.04 0.032
0.208 0.168
0.154 0.17
0.006 0.004
0.006 0.006
0.058 0.038
0.008 0.004
0.09 0.05
0 0
0.066 0.064
0.26 0.31
0.082 0.058
0.002 0
0.462 0.454
0.064 0.066
0.002 0.006
0.022 0.02
0.01 0.01
0.026 0.012
0 0
0.054 0.066
0.01 0.008
0.008 0.01
0.192 0.18
0.05 0.028
0.032 0.02
0.374 0.336
0.48 0.482
0.178 0.174
0.156 0.162
0 0.002
0.034 0.028
0.048 0.048
0.088 0.05
0.026 0.034
0.086 0.064
0.034 0.022
0.236 0.264
0.1 0.044
0.002 0.004
0.244 0.298
0.208 0.164
0.012 0.016
0.074 0.082
0.114 0.134
0.168 0.18
0.034 0.04
0.024 0.032
0.086 0.072
0 0
0 0
0 0
0.044 0.064
0.346 0.39
0.472 0.438
0 0
0.246 0.304
0.066 0.036
0.268 0.224
0.044 0.024
0.156 0.168
0.144 0.124
0.034 0.03
0.26 0.266
0.028 0.008
0.136 0.146
0.024 0.03
0.006 0
0.002 0.004
0.196 0.162
0.002 0
0.004 0.002
0.01 0.01
0.15 0.182
0 0
0.478 0.552
0.006 0.002
0.002 0.002
0.01 0.02
