0.8761062 0.8141593
0.1681416 0.1238938
0.7723577 0.7886179
0.608 0.696
0.1694915 0.1694915
0.8347107 0.8264463
0.3697479 0.3445378
0.3700787 0.2677165
0.7288136 0.6949153
0.5798319 0.7394958
0.1666667 0.1507937
0.394958 0.3865546
0.8761062 0.8495575
0.6341463 0.6585366
0.2142857 0.2539683
0.1061947 0.1150442
0.6548673 0.5486726
0.7007874 0.7086614
0.7698413 0.7619048
0.4628099 0.4049587
0.5309735 0.6548673
0.2913386 0.2598425
0.8761062 0.8053097
0.02654867 0.01769912
0.09016393 0.09836066
0.2148760 0.2148760
0.4380165 0.3471074
0.6283186 0.6637168
0 0
0.264 0.264
0.05042017 0.08403361
0.4 0.424
0.09917355 0.1074380
0.5508475 0.5084746
0.7622951 0.6311475
0.68 0.696
0.09016393 0.06557377
0.2845528 0.2926829
0.1592920 0.2212389
0.720339 0.8559322
0.7107438 0.7768595
0.2777778 0.2777778
0.5737705 0.6311475
0.8053097 0.8141593
0.08730159 0.1111111
0.6106195 0.4955752
0.816 0.72
0.008474576 0.008474576
0.9469027 0.8495575
0.8728814 0.8559322
0.5619835 0.5371901
0.4545455 0.4876033
0.8099174 0.7768595
0.1680672 0.1932773
0.2622951 0.2377049
0.2857143 0.3193277
0.5677966 0.559322
0.2755906 0.2283465
0.1382114 0.1382114
0.8347107 0.7024793
0.5677966 0.559322
0.4159292 0.3716814
0.8991597 0.7815126
0.3966942 0.4545455
0.816 0.808
0.496063 0.480315
0.1138211 0.1219512
0.432 0.344
0.8305085 0.8559322
0.04065041 0.03252033
0.5 0.5655738
0.8425197 0.8582677
0.6178862 0.5447154
0.8492063 0.8571429
0.7007874 0.7086614
0.789916 0.789916
0.5491803 0.5081967
0.7107438 0.7768595
0.7603306 0.7520661
0.3196721 0.3770492
0.5785124 0.553719
0.519685 0.5511811
0.2314050 0.2396694
0.05084746 0.008474576
0.04201681 0.05882353
0.3553719 0.3884298
0.8780488 0.8699187
0.3196721 0.3442623
0.5 0.5
0.3057851 0.3140496
0.8220339 0.7627119
0.3360656 0.3442623
0.6504065 0.5447154
0.1327434 0.1504425
0.380531 0.5132743
0.8991597 0.8487395
0.2561983 0.2066116
0.2314050 0.2148760
0.6722689 0.789916
0.4661017 0.3813559
0.1864407 0.2457627
0.3495935 0.3414634
0.6260163 0.5284553
0.5619835 0.6528926
0.4690265 0.460177
0.9469027 0.8495575
0.8991597 0.8487395
0.8991597 0.8487395
0.3966942 0.4958678
0.3032787 0.2049180
0.008474576 0
0.816 0.808
0.2773109 0.2773109
0.4365079 0.4523810
0.1322314 0.1900826
0.5123967 0.5206612
0.1967213 0.2049180
0.3057851 0.338843
0.440678 0.5338983
0.184 0.192
0.5785124 0.6198347
0.2698413 0.2539683
0.6115702 0.6033058
0.7438017 0.7520661
0.8991597 0.8487395
0.2231405 0.2314050
0.9469027 0.8495575
0.9469027 0.8495575
0.6585366 0.7154472
0.2773109 0.1512605
0.9469027 0.8495575
0.05932203 0.05084746
0.8728814 0.8559322
0.8672566 0.8495575
0.632 0.536
