0.7559055 0.7480315
0.1344538 0.1344538
0.8907563 0.8067227
0.815126 0.697479
0.1779661 0.2118644
0.8934426 0.8360656
0.3421053 0.3421053
0.3220339 0.2966102
0.7540984 0.7295082
0.5438596 0.631579
0.1016949 0.09322034
0.720339 0.5847458
0.7619048 0.8571429
0.6147541 0.6557377
0.1666667 0.1403509
0.09836066 0.09016393
0.4661017 0.4661017
0.6578947 0.7105263
0.6638655 0.5714286
0.3697479 0.3277311
0.5546875 0.5390625
0.1157025 0.1239669
0.8429752 0.8677686
0.06140351 0.05263158
0.1932773 0.2100840
0.4132231 0.4710744
0.394958 0.3697479
0.7559055 0.7480315
0 0
0.3174603 0.2777778
0.1008403 0.1008403
0.4173228 0.4251969
0.1404959 0.09917355
0.5409836 0.5819672
0.5423729 0.559322
0.815126 0.8067227
0.04958678 0.08264463
0.1652893 0.1983471
0.1984127 0.2460317
0.7017544 0.8596491
0.7058824 0.8067227
0.446281 0.3966942
0.4609375 0.4140625
0.7226891 0.6638655
0.04098361 0.03278689
0.4210526 0.5087719
0.7731092 0.7815126
0.05042017 0.05042017
0.8421053 0.8596491
0.8421053 0.8596491
0.4915254 0.4576271
0.4491525 0.4322034
0.7190083 0.5785124
0.0625 0.046875
0.1190476 0.08730159
0.4789916 0.4789916
0.5371901 0.3884298
0.3684211 0.4824561
0.4369748 0.4285714
0.7540984 0.8360656
0.5877193 0.7105263
0.5206612 0.5206612
0.7107438 0.8264463
0.3245614 0.377193
0.8429752 0.8264463
0.5371901 0.3884298
0.2288136 0.2033898
0.375 0.3828125
0.8907563 0.8907563
0.04958678 0.08264463
0.496063 0.488189
0.8220339 0.7372881
0.697479 0.6554622
0.8421053 0.8596491
0.6218487 0.6470588
0.7815126 0.8067227
0.3508772 0.4298246
0.8032787 0.7295082
0.7280702 0.8596491
0.2561983 0.2396694
0.5526316 0.6140351
0.5669291 0.6062992
0.2314050 0.2727273
0.03361345 0.04201681
0.1052632 0.07017544
0.3277311 0.3445378
0.8492063 0.8571429
0.4033613 0.3781513
0.5371901 0.4710744
0.1570248 0.2231405
0.7731092 0.8571429
0.4033613 0.5210084
0.6578947 0.6578947
0.1640625 0.1171875
0.4132231 0.4710744
0.8421053 0.8596491
0.1322314 0.09917355
0.1904762 0.2301587
0.7213115 0.7295082
0.4132231 0.3884298
0.2542373 0.2966102
0.3543307 0.3149606
0.578125 0.5859375
0.7520661 0.6859504
0.3220339 0.3474576
0.8907563 0.8907563
0.8220339 0.7372881
0.8907563 0.8907563
0.4793388 0.4380165
0.02459016 0.02459016
0.007936508 0.007936508
0.8429752 0.8677686
0.1102362 0.1574803
0.5409836 0.5409836
0.1186441 0.1271186
0.394958 0.3781513
0.3445378 0.3277311
0.352459 0.352459
0.6440678 0.6440678
0.1796875 0.2109375
0.7619048 0.7460317
0.2711864 0.2881356
0.5210084 0.5546218
0.7280702 0.7192982
0.8220339 0.7372881
0.2773109 0.2100840
0.8267717 0.8346457
0.8492063 0.8571429
0.7107438 0.5950413
0.1735537 0.1983471
0.8487395 0.8571429
0.07894737 0.07017544
0.8429752 0.8677686
0.8934426 0.8360656
0.7731092 0.7983193
