0 0
0.116 0.098
0.006 0.008
0.016 0.016
0.234 0.174
0.002 0
0.108 0.082
0.186 0.204
0.02 0.018
0.026 0.012
0.288 0.226
0.058 0.044
0.004 0.002
0.038 0.024
0.228 0.218
0.348 0.288
0.04 0.044
0.018 0.008
0.018 0.02
0.096 0.13
0.034 0.034
0.132 0.14
0.006 0.002
0.244 0.294
0.258 0.19
0.14 0.12
0.06 0.102
0.024 0.02
0.724 0.71
0.034 0.03
0.27 0.29
0.114 0.076
0.318 0.316
0.04 0.01
0.02 0.002
0.018 0.002
0.452 0.408
0.198 0.156
0.242 0.202
0.022 0.01
0.012 0.004
0.142 0.148
0.068 0.098
0.014 0.012
0.288 0.3
0.074 0.07
0.01 0.008
0.48 0.506
0.002 0
0.002 0
0.014 0.022
0.044 0.02
0.012 0.022
0.364 0.364
0.28 0.312
0.058 0.044
0.044 0.054
0.234 0.252
0.17 0.192
0.004 0.014
0.01 0.008
0.056 0.052
0.004 0.004
0.106 0.076
0 0
0.01 0.01
0.25 0.282
0.06 0.076
0.008 0.002
0.484 0.472
0.044 0.05
0.002 0.002
0.01 0.004
0.004 0
0.02 0.016
0.002 0.004
0.082 0.096
0.02 0.004
0.01 0.012
0.202 0.206
0.018 0.012
0.02 0.022
0.37 0.356
0.436 0.464
0.316 0.33
0.142 0.14
0.006 0.004
0.078 0.054
0.054 0.062
0.198 0.178
0.008 0.012
0.098 0.074
0.014 0.032
0.212 0.254
0.096 0.1
0.004 0.002
0.196 0.176
0.154 0.134
0.012 0.006
0.08 0.094
0.16 0.13
0.072 0.074
0.028 0.016
0.01 0.008
0.12 0.104
0.004 0
0 0
0 0
0.138 0.096
0.39 0.404
0.3 0.322
0 0
0.394 0.354
0.06 0.044
0.272 0.258
0.05 0.036
0.166 0.128
0.162 0.112
0.044 0.058
0.142 0.122
0.006 0.002
0.158 0.158
0.006 0
0.01 0.014
0.004 0.002
0.15 0.126
0.006 0.002
0.006 0.006
0.014 0.006
0.08 0.082
0.004 0.006
0.32 0.348
0.016 0.014
0 0
0.02 0.028
