0.012 0.002
0.352 0.322
0.004 0.004
0.004 0.008
0.274 0.238
0.002 0.004
0.222 0.172
0.114 0.14
0.018 0.018
0.018 0.012
0.328 0.278
0.03 0.044
0.002 0.004
0.04 0.024
0.156 0.182
0.39 0.328
0.048 0.036
0.016 0.008
0.02 0.022
0.086 0.068
0.06 0.034
0.198 0.162
0.01 0.004
0.352 0.39
0.238 0.202
0.164 0.122
0.062 0.082
0.016 0.024
0.632 0.678
0.2 0.178
0.306 0.272
0.06 0.044
0.212 0.23
0.042 0.032
0.016 0.012
0.012 0.014
0.372 0.412
0.116 0.122
0.246 0.196
0.008 0.006
0.004 0.004
0.178 0.178
0.092 0.098
0.004 0.008
0.218 0.23
0.096 0.064
0.006 0.014
0.484 0.506
0 0.002
0.004 0
0.02 0.02
0.068 0.042
0 0.002
0.462 0.446
0.214 0.278
0.056 0.086
0.014 0.022
0.206 0.21
0.062 0.08
0.012 0.014
0.036 0.032
0.068 0.08
0.01 0.01
0.094 0.078
0 0
0.038 0.058
0.152 0.182
0.05 0.042
0.002 0.012
0.414 0.408
0.056 0.032
0 0.008
0.026 0.02
0 0
0.024 0.022
0.004 0.002
0.082 0.074
0.024 0.01
0.004 0.008
0.22 0.226
0.02 0.012
0.032 0.014
0.15 0.088
0.164 0.162
0.394 0.412
0.16 0.174
0.004 0.004
0.002 0.002
0.03 0.032
0.218 0.182
0.008 0.026
0.062 0.058
0.042 0.028
0.232 0.28
0.094 0.066
0.004 0.004
0.22 0.23
0.286 0.256
0.008 0.018
0.076 0.092
0.104 0.082
0.104 0.058
0.024 0.04
0.01 0.02
0.116 0.094
0 0
0 0
0 0
0.164 0.148
0.474 0.47
0.56 0.498
0 0
0.258 0.31
0.016 0.018
0.24 0.246
0.07 0.056
0.146 0.126
0.136 0.128
0.04 0.038
0.172 0.144
0.014 0.024
0.156 0.164
0.034 0.03
0.002 0.006
0.004 0
0.204 0.196
0.002 0.002
0.004 0.004
0.01 0.016
0.192 0.196
0.002 0
0.218 0.178
0.004 0.002
0 0.002
0.028 0.014
