0.8780488 0.7723577
0.1982759 0.1293103
0.8461538 0.8119658
0.8780488 0.7154472
0.2231405 0.2727273
0.8842975 0.8677686
0.3412698 0.3809524
0.2905983 0.2820513
0.6280992 0.6115702
0.8016529 0.677686
0.1854839 0.2096774
0.4786325 0.4444444
0.9274194 0.8387097
0.5775862 0.6982759
0.3015873 0.3253968
0.1157025 0.1487603
0.6293103 0.6551724
0.717742 0.6854839
0.6324786 0.5982906
0.5982906 0.5555556
0.4354839 0.483871
0.2051282 0.1965812
0.8360656 0.8770492
0.04958678 0.0909091
0.07438017 0.1818182
0.5641026 0.6153846
0.3902439 0.3252033
0.6324786 0.7179487
0 0
0.3305785 0.3553719
0.1637931 0.0775862
0.4444444 0.4871795
0.1404959 0.1404959
0.5371901 0.4710744
0.8461538 0.8119658
0.8016529 0.8677686
0.06504065 0.05691057
0.2136752 0.2222222
0.1229508 0.1885246
0.8016529 0.7768595
0.6370968 0.75
0.1544715 0.1626016
0.5241935 0.483871
0.6854839 0.6532258
0.1532258 0.0967742
0.4628099 0.4876033
0.724138 0.8275862
0.008130081 0.01626016
0.9016393 0.8770492
0.8780488 0.8617886
0.6293103 0.5948276
0.4523810 0.5079365
0.6612903 0.5967742
0.02479339 0.02479339
0.2142857 0.1825397
0.3492063 0.3015873
0.7190083 0.553719
0.1854839 0.2258065
0.3189655 0.2586207
0.8677686 0.7272727
0.6293103 0.6293103
0.516129 0.4758065
0.7190083 0.8677686
0.338843 0.4132231
0.8387097 0.8064516
0.5950413 0.5454545
0.1735537 0.1404959
0.4224138 0.5344828
0.8016529 0.8677686
0.05982906 0.06837607
0.4112903 0.3790323
0.8780488 0.8617886
0.8253968 0.8492063
0.6837607 0.7179487
0.6495726 0.7179487
0.8780488 0.7723577
0.4435484 0.4677419
0.8016529 0.7603306
0.8387097 0.6935484
0.2195122 0.1788618
0.5867769 0.5785124
0.6724138 0.6637931
0.1967213 0.2295082
0.02419355 0.03225806
0.1293103 0.0775862
0.3275862 0.3448276
0.8842975 0.8677686
0.4193548 0.3870968
0.4482759 0.5172414
0.3606557 0.4016393
0.782258 0.75
0.4308943 0.5609756
0.5619835 0.677686
0.0909091 0.07438017
0.3278689 0.3852459
0.887931 0.8275862
0.07692308 0.0940171
0.2066116 0.3636364
0.717742 0.5967742
0.3442623 0.4180328
0.2682927 0.3252033
0.3884298 0.3801653
0.5785124 0.4958678
0.724138 0.7672414
0.3650794 0.4285714
0.8842975 0.8677686
0.8677686 0.8677686
0.9016393 0.8770492
0.3448276 0.3362069
0.04918033 0.07377049
0.05785124 0.08264463
0.8429752 0.7520661
0.2301587 0.1587302
0.4786325 0.5213675
0.1652893 0.1818182
0.4529915 0.4444444
0.2892562 0.2396694
0.3448276 0.3362069
0.5785124 0.5867769
0.09917355 0.1900826
0.8677686 0.768595
0.2649573 0.2564103
0.6854839 0.5887097
0.7844828 0.7672414
0.9274194 0.8387097
0.1639344 0.1639344
0.8429752 0.8595041
0.9016393 0.7704918
0.661157 0.7107438
0.3189655 0.2586207
0.8677686 0.8677686
0.1825397 0.1825397
0.785124 0.8595041
0.9016393 0.8770492
0.8360656 0.7704918
