0.6890756 0.8319328
0.1707317 0.1788618
0.7723577 0.6747967
0.8818898 0.8031496
0.168 0.176
0.8387097 0.782258
0.3387097 0.4032258
0.3305785 0.2727273
0.5948276 0.6637931
0.6752137 0.6923077
0.2601626 0.2682927
0.495935 0.5121951
0.8803419 0.7863248
0.6083333 0.55
0.1612903 0.2419355
0.06666667 0.06666667
0.376 0.408
0.8099174 0.8264463
0.699187 0.6829268
0.5603448 0.4396552
0.6666667 0.6341463
0.3416667 0.3083333
0.7931034 0.7844828
0.09482759 0.04310345
0.1794872 0.1538462
0.1652893 0.2396694
0.4552846 0.3739837
0.5702479 0.5950413
0 0
0.3658537 0.3739837
0.112 0.056
0.4552846 0.5284553
0.2016129 0.2096774
0.6068376 0.6153846
0.7916667 0.6833333
0.6410256 0.6410256
0.04065041 0.03252033
0.3902439 0.3658537
0.1209677 0.1451613
0.7419355 0.7258065
0.8666667 0.825
0.344 0.368
0.3613445 0.3445378
0.8099174 0.7933884
0.1239669 0.0661157
0.1300813 0.1382114
0.775862 0.862069
0.03361345 0.01680672
0.907563 0.8739496
0.907563 0.8739496
0.6324786 0.5982906
0.5299145 0.5384615
0.5203252 0.5121951
0.0967742 0.05645161
0.01666667 0.008333333
0.2100840 0.2605042
0.5275591 0.6062992
0.06034483 0.01724138
0.07317073 0.07317073
0.8292683 0.8536585
0.65 0.625
0.5950413 0.5206612
0.736 0.744
0.4 0.4666667
0.8803419 0.7863248
0.4628099 0.446281
0.3057851 0.2809917
0.1623932 0.1282051
0.724138 0.7844828
0.1916667 0.2166667
0.4094488 0.496063
0.7931034 0.862069
0.5333333 0.4666667
0.7931034 0.862069
0.5826772 0.6614173
0.8818898 0.8661417
0.4596774 0.483871
0.7401575 0.6535433
0.697479 0.8319328
0.08130081 0.1138211
0.6033058 0.7272727
0.6982759 0.5862069
0.2333333 0.2
0.300813 0.3333333
0.1451613 0.2016129
0.387931 0.3362069
0.907563 0.8319328
0.3534483 0.2931034
0.52 0.552
0.2689076 0.302521
0.7886179 0.8536585
0.5689655 0.5344828
0.5470085 0.6495726
0.16 0.152
0.3846154 0.4102564
0.8429752 0.7933884
0.1666667 0.1333333
0.2100840 0.302521
0.7024793 0.8264463
0.480315 0.5275591
0.1666667 0.1666667
0.300813 0.300813
0.5645161 0.5564516
0.6293103 0.6896552
0.2983871 0.3225806
0.8803419 0.7863248
0.888 0.88
0.907563 0.8739496
0.2333333 0.275
0.025 0.008333333
0.008130081 0.008130081
0.907563 0.8739496
0.2100840 0.2857143
0.4568966 0.4396552
0.1111111 0.1282051
0.4705882 0.4201681
0.3613445 0.3361345
0.3275862 0.2931034
0.6033058 0.661157
0.03252033 0.06504065
0.6837607 0.5470085
0.2844828 0.2931034
0.5702479 0.5371901
0.6324786 0.5982906
0.808 0.832
0.3162393 0.3162393
0.8803419 0.7863248
0.7723577 0.7317073
0.8031496 0.7322835
0.2931034 0.2844828
0.8448276 0.862069
0.08403361 0.1092437
0.7723577 0.7317073
0.7723577 0.7317073
0.688 0.648
