0.8403361 0.8487395
0.3333333 0.3821138
0.6639344 0.8032787
0.8717949 0.7435897
0.1404959 0.1487603
0.8403361 0.8487395
0.338843 0.3719008
0.3884298 0.4214876
0.6639344 0.704918
0.7317073 0.7398374
0.2177419 0.3064516
0.6752137 0.6581197
0.8717949 0.8290598
0.553719 0.5785124
0.2786885 0.2540984
0.02479339 0.04958678
0.3801653 0.5206612
0.7264957 0.8290598
0.8512397 0.7438017
0.4444444 0.4017094
0.446281 0.4710744
0.3223140 0.3305785
0.8629032 0.8709677
0.05645161 0.07258065
0.2396694 0.3553719
0.3846154 0.4273504
0.553719 0.5289256
0.6859504 0.5950413
0.03305785 0.02479339
0.3360656 0.3852459
0.3076923 0.3247863
0.3934426 0.4426230
0.1176471 0.09243697
0.5952381 0.7777778
0.661157 0.7933884
0.7478992 0.697479
0.02419355 0.02419355
0.3162393 0.3675214
0.1367521 0.1367521
0.789916 0.7394958
0.7933884 0.8595041
0.1764706 0.2016807
0.4354839 0.3870968
0.8595041 0.7107438
0.06722689 0.06722689
0.3884298 0.2644628
0.6693548 0.7741935
0.03968254 0.02380952
0.892562 0.8512397
0.8595041 0.8595041
0.677686 0.6942149
0.4523810 0.4603175
0.495935 0.3821138
0.0661157 0.03305785
0.1157025 0.09917355
0.4132231 0.338843
0.6115702 0.553719
0.2644628 0.2727273
0.2727273 0.1487603
0.7540984 0.8032787
0.553719 0.6115702
0.5901639 0.704918
0.8595041 0.768595
0.3931624 0.4273504
0.892562 0.8512397
0.4365079 0.3888889
0.3305785 0.3305785
0.1900826 0.1487603
0.7438017 0.7107438
0.2926829 0.2926829
0.4426230 0.4590164
0.8512397 0.8429752
0.5772358 0.4634146
0.8487395 0.7394958
0.815126 0.7647059
0.8780488 0.8455285
0.3140496 0.3884298
0.6722689 0.7394958
0.815126 0.7647059
0.2276423 0.2682927
0.7520661 0.8595041
0.5798319 0.7226891
0.03305785 0.07438017
0.3675214 0.3589744
0.4529915 0.4273504
0.4876033 0.3553719
0.8629032 0.8709677
0.6111111 0.5555556
0.4789916 0.4621849
0.2148760 0.3057851
0.7933884 0.8595041
0.3223140 0.3553719
0.6528926 0.7024793
0.2314050 0.2479339
0.398374 0.495935
0.7540984 0.8032787
0.3223140 0.2892562
0.2396694 0.2892562
0.6587302 0.6190476
0.4358974 0.4358974
0.2786885 0.3360656
0.3170732 0.3495935
0.6341463 0.5609756
0.7540984 0.8032787
0.2892562 0.2809917
0.8629032 0.8709677
0.8717949 0.8290598
0.7936508 0.7777778
0.4793388 0.4876033
0.04098361 0.04918033
0.008264463 0.008264463
0.8717949 0.8290598
0.1709402 0.1794872
0.516129 0.483871
0.1008403 0.09243697
0.5772358 0.5853659
0.3333333 0.3333333
0.2644628 0.2644628
0.6446281 0.7024793
0.04958678 0.05785124
0.8717949 0.8290598
0.3196721 0.3114754
0.4793388 0.4710744
0.766129 0.7741935
0.7886179 0.8455285
0.2941176 0.3193277
0.892562 0.8512397
0.8842975 0.8595041
0.7226891 0.6470588
0.2063492 0.1984127
0.8629032 0.8709677
0.0661157 0.02479339
0.8717949 0.8290598
0.8842975 0.8016529
0.8264463 0.8595041
