0.6982759 0.7586207
0.2941176 0.3277311
0.8709677 0.8709677
0.8487395 0.7478992
0.1935484 0.25
0.8907563 0.8403361
0.3916667 0.3833333
0.3697479 0.3445378
0.5714286 0.5634921
0.7310924 0.8403361
0.1465517 0.1982759
0.516129 0.5564516
0.752 0.8
0.5833333 0.6333333
0.2100840 0.2436975
0.07936508 0.07936508
0.4285714 0.4117647
0.7416667 0.8166667
0.697479 0.7142857
0.3865546 0.3193277
0.4621849 0.4033613
0.448 0.424
0.6896552 0.6982759
0.0483871 0.04032258
0.2268908 0.2436975
0.4285714 0.4117647
0.2605042 0.2184874
0.6302521 0.6386555
0 0
0.3865546 0.3193277
0.1092437 0.1008403
0.3529412 0.3445378
0.1176471 0.1092437
0.5546218 0.6134454
0.7310924 0.7226891
0.6470588 0.7058824
0.03448276 0.03448276
0.2941176 0.2773109
0.1982759 0.2327586
0.7310924 0.6470588
0.7478992 0.8319328
0.4033613 0.4117647
0.3359375 0.28125
0.6386555 0.6554622
0.05882353 0.05882353
0.394958 0.3781513
0.8125 0.8828125
0.04201681 0.04201681
0.7936508 0.7857143
0.8907563 0.8403361
0.6470588 0.512605
0.4621849 0.4369748
0.7310924 0.697479
0.05042017 0.05042017
0.0862069 0.0862069
0.4 0.3416667
0.4621849 0.4621849
0.02586207 0.03448276
0.184 0.104
0.8 0.8166667
0.4396552 0.4310345
0.7844828 0.5344828
0.75 0.78125
0.448 0.44
0.90625 0.8828125
0.4201681 0.4117647
0.1092437 0.1176471
0.2184874 0.1932773
0.752 0.8
0.1825397 0.2619048
0.4365079 0.3968254
0.7931034 0.8275862
0.56 0.56
0.7647059 0.7142857
0.7421875 0.703125
0.8709677 0.8709677
0.4603175 0.4365079
0.675 0.7416667
0.7844828 0.7672414
0.1982759 0.2327586
0.6470588 0.6890756
0.6386555 0.6554622
0.04166667 0.05833333
0.109375 0.09375
0.1774194 0.2016129
0.3362069 0.2844828
0.7844828 0.8275862
0.2672414 0.2758621
0.6416667 0.6083333
0.2352941 0.3277311
0.8709677 0.8709677
0.5462185 0.4957983
0.6 0.696
0.1428571 0.1176471
0.4285714 0.4369748
0.7936508 0.7857143
0.1120690 0.1120690
0.2672414 0.25
0.6638655 0.697479
0.4741379 0.4310345
0.2689076 0.302521
0.3 0.2916667
0.592 0.632
0.7563025 0.7058824
0.3697479 0.3445378
0.8907563 0.8403361
0.887931 0.8275862
0.8833333 0.8916667
0.375 0.359375
0.05882353 0.05042017
0.008403361 0.01680672
0.8487395 0.8319328
0.3571429 0.3968254
0.5333333 0.4666667
0.1129032 0.1612903
0.56 0.56
0.3277311 0.3445378
0.3613445 0.3445378
0.6554622 0.605042
0.04166667 0.05
0.6833333 0.7583333
0.376 0.48
0.5042017 0.4705882
0.7310924 0.6386555
0.8319328 0.7731092
0.3277311 0.3193277
0.8709677 0.8709677
0.8709677 0.8709677
0.6349206 0.6984127
0.3225806 0.2661290
0.8833333 0.8916667
0.06722689 0.08403361
0.8907563 0.8403361
0.7647059 0.7478992
0.6722689 0.7058824
