0.7107438 0.8429752
0.3445378 0.3865546
0.8333333 0.7857143
0.775 0.8666667
0.1538462 0.1623932
0.8548387 0.8387097
0.3781513 0.4117647
0.2195122 0.1544715
0.5982906 0.6324786
0.7355372 0.7355372
0.3445378 0.3361345
0.7698413 0.7142857
0.8403361 0.907563
0.6324786 0.6923077
0.2564103 0.2820513
0.0909091 0.1157025
0.398374 0.4308943
0.5916667 0.575
0.5916667 0.6333333
0.4308943 0.3658537
0.4789916 0.5210084
0.2820513 0.4017094
0.7606838 0.8034188
0.05882353 0.04201681
0.1854839 0.2096774
0.394958 0.4117647
0.5333333 0.4333333
0.65 0.6833333
0.03418803 0.05982906
0.468254 0.5238095
0.4365079 0.3968254
0.3445378 0.2941176
0.1463415 0.1300813
0.7394958 0.6638655
0.7 0.6916667
0.7804878 0.804878
0.007936508 0.01587302
0.2644628 0.2892562
0.1951220 0.1788618
0.733871 0.8387097
0.8333333 0.75
0.2857143 0.2016807
0.3846154 0.2820513
0.7024793 0.6859504
0.07563025 0.09243697
0.3730159 0.3095238
0.7419355 0.7741935
0.0661157 0.05785124
0.8235294 0.8403361
0.8833333 0.8666667
0.6638655 0.5966387
0.4523810 0.5079365
0.6666667 0.6
0.1 0.06666667
0.3166667 0.2833333
0.4112903 0.3629032
0.5083333 0.5
0.1 0.075
0.2393162 0.1794872
0.8455285 0.804878
0.6532258 0.7741935
0.4471545 0.4390244
0.7606838 0.8034188
0.3968254 0.4047619
0.8403361 0.907563
0.4529915 0.4102564
0.1916667 0.1916667
0.1260504 0.1176471
0.7833333 0.8666667
0.1428571 0.1932773
0.5213675 0.5470085
0.8403361 0.907563
0.7380952 0.6507937
0.8833333 0.8666667
0.5 0.5080645
0.8253968 0.8015873
0.4677419 0.5080645
0.7394958 0.907563
0.7698413 0.6746032
0.3166667 0.3666667
0.7179487 0.8034188
0.5213675 0.5726496
0.1138211 0.1300813
0.06666667 0.15
0.2195122 0.1788618
0.4435484 0.4516129
0.8833333 0.75
0.2991453 0.2393162
0.512605 0.5966387
0.3666667 0.325
0.8403361 0.8067227
0.4333333 0.45
0.55 0.6166667
0.425 0.3666667
0.4033613 0.4453782
0.8253968 0.8015873
0.1083333 0.09166667
0.3174603 0.3492063
0.468254 0.6428571
0.3305785 0.3305785
0.2416667 0.1916667
0.5793651 0.7142857
0.6528926 0.5702479
0.6218487 0.8403361
0.3305785 0.3057851
0.8235294 0.8403361
0.8403361 0.907563
0.8235294 0.8403361
0.275 0.35
0 0.01652893
0.008333333 0.008333333
0.8548387 0.8387097
0.3109244 0.3613445
0.4666667 0.4583333
0.09243697 0.1344538
0.5952381 0.547619
0.2857143 0.3361345
0.3571429 0.3730159
0.487395 0.4537815
0.05042017 0.03361345
0.7606838 0.8034188
0.15 0.125
0.4957265 0.5213675
0.6612903 0.7741935
0.7355372 0.7355372
0.3697479 0.3109244
0.8512397 0.8429752
0.8461538 0.8461538
0.699187 0.6422764
0.1788618 0.1544715
0.8512397 0.8429752
0.0952381 0.1031746
0.8833333 0.8666667
0.6554622 0.7058824
0.6198347 0.661157
