0.008 0.006
0.216 0.234
0 0.002
0.006 0.006
0.288 0.238
0.002 0
0.07 0.066
0.032 0.042
0.024 0.016
0.014 0.004
0.292 0.242
0.054 0.046
0.01 0.002
0.016 0.018
0.17 0.13
0.386 0.366
0.106 0.048
0.004 0
0.028 0.008
0.052 0.078
0.064 0.032
0.094 0.062
0.002 0.008
0.22 0.194
0.226 0.188
0.232 0.198
0.054 0.068
0.008 0.014
0.64 0.686
0.074 0.086
0.334 0.364
0.062 0.062
0.302 0.334
0.008 0.004
0.006 0.002
0.012 0.014
0.572 0.598
0.13 0.114
0.23 0.186
0.018 0.02
0.002 0.002
0.172 0.182
0.086 0.13
0.016 0.014
0.176 0.276
0.106 0.162
0.012 0.006
0.382 0.408
0 0
0 0.002
0.04 0.048
0.054 0.024
0.05 0.054
0.384 0.438
0.172 0.2
0.206 0.24
0.052 0.062
0.43 0.486
0.146 0.184
0.004 0.004
0.018 0.01
0.038 0.028
0.004 0.004
0.038 0.018
0 0
0.038 0.052
0.206 0.234
0.158 0.182
0 0.004
0.218 0.166
0.042 0.038
0.002 0.002
0.034 0.042
0.01 0.01
0.024 0.016
0 0.004
0.022 0.024
0.03 0.014
0.02 0.008
0.166 0.19
0.02 0.01
0.032 0.026
0.326 0.324
0.326 0.336
0.242 0.23
0.132 0.146
0.008 0.004
0.144 0.15
0.026 0.022
0.152 0.134
0.012 0.002
0.038 0.008
0.018 0.016
0.286 0.288
0.102 0.082
0.006 0.006
0.178 0.214
0.19 0.128
0.038 0.048
0.016 0.018
0.194 0.198
0.108 0.096
0.036 0.02
0.024 0.012
0.088 0.082
0 0
0 0
0 0
0.116 0.094
0.182 0.196
0.602 0.578
0 0
0.212 0.252
0.094 0.086
0.338 0.258
0.082 0.062
0.098 0.11
0.05 0.036
0.056 0.054
0.348 0.322
0.016 0.016
0.212 0.25
0.048 0.046
0.012 0.012
0 0.004
0.096 0.122
0 0
0 0
0.012 0.016
0.138 0.164
0.004 0.002
0.216 0.208
0 0
0.028 0.02
0.026 0.004
