0.008 0.008
0.276 0.258
0 0.002
0.008 0.012
0.306 0.246
0.002 0
0.088 0.052
0.18 0.158
0.05 0.026
0.032 0.022
0.092 0.05
0.04 0.048
0.004 0.004
0.024 0.016
0.16 0.136
0.456 0.412
0.082 0.054
0.008 0.004
0.004 0.014
0.046 0.056
0.064 0.054
0.066 0.064
0.006 0.002
0.4 0.406
0.216 0.182
0.234 0.184
0.058 0.048
0.05 0.048
0.656 0.684
0.094 0.084
0.364 0.396
0.08 0.066
0.296 0.398
0.034 0.038
0.016 0.016
0.016 0.014
0.53 0.51
0.208 0.182
0.216 0.232
0.008 0.018
0.006 0.008
0.106 0.114
0.102 0.13
0.018 0.008
0.144 0.21
0.13 0.138
0.014 0.006
0.412 0.378
0 0.002
0 0
0 0.002
0.044 0.036
0.048 0.054
0.464 0.544
0.232 0.208
0.118 0.14
0.032 0.034
0.464 0.496
0.272 0.332
0.004 0.002
0.022 0.01
0.054 0.062
0.006 0.008
0.084 0.086
0.002 0
0.036 0.028
0.152 0.154
0.114 0.112
0.002 0.004
0.202 0.134
0.042 0.02
0.002 0.006
0.026 0.02
0.012 0.012
0.012 0.016
0.01 0.004
0.026 0.026
0.026 0.02
0.01 0.008
0.094 0.084
0.016 0.01
0.028 0.028
0.29 0.264
0.348 0.372
0.046 0.046
0.11 0.074
0.012 0.012
0.186 0.156
0.074 0.08
0.148 0.134
0.004 0.002
0.072 0.07
0.03 0.036
0.392 0.338
0.144 0.11
0.006 0.004
0.164 0.196
0.158 0.154
0.03 0.034
0.05 0.042
0.196 0.178
0.08 0.074
0.036 0.014
0.02 0.016
0.108 0.094
0 0
0 0
0 0
0.068 0.052
0.416 0.43
0.592 0.578
0 0.002
0.132 0.178
0.074 0.04
0.352 0.316
0.06 0.036
0.178 0.16
0.122 0.1
0.052 0.036
0.39 0.416
0.014 0.014
0.15 0.146
0.052 0.068
0.01 0.01
0 0.006
0.176 0.172
0.004 0
0.006 0.002
0.036 0.04
0.164 0.196
0 0
0.292 0.302
0 0
0.014 0.02
0.018 0.016
