0.008 0.004
0.19 0.19
0.016 0.006
0.014 0.014
0.296 0.256
0 0.002
0.102 0.07
0.068 0.048
0.028 0.028
0.016 0.014
0.208 0.154
0.062 0.042
0.002 0.004
0.016 0.022
0.204 0.198
0.372 0.374
0.122 0.122
0.018 0.006
0.012 0.008
0.05 0.058
0.054 0.056
0.086 0.09
0.006 0.008
0.362 0.372
0.208 0.166
0.19 0.152
0.054 0.074
0.028 0.016
0.25 0.256
0.06 0.054
0.35 0.38
0.106 0.082
0.292 0.316
0.034 0.034
0.02 0.014
0.028 0.014
0.546 0.536
0.076 0.08
0.22 0.226
0.018 0.024
0.004 0.004
0.138 0.168
0.148 0.126
0.004 0.002
0.296 0.33
0.14 0.18
0.008 0.006
0.438 0.444
0.004 0.004
0 0
0.032 0.038
0.048 0.05
0.004 0.002
0.43 0.444
0.198 0.184
0.058 0.046
0.03 0.04
0.488 0.476
0.262 0.258
0.006 0.002
0.034 0.04
0.018 0.002
0.008 0.002
0.092 0.078
0 0
0.082 0.09
0.23 0.178
0.098 0.134
0.006 0.008
0.232 0.198
0.062 0.058
0.006 0.002
0.024 0.04
0.008 0.012
0.002 0.004
0.004 0
0.046 0.072
0.024 0.016
0.01 0.01
0.112 0.116
0.008 0.006
0.022 0.018
0.43 0.372
0.092 0.082
0.182 0.146
0.086 0.072
0.008 0.002
0.152 0.126
0.044 0.054
0.136 0.126
0.004 0.002
0.042 0.068
0.04 0.034
0.232 0.286
0.114 0.1
0 0.004
0.186 0.18
0.172 0.13
0.022 0.014
0.07 0.064
0.224 0.194
0.144 0.16
0.012 0.026
0.006 0.006
0.122 0.106
0.002 0
0 0
0.002 0
0.09 0.08
0.434 0.438
0.52 0.464
0 0
0.198 0.214
0.062 0.052
0.292 0.256
0.064 0.058
0.184 0.206
0.132 0.152
0.018 0.014
0.284 0.244
0.026 0.026
0.134 0.112
0.052 0.034
0.01 0.01
0.002 0.002
0.178 0.172
0.008 0.006
0.008 0
0.026 0.012
0.15 0.14
0 0
0.252 0.274
0 0
0.014 0.01
0.022 0.024
