0.8278689 0.8360656
0.4086957 0.3565217
0.8782609 0.8782609
0.8442623 0.8278689
0.1739130 0.2086957
0.8606557 0.8196721
0.2869565 0.3652174
0.3606557 0.352459
0.7372881 0.6525424
0.7583333 0.7333333
0.2459016 0.2868852
0.7131148 0.8278689
0.7913043 0.8782609
0.5655738 0.704918
0.2357724 0.2764228
0.05691057 0.07317073
0.3688525 0.4180328
0.7704918 0.7622951
0.7542373 0.6525424
0.4918033 0.4426230
0.4508197 0.5327869
0.4426230 0.4262295
0.7459016 0.8196721
0.04098361 0.03278689
0.1639344 0.2131148
0.2276423 0.2113821
0.4508197 0.3852459
0.7913043 0.7304348
0 0
0.3833333 0.3416667
0.05737705 0.09016393
0.4 0.4666667
0.1967213 0.1885246
0.5934959 0.601626
0.7295082 0.5819672
0.704918 0.6393443
0.008695652 0
0.2260870 0.2260870
0.1550388 0.1627907
0.7583333 0.7583333
0.7583333 0.825
0.1967213 0.1803279
0.4754098 0.4672131
0.7459016 0.7377049
0.05932203 0.05084746
0.2627119 0.1610169
0.9016393 0.7704918
0.04098361 0.05737705
0.825 0.825
0.8292683 0.8861789
0.825 0.825
0.4426230 0.4918033
0.503876 0.5736434
0.04166667 0.04166667
0.1229508 0.1229508
0.3442623 0.3360656
0.4918033 0.5491803
0.008333333 0.025
0.2049180 0.1967213
0.8770492 0.7622951
0.5762712 0.7966102
0.5491803 0.4262295
0.704918 0.7540984
0.3304348 0.4608696
0.8782609 0.8782609
0.4878049 0.4390244
0.1271186 0.1016949
0.2966102 0.1694915
0.8442623 0.7459016
0.1639344 0.1475410
0.4918033 0.6229508
0.8278689 0.8360656
0.7913043 0.6608696
0.6916667 0.825
0.6803279 0.8360656
0.8606557 0.8196721
0.557377 0.4754098
0.699187 0.7560976
0.779661 0.7966102
0.1967213 0.1803279
0.5901639 0.6229508
0.55 0.6166667
0.08333333 0.1416667
0.05932203 0.07627119
0.2542373 0.1949153
0.4347826 0.4521739
0.9016393 0.8442623
0.2926829 0.2682927
0.4883721 0.4341085
0.1565217 0.2173913
0.8442623 0.8278689
0.4262295 0.5245902
0.4883721 0.5193798
0.1550388 0.1472868
0.3852459 0.3606557
0.9152542 0.8559322
0.1557377 0.1721311
0.2459016 0.2868852
0.6355932 0.6186441
0.4715447 0.4878049
0.2357724 0.2764228
0.3688525 0.3688525
0.6721311 0.6967213
0.6440678 0.6186441
0.2782609 0.3565217
0.825 0.825
0.8442623 0.8278689
0.8442623 0.8278689
0.4754098 0.5081967
0.03278689 0.02459016
0.007751938 0.007751938
0.8782609 0.8782609
0.3032787 0.2786885
0.6355932 0.6525424
0.09016393 0.1147541
0.5084746 0.5423729
0.2868852 0.3114754
0.2868852 0.3360656
0.5901639 0.7131148
0.07377049 0.08196721
0.825 0.825
0.3688525 0.3442623
0.5737705 0.5327869
0.7565217 0.8
0.8782609 0.8086957
0.279661 0.2627119
0.9016393 0.8442623
0.8770492 0.8360656
0.699187 0.7560976
0.2601626 0.2357724
0.8782609 0.8782609
0.09322034 0.1016949
0.8782609 0.8782609
0.7459016 0.7459016
0.6083333 0.6166667
