0.7586207 0.8189655
0.275 0.3
0.725 0.8166667
0.5952381 0.6825397
0.1393443 0.1393443
0.8114754 0.7868852
0.4552846 0.5203252
0.3793103 0.3793103
0.55 0.6333333
0.7890625 0.6484375
0.2258065 0.2983871
0.5284553 0.3658537
0.875 0.7083333
0.7068966 0.5948276
0.1788618 0.2520325
0.1774194 0.2338710
0.4916667 0.5
0.6637931 0.8189655
0.7155172 0.6465517
0.6290323 0.5806452
0.4416667 0.45
0.4227642 0.4634146
0.8416667 0.8166667
0.3333333 0.3495935
0.09836066 0.08196721
0.40625 0.4609375
0.2520325 0.2439024
0.601626 0.5284553
0.008333333 0.01666667
0.325 0.3666667
0.1065574 0.1311475
0.1147541 0.09836066
0.7586207 0.75
0.704918 0.5901639
0.6854839 0.6532258
0 0
0.140625 0.15625
0.1935484 0.2258065
0.8114754 0.8360656
0.7890625 0.7265625
0.4568966 0.3965517
0.5447154 0.5203252
0.495935 0.4552846
0.8130081 0.6829268
0.1290323 0.0967742
0.5655738 0.6229508
0.699187 0.6666667
0.1382114 0.1869919
0.875 0.8083333
0.8534483 0.8189655
0.7586207 0.8189655
0.5234375 0.4921875
0.8 0.8083333
0.125 0.125
0.06666667 0.05833333
0.1833333 0.1583333
0.4609375 0.5703125
0.09166667 0.09166667
0.1333333 0.1
0.8 0.725
0.5655738 0.5819672
0.5645161 0.5564516
0.8114754 0.7377049
0.3951613 0.4354839
0.8114754 0.7868852
0.5775862 0.5603448
0.2377049 0.2049180
0.4262295 0.3688525
0.175 0.175
0.75 0.6935484
0.1967213 0.1967213
0.4655172 0.4482759
0.725 0.7
0.8114754 0.8360656
0.8306452 0.8145161
0.5806452 0.6370968
0.8130081 0.7560976
0.4065041 0.4715447
0.4308943 0.3577236
0.6904762 0.8412698
0.8114754 0.6885246
0.1833333 0.1833333
0.6065574 0.7377049
0.6393443 0.5901639
0.08730159 0.0952381
0.008333333 0.01666667
0.03252033 0.04065041
0.3083333 0.3083333
0.8534483 0.8189655
0.4227642 0.5121951
0.5163934 0.6393443
0.425 0.4083333
0.8534483 0.75
0.5655738 0.5819672
0.6393443 0.7377049
0.2068966 0.2241379
0.4416667 0.5166667
0.7890625 0.7265625
0.3730159 0.4206349
0.1219512 0.1219512
0.2758621 0.25
0.3793103 0.3103448
0.3968254 0.4285714
0.2758621 0.2758621
0.4666667 0.5416667
0.7580645 0.7096774
0.4344262 0.4836066
0.8292683 0.804878
0.8650794 0.8412698
0.8416667 0.8166667
0.2357724 0.2113821
0.03252033 0.04065041
0.08730159 0.08730159
0.875 0.8083333
0.1885246 0.1885246
0.5079365 0.515873
0.1229508 0.1147541
0.2764228 0.3658537
0.25 0.275
0.2520325 0.2601626
0.4051724 0.4741379
0.0775862 0.0862069
0.7295082 0.7868852
0.06666667 0.05833333
0.7155172 0.6465517
0.8015873 0.8412698
0.7704918 0.8360656
0.1967213 0.1803279
0.725 0.8166667
0.7890625 0.7265625
0.2166667 0.2083333
0.8130081 0.7560976
0.1869919 0.2195122
0.8114754 0.7868852
0.8416667 0.8166667
0.531746 0.4444444
