0.7622951 0.7786885
0.3492063 0.3650794
0.8110236 0.8110236
0.6833333 0.7166667
0.1968504 0.2047244
0.8487395 0.8403361
0.4745763 0.5
0.3606557 0.2786885
0.5583333 0.6
0.6557377 0.7786885
0.1968504 0.2598425
0.344 0.304
0.7815126 0.6890756
0.5546218 0.5546218
0.2460317 0.2936508
0.1825397 0.1825397
0.6859504 0.6528926
0.7288136 0.8050847
0.6033058 0.6033058
0.5882353 0.512605
0.5294118 0.4453782
0.2314050 0.2479339
0.8833333 0.8
0.302521 0.2689076
0.1031746 0.1190476
0.488 0.632
0.3109244 0.3445378
0.6554622 0.5966387
0 0
0.3474576 0.3220339
0.07086614 0.05511811
0.112 0.128
0.7583333 0.8
0.6929134 0.6614173
0.6302521 0.6218487
0.01694915 0.008474576
0.1 0.06666667
0.1333333 0.1416667
0.8833333 0.7166667
0.8487395 0.7815126
0.5166667 0.4
0.6033058 0.5123967
0.5338983 0.5169492
0.7142857 0.8403361
0.08474576 0.07627119
0.5338983 0.5
0.6666667 0.5952381
0.1596639 0.1680672
0.838983 0.8050847
0.8487395 0.8403361
0.8487395 0.7815126
0.4590164 0.4590164
0.7394958 0.8403361
0.02542373 0.01694915
0.0909091 0.08264463
0.325 0.3416667
0.6363636 0.5702479
0.1557377 0.1639344
0.1016949 0.1355932
0.792 0.76
0.5081967 0.5655738
0.5950413 0.6033058
0.7622951 0.7786885
0.4098361 0.4180328
0.8360656 0.7786885
0.512605 0.512605
0.224 0.192
0.3622047 0.4251969
0.296 0.232
0.7603306 0.7768595
0.1653543 0.1574803
0.35 0.4
0.7372881 0.8050847
0.8487395 0.7058824
0.838983 0.8050847
0.7394958 0.8403361
0.8487395 0.8403361
0.44 0.448
0.3898305 0.440678
0.7226891 0.7815126
0.7603306 0.6033058
0.128 0.128
0.6062992 0.6062992
0.575 0.4916667
0.09448819 0.1181102
0 0
0.04201681 0.05042017
0.302521 0.2689076
0.8253968 0.8015873
0.8360656 0.7786885
0.5378151 0.512605
0.425 0.4
0.7063492 0.6587302
0.5511811 0.5433071
0.6220472 0.6299213
0.2479339 0.2892562
0.4416667 0.4583333
0.6859504 0.6033058
0.3852459 0.3196721
0.09243697 0.09243697
0.1900826 0.2314050
0.3442623 0.2786885
0.4206349 0.3650794
0.2941176 0.2016807
0.575 0.5
0.6218487 0.7815126
0.4566929 0.503937
0.8582677 0.7401575
0.838983 0.8050847
0.838983 0.8050847
0.1428571 0.1092437
0.09448819 0.05511811
0.088 0.112
0.8360656 0.7786885
0.2677165 0.1889764
0.5882353 0.5714286
0.1008403 0.1008403
0.375 0.4
0.3174603 0.2857143
0.296 0.288
0.5294118 0.4117647
0.09243697 0.1092437
0.838983 0.8050847
0.3801653 0.3471074
0.6280992 0.6115702
0.7559055 0.6614173
0.8360656 0.7786885
0.1271186 0.1016949
0.8487395 0.8403361
0.6859504 0.6033058
0.2352941 0.2100840
0.8833333 0.8
0.01574803 0.007874016
0.792 0.76
0.7815126 0.697479
0.488189 0.496063
