0.8403361 0.7226891
0.2123894 0.2566372
0.7142857 0.8015873
0.5793651 0.6269841
0.2142857 0.2539683
0.8099174 0.677686
0.4672131 0.4426230
0.3606557 0.3114754
0.7086614 0.6377953
0.7016129 0.6209677
0.2704918 0.3114754
0.6984127 0.7222222
0.6269841 0.6507937
0.5752212 0.6637168
0.175 0.175
0.3223140 0.4214876
0.5867769 0.5785124
0.6048387 0.8064516
0.7478992 0.6218487
0.4793388 0.4710744
0.4754098 0.4754098
0.2314050 0.2479339
0.8403361 0.8067227
0.2809917 0.3305785
0.1166667 0.1166667
0.5634921 0.531746
0.2644628 0.2314050
0.5867769 0.5785124
0.007936508 0
0.3185841 0.2566372
0.02654867 0.05309735
0.1048387 0.0967742
0.7876106 0.7876106
0.6269841 0.7142857
0.7876106 0.7876106
0.008849558 0.008849558
0.1349206 0.1349206
0.2035398 0.2123894
0.6299213 0.8188976
0.6984127 0.6666667
0.3770492 0.3360656
0.5916667 0.6083333
0.3833333 0.4916667
0.7478992 0.7226891
0.1190476 0.08730159
0.511811 0.496063
0.7876106 0.6814159
0.1612903 0.2096774
0.8174603 0.7222222
0.8174603 0.7222222
0.8360656 0.8278689
0.4444444 0.5
0.8403361 0.8067227
0.08196721 0.07377049
0.04201681 0.03361345
0.3008850 0.3893805
0.5840708 0.4690265
0.1311475 0.1393443
0.1746032 0.1269841
0.825 0.825
0.5396825 0.5
0.5555556 0.4920635
0.8360656 0.8278689
0.3865546 0.394958
0.8174603 0.7222222
0.5546218 0.5294118
0.2698413 0.2460317
0.446281 0.4132231
0.2222222 0.2301587
0.8938053 0.9026549
0.1848739 0.1680672
0.4705882 0.4369748
0.8360656 0.8278689
0.7086614 0.8188976
0.8403361 0.8067227
0.8360656 0.704918
0.8095238 0.7857143
0.4049587 0.4214876
0.3057851 0.2561983
0.8360656 0.7622951
0.6031746 0.6269841
0.1269841 0.1269841
0.5483871 0.5887097
0.5725806 0.516129
0.04032258 0.07258065
0.01574803 0
0.01666667 0.03333333
0.2419355 0.2419355
0.8938053 0.9026549
0.5 0.516129
0.6031746 0.5873016
0.3583333 0.3666667
0.8095238 0.7142857
0.483871 0.4919355
0.6446281 0.6198347
0.2333333 0.175
0.4758065 0.5403226
0.8253968 0.8015873
0.3937008 0.3700787
0.175 0.125
0.3174603 0.3333333
0.2834646 0.3149606
0.3361345 0.3697479
0.2123894 0.2300885
0.5083333 0.4916667
0.7416667 0.825
0.5083333 0.4916667
0.8938053 0.9026549
0.8403361 0.8067227
0.8938053 0.9026549
0.1900826 0.1487603
0.1415929 0.1504425
0.07079646 0.07964602
0.8360656 0.8278689
0.2419355 0.2419355
0.5210084 0.5294118
0.075 0.1083333
0.2920354 0.3185841
0.2834646 0.2677165
0.2698413 0.2936508
0.5210084 0.512605
0.07874016 0.08661417
0.7459016 0.8278689
0.07142857 0.06349206
0.5929204 0.5752212
0.7416667 0.6833333
0.825 0.7583333
0.1238938 0.1327434
0.8938053 0.9026549
0.8938053 0.7433628
0.3223140 0.3223140
0.825 0.825
0.04761905 0.05555556
0.8403361 0.8067227
0.7272727 0.6198347
0.5546218 0.5378151
