0.703125 0.796875
0.2773109 0.3361345
0.8666667 0.8333333
0.6 0.6083333
0.2352941 0.2436975
0.8373984 0.8130081
0.5130435 0.4521739
0.3529412 0.3613445
0.6097561 0.7154472
0.5826087 0.6
0.1680672 0.2352941
0.7983193 0.7058824
0.6614173 0.6062992
0.5934959 0.6747967
0.2260870 0.2521739
0.1869919 0.1951220
0.394958 0.3697479
0.6086957 0.6782609
0.6806723 0.5630252
0.5966387 0.5966387
0.4806202 0.4728682
0.4016393 0.3852459
0.8114754 0.8114754
0.2521739 0.2608696
0.1344538 0.1260504
0.557377 0.4918033
0.3529412 0.2268908
0.6015625 0.5234375
0.04918033 0.04918033
0.2598425 0.2283465
0.04166667 0.05
0.109375 0.0859375
0.7868852 0.8114754
0.6829268 0.8130081
0.5462185 0.487395
0 0
0.1967213 0.1393443
0.1065574 0.1229508
0.7322835 0.7952756
0.7043478 0.7826087
0.3 0.2833333
0.4836066 0.4590164
0.4651163 0.4728682
0.7478992 0.7647059
0.1056911 0.09756098
0.7043478 0.5391304
0.7478992 0.7647059
0.2016807 0.1764706
0.8434783 0.7826087
0.8434783 0.7826087
0.7983193 0.7058824
0.5210084 0.5294118
0.8114754 0.8114754
0.08527132 0.03100775
0.06299213 0.05511811
0.275 0.2666667
0.6311475 0.5409836
0.2521739 0.3304348
0.3 0.2666667
0.8373984 0.8130081
0.6521739 0.7478261
0.6147541 0.6065574
0.795082 0.8114754
0.4260870 0.4434783
0.795082 0.8114754
0.5245902 0.5163934
0.2268908 0.2184874
0.3953488 0.3953488
0.3 0.275
0.8770492 0.8114754
0.28125 0.234375
0.3697479 0.3613445
0.8666667 0.8333333
0.8434783 0.7478261
0.8666667 0.8333333
0.6083333 0.7
0.8434783 0.7826087
0.4471545 0.4471545
0.3913043 0.4521739
0.7868852 0.7213115
0.7043478 0.6782609
0.125 0.125
0.704918 0.8114754
0.4201681 0.5378151
0.05217391 0.03478261
0.008403361 0.008403361
0.02362205 0.03149606
0.3666667 0.3083333
0.8770492 0.8114754
0.6065574 0.6065574
0.5546218 0.5042017
0.487395 0.4033613
0.8434783 0.7826087
0.4728682 0.496124
0.704918 0.6229508
0.1304348 0.09565217
0.5245902 0.6065574
0.7322835 0.7952756
0.3495935 0.3495935
0.1311475 0.1229508
0.2773109 0.3613445
0.390625 0.328125
0.3333333 0.3333333
0.2540984 0.2868852
0.394958 0.394958
0.5916667 0.675
0.3697479 0.3613445
0.8666667 0.8333333
0.795082 0.8114754
0.8373984 0.8130081
0.2047244 0.2047244
0.04098361 0.05737705
0.140625 0.171875
0.8373984 0.8130081
0.2268908 0.2100840
0.6416667 0.6083333
0.09243697 0.1260504
0.3577236 0.4065041
0.3361345 0.302521
0.2093023 0.2403101
0.4645669 0.4645669
0.1260504 0.1176471
0.8319328 0.7647059
0.1391304 0.1478261
0.7983193 0.7058824
0.7478992 0.6302521
0.703125 0.796875
0.07874016 0.1496063
0.7868852 0.8114754
0.704918 0.6065574
0.2016807 0.1764706
0.8434783 0.7826087
0.1803279 0.1967213
0.7154472 0.8130081
0.7333333 0.7
0.4117647 0.512605
