0.004 0.002
0.15 0.158
0.004 0.002
0.018 0.022
0.216 0.186
0 0
0.074 0.048
0.14 0.176
0.012 0.006
0.008 0.002
0.224 0.136
0.006 0.008
0.01 0.016
0.026 0.02
0.126 0.122
0.154 0.15
0.034 0.026
0.008 0.006
0.032 0.024
0.032 0.042
0.06 0.034
0.102 0.104
0.002 0.002
0.134 0.08
0.33 0.268
0.04 0.038
0.224 0.262
0.018 0.018
0.578 0.568
0.116 0.104
0.514 0.514
0.104 0.142
0.002 0.002
0.02 0.012
0.024 0.016
0.64 0.642
0.324 0.304
0.236 0.21
0.002 0.006
0.002 0.002
0.082 0.076
0.044 0.064
0.04 0.024
0.004 0.004
0.294 0.36
0.022 0.028
0.016 0.012
0.214 0.194
0 0
0 0
0.002 0.006
0.026 0.02
0 0
0.416 0.42
0.462 0.504
0.128 0.126
0.052 0.036
0.266 0.246
0.332 0.368
0.002 0
0.012 0.01
0.026 0.016
0.004 0.002
0.084 0.046
0.002 0
0.086 0.092
0.16 0.166
0.124 0.1
0.104 0.142
0.006 0
0.14 0.072
0.08 0.082
0.002 0.002
0.006 0.006
0 0
0.016 0.014
0 0.002
0.05 0.056
0.006 0.008
0.028 0.018
0.004 0.002
0.254 0.244
0.014 0.016
0.024 0.034
0.384 0.352
0.574 0.544
0.484 0.494
0.154 0.144
0.002 0
0.026 0.02
0.042 0.048
0.032 0.028
0.016 0.006
0.044 0.032
0.01 0.006
0.144 0.17
0.042 0.024
0.004 0.002
0.078 0.094
0.31 0.316
0.118 0.088
0.11 0.124
0.06 0.052
0.16 0.132
0.072 0.072
0.01 0.006
0.076 0.072
0.002 0
0.002 0
0 0
0.2 0.174
0.398 0.434
0.456 0.386
0.006 0
0.198 0.214
0.034 0.026
0.11 0.08
0.104 0.066
0.148 0.15
0.132 0.144
0.068 0.086
0.392 0.394
0.006 0
0.394 0.404
0.018 0.022
0.014 0.01
0.006 0.006
0.308 0.302
0 0
0.02 0.014
0.262 0.22
0 0
0.488 0.512
0 0.002
0.012 0.008
0.054 0.05
