0.008 0.006
0.172 0.134
0 0.004
0.002 0
0.232 0.192
0.002 0
0.056 0.062
0.156 0.156
0.014 0.014
0.014 0.004
0.154 0.148
0.008 0.002
0.014 0.012
0.014 0.012
0.106 0.076
0.23 0.206
0.038 0.018
0.02 0.018
0.018 0.032
0.01 0.018
0.016 0.02
0.094 0.086
0 0
0.1 0.102
0.4 0.4
0.034 0.032
0.178 0.184
0.024 0.018
0.59 0.586
0.088 0.124
0.406 0.384
0.232 0.244
0.01 0.002
0.022 0.004
0.012 0.016
0.566 0.63
0.28 0.298
0.246 0.25
0.006 0.002
0.006 0.002
0.032 0.028
0.022 0.016
0.022 0.022
0.002 0.01
0.308 0.356
0.032 0.028
0.012 0.004
0.194 0.2
0 0
0 0
0.004 0.01
0.026 0.024
0.002 0.006
0.508 0.526
0.472 0.51
0.06 0.092
0.034 0.038
0.374 0.3
0.282 0.276
0 0.006
0.024 0.02
0.012 0.042
0.002 0.002
0.11 0.098
0 0
0.08 0.066
0.142 0.166
0.094 0.082
0.138 0.132
0.006 0.002
0.058 0.056
0.046 0.056
0.002 0
0.008 0.006
0.002 0.006
0.03 0.024
0 0
0.05 0.038
0.022 0.022
0.018 0.016
0.002 0
0.056 0.04
0.024 0.018
0.056 0.038
0.418 0.384
0.408 0.41
0.536 0.536
0.06 0.064
0 0
0.07 0.058
0.04 0.036
0.094 0.058
0.026 0.02
0.036 0.034
0.018 0.016
0.146 0.15
0.128 0.094
0.006 0
0.066 0.058
0.446 0.456
0.118 0.082
0.122 0.138
0.132 0.124
0.172 0.148
0.054 0.048
0.006 0
0.048 0.048
0 0.002
0 0.002
0 0
0.164 0.176
0.36 0.388
0.266 0.29
0 0
0.03 0.042
0.042 0.014
0.314 0.278
0.08 0.042
0.11 0.132
0.178 0.146
0.06 0.048
0.468 0.436
0 0
0.492 0.526
0.002 0
0 0.008
0.008 0
0.26 0.25
0.002 0.004
0.026 0.014
0.186 0.206
0.002 0
0.586 0.548
0.002 0
0.012 0.008
0.044 0.036
