0.006 0.002
0.202 0.154
0.012 0.008
0.026 0.026
0.202 0.152
0 0.002
0.038 0.044
0.112 0.07
0.016 0.01
0.008 0.01
0.134 0.136
0.066 0.078
0.01 0.002
0.03 0.02
0.086 0.07
0.088 0.086
0.058 0.028
0.014 0.004
0.008 0.018
0.026 0.018
0.058 0.046
0.158 0.14
0 0
0.122 0.122
0.258 0.21
0.07 0.06
0.164 0.19
0.016 0.024
0.444 0.438
0.014 0.004
0.538 0.5
0.12 0.13
0 0
0.012 0.006
0.006 0.006
0.672 0.646
0.272 0.304
0.24 0.228
0.004 0.006
0 0.004
0.15 0.18
0.024 0.026
0.026 0.04
0.01 0
0.364 0.37
0.034 0.018
0 0.01
0.206 0.206
0 0.002
0 0.004
0.008 0.008
0.04 0.038
0 0.002
0.382 0.44
0.462 0.482
0.096 0.122
0.038 0.034
0.296 0.3
0.284 0.302
0 0.006
0.024 0.03
0.036 0.01
0.004 0.008
0.11 0.058
0 0
0.054 0.054
0.168 0.146
0.078 0.06
0.15 0.172
0.002 0
0.068 0.086
0.038 0.03
0.002 0.002
0.008 0.006
0 0
0.016 0.004
0.002 0
0.078 0.062
0.032 0.042
0.01 0.014
0.016 0.016
0.27 0.304
0.028 0.01
0.03 0.02
0.388 0.354
0.616 0.612
0.472 0.472
0.132 0.126
0 0
0.042 0.052
0.028 0.042
0.176 0.126
0.02 0.016
0.034 0.05
0.026 0.028
0.264 0.284
0.066 0.066
0.004 0
0.026 0.016
0.316 0.346
0.2 0.138
0.104 0.12
0.096 0.06
0.162 0.166
0.036 0.024
0.014 0.008
0.054 0.028
0 0
0.004 0.002
0 0
0.146 0.152
0.3 0.306
0.374 0.424
0.002 0
0.268 0.322
0.026 0.028
0.352 0.322
0.098 0.034
0.174 0.216
0.13 0.112
0.046 0.052
0.478 0.438
0.002 0.002
0.388 0.454
0.002 0
0.004 0.004
0.004 0.004
0.266 0.274
0.006 0
0.004 0
0.254 0.226
0.002 0.002
0.516 0.528
0 0
0.012 0.008
0.06 0.062
