0.006 0.006
0.202 0.142
0.002 0
0.014 0.014
0.194 0.146
0 0
0.068 0.036
0.114 0.132
0.034 0.016
0.008 0.01
0.186 0.126
0.09 0.126
0.006 0.004
0.012 0.028
0.204 0.176
0.182 0.176
0.05 0.026
0.016 0.008
0.01 0.018
0.02 0.01
0.064 0.056
0.16 0.15
0.002 0
0.11 0.098
0.388 0.328
0.024 0.014
0.156 0.134
0.01 0.018
0.602 0.638
0.108 0.104
0.488 0.412
0.206 0.216
0.01 0
0.016 0.008
0.026 0.006
0.602 0.614
0.286 0.236
0.206 0.204
0.006 0.004
0.002 0
0.112 0.106
0.03 0.032
0.028 0.022
0 0.008
0.302 0.362
0.024 0.026
0.014 0.008
0.294 0.284
0 0
0 0
0.002 0.006
0.026 0.016
0.012 0
0.438 0.498
0.368 0.384
0.106 0.1
0.054 0.046
0.204 0.216
0.366 0.418
0.002 0.002
0.012 0.02
0.008 0.006
0.006 0.002
0.122 0.052
0 0
0.044 0.05
0.132 0.158
0.082 0.094
0.108 0.122
0.008 0.004
0.108 0.098
0.072 0.052
0 0.002
0.008 0.004
0 0.004
0.052 0.028
0 0
0.064 0.058
0.06 0.044
0.016 0.01
0.018 0.012
0.236 0.25
0.018 0.008
0.028 0.036
0.366 0.346
0.53 0.552
0.47 0.458
0.174 0.212
0 0.002
0.04 0.036
0.024 0.016
0.082 0.072
0.002 0
0.052 0.016
0.046 0.036
0.278 0.286
0.052 0.03
0.002 0
0.106 0.096
0.474 0.49
0.168 0.17
0.108 0.118
0.034 0.068
0.176 0.136
0.038 0.046
0.016 0.02
0.084 0.052
0 0
0.002 0.002
0.006 0
0.23 0.184
0.336 0.33
0.252 0.21
0.002 0.002
0.198 0.212
0.024 0.026
0.306 0.28
0.076 0.084
0.136 0.152
0.172 0.168
0.086 0.072
0.458 0.416
0 0.002
0.42 0.458
0.026 0.03
0.012 0.01
0.004 0.006
0.152 0.136
0.002 0
0.006 0.01
0.308 0.334
0 0
0.51 0.498
0.004 0.002
0.01 0.012
0.04 0.038
