0.01 0.002
0.222 0.194
0 0.004
0.012 0.026
0.278 0.226
0 0
0.08 0.088
0.266 0.288
0.012 0.006
0.008 0.008
0.282 0.268
0.014 0.018
0 0.004
0.018 0.02
0.228 0.208
0.36 0.334
0.062 0.05
0.012 0.006
0.006 0.004
0.064 0.07
0.062 0.05
0.256 0.256
0 0.01
0.346 0.348
0.196 0.18
0.178 0.138
0.1 0.086
0.044 0.042
0.69 0.75
0.124 0.132
0.358 0.334
0.116 0.094
0.22 0.264
0.024 0.016
0.01 0.008
0.018 0.006
0.504 0.496
0.094 0.084
0.332 0.322
0.02 0.022
0.008 0.014
0.172 0.172
0.226 0.274
0.02 0.012
0.37 0.454
0.054 0.062
0.006 0.002
0.52 0.482
0.002 0.002
0 0.002
0.018 0.024
0.032 0.044
0.01 0.03
0.47 0.514
0.194 0.218
0.126 0.142
0.026 0.024
0.244 0.23
0.284 0.338
0.02 0.004
0.014 0.01
0.1 0.092
0.012 0.002
0.054 0.048
0 0.002
0.08 0.064
0.088 0.094
0.07 0.07
0.012 0.01
0.194 0.166
0.044 0.048
0.002 0.004
0.056 0.078
0.014 0.018
0.018 0.024
0.002 0.006
0.062 0.054
0.018 0.004
0.004 0.012
0.258 0.304
0.01 0.018
0.022 0.018
0.214 0.172
0.04 0.024
0.246 0.202
0.096 0.112
0.008 0.004
0.014 0.01
0.056 0.06
0.162 0.15
0.006 0.008
0.042 0.034
0.02 0.03
0.118 0.15
0.06 0.038
0 0
0.246 0.242
0.116 0.122
0.008 0.004
0.06 0.08
0.218 0.172
0.022 0.032
0.03 0.026
0.014 0.014
0.082 0.052
0 0
0 0
0 0
0.138 0.138
0.466 0.554
0.368 0.32
0.002 0.002
0.292 0.316
0.076 0.076
0.266 0.272
0.052 0.052
0.104 0.092
0.068 0.064
0.012 0.04
0.35 0.282
0.002 0.002
0.186 0.172
0.044 0.058
0.014 0.01
0.018 0.022
0.182 0.132
0 0
0.004 0.002
0.018 0.028
0.086 0.076
0 0
0.272 0.314
0.004 0.004
0.004 0.002
0.012 0.012
