0.008 0.004
0.238 0.276
0.004 0
0.006 0.01
0.252 0.22
0 0
0.086 0.07
0.044 0.036
0.03 0.018
0.022 0.006
0.282 0.266
0.068 0.068
0.004 0.006
0.04 0.03
0.186 0.174
0.518 0.52
0.064 0.052
0.006 0.008
0.016 0.024
0.058 0.052
0.056 0.048
0.192 0.184
0.012 0.006
0.186 0.162
0.192 0.176
0.236 0.222
0.074 0.08
0.01 0.024
0.7 0.704
0.108 0.084
0.306 0.36
0.066 0.04
0.338 0.376
0.02 0.002
0.002 0.008
0.01 0.016
0.528 0.528
0.148 0.134
0.2 0.232
0.03 0.008
0.004 0.006
0.184 0.182
0.112 0.12
0.032 0.018
0.296 0.282
0.048 0.05
0.004 0.012
0.5 0.506
0 0
0 0.002
0.032 0.03
0.036 0.034
0.062 0.07
0.39 0.416
0.17 0.158
0.154 0.202
0.042 0.032
0.236 0.188
0.188 0.186
0.002 0.006
0.03 0.02
0.046 0.048
0.004 0.004
0.018 0.004
0 0
0.078 0.104
0.194 0.226
0.084 0.098
0.012 0.008
0.228 0.166
0.064 0.034
0 0.004
0.04 0.046
0.02 0.006
0.02 0.018
0.008 0.008
0.038 0.026
0.028 0.01
0.006 0.01
0.132 0.17
0.016 0.014
0.044 0.016
0.486 0.404
0.34 0.308
0.214 0.248
0.134 0.136
0.016 0.004
0.096 0.08
0.03 0.02
0.186 0.164
0.012 0.006
0.052 0.04
0.022 0.022
0.282 0.32
0.08 0.064
0.002 0.004
0.286 0.276
0.132 0.124
0.03 0.048
0.034 0.034
0.19 0.14
0.1 0.07
0.036 0.032
0.014 0.014
0.124 0.102
0.004 0
0 0
0.002 0
0.144 0.126
0.23 0.198
0.598 0.556
0 0
0.272 0.258
0.112 0.092
0.3 0.28
0.06 0.064
0.106 0.092
0.05 0.036
0.072 0.064
0.262 0.226
0.01 0.006
0.304 0.316
0.072 0.038
0.012 0.018
0.006 0.002
0.06 0.072
0.002 0.004
0 0
0.02 0.016
0.214 0.194
0.002 0.004
0.128 0.136
0.006 0.002
0.006 0.006
0.022 0.01
