0.7983193 0.697479
0.2926829 0.2276423
0.9067797 0.7881356
0.6694915 0.5677966
0.15 0.15
0.9067797 0.881356
0.5327869 0.6393443
0.1304348 0.1130435
0.5130435 0.6869565
0.7886179 0.7560976
0.2622951 0.2459016
0.3813559 0.4237288
0.808 0.8
0.5130435 0.4869565
0.2396694 0.2561983
0.02479339 0.02479339
0.4869565 0.4347826
0.6554622 0.697479
0.6086957 0.5391304
0.3852459 0.3442623
0.4180328 0.4836066
0.1391304 0.1652174
0.7647059 0.7647059
0.04132231 0.1074380
0.1574803 0.2204724
0.1916667 0.2583333
0.5041322 0.446281
0.5416667 0.5833333
0 0
0.3613445 0.3697479
0.09243697 0.09243697
0.440678 0.440678
0.1 0.05833333
0.6062992 0.5905512
0.8842975 0.8347107
0.5913043 0.6695652
0.02479339 0.008264463
0.2362205 0.2125984
0.12 0.144
0.7886179 0.6666667
0.8869565 0.8434783
0.2881356 0.2372881
0.3865546 0.3865546
0.688 0.72
0.02608696 0.01739130
0.495935 0.5528455
0.8086957 0.7217391
0.03333333 0.04166667
0.8442623 0.8278689
0.8655462 0.8655462
0.784 0.696
0.4590164 0.6065574
0.4916667 0.4833333
0.09166667 0.1
0.075 0.05
0.3057851 0.3057851
0.64 0.624
0.16 0.144
0.1083333 0.1
0.6393443 0.7213115
0.6638655 0.6806723
0.5365854 0.4715447
0.8416667 0.75
0.3913043 0.4434783
0.9067797 0.881356
0.5275591 0.5748031
0.3252033 0.300813
0.4285714 0.3697479
0.6666667 0.7083333
0.1565217 0.1826087
0.416 0.416
0.8661417 0.8582677
0.785124 0.553719
0.776 0.776
0.7916667 0.75
0.7874016 0.8582677
0.424 0.416
0.6528926 0.7603306
0.8050847 0.661017
0.192 0.184
0.6695652 0.8434783
0.5737705 0.6393443
0.05882353 0.05042017
0.2086957 0.1913043
0.4434783 0.4347826
0.4308943 0.4308943
0.7317073 0.7560976
0.4695652 0.4521739
0.6186441 0.5932203
0.2086957 0.1913043
0.776 0.896
0.56 0.624
0.6638655 0.6386555
0.08474576 0.08474576
0.368 0.352
0.8780488 0.804878
0.2213115 0.2459016
0.2314050 0.2809917
0.6422764 0.6422764
0.3852459 0.3770492
0.4491525 0.440678
0.3228346 0.3385827
0.5169492 0.5508475
0.8655462 0.7647059
0.4710744 0.446281
0.8655462 0.8655462
0.8661417 0.8582677
0.9067797 0.881356
0.2695652 0.3304348
0.05 0.04166667
0.008474576 0.008474576
0.864 0.776
0.1610169 0.1440678
0.338843 0.3719008
0.09836066 0.1147541
0.512605 0.605042
0.4380165 0.338843
0.3852459 0.3278689
0.5913043 0.5913043
0.1219512 0.1463415
0.872 0.72
0.264 0.264
0.4583333 0.4416667
0.6694915 0.6101695
0.7642276 0.7317073
0.2622951 0.2704918
0.8869565 0.8434783
0.9067797 0.881356
0.7563025 0.6806723
0.504 0.424
0.8842975 0.8347107
0.112 0.136
0.864 0.696
0.872 0.896
0.6666667 0.7083333
