0.01 0.002
0.178 0.116
0.002 0
0.022 0.014
0.258 0.27
0 0
0.044 0.028
0.154 0.166
0.042 0.04
0.012 0.018
0.286 0.206
0.004 0.008
0.002 0.004
0.03 0.042
0.166 0.182
0.366 0.392
0.112 0.068
0.008 0.01
0.026 0.03
0.06 0.062
0.07 0.05
0.16 0.172
0.018 0.008
0.358 0.39
0.202 0.144
0.248 0.198
0.064 0.074
0.048 0.034
0.688 0.724
0.1 0.11
0.266 0.268
0.084 0.056
0.392 0.426
0.024 0.02
0.014 0.02
0.012 0.014
0.388 0.412
0.186 0.186
0.248 0.228
0.016 0.012
0.002 0.004
0.144 0.176
0.086 0.088
0.02 0.016
0.196 0.274
0.006 0.01
0.004 0.002
0.478 0.456
0 0.002
0.002 0.004
0.022 0.022
0.038 0.024
0.026 0.026
0.188 0.23
0.248 0.288
0.126 0.166
0.03 0.032
0.32 0.236
0.254 0.262
0.004 0.002
0.032 0.026
0.064 0.088
0.012 0.008
0.05 0.044
0 0
0.048 0.06
0.206 0.186
0.126 0.116
0.004 0.002
0.242 0.168
0.066 0.084
0.006 0.004
0.004 0.012
0.01 0.012
0.038 0.012
0.01 0.004
0.002 0.002
0.024 0.008
0.016 0.006
0.198 0.2
0.022 0.016
0.026 0.02
0.446 0.402
0.346 0.34
0.242 0.258
0.06 0.06
0.014 0.004
0.168 0.152
0.038 0.064
0.156 0.118
0.008 0.004
0.088 0.042
0.01 0.008
0.2 0.238
0.062 0.048
0.01 0.002
0.218 0.244
0.13 0.162
0.02 0.022
0.052 0.022
0.162 0.14
0.132 0.142
0.034 0.04
0.01 0.016
0.114 0.1
0 0.002
0.002 0
0 0
0.094 0.094
0.474 0.526
0.602 0.582
0.002 0
0.274 0.312
0.092 0.044
0.296 0.296
0.02 0.018
0.108 0.1
0.112 0.106
0.042 0.044
0.228 0.176
0.004 0.004
0.12 0.148
0.036 0.054
0.018 0.022
0.006 0.008
0.174 0.138
0.002 0
0.004 0
0.016 0.026
0.144 0.16
0 0
0.14 0.164
0.002 0.004
0.006 0
0.006 0.01
