0.002 0.006
0.08 0.072
0.002 0.004
0.018 0.01
0.286 0.294
0 0
0.138 0.094
0.208 0.24
0.032 0.016
0.012 0.018
0.326 0.314
0.046 0.044
0.01 0.002
0.062 0.038
0.21 0.16
0.468 0.466
0.118 0.098
0.004 0.01
0.018 0.008
0.108 0.098
0.05 0.044
0.206 0.214
0.002 0.004
0.4 0.4
0.208 0.168
0.214 0.184
0.058 0.044
0.06 0.048
0.71 0.718
0.128 0.132
0.064 0.068
0.068 0.052
0.346 0.378
0.032 0.02
0.01 0.018
0.014 0.008
0.496 0.486
0.322 0.308
0.22 0.228
0.024 0.026
0.006 0.002
0.154 0.156
0.112 0.098
0.012 0.014
0.382 0.426
0.044 0.044
0.006 0
0.444 0.446
0 0.002
0 0
0.028 0.036
0.032 0.028
0.036 0.036
0.376 0.398
0.204 0.21
0.11 0.118
0.03 0.042
0.3 0.256
0.29 0.294
0.004 0.002
0.032 0.024
0.04 0.03
0.006 0.002
0.1 0.08
0 0
0.06 0.086
0.152 0.166
0.078 0.084
0.014 0.02
0.252 0.206
0.112 0.086
0.004 0
0.072 0.082
0.018 0.004
0.01 0.012
0.002 0.002
0.004 0
0.022 0.016
0.004 0.01
0.054 0.054
0.018 0.012
0.03 0.022
0.432 0.41
0.382 0.41
0.216 0.248
0.138 0.08
0.012 0.006
0.078 0.062
0.044 0.058
0.172 0.158
0.01 0.008
0.096 0.036
0.018 0.012
0.106 0.116
0.088 0.066
0.004 0.006
0.212 0.178
0.152 0.144
0.03 0.018
0.012 0.01
0.202 0.138
0.086 0.064
0.03 0.038
0.006 0.002
0.144 0.112
0 0
0 0
0 0
0.11 0.104
0.342 0.456
0.536 0.526
0 0.002
0.31 0.342
0.044 0.05
0.292 0.284
0.052 0.042
0.114 0.112
0.062 0.086
0.016 0.014
0.174 0.18
0.006 0
0.236 0.236
0.066 0.08
0.008 0.008
0.018 0.012
0.152 0.11
0.002 0.004
0 0.002
0.036 0.044
0.156 0.162
0.008 0
0.29 0.262
0.01 0.01
0.014 0.004
0.014 0.008
