0.006 0.004
0.252 0.208
0 0
0.006 0.01
0.21 0.206
0.004 0.002
0.136 0.09
0.282 0.278
0.036 0.018
0.02 0.016
0.13 0.132
0.002 0.004
0 0.002
0.012 0.02
0.174 0.144
0.414 0.43
0.042 0.036
0.02 0.012
0.02 0.022
0.056 0.066
0.02 0.036
0.194 0.22
0.002 0.002
0.452 0.432
0.218 0.206
0.102 0.094
0.1 0.124
0.02 0.026
0.734 0.72
0.106 0.136
0.402 0.332
0.082 0.052
0.31 0.28
0.036 0.026
0.002 0.016
0.022 0.012
0.354 0.448
0.188 0.212
0.272 0.238
0.018 0.014
0 0
0.176 0.16
0.066 0.102
0.01 0.012
0.48 0.458
0.078 0.058
0.008 0.002
0.474 0.456
0 0
0.002 0
0.03 0.034
0.032 0.02
0.036 0.044
0.444 0.448
0.336 0.316
0.124 0.164
0.034 0.03
0.238 0.19
0.204 0.228
0.002 0.006
0.02 0.038
0.068 0.064
0.014 0.004
0.108 0.06
0 0
0.156 0.14
0.164 0.18
0.07 0.066
0.006 0.008
0.132 0.144
0.088 0.064
0.004 0
0.034 0.072
0.006 0.002
0.04 0.028
0.006 0.002
0.052 0.082
0.008 0.014
0.01 0.03
0.234 0.236
0.034 0.012
0.042 0.032
0.548 0.492
0.376 0.354
0.246 0.234
0.06 0.07
0.008 0
0.138 0.084
0.04 0.062
0.23 0.18
0.01 0
0.056 0.044
0.022 0.02
0.166 0.192
0.074 0.042
0.006 0
0.26 0.308
0.14 0.12
0.046 0.028
0.026 0.038
0.212 0.192
0.136 0.118
0.016 0.018
0.002 0.004
0.102 0.13
0.002 0.002
0 0
0 0
0.12 0.112
0.436 0.428
0.548 0.57
0 0
0.174 0.18
0.104 0.108
0.33 0.348
0.088 0.07
0.09 0.118
0.138 0.12
0.054 0.032
0.132 0.134
0.008 0.008
0.222 0.192
0.05 0.056
0.016 0.012
0 0.002
0.138 0.12
0.004 0.002
0.008 0.002
0.012 0.012
0.198 0.196
0.008 0
0.246 0.312
0.002 0.004
0.006 0.002
0.016 0.008
