0.8 0.75
0.2782609 0.2782609
0.9059829 0.8461538
0.7317073 0.7886179
0.1811024 0.1496063
0.902439 0.8780488
0.4333333 0.4666667
0.2583333 0.2833333
0.6507937 0.6507937
0.8290598 0.6581197
0.3089431 0.3658537
0.7096774 0.5967742
0.8521739 0.8
0.725 0.6666667
0.2173913 0.2
0.025 0.05
0.4916667 0.575
0.7435897 0.6923077
0.7317073 0.7886179
0.45 0.45
0.525 0.55
0.1913043 0.1391304
0.7264957 0.7094017
0.05833333 0.05
0.2521739 0.2782609
0.125 0.1666667
0.3902439 0.4146341
0.4695652 0.4695652
0 0
0.3252033 0.3252033
0.05128205 0.0940171
0.3709677 0.4112903
0.1 0.09166667
0.6416667 0.7083333
0.8 0.7304348
0.6752137 0.7264957
0.008695652 0.01739130
0.3833333 0.325
0.275 0.275
0.7952756 0.7952756
0.8166667 0.8083333
0.1913043 0.1652174
0.3675214 0.2564103
0.6833333 0.7
0.05691057 0.04878049
0.4700855 0.4786325
0.7096774 0.7903226
0.04166667 0.04166667
0.8416667 0.8166667
0.8521739 0.8
0.6583333 0.6
0.4596774 0.516129
0.4083333 0.4416667
0.06504065 0.04878049
0.1825397 0.2301587
0.275 0.25
0.7416667 0.6416667
0.2439024 0.2439024
0.1913043 0.1217391
0.7723577 0.8780488
0.8416667 0.7416667
0.495935 0.4471545
0.7142857 0.8174603
0.4715447 0.5528455
0.7983871 0.7903226
0.4488189 0.4094488
0.3826087 0.3913043
0.5079365 0.4206349
0.7666667 0.7416667
0.2393162 0.2564103
0.4333333 0.4666667
0.8916667 0.8833333
0.5811966 0.5042735
0.6782609 0.6434783
0.5564516 0.5967742
0.902439 0.8130081
0.3083333 0.3
0.7480315 0.7086614
0.8 0.7217391
0.2460317 0.3095238
0.6608696 0.7304348
0.5897436 0.6324786
0.02564103 0.05128205
0.325 0.3166667
0.5 0.483871
0.3387097 0.3548387
0.894309 0.8699187
0.3333333 0.4
0.5 0.4666667
0.1269841 0.1269841
0.8 0.8
0.4956522 0.573913
0.5641026 0.6324786
0.2283465 0.2519685
0.3833333 0.4166667
0.8503937 0.8740157
0.15 0.1666667
0.1269841 0.1269841
0.6585366 0.7154472
0.4083333 0.3583333
0.1913043 0.2434783
0.3333333 0.325
0.5641026 0.5726496
0.6495726 0.6923077
0.225 0.25
0.8416667 0.8166667
0.8916667 0.8833333
0.7983871 0.7903226
0.3931624 0.4615385
0.1333333 0.1166667
0 0
0.894309 0.8699187
0.09756098 0.09756098
0.4083333 0.4333333
0.09756098 0.1382114
0.4566929 0.480315
0.4833333 0.4583333
0.300813 0.3089431
0.5793651 0.6269841
0.05982906 0.1196581
0.8503937 0.8740157
0.1416667 0.1166667
0.7983871 0.7903226
0.7723577 0.804878
0.7304348 0.7217391
0.2926829 0.300813
0.8 0.7304348
0.8916667 0.8833333
0.6833333 0.5583333
0.2460317 0.2619048
0.8916667 0.8833333
0.1056911 0.09756098
0.7983871 0.7903226
0.804878 0.796748
0.7804878 0.7642276
