0.008 0.02
0.192 0.178
0.002 0.002
0 0
0.218 0.2
0 0.002
0.124 0.122
0.108 0.104
0.032 0.018
0.022 0.004
0.242 0.202
0.058 0.042
0.004 0.008
0.038 0.02
0.154 0.164
0.588 0.568
0.044 0.048
0.002 0
0.018 0.006
0.042 0.042
0.104 0.044
0.132 0.18
0.008 0.002
0.404 0.412
0.24 0.21
0.148 0.124
0.096 0.104
0.044 0.04
0.694 0.708
0.058 0.05
0.332 0.346
0.088 0.074
0.308 0.38
0.034 0.012
0.004 0.008
0.026 0.01
0.644 0.632
0.1 0.074
0.258 0.312
0.012 0.01
0 0.012
0.142 0.164
0.044 0.048
0.026 0.014
0.396 0.414
0.058 0.054
0.002 0.008
0.482 0.534
0.002 0
0 0.002
0.032 0.03
0.034 0.022
0.058 0.066
0.38 0.45
0.098 0.126
0.048 0.062
0.026 0.014
0.226 0.186
0.222 0.264
0.016 0.01
0.024 0.024
0.06 0.048
0.002 0.004
0.088 0.078
0 0
0.094 0.132
0.144 0.164
0.1 0.07
0.01 0.016
0.262 0.234
0.084 0.068
0.008 0.004
0.03 0.05
0.012 0.004
0.038 0.03
0.002 0.004
0.028 0.034
0.028 0.016
0.004 0.01
0.23 0.208
0.02 0.022
0.028 0.02
0.412 0.38
0.082 0.072
0.252 0.214
0.074 0.086
0.014 0.01
0.084 0.072
0.048 0.066
0.122 0.094
0.01 0.006
0.03 0.014
0.036 0.024
0.17 0.138
0.086 0.066
0.002 0
0.212 0.222
0.166 0.128
0.058 0.066
0.092 0.116
0.172 0.142
0.062 0.048
0.028 0.024
0.014 0.02
0.122 0.102
0 0
0.002 0
0 0
0.114 0.11
0.444 0.5
0.54 0.552
0 0
0.316 0.356
0.102 0.098
0.35 0.324
0.018 0.006
0.13 0.128
0.106 0.06
0.046 0.052
0.254 0.292
0.006 0
0.202 0.212
0.01 0.02
0.01 0.004
0.01 0.012
0.164 0.142
0 0.002
0.008 0.002
0.024 0.018
0.21 0.24
0 0
0.268 0.312
0.004 0
0.004 0.002
0.016 0.016
