0.007518797 0.01503759 0.09022556 0.02255639 0.03759398 0.1052632 0.08270677 0.09022556 0.04511278 0.04511278 0.04511278
0 0.007874016 0.03149606 0 0 0.01574803 0.03937008 0.1102362 0.1023622 0.1259843 0.1338583
0.3309353 0.352518 0.3597122 0.5035971 0.3956835 0.6330935 0.6043165 0.5971223 0.7841727 0.76259 0.7985612
0.6906475 0.5611511 0.7194245 0.7769784 0.7194245 0.8561151 0.8776978 0.8057554 0.9352518 0.971223 0.9928058
0.2714286 0.2428571 0.2571429 0.4857143 0.4 0.6571429 0.7214286 0.65 0.7214286 0.7071429 0.7857143
0.2666667 0.2074074 0.3259259 0.3111111 0.2888889 0.0962963 0.1555556 0.08148148 0.06666667 0.1629630 0.3259259
0.6518519 0.7851852 0.6444444 0.7703704 0.437037 0.5703704 0.6518519 0.4666667 0.4074074 0.3185185 0.3037037
0.4148148 0.4444444 0.3777778 0.2888889 0.1259259 0.02962963 0.01481481 0.007407407 0.01481481 0.02962963 0.03703704
0.1205674 0.2482270 0.1560284 0.09929078 0.04255319 0.05673759 0.1134752 0.09929078 0.09219858 0.08510638 0.07801418
0.4160584 0.3649635 0.4744526 0.3868613 0.4306569 0.4160584 0.4014599 0.2043796 0.1459854 0.2189781 0.1751825
0.4518519 0.4518519 0.3407407 0.1629630 0.07407407 0.0962963 0.05925926 0.08888889 0.07407407 0.1777778 0.1333333
0.5714286 0.3714286 0.2571429 0.1928571 0.03571429 0.06428571 0.01428571 0.01428571 0 0 0
0.8201439 0.7410072 0.8489209 0.7194245 0.733813 0.4316547 0.381295 0.5971223 0.4172662 0.3453237 0.1510791
0.3700787 0.3937008 0.3149606 0.7007874 0.6535433 0.7874016 0.5590551 0.8031496 0.7322835 0.6692913 0.7637795
0.1203008 0.1804511 0.07518797 0.1503759 0.2556391 0.1278195 0.2330827 0.2556391 0.3233083 0.3834586 0.406015
0.8888889 0.9037037 0.8518519 0.6962963 0.7481481 0.6814815 0.6592593 0.7407407 0.7333333 0.8518519 0.762963
0.2814815 0.2074074 0.2518519 0.3481481 0.5185185 0.4148148 0.7259259 0.762963 0.8888889 0.7703704 0.762963
0.1240876 0.1751825 0.1970803 0.2189781 0.270073 0.2335766 0.3868613 0.4452555 0.459854 0.459854 0.6350365
0.9398496 0.8947368 0.924812 0.924812 0.8571429 0.7819549 0.6390977 0.3609023 0.2706767 0.1879699 0.2180451
0.8148148 0.8814815 0.8296296 0.9333333 0.9777778 1 0.9777778 0.9925926 0.9851852 0.9925926 0.9925926
0.7851852 0.6666667 0.6888889 0.7555556 0.9037037 0.9925926 0.9555556 0.9555556 0.9925926 0.9851852 0.9555556
0.1777778 0.1925926 0.1555556 0.3333333 0.3925926 0.5185185 0.6962963 0.8074074 0.7407407 0.9185185 0.8074074
0.3458647 0.3383459 0.3834586 0.2932331 0.2105263 0.09774436 0.1127820 0.06766917 0.06015038 0.06766917 0.04511278
0.4888889 0.6444444 0.5333333 0.8 0.4740741 0.5777778 0.6592593 0.7111111 0.6740741 0.6 0.7111111
0.481203 0.3759398 0.7067669 0.518797 0.5413534 0.7819549 0.6616541 0.7669173 0.924812 0.9398496 0.8947368
0.5323741 0.5467626 0.5467626 0.4244604 0.4892086 0.4676259 0.5827338 0.6330935 0.3956835 0.5179856 0.5539568
0.2148148 0.2370370 0.1407407 0.07407407 0.1333333 0.01481481 0 0.01481481 0.03703704 0.08888889 0.1185185
0.9555556 0.9777778 0.7111111 0.8962963 0.7481481 0.5111111 0.5185185 0.4074074 0.3703704 0.3185185 0.1851852
0.4388489 0.4892086 0.3165468 0.6618705 0.5107914 0.3669065 0.5035971 0.5467626 0.3956835 0.3597122 0.2230216
0.2125984 0.1889764 0.1181102 0.08661417 0.06299213 0.01574803 0.03149606 0.05511811 0.05511811 0.04724409 0.01574803
0.5590551 0.519685 0.5354331 0.7401575 0.6771654 0.8897638 0.8582677 0.8503937 0.7952756 0.7874016 0.7244094
0.810219 0.9270073 0.8029197 0.5547445 0.4160584 0.3941606 0.3722628 0.3211679 0.3576642 0.3065693 0.4525547
0.07086614 0.03149606 0.05511811 0.2047244 0.3700787 0.519685 0.5984252 0.6614173 0.6456693 0.5748031 0.6220472
0.7482014 0.7841727 0.7194245 0.8201439 0.618705 0.913669 0.9064748 0.9208633 0.8920863 0.913669 0.9208633
0.4094488 0.6456693 0.3385827 0.5433071 0.6614173 0.8031496 0.5511811 0.5905512 0.6692913 0.6692913 0.519685
0.6771654 0.7244094 0.5590551 0.8031496 0.8425197 0.7480315 0.8267717 0.7952756 0.6377953 0.7559055 0.6771654
0.381295 0.4892086 0.4172662 0.4316547 0.4964029 0.2805755 0.3309353 0.4028777 0.4820144 0.3669065 0.381295
0.09448819 0.1181102 0.1102362 0.1181102 0.1259843 0.1102362 0.1417323 0.2519685 0.1574803 0.1732283 0.1259843
0.2765957 0.2056738 0.2411348 0.2411348 0.1489362 0.2695035 0.2269504 0.2056738 0.3687943 0.4113475 0.3758865
0.4214286 0.3714286 0.4428571 0.6571429 0.6571429 0.7714286 0.85 0.7785714 0.5571429 0.7928571 0.7142857
0.7555556 0.7259259 0.7333333 0.8444444 0.8222222 0.7481481 0.874074 0.8 0.7407407 0.6592593 0.5555556
1 0.9924812 1 0.962406 0.9924812 0.9774436 0.7819549 0.849624 0.8270677 0.8345865 0.6015038
0.8571429 0.7969925 0.7593985 0.8646617 0.9097744 0.9774436 0.8421053 0.9022556 0.8270677 0.9097744 0.7518797
0.01503759 0.02255639 0.04511278 0.01503759 0.03759398 0.09022556 0.09774436 0.06766917 0.03759398 0.04511278 0.03759398
0.2714286 0.2142857 0.2 0.2357143 0.1214286 0.1785714 0.1071429 0.02857143 0.06428571 0.02142857 0.05714286
0.2127660 0.2907801 0.1276596 0.1276596 0.1702128 0.2340426 0.1489362 0.2482270 0.3900709 0.2907801 0.3971631
0.1811024 0.3622047 0.2677165 0.2598425 0.3543307 0.3464567 0.6377953 0.5669291 0.5826772 0.6141732 0.519685
0.1167883 0.1678832 0.1678832 0.2116788 0.1824818 0.3211679 0.5036496 0.7810219 0.7883212 0.7518248 0.8467153
0.8714286 0.9142857 0.7428571 0.9071429 0.7928571 0.8357143 0.7928571 0.8 0.6214286 0.6357143 0.7428571
0.5142857 0.6571429 0.6071429 0.6285714 0.4 0.3785714 0.7214286 0.6642857 0.6714286 0.6357143 0.7428571
0.4222222 0.3185185 0.2518519 0.2888889 0.1629630 0.2962963 0.2296296 0.2074074 0.1851852 0.2518519 0.1777778
0.2 0.2214286 0.2571429 0.2285714 0.09285714 0.2571429 0.1642857 0.1428571 0.1428571 0.4571429 0.3857143
0.6766917 0.593985 0.7744361 0.5789474 0.6917293 0.7142857 0.7744361 0.8045113 0.9172932 0.924812 0.7744361
0.6074074 0.7407407 0.9333333 0.9333333 0.8592593 0.6444444 0.3333333 0.3111111 0.1259259 0.1111111 0.05185185
0.5112782 0.631579 0.5263158 0.6766917 0.5112782 0.4135338 0.4285714 0.406015 0.406015 0.2030075 0.2255639
0.1417323 0.1417323 0.1889764 0.1811024 0.1259843 0.1811024 0.1811024 0.2598425 0.3858268 0.1968504 0.4173228
0.1811024 0.1102362 0.08661417 0.1181102 0 0.01574803 0.02362205 0.01574803 0.07086614 0.07086614 0.09448819
0.1777778 0.2296296 0.3111111 0.4148148 0.4296296 0.6888889 0.837037 0.6444444 0.7481481 0.9185185 0.6518519
0.971223 0.8633094 0.9568345 0.884892 0.942446 0.7913669 0.971223 0.9496403 0.9640288 0.9568345 0.8920863
0.01503759 0 0 0 0.01503759 0.03007519 0.09022556 0.06015038 0.1729323 0.06015038 0.1578947
0.3597122 0.381295 0.3669065 0.3093525 0.2446043 0.4316547 0.2446043 0.323741 0.2517986 0.2446043 0.2014388
0.65 0.7285714 0.7857143 0.7 0.8928571 0.6142857 0.5714286 0.6214286 0.6714286 0.4571429 0.6142857
0.3259259 0.4 0.4 0.6814815 0.5925926 0.6666667 0.9481481 0.8 0.9481481 0.8148148 0.8666667
0.6766917 0.6466165 0.518797 0.5112782 0.7293233 0.6766917 0.8270677 0.8571429 0.7969925 0.7894737 0.6616541
0.2071429 0.2714286 0.2571429 0.3714286 0.3571429 0.4285714 0.3857143 0.5785714 0.7571429 0.6214286 0.6357143
0.2255639 0.2406015 0.3082707 0.1729323 0.2706767 0.443609 0.6766917 0.5112782 0.8345865 0.7368421 0.9022556
0.7769784 0.7553957 0.9208633 0.9640288 0.7913669 0.9568345 0.9496403 0.9568345 0.9208633 0.7841727 0.7553957
0.6740741 0.6740741 0.4814815 0.6 0.3925926 0.3851852 0.4962963 0.4666667 0.3629630 0.4148148 0.4518519
0.4604317 0.5251799 0.5611511 0.8489209 0.913669 0.8920863 0.971223 0.9496403 0.8776978 0.9280576 0.9568345
0.8582677 0.9212598 0.8188976 0.8267717 0.8661417 0.8031496 0.8661417 0.8503937 0.9370079 0.8582677 0.984252
0.6090226 0.7293233 0.5864662 0.593985 0.7293233 0.631579 0.6466165 0.5864662 0.7368421 0.5037594 0.4887218
0.1804511 0.2030075 0.1278195 0.1127820 0.1503759 0.2781955 0.3458647 0.3759398 0.5112782 0.5338346 0.6917293
0.2296296 0.2296296 0.2148148 0.1407407 0.2 0.2444444 0.2296296 0.1851852 0.2962963 0.3037037 0.2592593
0.822695 0.9078014 0.893617 0.858156 0.8439716 0.7021277 0.6028369 0.4113475 0.3687943 0.3617021 0.3333333
0.556391 0.5037594 0.6616541 0.6240602 0.7819549 0.593985 0.924812 0.8646617 0.9473684 0.8796992 0.9323308
0.9111111 1 0.9851852 0.9481481 0.9777778 0.9925926 0.9703704 0.962963 0.874074 0.7333333 0.7703704
0.7913669 0.8992806 0.5251799 0.6546763 0.7913669 0.913669 0.4892086 0.5971223 0.5035971 0.3741007 0.1510791
0.8148148 0.8296296 0.6518519 0.5259259 0.5185185 0.6074074 0.5185185 0.6148148 0.5259259 0.6888889 0.5703704
0.8148148 0.6296296 0.562963 0.4 0.5407407 0.4444444 0.4962963 0.2740741 0.2370370 0.2518519 0.2222222
0.05925926 0.1111111 0.1777778 0.08888889 0.2740741 0.3333333 0.4 0.6518519 0.7851852 0.9555556 0.9555556
0.007194245 0.04316547 0.05755396 0.05755396 0.1510791 0.1438849 0.2733813 0.4244604 0.4820144 0.5251799 0.5683453
0.3884892 0.3669065 0.352518 0.1798561 0.4100719 0.4316547 0.352518 0.323741 0.3884892 0.5251799 0.618705
0.5693431 0.620438 0.4890511 0.6058394 0.3722628 0.2335766 0.1605839 0.1094891 0.1459854 0.06569343 0.0729927
0.4817518 0.3941606 0.4306569 0.5474453 0.4890511 0.459854 0.4963504 0.4744526 0.5620438 0.540146 0.6934307
0.09489051 0.03649635 0.05839416 0.1678832 0.1313869 0.2773723 0.2846715 0.3357664 0.4014599 0.4379562 0.7153285
0.8085106 0.822695 0.7234043 0.8865248 0.6737589 0.6099291 0.5106383 0.3475177 0.3687943 0.3262411 0.3546099
0.4135338 0.3533835 0.4962406 0.3082707 0.2932331 0.2781955 0.2030075 0.2406015 0.3684211 0.2631579 0.3007519
0.1167883 0.09489051 0.08029197 0.1970803 0.2992701 0.4233577 0.3722628 0.5839416 0.7883212 0.7445255 0.8248175
0.4251969 0.3228346 0.2519685 0.2598425 0.1259843 0.07086614 0.03149606 0.07874016 0.1023622 0.1259843 0.1338583
0.02189781 0.05109489 0.01459854 0.02189781 0.02919708 0.1313869 0.09489051 0.2481752 0.3576642 0.5109489 0.4671533
0.7841727 0.6690647 0.7769784 0.6618705 0.5755396 0.4676259 0.4316547 0.294964 0.381295 0.4532374 0.3669065
0.6390977 0.7669173 0.7894737 0.7067669 0.6390977 0.7593985 0.6015038 0.7669173 0.8195489 0.7518797 0.7443609
0.9568345 0.942446 0.9496403 0.9352518 0.9064748 0.913669 0.5827338 0.5755396 0.3956835 0.5539568 0.2374101
0.09489051 0.08029197 0.2481752 0.1970803 0.2481752 0.2554745 0.4306569 0.5255474 0.5620438 0.6423358 0.620438
0.8148148 0.7925926 0.8518519 0.8592593 0.8666667 0.7259259 0.7925926 0.6962963 0.5481481 0.6888889 0.6888889
0.6691729 0.3308271 0.3233083 0.2406015 0.09774436 0 0.01503759 0.007518797 0.007518797 0.03759398 0.03007519
0.5474453 0.5036496 0.3941606 0.2846715 0.459854 0.4160584 0.4014599 0.5839416 0.5620438 0.7518248 0.6934307
0.8705036 0.705036 0.6115108 0.7913669 0.8417266 0.6690647 0.5539568 0.4316547 0.4316547 0.3669065 0.2733813
0.9219858 0.9503546 0.893617 0.9148936 0.9361702 0.6595745 0.5390071 0.4113475 0.3546099 0.1985816 0.1560284
0.6691729 0.7142857 0.9022556 0.7518797 0.6992481 0.9398496 0.8345865 0.7669173 0.8270677 0.8045113 0.8045113
0.3285714 0.3428571 0.6642857 0.7928571 0.6571429 0.8285714 0.7357143 0.8785714 0.8571429 0.6785714 0.6
0.9007092 0.8368794 0.8794326 0.8723404 0.9361702 0.9929078 0.964539 0.9361702 0.7730496 0.6879433 0.5602837
0.6766917 0.6691729 0.7744361 0.7218045 0.7218045 0.481203 0.4586466 0.5413534 0.4887218 0.6917293 0.4887218
0.7874016 0.7480315 0.8188976 0.7322835 0.8425197 0.7716535 0.7244094 0.8740157 0.7480315 0.7244094 0.8503937
0.8045113 0.6917293 0.6466165 0.7067669 0.849624 0.9323308 0.9323308 0.849624 0.9022556 0.9398496 0.8421053
0.7669173 0.7819549 0.6766917 0.849624 0.7443609 0.7819549 0.6390977 0.6015038 0.593985 0.8045113 0.7518797
0.481203 0.518797 0.3684211 0.5413534 0.4887218 0.3684211 0.2030075 0.2932331 0.3082707 0.2556391 0.2255639
0.5748031 0.6456693 0.7559055 0.8110236 0.6692913 0.9212598 0.8897638 0.8740157 0.96063 0.9370079 0.9212598
0.9172932 0.8270677 0.9097744 0.8195489 0.8571429 0.7819549 0.9398496 0.8195489 0.8796992 0.8796992 0.9022556
0.5354331 0.480315 0.5905512 0.5748031 0.5511811 0.7480315 0.6299213 0.503937 0.3937008 0.6692913 0.5354331
0.1407407 0.1185185 0.1333333 0.1925926 0.2740741 0.3925926 0.5851852 0.6814815 0.562963 0.7555556 0.7111111
0.5826772 0.496063 0.5748031 0.5748031 0.2598425 0.2913386 0.1968504 0.1732283 0.1417323 0.1259843 0.1574803
0.3622047 0.480315 0.7559055 0.7322835 0.8425197 0.7480315 0.9212598 0.7795276 0.7322835 0.6614173 0.6220472
0.6962963 0.7185185 0.5185185 0.8296296 0.5925926 0.5925926 0.7037037 0.5333333 0.5111111 0.437037 0.3555556
0.9416058 0.7956204 0.7007299 0.839416 0.9270073 0.890511 0.9270073 0.7372263 0.7664234 0.7445255 0.7226277
0.7368421 0.5789474 0.6842105 0.3609023 0.3759398 0.3233083 0.4285714 0.481203 0.5789474 0.5789474 0.556391
0.631579 0.631579 0.8571429 0.443609 0.3834586 0.3684211 0.1503759 0.1203008 0.09022556 0.2330827 0.2030075
0.4094488 0.3622047 0.2047244 0.1653543 0.07874016 0.05511811 0.03149606 0.01574803 0.007874016 0.07086614 0.01574803
0.3617021 0.3404255 0.2198582 0.1489362 0.1914894 0.2269504 0.1347518 0.1631206 0.2765957 0.2907801 0.3900709
1 0.9280576 1 0.9568345 0.9352518 0.913669 0.8776978 0.8057554 0.8417266 0.8920863 0.8129496
0.481203 0.4586466 0.6616541 0.4511278 0.4285714 0.443609 0.4661654 0.6616541 0.6165414 0.6992481 0.6616541
0.4042553 0.4113475 0.6170213 0.5035461 0.4893617 0.4113475 0.751773 0.6099291 0.6312057 0.3900709 0.4609929
0.4518519 0.4518519 0.4444444 0.4 0.3777778 0.3111111 0.1851852 0.2518519 0.3333333 0.2592593 0.3037037
0.1798561 0.1151079 0.2230216 0.2877698 0.352518 0.3381295 0.7841727 0.8057554 0.9784173 0.9784173 0.9856115
0.05511811 0.02362205 0.03937008 0.04724409 0.06299213 0.05511811 0.1338583 0.2519685 0.2047244 0.3858268 0.3149606
0.924812 0.7819549 0.8045113 0.8045113 0.8721805 0.849624 0.4135338 0.3308271 0.3759398 0.2631579 0.3007519
0.1578947 0.2105263 0.09022556 0.3082707 0.406015 0.81203 0.4586466 0.5112782 0.6240602 0.593985 0.5488722
0.03149606 0.01574803 0.03937008 0.1181102 0.2204724 0.2913386 0.2834646 0.3543307 0.3858268 0.6062992 0.6220472
0.6614173 0.6299213 0.8188976 0.7637795 0.8425197 0.8740157 0.8582677 0.8976378 0.9370079 0.952756 0.984252
0.5511811 0.4488189 0.5590551 0.6220472 0.2755906 0.3779528 0.1732283 0.1259843 0.1574803 0.1181102 0.1023622
0.2074074 0.2074074 0.4444444 0.2444444 0.3555556 0.5925926 0.4296296 0.4962963 0.5851852 0.6888889 0.8222222
0.4586466 0.593985 0.6691729 0.6917293 0.7819549 0.9323308 0.8646617 0.9172932 0.6917293 0.7142857 0.8045113
0.7410072 0.618705 0.6330935 0.5251799 0.352518 0.3021583 0.2374101 0.1582734 0.08633094 0.07194245 0.01438849
0.9473684 0.9849624 0.8421053 0.8345865 0.7894737 0.8270677 0.81203 0.5112782 0.5488722 0.6090226 0.4360902
0.562963 0.7777778 0.3777778 0.437037 0.5851852 0.6222222 0.4666667 0.3407407 0.4222222 0.2740741 0.3185185
0.3533835 0.2857143 0.1428571 0.1428571 0.1203008 0.3007519 0.2105263 0.2481203 0.3082707 0.4736842 0.5488722
0.3956835 0.4388489 0.4244604 0.4316547 0.4388489 0.3165468 0.4172662 0.5395683 0.5611511 0.6330935 0.4244604
0.4222222 0.437037 0.3777778 0.2666667 0.2518519 0.1481481 0.1407407 0.2 0.1037037 0.1555556 0.1185185
0.5531915 0.3971631 0.7021277 0.4822695 0.5815603 0.6595745 0.9007092 0.8794326 0.7730496 0.822695 0.751773
0.6090226 0.7293233 0.7593985 0.7293233 0.7443609 0.7819549 0.7669173 0.6691729 0.7368421 0.5639098 0.6390977
0.2773723 0.2773723 0.2481752 0.3868613 0.2919708 0.3430657 0.3941606 0.1897810 0.1459854 0.1678832 0.1897810
0.7194245 0.6906475 0.9208633 0.8561151 0.8129496 0.618705 0.7841727 0.6978417 0.647482 0.618705 0.3956835
0.2116788 0.2408759 0.2554745 0.2554745 0.2481752 0.1824818 0.1021898 0.3211679 0.4233577 0.5766423 0.5912409
0.07913669 0.08633094 0.07194245 0.1151079 0.1438849 0.1438849 0.1366906 0.1294964 0.2230216 0.1510791 0.1582734
0.3185185 0.3777778 0.3259259 0.3703704 0.2740741 0.4 0.5185185 0.4666667 0.4518519 0.5925926 0.6
0.837037 0.9777778 0.9407407 0.9333333 0.9111111 0.9481481 0.9555556 0.8814815 0.7851852 0.8444444 0.7925926
0.952756 0.9212598 0.8267717 0.7401575 0.5984252 0.3779528 0.1102362 0.04724409 0.04724409 0.007874016 0.007874016
0.1654135 0.2030075 0.2481203 0.3233083 0.6390977 0.5714286 0.518797 0.6541353 0.6240602 0.7142857 0.4962406
0.3884892 0.5467626 0.4460432 0.3453237 0.2877698 0.2661871 0.1726619 0.2446043 0.2302158 0.1870504 0.2014388
0.924812 0.8646617 0.8045113 0.7819549 0.6165414 0.518797 0.3684211 0.481203 0.3684211 0.2556391 0.3458647
0.65 0.5785714 0.5214286 0.6571429 0.9571429 0.9642857 0.8857143 0.8285714 0.9285714 0.8785714 0.6928571
