0.8235294 0.5882353 0.7647059 0.5 0.8014706 0.7647059 0.7794118 0.5882353 0.6617647 0.6102941 0.7941176
0.6397059 0.4264706 0.3897059 0.4264706 0.5147059 0.3088235 0.2720588 0.3088235 0.4191176 0.4338235 0.4558824
0.1911765 0.3235294 0.3161765 0.2867647 0.375 0.3897059 0.3676471 0.5441176 0.5955882 0.6911765 0.6470588
0.9270073 0.9562044 0.9270073 0.9927007 0.9635036 0.9343066 0.9489051 0.9927007 0.9343066 0.8613139 0.8175182
0.902985 0.9328358 0.880597 0.8134328 0.5298507 0.2985075 0.1567164 0.08208955 0.05223881 0.02238806 0.02238806
0.03703704 0.06666667 0.08148148 0.04444444 0.1407407 0.2074074 0.2814815 0.4592593 0.4666667 0.6296296 0.7037037
0.4888889 0.5481481 0.4666667 0.5703704 0.5407407 0.7333333 0.7333333 0.7703704 0.8814815 0.7777778 0.7259259
0.02222222 0.01481481 0 0.01481481 0.02222222 0.1629630 0.08888889 0.1333333 0.1851852 0.3111111 0.4814815
0.06870229 0.1068702 0.07633588 0.1068702 0.08396947 0.01526718 0.007633588 0.1221374 0.09160305 0.1221374 0.259542
0.8014184 0.8652482 0.9007092 0.9503546 0.964539 0.9361702 0.8368794 0.6524823 0.3829787 0.1773050 0.1205674
0.1417910 0.1268657 0.09701493 0.06716418 0.1492537 0.007462687 0.02238806 0 0.03731343 0.08208955 0.1044776
0.4274809 0.4656489 0.4885496 0.5572519 0.6717557 0.7557252 0.7480916 0.908397 0.9236641 0.8854962 0.832061
0.7703704 0.6148148 0.6592593 0.8592593 0.5925926 0.637037 0.7333333 0.6518519 0.8222222 0.637037 0.9407407
0.5 0.2173913 0.2971014 0.3115942 0.3260870 0.4637681 0.5434783 0.6304348 0.6956522 0.7391304 0.7391304
0.1102941 0.1470588 0.3823529 0.4852941 0.4705882 0.4926471 0.4338235 0.4558824 0.4411765 0.4117647 0.4338235
0.5481481 0.5185185 0.6740741 0.5703704 0.562963 0.5925926 0.6592593 0.7481481 0.6222222 0.6592593 0.7259259
0.4565217 0.3550725 0.2753623 0.3260870 0.1086957 0.1811594 0.1594203 0.01449275 0.01449275 0.02898551 0.01449275
0.615942 0.615942 0.557971 0.3550725 0.4130435 0.3985507 0.731884 0.4130435 0.7826087 0.7391304 0.789855
0.4485294 0.4264706 0.3602941 0.5294118 0.4852941 0.4926471 0.1838235 0.2941176 0.2058824 0.1397059 0.1029412
0.5114504 0.2671756 0.4580153 0.5725191 0.4198473 0.5572519 0.2900763 0.4427481 0.5572519 0.5114504 0.6564885
0.6470588 0.6544118 0.7279412 0.8455882 0.75 0.9264706 0.8088235 0.8308824 0.875 0.9191176 0.8308824
0.6666667 0.7801418 0.8865248 0.7375887 0.7588652 0.787234 0.8368794 0.4397163 0.6241135 0.680851 0.4397163
0.8625954 0.7862595 0.8015267 0.7938931 0.740458 0.7557252 0.9007634 0.8549618 0.9770992 0.961832 0.961832
0.02205882 0.007352941 0.03676471 0.0882353 0.1176471 0.2058824 0.1985294 0.1691176 0.1985294 0.3602941 0.2205882
0.2537313 0.1567164 0.1791045 0.1716418 0.1417910 0.08208955 0.08208955 0.1119403 0.1119403 0.1268657 0.1716418
0.8015267 0.8854962 0.8015267 0.7633588 0.7709924 0.740458 0.6946565 0.480916 0.3206107 0.5114504 0.4274809
0.1063830 0.09929078 0.07092199 0.1843972 0.09219858 0.1418440 0.1631206 0.2411348 0.4326241 0.6170213 0.6382979
0.874074 0.8592593 0.8814815 0.7703704 0.6962963 0.4 0.4148148 0.1777778 0.1703704 0.1185185 0.1111111
0.6131387 0.5985401 0.6350365 0.540146 0.3941606 0.1313869 0.2919708 0.2919708 0.4379562 0.6277372 0.540146
0.1691176 0.125 0.1102941 0.0882353 0.08088235 0.04411765 0.03676471 0.0882353 0.0882353 0.1323529 0.1617647
0.5661765 0.7205882 0.4558824 0.5367647 0.3455882 0.3382353 0.2867647 0.2058824 0.2867647 0.1911765 0.1764706
0.03816794 0.03816794 0.06870229 0.01526718 0.03816794 0.02290076 0.03816794 0.0610687 0.07633588 0.1221374 0.2671756
0.5808824 0.6470588 0.7279412 0.6838235 0.6838235 0.8308824 0.6397059 0.7867647 0.7279412 0.7279412 0.75
0.1617647 0.125 0.2132353 0.2867647 0.4411765 0.5588235 0.8382353 0.5147059 0.8455882 0.8161765 0.7941176
0.3897059 0.4632353 0.375 0.3970588 0.2867647 0.1029412 0.1470588 0.1617647 0.1176471 0.1397059 0.05147059
0.7925926 0.6074074 0.6518519 0.5851852 0.5037037 0.6592593 0.5777778 0.7111111 0.6148148 0.762963 0.7925926
0.3259259 0.6222222 0.6518519 0.7777778 0.637037 0.8 0.8666667 0.7777778 0.8 0.6740741 0.5851852
0.1911765 0.1764706 0.3823529 0.3235294 0.4264706 0.4044118 0.4191176 0.5882353 0.6617647 0.6102941 0.6029412
0.8115942 0.5144928 0.7608696 0.5072464 0.2898551 0.4927536 0.5072464 0.7246377 0.7826087 0.5797101 0.7101449
0.3623188 0.2173913 0.2753623 0.3333333 0.4782609 0.3405797 0.2826087 0.6376812 0.7391304 0.7391304 0.6811594
0.3308824 0.4044118 0.3014706 0.3235294 0.3676471 0.375 0.757353 0.5147059 0.742647 0.757353 0.7941176
0.4632353 0.3970588 0.7058824 0.632353 0.8382353 0.8602941 0.867647 0.8308824 0.9191176 0.9191176 0.9044118
0.4379562 0.4963504 0.5182482 0.5474453 0.5620438 0.4963504 0.6423358 0.6934307 0.4014599 0.2554745 0.4087591
0.9847328 1 0.9847328 0.961832 0.9923664 0.9694656 0.9694656 0.9312977 0.9770992 0.9770992 0.8244275
0.09701493 0.08208955 0.1417910 0.06716418 0.06716418 0.1268657 0.2313433 0.2388060 0.2388060 0.4552239 0.5149254
0.8473282 0.8167939 0.7862595 0.6030534 0.740458 0.7557252 0.3511450 0.3435115 0.2137405 0.1450382 0.1984733
0.4411765 0.3088235 0.4632353 0.5220588 0.75 0.4558824 0.4044118 0.5 0.3529412 0.3235294 0.2720588
0.3161765 0.3088235 0.3455882 0.3970588 0.1985294 0.08088235 0.1323529 0.1029412 0.1764706 0.1397059 0.125
0.4452555 0.270073 0.3722628 0.2481752 0.1824818 0.1605839 0.1605839 0.04379562 0.08029197 0.02919708 0.03649635
0.8778626 0.9694656 0.9160305 0.9389313 0.9389313 0.9694656 0.8931298 0.9389313 0.8244275 0.8167939 0.740458
0.2910448 0.1865672 0.1641791 0.2761194 0.2686567 0.2686567 0.4328358 0.3059701 0.2537313 0.4328358 0.3656716
0.270073 0.2846715 0.2043796 0.1678832 0.1824818 0.3357664 0.2408759 0.0729927 0.2846715 0.2773723 0.2627737
0.6470588 0.4779412 0.6029412 0.4191176 0.6764706 0.8602941 0.8014706 0.9338235 0.8014706 0.9485294 0.8308824
0.6666667 0.822695 0.8368794 0.8652482 0.929078 0.787234 0.9078014 0.9716312 0.9574468 0.8794326 0.9574468
1 0.9779412 0.9632353 0.9705882 0.9485294 0.5441176 0.3382353 0.3088235 0.04411765 0.01470588 0
0.1641791 0.09701493 0.06716418 0.07462687 0.007462687 0.007462687 0.007462687 0 0 0.007462687 0.01492537
0.8405797 0.8913043 0.731884 0.8768116 0.7826087 0.557971 0.4927536 0.5144928 0.5072464 0.3115942 0.4130435
0.7555556 0.9037037 0.8814815 0.7333333 0.762963 0.6814815 0.6740741 0.6222222 0.4666667 0.1777778 0.3111111
0.5652174 0.7101449 0.4565217 0.3550725 0.2608696 0.2971014 0.2753623 0.2028986 0.1739130 0.2391304 0.1449275
0.7259259 0.6074074 0.6444444 0.4444444 0.562963 0.3851852 0.437037 0.7333333 0.5037037 0.5481481 0.4888889
0.1102941 0.2794118 0.1985294 0.617647 0.6838235 0.6617647 0.9264706 0.9485294 0.9705882 0.9705882 0.9632353
0.4740741 0.637037 0.3851852 0.5703704 0.4444444 0.7407407 0.6740741 0.7111111 0.925926 0.8148148 0.7407407
0.3851852 0.4296296 0.2888889 0.4814815 0.4148148 0.5925926 0.3629630 0.3777778 0.3777778 0.3703704 0.2444444
0.4296296 0.3925926 0.7259259 0.4444444 0.7111111 0.5555556 0.8074074 0.9037037 0.8222222 0.8888889 0.8444444
0.7867647 0.9264706 0.8161765 0.8602941 0.9852941 0.992647 0.9411765 0.9705882 0.867647 0.9705882 0.8529412
0.05970149 0.08208955 0.1417910 0.05223881 0.03731343 0.01492537 0.1343284 0.1492537 0.1492537 0.3358209 0.3731343
0.3235294 0.4411765 0.3897059 0.3676471 0.4632353 0.5735294 0.4117647 0.6911765 0.5073529 0.6544118 0.6985294
0.4444444 0.4888889 0.5851852 0.5777778 0.7185185 0.6592593 0.6888889 0.7333333 0.8518519 0.7481481 0.8222222
0.1755725 0.1908397 0.3206107 0.5114504 0.4198473 0.5267176 0.480916 0.3740458 0.3435115 0.1755725 0.2748092
0.2962963 0.3925926 0.3703704 0.2 0.3111111 0.4444444 0.2666667 0.2592593 0.2444444 0.3555556 0.3629630
0.4411765 0.5808824 0.4264706 0.5367647 0.6838235 0.6617647 0.742647 0.6764706 0.6470588 0.625 0.7720588
0.03703704 0.05925926 0.1259259 0.08888889 0.2444444 0.2222222 0.4518519 0.6222222 0.5777778 0.762963 0.7259259
0.08510638 0.09929078 0.07801418 0.1560284 0.03546099 0.1418440 0.2765957 0.2907801 0.2056738 0.3049645 0.2907801
0.617647 0.5955882 0.7058824 0.4411765 0.7352941 0.5588235 0.6691176 0.5441176 0.4411765 0.4411765 0.4191176
0.08088235 0.1176471 0.08088235 0.1691176 0.1838235 0.2867647 0.4632353 0.742647 0.6397059 0.8308824 0.9044118
0.5294118 0.6470588 0.5220588 0.7058824 0.5441176 0.7941176 0.8014706 0.875 0.7720588 0.8897059 0.7794118
0.6595745 0.7446809 0.7092199 0.751773 0.5531915 0.7588652 0.6950355 0.751773 0.7021277 0.6453901 0.716312
0.9632353 0.9705882 0.9485294 0.9485294 0.9264706 0.7647059 0.8897059 0.7279412 0.3308824 0.3014706 0.1985294
0.6666667 0.5851852 0.6740741 0.6 0.7407407 0.7037037 0.7555556 0.8666667 0.9037037 0.7851852 0.8518519
0.761194 0.858209 0.8059701 0.619403 0.4029851 0.5223881 0.4701493 0.3507463 0.380597 0.4925373 0.3955224
0.4632353 0.4779412 0.4117647 0.625 0.632353 0.5588235 0.5882353 0.6911765 0.7647059 0.6397059 0.7794118
0.01470588 0.01470588 0.03676471 0.01470588 0.02205882 0.06617647 0.1323529 0.08088235 0.1544118 0.125 0.1470588
0.8059701 0.8432836 0.8208955 0.5970149 0.7313433 0.4029851 0.2910448 0.2313433 0.3358209 0.2238806 0.2388060
0.02189781 0.01459854 0.02919708 0.01459854 0.00729927 0.09489051 0.2627737 0.3138686 0.6423358 0.6131387 0.8540146
0.6183206 0.5801527 0.7557252 0.8473282 0.7557252 0.7557252 0.6946565 0.3206107 0.1374046 0.129771 0.1145038
0.8549618 0.832061 0.7862595 0.7022901 0.5877863 0.6564885 0.5267176 0.610687 0.4045802 0.519084 0.3358779
0.8613139 0.8029197 0.5474453 0.7445255 0.729927 0.3284672 0.2408759 0.2408759 0.2773723 0.2992701 0.4087591
0.2898551 0.1811594 0.2391304 0.1956522 0.1956522 0.4275362 0.4130435 0.4275362 0.7246377 0.7391304 0.7753623
0.884058 0.9057971 0.9710145 0.9855072 0.9927536 0.9927536 0.9927536 0.9347826 0.9347826 0.6956522 0.6811594
0.9347826 0.8405797 0.6811594 0.673913 0.2971014 0.1956522 0.1594203 0.04347826 0.1811594 0.1376812 0.0942029
0.8321168 0.8248175 0.6934307 0.7445255 0.5255474 0.5182482 0.6788321 0.5839416 0.8321168 0.8029197 0.6788321
0.9555556 0.9333333 0.9555556 0.962963 0.962963 0.962963 0.8592593 0.8222222 0.8814815 0.7777778 0.5777778
0.4592593 0.5185185 0.6148148 0.5481481 0.6296296 0.4666667 0.4296296 0.3481481 0.637037 0.437037 0.3555556
0.09701493 0.09701493 0.1268657 0.1194030 0.1492537 0.2313433 0.3208955 0.4179104 0.5373134 0.6716418 0.5447761
1 0.9779412 0.9485294 0.9705882 0.9117647 0.9191176 0.9852941 0.6764706 0.7058824 0.757353 0.7941176
0.375 0.3970588 0.2794118 0.1617647 0.2058824 0.2058824 0.1176471 0.125 0.2426471 0.2794118 0.4338235
0.6641791 0.7238806 0.7014925 0.5223881 0.3880597 0.2985075 0.1791045 0.1641791 0.1492537 0.2238806 0.1716418
0.9338235 0.9264706 0.9558824 0.9264706 0.8382353 0.8602941 0.875 0.7132353 0.6838235 0.5588235 0.4779412
0.3629630 0.3259259 0.3629630 0.2296296 0.2518519 0.4740741 0.4518519 0.5555556 0.4148148 0.437037 0.4444444
0.5419847 0.5572519 0.3587786 0.3664122 0.4198473 0.259542 0.09160305 0.07633588 0.1450382 0.1145038 0.1526718
0.3111111 0.437037 0.5037037 0.4814815 0.6814815 0.4962963 0.837037 0.8518519 0.8518519 0.7777778 0.7925926
0.4444444 0.2962963 0.2370370 0.2518519 0.1259259 0.08888889 0.02222222 0.01481481 0.01481481 0.01481481 0.01481481
0.6962963 0.5851852 0.6296296 0.7259259 0.6814815 0.8 0.9037037 0.9407407 0.9111111 0.9111111 0.9481481
0.8074074 0.8444444 0.762963 0.7777778 0.6962963 0.7703704 0.6888889 0.6592593 0.5111111 0.437037 0.3333333
0.5073529 0.5882353 0.4632353 0.3897059 0.25 0.4926471 0.3235294 0.3676471 0.4264706 0.3382353 0.3455882
0.06870229 0.01526718 0.02290076 0.07633588 0.05343511 0.07633588 0.1755725 0.2442748 0.4274809 0.5496183 0.7099237
0.4074074 0.4148148 0.5037037 0.4148148 0.2888889 0.3111111 0.3925926 0.5111111 0.3629630 0.3555556 0.3111111
0.2056738 0.3900709 0.2482270 0.5177305 0.6312057 0.7730496 0.6879433 0.893617 0.8794326 0.9361702 0.9574468
0.9236641 0.9007634 0.870229 0.8854962 0.9389313 0.8931298 0.7328244 0.6183206 0.7709924 0.5572519 0.6946565
0.3602941 0.3088235 0.4779412 0.2794118 0.2867647 0.5441176 0.4191176 0.5588235 0.6691176 0.6102941 0.8014706
0.7941176 0.8308824 0.7205882 0.8308824 0.5 0.7058824 0.8161765 0.7279412 0.8455882 0.8455882 0.7647059
0.7352941 0.8088235 0.8088235 0.7867647 0.8897059 0.9191176 0.882353 0.9117647 0.8897059 0.882353 0.8088235
0.9701493 0.858209 0.8955224 0.761194 0.5074627 0.6865672 0.5298507 0.3656716 0.4328358 0.2238806 0.1417910
0.5373134 0.6641791 0.619403 0.7462687 0.7462687 0.6268657 0.7238806 0.6716418 0.7985075 0.5671642 0.5671642
0.5703704 0.4888889 0.3925926 0.5851852 0.3925926 0.5185185 0.4666667 0.637037 0.6296296 0.6444444 0.7407407
0.3823529 0.3970588 0.375 0.3235294 0.3529412 0.3088235 0.3602941 0.7058824 0.4779412 0.6764706 0.5808824
0.09160305 0.09160305 0.08396947 0.1450382 0.1068702 0.08396947 0.1374046 0.1832061 0.3206107 0.5572519 0.4427481
0.4518519 0.3555556 0.3333333 0.4148148 0.4666667 0.5185185 0.3703704 0.2222222 0.1555556 0.1777778 0.1481481
0.3333333 0.3617021 0.4113475 0.6453901 0.5248227 0.3404255 0.7659574 0.8085106 0.7588652 0.8085106 0.7234043
0.5373134 0.6044776 0.5895522 0.7164179 0.7313433 0.9552239 0.902985 0.9552239 0.880597 0.8955224 0.9925373
1 1 1 0.9852941 0.9852941 0.9264706 0.9264706 0.6911765 0.6617647 0.5735294 0.4779412
0.6335878 0.7099237 0.7251908 0.6717557 0.4198473 0.5419847 0.2900763 0.2977099 0.3435115 0.4351145 0.1755725
0.8444444 0.925926 0.8814815 0.6962963 0.8222222 0.6962963 0.6592593 0.7481481 0.7407407 0.8518519 0.7407407
0.3740458 0.1984733 0.4427481 0.2366412 0.2290076 0.2442748 0.4045802 0.5801527 0.5877863 0.6793893 0.7022901
0.6102941 0.6544118 0.6985294 0.7794118 0.5735294 0.8897059 0.9044118 0.8897059 0.9632353 0.8602941 0.9558824
0.632353 0.7867647 0.7132353 0.617647 0.867647 0.6617647 0.6691176 0.9411765 0.882353 0.882353 0.9485294
0.6423358 0.5255474 0.7518248 0.729927 0.649635 0.5693431 0.4233577 0.4525547 0.2846715 0.1605839 0.2189781
0.2313433 0.3134328 0.1492537 0.06716418 0.1044776 0.08208955 0.01492537 0.1194030 0.1865672 0.2238806 0.2611940
0.7153285 0.7664234 0.6934307 0.5474453 0.5839416 0.1532847 0.1824818 0.09489051 0.02189781 0.02919708 0.03649635
0.01470588 0.007352941 0.05147059 0.1029412 0.03676471 0.09558824 0.1029412 0.09558824 0.06617647 0.08088235 0.1029412
0.2442748 0.259542 0.3587786 0.4274809 0.2977099 0.2061069 0.2519084 0.2061069 0.1221374 0.1603053 0.2213740
0.6304348 0.4565217 0.3768116 0.4637681 0.3768116 0.4637681 0.5072464 0.3405797 0.6014493 0.3695652 0.4565217
0.2279412 0.2867647 0.2132353 0.3970588 0.3382353 0.3897059 0.3308824 0.4191176 0.4264706 0.3308824 0.2352941
0.6231884 0.4782609 0.6811594 0.384058 0.4202899 0.557971 0.6594203 0.8043478 0.7246377 0.7536232 0.9710145
0.2148148 0.2666667 0.2666667 0.2518519 0.2296296 0.3333333 0.437037 0.2666667 0.3481481 0.2296296 0.3111111
0.5447761 0.6268657 0.4179104 0.4253731 0.6791045 0.3432836 0.5522388 0.6791045 0.4850746 0.7462687 0.8358209
0.5954198 0.5419847 0.4732824 0.3664122 0.3358779 0.2213740 0.2519084 0.2061069 0.4045802 0.4351145 0.480916
0.3185185 0.3185185 0.4148148 0.5111111 0.7925926 0.6814815 0.7259259 0.7407407 0.7407407 0.7111111 0.6296296
0.6277372 0.8029197 0.7737226 0.919708 0.8467153 0.7956204 0.729927 0.8321168 0.7518248 0.7007299 0.8175182
0.3676471 0.3897059 0.3235294 0.4117647 0.5588235 0.7794118 0.8970588 0.9191176 0.8161765 0.8455882 0.9191176
0.6241135 0.5815603 0.5673759 0.6170213 0.4326241 0.4893617 0.3617021 0.1702128 0.07801418 0.09219858 0.08510638
0.2898551 0.2898551 0.5434783 0.7463768 0.7608696 0.4565217 0.4710145 0.5652174 0.4855072 0.3188406 0.2463768
0.05109489 0.08029197 0.1678832 0.3065693 0.2919708 0.5693431 0.5693431 0.7372263 0.9343066 0.9416058 0.8175182
0.3941606 0.2846715 0.1167883 0.05839416 0.0729927 0.01459854 0 0.01459854 0.03649635 0.05839416 0.08029197
0.2666667 0.4444444 0.4148148 0.5037037 0.6296296 0.6962963 0.6592593 0.5703704 0.8148148 0.8 0.7925926
0.7810219 0.8613139 0.7518248 0.540146 0.4671533 0.1605839 0.1240876 0.1094891 0.06569343 0.02919708 0.05839416
0.09701493 0.1343284 0.1417910 0.2761194 0.2686567 0.2537313 0.2686567 0.3283582 0.3731343 0.2985075 0.3134328
0.2269504 0.2269504 0.4893617 0.5673759 0.6737589 0.6028369 0.787234 0.5744681 0.5531915 0.4539007 0.4893617
0.7703704 0.7259259 0.8814815 0.8148148 0.8 0.5185185 0.437037 0.1333333 0.1333333 0.08148148 0.03703704
0.1691176 0.3308824 0.4044118 0.3308824 0.4705882 0.4779412 0.4705882 0.4264706 0.5220588 0.5588235 0.5808824
0.3897059 0.3970588 0.2132353 0.2573529 0.1838235 0.09558824 0.05147059 0.07352941 0.0882353 0.09558824 0.1544118
