0.02898551 0.01449275 0.02898551 0.04347826 0.02173913 0.02898551 0.01449275 0.01449275 0 0 0
0.5 0.6470588 0.5073529 0.4485294 0.4117647 0.5367647 0.4411765 0.7058824 0.5514706 0.5367647 0.632353
0.3358779 0.3816794 0.3587786 0.3664122 0.5114504 0.4885496 0.5725191 0.6564885 0.5343511 0.5725191 0.7328244
0.7794118 0.9264706 0.8455882 0.7279412 0.7647059 0.5661765 0.2352941 0.4117647 0.3602941 0.3970588 0.4632353
0.789855 0.942029 0.9565217 0.9130435 0.8188406 0.7101449 0.4637681 0.5 0.3260870 0.1159420 0.1666667
0.01526718 0 0.03816794 0.01526718 0.007633588 0.02290076 0.0610687 0.09923664 0.1908397 0.1450382 0.1832061
0.9375 0.8819444 0.9305556 0.9791667 0.7986111 0.9305556 0.8680556 0.8333333 0.9444444 0.8819444 0.9027778
0.01470588 0.007352941 0.007352941 0.007352941 0 0.007352941 0.07352941 0.1176471 0.06617647 0.2205882 0.2352941
0.1231884 0.1086957 0.02898551 0.04347826 0.1231884 0.1956522 0.1014493 0.0942029 0.08695652 0.08695652 0.1159420
0.7328244 0.740458 0.832061 0.9007634 0.8167939 0.6870229 0.7709924 0.9236641 0.8854962 0.9236641 0.8854962
0.7518797 0.7293233 0.6691729 0.7218045 0.5338346 0.5789474 0.481203 0.5413534 0.6240602 0.7669173 0.6165414
0.1908397 0.2824427 0.1679389 0.3816794 0.7480916 0.7022901 0.8854962 0.870229 0.908397 0.9694656 0.8854962
0.05797101 0.05797101 0.07971014 0.02898551 0.07246377 0.1666667 0.1449275 0.1594203 0.3115942 0.3260870 0.5652174
0.1159420 0.2028986 0.1884058 0.1376812 0.2463768 0.2101449 0.2536232 0.2681159 0.2753623 0.3333333 0.3478261
0.7851852 0.5925926 0.5333333 0.5481481 0.5851852 0.3703704 0.4 0.2222222 0.2 0.2148148 0.2518519
0.632353 0.5294118 0.5073529 0.5073529 0.2720588 0.1911765 0.3382353 0.3382353 0.2352941 0.3602941 0.2941176
0.7608696 0.6594203 0.4492754 0.5362319 0.7391304 0.5869565 0.4130435 0.4927536 0.4855072 0.3623188 0.4492754
0.5846154 0.6461538 0.4769231 0.4923077 0.5692308 0.8615385 0.8076923 0.7846154 0.9615385 0.8153846 0.776923
0.9202899 0.9637681 0.9492754 0.9492754 0.8985507 0.9202899 0.9275362 0.9202899 0.8405797 0.9057971 0.7826087
0.9202899 0.9782609 0.8695652 0.9492754 0.9782609 0.9637681 0.9492754 0.9927536 0.9855072 0.9492754 0.9275362
0.1407407 0.1481481 0.1555556 0.4 0.2518519 0.2074074 0.3925926 0.2444444 0.2 0.3925926 0.3703704
0.1879699 0.1729323 0.2180451 0.4586466 0.4736842 0.4962406 0.5488722 0.7067669 0.5714286 0.6766917 0.6616541
0.3611111 0.3055556 0.4236111 0.3819444 0.3472222 0.5833333 0.5277778 0.6597222 0.5833333 0.4513889 0.6180556
0.9703704 0.9037037 0.9555556 0.9185185 0.8962963 0.7333333 0.8222222 0.6296296 0.4888889 0.4074074 0.3407407
0.740458 0.5496183 0.6641221 0.3816794 0.4351145 0.2671756 0.1908397 0.4198473 0.4122137 0.3664122 0.2900763
0.1159420 0.0942029 0.1449275 0.1014493 0.1086957 0.1666667 0.08695652 0.1594203 0.1739130 0.1739130 0.1594203
0.5507246 0.5362319 0.5362319 0.4492754 0.8405797 0.7463768 0.7463768 0.8043478 0.8913043 0.7391304 0.7608696
0.7142857 0.6842105 0.6240602 0.5037594 0.4285714 0.631579 0.5112782 0.3609023 0.3533835 0.4586466 0.4285714
0.4117647 0.5661765 0.4485294 0.4044118 0.4852941 0.5367647 0.5367647 0.3455882 0.5147059 0.6985294 0.5735294
0.6074074 0.8296296 0.6296296 0.7703704 0.7259259 0.8814815 0.8518519 0.8814815 0.962963 0.8444444 0.9407407
0.8550725 0.615942 0.6304348 0.4782609 0.6811594 0.6811594 0.768116 0.7101449 0.9347826 0.884058 0.8478261
0.5735294 0.4852941 0.8161765 0.5147059 0.3235294 0.4338235 0.3529412 0.2058824 0.3602941 0.4338235 0.3602941
0.7230769 0.4230769 0.4769231 0.5384615 0.3384615 0.3769231 0.2538462 0.5 0.3769231 0.4538462 0.5769231
0.7557252 0.6412214 0.778626 0.519084 0.4351145 0.3282443 0.3206107 0.2366412 0.2748092 0.2519084 0.3358779
0.6390977 0.8421053 0.7518797 0.8195489 0.9548872 0.9097744 0.7969925 0.8195489 0.8195489 0.7142857 0.6842105
0.2132353 0.2132353 0.2279412 0.1985294 0.6691176 0.5073529 0.8014706 0.882353 0.8088235 0.8235294 0.8088235
0.8115942 0.7971014 0.5942029 0.3985507 0.2101449 0.1304348 0.1304348 0.02173913 0.02898551 0.03623188 0.03623188
0.2857143 0.1203008 0.3458647 0.3684211 0.481203 0.4210526 0.3984962 0.5413534 0.3533835 0.3984962 0.5037594
0.9398496 0.9473684 0.8947368 0.9548872 0.9097744 0.8345865 0.8721805 0.6691729 0.7894737 0.6917293 0.6917293
0.4632353 0.6029412 0.6617647 0.75 0.742647 0.6470588 0.8014706 0.75 0.6764706 0.9117647 0.8529412
0.7328244 0.8244275 0.7022901 0.832061 0.7251908 0.5801527 0.5419847 0.6335878 0.3969466 0.3053435 0.2061069
0.1769231 0.1615385 0.1384615 0.1615385 0.1384615 0.1846154 0.1307692 0.3615385 0.2923077 0.3846154 0.4846154
0.2230769 0.2 0.2461538 0.2923077 0.5692308 0.6153846 0.5230769 0.8461538 0.8846154 0.8153846 0.7538462
0.7969925 0.8421053 0.5263158 0.7443609 0.7067669 0.556391 0.481203 0.4736842 0.6015038 0.518797 0.5789474
0.04411765 0.01470588 0.01470588 0.02205882 0.03676471 0.05882353 0.1102941 0.1911765 0.2058824 0.4117647 0.4117647
0.05263158 0.01503759 0.1729323 0.1353383 0.2105263 0.2857143 0.4962406 0.4736842 0.481203 0.5413534 0.6466165
0.7969925 0.9097744 0.7067669 0.7293233 0.6390977 0.7744361 0.7067669 0.5263158 0.5714286 0.6917293 0.5338346
0.9007634 0.8244275 0.7938931 0.778626 0.6717557 0.6641221 0.4045802 0.4961832 0.5343511 0.480916 0.4885496
0.8529412 0.8382353 0.8161765 0.9191176 0.9117647 0.7720588 0.8235294 0.8602941 0.9191176 0.8161765 0.8455882
0.6449275 0.4710145 0.8405797 0.6884058 0.6594203 0.4782609 0.5652174 0.3768116 0.4855072 0.3333333 0.3768116
0.6390977 0.5714286 0.7067669 0.6165414 0.7744361 0.8796992 0.8345865 0.7969925 0.6240602 0.7518797 0.8195489
0.1911765 0.2279412 0.1764706 0.1176471 0.1544118 0.125 0.08088235 0.2058824 0.3382353 0.1764706 0.3235294
0.3455882 0.2426471 0.4264706 0.4117647 0.5 0.6470588 0.5882353 0.7058824 0.6029412 0.5367647 0.5808824
0.2180451 0.1879699 0.3157895 0.4586466 0.518797 0.3308271 0.6015038 0.5263158 0.5714286 0.6165414 0.5037594
0.6230769 0.5769231 0.4769231 0.6538462 0.5692308 0.4615385 0.5615385 0.4307692 0.2923077 0.2307692 0.4461538
0.3481481 0.3111111 0.2740741 0.2518519 0.1703704 0.1629630 0.1259259 0.1111111 0.1333333 0.1185185 0.1111111
0.6183206 0.5725191 0.778626 0.6183206 0.648855 0.6870229 0.7557252 0.7709924 0.6335878 0.4274809 0.4351145
0.02307692 0.07692308 0.1076923 0.1538462 0.1615385 0.1384615 0.1076923 0.1076923 0.06153846 0.08461538 0.1076923
0.2681159 0.2246377 0.3768116 0.3043478 0.4855072 0.8333333 0.6304348 0.557971 0.6666667 0.5724638 0.5652174
0.7142857 0.7894737 0.6541353 0.7443609 0.481203 0.4210526 0.2631579 0.2330827 0.2706767 0.1954887 0.2406015
0.3384615 0.4230769 0.3153846 0.2846154 0.4538462 0.3692308 0.2384615 0.1461538 0.1692308 0.2076923 0.1307692
0.1259259 0.1259259 0.2074074 0.3555556 0.5555556 0.6740741 0.5777778 0.6 0.5111111 0.5851852 0.3925926
0.7463768 0.8188406 0.7826087 0.5362319 0.5942029 0.6086957 0.768116 0.8333333 0.8405797 0.9202899 0.9057971
0.992647 1 1 0.9632353 0.9485294 0.6691176 0.4705882 0.5294118 0.6470588 0.3897059 0.3823529
0.7361111 0.6875 0.8333333 0.8263889 0.9305556 0.9513889 0.9375 0.8958333 0.9861111 0.9791667 0.9791667
0.4076923 0.2615385 0.3615385 0.1846154 0.4538462 0.5230769 0.4230769 0.3923077 0.3538462 0.2230769 0.2461538
0.02222222 0.01481481 0.04444444 0.08148148 0.0962963 0.2666667 0.2740741 0.3037037 0.2296296 0.437037 0.3703704
0.09923664 0.04580153 0.05343511 0.129771 0.1603053 0.3435115 0.3053435 0.3664122 0.4427481 0.610687 0.610687
0.2720588 0.2132353 0.3161765 0.3455882 0.4264706 0.3897059 0.3382353 0.4485294 0.5 0.2794118 0.3602941
0.632353 0.7720588 0.5882353 0.5882353 0.3382353 0.4779412 0.4411765 0.5661765 0.2132353 0.3897059 0.2941176
0.6592593 0.6148148 0.5111111 0.2148148 0.3037037 0.2222222 0.2 0.2074074 0.1629630 0.2592593 0.2592593
0.07352941 0.06617647 0.03676471 0.02941176 0 0.007352941 0 0.01470588 0.02205882 0.06617647 0.09558824
0.5289855 0.557971 0.5 0.5797101 0.5507246 0.673913 0.789855 0.8623188 0.7826087 0.884058 0.7101449
0.5735294 0.5294118 0.625 0.6544118 0.4558824 0.4632353 0.3529412 0.4117647 0.2132353 0.1691176 0.1323529
0.8148148 0.8148148 0.562963 0.3111111 0.3777778 0.1925926 0.2518519 0.2074074 0.1481481 0.1333333 0.2296296
0.5954198 0.5801527 0.7633588 0.6412214 0.8167939 0.8396947 0.6564885 0.610687 0.7328244 0.5877863 0.5419847
0.673913 0.6449275 0.5072464 0.3985507 0.615942 0.5869565 0.3550725 0.2898551 0.4855072 0.3043478 0.3478261
0.8846154 0.8692308 0.8538462 0.7923077 0.9 0.7153846 0.8076923 0.8153846 0.8076923 0.8153846 0.7307692
0.6544118 0.7132353 0.3823529 0.6470588 0.2720588 0.1911765 0.1691176 0.1838235 0.1470588 0.1102941 0.08088235
0.2916667 0.25 0.3333333 0.3680556 0.375 0.5486111 0.5277778 0.6388889 0.7222222 0.6736111 0.7083333
0.3533835 0.6165414 0.481203 0.6165414 0.481203 0.406015 0.4736842 0.5263158 0.4586466 0.518797 0.4887218
0.3970588 0.3602941 0.2647059 0.3823529 0.3382353 0.5367647 0.7720588 0.8455882 0.7279412 0.9044118 0.8529412
0.4202899 0.3913043 0.3405797 0.2898551 0.4710145 0.5434783 0.6449275 0.7463768 0.9782609 0.768116 0.8985507
0.4 0.3384615 0.3 0.2230769 0.3461538 0.3692308 0.2692308 0.2538462 0.1384615 0.2923077 0.1769231
0.1323529 0.2720588 0.3161765 0.3308824 0.4338235 0.6470588 0.7720588 0.7279412 0.8602941 0.9117647 0.9632353
0.9851852 0.9703704 0.8888889 0.7703704 0.5851852 0.5037037 0.2592593 0.1111111 0.07407407 0.04444444 0.05185185
0.2030075 0.1203008 0.1203008 0.1353383 0.1278195 0.1578947 0.1052632 0.2631579 0.2857143 0.3609023 0.5338346
0.3307692 0.2923077 0.2769231 0.3615385 0.3846154 0.2769231 0.5615385 0.4461538 0.6307692 0.5 0.6846154
0.4411765 0.3676471 0.3014706 0.3014706 0.3235294 0.3308824 0.2426471 0.2058824 0.2132353 0.1838235 0.2352941
0.1029412 0.05147059 0.02941176 0.01470588 0.007352941 0 0 0.007352941 0 0.007352941 0.007352941
0.2279412 0.1985294 0.1838235 0.04411765 0.02205882 0.05147059 0.02205882 0.007352941 0.007352941 0.007352941 0.007352941
0.2180451 0.1278195 0.2255639 0.2781955 0.2330827 0.2631579 0.2556391 0.4135338 0.2706767 0.3458647 0.3157895
0.6376812 0.5289855 0.5652174 0.6594203 0.4130435 0.442029 0.442029 0.384058 0.2898551 0.2463768 0.3985507
0.01470588 0.007352941 0.007352941 0.01470588 0.04411765 0.09558824 0.1691176 0.25 0.4705882 0.5367647 0.6102941
0.3435115 0.4427481 0.6717557 0.7099237 0.6793893 0.870229 0.7557252 0.9389313 0.7557252 0.9236641 0.870229
0.5461538 0.5230769 0.4769231 0.4 0.5 0.4846154 0.7307692 0.5769231 0.5 0.4538462 0.4615385
0.02222222 0.01481481 0.02222222 0.03703704 0.1037037 0.07407407 0.1703704 0.1851852 0.2740741 0.3259259 0.3703704
0.8550725 0.9275362 0.6884058 0.7971014 0.5652174 0.8478261 0.789855 0.731884 0.7463768 0.8333333 0.6521739
0.5038168 0.4732824 0.7175573 0.519084 0.7709924 0.870229 0.908397 0.961832 0.9923664 0.9236641 0.8854962
0.5461538 0.3692308 0.3692308 0.4076923 0.3769231 0.2538462 0.2384615 0.1230769 0.1769231 0.1846154 0.1307692
0.75 0.6527778 0.7222222 0.7430556 0.9583333 0.9305556 0.8680556 0.8125 0.8541667 0.8611111 0.7222222
0.3629630 0.3851852 0.2074074 0.1851852 0.1703704 0.437037 0.3777778 0.4666667 0.5185185 0.5703704 0.5703704
0.8985507 0.8985507 0.8333333 0.8985507 0.942029 0.7753623 0.7608696 0.5289855 0.4492754 0.5 0.442029
0.2076923 0.2461538 0.2846154 0.4153846 0.4538462 0.4615385 0.5615385 0.4307692 0.5 0.3846154 0.4615385
0.9236111 0.8819444 0.9305556 0.9583333 0.9513889 0.9791667 0.9583333 0.9652778 0.9791667 0.9583333 0.8888889
0.02307692 0.0923077 0.04615385 0.1076923 0.1307692 0.1384615 0.3076923 0.4461538 0.5615385 0.5923077 0.5615385
0.7647059 0.617647 0.6397059 0.5073529 0.4852941 0.5367647 0.5073529 0.3014706 0.3602941 0.3014706 0.2647059
0.1076923 0.1307692 0.3 0.4538462 0.4769231 0.7615385 0.7923077 0.8615385 0.8538462 0.7846154 0.8923077
0.8888889 0.7851852 0.5777778 0.9185185 0.925926 0.8814815 0.8814815 0.8666667 0.9111111 0.9703704 0.9407407
0.9637681 0.9710145 0.9565217 0.9565217 0.9710145 0.9637681 0.8913043 0.9637681 0.9855072 0.9057971 0.8115942
0.557971 0.4710145 0.4275362 0.3913043 0.6811594 0.7608696 0.5652174 0.5362319 0.4782609 0.2608696 0.2826087
0.01538462 0.02307692 0.03846154 0.1538462 0.1923077 0.2461538 0.4307692 0.5 0.6307692 0.7846154 0.7538462
0.8235294 0.9779412 0.757353 0.875 0.8382353 0.9264706 0.8455882 0.9191176 0.8970588 0.882353 0.9632353
0.5217391 0.4637681 0.5652174 0.5362319 0.5797101 0.6884058 0.673913 0.8333333 0.6884058 0.7101449 0.6376812
0.3435115 0.5801527 0.6030534 0.4580153 0.6717557 0.908397 0.8625954 0.9694656 0.908397 0.9694656 0.8396947
0.2536232 0.3333333 0.2826087 0.2391304 0.3768116 0.3260870 0.615942 0.6449275 0.8188406 0.6521739 0.6811594
0.9160305 0.8244275 0.8778626 0.9923664 0.8931298 0.908397 0.9312977 0.9389313 0.8396947 0.8244275 0.832061
0.7099237 0.4503817 0.5343511 0.519084 0.4732824 0.4656489 0.2671756 0.3053435 0.2366412 0.1526718 0.1374046
0.942029 0.7971014 0.8043478 0.8188406 0.7608696 0.7753623 0.789855 0.6594203 0.6956522 0.6811594 0.5652174
0.4927536 0.6376812 0.673913 0.4782609 0.7101449 0.6304348 0.4637681 0.5144928 0.5217391 0.6304348 0.3768116
0.8692308 0.7846154 0.7615385 0.8846154 0.5692308 0.5461538 0.5615385 0.8 0.7 0.5230769 0.6846154
0.4666667 0.4592593 0.5777778 0.6740741 0.5407407 0.6518519 0.5481481 0.7333333 0.9925926 0.7259259 0.837037
0.4202899 0.3478261 0.3115942 0.2028986 0.3913043 0.3985507 0.2028986 0.2391304 0.3405797 0.3260870 0.3913043
0.8768116 0.942029 0.9057971 0.942029 0.9057971 0.9130435 0.9347826 0.9927536 0.9855072 0.9927536 0.8695652
0.4846154 0.2692308 0.2769231 0.2230769 0.2461538 0.1384615 0.1384615 0.1230769 0.1 0.1461538 0.2461538
0.7222222 0.7152778 0.7361111 0.6736111 0.7916667 0.7013889 0.6736111 0.5486111 0.3888889 0.5 0.4583333
0.6521739 0.6014493 0.6956522 0.9275362 0.7971014 0.5652174 0.768116 0.4565217 0.3985507 0.3623188 0.3115942
0.7969925 0.7593985 0.6541353 0.81203 0.4962406 0.7443609 0.7518797 0.8947368 0.7368421 0.81203 0.8195489
0.1985294 0.1985294 0.2058824 0.2720588 0.3602941 0.3382353 0.375 0.3676471 0.6029412 0.5588235 0.5735294
0 0.03076923 0.03846154 0.03076923 0.04615385 0.06153846 0.03846154 0.06153846 0.05384615 0.08461538 0.07692308
0.6074074 0.5259259 0.4740741 0.5555556 0.3407407 0.3407407 0.6222222 0.5555556 0.6518519 0.6740741 0.8296296
0.6592593 0.4962963 0.6 0.4518519 0.3407407 0.3851852 0.5481481 0.2888889 0.4518519 0.3481481 0.4592593
0.742647 0.75 0.7058824 0.7794118 0.5367647 0.3308824 0.3088235 0.2058824 0.1102941 0.1323529 0.1397059
0.6449275 0.7101449 0.7246377 0.6086957 0.768116 0.5507246 0.7391304 0.5362319 0.5797101 0.3985507 0.5507246
0.9492754 0.9637681 0.884058 0.8623188 0.8985507 0.7391304 0.5072464 0.5507246 0.4275362 0.2101449 0.2101449
0.3206107 0.3358779 0.1679389 0.2671756 0.01526718 0.09923664 0.0610687 0.09923664 0.129771 0.1221374 0.129771
0.9770992 0.9389313 0.9541985 0.8854962 0.9847328 0.9541985 0.8931298 0.9236641 0.7251908 0.6641221 0.8854962
0.07352941 0.1985294 0.03676471 0.08088235 0 0.05147059 0 0.03676471 0.03676471 0.07352941 0.05882353
0.6376812 0.6449275 0.5652174 0.3985507 0.6956522 0.8478261 0.7608696 0.7826087 0.7826087 0.7536232 0.8623188
0.481203 0.5488722 0.6691729 0.6466165 0.5714286 0.6766917 0.7067669 0.6691729 0.518797 0.4135338 0.4511278
0.08695652 0.1159420 0.02173913 0.01449275 0 0.01449275 0.007246377 0.01449275 0.02173913 0.02898551 0.04347826
0.8913043 0.7028986 0.7826087 0.7608696 0.4927536 0.7391304 0.7028986 0.731884 0.6956522 0.7826087 0.5652174
0.7022901 0.7022901 0.7480916 0.6870229 0.8625954 0.9389313 0.9541985 0.9847328 1 0.9694656 0.9770992
0.08270677 0.09022556 0.09022556 0.07518797 0.09774436 0.06766917 0.09022556 0.2030075 0.1503759 0.1879699 0.1503759
0.3014706 0.2794118 0.2352941 0.3308824 0.3970588 0.4632353 0.6617647 0.7205882 0.8161765 0.7132353 0.9191176
0.8550725 0.8768116 0.5072464 0.3405797 0.1956522 0.2101449 0.1159420 0.03623188 0 0.007246377 0
0.5869565 0.4565217 0.4637681 0.2318841 0.2536232 0.1159420 0.0942029 0.05797101 0.05797101 0.04347826 0.02173913
0.5496183 0.6412214 0.6030534 0.8854962 0.7709924 0.8778626 0.8931298 0.9389313 1 0.9160305 0.9465649
0.4130435 0.5072464 0.5144928 0.768116 0.557971 0.6884058 0.5072464 0.6884058 0.615942 0.5942029 0.5217391
0.7307692 0.8384615 0.7615385 0.7 0.7230769 0.5923077 0.3 0.4 0.1769231 0.2076923 0.1461538
0.1666667 0.1739130 0.1739130 0.1594203 0.1521739 0.1231884 0.1376812 0.0942029 0.02898551 0.02898551 0.04347826
