0.5507246 0.6086957 0.3478261 0.2826087 0.442029 0.2826087 0.06521739 0.1521739 0.1159420 0.06521739 0.06521739
0.9379845 0.9457364 0.9612403 0.8604651 0.9844961 0.9379845 0.9767442 0.9379845 0.9379845 0.9767442 0.9379845
0.6231884 0.442029 0.4057971 0.3260870 0.3405797 0.4130435 0.4275362 0.384058 0.5217391 0.6884058 0.6521739
0.5338346 0.5488722 0.6090226 0.6165414 0.6541353 0.3834586 0.4360902 0.481203 0.3684211 0.3007519 0.2330827
0.6764706 0.7720588 0.7058824 0.6617647 0.7647059 0.8970588 0.75 0.882353 0.7867647 0.9044118 0.757353
0.2868217 0.2945736 0.2403101 0.3178295 0.3333333 0.5348837 0.6046512 0.7209302 0.6589147 0.6046512 0.8139535
0.3088235 0.4926471 0.6029412 0.5514706 0.617647 0.4191176 0.4191176 0.2647059 0.2352941 0.3529412 0.2205882
0.4172662 0.4316547 0.5395683 0.4172662 0.589928 0.6546763 0.8489209 0.8201439 0.9064748 0.7553957 0.7697842
0.4740741 0.5111111 0.3703704 0.3037037 0.3333333 0.3333333 0.3555556 0.3185185 0.4074074 0.3333333 0.3777778
0.6616541 0.7218045 0.6842105 0.6992481 0.5789474 0.3984962 0.3834586 0.5112782 0.518797 0.6015038 0.593985
0.1911765 0.1764706 0.1617647 0.1470588 0.2132353 0.2426471 0.4044118 0.3014706 0.4191176 0.5294118 0.6102941
0.6 0.776923 0.8 0.7615385 0.7538462 0.6923077 0.5307692 0.7153846 0.6307692 0.7 0.6461538
0.2246377 0.1376812 0.05072464 0.04347826 0.04347826 0.02173913 0.007246377 0.007246377 0.007246377 0.05072464 0.04347826
0.3741007 0.2877698 0.3381295 0.381295 0.3956835 0.5467626 0.6906475 0.3884892 0.4028777 0.4460432 0.589928
0.03597122 0.07194245 0.1654676 0.2014388 0.2589928 0.4748201 0.8129496 0.9064748 0.9640288 0.942446 0.9928058
0.8602941 0.9485294 0.9338235 0.9485294 0.9485294 0.882353 0.8602941 0.8088235 0.6617647 0.5882353 0.617647
0.8059701 0.7089552 0.5223881 0.6641791 0.3134328 0.2089552 0.1716418 0.07462687 0.1194030 0.1044776 0.08955224
0.6390977 0.8571429 0.8195489 0.7518797 0.6466165 0.8421053 0.6766917 0.5714286 0.7744361 0.8195489 0.7819549
0.496124 0.3643411 0.2558140 0.3798450 0.2635659 0.4108527 0.4806202 0.7906977 0.620155 0.7751938 0.8604651
0.8372093 0.9457364 0.875969 0.9379845 0.9689922 0.9534884 0.9302326 0.8372093 0.7984496 0.7751938 0.8139535
0.8814815 0.9333333 0.8222222 0.8518519 0.874074 0.962963 0.9703704 0.9777778 0.9851852 0.9111111 0.925926
0.9333333 0.9333333 0.8444444 0.9555556 0.9037037 0.9407407 0.8518519 0.9777778 0.9777778 0.9777778 0.9333333
0.1333333 0.1111111 0.06666667 0.007407407 0.02222222 0.007407407 0.03703704 0.007407407 0.05185185 0.07407407 0.04444444
0.4179104 0.4552239 0.6119403 0.6268657 0.7686567 0.7164179 0.6791045 0.6641791 0.8208955 0.738806 0.7462687
0.1705426 0.3100775 0.2403101 0.3333333 0.3565891 0.6589147 0.6666667 0.6899225 0.868217 0.8527132 0.8992248
0.5581395 0.3488372 0.4496124 0.6124031 0.4728682 0.5658915 0.4186047 0.7209302 0.7131783 0.8139535 0.6976744
0.9172932 0.9548872 0.8646617 0.9398496 0.7969925 0.9473684 0.8721805 0.6992481 0.7067669 0.6541353 0.7969925
0.07092199 0.04964539 0.02836879 0.09219858 0.01418440 0.04255319 0.02836879 0.08510638 0.1134752 0.1702128 0.07801418
0.9555556 0.9555556 0.9407407 0.9555556 0.8518519 0.9851852 0.925926 0.9407407 0.9037037 0.9111111 0.925926
0.641791 0.6343284 0.7238806 0.6716418 0.5447761 0.4925373 0.2910448 0.3507463 0.2164179 0.1567164 0.1567164
0.5223881 0.5597015 0.5746269 0.5671642 0.4850746 0.3507463 0.1716418 0.08208955 0.06716418 0.09701493 0.04477612
0.8358209 0.7761194 0.8432836 0.9626866 0.9179104 0.9477612 0.8731343 0.9626866 0.9179104 0.9253731 0.8656716
0.4820144 0.4100719 0.2805755 0.4172662 0.3956835 0.2661871 0.3381295 0.323741 0.2805755 0.3884892 0.5611511
0.09027778 0.09027778 0.1805556 0.1666667 0.1736111 0.09027778 0.04861111 0.04861111 0.07638889 0.04166667 0.0625
0.5581395 0.4263566 0.4031008 0.2558140 0.2868217 0.2868217 0.1860465 0.1162791 0.124031 0.1860465 0.1395349
0.1185185 0.1481481 0.2074074 0.3481481 0.4814815 0.3925926 0.7185185 0.6444444 0.7703704 0.8222222 0.9185185
0.02898551 0.07971014 0.03623188 0.07246377 0.08695652 0.08695652 0.1231884 0.3550725 0.3115942 0.4565217 0.4275362
0.7185185 0.4962963 0.5333333 0.2888889 0.1777778 0.1703704 0.1481481 0.05925926 0.05185185 0.05925926 0.03703704
0.4927536 0.3550725 0.3695652 0.3405797 0.3913043 0.5289855 0.4057971 0.5507246 0.5217391 0.5507246 0.557971
0.1843972 0.3262411 0.2978723 0.3191489 0.5177305 0.6453901 0.858156 0.8510638 0.7446809 0.964539 0.8439716
0.3656716 0.3358209 0.1791045 0.1865672 0.2089552 0.2014925 0.2089552 0.2537313 0.2761194 0.4029851 0.4328358
0.6 0.5777778 0.5333333 0.6296296 0.2370370 0.562963 0.4074074 0.5111111 0.4962963 0.3185185 0.3111111
0.8014706 0.875 0.8455882 0.882353 0.8602941 0.8602941 0.8382353 0.7205882 0.7058824 0.8161765 0.7132353
0.4518519 0.4740741 0.6 0.4518519 0.4962963 0.5407407 0.5259259 0.2222222 0.2370370 0.1851852 0.3777778
0.1294964 0.05035971 0.04316547 0.04316547 0.1294964 0.1294964 0.1366906 0.1870504 0.3741007 0.4316547 0.5179856
0.04615385 0.02307692 0.02307692 0.06153846 0.1076923 0.3076923 0.5153846 0.6461538 0.6846154 0.6769231 0.6923077
0.7537313 0.8358209 0.9477612 0.8432836 0.5 0.5149254 0.1940299 0.1343284 0.1194030 0.1119403 0.1492537
0.1052632 0.1353383 0.1654135 0.1428571 0.2030075 0.2030075 0.06015038 0.09774436 0.1578947 0.09774436 0.1127820
0.4461538 0.5230769 0.4153846 0.4461538 0.3769231 0.5461538 0.5307692 0.6307692 0.8384615 0.7615385 0.6923077
0.2777778 0.1111111 0.3680556 0.4097222 0.6111111 0.6666667 0.7916667 0.8333333 0.8819444 0.9513889 0.9236111
0.09027778 0.02083333 0.08333333 0.1041667 0.07638889 0.09027778 0.1527778 0.2152778 0.3333333 0.3819444 0.3680556
0.2985075 0.3731343 0.2388060 0.4179104 0.4850746 0.3880597 0.4776119 0.5746269 0.6791045 0.6641791 0.7462687
0.4887218 0.4511278 0.5413534 0.4887218 0.556391 0.2781955 0.2781955 0.4285714 0.2406015 0.1954887 0.1729323
0.9710145 0.8985507 0.9637681 0.9855072 0.9782609 1 0.9782609 0.942029 0.8695652 0.615942 0.5869565
0.1615385 0.2307692 0.3923077 0.5307692 0.3384615 0.3538462 0.3384615 0.2307692 0.2692308 0.3769231 0.3384615
0.4263566 0.5348837 0.2868217 0.1860465 0.1395349 0.05426357 0.0620155 0.04651163 0.08527132 0.0620155 0.08527132
0.5179856 0.6043165 0.589928 0.5035971 0.618705 0.618705 0.7122302 0.7122302 0.8273381 0.8345324 0.6834532
0.2370370 0.3703704 0.2888889 0.2814815 0.2222222 0.2962963 0.2444444 0.1851852 0.1407407 0.1851852 0.2518519
0.3308824 0.5073529 0.7279412 0.7058824 0.7058824 0.7794118 0.8014706 0.7352941 0.8529412 0.75 0.6544118
0.8571429 0.6842105 0.9097744 0.8345865 0.6541353 0.5413534 0.3984962 0.4360902 0.3684211 0.3082707 0.443609
0.6616541 0.81203 0.7067669 0.5338346 0.4586466 0.3157895 0.1503759 0.1428571 0.09022556 0.09774436 0.03759398
0.6180556 0.7361111 0.7013889 0.75 0.7847222 0.8611111 0.6388889 0.5277778 0.5902778 0.7152778 0.6041667
0.9701493 0.8208955 0.9477612 0.977612 0.9850746 0.9104478 0.7537313 0.8208955 0.7164179 0.6567164 0.6716418
0.1773050 0.1914894 0.2836879 0.2269504 0.4184397 0.3758865 0.3900709 0.6170213 0.8156028 0.822695 0.7801418
0.6595745 0.6950355 0.8297872 0.6453901 0.680851 0.7943262 0.7730496 0.6950355 0.7446809 0.7943262 0.6950355
0.6090226 0.5338346 0.5864662 0.6390977 0.6466165 0.9398496 0.962406 0.7368421 0.8947368 0.8571429 0.924812
0.8888889 0.7925926 0.6666667 0.6074074 0.4444444 0.3185185 0.3407407 0.2518519 0.3037037 0.2296296 0.2370370
0.7101449 0.4855072 0.5 0.7101449 0.7391304 0.7028986 0.5434783 0.6449275 0.7391304 0.6884058 0.8333333
0.9850746 0.9328358 0.9328358 0.8432836 0.9552239 0.8731343 0.7537313 0.9626866 0.9253731 0.9328358 0.8731343
0.2868217 0.1937984 0.2325581 0.5813953 0.4728682 0.5658915 0.5271318 0.503876 0.4496124 0.7054264 0.4418605
0.2720588 0.1176471 0.25 0.2352941 0.2867647 0.3235294 0.4264706 0.5147059 0.5073529 0.4117647 0.3897059
0.2805755 0.2517986 0.08633094 0.02877698 0.02877698 0.01438849 0.01438849 0.02158273 0.02158273 0.04316547 0.07913669
0.1846154 0.5384615 0.4538462 0.5307692 0.6615385 0.3538462 0.3846154 0.3538462 0.5153846 0.4076923 0.4769231
0.1041667 0.04861111 0.09027778 0.1111111 0.2847222 0.09027778 0.1736111 0.2083333 0.1527778 0.1875 0.2291667
0.9323308 0.8571429 0.8571429 0.8345865 0.7518797 0.81203 0.7894737 0.6165414 0.6165414 0.5714286 0.7819549
0.4 0.4 0.3185185 0.3629630 0.5333333 0.5407407 0.5703704 0.7185185 0.4962963 0.6 0.6296296
0.8538462 0.8692308 0.876923 0.8 0.6923077 0.5769231 0.3538462 0.4615385 0.3538462 0.5230769 0.3538462
0.6992481 0.7218045 0.6992481 0.8345865 0.7593985 0.8721805 0.887218 0.8796992 0.8045113 0.7669173 0.8270677
0.4492754 0.4855072 0.5217391 0.8478261 0.8550725 0.884058 0.9710145 0.9565217 0.9275362 0.9347826 0.8768116
0.2790698 0.3255814 0.2790698 0.1550388 0.1550388 0.1705426 0.1162791 0.09302326 0.09302326 0.09302326 0.06976744
0.2706767 0.2481203 0.3759398 0.1729323 0.3684211 0.2781955 0.3157895 0.406015 0.2781955 0.2180451 0.406015
0.5107914 0.352518 0.4100719 0.3741007 0.1654676 0.1438849 0.0647482 0.07913669 0.05755396 0.07194245 0.08633094
0.3478261 0.5072464 0.3043478 0.3623188 0.5362319 0.3768116 0.4710145 0.3478261 0.3913043 0.5 0.3768116
0.5074627 0.5373134 0.4104478 0.2985075 0.2835821 0.1343284 0.1044776 0.07462687 0.07462687 0.1194030 0.09701493
0.4275362 0.6086957 0.7028986 0.7753623 0.7391304 0.8405797 0.7753623 0.9275362 0.9275362 0.7463768 0.8333333
0.5968992 0.4263566 0.7054264 0.372093 0.5581395 0.4883721 0.3410853 0.3875969 0.4031008 0.496124 0.7364341
0.06976744 0.02325581 0.05426357 0.09302326 0.1085271 0.2093023 0.2015504 0.4341085 0.3178295 0.4418605 0.3565891
0.04615385 0.02307692 0.03846154 0.03846154 0.04615385 0.08461538 0.1615385 0.1230769 0.1230769 0.1153846 0.1
0.6434109 0.6124031 0.6821705 0.8604651 0.7674419 0.9379845 0.7364341 0.868217 0.7751938 0.9457364 0.8992248
0.6 0.5384615 0.5307692 0.3846154 0.3615385 0.3461538 0.4384615 0.4769231 0.6615385 0.5538462 0.5923077
0.4779412 0.5294118 0.3308824 0.3161765 0.4191176 0.4117647 0.4558824 0.6102941 0.5514706 0.7058824 0.7279412
0.9615385 0.9384615 0.9538462 0.9384615 0.9307692 0.8 0.5692308 0.5307692 0.5692308 0.6076923 0.5615385
0.9626866 0.7761194 0.858209 0.7089552 0.902985 0.9477612 0.7761194 0.9626866 0.9626866 0.8283582 0.9552239
0.1911765 0.1029412 0.09558824 0.09558824 0.1029412 0.1176471 0.2058824 0.1985294 0.2426471 0.2352941 0.2205882
0.6985294 0.75 0.632353 0.5661765 0.7058824 0.5073529 0.5808824 0.5147059 0.4705882 0.4264706 0.5073529
0.2910448 0.3731343 0.2238806 0.5522388 0.2835821 0.3283582 0.4328358 0.5074627 0.641791 0.4850746 0.6567164
0.6 0.6307692 0.5384615 0.6538462 0.6615385 0.7923077 0.6076923 0.6307692 0.7153846 0.7692308 0.6461538
0.8439716 0.6950355 0.8085106 0.6453901 0.6879433 0.4964539 0.4184397 0.3829787 0.5248227 0.2482270 0.2836879
0.9347826 0.884058 0.8405797 0.9347826 0.884058 0.7971014 0.7173913 0.7028986 0.4130435 0.4927536 0.3550725
0.6589147 0.6744186 0.6821705 0.5891473 0.5348837 0.2093023 0.1472868 0.1007752 0.124031 0.124031 0.08527132
0.9461538 0.8692308 0.8384615 0.9461538 0.923077 0.9076923 0.7846154 0.6230769 0.6615385 0.5769231 0.3923077
0.7692308 0.7153846 0.8384615 0.8461538 0.8923077 0.9076923 0.9384615 0.8846154 0.8692308 0.8153846 0.8692308
0.8148148 0.7407407 0.637037 0.5555556 0.2814815 0.3333333 0.2740741 0.3111111 0.2962963 0.1851852 0.3851852
0.7021277 0.5957447 0.5390071 0.4326241 0.6099291 0.5531915 0.4184397 0.5177305 0.3333333 0.1843972 0.2056738
0.2153846 0.4384615 0.5384615 0.4230769 0.6461538 0.4769231 0.3538462 0.3538462 0.2769231 0.3692308 0.2307692
0.5338346 0.4511278 0.5639098 0.3082707 0.2330827 0.1804511 0.06015038 0.07518797 0.04511278 0.06766917 0.03759398
0.5149254 0.5597015 0.3955224 0.4925373 0.1791045 0.1865672 0.2089552 0.2462687 0.1791045 0.1716418 0.1492537
0.7537313 0.858209 0.9328358 0.9626866 0.9179104 0.7761194 0.7014925 0.6119403 0.5149254 0.3134328 0.2462687
0.4806202 0.3798450 0.4728682 0.5116279 0.5813953 0.5658915 0.7131783 0.8372093 0.7984496 0.9457364 0.8992248
0.4153846 0.2307692 0.2692308 0.3769231 0.3076923 0.5 0.3153846 0.3384615 0.5692308 0.4076923 0.3230769
0.5724638 0.6449275 0.5 0.7463768 0.673913 0.7028986 0.789855 0.8695652 0.8550725 0.8188406 0.8768116
0.1307692 0.1692308 0.1 0.0923077 0.2384615 0.3461538 0.6153846 0.5153846 0.7 0.5846154 0.6461538
0.876923 0.9 0.9076923 0.9538462 0.976923 1 0.9923077 1 1 0.9846154 0.9923077
0.7674419 0.9379845 0.875969 0.8449612 0.875969 0.8372093 0.6821705 0.6899225 0.4651163 0.5116279 0.496124
0.2589928 0.2733813 0.2589928 0.3741007 0.3165468 0.5755396 0.5611511 0.5971223 0.7769784 0.7553957 0.8201439
0.3093525 0.2517986 0.1654676 0.2158273 0.1510791 0.1366906 0.1654676 0.1726619 0.3453237 0.4028777 0.5107914
0.1007752 0.1705426 0.05426357 0.1317829 0.0620155 0.124031 0.0620155 0.07751938 0.1317829 0.1472868 0.1550388
0.1851852 0.1851852 0.1185185 0.03703704 0.08148148 0.1185185 0.1481481 0.1481481 0.2148148 0.2666667 0.3629630
0.9172932 0.8345865 0.8421053 0.849624 0.924812 0.8947368 0.9022556 0.849624 0.8345865 0.7669173 0.8721805
0.8692308 0.8538462 0.9615385 0.876923 0.9076923 0.6692308 0.6153846 0.5307692 0.4076923 0.3384615 0.3384615
0.7076923 0.6538462 0.8846154 0.8384615 0.6923077 0.7538462 0.7384615 0.6076923 0.6615385 0.5615385 0.5230769
0.7923077 0.7 0.876923 0.7 0.8461538 0.6692308 0.7153846 0.8538462 0.6461538 0.6076923 0.5769231
0.2426471 0.1985294 0.1617647 0.1838235 0.2720588 0.1397059 0.3455882 0.4117647 0.3529412 0.4044118 0.5
0.6616541 0.7067669 0.6616541 0.6165414 0.6842105 0.6090226 0.7368421 0.6015038 0.7744361 0.8571429 0.849624
0.01449275 0 0 0 0 0.02898551 0.04347826 0.04347826 0.07246377 0.06521739 0.05797101
0.6838235 0.8308824 0.632353 0.6397059 0.7352941 0.4191176 0.4852941 0.2426471 0.1470588 0.1323529 0.07352941
0.5035461 0.3829787 0.5673759 0.4609929 0.5744681 0.4964539 0.4468085 0.3829787 0.5248227 0.6170213 0.4680851
0.9856115 0.9784173 0.8992806 0.9928058 0.9280576 0.8489209 0.9208633 0.8417266 0.6618705 0.676259 0.5683453
0.5581395 0.3100775 0.3565891 0.248062 0.3333333 0.3875969 0.3333333 0.3565891 0.3255814 0.3023256 0.4341085
0.5522388 0.4253731 0.5223881 0.5895522 0.4477612 0.4925373 0.3582090 0.2611940 0.2761194 0.2537313 0.3358209
0.2868217 0.2170543 0.04651163 0.1085271 0.02325581 0.03100775 0.007751938 0.04651163 0 0 0
0.744186 0.744186 0.7984496 0.7829457 0.7209302 0.5348837 0.5271318 0.372093 0.2325581 0.1705426 0.2635659
0.1085271 0.2403101 0.3875969 0.4031008 0.3100775 0.5658915 0.620155 0.620155 0.6124031 0.7054264 0.6124031
0.02127660 0.04255319 0.07092199 0.1489362 0.4184397 0.3546099 0.4184397 0.5460993 0.5744681 0.7446809 0.7375887
0.1029412 0.05147059 0.0882353 0.1911765 0.1323529 0.2279412 0.3970588 0.4191176 0.7352941 0.632353 0.5294118
0.5338346 0.6090226 0.4586466 0.5338346 0.3684211 0.3834586 0.4285714 0.4210526 0.518797 0.7368421 0.4736842
0.3191489 0.2978723 0.3049645 0.1914894 0.1276596 0.1702128 0.2482270 0.1914894 0.2198582 0.2624113 0.2836879
0.8652482 0.8510638 0.9432624 0.8156028 0.9574468 0.7092199 0.9148936 0.858156 0.787234 0.8510638 0.7801418
1 1 1 1 1 0.9791667 0.9305556 0.8958333 0.8194444 0.6180556 0.4861111
0.1851852 0.2370370 0.2370370 0.3925926 0.5925926 0.6 0.7111111 0.9185185 0.8518519 0.9777778 0.9703704
0.2255639 0.2706767 0.3533835 0.406015 0.5789474 0.481203 0.593985 0.4511278 0.518797 0.593985 0.5789474
0.8461538 0.7923077 0.8846154 0.8615385 0.7846154 0.6538462 0.8 0.6230769 0.5846154 0.5538462 0.4230769
0.6258993 0.6906475 0.7410072 0.705036 0.8561151 0.6258993 0.7841727 0.5395683 0.2877698 0.2877698 0.1726619
0.3208955 0.2761194 0.2388060 0.3432836 0.1194030 0.1119403 0.1716418 0.2462687 0.1865672 0.3283582 0.3955224
0.01388889 0.01388889 0.09027778 0.1041667 0.1527778 0.1666667 0.3055556 0.2430556 0.4097222 0.4236111 0.4444444
0.8345865 0.924812 0.7894737 0.849624 0.556391 0.81203 0.8195489 0.6766917 0.7744361 0.7669173 0.6466165
0.5220588 0.5294118 0.3602941 0.3897059 0.625 0.6397059 0.6544118 0.632353 0.757353 0.7794118 0.8308824
0.9558824 0.7279412 0.7867647 0.7647059 0.7352941 0.7794118 0.5808824 0.632353 0.4852941 0.5294118 0.6102941
0.4740741 0.3629630 0.3555556 0.3333333 0.2074074 0.2148148 0.2740741 0.437037 0.5111111 0.562963 0.5777778
0.6589147 0.6046512 0.7674419 0.5813953 0.6899225 0.8372093 0.875969 0.744186 0.5503876 0.7286822 0.5193798
0.02307692 0 0.03846154 0.03846154 0.1230769 0.3307692 0.4 0.6307692 0.7153846 0.5538462 0.4923077
