0.5503876 0.5658915 0.5348837 0.3410853 0.3333333 0.3643411 0.2558140 0.2868217 0.4031008 0.5658915 0.4728682
0.3428571 0.3857143 0.3928571 0.4357143 0.5071429 0.4214286 0.4071429 0.3857143 0.3285714 0.3285714 0.2714286
0.589928 0.5251799 0.4028777 0.3309353 0.294964 0.3093525 0.3381295 0.3597122 0.4892086 0.6690647 0.7410072
0.6589147 0.6744186 0.6899225 0.6744186 0.6821705 0.6976744 0.6434109 0.7131783 0.7906977 0.751938 0.7674419
0.4962963 0.4148148 0.5333333 0.5925926 0.6074074 0.562963 0.6074074 0.6666667 0.7407407 0.7037037 0.7777778
0.1481481 0.1333333 0.0962963 0.0962963 0.08888889 0.06666667 0.08148148 0.07407407 0.0962963 0.06666667 0.08888889
0.6356589 0.6744186 0.6744186 0.6124031 0.5736434 0.5658915 0.5658915 0.4806202 0.503876 0.4108527 0.4186047
0.1136364 0.1060606 0.08333333 0.08333333 0.03787879 0.04545455 0.03030303 0.03787879 0.02272727 0.02272727 0.03030303
0.3382353 0.4117647 0.3014706 0.2279412 0.2205882 0.2058824 0.2058824 0.1838235 0.2426471 0.2132353 0.1985294
0.76259 0.76259 0.76259 0.7697842 0.7985612 0.8992806 0.942446 0.9280576 0.9784173 0.9856115 0.9568345
0.1510791 0.1726619 0.1438849 0.1654676 0.1582734 0.1582734 0.1654676 0.1654676 0.1798561 0.1510791 0.2014388
0.8444444 0.7703704 0.8148148 0.8518519 0.8518519 0.9111111 0.9407407 0.9407407 0.9037037 0.9407407 0.9037037
0.1071429 0.09285714 0.09285714 0.1 0.07142857 0.1071429 0.07857143 0.06428571 0.07857143 0.05714286 0.07857143
0.1007752 0.1472868 0.1937984 0.2635659 0.3178295 0.3565891 0.372093 0.4108527 0.4031008 0.3488372 0.4031008
0.7794118 0.7867647 0.8235294 0.8014706 0.8455882 0.8161765 0.9338235 0.9632353 0.882353 0.9044118 0.8382353
0.6287879 0.7727273 0.7954545 0.6287879 0.6590909 0.7575758 0.7878788 0.7727273 0.8560606 0.939394 0.8787879
0.1925926 0.1407407 0.1407407 0.08148148 0.1925926 0.1629630 0.1629630 0.1777778 0.2 0.2370370 0.1851852
0.3333333 0.2814815 0.3037037 0.2814815 0.2666667 0.2370370 0.2296296 0.2148148 0.2444444 0.2296296 0.2074074
0.7794118 0.7867647 0.8235294 0.8014706 0.8455882 0.9411765 0.9705882 0.9779412 0.9705882 0.992647 0.9705882
0.25 0.2928571 0.3428571 0.4928571 0.4857143 0.4928571 0.5285714 0.5428571 0.5071429 0.3857143 0.3285714
0.7071429 0.6214286 0.5928571 0.6785714 0.6571429 0.7285714 0.6928571 0.65 0.6714286 0.6071429 0.5642857
0.3909774 0.406015 0.481203 0.5037594 0.4887218 0.4962406 0.556391 0.4586466 0.4586466 0.443609 0.406015
0.04545455 0.0530303 0.03787879 0.07575758 0.06818182 0.0530303 0.08333333 0.0530303 0.07575758 0.08333333 0.06818182
0.8294574 0.7674419 0.7906977 0.8062016 0.8217054 0.8062016 0.6821705 0.751938 0.8062016 0.627907 0.5503876
0.07518797 0.09022556 0.09774436 0.1052632 0.1052632 0.09774436 0.1127820 0.1127820 0.09022556 0.1127820 0.08270677
0.01470588 0.01470588 0.02205882 0.01470588 0.02205882 0.02205882 0.03676471 0.05147059 0.05882353 0.03676471 0.05882353
0.627907 0.5891473 0.5426357 0.4263566 0.4418605 0.4108527 0.4108527 0.4806202 0.5271318 0.8217054 0.8914729
0.6165414 0.5639098 0.6541353 0.6466165 0.6390977 0.7593985 0.8270677 0.7518797 0.7894737 0.7894737 0.7218045
0.4666667 0.4592593 0.5481481 0.5407407 0.5481481 0.5481481 0.5333333 0.5037037 0.5703704 0.5407407 0.6296296
0.04651163 0.03875969 0.03875969 0.03875969 0.03875969 0.03875969 0.02325581 0.03100775 0.02325581 0.01550388 0.02325581
0.7428571 0.8214286 0.7785714 0.7714286 0.7357143 0.7642857 0.65 0.6285714 0.6 0.5071429 0.5
0.04651163 0.03875969 0.04651163 0.0620155 0.05426357 0.08527132 0.1162791 0.09302326 0.124031 0.124031 0.1472868
0.06060606 0.04545455 0.03787879 0.03787879 0.03787879 0.04545455 0.03030303 0.03787879 0.02272727 0.02272727 0.01515152
0.2575758 0.3106061 0.3333333 0.4848485 0.4242424 0.4318182 0.5833333 0.5454545 0.5378788 0.5 0.5
0.76259 0.6618705 0.6834532 0.7194245 0.6978417 0.6618705 0.647482 0.7410072 0.6834532 0.6402878 0.5179856
0.5642857 0.5214286 0.6071429 0.55 0.5642857 0.7285714 0.6928571 0.8214286 0.8714286 0.8642857 0.8714286
0.6287879 0.7727273 0.5606061 0.6969697 0.6287879 0.5 0.6136364 0.5833333 0.5757576 0.5681818 0.5227273
0.7333333 0.5925926 0.437037 0.4 0.2888889 0.2444444 0.2518519 0.2740741 0.3111111 0.2888889 0.3037037
0.02857143 0.02857143 0.04285714 0.05714286 0.06428571 0.06428571 0.05714286 0.06428571 0.07857143 0.06428571 0.06428571
0.3643411 0.5193798 0.3875969 0.3798450 0.3953488 0.4186047 0.4108527 0.5348837 0.7829457 0.9689922 1
0.3259259 0.3481481 0.4222222 0.4296296 0.4148148 0.4222222 0.4 0.3407407 0.3259259 0.3555556 0.4074074
0.8444444 0.7703704 0.8148148 0.8518519 0.8518519 0.7851852 0.837037 0.7555556 0.7037037 0.6444444 0.6814815
0.4186047 0.5891473 0.5891473 0.6124031 0.5968992 0.6046512 0.6434109 0.7131783 0.6821705 0.5193798 0.4883721
0.5116279 0.503876 0.503876 0.6124031 0.5581395 0.5736434 0.5968992 0.6356589 0.6821705 0.7751938 0.8294574
0.2592593 0.2444444 0.2740741 0.2148148 0.2222222 0.2074074 0.2222222 0.2148148 0.2666667 0.2740741 0.2962963
0.4857143 0.6214286 0.55 0.5285714 0.5071429 0.4285714 0.4071429 0.3428571 0.3142857 0.3 0.2928571
0.5703704 0.5925926 0.5333333 0.5259259 0.5407407 0.4888889 0.5111111 0.4074074 0.4074074 0.3555556 0.3481481
0.2781955 0.2481203 0.3007519 0.3984962 0.3834586 0.3609023 0.406015 0.3609023 0.3609023 0.3458647 0.4210526
0.6258993 0.6043165 0.6043165 0.5539568 0.6043165 0.647482 0.5251799 0.618705 0.5323741 0.5755396 0.4244604
0.1136364 0.09848485 0.1060606 0.1818182 0.1666667 0.1742424 0.1590909 0.1742424 0.1666667 0.1742424 0.1439394
0.2428571 0.2142857 0.1571429 0.1642857 0.1714286 0.1357143 0.1571429 0.1642857 0.1428571 0.1714286 0.1642857
0.5642857 0.4928571 0.4 0.3285714 0.3285714 0.3642857 0.3571429 0.3928571 0.5642857 0.6214286 0.8285714
0.5285714 0.5214286 0.5785714 0.5928571 0.5142857 0.5928571 0.6 0.55 0.6214286 0.6071429 0.6285714
0.1925926 0.1925926 0.2592593 0.3407407 0.3703704 0.3629630 0.3333333 0.2740741 0.2814815 0.2814815 0.2962963
0.2 0.1777778 0.1777778 0.2666667 0.3111111 0.2814815 0.2444444 0.2370370 0.2444444 0.3037037 0.2370370
0.7878788 0.6363636 0.5530303 0.3787879 0.3560606 0.3636364 0.4090909 0.5075758 0.469697 0.8030303 0.9469697
0.7714286 0.7642857 0.7928571 0.7214286 0.8285714 0.7785714 0.8071429 0.9 0.8357143 0.7428571 0.6285714
0.4444444 0.4148148 0.4888889 0.5259259 0.5481481 0.4814815 0.4222222 0.4074074 0.3407407 0.3333333 0.2592593
0.5285714 0.6928571 0.6642857 0.6357143 0.6571429 0.5928571 0.6571429 0.6142857 0.65 0.6857143 0.7
0.5857143 0.7642857 0.7928571 0.7714286 0.8285714 0.7785714 0.8 0.8785714 0.7428571 0.7428571 0.6285714
0.7714286 0.7642857 0.7928571 0.7714286 0.8285714 0.7785714 0.7142857 0.6928571 0.6571429 0.65 0.6142857
0.530303 0.5757576 0.6818182 0.6969697 0.6590909 0.8560606 0.9242424 0.9318182 0.9242424 0.8712121 0.7878788
0.7071429 0.7571429 0.7785714 0.7714286 0.8214286 0.7071429 0.8071429 0.8 0.6071429 0.65 0.55
0.8444444 0.7703704 0.8148148 0.8518519 0.8518519 0.7851852 0.837037 0.7555556 0.7037037 0.6962963 0.6814815
0.7878788 0.7727273 0.7954545 0.7954545 0.8030303 0.8560606 0.9848485 0.9015152 0.8787879 0.810606 0.7424242
0.4264706 0.3161765 0.2573529 0.1911765 0.2058824 0.1764706 0.1617647 0.1617647 0.1470588 0.1397059 0.1470588
0.6165414 0.5864662 0.5263158 0.5263158 0.4586466 0.481203 0.4962406 0.4285714 0.3684211 0.3984962 0.3082707
0.7794118 0.7867647 0.8235294 0.8014706 0.8455882 0.9411765 0.9705882 0.9779412 0.9338235 0.9044118 0.8970588
0.2888889 0.2814815 0.3481481 0.3777778 0.3703704 0.4 0.3629630 0.2888889 0.2592593 0.2888889 0.2888889
0.7428571 0.8214286 0.7785714 0.7714286 0.7357143 0.8642857 0.85 0.8285714 0.7642857 0.8285714 0.8071429
0.562963 0.562963 0.5037037 0.5407407 0.5925926 0.5777778 0.6148148 0.7111111 0.8814815 0.8888889 0.9185185
0.2105263 0.2255639 0.1729323 0.1954887 0.1879699 0.1804511 0.2105263 0.1729323 0.1954887 0.1729323 0.1804511
0.4928571 0.5285714 0.6 0.6 0.5928571 0.6214286 0.6285714 0.6 0.55 0.4928571 0.4857143
0.8294574 0.7674419 0.7906977 0.7596899 0.7286822 0.8062016 0.6821705 0.7286822 0.7984496 0.6356589 0.5503876
0.2945736 0.248062 0.2093023 0.1627907 0.1705426 0.1472868 0.1317829 0.1550388 0.1395349 0.1317829 0.1472868
0.2214286 0.1857143 0.2857143 0.3142857 0.2571429 0.2928571 0.3357143 0.3071429 0.3 0.2357143 0.2714286
0.7481481 0.7481481 0.8148148 0.7777778 0.7333333 0.7777778 0.837037 0.6740741 0.6740741 0.6074074 0.6444444
0.5909091 0.5833333 0.6212121 0.5681818 0.5075758 0.5681818 0.5378788 0.5454545 0.5378788 0.6590909 0.7348485
0.6617647 0.625 0.6470588 0.5955882 0.6985294 0.7132353 0.9338235 0.9264706 0.882353 0.8602941 0.8382353
0.1654676 0.1510791 0.1798561 0.3165468 0.2517986 0.3381295 0.381295 0.3956835 0.5467626 0.6402878 0.8561151
0.8421053 0.8270677 0.8571429 0.8421053 0.8796992 0.8421053 0.8721805 0.8195489 0.7669173 0.6466165 0.5714286
0.01428571 0.01428571 0.007142857 0.01428571 0.01428571 0.01428571 0.01428571 0.01428571 0.02142857 0.01428571 0.03571429
0.7428571 0.8214286 0.7785714 0.7714286 0.7357143 0.7571429 0.7857143 0.85 0.7857143 0.7928571 0.7642857
0.1985294 0.2205882 0.2573529 0.2058824 0.2279412 0.2279412 0.2647059 0.25 0.3529412 0.3970588 0.4558824
0.3178295 0.3798450 0.3178295 0.3798450 0.3333333 0.3875969 0.2790698 0.2635659 0.2093023 0.2248062 0.1937984
0.7878788 0.7727273 0.7954545 0.7954545 0.8030303 0.8560606 0.9848485 0.9469697 0.9242424 0.8712121 0.8030303
0.3259259 0.2444444 0.2444444 0.2296296 0.1629630 0.1259259 0.1111111 0.1037037 0.1037037 0.1407407 0.08888889
0.2030075 0.2255639 0.2556391 0.2255639 0.2406015 0.2556391 0.2481203 0.2857143 0.3533835 0.5037594 0.6917293
0.2214286 0.2285714 0.3642857 0.45 0.5071429 0.4928571 0.4785714 0.4928571 0.4642857 0.4857143 0.5571429
0.03007519 0.02255639 0.02255639 0.01503759 0.02255639 0.007518797 0.01503759 0.007518797 0.01503759 0 0.01503759
0.1481481 0.1777778 0.08148148 0.06666667 0.08888889 0.06666667 0.08148148 0.06666667 0.08888889 0.06666667 0.06666667
0.8421053 0.8270677 0.8571429 0.8421053 0.8796992 0.7218045 0.8270677 0.6390977 0.5789474 0.5639098 0.5263158
0.6165414 0.5864662 0.6842105 0.6466165 0.7293233 0.6616541 0.6691729 0.6766917 0.6090226 0.5413534 0.5338346
0.4820144 0.4100719 0.2661871 0.2302158 0.2014388 0.1726619 0.1798561 0.1798561 0.1582734 0.1798561 0.1726619
0.4044118 0.4632353 0.4779412 0.4558824 0.4411765 0.4485294 0.4558824 0.4264706 0.4044118 0.5073529 0.5441176
0.2403101 0.2170543 0.1395349 0.1162791 0.1395349 0.1162791 0.124031 0.1317829 0.124031 0.124031 0.1007752
0.04411765 0.02941176 0.03676471 0.04411765 0.02205882 0.02205882 0.01470588 0.02941176 0.01470588 0.02941176 0.02205882
0.5642857 0.6571429 0.5714286 0.5785714 0.5785714 0.5571429 0.5285714 0.55 0.5642857 0.4214286 0.4714286
0.496124 0.5658915 0.620155 0.5426357 0.5736434 0.5426357 0.5658915 0.6124031 0.6744186 0.5968992 0.8217054
0.1102941 0.1029412 0.1764706 0.125 0.1764706 0.1764706 0.1617647 0.1911765 0.1911765 0.25 0.2794118
0.8444444 0.7703704 0.8148148 0.8518519 0.8518519 0.9111111 0.9407407 0.9703704 0.9037037 0.9333333 0.9037037
0.1544118 0.1764706 0.2573529 0.2941176 0.3823529 0.3455882 0.3529412 0.3455882 0.3308824 0.3602941 0.2647059
0.6592593 0.7777778 0.7037037 0.7037037 0.7703704 0.6222222 0.5333333 0.6296296 0.4518519 0.4740741 0.3851852
0.7878788 0.7727273 0.7954545 0.7954545 0.7272727 0.8560606 0.8333333 0.9015152 0.9090909 0.939394 0.9090909
0.8444444 0.7703704 0.7555556 0.8518519 0.8518519 0.8222222 0.837037 0.8444444 0.6740741 0.6814815 0.5259259
0.3381295 0.3165468 0.294964 0.2733813 0.2014388 0.2374101 0.2014388 0.2230216 0.2374101 0.2086331 0.2446043
0.1136364 0.1439394 0.1515152 0.2348485 0.2045455 0.2045455 0.2045455 0.2045455 0.2196970 0.1969697 0.2045455
0.3970588 0.4411765 0.5588235 0.5220588 0.5514706 0.5441176 0.4632353 0.4926471 0.4705882 0.4558824 0.4264706
0.6589147 0.6744186 0.6666667 0.6511628 0.620155 0.6511628 0.7829457 0.8992248 0.9302326 0.9224806 0.883721
0.8294574 0.7674419 0.7906977 0.8062016 0.8217054 0.9457364 0.9844961 0.9534884 0.9767442 0.9844961 0.9767442
0.1928571 0.1928571 0.2428571 0.3071429 0.3142857 0.3214286 0.3071429 0.2928571 0.2714286 0.2571429 0.25
0.08571429 0.1 0.1071429 0.1142857 0.1 0.1142857 0.1357143 0.1 0.1071429 0.1357143 0.09285714
0.8421053 0.8270677 0.8571429 0.8421053 0.8796992 0.7218045 0.8270677 0.6390977 0.5864662 0.5639098 0.5263158
0.3021583 0.2877698 0.323741 0.3956835 0.3093525 0.4244604 0.3956835 0.3669065 0.3381295 0.4316547 0.4028777
0.4469697 0.3333333 0.4772727 0.4393939 0.5757576 0.5606061 0.5909091 0.75 0.810606 0.8181818 0.8409091
0 0 0 0 0 0 0 0 0 0 0
0.4469697 0.3560606 0.4772727 0.3560606 0.3409091 0.3484848 0.3560606 0.3863636 0.3484848 0.5378788 0.6818182
0.6356589 0.6744186 0.5968992 0.6124031 0.5813953 0.6356589 0.620155 0.6821705 0.8992248 0.9612403 0.9302326
0.7481481 0.7777778 0.7703704 0.762963 0.8814815 0.7703704 0.925926 0.9703704 0.8814815 0.8296296 0.8296296
0.5611511 0.5611511 0.6402878 0.647482 0.6402878 0.6618705 0.8776978 0.8776978 0.9784173 0.971223 0.9568345
0.7428571 0.7 0.7785714 0.7714286 0.7357143 0.7642857 0.6857143 0.7357143 0.6571429 0.5214286 0.5
0.8444444 0.7703704 0.8148148 0.8518519 0.7333333 0.837037 0.837037 0.7777778 0.6518519 0.6814815 0.5111111
0.3185185 0.3259259 0.3481481 0.2962963 0.3259259 0.3629630 0.4222222 0.437037 0.8296296 0.9333333 0.925926
0.4318182 0.4166667 0.4924242 0.4772727 0.4469697 0.4924242 0.4090909 0.4393939 0.4318182 0.5833333 0.6287879
0.07407407 0.07407407 0.07407407 0.1037037 0.1481481 0.2148148 0.2518519 0.4222222 0.5481481 0.6074074 0.7259259
0.5857143 0.5571429 0.6428571 0.5857143 0.6857143 0.5857143 0.7142857 0.6785714 0.6428571 0.55 0.5214286
0.76259 0.76259 0.76259 0.7697842 0.7985612 0.8129496 0.76259 0.8489209 0.7482014 0.733813 0.5827338
0.8421053 0.8270677 0.6616541 0.6917293 0.7293233 0.556391 0.6165414 0.5488722 0.4661654 0.5037594 0.4135338
0.4928571 0.5714286 0.5785714 0.55 0.5214286 0.5785714 0.6071429 0.6642857 0.65 0.7571429 0.8285714
0.6090226 0.4360902 0.4285714 0.3458647 0.2932331 0.3007519 0.2706767 0.3157895 0.3233083 0.4210526 0.4736842
0.2962963 0.2962963 0.2370370 0.1925926 0.2074074 0.1851852 0.2148148 0.1629630 0.2444444 0.1925926 0.2222222
0.6148148 0.6814815 0.7037037 0.7259259 0.6888889 0.6962963 0.6296296 0.6962963 0.6 0.6296296 0.5407407
0.6571429 0.8214286 0.6642857 0.6071429 0.5857143 0.5357143 0.4642857 0.4357143 0.4 0.3142857 0.2928571
0.7481481 0.6814815 0.7703704 0.762963 0.7703704 0.762963 0.7037037 0.6814815 0.637037 0.6148148 0.5185185
0.3082707 0.3233083 0.3759398 0.3834586 0.3984962 0.3909774 0.3984962 0.3834586 0.3233083 0.2781955 0.2406015
0.05714286 0.07142857 0.08571429 0.04285714 0.04285714 0.06428571 0.05 0.04285714 0.04285714 0.04285714 0.03571429
0.3884892 0.323741 0.2446043 0.2086331 0.1510791 0.1654676 0.1151079 0.1151079 0.1079137 0.1151079 0.1079137
0.7878788 0.7727273 0.7954545 0.7954545 0.8030303 0.8560606 0.9848485 0.9469697 0.9242424 0.8939394 0.8030303
0.4341085 0.6124031 0.6434109 0.6124031 0.620155 0.6356589 0.6821705 0.7131783 0.7131783 0.5271318 0.5348837
0.8421053 0.8270677 0.8571429 0.8421053 0.8796992 0.9323308 0.8721805 0.8195489 0.7894737 0.6466165 0.6240602
0.2248062 0.1705426 0.2093023 0.2325581 0.2403101 0.3023256 0.2635659 0.3875969 0.4341085 0.7751938 0.8217054
0.8444444 0.7703704 0.8148148 0.8518519 0.8518519 0.7851852 0.837037 0.7555556 0.7037037 0.6444444 0.6814815
0.7071429 0.7571429 0.7785714 0.7714286 0.8214286 0.8142857 0.8 0.8142857 0.7571429 0.5857143 0.5642857
0.5488722 0.5112782 0.4962406 0.3609023 0.3082707 0.3759398 0.3684211 0.443609 0.6015038 0.8195489 0.8721805
0.0882353 0.06617647 0.05882353 0.06617647 0.06617647 0.05882353 0.05147059 0.05147059 0.04411765 0.05147059 0.09558824
0.4571429 0.45 0.5 0.5928571 0.5428571 0.5857143 0.5428571 0.5857143 0.5571429 0.55 0.5642857
0.3714286 0.4714286 0.4928571 0.4428571 0.4428571 0.4642857 0.4928571 0.4857143 0.4785714 0.4214286 0.4142857
0.631579 0.5864662 0.5488722 0.5864662 0.6691729 0.6541353 0.6691729 0.631579 0.5789474 0.518797 0.5112782
0.3382353 0.3529412 0.3455882 0.4117647 0.4411765 0.4705882 0.4485294 0.3897059 0.3529412 0.3970588 0.3014706
0.8444444 0.7703704 0.8148148 0.8518519 0.8518519 0.9111111 0.9407407 0.9703704 0.9111111 0.9333333 0.9037037
0.627907 0.5658915 0.620155 0.6124031 0.6434109 0.6434109 0.6434109 0.6356589 0.7054264 0.5426357 0.5348837
