0.4701493 0.5597015 0.4328358 0.380597 0.2835821 0.2462687 0.2388060 0.2238806 0.2014925 0.2164179 0.2014925
0.7194245 0.7122302 0.8201439 0.7913669 0.7697842 0.9208633 0.9352518 0.9568345 0.9064748 0.8776978 0.8561151
0.3203125 0.296875 0.265625 0.234375 0.2578125 0.234375 0.203125 0.1796875 0.203125 0.1875 0.2109375
0.5984848 0.5984848 0.5378788 0.5378788 0.6742424 0.5681818 0.6590909 0.689394 0.6666667 0.7045455 0.689394
0.323741 0.3021583 0.4244604 0.3884892 0.381295 0.3956835 0.3741007 0.323741 0.3741007 0.3884892 0.3453237
0.2265625 0.1953125 0.1796875 0.140625 0.1640625 0.125 0.140625 0.125 0.1328125 0.125 0.140625
0.6690141 0.6338028 0.6549296 0.6830986 0.6197183 0.7183099 0.6338028 0.6408451 0.5633803 0.4577465 0.4859155
0.03731343 0.05970149 0.03731343 0.04477612 0.02238806 0.02238806 0.02238806 0.01492537 0.01492537 0.01492537 0.02985075
0.1294964 0.1438849 0.1366906 0.1510791 0.1510791 0.1151079 0.1366906 0.1438849 0.1366906 0.1151079 0.1294964
0.6690141 0.6901408 0.7112676 0.6267606 0.6901408 0.7323944 0.6901408 0.6690141 0.6549296 0.5422535 0.5633803
0.234375 0.2734375 0.1953125 0.234375 0.2265625 0.2421875 0.21875 0.203125 0.203125 0.2109375 0.21875
0.2846715 0.2919708 0.3576642 0.4306569 0.4160584 0.4233577 0.3722628 0.3868613 0.3211679 0.2773723 0.2846715
0.0234375 0.0078125 0.0078125 0.0078125 0 0.015625 0 0 0.015625 0.0234375 0
0.6962963 0.7777778 0.7333333 0.8 0.7481481 0.8074074 0.8074074 0.7407407 0.6814815 0.6296296 0.5481481
0.5671642 0.619403 0.5223881 0.6119403 0.6940299 0.7910448 0.7761194 0.8208955 0.8358209 0.738806 0.7910448
0.6136364 0.5833333 0.5757576 0.5909091 0.5757576 0.5681818 0.5530303 0.5606061 0.5 0.4848485 0.4090909
0.3239437 0.2887324 0.2253521 0.1901408 0.1760563 0.1549296 0.1408451 0.1267606 0.1338028 0.1267606 0.1478873
0.0234375 0.0078125 0.015625 0.015625 0.015625 0.015625 0.0234375 0.0234375 0.0234375 0.015625 0.03125
0.2421875 0.2890625 0.3359375 0.3828125 0.3828125 0.3828125 0.3828125 0.3828125 0.3203125 0.3203125 0.2578125
0.7832168 0.7132867 0.8041958 0.7762238 0.7972028 0.6433566 0.6083916 0.6433566 0.6923077 0.7132867 0.8321678
0.7664234 0.7445255 0.729927 0.6934307 0.7810219 0.8467153 0.9270073 0.890511 0.839416 0.7664234 0.7883212
0.7092199 0.8297872 0.787234 0.8510638 0.8723404 0.8865248 0.964539 0.822695 0.858156 0.8297872 0.7446809
0.59375 0.59375 0.390625 0.3828125 0.359375 0.328125 0.3125 0.3046875 0.3125 0.3359375 0.3203125
0.1897810 0.2335766 0.2189781 0.2919708 0.3503650 0.3722628 0.3576642 0.3576642 0.3211679 0.3941606 0.3211679
0.4397163 0.4468085 0.3475177 0.2907801 0.2340426 0.2127660 0.2127660 0.1985816 0.1914894 0.1843972 0.1773050
0.2148148 0.1851852 0.1407407 0.1407407 0.1333333 0.1333333 0.1333333 0.1185185 0.1185185 0.1111111 0.1037037
0.2666667 0.2074074 0.2518519 0.2296296 0.2592593 0.2962963 0.2814815 0.2740741 0.3185185 0.3629630 0.4592593
0.7727273 0.8409091 0.8560606 0.8333333 0.8560606 0.8333333 0.939394 0.8712121 0.8257576 0.7045455 0.6818182
0.5227273 0.5833333 0.5833333 0.5984848 0.6439394 0.5984848 0.6439394 0.5909091 0.5909091 0.5909091 0.6136364
0.1328125 0.140625 0.15625 0.1484375 0.1171875 0.1484375 0.140625 0.125 0.15625 0.1171875 0.15625
0.640625 0.671875 0.6796875 0.6328125 0.59375 0.5546875 0.5546875 0.5390625 0.5078125 0.4296875 0.4296875
0.0625 0.046875 0.0703125 0.0546875 0.0703125 0.078125 0.0546875 0.0546875 0.0703125 0.078125 0.0546875
0.0979021 0.06993007 0.05594406 0.06293706 0.06993007 0.06293706 0.04895105 0.04895105 0.04895105 0.04895105 0.04895105
0.7761194 0.6641791 0.6865672 0.7537313 0.7462687 0.738806 0.738806 0.7089552 0.7089552 0.5820896 0.5895522
0.6171875 0.5546875 0.515625 0.4609375 0.4375 0.4296875 0.3984375 0.3984375 0.4296875 0.375 0.3671875
0.6875 0.6875 0.734375 0.71875 0.7265625 0.7734375 0.921875 0.90625 0.796875 0.8828125 0.859375
0.5859375 0.5859375 0.515625 0.4765625 0.453125 0.4453125 0.3984375 0.3828125 0.3515625 0.34375 0.328125
0.07407407 0.1111111 0.08888889 0.06666667 0.04444444 0.04444444 0.03703704 0.02962963 0.02962963 0.02222222 0.03703704
0.3134328 0.3432836 0.3283582 0.2462687 0.1940299 0.1716418 0.1492537 0.1417910 0.1492537 0.1417910 0.1343284
0.2575758 0.2878788 0.2954545 0.2878788 0.3030303 0.3030303 0.3181818 0.3106061 0.3257576 0.3787879 0.5757576
0.7194245 0.7122302 0.8201439 0.7913669 0.7697842 0.9208633 0.9280576 0.971223 0.9496403 0.9856115 0.8920863
0.7481481 0.7777778 0.8074074 0.8 0.8518519 0.9555556 0.8666667 0.8666667 0.874074 0.8074074 0.762963
0.7394366 0.7957746 0.8450704 0.8450704 0.8239437 0.9225352 0.9647887 0.8943662 0.8380282 0.8661972 0.8380282
0.71875 0.671875 0.671875 0.734375 0.7578125 0.65625 0.640625 0.59375 0.5078125 0.5390625 0.5
0.015625 0.0078125 0.03125 0.03125 0.0703125 0.0859375 0.1171875 0.140625 0.171875 0.2265625 0.2578125
0.2888889 0.2888889 0.3925926 0.4148148 0.4296296 0.4296296 0.4222222 0.6074074 0.6444444 0.9185185 0.9111111
0.6962963 0.6148148 0.7333333 0.6296296 0.7555556 0.8518519 0.8296296 0.8518519 0.8222222 0.8592593 0.8
0.6222222 0.6148148 0.5925926 0.5703704 0.5259259 0.5185185 0.4740741 0.4962963 0.5111111 0.6962963 0.7333333
0.6171875 0.703125 0.796875 0.734375 0.6796875 0.6484375 0.640625 0.578125 0.546875 0.5078125 0.484375
0.2394366 0.2183099 0.3028169 0.3661972 0.3802817 0.3873239 0.3802817 0.3943662 0.3591549 0.2746479 0.2887324
0.125 0.0859375 0.0859375 0.0546875 0.1015625 0.1171875 0.1171875 0.1015625 0.1015625 0.109375 0.109375
0.1865672 0.1865672 0.1417910 0.1268657 0.1044776 0.08208955 0.1044776 0.07462687 0.08208955 0.09701493 0.06716418
0.7761194 0.6641791 0.619403 0.6716418 0.6940299 0.738806 0.738806 0.6791045 0.6716418 0.5671642 0.5597015
0.1015625 0.1171875 0.1640625 0.15625 0.1953125 0.265625 0.2578125 0.2890625 0.25 0.28125 0.2578125
0.71875 0.8203125 0.796875 0.828125 0.8515625 0.8671875 0.8828125 0.921875 0.921875 0.890625 0.890625
0.3065693 0.3065693 0.2335766 0.2262774 0.2554745 0.2773723 0.2919708 0.3211679 0.4890511 0.4963504 0.4890511
0.7194245 0.6115108 0.6043165 0.5611511 0.6834532 0.8273381 0.9280576 0.8057554 0.7769784 0.705036 0.6906475
0.453125 0.5 0.5390625 0.546875 0.5390625 0.453125 0.5234375 0.5078125 0.4921875 0.4453125 0.4609375
0.5078125 0.59375 0.5 0.625 0.53125 0.5546875 0.7109375 0.6484375 0.5234375 0.578125 0.71875
0.7194245 0.7122302 0.8201439 0.7913669 0.7697842 0.8273381 0.8489209 0.9568345 0.9496403 0.8561151 0.942446
0.7761194 0.7835821 0.7985075 0.880597 0.8283582 0.9253731 0.9328358 0.9179104 0.8358209 0.7835821 0.7985075
0.7832168 0.7132867 0.6083916 0.5524476 0.5524476 0.5594406 0.5244755 0.5454545 0.5314685 0.4755245 0.5244755
0.7761194 0.7835821 0.7985075 0.738806 0.8283582 0.7462687 0.7985075 0.8283582 0.880597 0.902985 0.8955224
0.6287879 0.8409091 0.7348485 0.8333333 0.780303 0.810606 0.8257576 0.9621212 0.9621212 0.810606 0.8333333
0.7832168 0.8041958 0.8041958 0.7762238 0.8811189 0.951049 0.8601399 0.8461538 0.7902098 0.7412587 0.7832168
0.3741007 0.3453237 0.2302158 0.2230216 0.1870504 0.1942446 0.1798561 0.1582734 0.1438849 0.1726619 0.1582734
0.7481481 0.7777778 0.7407407 0.8 0.7555556 0.8074074 0.762963 0.9111111 0.9407407 0.962963 0.9555556
0.5815603 0.5460993 0.5035461 0.5390071 0.5390071 0.4964539 0.5106383 0.4326241 0.3687943 0.3900709 0.3829787
0.59375 0.609375 0.734375 0.6640625 0.7265625 0.7734375 0.7421875 0.6875 0.59375 0.71875 0.71875
0.4963504 0.4087591 0.5766423 0.4452555 0.5109489 0.5036496 0.459854 0.4233577 0.4306569 0.4087591 0.4233577
0.7588652 0.8297872 0.787234 0.8510638 0.8723404 0.8865248 0.9503546 0.8865248 0.9219858 0.893617 0.8085106
0.4148148 0.4666667 0.3851852 0.3407407 0.3185185 0.3111111 0.2740741 0.2592593 0.2666667 0.2370370 0.2666667
0.2846715 0.2773723 0.3211679 0.3941606 0.3795620 0.3795620 0.3576642 0.3503650 0.3065693 0.2554745 0.2846715
0.7194245 0.7122302 0.8201439 0.7913669 0.7697842 0.8273381 0.6978417 0.76259 0.8057554 0.705036 0.7913669
0.2262774 0.2481752 0.2116788 0.2116788 0.2043796 0.2408759 0.2992701 0.3211679 0.4087591 0.729927 0.5985401
0.4772727 0.4469697 0.4090909 0.4621212 0.4621212 0.4393939 0.4318182 0.3787879 0.3181818 0.3484848 0.25
0.6408451 0.7957746 0.8450704 0.8450704 0.7394366 0.9225352 0.7957746 0.7323944 0.6619718 0.5422535 0.5633803
0.7588652 0.8297872 0.787234 0.8510638 0.7730496 0.6879433 0.7092199 0.929078 0.8297872 0.9503546 0.9219858
0.3656716 0.2910448 0.4029851 0.4179104 0.4402985 0.4925373 0.4626866 0.5597015 0.761194 0.858209 0.8358209
0.5395683 0.5395683 0.6834532 0.5611511 0.5827338 0.6258993 0.6546763 0.7194245 0.6834532 0.6402878 0.7122302
0.4609375 0.5234375 0.4609375 0.546875 0.5625 0.515625 0.5234375 0.6640625 0.75 0.875 0.8828125
0.2196970 0.2272727 0.1969697 0.1893939 0.1515152 0.1590909 0.1439394 0.1212121 0.1212121 0.1136364 0.0909091
0.4609375 0.5234375 0.4609375 0.546875 0.5625 0.515625 0.5234375 0.6640625 0.75 0.875 0.8828125
0.3741007 0.3453237 0.2446043 0.2230216 0.1870504 0.1942446 0.1798561 0.1582734 0.1438849 0.1726619 0.1582734
0.6296296 0.6592593 0.7185185 0.6296296 0.7481481 0.6666667 0.7111111 0.7111111 0.6740741 0.8296296 0.8222222
0.7194245 0.7122302 0.8201439 0.7913669 0.7697842 0.9208633 0.971223 0.9568345 0.9064748 0.8776978 0.8417266
0.3560606 0.3560606 0.2878788 0.2272727 0.1818182 0.1969697 0.2121212 0.1969697 0.1515152 0.1666667 0.1666667
0.01398601 0.006993007 0.02097902 0.006993007 0 0 0.01398601 0.006993007 0 0.006993007 0.006993007
0.7092199 0.7304965 0.787234 0.6595745 0.5957447 0.5319149 0.5035461 0.5531915 0.5390071 0.6170213 0.5602837
0.1060606 0.1666667 0.1136364 0.1287879 0.09848485 0.08333333 0.08333333 0.0909091 0.1060606 0.1136364 0.09848485
0.4316547 0.4388489 0.4244604 0.3669065 0.3453237 0.352518 0.3741007 0.4172662 0.4460432 0.7913669 0.7913669
0.6439394 0.8409091 0.7348485 0.8333333 0.780303 0.810606 0.8560606 0.9621212 0.9621212 0.810606 0.8333333
0.6423358 0.6131387 0.5912409 0.6861314 0.7737226 0.7007299 0.839416 0.8467153 0.9562044 0.9562044 0.9343066
0.2265625 0.1875 0.1796875 0.21875 0.1796875 0.1953125 0.1640625 0.171875 0.15625 0.1484375 0.15625
0.1417910 0.1343284 0.1492537 0.2238806 0.3134328 0.3059701 0.3358209 0.3358209 0.2985075 0.2537313 0.2835821
0.03546099 0.02836879 0.03546099 0.02836879 0.02836879 0.02127660 0.01418440 0.03546099 0.02836879 0.04255319 0.04255319
0.3211679 0.3065693 0.2846715 0.3138686 0.3503650 0.3211679 0.3649635 0.4233577 0.6277372 0.8832117 0.8686131
0.6875 0.6875 0.734375 0.71875 0.7265625 0.7734375 0.921875 0.90625 0.9453125 0.9609375 0.953125
0.6439394 0.8409091 0.8560606 0.7424242 0.8560606 0.8333333 0.8939394 0.9015152 0.8939394 0.810606 0.8257576
0.125 0.0859375 0.09375 0.0859375 0.09375 0.0859375 0.0859375 0.0859375 0.078125 0.078125 0.078125
0.5035461 0.5460993 0.6099291 0.5744681 0.6099291 0.6879433 0.6170213 0.6170213 0.5673759 0.5248227 0.6524823
0.640625 0.8203125 0.796875 0.828125 0.6640625 0.6171875 0.6171875 0.5703125 0.5078125 0.4765625 0.484375
0.6643357 0.6293706 0.6083916 0.5734266 0.5804196 0.4895105 0.5314685 0.5174825 0.4615385 0.4055944 0.4895105
0.71875 0.8203125 0.796875 0.828125 0.8515625 0.8671875 0.8828125 0.921875 0.90625 0.890625 0.8828125
0.6875 0.6875 0.734375 0.71875 0.7265625 0.7734375 0.921875 0.8203125 0.7734375 0.875 0.84375
0.109375 0.0859375 0.09375 0.0859375 0.0859375 0.0859375 0.09375 0.109375 0.09375 0.078125 0.078125
0.5 0.5378788 0.5606061 0.5984848 0.5757576 0.6212121 0.6590909 0.6969697 0.7424242 0.9242424 0.9318182
0.7761194 0.7835821 0.7985075 0.880597 0.8283582 0.9253731 0.8955224 0.880597 0.8507463 0.761194 0.7537313
0.59375 0.6875 0.5859375 0.625 0.625 0.6484375 0.7109375 0.703125 0.75 0.65625 0.6328125
0.4609375 0.609375 0.5859375 0.71875 0.53125 0.5546875 0.8125 0.6875 0.71875 0.6328125 0.578125
0.7727273 0.8409091 0.8560606 0.8333333 0.8560606 0.8181818 0.939394 0.8712121 0.8257576 0.7045455 0.6818182
0.07407407 0.06666667 0.1111111 0.1111111 0.1333333 0.1851852 0.1777778 0.2444444 0.2592593 0.3185185 0.5481481
0.203125 0.21875 0.3125 0.3828125 0.3828125 0.3828125 0.390625 0.390625 0.4140625 0.4296875 0.5078125
0.2910448 0.2537313 0.3880597 0.4104478 0.4104478 0.4552239 0.4253731 0.4477612 0.5373134 0.641791 0.5223881
0.7588652 0.8297872 0.787234 0.8510638 0.8723404 0.8865248 0.964539 0.8510638 0.8723404 0.8297872 0.7446809
0.1333333 0.1259259 0.0962963 0.1037037 0.0962963 0.08888889 0.08888889 0.1111111 0.08148148 0.1111111 0.1037037
0.01515152 0.03030303 0.04545455 0.03787879 0.0909091 0.1136364 0.1060606 0.1515152 0.1515152 0.2272727 0.2424242
0.7727273 0.8409091 0.8560606 0.8333333 0.7727273 0.689394 0.6590909 0.5909091 0.5909091 0.6515152 0.6287879
0.7727273 0.8409091 0.7348485 0.8333333 0.7727273 0.7424242 0.6666667 0.6969697 0.8409091 0.9166667 0.9545455
0.7588652 0.8297872 0.787234 0.8510638 0.8723404 0.8865248 0.964539 0.8865248 0.9219858 0.893617 0.8085106
0.6875 0.6875 0.734375 0.71875 0.7265625 0.7734375 0.7421875 0.7578125 0.640625 0.734375 0.75
0.71875 0.8203125 0.796875 0.828125 0.7578125 0.6796875 0.640625 0.609375 0.5546875 0.5390625 0.484375
0.21875 0.1953125 0.1875 0.1640625 0.203125 0.15625 0.1640625 0.15625 0.1953125 0.1640625 0.1796875
0.1678832 0.1897810 0.2116788 0.3138686 0.3503650 0.3795620 0.3868613 0.3576642 0.3503650 0.3722628 0.3138686
0.2377622 0.2097902 0.1678322 0.1608392 0.1468531 0.1608392 0.1398601 0.1888112 0.2167832 0.3006993 0.2587413
0.0625 0.0703125 0.09375 0.15625 0.1953125 0.2265625 0.265625 0.28125 0.1953125 0.1796875 0.1953125
0.5912409 0.6131387 0.649635 0.6277372 0.6861314 0.7007299 0.6131387 0.5693431 0.5693431 0.4963504 0.459854
0.265625 0.296875 0.3671875 0.3828125 0.3671875 0.390625 0.3828125 0.375 0.375 0.296875 0.3203125
0.7727273 0.8409091 0.7348485 0.75 0.7727273 0.7348485 0.6666667 0.6969697 0.8257576 0.8939394 0.9318182
0.2183099 0.2112676 0.1619718 0.1619718 0.1267606 0.1197183 0.1126761 0.08450704 0.0915493 0.07042254 0.07042254
0.380597 0.4402985 0.4029851 0.3208955 0.2388060 0.2089552 0.1716418 0.1865672 0.1641791 0.1791045 0.1567164
0.7481481 0.7777778 0.8074074 0.8 0.8518519 0.8518519 0.837037 0.962963 0.9481481 0.9703704 0.9703704
0.6875 0.6875 0.734375 0.71875 0.7265625 0.7734375 0.8125 0.8515625 0.71875 0.8046875 0.8046875
0.5633803 0.5915493 0.6056338 0.6267606 0.6901408 0.8239437 0.7676056 0.7887324 0.7605634 0.7887324 0.6619718
0.1167883 0.1167883 0.1459854 0.2189781 0.3138686 0.2992701 0.3357664 0.3576642 0.3138686 0.3503650 0.3138686
0.1751825 0.1897810 0.1824818 0.2262774 0.2481752 0.2846715 0.3065693 0.3211679 0.4233577 0.7664234 0.6423358
0.375 0.34375 0.359375 0.2578125 0.21875 0.2421875 0.1875 0.15625 0.171875 0.15625 0.1640625
0.40625 0.3984375 0.40625 0.40625 0.3984375 0.390625 0.3828125 0.3984375 0.3828125 0.34375 0.3359375
0.71875 0.8203125 0.796875 0.734375 0.8515625 0.75 0.75 0.8125 0.8671875 0.921875 0.9765625
0.7761194 0.7835821 0.6940299 0.7462687 0.5820896 0.5671642 0.5 0.5074627 0.4776119 0.3880597 0.4925373
0.0979021 0.1258741 0.1048951 0.1048951 0.0909091 0.1188811 0.1258741 0.1188811 0.1748252 0.1748252 0.1398601
0.7481481 0.7777778 0.8074074 0.8 0.8518519 0.8592593 0.8296296 0.7851852 0.7407407 0.6518519 0.5851852
0.7761194 0.7835821 0.7985075 0.6791045 0.6492537 0.641791 0.6940299 0.6119403 0.6343284 0.641791 0.5447761
0.2888889 0.2518519 0.2296296 0.2074074 0.2370370 0.2074074 0.2444444 0.2148148 0.2296296 0.2296296 0.1925926
0.2421875 0.265625 0.265625 0.1640625 0.1953125 0.21875 0.2109375 0.2421875 0.2421875 0.2265625 0.25
0.71875 0.703125 0.796875 0.734375 0.7578125 0.75 0.8125 0.734375 0.7578125 0.75 0.75
0.7394366 0.5211268 0.6056338 0.612676 0.6901408 0.7183099 0.7042254 0.6408451 0.6549296 0.4929577 0.5140845
0.1386861 0.1751825 0.1897810 0.2627737 0.3503650 0.3795620 0.3941606 0.4671533 0.5109489 0.5985401 0.4525547
0.3787879 0.4242424 0.4393939 0.4393939 0.4393939 0.4469697 0.4242424 0.4090909 0.3560606 0.3636364 0.3181818
0.5078125 0.375 0.4453125 0.546875 0.5 0.46875 0.5234375 0.6484375 0.5234375 0.65625 0.71875
0.3134328 0.3358209 0.4253731 0.4626866 0.5373134 0.5447761 0.5522388 0.5746269 0.6044776 0.5522388 0.5597015
