0.01 0
0.12 0.098
0.002 0.002
0.006 0.006
0.21 0.222
0 0
0.056 0.032
0.096 0.102
0.024 0.018
0.008 0
0.29 0.226
0.002 0.004
0.018 0.014
0.012 0.024
0.14 0.122
0.226 0.206
0.036 0.018
0.008 0.006
0.012 0.012
0.01 0.012
0.054 0.052
0.112 0.116
0 0.004
0.136 0.148
0.328 0.25
0.05 0.028
0.136 0.138
0.016 0.032
0.63 0.612
0.096 0.092
0.56 0.512
0.29 0.314
0.006 0.004
0.008 0.01
0.026 0.016
0.544 0.566
0.644 0.66
0.206 0.208
0.004 0.012
0.01 0.004
0.128 0.136
0.01 0.008
0.034 0.03
0.012 0.002
0.208 0.226
0.034 0.044
0.012 0.008
0.246 0.26
0 0.002
0 0
0.002 0.01
0.054 0.028
0.002 0.002
0.568 0.59
0.368 0.352
0.11 0.176
0.036 0.016
0.336 0.32
0.278 0.336
0 0
0.026 0.02
0.022 0.018
0 0
0.072 0.026
0.002 0
0.068 0.066
0.126 0.112
0.09 0.088
0.15 0.164
0.002 0
0.264 0.288
0.068 0.064
0.006 0.004
0.008 0.008
0 0.002
0.008 0.01
0 0
0.09 0.08
0.034 0.036
0.02 0.012
0.006 0.002
0.232 0.248
0.018 0.012
0.076 0.064
0.374 0.316
0.736 0.722
0.466 0.498
0.114 0.146
0 0
0.034 0.042
0.034 0.024
0.16 0.166
0.016 0.008
0.058 0.036
0.038 0.03
0.244 0.28
0.056 0.026
0.008 0.004
0.106 0.142
0.446 0.446
0.102 0.092
0.086 0.11
0.052 0.054
0.156 0.166
0.048 0.052
0.002 0.008
0.064 0.052
0 0
0 0.002
0 0
0.136 0.146
0.218 0.244
0.354 0.39
0 0
0.19 0.17
0.042 0.028
0.41 0.388
0.064 0.048
0.102 0.088
0.152 0.136
0.08 0.078
0.46 0.458
0.002 0
0.344 0.444
0.016 0.032
0.004 0.01
0 0
0.256 0.236
0 0.004
0.01 0.008
0.218 0.246
0 0
0.472 0.48
0.004 0.004
0.018 0.006
0.046 0.02
