0.004 0.002
0.158 0.116
0.002 0
0.008 0.014
0.226 0.234
0 0
0.056 0.04
0.124 0.144
0.018 0.01
0.016 0.006
0.168 0.116
0.014 0.002
0.012 0.01
0.014 0.012
0.068 0.058
0.208 0.204
0.044 0.03
0.008 0.01
0.006 0.016
0.008 0.018
0.06 0.038
0.13 0.122
0.004 0
0.102 0.094
0.208 0.184
0.09 0.036
0.126 0.146
0.016 0.016
0.41 0.448
0.018 0.016
0.608 0.598
0.334 0.364
0.004 0.008
0.022 0.002
0.008 0.004
0.478 0.526
0.552 0.574
0.19 0.172
0.006 0.004
0.008 0.008
0.122 0.154
0.012 0.01
0.028 0.02
0.002 0.008
0.278 0.25
0.026 0.014
0.018 0.006
0.222 0.212
0 0
0 0
0 0.006
0.036 0.018
0 0.002
0.446 0.508
0.43 0.466
0.108 0.108
0.022 0.012
0.242 0.266
0.3 0.332
0 0.002
0.032 0.022
0.014 0.002
0.006 0
0.046 0.04
0 0
0.07 0.074
0.112 0.11
0.098 0.062
0.152 0.134
0 0.004
0.208 0.218
0.068 0.054
0.008 0
0.004 0.004
0.002 0.002
0.028 0.016
0 0
0.078 0.05
0.006 0.004
0.014 0.012
0.01 0.014
0.306 0.332
0.012 0.02
0.032 0.036
0.35 0.32
0.642 0.71
0.502 0.49
0.162 0.128
0.002 0
0.07 0.048
0.006 0.018
0.108 0.078
0.008 0.01
0.058 0.026
0.026 0.014
0.206 0.254
0.032 0.016
0.01 0.01
0.024 0.022
0.284 0.32
0.134 0.108
0.044 0.028
0.088 0.056
0.19 0.198
0.016 0.012
0.008 0.004
0.054 0.048
0 0.002
0 0.002
0 0
0.144 0.146
0.236 0.264
0.39 0.342
0 0
0.214 0.224
0.016 0.01
0.328 0.316
0.092 0.104
0.114 0.106
0.098 0.098
0.056 0.062
0.458 0.434
0.004 0
0.418 0.418
0.032 0.044
0.01 0.004
0.006 0.01
0.31 0.322
0.002 0
0.016 0.02
0.166 0.188
0 0.002
0.53 0.538
0.006 0.002
0.014 0.014
0.016 0.03
