0.006 0
0.158 0.164
0.014 0.008
0.002 0.012
0.234 0.168
0 0.002
0.022 0.032
0.088 0.112
0.016 0.018
0.014 0.012
0.246 0.22
0.098 0.078
0.008 0.01
0.04 0.016
0.1 0.074
0.074 0.102
0.016 0.02
0.004 0.002
0.01 0.008
0.016 0.012
0.064 0.06
0.098 0.122
0.01 0
0.038 0.062
0.324 0.28
0.08 0.04
0.09 0.088
0.036 0.032
0.586 0.638
0.084 0.122
0.546 0.54
0.27 0.3
0.002 0
0.016 0.008
0.034 0.018
0.48 0.506
0.532 0.526
0.282 0.248
0.004 0.002
0.012 0.004
0.122 0.162
0.02 0.006
0.092 0.036
0.004 0.002
0.28 0.316
0.038 0.026
0.01 0.01
0.306 0.284
0 0
0.002 0
0.008 0.006
0.058 0.026
0.006 0.002
0.53 0.564
0.39 0.46
0.162 0.136
0.014 0.014
0.308 0.31
0.302 0.328
0.002 0.004
0.036 0.02
0.008 0.018
0.006 0.002
0.076 0.044
0 0
0.054 0.04
0.124 0.112
0.108 0.072
0.176 0.19
0.004 0.002
0.24 0.232
0.09 0.05
0.002 0.004
0.012 0.004
0.006 0.004
0.012 0.004
0 0.006
0.048 0.044
0.062 0.06
0.014 0.018
0.032 0.024
0.25 0.23
0.048 0.014
0.05 0.044
0.102 0.14
0.628 0.622
0.434 0.424
0.154 0.154
0.002 0.004
0.03 0.022
0.014 0.01
0.088 0.082
0.012 0.004
0.064 0.038
0.024 0.012
0.238 0.228
0.024 0.036
0.004 0.004
0.066 0.056
0.302 0.326
0.11 0.09
0.13 0.104
0.08 0.088
0.182 0.158
0.018 0.016
0.012 0.002
0.066 0.044
0.002 0.004
0 0
0 0
0.092 0.07
0.314 0.324
0.43 0.434
0 0
0.266 0.262
0.042 0.024
0.11 0.11
0.042 0.022
0.134 0.106
0.108 0.068
0.04 0.048
0.458 0.446
0 0.006
0.37 0.36
0.014 0.008
0.01 0.006
0.002 0.004
0.27 0.296
0.006 0
0.016 0.01
0.272 0.274
0 0
0.562 0.534
0.006 0.002
0.008 0.01
0.028 0.032
