0.004 0.004
0.166 0.142
0 0.008
0.008 0.01
0.27 0.222
0 0.002
0.054 0.044
0.15 0.14
0.02 0.016
0.02 0.012
0.236 0.222
0.068 0.06
0.004 0.01
0.024 0.018
0.128 0.13
0.092 0.058
0.032 0.01
0.008 0.01
0.012 0.016
0.018 0.014
0.062 0.056
0.104 0.088
0.004 0
0.056 0.036
0.326 0.278
0.046 0.018
0.182 0.194
0.012 0.016
0.684 0.65
0.11 0.13
0.504 0.462
0.23 0.226
0.002 0.002
0.014 0.004
0.016 0.014
0.496 0.522
0.68 0.688
0.192 0.178
0 0
0.004 0
0.134 0.116
0.01 0.016
0.046 0.028
0.006 0.004
0.236 0.286
0.032 0.02
0.016 0.004
0.212 0.262
0.002 0.002
0.008 0.002
0.002 0
0.042 0.018
0 0
0.506 0.568
0.414 0.422
0.124 0.148
0.04 0.034
0.348 0.326
0.37 0.378
0 0
0.036 0.032
0.026 0.016
0.006 0.002
0.08 0.06
0 0
0.05 0.052
0.116 0.142
0.082 0.082
0.148 0.184
0 0.002
0.268 0.246
0.044 0.02
0 0.002
0.012 0.006
0 0
0.006 0.006
0.002 0
0.116 0.086
0.008 0.006
0.012 0.006
0.03 0.032
0.336 0.324
0.004 0
0.054 0.048
0.444 0.356
0.66 0.702
0.596 0.554
0.148 0.172
0.002 0.002
0.046 0.036
0.014 0.022
0.082 0.056
0.008 0.006
0.046 0.032
0.02 0.006
0.234 0.288
0.028 0.024
0.012 0.004
0.128 0.132
0.294 0.3
0.124 0.132
0.114 0.126
0.098 0.104
0.196 0.21
0.024 0.032
0.008 0.006
0.044 0.052
0.002 0
0.002 0.002
0 0
0.158 0.146
0.38 0.34
0.406 0.418
0 0
0.214 0.206
0.014 0.01
0.4 0.328
0.094 0.058
0.102 0.116
0.078 0.112
0.046 0.03
0.496 0.436
0.004 0
0.46 0.5
0.016 0.012
0.012 0.008
0.004 0.006
0.278 0.26
0.004 0
0.02 0.028
0.244 0.234
0 0.002
0.516 0.514
0.002 0
0.006 0.006
0.034 0.038
