0.7304348 0.7130435
0.2950820 0.3606557
0.6521739 0.7130435
0.7083333 0.6833333
0.05737705 0.09016393
0.84375 0.8125
0.4666667 0.4416667
0.1885246 0.1639344
0.6583333 0.5833333
0.4745763 0.559322
0.08474576 0.1440678
0.573913 0.626087
0.7165354 0.6692913
0.5238095 0.5952381
0.1739130 0.1652174
0.1496063 0.1732283
0.4765625 0.5390625
0.84375 0.8125
0.6347826 0.6347826
0.8032787 0.7540984
0.4508197 0.4836066
0.375 0.3583333
0.8220339 0.779661
0.4416667 0.3916667
0.04098361 0.05737705
0.4916667 0.5083333
0.3916667 0.3333333
0.5081967 0.4918033
0.007936508 0
0.3015873 0.2777778
0.02542373 0.03389831
0.140625 0.109375
0.6984127 0.7619048
0.7540984 0.6967213
0.4173913 0.5043478
0.04166667 0.05
0.01666667 0.01666667
0.06557377 0.07377049
0.734375 0.8125
0.75 0.8416667
0.3583333 0.35
0.6885246 0.5327869
0.5 0.5163934
0.8346457 0.8031496
0.1190476 0.1111111
0.5327869 0.4918033
0.6507937 0.6746032
0.3196721 0.3196721
0.8606557 0.8196721
0.8606557 0.8196721
0.7304348 0.7130435
0.4067797 0.4152542
0.8333333 0.6746032
0.02380952 0.02380952
0.3391304 0.2260870
0.3474576 0.3474576
0.515873 0.5396825
0.1015625 0.1171875
0.1349206 0.1031746
0.8 0.8416667
0.5826772 0.6614173
0.6083333 0.8416667
0.8606557 0.8196721
0.3114754 0.352459
0.8 0.8416667
0.8 0.6916667
0.3253968 0.3015873
0.440678 0.5169492
0.3032787 0.2704918
0.7704918 0.8196721
0.3360656 0.352459
0.3305085 0.3813559
0.8032787 0.7540984
0.8 0.7083333
0.7304348 0.7130435
0.6916667 0.6333333
0.8220339 0.779661
0.3571429 0.4047619
0.4956522 0.4347826
0.5762712 0.559322
0.8220339 0.779661
0.1166667 0.1
0.6484375 0.625
0.7304348 0.626087
0.075 0.1
0 0
0.03333333 0.05
0.2619048 0.2936508
0.8220339 0.779661
0.2521739 0.2956522
0.6984127 0.5238095
0.352459 0.3934426
0.5762712 0.6271186
0.2782609 0.3043478
0.5166667 0.4833333
0.3391304 0.3130435
0.525 0.6
0.8 0.8416667
0.6347826 0.6347826
0.1271186 0.1186441
0.3650794 0.3333333
0.35 0.3083333
0.4416667 0.3583333
0.440678 0.4152542
0.4603175 0.4761905
0.5833333 0.5333333
0.3304348 0.3652174
0.8346457 0.8031496
0.8666667 0.8416667
0.8 0.8416667
0.2377049 0.2377049
0.1779661 0.1610169
0.05555556 0.0952381
0.7304348 0.7130435
0.2109375 0.203125
0.5901639 0.5163934
0.06779661 0.09322034
0.1739130 0.1913043
0.3474576 0.3983051
0.2786885 0.2704918
0.4724409 0.5275591
0.04098361 0.05737705
0.8 0.8416667
0.06299213 0.07086614
0.6083333 0.5833333
0.8 0.7
0.8346457 0.8031496
0.1304348 0.1652174
0.8032787 0.7540984
0.7304348 0.7130435
0.2619048 0.2301587
0.8346457 0.8031496
0.06086957 0.06086957
0.7704918 0.8196721
0.8666667 0.8416667
0.468254 0.4126984
