0.7083333 0.6583333
0.3821138 0.3658537
0.792 0.776
0.6890756 0.7815126
0.2032520 0.2439024
0.7377049 0.8606557
0.4146341 0.4227642
0.3870968 0.3145161
0.6097561 0.5447154
0.6048387 0.6290323
0.2601626 0.2520325
0.3902439 0.3902439
0.6806723 0.7058824
0.64 0.728
0.4666667 0.4333333
0.175 0.1916667
0.5564516 0.483871
0.7419355 0.6693548
0.6612903 0.5806452
0.7073171 0.7560976
0.5365854 0.504065
0.2419355 0.2661290
0.8211382 0.8292683
0.3277311 0.3529412
0.1092437 0.1176471
0.4390244 0.4552846
0.3658537 0.2601626
0.5798319 0.5294118
0.008333333 0.01666667
0.5 0.525
0.032 0.032
0.2436975 0.2521008
0.8211382 0.8292683
0.744 0.648
0.7377049 0.6885246
0.04098361 0.04098361
0.04132231 0.04958678
0.1428571 0.1764706
0.5983607 0.8606557
0.677686 0.8181818
0.3658537 0.2926829
0.6 0.575
0.4596774 0.4596774
0.792 0.728
0.1764706 0.1428571
0.6048387 0.5564516
0.7073171 0.6666667
0.3223140 0.3801653
0.792 0.776
0.796748 0.7560976
0.8211382 0.7317073
0.4166667 0.4166667
0.775 0.8083333
0.05882353 0.07563025
0.1138211 0.0894309
0.3064516 0.3387097
0.7398374 0.6341463
0.03305785 0.04958678
0.08264463 0.04958678
0.8617886 0.7804878
0.5371901 0.5950413
0.744 0.728
0.796748 0.7560976
0.4193548 0.4677419
0.8617886 0.7804878
0.448 0.496
0.3064516 0.3145161
0.3870968 0.3951613
0.3196721 0.3032787
0.677686 0.7190083
0.2892562 0.4049587
0.495935 0.4715447
0.7083333 0.8083333
0.8278689 0.7786885
0.8467742 0.8064516
0.7419355 0.5887097
0.8548387 0.7741935
0.3114754 0.3278689
0.6504065 0.7560976
0.5798319 0.7058824
0.5798319 0.6302521
0.5203252 0.5528455
0.516129 0.4758065
0.5609756 0.4715447
0.25 0.3225806
0.03305785 0.01652893
0.3083333 0.3333333
0.2845528 0.300813
0.8235294 0.7815126
0.4758065 0.4516129
0.717742 0.6693548
0.3064516 0.3306452
0.6833333 0.8083333
0.4435484 0.4758065
0.6693548 0.6612903
0.2113821 0.2032520
0.592 0.584
0.7295082 0.8606557
0.3583333 0.375
0.03305785 0.04132231
0.25 0.2822581
0.4344262 0.3196721
0.4032258 0.4193548
0.2520325 0.2032520
0.5409836 0.5245902
0.796748 0.7560976
0.4333333 0.4166667
0.8211382 0.8292683
0.796748 0.7560976
0.768595 0.8181818
0.2845528 0.3170732
0.1680672 0.1344538
0.04065041 0.04065041
0.768595 0.8181818
0.232 0.216
0.5409836 0.4754098
0.1428571 0.1428571
0.408 0.432
0.3445378 0.3361345
0.3083333 0.3916667
0.4308943 0.4227642
0.05882353 0.08403361
0.8211382 0.8292683
0.08130081 0.07317073
0.699187 0.5284553
0.7295082 0.8606557
0.8235294 0.7815126
0.1074380 0.1322314
0.775 0.8083333
0.677686 0.6528926
0.3278689 0.2377049
0.7377049 0.8606557
0.04065041 0.03252033
0.7398374 0.7804878
0.677686 0.6528926
0.475 0.4666667
