0.008 0.006
0.102 0.086
0.006 0.006
0.008 0.004
0.212 0.22
0 0.002
0.056 0.042
0.116 0.166
0.008 0.01
0.03 0.022
0.19 0.15
0.028 0.03
0.004 0.002
0.016 0.014
0.1 0.078
0.226 0.202
0.02 0.022
0.01 0.004
0.014 0.012
0.012 0.016
0.044 0.038
0.134 0.12
0.002 0
0.104 0.082
0.296 0.352
0.082 0.056
0.09 0.134
0.014 0.014
0.606 0.628
0.062 0.07
0.556 0.504
0.288 0.352
0.006 0
0.006 0.006
0.032 0.008
0.356 0.404
0.418 0.41
0.174 0.176
0.008 0.002
0.006 0.002
0.09 0.094
0.014 0.008
0.02 0.026
0.012 0.004
0.25 0.248
0.034 0.03
0.016 0.012
0.296 0.264
0 0.004
0 0
0.002 0.002
0.03 0.026
0 0
0.566 0.562
0.412 0.45
0.09 0.132
0.02 0.038
0.328 0.312
0.282 0.298
0.002 0.006
0.026 0.036
0.03 0.004
0.008 0.002
0.068 0.06
0.002 0
0.036 0.05
0.108 0.168
0.11 0.076
0.106 0.146
0.002 0
0.264 0.266
0.056 0.04
0 0.002
0.002 0.002
0.012 0.002
0.03 0.01
0.002 0
0.184 0.094
0.008 0.008
0.012 0
0.02 0.028
0.276 0.306
0.014 0.014
0.014 0.026
0.326 0.318
0.596 0.658
0.428 0.398
0.116 0.14
0 0
0.074 0.022
0.022 0.016
0.086 0.096
0.002 0.002
0.062 0.056
0.02 0.012
0.242 0.224
0.038 0.022
0 0
0.06 0.072
0.314 0.316
0.178 0.112
0.118 0.114
0.088 0.1
0.224 0.168
0.014 0.02
0.004 0.004
0.062 0.066
0 0
0 0
0 0.002
0.188 0.176
0.24 0.238
0.262 0.204
0.004 0
0.176 0.172
0.034 0.03
0.38 0.328
0.076 0.06
0.198 0.166
0.112 0.116
0.064 0.054
0.442 0.422
0.004 0.004
0.396 0.406
0.028 0.02
0.006 0
0.014 0.008
0.36 0.358
0 0
0.01 0.014
0.178 0.22
0 0
0.434 0.45
0.006 0
0.002 0.006
0.018 0.032
