0.006 0.008
0.052 0.026
0 0
0.01 0.01
0.14 0.152
0.002 0
0.056 0.042
0.076 0.086
0.014 0.008
0.004 0.004
0.098 0.114
0.066 0.048
0.002 0.012
0.02 0.018
0.136 0.164
0.256 0.242
0.032 0.03
0.008 0.008
0.018 0.012
0.046 0.042
0.054 0.05
0.04 0.068
0.004 0
0.102 0.1
0.452 0.378
0.068 0.044
0.246 0.214
0.018 0.004
0.546 0.568
0.104 0.118
0.524 0.51
0.28 0.304
0.012 0.002
0.012 0.012
0.036 0.012
0.496 0.498
0.052 0.038
0.462 0.356
0.004 0
0.006 0.002
0.084 0.124
0.016 0.016
0.062 0.06
0.002 0.008
0.322 0.354
0 0.002
0.004 0.006
0.234 0.272
0.004 0.002
0 0
0.012 0.02
0.074 0.046
0 0.002
0.172 0.172
0.462 0.52
0.26 0.286
0.064 0.028
0.22 0.242
0.428 0.472
0 0
0.058 0.05
0.026 0.024
0.006 0.002
0.084 0.064
0 0
0.066 0.076
0.094 0.088
0.108 0.084
0.088 0.142
0.014 0.004
0.262 0.252
0.066 0.076
0.008 0.004
0.006 0.002
0.004 0.004
0.01 0.006
0.006 0.002
0.066 0.048
0.072 0.058
0.026 0.024
0.01 0.008
0.286 0.276
0.008 0.002
0.042 0.04
0.414 0.388
0.132 0.128
0.124 0.084
0.042 0.05
0 0.002
0.072 0.046
0.02 0.022
0.148 0.146
0.006 0.002
0.058 0.062
0.02 0.032
0.312 0.394
0.04 0.01
0.002 0.004
0.096 0.1
0.42 0.414
0.138 0.088
0.132 0.132
0.092 0.108
0.12 0.116
0.056 0.054
0.008 0.008
0.046 0.054
0 0
0 0
0 0
0.216 0.212
0.276 0.294
0.44 0.432
0 0
0.208 0.244
0.018 0.012
0.164 0.144
0.072 0.042
0.04 0.054
0.104 0.09
0.052 0.046
0.088 0.058
0.004 0
0.244 0.26
0.04 0.048
0.004 0
0.002 0.002
0.292 0.308
0.004 0.004
0 0.006
0.21 0.192
0 0
0.342 0.344
0.008 0.006
0.008 0.004
0.024 0.048
