0.004 0.012
0.02 0.014
0 0.004
0.016 0.02
0.204 0.176
0 0
0.086 0.048
0.058 0.07
0.008 0.004
0.056 0.034
0.14 0.108
0.082 0.078
0.004 0.004
0.018 0.006
0.108 0.116
0.092 0.052
0.018 0.016
0.004 0.002
0.008 0.016
0.022 0.018
0.03 0.046
0.062 0.042
0.002 0.002
0.07 0.072
0.332 0.354
0.072 0.038
0.268 0.304
0.024 0.03
0.556 0.594
0.136 0.16
0.516 0.512
0.366 0.378
0.004 0.008
0.028 0.008
0.04 0.02
0.566 0.616
0.17 0.146
0.268 0.222
0.012 0.02
0.014 0
0.174 0.2
0.048 0.05
0.08 0.092
0.018 0.008
0.35 0.374
0.054 0.034
0.024 0.01
0.324 0.302
0 0
0 0
0 0.004
0.066 0.046
0 0
0.09 0.122
0.462 0.556
0.144 0.16
0.056 0.062
0.316 0.286
0.416 0.414
0.006 0.006
0.07 0.046
0.078 0.078
0.018 0.012
0.082 0.058
0 0
0.082 0.09
0.12 0.082
0.116 0.092
0.11 0.116
0.01 0.004
0.256 0.238
0.018 0.016
0.008 0
0.012 0.008
0.006 0.006
0.024 0.02
0 0
0.134 0.068
0.06 0.06
0.01 0.012
0.022 0.016
0.296 0.246
0.006 0.006
0.036 0.026
0.46 0.424
0.422 0.47
0.416 0.4
0.03 0.034
0.008 0
0.016 0.014
0.024 0.012
0.118 0.088
0.006 0.002
0.018 0.018
0.018 0.018
0.224 0.242
0.054 0.03
0.002 0
0.048 0.034
0.322 0.396
0.162 0.124
0.136 0.122
0.134 0.118
0.046 0.044
0.04 0.046
0.032 0.016
0.024 0.018
0 0
0 0
0 0
0.204 0.182
0.39 0.432
0.454 0.476
0 0
0.322 0.344
0.02 0.022
0.3 0.29
0.044 0.044
0.066 0.05
0.102 0.076
0.014 0.012
0.356 0.332
0.004 0.006
0.244 0.21
0.048 0.05
0.014 0.01
0.004 0.01
0.282 0.27
0 0
0.004 0.01
0.304 0.366
0.004 0.006
0.342 0.374
0.004 0.002
0.016 0.028
0.034 0.038
