0.012 0.006
0.12 0.068
0 0.002
0.02 0.018
0.166 0.138
0.004 0.004
0.048 0.046
0.086 0.086
0.006 0.012
0.022 0.012
0.196 0.156
0.022 0.02
0.012 0.022
0.024 0.024
0.138 0.126
0.274 0.244
0.028 0.014
0.018 0.01
0.01 0.024
0.028 0.032
0.048 0.046
0.106 0.058
0.004 0.002
0.118 0.092
0.276 0.238
0.084 0.062
0.294 0.282
0.012 0.012
0.594 0.58
0.176 0.214
0.528 0.568
0.352 0.368
0.006 0.004
0.04 0.028
0.022 0.01
0.554 0.538
0.15 0.166
0.274 0.206
0.01 0.002
0 0.004
0.096 0.108
0.024 0.02
0.12 0.068
0.014 0.008
0.378 0.402
0.024 0.02
0.012 0.006
0.266 0.28
0.002 0
0.002 0
0 0.008
0.016 0.016
0 0.006
0.304 0.378
0.4 0.41
0.226 0.23
0.044 0.04
0.302 0.294
0.374 0.47
0.004 0.006
0.082 0.05
0.04 0.032
0.012 0.01
0.058 0.044
0 0
0.008 0.01
0.17 0.134
0.092 0.118
0.122 0.144
0.008 0.002
0.252 0.194
0.044 0.048
0.002 0.004
0.004 0.006
0.01 0.008
0.004 0.004
0 0
0.194 0.134
0 0.008
0.036 0.022
0.016 0.026
0.286 0.282
0.014 0.01
0.038 0.038
0.392 0.34
0.428 0.468
0.406 0.456
0.048 0.044
0 0.002
0.062 0.05
0.028 0.022
0.056 0.044
0.004 0
0.04 0.052
0.018 0.008
0.326 0.38
0.05 0.04
0.006 0.002
0.072 0.084
0.458 0.408
0.118 0.12
0.096 0.096
0.108 0.106
0.178 0.134
0.044 0.036
0.028 0.008
0.042 0.038
0 0
0.002 0
0 0
0.2 0.16
0.4 0.44
0.462 0.418
0.006 0.002
0.408 0.386
0.028 0.002
0.256 0.26
0.114 0.088
0.052 0.08
0.052 0.046
0.04 0.052
0.358 0.344
0.002 0.004
0.236 0.224
0.008 0.01
0.004 0.002
0.004 0
0.286 0.33
0.002 0
0 0.004
0.078 0.084
0 0
0.168 0.114
0.002 0
0.02 0.012
0.038 0.042
