0.014 0.012
0.034 0.062
0.008 0.002
0.014 0.012
0.136 0.152
0 0.002
0.064 0.064
0.044 0.066
0.02 0.016
0.012 0
0.144 0.11
0.04 0.044
0.002 0.008
0.032 0.022
0.118 0.134
0.28 0.248
0.012 0.012
0.004 0
0.03 0.022
0.012 0.01
0.08 0.072
0.07 0.044
0.006 0.004
0.132 0.102
0.232 0.232
0.066 0.042
0.202 0.228
0.018 0
0.478 0.458
0.062 0.076
0.57 0.57
0.278 0.32
0.004 0.006
0.014 0.018
0.014 0.012
0.59 0.614
0.118 0.114
0.28 0.208
0.004 0.002
0.006 0.002
0.102 0.092
0.024 0.026
0.06 0.06
0.01 0.004
0.348 0.332
0.02 0.022
0.008 0.01
0.23 0.29
0 0
0 0
0.004 0.006
0.044 0.048
0.008 0.01
0.32 0.338
0.416 0.438
0.22 0.254
0.052 0.044
0.394 0.386
0.446 0.432
0 0.002
0.094 0.072
0.032 0.024
0.002 0.002
0.082 0.048
0 0.002
0.048 0.068
0.106 0.104
0.096 0.082
0.16 0.132
0.006 0.002
0.238 0.222
0.096 0.072
0.004 0.002
0.002 0
0.01 0
0.02 0.012
0.004 0.004
0.09 0.08
0.064 0.068
0.018 0.016
0.022 0.034
0.302 0.318
0.016 0.03
0.03 0.042
0.438 0.382
0.424 0.446
0.35 0.386
0.034 0.034
0.004 0.004
0.084 0.062
0.022 0.016
0.15 0.092
0.002 0.004
0.046 0.03
0.032 0.012
0.31 0.33
0.052 0.036
0.002 0
0.1 0.084
0.45 0.47
0.106 0.116
0.13 0.134
0.116 0.094
0.132 0.136
0.056 0.052
0.032 0.03
0.04 0.038
0 0.002
0 0.002
0 0
0.15 0.18
0.336 0.336
0.432 0.47
0 0
0.324 0.312
0.004 0.014
0.266 0.204
0.058 0.068
0.07 0.07
0.112 0.106
0.028 0.048
0.296 0.282
0.002 0
0.248 0.234
0.006 0.002
0.004 0.002
0.004 0.012
0.284 0.332
0 0.004
0.004 0.012
0.15 0.136
0 0
0.398 0.406
0.01 0.004
0.002 0.008
0.054 0.044
