0.014 0.01
0.076 0.054
0.01 0.008
0.006 0.018
0.198 0.182
0 0
0.09 0.07
0.074 0.116
0.008 0.004
0.016 0.016
0.182 0.13
0.018 0.018
0.002 0.012
0.018 0.014
0.148 0.136
0.19 0.182
0.042 0.022
0.008 0.01
0.022 0.018
0.02 0.032
0.03 0.024
0.08 0.086
0.002 0
0.104 0.086
0.258 0.306
0.078 0.084
0.202 0.25
0.02 0.026
0.602 0.622
0.084 0.098
0.596 0.564
0.386 0.352
0.002 0
0.02 0.026
0.01 0.012
0.494 0.498
0.168 0.118
0.212 0.264
0.004 0.01
0.004 0.004
0.106 0.096
0.018 0.024
0.038 0.042
0.008 0.008
0.348 0.378
0.036 0.026
0.018 0.016
0.3 0.306
0.004 0.006
0 0
0.002 0.008
0.038 0.03
0 0
0.326 0.382
0.468 0.478
0.222 0.206
0.046 0.05
0.264 0.294
0.384 0.44
0.004 0.004
0.038 0.042
0.024 0.028
0.006 0
0.096 0.07
0 0
0.058 0.06
0.136 0.106
0.124 0.084
0.088 0.092
0.008 0.002
0.19 0.224
0.07 0.062
0.006 0.01
0.004 0.01
0.01 0.004
0.026 0.008
0 0.006
0.14 0.142
0.008 0.012
0.012 0.016
0.02 0.036
0.254 0.27
0.01 0.004
0.012 0.012
0.35 0.34
0.364 0.378
0.302 0.296
0.07 0.056
0.002 0
0.026 0.014
0.024 0.048
0.126 0.1
0.002 0
0.076 0.048
0.008 0.006
0.276 0.294
0.058 0.046
0 0
0.062 0.048
0.364 0.306
0.198 0.198
0.09 0.15
0.126 0.142
0.2 0.178
0.042 0.028
0.01 0.032
0.106 0.082
0 0
0 0
0 0
0.158 0.162
0.278 0.296
0.28 0.236
0.002 0
0.244 0.228
0.016 0.004
0.35 0.344
0.06 0.08
0.076 0.066
0.12 0.1
0.052 0.038
0.202 0.17
0.006 0.002
0.202 0.236
0.084 0.094
0 0.004
0.002 0.006
0.384 0.354
0.002 0
0.004 0.004
0.154 0.166
0.002 0
0.212 0.212
0.012 0.002
0.026 0.018
0.046 0.03
