0.01 0.01
0.292 0.288
0 0.002
0.01 0.006
0.25 0.256
0.002 0
0.056 0.052
0.046 0.07
0.022 0.022
0.014 0.004
0.134 0.118
0.08 0.14
0.002 0
0.032 0.02
0.156 0.154
0.392 0.358
0.098 0.072
0.008 0.002
0.022 0.034
0.108 0.118
0.108 0.092
0.048 0.058
0.008 0.004
0.136 0.116
0.142 0.158
0.292 0.244
0.084 0.06
0.072 0.064
0.684 0.7
0.084 0.1
0.078 0.068
0.12 0.116
0.18 0.204
0.008 0.004
0.014 0.02
0.02 0.018
0.316 0.382
0.216 0.204
0.258 0.246
0.022 0.012
0.002 0.01
0.11 0.104
0.128 0.138
0.012 0.004
0.242 0.276
0.054 0.05
0.006 0
0.336 0.368
0 0
0 0
0.006 0.016
0.056 0.042
0.062 0.076
0.43 0.462
0.092 0.18
0.09 0.092
0.022 0.028
0.21 0.196
0.274 0.29
0.002 0.004
0.022 0.016
0.082 0.086
0.016 0.01
0.098 0.094
0 0
0.046 0.028
0.136 0.148
0.09 0.07
0.016 0.024
0.194 0.136
0.05 0.034
0.018 0.014
0.06 0.082
0.004 0
0.008 0.022
0.002 0
0.058 0.094
0.008 0.004
0.008 0.008
0.14 0.128
0.02 0.012
0.038 0.034
0.394 0.392
0.392 0.39
0.194 0.18
0.058 0.048
0.008 0.012
0.134 0.088
0.07 0.058
0.27 0.28
0.004 0.004
0.056 0.016
0.03 0.012
0.206 0.242
0.058 0.046
0.006 0.002
0.288 0.264
0.166 0.156
0.012 0.01
0.006 0.004
0.188 0.184
0.09 0.05
0.038 0.028
0.024 0.014
0.172 0.158
0.002 0
0 0
0.002 0
0.09 0.06
0.418 0.47
0.5 0.476
0.006 0.002
0.096 0.114
0.104 0.09
0.26 0.236
0.038 0.024
0.134 0.116
0.05 0.03
0.008 0.004
0.248 0.18
0.016 0.002
0.084 0.078
0.1 0.086
0.022 0.028
0.006 0.004
0.33 0.314
0.004 0
0.004 0
0.018 0.034
0.08 0.124
0 0
0.334 0.314
0.012 0.014
0.002 0.002
0.014 0.02
