0.8 0.8916667
0.1166667 0.1166667
0.9180328 0.8852459
0.766129 0.8548387
0.1333333 0.175
0.8306452 0.8629032
0.3583333 0.4166667
0.2580645 0.1612903
0.576 0.616
0.8333333 0.7583333
0.1290323 0.1612903
0.4957983 0.5294118
0.8655462 0.8319328
0.483871 0.5564516
0.264 0.288
0.06779661 0.06779661
0.5508475 0.5423729
0.7563025 0.8319328
0.8333333 0.6333333
0.3278689 0.2950820
0.4260870 0.3826087
0.5217391 0.6347826
0.75 0.7083333
0.046875 0.0625
0.232 0.2
0.3934426 0.3606557
0.4782609 0.3826087
0.3739130 0.3826087
0 0
0.425 0.45
0.3790323 0.4032258
0.1885246 0.1639344
0.175 0.1166667
0.5564516 0.6854839
0.7627119 0.7118644
0.6370968 0.782258
0.04 0.032
0.2131148 0.2622951
0.1848739 0.1596639
0.6101695 0.6440678
0.7868852 0.7868852
0.4590164 0.3032787
0.1652174 0.1913043
0.6166667 0.6583333
0.06086957 0.03478261
0.6693548 0.5645161
0.733871 0.7016129
0.4608696 0.5565217
0.8916667 0.8916667
0.872 0.88
0.7033898 0.7711864
0.4274194 0.516129
0.5080645 0.4758065
0.032 0.032
0.1833333 0.1166667
0.3196721 0.3770492
0.720339 0.6694915
0.3043478 0.3043478
0.2265625 0.1640625
0.734375 0.8203125
0.6015625 0.65625
0.568 0.52
0.8333333 0.85
0.4296875 0.4609375
0.8655462 0.8319328
0.4086957 0.3739130
0.3 0.2
0.3391304 0.3391304
0.7213115 0.7868852
0.3474576 0.3813559
0.3870968 0.3790323
0.872 0.88
0.4521739 0.3739130
0.7130435 0.7391304
0.7652174 0.7391304
0.838983 0.8050847
0.3865546 0.3781513
0.6638655 0.7563025
0.7565217 0.7478261
0.2100840 0.2352941
0.6129032 0.7258065
0.5847458 0.6016949
0.008403361 0.02521008
0.09166667 0.125
0.2436975 0.2184874
0.4166667 0.4
0.7868852 0.7868852
0.4166667 0.4333333
0.487395 0.4621849
0.4086957 0.4
0.7 0.6083333
0.3709677 0.5241935
0.6166667 0.5833333
0.08870968 0.0967742
0.3416667 0.375
0.8 0.8916667
0.1484375 0.1015625
0.2377049 0.2622951
0.512605 0.5546218
0.7627119 0.7711864
0.3145161 0.4032258
0.4237288 0.3050847
0.7130435 0.7043478
0.6166667 0.5833333
0.3529412 0.3529412
0.9166667 0.85
0.8916667 0.8916667
0.872 0.88
0.425 0.4333333
0.1048387 0.1129032
0.01639344 0.01639344
0.8655462 0.8319328
0.07826087 0.07826087
0.4166667 0.4333333
0.176 0.2
0.5565217 0.5826087
0.3416667 0.3
0.4237288 0.4152542
0.6608696 0.7391304
0.2338710 0.2580645
0.7711864 0.779661
0.2580645 0.2177419
0.4537815 0.3361345
0.6774194 0.782258
0.6173913 0.6434783
0.0483871 0.0483871
0.7711864 0.779661
0.7868852 0.8852459
0.775 0.7333333
0.4789916 0.3781513
0.838983 0.8050847
0.04237288 0.04237288
0.8984375 0.8203125
0.9166667 0.7583333
0.6101695 0.6016949
