0.876033 0.8512397
0.2231405 0.2396694
0.8897638 0.8661417
0.8114754 0.8196721
0.1896552 0.1896552
0.8842975 0.8842975
0.3719008 0.4628099
0.1653543 0.1181102
0.4628099 0.4710744
0.8360656 0.7377049
0.3032787 0.3688525
0.3966942 0.3471074
0.9210526 0.8596491
0.7272727 0.8016529
0.1818182 0.1818182
0.06299213 0.1181102
0.4561404 0.4912281
0.7580645 0.7016129
0.7105263 0.6842105
0.4032258 0.4193548
0.5327869 0.5245902
0.4180328 0.3852459
0.8360656 0.6557377
0.05511811 0.03937008
0.1570248 0.1900826
0.2540984 0.2950820
0.661157 0.5950413
0.3965517 0.3534483
0 0
0.4566929 0.3622047
0.05263158 0.05263158
0.1983471 0.2396694
0.1811024 0.1417323
0.516129 0.5645161
0.6311475 0.7213115
0.754386 0.7368421
0.1074380 0.09917355
0.2459016 0.2131148
0.1967213 0.1639344
0.7107438 0.7768595
0.8099174 0.8677686
0.2586207 0.2844828
0.1693548 0.1612903
0.745614 0.7368421
0.1735537 0.1074380
0.4132231 0.4876033
0.7580645 0.733871
0.03278689 0.04918033
0.8606557 0.8196721
0.9210526 0.8596491
0.7355372 0.8016529
0.4568966 0.5
0.6115702 0.5371901
0.0909091 0.05785124
0.1735537 0.07438017
0.5123967 0.4214876
0.7931034 0.637931
0.2561983 0.2975207
0.2213115 0.1967213
0.7874016 0.7795276
0.6229508 0.7213115
0.4741379 0.4913793
0.8114754 0.795082
0.3223140 0.4628099
0.876033 0.8677686
0.3629032 0.3467742
0.2459016 0.2459016
0.4180328 0.4426230
0.6692913 0.7795276
0.2983871 0.2661290
0.3870968 0.483871
0.7272727 0.7190083
0.4173228 0.4488189
0.661157 0.8016529
0.7105263 0.6842105
0.8267717 0.8031496
0.637931 0.637931
0.7272727 0.7438017
0.8842975 0.8842975
0.3448276 0.4051724
0.6551724 0.637931
0.6637931 0.637931
0.2213115 0.2459016
0.06896552 0.0862069
0.3442623 0.3442623
0.4122807 0.4736842
0.7931034 0.75
0.1983471 0.1818182
0.553719 0.5123967
0.2913386 0.3149606
0.7603306 0.8512397
0.4741379 0.4913793
0.5964912 0.6403509
0.2148760 0.2148760
0.4710744 0.5206612
0.8897638 0.8661417
0.1074380 0.1157025
0.2622951 0.3032787
0.631579 0.5964912
0.6724138 0.75
0.2125984 0.2204724
0.3553719 0.3471074
0.631579 0.6578947
0.631579 0.6578947
0.3684211 0.3947368
0.9210526 0.8596491
0.876033 0.8512397
0.876033 0.8512397
0.4016393 0.4016393
0.05737705 0.03278689
0.04132231 0.04958678
0.876033 0.8677686
0.1034483 0.1034483
0.377193 0.4298246
0.09917355 0.0909091
0.3305785 0.4049587
0.352459 0.3278689
0.4015748 0.3779528
0.6557377 0.7868852
0.1315789 0.2368421
0.876033 0.7520661
0.2125984 0.2047244
0.6724138 0.5862069
0.745614 0.7807018
0.6557377 0.6639344
0.1048387 0.1290323
0.9210526 0.7894737
0.7931034 0.75
0.782258 0.6451613
0.2992126 0.2283465
0.7931034 0.75
0.06451613 0.06451613
0.8360656 0.8114754
0.9210526 0.8596491
0.7931034 0.75
