0.8547009 0.8205128
0.2377049 0.1967213
0.8547009 0.8205128
0.8347107 0.7024793
0.08264463 0.1239669
0.8976378 0.8267717
0.4537815 0.5042017
0.09917355 0.07438017
0.56 0.584
0.6363636 0.7520661
0.2377049 0.2704918
0.4453782 0.394958
0.8688525 0.8606557
0.6554622 0.7058824
0.3196721 0.3032787
0.03361345 0.08403361
0.56 0.528
0.6311475 0.6639344
0.6721311 0.795082
0.2314050 0.2396694
0.5669291 0.5669291
0.416 0.408
0.7603306 0.768595
0.08264463 0.1074380
0.2100840 0.1932773
0.1367521 0.1025641
0.536 0.464
0.5897436 0.5555556
0 0
0.512605 0.4789916
0.02459016 0.02459016
0.1932773 0.2100840
0.2991453 0.2051282
0.6885246 0.6311475
0.6923077 0.6752137
0.6033058 0.6280992
0.06557377 0.09836066
0.2100840 0.2605042
0.05785124 0.07438017
0.792 0.744
0.8032787 0.7622951
0.3801653 0.2644628
0.302521 0.2016807
0.8031496 0.5984252
0.1229508 0.09836066
0.5867769 0.5123967
0.7603306 0.8677686
0.05785124 0.07438017
0.8688525 0.8606557
0.9008264 0.8595041
0.6134454 0.6890756
0.416 0.472
0.4262295 0.4426230
0.05982906 0.04273504
0.2307692 0.1623932
0.5409836 0.4672131
0.512605 0.487395
0.1900826 0.2809917
0.2950820 0.1639344
0.8907563 0.882353
0.5630252 0.5882353
0.3361345 0.3445378
0.8114754 0.7868852
0.4380165 0.4545455
0.8907563 0.882353
0.5785124 0.5289256
0.2868852 0.2704918
0.512605 0.4789916
0.7559055 0.7401575
0.2704918 0.2786885
0.4285714 0.394958
0.8319328 0.7983193
0.4672131 0.3934426
0.7692308 0.7777778
0.7438017 0.7520661
0.8319328 0.7983193
0.648 0.592
0.7603306 0.8677686
0.8688525 0.8442623
0.2136752 0.2393162
0.8032787 0.6557377
0.6229508 0.6229508
0.008547009 0.01709402
0.09016393 0.09836066
0.1967213 0.1557377
0.4369748 0.394958
0.7559055 0.8267717
0.3360656 0.3278689
0.4016393 0.3934426
0.2295082 0.2295082
0.6752137 0.7264957
0.3931624 0.4358974
0.5081967 0.5
0.07563025 0.08403361
0.3442623 0.3852459
0.792 0.744
0.2479339 0.1487603
0.3471074 0.3884298
0.5811966 0.5726496
0.6386555 0.5798319
0.2377049 0.2213115
0.472 0.56
0.6890756 0.7394958
0.5327869 0.5819672
0.208 0.256
0.8907563 0.882353
0.9008264 0.8595041
0.9008264 0.8595041
0.6065574 0.6147541
0.04958678 0.02479339
0.04958678 0.05785124
0.8976378 0.7401575
0.08196721 0.09836066
0.3162393 0.4017094
0.1680672 0.1848739
0.4508197 0.5
0.2786885 0.2950820
0.3606557 0.3688525
0.7786885 0.6557377
0.2066116 0.1983471
0.8114754 0.8606557
0.1848739 0.1848739
0.2521008 0.3109244
0.8016529 0.7933884
0.6302521 0.7058824
0.02459016 0.03278689
0.7692308 0.8205128
0.8547009 0.8205128
0.6470588 0.605042
0.4201681 0.2941176
0.8907563 0.882353
0.0909091 0.08264463
0.8976378 0.8267717
0.8976378 0.8267717
0.8235294 0.815126
