0.8951613 0.8467742
0.3706897 0.362069
0.8706897 0.8362069
0.8264463 0.7355372
0.1206897 0.1293103
0.8306452 0.8145161
0.3951613 0.5241935
0.1260504 0.1428571
0.5454545 0.5867769
0.7 0.6666667
0.1451613 0.1774194
0.488189 0.4488189
0.8916667 0.8166667
0.6206897 0.6034483
0.3418803 0.3418803
0.0967742 0.1129032
0.425 0.5333333
0.7068966 0.8362069
0.7559055 0.6929134
0.3247863 0.3418803
0.55 0.5833333
0.4201681 0.4033613
0.8264463 0.8181818
0.05128205 0.05982906
0.2314050 0.2644628
0.1854839 0.2580645
0.4529915 0.4188034
0.5590551 0.480315
0 0
0.4193548 0.4274194
0.06299213 0.04724409
0.1693548 0.1612903
0.1854839 0.1290323
0.5833333 0.6666667
0.7310924 0.6890756
0.75 0.8166667
0.025 0.04166667
0.1551724 0.2068966
0.1209677 0.1612903
0.7008547 0.8717949
0.8103448 0.8362069
0.3779528 0.3070866
0.1538462 0.1794872
0.8103448 0.775862
0.1551724 0.1293103
0.5806452 0.6451613
0.7560976 0.8211382
0.04132231 0.04958678
0.8706897 0.8362069
0.7258065 0.8145161
0.7419355 0.7096774
0.4274194 0.4677419
0.5371901 0.4793388
0.1570248 0.1404959
0.1788618 0.1869919
0.3779528 0.2834646
0.4537815 0.5378151
0.1854839 0.2096774
0.2276423 0.2113821
0.8916667 0.7333333
0.516129 0.6290323
0.5206612 0.4214876
0.717742 0.75
0.4117647 0.5294118
0.8706897 0.8362069
0.5371901 0.3801653
0.3089431 0.2357724
0.4017094 0.4615385
0.6451613 0.6693548
0.1551724 0.2413793
0.5853659 0.6829268
0.7438017 0.8181818
0.6048387 0.5725806
0.6910569 0.7723577
0.553719 0.6694215
0.8103448 0.8362069
0.2892562 0.2727273
0.717742 0.8467742
0.8888889 0.7264957
0.2276423 0.2439024
0.7419355 0.8467742
0.717742 0.6774194
0 0.03333333
0.05982906 0.06837607
0.2903226 0.2661290
0.3387097 0.3548387
0.8706897 0.7844828
0.3951613 0.3870968
0.3675214 0.3760684
0.25 0.25
0.7096774 0.7741935
0.6722689 0.7731092
0.5483871 0.5967742
0.0775862 0.09482759
0.496063 0.4488189
0.8706897 0.8362069
0.2016807 0.1260504
0.3083333 0.3416667
0.5966387 0.6470588
0.5630252 0.5966387
0.1854839 0.2580645
0.3821138 0.3902439
0.6554622 0.7310924
0.6386555 0.5798319
0.2605042 0.3529412
0.882353 0.815126
0.8888889 0.8717949
0.8916667 0.8166667
0.3189655 0.387931
0.1968504 0.1102362
0 0.008130081
0.8888889 0.8717949
0.1538462 0.1282051
0.4615385 0.4786325
0.1854839 0.1774194
0.7692308 0.7094017
0.4137931 0.387931
0.35 0.4166667
0.6554622 0.6890756
0.2136752 0.2820513
0.7264957 0.7264957
0.2419355 0.2016129
0.3103448 0.2413793
0.7310924 0.7310924
0.7583333 0.6666667
0.05785124 0.05785124
0.7258065 0.6774194
0.8467742 0.8306452
0.5772358 0.6666667
0.2689076 0.302521
0.8373984 0.8211382
0.1056911 0.06504065
0.8264463 0.8181818
0.8888889 0.8717949
0.7583333 0.6666667
