0.016 0.01
0.182 0.17
0 0
0.006 0.004
0.26 0.228
0.002 0
0.178 0.14
0.198 0.224
0.032 0.04
0.01 0.006
0.248 0.22
0.094 0.088
0.004 0.004
0.02 0.012
0.146 0.134
0.226 0.182
0.07 0.062
0.004 0.006
0.018 0.03
0.09 0.108
0.062 0.036
0.092 0.084
0.016 0.008
0.404 0.38
0.156 0.134
0.23 0.182
0.014 0.026
0.05 0.068
0.598 0.618
0.056 0.076
0.432 0.446
0.144 0.102
0.244 0.25
0.042 0.03
0.02 0.002
0.016 0.024
0.396 0.388
0.142 0.142
0.28 0.336
0.026 0.008
0.008 0.004
0.138 0.144
0.13 0.124
0.006 0.016
0.358 0.402
0.044 0.044
0.002 0
0.43 0.408
0 0
0 0
0.006 0.012
0.05 0.05
0.028 0.036
0.312 0.35
0.256 0.264
0.082 0.068
0.024 0.04
0.106 0.06
0.216 0.222
0.004 0
0.04 0.016
0.092 0.126
0.006 0
0.126 0.092
0 0
0.012 0.032
0.162 0.14
0.082 0.078
0.016 0.014
0.216 0.154
0.072 0.058
0.006 0.01
0.022 0.02
0.006 0.006
0.012 0.01
0.002 0.002
0.124 0.12
0.01 0.016
0.012 0.01
0.156 0.142
0.028 0.01
0.028 0.036
0.582 0.548
0.308 0.312
0.248 0.226
0.09 0.094
0.012 0.002
0.152 0.122
0.06 0.06
0.188 0.154
0.004 0.004
0.084 0.042
0.038 0.03
0.35 0.412
0.102 0.066
0.004 0
0.246 0.24
0.244 0.178
0.016 0.014
0.022 0.018
0.266 0.2
0.122 0.116
0.034 0.046
0.04 0.03
0.12 0.082
0 0
0 0.002
0 0
0.046 0.04
0.35 0.48
0.544 0.562
0.004 0
0.164 0.144
0.086 0.07
0.326 0.274
0.032 0.028
0.122 0.148
0.176 0.15
0.016 0.02
0.236 0.25
0.004 0.006
0.128 0.116
0.072 0.088
0.01 0.006
0 0
0.366 0.374
0.004 0.002
0 0
0.016 0.012
0.158 0.19
0.01 0.004
0.37 0.346
0.006 0.004
0 0.004
0.002 0.008
