0.8130081 0.8130081
0.1428571 0.1696429
0.8617886 0.8861789
0.804878 0.8130081
0.1953125 0.171875
0.8706897 0.8362069
0.4444444 0.4615385
0.1428571 0.1339286
0.5128205 0.6324786
0.7704918 0.704918
0.2053571 0.2321429
0.5517241 0.5689655
0.875 0.8482143
0.7131148 0.704918
0.4065041 0.4471545
0 0.01785714
0.4396552 0.5
0.7704918 0.7868852
0.8482143 0.8482143
0.3934426 0.3934426
0.4634146 0.5528455
0.4285714 0.4821429
0.8035714 0.7678571
0.04310345 0.05172414
0.256 0.248
0.1452991 0.2393162
0.5178571 0.5446429
0.512 0.472
0 0
0.4634146 0.5447154
0.06504065 0.03252033
0.09756098 0.0894309
0.1796875 0.171875
0.6311475 0.6639344
0.7678571 0.6696429
0.7844828 0.7844828
0.02439024 0.02439024
0.2586207 0.2586207
0.2051282 0.1880342
0.6178862 0.5772358
0.7521368 0.7692308
0.2777778 0.2301587
0.2734375 0.21875
0.8617886 0.7479675
0.136 0.112
0.5284553 0.5365854
0.7844828 0.7844828
0.06557377 0.04098361
0.8617886 0.8861789
0.875 0.859375
0.6504065 0.5447154
0.4552846 0.5447154
0.5517241 0.5
0.1982759 0.1293103
0.0952381 0.05555556
0.3706897 0.2413793
0.6147541 0.5409836
0.2213115 0.2950820
0.234375 0.171875
0.6507937 0.7222222
0.5609756 0.6260163
0.3928571 0.3928571
0.734375 0.859375
0.368 0.496
0.875 0.8482143
0.6178862 0.5447154
0.3333333 0.3333333
0.4196429 0.4464286
0.7704918 0.704918
0.2222222 0.3412698
0.4552846 0.4634146
0.8130081 0.8130081
0.5641026 0.4871795
0.704 0.776
0.4827586 0.5689655
0.8536585 0.8699187
0.362069 0.3965517
0.8571429 0.8482143
0.8130081 0.8130081
0.1551724 0.1637931
0.5726496 0.7008547
0.6746032 0.6428571
0.01626016 0.03252033
0.05357143 0.04464286
0.2734375 0.2421875
0.3888889 0.3968254
0.7844828 0.8362069
0.36 0.448
0.3658537 0.3739837
0.1666667 0.1507937
0.7094017 0.8717949
0.4615385 0.5641026
0.696 0.712
0.08130081 0.04878049
0.5163934 0.4836066
0.8114754 0.8770492
0.1428571 0.1339286
0.300813 0.300813
0.6068376 0.6324786
0.5901639 0.5245902
0.2845528 0.3089431
0.4017857 0.4107143
0.6747967 0.6747967
0.5934959 0.5691057
0.392 0.448
0.8706897 0.8362069
0.8536585 0.8699187
0.8852459 0.8770492
0.5128205 0.4444444
0.07692308 0.06837607
0.02380952 0.05555556
0.8130081 0.8130081
0.1428571 0.1517857
0.3902439 0.5121951
0.1160714 0.1339286
0.6111111 0.6031746
0.3418803 0.3162393
0.2764228 0.2601626
0.6637931 0.6896552
0.3414634 0.3495935
0.6896552 0.7844828
0.304 0.224
0.4102564 0.3589744
0.7804878 0.8861789
0.7094017 0.7008547
0.0862069 0.1293103
0.856 0.848
0.8547009 0.8717949
0.5625 0.5803571
0.4552846 0.3495935
0.875 0.8482143
0.1707317 0.1626016
0.875 0.8482143
0.8482143 0.7678571
0.7094017 0.7692308
