0.8508772 0.8070175
0.1428571 0.1428571
0.9035088 0.877193
0.9035088 0.877193
0.2016129 0.1693548
0.8644068 0.8220339
0.4590164 0.4508197
0.1803279 0.1803279
0.495935 0.5365854
0.6016949 0.4661017
0.1864407 0.1779661
0.6349206 0.5634921
0.8852459 0.8360656
0.6147541 0.5819672
0.2419355 0.2822581
0.03305785 0.03305785
0.4274194 0.5483871
0.6355932 0.5508475
0.7295082 0.6229508
0.4274194 0.4032258
0.5 0.5819672
0.4206349 0.3571429
0.8688525 0.7540984
0.09322034 0.1525424
0.1487603 0.2561983
0.2627119 0.3135593
0.5245902 0.4918033
0.5 0.5081967
0 0
0.4508197 0.4016393
0.03508772 0.03508772
0.06779661 0.08474576
0.2258065 0.1693548
0.4152542 0.3983051
0.6507937 0.5634921
0.7786885 0.7131148
0.04918033 0.04918033
0.1610169 0.220339
0.1578947 0.1929825
0.6535433 0.6929134
0.7881356 0.7288136
0.2992126 0.2519685
0.1570248 0.1157025
0.6355932 0.6355932
0.06557377 0.04918033
0.6491228 0.6842105
0.7786885 0.7622951
0.03252033 0.04878049
0.8596491 0.877193
0.8474576 0.8728814
0.7457627 0.7711864
0.5041322 0.5206612
0.7272727 0.6280992
0.03278689 0.02459016
0.1140351 0.05263158
0.3728814 0.3474576
0.6666667 0.5609756
0.1653543 0.1574803
0.2682927 0.1869919
0.8220339 0.8220339
0.6864407 0.5338983
0.4016393 0.352459
0.8032787 0.7377049
0.3650794 0.3809524
0.8852459 0.8360656
0.5964912 0.4473684
0.1570248 0.1404959
0.5 0.4672131
0.6033058 0.6280992
0.2677165 0.2834646
0.5 0.6440678
0.8644068 0.8220339
0.6260163 0.5528455
0.7540984 0.8360656
0.8596491 0.7280702
0.8644068 0.8220339
0.2926829 0.2926829
0.6779661 0.720339
0.8347107 0.8016529
0.1803279 0.1803279
0.5614035 0.6491228
0.6129032 0.6774194
0.2142857 0.2539683
0.03305785 0.04958678
0.1491228 0.1929825
0.4274194 0.4193548
0.804878 0.8130081
0.3050847 0.3983051
0.4915254 0.4491525
0.2131148 0.2622951
0.7580645 0.717742
0.4561404 0.5789474
0.6440678 0.5508475
0.1016949 0.1016949
0.4761905 0.515873
0.8582677 0.8582677
0.1186441 0.1271186
0.2314050 0.2727273
0.5438596 0.5526316
0.6578947 0.5964912
0.4237288 0.4491525
0.3700787 0.3937008
0.8508772 0.877193
0.7017544 0.6842105
0.4830508 0.5169492
0.804878 0.8130081
0.8347107 0.8016529
0.8790323 0.8467742
0.4274194 0.5403226
0.1140351 0.1228070
0.02542373 0.02542373
0.9035088 0.877193
0.09917355 0.08264463
0.5619835 0.5785124
0.0894309 0.1463415
0.6065574 0.6393443
0.4915254 0.4661017
0.3571429 0.3492063
0.7131148 0.7540984
0.1101695 0.1525424
0.7235772 0.7317073
0.3278689 0.2459016
0.3559322 0.3389831
0.8852459 0.8360656
0.804878 0.6585366
0.09917355 0.1404959
0.804878 0.8130081
0.9035088 0.877193
0.7017544 0.6754386
0.3888889 0.3571429
0.8220339 0.8220339
0.03937008 0.07086614
0.8064516 0.8467742
0.8582677 0.8582677
0.8474576 0.8728814
