0.01 0.014
0.138 0.122
0.006 0.014
0.048 0.044
0.208 0.218
0 0
0.036 0.016
0.36 0.362
0.028 0.03
0.032 0.004
0.284 0.274
0.104 0.096
0.016 0.03
0.06 0.03
0.182 0.214
0.072 0.06
0.088 0.082
0.02 0.014
0.096 0.08
0.274 0.284
0.078 0.078
0.214 0.168
0.016 0.004
0.318 0.344
0.156 0.132
0.112 0.076
0.046 0.022
0.04 0.026
0.378 0.382
0.18 0.224
0.39 0.432
0.082 0.066
0.312 0.396
0.02 0.014
0.036 0.032
0.158 0.16
0.312 0.304
0.168 0.148
0.376 0.418
0.05 0.048
0.008 0.004
0.258 0.248
0.066 0.088
0.034 0.038
0.344 0.386
0.092 0.102
0.03 0.028
0.374 0.392
0.002 0.006
0.004 0.006
0.056 0.078
0.046 0.034
0.076 0.08
0.236 0.192
0.134 0.116
0.252 0.248
0.068 0.074
0.162 0.122
0.442 0.504
0.002 0.004
0.042 0.032
0.044 0.052
0.024 0.002
0.204 0.182
0.012 0
0.038 0.032
0.226 0.298
0.048 0.028
0.036 0.016
0.162 0.098
0.032 0.028
0.01 0.002
0.006 0.002
0.006 0.01
0.018 0.014
0.022 0.002
0.078 0.12
0.054 0.064
0.07 0.058
0.252 0.29
0.014 0.006
0.02 0.01
0.256 0.196
0.162 0.122
0.098 0.084
0.15 0.174
0.006 0.004
0.12 0.116
0.046 0.038
0.112 0.092
0.004 0.006
0.06 0.046
0.05 0.028
0.318 0.332
0.152 0.152
0.004 0.004
0.26 0.286
0.148 0.146
0.044 0.026
0.22 0.206
0.108 0.098
0.124 0.102
0.052 0.096
0.016 0.012
0.098 0.096
0.004 0
0.002 0
0.004 0.004
0.216 0.24
0.4 0.382
0.268 0.314
0.002 0.002
0.19 0.168
0.166 0.164
0.192 0.188
0.044 0.052
0.09 0.088
0.15 0.192
0.042 0.054
0.19 0.186
0.026 0.022
0.182 0.166
0.114 0.14
0.058 0.058
0.042 0.06
0.14 0.116
0.008 0.008
0.006 0
0.034 0.05
0.084 0.098
0.002 0
0.134 0.096
0.012 0.01
0.022 0.02
0.034 0.038
