0.018 0.006
0.266 0.212
0.016 0.012
0.028 0.022
0.158 0.144
0.008 0.002
0.084 0.072
0.206 0.238
0.044 0.036
0.026 0.036
0.284 0.3
0.006 0.01
0.018 0.016
0.104 0.112
0.214 0.216
0.31 0.304
0.09 0.074
0.018 0.014
0.026 0.028
0.032 0.028
0.044 0.018
0.104 0.066
0.014 0.004
0.386 0.448
0.174 0.13
0.168 0.14
0.114 0.118
0.032 0.032
0.63 0.64
0.026 0.034
0.26 0.274
0.028 0.016
0.162 0.218
0.026 0.024
0.084 0.064
0.064 0.05
0.18 0.178
0.22 0.206
0.276 0.282
0.042 0.038
0.016 0.014
0.266 0.298
0.058 0.066
0.022 0.03
0.272 0.316
0.032 0.026
0.03 0.014
0.214 0.214
0.008 0.004
0.014 0.01
0.034 0.018
0.036 0.024
0.098 0.104
0.296 0.304
0.258 0.338
0.14 0.124
0.054 0.076
0.172 0.156
0.388 0.438
0.008 0.012
0.034 0.026
0.104 0.102
0.024 0.008
0.032 0.026
0.002 0
0.132 0.176
0.332 0.346
0.056 0.056
0.008 0.01
0.164 0.14
0.076 0.068
0.004 0.004
0.028 0.014
0.008 0.002
0.026 0.02
0.012 0.012
0.012 0.014
0.04 0.018
0.034 0.052
0.176 0.136
0.036 0.028
0.024 0.008
0.274 0.224
0.29 0.286
0.308 0.26
0.168 0.182
0.004 0.012
0.14 0.104
0.096 0.118
0.136 0.106
0.008 0.004
0.072 0.07
0.042 0.032
0.164 0.164
0.106 0.064
0.002 0.002
0.36 0.432
0.198 0.176
0.032 0.008
0.1 0.082
0.342 0.322
0.174 0.182
0.054 0.048
0.022 0.012
0.168 0.168
0.004 0
0.008 0.008
0.002 0
0.102 0.08
0.642 0.688
0.376 0.348
0 0.002
0.118 0.12
0.078 0.05
0.376 0.402
0.044 0.042
0.172 0.172
0.076 0.038
0.05 0.08
0.182 0.138
0.01 0.008
0.192 0.218
0.094 0.118
0.042 0.05
0.074 0.074
0.16 0.11
0.012 0.002
0.006 0.006
0.012 0.02
0.168 0.212
0 0.002
0.336 0.382
0.006 0.008
0.016 0.012
0.02 0.02
