0.8070175 0.8596491
0.2809917 0.4049587
0.8333333 0.9385965
0.8739496 0.8487395
0.03305785 0.05785124
0.8897638 0.8740157
0.4537815 0.487395
0.446281 0.4214876
0.6638655 0.6722689
0.6324786 0.7606838
0.04273504 0.05982906
0.6842105 0.6578947
0.7857143 0.8174603
0.576 0.536
0.1491228 0.1842105
0.3253968 0.3809524
0.4094488 0.4251969
0.8267717 0.8031496
0.622807 0.5789474
0.1570248 0.1652893
0.6859504 0.6694215
0.4621849 0.4033613
0.9059829 0.91453
0.07563025 0.1176471
0.1074380 0.1735537
0.2773109 0.4369748
0.2268908 0.1764706
0.6033058 0.4380165
0.01587302 0.02380952
0.1984127 0.1349206
0.3418803 0.4017094
0.5433071 0.5826772
0.08 0.04
0.6859504 0.7438017
0.6403509 0.6403509
0.5630252 0.6470588
0.2268908 0.2268908
0.07438017 0.08264463
0.2283465 0.1496063
0.6218487 0.5714286
0.6722689 0.8487395
0.2066116 0.2396694
0.4545455 0.4710744
0.531746 0.5079365
0.01587302 0.007936508
0.4380165 0.3471074
0.7857143 0.7857143
0.1570248 0.2479339
0.9256198 0.876033
0.8595041 0.785124
0.5350877 0.5263158
0.7008547 0.7094017
0.52 0.392
0 0
0.4298246 0.3596491
0.2136752 0.1794872
0.432 0.392
0.1102362 0.1496063
0.2460317 0.1507937
0.8319328 0.907563
0.6666667 0.6428571
0.6554622 0.5714286
0.8099174 0.876033
0.446281 0.3636364
0.9159664 0.907563
0.3697479 0.2773109
0.104 0.048
0.3675214 0.2307692
0.8181818 0.6528926
0.2396694 0.3801653
0.677686 0.6033058
0.8034188 0.91453
0.4545455 0.3471074
0.8487395 0.907563
0.6929825 0.6666667
0.9159664 0.907563
0.7350427 0.91453
0.816 0.84
0.745614 0.7719298
0.5042735 0.4957265
0.6752137 0.7094017
0.6302521 0.605042
0.007874016 0.02362205
0.04385965 0.04385965
0.2689076 0.2941176
0.1984127 0.1746032
0.8739496 0.9243697
0.4047619 0.5
0.3162393 0.2735043
0.4122807 0.5701754
0.832 0.84
0.4380165 0.4958678
0.5726496 0.6153846
0.3070175 0.3859649
0.4285714 0.5966387
0.8070175 0.8596491
0.2605042 0.1596639
0.1092437 0.2352941
0.5526316 0.5701754
0.7692308 0.7606838
0.2301587 0.2619048
0.5630252 0.5630252
0.5630252 0.5714286
0.6324786 0.7606838
0.392 0.52
0.9579832 0.9243697
0.9122807 0.9385965
0.920635 0.9047619
0.2773109 0.2268908
0.03361345 0.05882353
0.1652893 0.2644628
0.8034188 0.91453
0.1031746 0.1111111
0.5350877 0.5789474
0.2362205 0.1417323
0.446281 0.4958678
0.2222222 0.2136752
0.4122807 0.5087719
0.8034188 0.7692308
0.2066116 0.2727273
0.7142857 0.6746032
0.1570248 0.1818182
0.605042 0.487395
0.6825397 0.5555556
0.6722689 0.5462185
0.2521008 0.2773109
0.920635 0.9047619
0.8421053 0.9385965
0.3884298 0.2644628
0.2807018 0.2192982
0.912 0.904
0.01587302 0.007936508
0.8421053 0.9385965
0.8595041 0.7768595
0.5630252 0.5294118
