0.7377049 0.7622951
0.1557377 0.1311475
0.7768595 0.8181818
0.6666667 0.6837607
0.2380952 0.1904762
0.91453 0.91453
0.3730159 0.4047619
0.4047619 0.3888889
0.6639344 0.647541
0.7024793 0.7438017
0.3529412 0.3277311
0.76 0.848
0.8196721 0.8852459
0.7107438 0.661157
0.3032787 0.3196721
0.3416667 0.275
0.5378151 0.6302521
0.7916667 0.8083333
0.4918033 0.5
0.6557377 0.5819672
0.6229508 0.6557377
0.392 0.448
0.7583333 0.6666667
0.3360656 0.4262295
0.08547009 0.1025641
0.6666667 0.65
0.4016393 0.352459
0.5491803 0.4754098
0 0
0.1764706 0.1848739
0.04132231 0.08264463
0.4590164 0.5327869
0.03361345 0.04201681
0.6554622 0.7647059
0.6229508 0.5081967
0.575 0.425
0.1074380 0.1487603
0.3166667 0.2666667
0.3109244 0.3277311
0.725 0.7
0.85 0.925
0.05882353 0.04201681
0.12 0.096
0.5245902 0.4836066
0.1818182 0.2479339
0.4545455 0.4380165
0.8907563 0.9243697
0.09917355 0.0909091
0.7768595 0.9090909
0.8278689 0.8688525
0.7142857 0.6218487
0.6 0.568
0.5901639 0.3606557
0.02459016 0.03278689
0.1967213 0.1311475
0.06666667 0.05833333
0.4918033 0.5245902
0.1416667 0.125
0.008547009 0.008547009
0.7438017 0.768595
0.6495726 0.6495726
0.375 0.4833333
0.8174603 0.6825397
0.4876033 0.4793388
0.9421488 0.9090909
0.184 0.128
0.1416667 0.1333333
0.6859504 0.661157
0.7704918 0.8032787
0.2540984 0.2622951
0.5371901 0.4793388
0.8492063 0.7619048
0.4444444 0.3760684
0.8032787 0.8606557
0.7692308 0.7777778
0.7540984 0.7704918
0.7459016 0.5819672
0.688 0.648
0.7777778 0.8547009
0.3445378 0.302521
0.677686 0.6859504
0.5454545 0.4132231
0.216 0.28
0.07438017 0.1487603
0.4786325 0.5128205
0.5327869 0.4836066
0.8907563 0.9243697
0.4098361 0.3606557
0.3650794 0.3174603
0.2868852 0.4180328
0.8403361 0.9243697
0.4049587 0.338843
0.7295082 0.8032787
0.2777778 0.2619048
0.2868852 0.3606557
0.8376068 0.91453
0.1166667 0.1083333
0.2231405 0.2314050
0.6393443 0.5983607
0.3675214 0.2905983
0.4098361 0.4590164
0.661157 0.677686
0.544 0.496
0.7606838 0.7777778
0.6190476 0.6507937
0.9344262 0.8852459
0.9421488 0.9090909
0.896 0.848
0.3583333 0.3666667
0.1487603 0.05785124
0.04958678 0.0909091
0.9495798 0.9243697
0.136 0.128
0.5 0.4754098
0.3076923 0.2649573
0.6153846 0.5128205
0.3884298 0.4132231
0.05982906 0.1025641
0.5952381 0.5952381
0.08196721 0.08196721
0.8487395 0.7731092
0.03418803 0.05982906
0.5737705 0.3852459
0.6218487 0.5882353
0.8403361 0.7731092
0.1074380 0.1487603
0.9421488 0.9090909
0.9416667 0.8083333
0.4710744 0.4132231
0.03305785 0.02479339
0.8278689 0.8852459
0.3675214 0.3504274
0.8688525 0.8606557
0.8376068 0.7777778
0.7540984 0.6639344
