0.8245614 0.7982456
0.1463415 0.1626016
0.8709677 0.8225806
0.720339 0.6694915
0.008130081 0.01626016
0.8403361 0.8907563
0.483871 0.5241935
0.4491525 0.4152542
0.6578947 0.6929825
0.7560976 0.7723577
0.06779661 0.1101695
0.3474576 0.3050847
0.768595 0.7933884
0.6403509 0.6842105
0.1693548 0.1935484
0.07017544 0.1315789
0.6666667 0.5528455
0.8536585 0.8617886
0.5462185 0.4621849
0.2622951 0.3442623
0.4049587 0.6033058
0.3170732 0.3658537
0.881356 0.9322034
0.08264463 0.08264463
0.352459 0.4016393
0.3360656 0.3852459
0.2521008 0.2521008
0.5338983 0.4745763
0.04724409 0.05511811
0.2950820 0.2704918
0.0894309 0.02439024
0.4745763 0.4491525
0.08403361 0.05042017
0.6842105 0.7105263
0.9430894 0.8130081
0.6842105 0.6491228
0.06779661 0.04237288
0.2519685 0.2913386
0.2105263 0.3070175
0.5630252 0.5042017
0.5655738 0.8852459
0.1900826 0.1487603
0.5041322 0.6033058
0.495935 0.5934959
0.1290323 0.0483871
0.4957983 0.4705882
0.8699187 0.9349593
0.1967213 0.3606557
0.9649123 0.9210526
0.9268293 0.9105691
0.4274194 0.3387097
0.5511811 0.480315
0.7542373 0.7457627
0.1074380 0.1487603
0.1052632 0.1052632
0.7073171 0.7073171
0.4516129 0.5
0.5042017 0.4285714
0 0
0.8699187 0.9349593
0.6859504 0.7603306
0.796748 0.8780488
0.881356 0.8559322
0.2521008 0.2773109
0.9649123 0.9210526
0.440678 0.3559322
0.1176471 0.08403361
0.3553719 0.4214876
0.7213115 0.6721311
0.2436975 0.2521008
0.5175439 0.5526316
0.8699187 0.894309
0.302521 0.3109244
0.9133858 0.8267717
0.7096774 0.7580645
0.9122807 0.7982456
0.2436975 0.2100840
0.717742 0.75
0.6578947 0.6578947
0.6829268 0.6829268
0.5462185 0.5294118
0.3606557 0.4098361
0.2439024 0.2276423
0.07317073 0.1056911
0.2741935 0.2661290
0.3064516 0.3387097
0.8699187 0.9349593
0.4516129 0.3951613
0.7377049 0.5409836
0.2580645 0.2903226
0.8548387 0.8709677
0.5 0.6578947
0.6774194 0.6532258
0.008264463 0
0.4918033 0.4180328
0.8699187 0.9349593
0.00877193 0.00877193
0.1512605 0.2268908
0.495935 0.504065
0.4634146 0.4308943
0.3719008 0.4380165
0.3983051 0.3135593
0.4297521 0.4958678
0.7480315 0.7401575
0.4435484 0.4596774
0.8145161 0.8951613
0.9133858 0.9055118
0.8709677 0.8709677
0.3548387 0.3225806
0.05042017 0.01680672
0.03278689 0.07377049
0.9430894 0.9349593
0.1578947 0.1403509
0.3684211 0.4122807
0.2459016 0.2131148
0.4876033 0.6033058
0.2881356 0.3050847
0.1259843 0.07086614
0.5438596 0.7017544
0.08870968 0.1209677
0.6355932 0.661017
0.2711864 0.2372881
0.3870968 0.2983871
0.5491803 0.4426230
0.6528926 0.6363636
0.4369748 0.4705882
0.8421053 0.7982456
0.9122807 0.9210526
0.8130081 0.7398374
0.1290323 0.1048387
0.9435484 0.8225806
0.03508772 0.1315789
0.8050847 0.9322034
0.9133858 0.9055118
0.6859504 0.6859504
