0.312 0.318 0.256 0.28 0.21 0.188 0.17 0.13 0.1 0.072 0.062
0.372 0.384 0.374 0.308 0.34 0.336 0.292 0.318 0.262 0.274 0.256
0.096 0.084 0.064 0.082 0.044 0.084 0.06 0.054 0.064 0.072 0.076
0.206 0.152 0.178 0.144 0.112 0.116 0.118 0.086 0.116 0.126 0.116
0.552 0.546 0.564 0.526 0.552 0.548 0.512 0.54 0.548 0.454 0.47
0.312 0.262 0.244 0.236 0.198 0.178 0.192 0.142 0.12 0.094 0.062
0.58 0.564 0.516 0.488 0.458 0.466 0.472 0.454 0.424 0.45 0.438
0.364 0.388 0.398 0.436 0.458 0.452 0.478 0.496 0.542 0.544 0.556
0.38 0.342 0.3 0.23 0.258 0.184 0.136 0.114 0.096 0.072 0.056
0.218 0.202 0.174 0.152 0.1 0.082 0.032 0.038 0.04 0.032 0.024
0.706 0.626 0.606 0.536 0.48 0.392 0.334 0.322 0.244 0.196 0.198
0.126 0.132 0.12 0.102 0.114 0.066 0.078 0.088 0.084 0.046 0.052
0.064 0.082 0.086 0.088 0.098 0.096 0.1 0.112 0.122 0.146 0.17
0.528 0.524 0.542 0.46 0.496 0.47 0.412 0.396 0.398 0.372 0.43
0.69 0.634 0.66 0.652 0.652 0.642 0.616 0.63 0.564 0.6 0.604
0.564 0.596 0.61 0.626 0.662 0.604 0.658 0.638 0.636 0.59 0.592
0.42 0.396 0.334 0.304 0.214 0.206 0.134 0.132 0.09 0.064 0.038
0.166 0.154 0.134 0.124 0.122 0.104 0.084 0.082 0.062 0.048 0.024
0.266 0.3 0.28 0.258 0.256 0.25 0.272 0.282 0.346 0.352 0.35
0.174 0.186 0.196 0.21 0.222 0.282 0.282 0.28 0.26 0.264 0.274
0.374 0.374 0.34 0.348 0.3 0.282 0.222 0.222 0.24 0.212 0.232
0.292 0.362 0.314 0.33 0.284 0.302 0.23 0.216 0.18 0.186 0.178
0.078 0.082 0.07 0.07 0.05 0.042 0.042 0.024 0.032 0.02 0.01
0.71 0.678 0.642 0.664 0.658 0.7 0.708 0.66 0.714 0.672 0.696
0.708 0.65 0.65 0.636 0.62 0.582 0.612 0.524 0.524 0.516 0.502
0.542 0.582 0.572 0.544 0.5 0.416 0.414 0.404 0.32 0.356 0.294
0.506 0.556 0.566 0.586 0.632 0.592 0.702 0.682 0.742 0.74 0.774
0.138 0.134 0.14 0.142 0.156 0.096 0.116 0.076 0.068 0.08 0.078
0.648 0.652 0.654 0.662 0.676 0.646 0.66 0.67 0.676 0.666 0.69
0.308 0.28 0.35 0.29 0.288 0.272 0.262 0.256 0.29 0.3 0.34
0.406 0.41 0.424 0.408 0.402 0.404 0.396 0.346 0.446 0.402 0.472
0.5 0.472 0.422 0.402 0.354 0.34 0.274 0.266 0.204 0.192 0.174
0.232 0.214 0.296 0.322 0.356 0.408 0.486 0.598 0.616 0.65 0.638
0.53 0.486 0.456 0.35 0.254 0.226 0.212 0.124 0.122 0.098 0.058
0.242 0.25 0.256 0.28 0.3 0.246 0.284 0.232 0.226 0.222 0.222
0.57 0.522 0.52 0.516 0.538 0.522 0.566 0.528 0.538 0.47 0.528
0.34 0.39 0.428 0.454 0.49 0.578 0.652 0.662 0.68 0.69 0.662
0.498 0.46 0.432 0.432 0.354 0.33 0.272 0.22 0.184 0.138 0.09
0.636 0.572 0.558 0.558 0.5 0.476 0.524 0.422 0.472 0.402 0.374
0.104 0.104 0.118 0.106 0.108 0.114 0.096 0.118 0.132 0.138 0.162
0.074 0.074 0.086 0.078 0.054 0.068 0.064 0.074 0.072 0.054 0.054
0.532 0.566 0.51 0.538 0.528 0.516 0.516 0.51 0.534 0.51 0.538
0.296 0.294 0.316 0.324 0.338 0.402 0.418 0.47 0.472 0.48 0.51
0.476 0.416 0.382 0.28 0.3 0.244 0.24 0.18 0.13 0.132 0.1
0.45 0.456 0.464 0.542 0.592 0.578 0.606 0.608 0.68 0.622 0.668
0.084 0.108 0.118 0.09 0.102 0.118 0.108 0.116 0.078 0.06 0.05
0.074 0.11 0.112 0.08 0.104 0.092 0.118 0.09 0.11 0.116 0.11
0.254 0.266 0.318 0.294 0.318 0.318 0.32 0.304 0.322 0.344 0.376
0.066 0.066 0.054 0.05 0.054 0.07 0.082 0.074 0.046 0.042 0.016
0.022 0.02 0.034 0.024 0.038 0.052 0.044 0.058 0.062 0.07 0.078
0.094 0.126 0.116 0.072 0.128 0.158 0.106 0.146 0.144 0.172 0.162
0.432 0.406 0.37 0.296 0.296 0.294 0.26 0.248 0.258 0.242 0.25
0.046 0.03 0.036 0.052 0.032 0.042 0.046 0.036 0.066 0.076 0.076
0.464 0.492 0.52 0.578 0.638 0.646 0.686 0.692 0.68 0.684 0.678
0.228 0.244 0.286 0.288 0.3 0.304 0.344 0.356 0.394 0.456 0.424
0.342 0.338 0.328 0.334 0.316 0.336 0.294 0.31 0.336 0.294 0.282
0.178 0.168 0.212 0.19 0.224 0.222 0.236 0.264 0.308 0.296 0.314
0.528 0.474 0.49 0.492 0.51 0.492 0.458 0.41 0.338 0.24 0.214
0.172 0.188 0.214 0.254 0.338 0.36 0.422 0.456 0.494 0.54 0.536
0.486 0.472 0.436 0.374 0.326 0.236 0.224 0.154 0.184 0.15 0.182
0.218 0.23 0.186 0.18 0.152 0.106 0.108 0.088 0.08 0.08 0.056
0.072 0.08 0.08 0.072 0.09 0.078 0.094 0.07 0.11 0.104 0.112
0.158 0.162 0.162 0.13 0.106 0.084 0.08 0.06 0.026 0.026 0.024
0.616 0.628 0.634 0.638 0.64 0.66 0.7 0.69 0.69 0.66 0.678
0.434 0.42 0.434 0.444 0.418 0.328 0.37 0.32 0.274 0.282 0.28
0.226 0.234 0.208 0.236 0.206 0.234 0.222 0.23 0.238 0.238 0.244
0.334 0.328 0.328 0.404 0.364 0.4 0.366 0.364 0.382 0.314 0.35
0.218 0.214 0.218 0.238 0.234 0.208 0.212 0.196 0.172 0.14 0.124
0.02 0.014 0.028 0.016 0.008 0.016 0.028 0.036 0.024 0.06 0.064
0.682 0.682 0.652 0.624 0.636 0.606 0.56 0.576 0.516 0.496 0.484
0.274 0.21 0.27 0.264 0.234 0.25 0.288 0.252 0.274 0.27 0.3
0.056 0.054 0.05 0.046 0.056 0.048 0.034 0.054 0.038 0.046 0.058
0.028 0.034 0.028 0.024 0.026 0.034 0.028 0.022 0.026 0.044 0.046
0.064 0.064 0.042 0.048 0.06 0.04 0.032 0.046 0.024 0.034 0.028
0.288 0.25 0.226 0.178 0.188 0.154 0.132 0.136 0.142 0.122 0.098
0.22 0.214 0.17 0.186 0.168 0.15 0.144 0.088 0.106 0.128 0.076
0.064 0.08 0.076 0.08 0.062 0.1 0.106 0.118 0.074 0.086 0.086
0.452 0.49 0.498 0.494 0.438 0.39 0.384 0.294 0.218 0.14 0.106
0.318 0.296 0.322 0.296 0.282 0.252 0.23 0.286 0.324 0.302 0.334
0.444 0.484 0.498 0.472 0.548 0.514 0.54 0.544 0.55 0.522 0.522
0.284 0.298 0.27 0.218 0.196 0.124 0.116 0.08 0.068 0.046 0.04
0.224 0.198 0.188 0.194 0.174 0.138 0.108 0.1 0.074 0.054 0.044
0.712 0.648 0.602 0.598 0.538 0.564 0.522 0.49 0.524 0.526 0.46
0.486 0.51 0.546 0.554 0.538 0.54 0.578 0.522 0.596 0.564 0.646
0.698 0.71 0.686 0.7 0.708 0.714 0.694 0.66 0.62 0.608 0.554
0.298 0.306 0.298 0.256 0.212 0.21 0.17 0.186 0.178 0.132 0.164
0.12 0.114 0.12 0.092 0.106 0.076 0.084 0.096 0.086 0.084 0.072
0.36 0.318 0.286 0.246 0.234 0.19 0.164 0.126 0.096 0.102 0.066
0.19 0.204 0.218 0.212 0.24 0.216 0.234 0.23 0.21 0.236 0.236
0.614 0.612 0.604 0.554 0.554 0.472 0.488 0.448 0.428 0.458 0.42
0.168 0.122 0.122 0.122 0.104 0.064 0.08 0.052 0.03 0.034 0.016
0.592 0.58 0.588 0.528 0.526 0.47 0.448 0.418 0.408 0.322 0.342
0.114 0.114 0.118 0.09 0.09 0.102 0.076 0.086 0.084 0.088 0.102
0.476 0.482 0.508 0.502 0.5 0.504 0.554 0.514 0.518 0.524 0.498
0.598 0.648 0.626 0.64 0.596 0.582 0.564 0.566 0.562 0.502 0.464
0.092 0.094 0.06 0.082 0.08 0.094 0.066 0.05 0.034 0.068 0.062
0.348 0.33 0.348 0.292 0.294 0.294 0.322 0.356 0.348 0.28 0.284
0.58 0.652 0.596 0.62 0.578 0.606 0.58 0.58 0.614 0.52 0.592
0.182 0.192 0.136 0.172 0.142 0.12 0.128 0.124 0.1 0.096 0.072
0.394 0.354 0.382 0.392 0.366 0.326 0.406 0.42 0.418 0.36 0.432
0.532 0.51 0.514 0.434 0.464 0.404 0.446 0.348 0.304 0.338 0.3
0.184 0.194 0.194 0.23 0.216 0.232 0.194 0.216 0.234 0.254 0.276
0.374 0.386 0.366 0.348 0.394 0.35 0.336 0.378 0.34 0.372 0.328
0.154 0.162 0.164 0.13 0.158 0.12 0.12 0.108 0.108 0.1 0.106
0.738 0.758 0.74 0.74 0.698 0.722 0.724 0.734 0.762 0.728 0.776
0.046 0.06 0.046 0.058 0.072 0.05 0.082 0.082 0.082 0.07 0.068
0.034 0.026 0.03 0.016 0.014 0.006 0.018 0.006 0.01 0.01 0.002
0.15 0.142 0.142 0.162 0.162 0.16 0.146 0.154 0.134 0.076 0.068
0.478 0.496 0.414 0.386 0.358 0.284 0.24 0.212 0.13 0.114 0.108
0.556 0.55 0.618 0.648 0.692 0.734 0.778 0.802 0.852 0.822 0.838
0.742 0.74 0.748 0.766 0.822 0.794 0.804 0.804 0.8 0.758 0.764
0.042 0.03 0.064 0.034 0.042 0.038 0.034 0.036 0.016 0.022 0.014
0.524 0.528 0.514 0.558 0.498 0.494 0.512 0.526 0.48 0.518 0.48
0.322 0.328 0.278 0.286 0.226 0.186 0.162 0.136 0.092 0.058 0.036
0.496 0.468 0.458 0.422 0.37 0.344 0.378 0.38 0.336 0.354 0.314
0.382 0.382 0.352 0.342 0.322 0.31 0.278 0.268 0.296 0.242 0.242
0.48 0.354 0.314 0.262 0.226 0.166 0.162 0.118 0.13 0.12 0.118
0.452 0.45 0.444 0.442 0.474 0.482 0.478 0.494 0.472 0.43 0.428
0.258 0.25 0.284 0.216 0.242 0.244 0.23 0.24 0.242 0.238 0.214
0.572 0.532 0.578 0.496 0.512 0.418 0.414 0.358 0.37 0.326 0.328
0.06 0.066 0.094 0.082 0.08 0.116 0.074 0.064 0.052 0.03 0.036
0.558 0.576 0.59 0.542 0.536 0.552 0.454 0.478 0.44 0.424 0.32
0.07 0.058 0.058 0.088 0.074 0.09 0.104 0.104 0.092 0.108 0.116
0.126 0.114 0.114 0.13 0.102 0.116 0.11 0.11 0.104 0.108 0.092
0.06 0.062 0.062 0.064 0.084 0.098 0.114 0.154 0.154 0.178 0.21
0.522 0.482 0.406 0.402 0.394 0.32 0.286 0.29 0.24 0.246 0.2
0.078 0.084 0.078 0.054 0.102 0.058 0.03 0.062 0.038 0.06 0.058
0.512 0.446 0.41 0.398 0.32 0.3 0.282 0.258 0.226 0.136 0.128
0.066 0.062 0.1 0.062 0.09 0.062 0.108 0.164 0.146 0.152 0.204
0.096 0.118 0.136 0.162 0.164 0.198 0.25 0.242 0.278 0.288 0.278
0.076 0.078 0.096 0.078 0.066 0.068 0.07 0.07 0.056 0.048 0.044
0.292 0.298 0.302 0.326 0.342 0.358 0.368 0.422 0.468 0.522 0.49
0.074 0.072 0.082 0.062 0.058 0.054 0.052 0.05 0.044 0.04 0.02
0.04 0.038 0.032 0.042 0.064 0.052 0.04 0.052 0.044 0.048 0.052
0.108 0.064 0.098 0.112 0.084 0.076 0.076 0.098 0.086 0.126 0.142
