0.601626 0.6341463 0.6097561 0.6666667 0.6422764 0.7073171 0.6504065 0.7317073 0.7886179 0.9186992 0.7723577
0.3652174 0.4173913 0.3739130 0.3913043 0.3652174 0.3565217 0.3565217 0.3913043 0.4086957 0.3652174 0.3130435
0.8114754 0.8688525 0.9016393 0.8770492 0.852459 0.8852459 0.8278689 0.852459 0.8606557 0.7868852 0.7786885
0.6854839 0.7258065 0.733871 0.7580645 0.7419355 0.7983871 0.7258065 0.6693548 0.717742 0.5887097 0.6290323
0.1111111 0.05555556 0.08730159 0.08730159 0.1111111 0.1111111 0.1190476 0.1428571 0.1428571 0.1746032 0.1507937
0.5565217 0.573913 0.6 0.6173913 0.5913043 0.6521739 0.7304348 0.7391304 0.7130435 0.7304348 0.8173913
0.1478261 0.1130435 0.1652174 0.1565217 0.1304348 0.1391304 0.1391304 0.1217391 0.1217391 0.1043478 0.1130435
0.3966942 0.3636364 0.338843 0.2066116 0.1487603 0.1652893 0.1570248 0.1157025 0.0909091 0.1157025 0.09917355
0.2479339 0.2314050 0.3223140 0.4049587 0.3801653 0.4297521 0.5041322 0.5206612 0.5041322 0.5785124 0.6280992
0.7096774 0.6693548 0.766129 0.7741935 0.7903226 0.8790323 0.7983871 0.8629032 0.9112903 0.9758065 0.9274194
0.04878049 0.06504065 0.1056911 0.1544715 0.2276423 0.3333333 0.3739837 0.4146341 0.5447154 0.5121951 0.5528455
0.6782609 0.6434783 0.7304348 0.6956522 0.7391304 0.6695652 0.7130435 0.7130435 0.6956522 0.7130435 0.7130435
0.8467742 0.8225806 0.8548387 0.8951613 0.8225806 0.8790323 0.8709677 0.8064516 0.7903226 0.6854839 0.6129032
0.1229508 0.1475410 0.1967213 0.2459016 0.2377049 0.2540984 0.2868852 0.2540984 0.3114754 0.3114754 0.2786885
0.07438017 0.0661157 0.1239669 0.04958678 0.0661157 0.07438017 0.0909091 0.1239669 0.0909091 0.1157025 0.1074380
0.1065574 0.08196721 0.07377049 0.04918033 0.04098361 0.07377049 0.05737705 0.1065574 0.1311475 0.1393443 0.1885246
0.4628099 0.6033058 0.5867769 0.6528926 0.7024793 0.7272727 0.7190083 0.8677686 0.876033 0.9669421 0.9504132
0.6341463 0.6910569 0.6910569 0.7073171 0.6666667 0.7317073 0.699187 0.7723577 0.8861789 0.8617886 0.9186992
0.4583333 0.525 0.5666667 0.525 0.4916667 0.4666667 0.425 0.375 0.375 0.3583333 0.3333333
0.5950413 0.5785124 0.553719 0.4628099 0.4628099 0.4297521 0.3801653 0.2809917 0.2809917 0.3057851 0.2396694
0.2521739 0.2695652 0.2434783 0.3130435 0.2956522 0.2695652 0.3043478 0.3217391 0.3304348 0.3565217 0.3304348
0.4206349 0.4444444 0.3968254 0.3968254 0.3809524 0.4365079 0.4523810 0.484127 0.4603175 0.5238095 0.468254
0.8333333 0.8 0.8416667 0.925 0.9166667 0.9166667 0.9166667 0.8916667 0.9166667 0.9333333 0.975
0.04098361 0.02459016 0.04098361 0.01639344 0.01639344 0.01639344 0.008196721 0.01639344 0.01639344 0.008196721 0.02459016
0.04958678 0.04958678 0.04132231 0.09917355 0.08264463 0.1322314 0.1652893 0.2314050 0.2066116 0.2479339 0.2396694
0.1451613 0.1612903 0.1532258 0.1451613 0.2177419 0.1935484 0.2741935 0.25 0.3629032 0.2983871 0.2983871
0.4354839 0.3548387 0.25 0.2903226 0.1935484 0.1612903 0.0967742 0.1048387 0.08870968 0.03225806 0.04032258
0.6347826 0.626087 0.7304348 0.7304348 0.7652174 0.7217391 0.6173913 0.6782609 0.6956522 0.7043478 0.6434783
0.1803279 0.1475410 0.08196721 0.08196721 0.04098361 0.03278689 0.02459016 0.05737705 0.03278689 0.02459016 0.01639344
0.4285714 0.394958 0.3445378 0.4453782 0.3445378 0.4537815 0.4369748 0.394958 0.3445378 0.3697479 0.3445378
0.2561983 0.1652893 0.2727273 0.1983471 0.2231405 0.2396694 0.2231405 0.2066116 0.1818182 0.1983471 0.1900826
0.25 0.175 0.325 0.3416667 0.2333333 0.35 0.325 0.375 0.4166667 0.4416667 0.4333333
0.6173913 0.6086957 0.5130435 0.4347826 0.3826087 0.2869565 0.2434783 0.1826087 0.1130435 0.1043478 0.09565217
0.1487603 0.2396694 0.3223140 0.3471074 0.5454545 0.5289256 0.5454545 0.6033058 0.6446281 0.553719 0.6033058
0.5333333 0.525 0.5083333 0.425 0.45 0.4666667 0.5083333 0.4666667 0.5083333 0.55 0.5416667
0.3739130 0.3913043 0.3565217 0.3478261 0.2956522 0.3304348 0.3130435 0.3217391 0.3130435 0.3652174 0.3130435
0.4758065 0.4516129 0.4193548 0.3548387 0.2903226 0.2580645 0.2096774 0.1612903 0.1290323 0.1129032 0.1209677
0.1935484 0.1612903 0.2419355 0.2741935 0.2661290 0.3629032 0.4354839 0.5483871 0.5645161 0.7903226 0.7258065
0.1217391 0.1130435 0.1217391 0.1478261 0.1391304 0.2 0.2260870 0.2260870 0.2695652 0.3565217 0.3130435
0.8677686 0.8099174 0.8099174 0.8264463 0.8347107 0.8677686 0.7438017 0.7024793 0.6694215 0.5702479 0.5702479
0.8211382 0.804878 0.7560976 0.8211382 0.7886179 0.7723577 0.8373984 0.7804878 0.9186992 0.8455285 0.8617886
0.4628099 0.4545455 0.3801653 0.3057851 0.4214876 0.338843 0.3719008 0.4049587 0.3140496 0.3305785 0.2809917
0.6532258 0.6451613 0.516129 0.4919355 0.4032258 0.3870968 0.2661290 0.3467742 0.3064516 0.2258065 0.2661290
0.2956522 0.2869565 0.3304348 0.4 0.3913043 0.4260870 0.5043478 0.4869565 0.5130435 0.5652174 0.4956522
0.1478261 0.1304348 0.09565217 0.06086957 0.05217391 0.05217391 0.02608696 0.008695652 0.01739130 0.01739130 0.008695652
0.8333333 0.8650794 0.7857143 0.7857143 0.8333333 0.7619048 0.7380952 0.7777778 0.7539683 0.7380952 0.7380952
0.8416667 0.85 0.8666667 0.825 0.8583333 0.8666667 0.8083333 0.75 0.6916667 0.7083333 0.6
0.3613445 0.4285714 0.3445378 0.3193277 0.3193277 0.2521008 0.2689076 0.2605042 0.2184874 0.2016807 0.2352941
0.9090909 0.9338843 0.892562 0.8842975 0.876033 0.9090909 0.9008264 0.8181818 0.876033 0.8842975 0.9008264
0.9913043 0.973913 0.9913043 0.973913 0.9826087 0.9652174 0.9130435 0.8869565 0.9565217 0.8434783 0.6521739
0.8166667 0.8 0.8083333 0.825 0.7666667 0.775 0.7666667 0.775 0.7916667 0.7916667 0.75
0.3467742 0.4112903 0.4758065 0.4193548 0.4919355 0.4919355 0.4677419 0.5080645 0.4435484 0.4193548 0.4354839
0.9243697 0.9411765 0.9495798 0.9663866 0.9411765 0.9243697 0.9495798 0.8907563 0.8739496 0.907563 0.8067227
0.5079365 0.4920635 0.3571429 0.2698413 0.2301587 0.2301587 0.1666667 0.1111111 0.1031746 0.1190476 0.1269841
0.4782609 0.4173913 0.3826087 0.3130435 0.2260870 0.1652174 0.1478261 0.1043478 0.1043478 0.08695652 0.07826087
0.3412698 0.3333333 0.3015873 0.2539683 0.2777778 0.2380952 0.2301587 0.1904762 0.1904762 0.1190476 0.1428571
0.6347826 0.6173913 0.6 0.5391304 0.4956522 0.4608696 0.4 0.3739130 0.3304348 0.2434783 0.2695652
0.697479 0.6890756 0.6890756 0.6302521 0.5966387 0.605042 0.6386555 0.5714286 0.6218487 0.7058824 0.6638655
0.7213115 0.647541 0.6229508 0.5819672 0.5409836 0.5163934 0.352459 0.3278689 0.2459016 0.2295082 0.2377049
0.07377049 0.1803279 0.2213115 0.2868852 0.4016393 0.5081967 0.5655738 0.6311475 0.795082 0.6885246 0.6311475
0.6311475 0.6557377 0.647541 0.6967213 0.6967213 0.7131148 0.7704918 0.8442623 0.8770492 0.8032787 0.8278689
0.7913043 0.8347826 0.7565217 0.7391304 0.7652174 0.8 0.6695652 0.6956522 0.7130435 0.7043478 0.626087
0.7073171 0.7886179 0.7560976 0.7154472 0.8211382 0.8617886 0.8373984 0.9512195 0.9837398 0.9756098 0.9593496
0.1951220 0.2032520 0.1544715 0.1300813 0.1219512 0.0894309 0.1707317 0.09756098 0.1544715 0.1219512 0.1138211
0.2583333 0.225 0.275 0.275 0.3333333 0.325 0.3583333 0.3333333 0.3833333 0.4166667 0.4083333
0.6504065 0.6422764 0.6422764 0.5772358 0.6585366 0.5853659 0.5772358 0.5447154 0.5203252 0.504065 0.5203252
0.475 0.4416667 0.4166667 0.2833333 0.3666667 0.35 0.3 0.3166667 0.4166667 0.425 0.4666667
0.6173913 0.6086957 0.5913043 0.5130435 0.573913 0.5043478 0.5043478 0.5130435 0.5130435 0.6173913 0.6173913
0.984127 0.952381 0.936508 0.9126984 0.952381 0.8968254 0.936508 0.9047619 0.8412698 0.8809524 0.8571429
0 0.008064516 0 0.01612903 0.01612903 0.01612903 0.01612903 0.0483871 0.06451613 0.07258065 0.07258065
0.5294118 0.4705882 0.512605 0.5042017 0.4705882 0.4621849 0.4453782 0.394958 0.3865546 0.4117647 0.3613445
0.9173554 0.892562 0.8677686 0.8429752 0.9256198 0.8677686 0.9008264 0.9338843 0.876033 0.9173554 0.9256198
0.9752066 0.9421488 0.9917355 0.9421488 0.9338843 0.9338843 0.8677686 0.7768595 0.8595041 0.785124 0.6942149
0.8403361 0.8067227 0.7983193 0.8487395 0.882353 0.8067227 0.882353 0.8235294 0.882353 0.8571429 0.8487395
0.5391304 0.5217391 0.6 0.6173913 0.5826087 0.6521739 0.6608696 0.5913043 0.6956522 0.6695652 0.6434783
0.5564516 0.5645161 0.717742 0.6774194 0.6451613 0.7419355 0.733871 0.7580645 0.8064516 0.8790323 0.9032258
0.7731092 0.7731092 0.7731092 0.7478992 0.6722689 0.6806723 0.6638655 0.5798319 0.6554622 0.7310924 0.6470588
0.3391304 0.3043478 0.2956522 0.3043478 0.2608696 0.2869565 0.3043478 0.4260870 0.4347826 0.573913 0.6173913
0.483871 0.5241935 0.483871 0.5725806 0.5725806 0.516129 0.4677419 0.4758065 0.4435484 0.3870968 0.3064516
0.3467742 0.3548387 0.3548387 0.2903226 0.2338710 0.2177419 0.2258065 0.1693548 0.1451613 0.1774194 0.2661290
0.5 0.4833333 0.5666667 0.575 0.5333333 0.6166667 0.6 0.6333333 0.675 0.7 0.725
0.5564516 0.5645161 0.5967742 0.6451613 0.5241935 0.6532258 0.6129032 0.6693548 0.6935484 0.7096774 0.7741935
0.0483871 0.06451613 0.1209677 0.1693548 0.1612903 0.1612903 0.1935484 0.2258065 0.2903226 0.25 0.2822581
0.1570248 0.1322314 0.1487603 0.1239669 0.08264463 0.1239669 0.1322314 0.1487603 0.1404959 0.1239669 0.09917355
0.0483871 0.01612903 0 0.01612903 0.01612903 0.008064516 0.02419355 0.03225806 0.07258065 0.06451613 0.08870968
0.4285714 0.4369748 0.4537815 0.4453782 0.5546218 0.6470588 0.6134454 0.5798319 0.5378151 0.5714286 0.5462185
0.7394958 0.7563025 0.7731092 0.7983193 0.7563025 0.7394958 0.7647059 0.7058824 0.7226891 0.6218487 0.5798319
0.3057851 0.3553719 0.3966942 0.3305785 0.4628099 0.4876033 0.5289256 0.5454545 0.5702479 0.6198347 0.6528926
0.7355372 0.6363636 0.6694215 0.6198347 0.6694215 0.6033058 0.5950413 0.5454545 0.553719 0.5206612 0.4876033
0.04132231 0.04958678 0.09917355 0.1239669 0.1239669 0.1570248 0.1983471 0.2727273 0.2644628 0.2644628 0.2479339
0.7704918 0.8196721 0.8606557 0.8196721 0.852459 0.8852459 0.9180328 0.9590164 0.9590164 0.9754098 0.9508197
0.475 0.425 0.4583333 0.4166667 0.45 0.5583333 0.525 0.5833333 0.65 0.675 0.7083333
0.7258065 0.7419355 0.7258065 0.7419355 0.717742 0.7096774 0.6612903 0.6290323 0.5806452 0.5241935 0.4919355
0.2857143 0.3109244 0.2268908 0.1932773 0.1428571 0.1764706 0.1764706 0.1176471 0.1512605 0.1764706 0.1596639
0.2608696 0.2434783 0.2173913 0.1826087 0.1913043 0.2 0.2434783 0.3217391 0.3565217 0.3565217 0.3826087
0.815126 0.7815126 0.7731092 0.882353 0.7983193 0.882353 0.882353 0.7983193 0.8655462 0.8655462 0.8655462
0.4628099 0.4793388 0.3966942 0.4132231 0.4049587 0.4297521 0.3140496 0.4214876 0.3223140 0.3719008 0.4710744
0.08130081 0.04878049 0.06504065 0.05691057 0.06504065 0.04065041 0.06504065 0.0894309 0.0894309 0.1138211 0.1219512
0.3636364 0.4380165 0.446281 0.4545455 0.5289256 0.5123967 0.5785124 0.5702479 0.553719 0.553719 0.5702479
0.3833333 0.3666667 0.3 0.3416667 0.3583333 0.35 0.2916667 0.2583333 0.2583333 0.2416667 0.3083333
0.512605 0.4621849 0.3865546 0.4033613 0.3697479 0.4201681 0.4705882 0.4033613 0.4201681 0.4789916 0.4117647
0.6115702 0.6280992 0.5950413 0.5950413 0.5206612 0.5123967 0.4793388 0.4380165 0.4132231 0.4710744 0.3719008
0.3333333 0.3821138 0.2845528 0.3252033 0.2764228 0.2682927 0.2357724 0.2195122 0.2926829 0.2276423 0.2439024
0.7833333 0.7083333 0.7083333 0.7083333 0.7416667 0.7 0.6583333 0.6583333 0.6583333 0.6083333 0.575
0.05737705 0.02459016 0.04918033 0.03278689 0.01639344 0.03278689 0.02459016 0.04098361 0.08196721 0.02459016 0.04098361
0.9173554 0.8842975 0.892562 0.8677686 0.8181818 0.7933884 0.8181818 0.7603306 0.7107438 0.5950413 0.661157
0.9285714 0.9444444 0.968254 0.968254 0.9603175 0.9761905 0.9603175 0.984127 0.968254 0.9761905 0.9126984
0.984127 0.984127 0.9761905 0.968254 0.9920635 0.9603175 0.984127 0.984127 0.968254 0.9761905 0.9444444
0.09166667 0.175 0.1666667 0.2416667 0.2583333 0.3916667 0.4833333 0.525 0.575 0.675 0.7083333
0.1652893 0.1322314 0.04958678 0.1074380 0.03305785 0.02479339 0.02479339 0 0 0 0
0 0 0 0 0 0 0 0.007936508 0.007936508 0.007936508 0.007936508
0.9754098 0.9508197 0.9590164 0.9836066 0.9754098 0.9836066 0.9262295 0.9754098 0.9918033 0.9754098 0.9590164
0.1451613 0.0967742 0.1048387 0.0967742 0.1209677 0.1612903 0.08870968 0.1048387 0.1048387 0.1290323 0.1048387
0.4516129 0.4032258 0.4193548 0.4112903 0.4112903 0.5 0.5483871 0.5806452 0.6129032 0.5887097 0.7419355
0.2661290 0.2580645 0.2419355 0.2177419 0.2419355 0.2338710 0.2661290 0.3145161 0.2177419 0.1612903 0.1935484
0.3739130 0.4086957 0.3826087 0.4 0.3304348 0.4 0.3913043 0.4086957 0.4260870 0.3652174 0.3739130
0.2100840 0.3865546 0.3697479 0.4705882 0.5630252 0.605042 0.6638655 0.697479 0.6806723 0.7310924 0.6386555
0.4634146 0.5365854 0.4878049 0.4634146 0.4471545 0.3821138 0.4065041 0.3495935 0.4390244 0.3658537 0.4471545
0.6694215 0.6198347 0.6694215 0.6280992 0.6528926 0.5867769 0.6115702 0.5702479 0.5702479 0.5206612 0.5289256
0.1885246 0.2131148 0.2131148 0.2868852 0.2622951 0.3114754 0.2868852 0.3278689 0.3196721 0.3688525 0.3770492
0.8595041 0.8595041 0.9504132 0.8842975 0.8099174 0.8181818 0.8842975 0.8677686 0.876033 0.9669421 0.983471
0.2605042 0.2521008 0.2605042 0.2268908 0.2857143 0.1932773 0.2184874 0.1848739 0.2184874 0.2521008 0.2352941
0.8429752 0.768595 0.7933884 0.7107438 0.7520661 0.7024793 0.5950413 0.5206612 0.5371901 0.4710744 0.4793388
0.7398374 0.699187 0.7398374 0.699187 0.699187 0.7398374 0.7073171 0.699187 0.7560976 0.7154472 0.6666667
0.95 0.975 0.8583333 0.875 0.85 0.775 0.7416667 0.675 0.5833333 0.5416667 0.525
0.1707317 0.2276423 0.2357724 0.3170732 0.2764228 0.398374 0.4471545 0.3821138 0.4227642 0.4471545 0.4471545
0.8548387 0.7983871 0.8467742 0.8548387 0.8951613 0.8870968 0.8951613 0.9435484 0.8951613 0.7903226 0.7741935
0.2479339 0.2644628 0.3305785 0.3305785 0.3966942 0.3471074 0.4793388 0.5289256 0.5702479 0.5702479 0.6694215
0.8387097 0.8709677 0.8467742 0.8709677 0.8225806 0.7983871 0.7903226 0.6612903 0.6854839 0.5887097 0.5322581
0.6363636 0.6280992 0.6528926 0.5619835 0.4710744 0.4545455 0.3801653 0.2727273 0.2396694 0.2231405 0.1900826
0.9173554 0.9421488 0.9586777 0.9504132 0.9008264 0.9090909 0.8842975 0.892562 0.876033 0.876033 0.768595
0.4789916 0.4957983 0.487395 0.4369748 0.3361345 0.3529412 0.3277311 0.2605042 0.1932773 0.1764706 0.1428571
0.7731092 0.8067227 0.8403361 0.882353 0.8487395 0.9243697 0.9495798 0.8907563 0.9243697 0.8739496 0.8907563
0.9180328 0.942623 0.8688525 0.8852459 0.9672131 0.9754098 0.8688525 0.8852459 0.909836 0.9672131 0.9180328
0.8083333 0.85 0.8416667 0.825 0.8 0.85 0.8083333 0.6583333 0.6166667 0.5833333 0.5166667
