0.5163934 0.5245902 0.5163934 0.5327869 0.5163934 0.5655738 0.6147541 0.6065574 0.6803279 0.7622951 0.6803279
0.4035088 0.4210526 0.4210526 0.3596491 0.3421053 0.4298246 0.4122807 0.4210526 0.4385965 0.3421053 0.4035088
0.9016393 0.8770492 0.909836 0.8442623 0.8852459 0.8770492 0.9344262 0.9180328 0.9016393 0.8278689 0.7786885
0.75 0.7 0.7416667 0.7416667 0.7833333 0.725 0.7416667 0.6666667 0.6666667 0.6166667 0.5666667
0.09016393 0.1065574 0.1065574 0.1311475 0.09016393 0.1475410 0.1229508 0.1639344 0.1885246 0.2540984 0.2540984
0.4561404 0.4736842 0.5350877 0.5 0.5789474 0.6140351 0.5789474 0.622807 0.5964912 0.7017544 0.6929825
0.07377049 0.08196721 0.07377049 0.1065574 0.09016393 0.1065574 0.1065574 0.08196721 0.1065574 0.1229508 0.1065574
0.3709677 0.3306452 0.2580645 0.2258065 0.1854839 0.2177419 0.1129032 0.1048387 0.08870968 0.08064516 0.08064516
0.3305785 0.3223140 0.4049587 0.4049587 0.446281 0.4876033 0.4958678 0.5206612 0.5041322 0.5371901 0.6280992
0.6333333 0.65 0.7083333 0.7416667 0.8083333 0.9083333 0.8583333 0.9 0.95 0.9666667 0.9916667
0.06557377 0.04918033 0.07377049 0.1311475 0.1475410 0.2213115 0.352459 0.3852459 0.4180328 0.4754098 0.557377
0.6293103 0.6551724 0.7413793 0.6982759 0.6896552 0.8017241 0.775862 0.8103448 0.8017241 0.8275862 0.7844828
0.9016393 0.8934426 0.8688525 0.9262295 0.8442623 0.8442623 0.8196721 0.8196721 0.7622951 0.6803279 0.6721311
0.2096774 0.1532258 0.1774194 0.1935484 0.2338710 0.25 0.1935484 0.2419355 0.2983871 0.2741935 0.2661290
0.1532258 0.08870968 0.1532258 0.1129032 0.1209677 0.1129032 0.1048387 0.1209677 0.1048387 0.1129032 0.1693548
0.07377049 0.08196721 0.05737705 0.05737705 0.04098361 0.05737705 0.04918033 0.03278689 0.09016393 0.09836066 0.09836066
0.3445378 0.5210084 0.5630252 0.487395 0.5966387 0.6806723 0.7142857 0.7058824 0.7142857 0.8403361 0.7647059
0.8 0.825 0.8416667 0.875 0.9 0.9833333 0.95 0.9333333 0.975 0.9666667 0.9916667
0.3947368 0.4035088 0.4649123 0.4649123 0.4736842 0.4912281 0.4561404 0.4824561 0.4210526 0.377193 0.3859649
0.6929825 0.6929825 0.6842105 0.6052632 0.6754386 0.5701754 0.4912281 0.5 0.4385965 0.4035088 0.4035088
0.3305785 0.2975207 0.3553719 0.3140496 0.2314050 0.2809917 0.3223140 0.2892562 0.3471074 0.2892562 0.3305785
0.3553719 0.3057851 0.3223140 0.3140496 0.3636364 0.3140496 0.3801653 0.3223140 0.4049587 0.4214876 0.4380165
0.8016529 0.8347107 0.8429752 0.9173554 0.876033 0.8842975 0.9421488 0.9504132 0.9338843 0.9504132 0.9669421
0.03361345 0.02521008 0.02521008 0.03361345 0.01680672 0.02521008 0.02521008 0.03361345 0.07563025 0.05882353 0.06722689
0.1491228 0.1754386 0.1315789 0.1403509 0.1842105 0.2192982 0.2368421 0.2719298 0.3508772 0.3157895 0.4122807
0.1315789 0.1754386 0.1228070 0.2017544 0.1666667 0.2017544 0.2105263 0.2631579 0.3421053 0.2894737 0.3859649
0.3083333 0.275 0.2833333 0.1916667 0.1583333 0.1083333 0.08333333 0.06666667 0.05833333 0.03333333 0.025
0.7952756 0.7322835 0.7165354 0.7401575 0.7559055 0.8031496 0.8503937 0.8188976 0.8110236 0.7952756 0.8110236
0.2892562 0.1983471 0.2231405 0.1652893 0.1570248 0.1404959 0.1652893 0.1652893 0.1322314 0.1735537 0.1652893
0.4621849 0.4789916 0.512605 0.4201681 0.4285714 0.487395 0.4201681 0.4453782 0.4285714 0.3613445 0.3529412
0.2689076 0.302521 0.2521008 0.2773109 0.302521 0.2689076 0.302521 0.2689076 0.3277311 0.3277311 0.2857143
0.2689076 0.3109244 0.3445378 0.3865546 0.4285714 0.4957983 0.4789916 0.6134454 0.5714286 0.6470588 0.6890756
0.5725806 0.4758065 0.4596774 0.4274194 0.2419355 0.1854839 0.1774194 0.08870968 0.07258065 0.07258065 0.0483871
0.1615385 0.2153846 0.3461538 0.5076923 0.6 0.6076923 0.6384615 0.6307692 0.7538462 0.6846154 0.7384615
0.5 0.4210526 0.4385965 0.4035088 0.3421053 0.3684211 0.3596491 0.3508772 0.3070175 0.3157895 0.2982456
0.2644628 0.1900826 0.2231405 0.1983471 0.1983471 0.1818182 0.2479339 0.2066116 0.2561983 0.2479339 0.2231405
0.4180328 0.3606557 0.3196721 0.2704918 0.2213115 0.1475410 0.09836066 0.1147541 0.07377049 0.09016393 0.06557377
0.1735537 0.1239669 0.1652893 0.2066116 0.2314050 0.2975207 0.4049587 0.4710744 0.4958678 0.5702479 0.5619835
0.2950820 0.3360656 0.2213115 0.2950820 0.2459016 0.3360656 0.4098361 0.352459 0.4344262 0.4754098 0.4672131
0.8503937 0.8661417 0.8031496 0.8031496 0.8267717 0.8110236 0.7637795 0.7322835 0.7086614 0.6377953 0.5511811
0.8319328 0.815126 0.8235294 0.789916 0.815126 0.8067227 0.815126 0.8067227 0.7563025 0.7310924 0.7142857
0.2975207 0.2727273 0.2727273 0.2975207 0.2809917 0.3223140 0.338843 0.2975207 0.3471074 0.2975207 0.3140496
0.7213115 0.5983607 0.6393443 0.5327869 0.4590164 0.4508197 0.352459 0.352459 0.2459016 0.2459016 0.2459016
0.3223140 0.2975207 0.3057851 0.3719008 0.4297521 0.4793388 0.446281 0.5041322 0.5041322 0.5289256 0.6363636
0.2177419 0.1370968 0.1612903 0.0967742 0.06451613 0.03225806 0.04032258 0.05645161 0.01612903 0.008064516 0.008064516
0.6982759 0.7327586 0.7413793 0.6982759 0.6896552 0.6724138 0.6896552 0.7068966 0.6293103 0.6034483 0.6034483
0.7478992 0.789916 0.8067227 0.7563025 0.8067227 0.7394958 0.7815126 0.7058824 0.697479 0.6302521 0.5546218
0.5166667 0.525 0.4583333 0.4083333 0.425 0.3833333 0.3416667 0.35 0.3083333 0.3416667 0.3583333
0.8706897 0.9137931 0.8017241 0.8965517 0.8448276 0.8017241 0.9224138 0.8362069 0.8706897 0.8706897 0.8103448
0.9923077 0.976923 0.9692308 0.9153846 0.9615385 0.9384615 0.9461538 0.9307692 0.8384615 0.7615385 0.6692308
0.8076923 0.7923077 0.7846154 0.8 0.7923077 0.7692308 0.7846154 0.5923077 0.5538462 0.5692308 0.5846154
0.3277311 0.3193277 0.3781513 0.3865546 0.4117647 0.3361345 0.4117647 0.4117647 0.3613445 0.394958 0.3781513
0.975 1 1 1 0.9416667 0.9083333 0.9333333 0.8416667 0.85 0.8 0.7583333
0.3934426 0.2868852 0.3852459 0.1803279 0.1147541 0.04098361 0.03278689 0.008196721 0.03278689 0.01639344 0.01639344
0.5689655 0.5689655 0.5517241 0.5172414 0.4310345 0.4051724 0.3017241 0.2931034 0.1982759 0.2068966 0.2155172
0.3333333 0.4210526 0.4035088 0.4385965 0.4298246 0.3684211 0.4122807 0.5 0.4385965 0.4649123 0.5175439
0.6935484 0.6612903 0.5322581 0.5403226 0.5725806 0.4435484 0.4032258 0.3387097 0.3467742 0.2580645 0.2983871
0.3305785 0.2561983 0.2644628 0.2479339 0.2148760 0.2314050 0.2314050 0.1900826 0.2809917 0.3140496 0.4049587
0.7131148 0.6147541 0.647541 0.557377 0.4590164 0.3770492 0.3196721 0.1803279 0.2213115 0.1967213 0.2049180
0.2666667 0.2416667 0.4083333 0.4833333 0.5416667 0.6333333 0.6916667 0.7666667 0.8166667 0.825 0.825
0.5416667 0.6166667 0.65 0.6666667 0.675 0.7416667 0.7166667 0.7666667 0.7833333 0.825 0.7833333
0.823077 0.8846154 0.8307692 0.8153846 0.8692308 0.8384615 0.8 0.876923 0.7692308 0.7615385 0.7230769
0.6554622 0.6386555 0.6890756 0.697479 0.6806723 0.7647059 0.815126 0.8487395 0.8487395 0.8991597 0.8571429
0.1181102 0.1811024 0.09448819 0.04724409 0.06299213 0.05511811 0.03937008 0.06299213 0.07086614 0.09448819 0.07874016
0.2440945 0.3070866 0.2125984 0.2992126 0.3543307 0.3228346 0.3385827 0.3700787 0.3858268 0.4566929 0.4409449
0.6416667 0.6666667 0.675 0.7083333 0.6333333 0.5916667 0.5666667 0.5833333 0.45 0.4416667 0.4666667
0.4132231 0.3884298 0.3966942 0.3140496 0.3636364 0.3140496 0.4049587 0.446281 0.3636364 0.4049587 0.446281
0.5983607 0.6229508 0.5819672 0.5901639 0.5409836 0.5983607 0.5327869 0.5327869 0.5901639 0.5983607 0.647541
0.9411765 0.9495798 0.97479 0.8907563 0.9579832 0.9663866 0.9243697 0.9243697 0.9327731 0.9579832 0.9159664
0.00877193 0.01754386 0.00877193 0.03508772 0.07017544 0.07894737 0.1228070 0.1315789 0.2105263 0.2017544 0.2631579
0.6065574 0.5655738 0.5983607 0.5327869 0.557377 0.5245902 0.5 0.4590164 0.4098361 0.4262295 0.3688525
0.9274194 0.8951613 0.9032258 0.8629032 0.9193548 0.9354839 0.9032258 0.8145161 0.8629032 0.8548387 0.8225806
0.974138 0.9827586 0.9827586 0.9655172 0.9482759 0.9655172 0.9913793 0.9396552 0.9655172 0.9482759 0.9051724
0.8923077 0.9 0.923077 0.9461538 0.9384615 0.9384615 0.9846154 0.9384615 0.8846154 0.8846154 0.9076923
0.5083333 0.5083333 0.5833333 0.6416667 0.6916667 0.6916667 0.7166667 0.7 0.8166667 0.7916667 0.8416667
0.7190083 0.6446281 0.7355372 0.6528926 0.7107438 0.6446281 0.7520661 0.6446281 0.6942149 0.785124 0.8595041
0.9224138 0.9310345 0.887931 0.9137931 0.7672414 0.8793103 0.7844828 0.8448276 0.7672414 0.6896552 0.7931034
0.2666667 0.25 0.225 0.2 0.3083333 0.3166667 0.4333333 0.475 0.5416667 0.5833333 0.7166667
0.4180328 0.3688525 0.4426230 0.4180328 0.3770492 0.3770492 0.3770492 0.4426230 0.4180328 0.3360656 0.3114754
0.3947368 0.4035088 0.3859649 0.3596491 0.3684211 0.3245614 0.377193 0.3070175 0.3245614 0.3070175 0.4122807
0.6083333 0.6333333 0.6416667 0.7083333 0.6916667 0.8083333 0.7916667 0.7666667 0.8166667 0.7833333 0.8
0.5322581 0.6290323 0.5725806 0.6532258 0.6612903 0.6935484 0.766129 0.7903226 0.7419355 0.8064516 0.9032258
0.05737705 0.08196721 0.06557377 0.1065574 0.1557377 0.1803279 0.2377049 0.2131148 0.2213115 0.2622951 0.3442623
0.302521 0.2773109 0.1848739 0.2436975 0.1764706 0.2100840 0.1848739 0.1764706 0.1680672 0.1680672 0.1260504
0.02459016 0.008196721 0.008196721 0.008196721 0.008196721 0 0.01639344 0.01639344 0.04098361 0.08196721 0.06557377
0.3859649 0.3333333 0.4385965 0.4561404 0.5087719 0.4912281 0.5789474 0.6754386 0.6842105 0.6666667 0.6929825
0.7631579 0.7719298 0.7017544 0.754386 0.754386 0.7894737 0.7894737 0.7894737 0.745614 0.745614 0.868421
0.2327586 0.2672414 0.3362069 0.362069 0.3793103 0.3534483 0.387931 0.4310345 0.4396552 0.4741379 0.4913793
0.5789474 0.5614035 0.5789474 0.5087719 0.5438596 0.5263158 0.5701754 0.5438596 0.5350877 0.5350877 0.5175439
0.06034483 0.0775862 0.06034483 0.0862069 0.09482759 0.1120690 0.1379310 0.1379310 0.1810345 0.1637931 0.1810345
0.7540984 0.7704918 0.7459016 0.8606557 0.7622951 0.8360656 0.8606557 0.8852459 0.9590164 0.9344262 0.9590164
0.1551724 0.1896552 0.1551724 0.1896552 0.25 0.3275862 0.3017241 0.2931034 0.3189655 0.3275862 0.3362069
0.6806723 0.6470588 0.6806723 0.6722689 0.6386555 0.6302521 0.6554622 0.5882353 0.5042017 0.4621849 0.4033613
0.4016393 0.4590164 0.3360656 0.2622951 0.4016393 0.3442623 0.3032787 0.352459 0.2131148 0.2868852 0.2950820
0.1967213 0.2377049 0.1475410 0.1475410 0.1557377 0.1721311 0.1475410 0.1557377 0.1803279 0.2049180 0.2295082
0.7394958 0.815126 0.789916 0.7647059 0.7815126 0.789916 0.7731092 0.8067227 0.7563025 0.789916 0.7563025
0.4568966 0.4655172 0.4568966 0.4396552 0.3965517 0.3793103 0.3362069 0.2586207 0.2758621 0.3706897 0.3362069
0.05511811 0.06299213 0.07874016 0.04724409 0.06299213 0.09448819 0.03149606 0.1023622 0.1102362 0.07086614 0.1102362
0.4672131 0.5245902 0.5245902 0.5081967 0.5409836 0.5491803 0.5245902 0.5491803 0.557377 0.5655738 0.6639344
0.4649123 0.4912281 0.4385965 0.4035088 0.4473684 0.3859649 0.3596491 0.3421053 0.2894737 0.2807018 0.2894737
0.1034483 0.09482759 0.1293103 0.1293103 0.1465517 0.1465517 0.1810345 0.1896552 0.1982759 0.2155172 0.2844828
0.5 0.5344828 0.4655172 0.4568966 0.4224138 0.4827586 0.4051724 0.3706897 0.387931 0.3362069 0.362069
0.3305785 0.2975207 0.2809917 0.2479339 0.2644628 0.2561983 0.2809917 0.2727273 0.2644628 0.2479339 0.2479339
0.7322835 0.7322835 0.7795276 0.7401575 0.6929134 0.7086614 0.7874016 0.7244094 0.6929134 0.7165354 0.6299213
0.1120690 0.1120690 0.1034483 0.1120690 0.1379310 0.1120690 0.1034483 0.1206897 0.1465517 0.1120690 0.09482759
0.925 0.9666667 0.9666667 0.9583333 0.9 0.9083333 0.9416667 0.9 0.925 0.825 0.8583333
0.9579832 0.9495798 0.97479 0.9663866 0.9411765 0.9663866 0.9915966 0.9243697 0.97479 0.9579832 0.9327731
0.97479 0.9831933 0.97479 0.9663866 0.9579832 0.9831933 0.9915966 0.9411765 0.9831933 0.9579832 0.9327731
0.2368421 0.2719298 0.3421053 0.3947368 0.5 0.5438596 0.5438596 0.622807 0.6929825 0.745614 0.877193
0.3448276 0.1810345 0.1896552 0.1379310 0.1293103 0.0862069 0.04310345 0.04310345 0.02586207 0.02586207 0.03448276
0.02459016 0.01639344 0.01639344 0.03278689 0.02459016 0.01639344 0.02459016 0.008196721 0.01639344 0.02459016 0.03278689
0.974138 0.9482759 0.9568966 0.9396552 0.9482759 0.9137931 0.9224138 0.9482759 0.9655172 0.9482759 0.9310345
0.1034483 0.0775862 0.1034483 0.0862069 0.1120690 0.0775862 0.04310345 0.1034483 0.04310345 0.05172414 0.05172414
0.2982456 0.2543860 0.3421053 0.4385965 0.4385965 0.4912281 0.5701754 0.5877193 0.7280702 0.7631579 0.877193
0.2661290 0.2580645 0.2580645 0.2741935 0.2580645 0.2580645 0.2258065 0.2177419 0.2903226 0.25 0.1612903
0.4596774 0.4516129 0.4032258 0.4274194 0.4435484 0.4354839 0.4516129 0.4435484 0.4112903 0.4112903 0.3951613
0.3157895 0.3596491 0.3947368 0.4561404 0.5087719 0.5263158 0.5701754 0.622807 0.7105263 0.7105263 0.6403509
0.338843 0.2809917 0.3057851 0.3553719 0.3057851 0.338843 0.2892562 0.3305785 0.2975207 0.338843 0.4297521
0.525 0.4833333 0.55 0.5083333 0.4666667 0.5 0.4583333 0.4583333 0.4416667 0.375 0.375
0.1120690 0.1637931 0.1551724 0.1724138 0.2241379 0.2241379 0.2586207 0.2758621 0.2931034 0.2758621 0.4137931
0.8362069 0.8706897 0.8189655 0.862069 0.8965517 0.8965517 0.8706897 0.8448276 0.8706897 0.8706897 0.8965517
0.4568966 0.5 0.4482759 0.362069 0.3448276 0.2413793 0.3017241 0.2758621 0.25 0.3017241 0.2844828
0.9672131 0.9016393 0.9508197 0.9262295 0.9180328 0.8606557 0.852459 0.7868852 0.6557377 0.6393443 0.5819672
0.6833333 0.6833333 0.75 0.7083333 0.7 0.675 0.65 0.6666667 0.7416667 0.6 0.5666667
0.9016393 0.8934426 0.8688525 0.8442623 0.8442623 0.8196721 0.7704918 0.7213115 0.5901639 0.5491803 0.5655738
0.1475410 0.1557377 0.2377049 0.2622951 0.2786885 0.3360656 0.352459 0.3032787 0.3852459 0.4344262 0.4426230
0.8503937 0.8740157 0.8897638 0.9212598 0.9212598 0.96063 0.984252 0.952756 0.9212598 0.8582677 0.8503937
0.2177419 0.2016129 0.2016129 0.2661290 0.3306452 0.4112903 0.4274194 0.4032258 0.5403226 0.6209677 0.5967742
0.991228 0.9298246 0.9385965 0.9473684 0.9385965 0.9122807 0.868421 0.868421 0.9035088 0.8947368 0.7982456
0.697479 0.6806723 0.6134454 0.4957983 0.4705882 0.3865546 0.3529412 0.2436975 0.2436975 0.2016807 0.1680672
0.7982456 0.7982456 0.885965 0.7631579 0.8245614 0.877193 0.7631579 0.7192982 0.7280702 0.745614 0.7982456
0.5263158 0.5263158 0.4912281 0.4736842 0.4473684 0.3947368 0.3947368 0.2894737 0.2894737 0.2807018 0.2368421
0.9210526 0.9122807 0.9210526 0.9210526 0.9122807 0.877193 0.7894737 0.9210526 0.9210526 0.9210526 0.9385965
0.984252 0.9448819 0.968504 0.968504 0.9212598 0.952756 0.9448819 0.96063 0.9055118 0.96063 0.9055118
0.8688525 0.7704918 0.7459016 0.8770492 0.795082 0.795082 0.7377049 0.7295082 0.5819672 0.5901639 0.5327869
