0.2666667 0.2962963
0.2836879 0.3262411
0.5954198 0.5267176
0.2627737 0.1970803
0.2125984 0.2204724
0.4173228 0.5511811
0.1313869 0.1240876
0.1094891 0.1094891
0.4015748 0.503937
0.2148148 0.1925926
0.5038168 0.6030534
0.1574803 0.1338583
0.3880597 0.5149254
0.7099237 0.8015267
0.5109489 0.5255474
0.1194030 0.1268657
0.1060606 0.1060606
0.3191489 0.3120567
0.5486111 0.4791667
0.3435115 0.2977099
0.8432836 0.7537313
0.6030534 0.6946565
0.1925926 0.1629630
0.3385827 0.3307087
0.1843972 0.2553191
0.1629630 0.2222222
0.2196970 0.2878788
0.3037037 0.3037037
0.1925926 0.1481481
0.2061069 0.259542
0.1968504 0.1653543
0.4393939 0.4242424
0.2296296 0.1925926
0.3111111 0.3703704
0.7407407 0.6740741
0.1678832 0.1970803
0.1914894 0.1702128
0.1908397 0.1755725
0.3846154 0.3706294
0.8787879 0.7878788
0.2748092 0.2290076
0.2362205 0.2125984
0.2878788 0.2348485
0.6865672 0.7164179
0.2846715 0.2554745
0.3358779 0.2519084
0.8978102 0.9635036
0.4222222 0.4222222
0.5416667 0.5069444
0.1259259 0.1259259
0.1185185 0.1185185
0.778626 0.778626
0.6412214 0.5496183
0.6296296 0.6888889
0.6788321 0.729927
0.3259259 0.437037
0.1843972 0.1276596
0.4961832 0.6412214
0.7021277 0.6028369
0.1119403 0.1194030
0.3731343 0.3432836
0.4094488 0.3464567
0.6853147 0.7902098
0.6850394 0.7637795
0.1363636 0.1287879
0.1313869 0.1240876
0.7037037 0.6592593
0.3070866 0.3149606
0.4173228 0.503937
0.4318182 0.4393939
0.2651515 0.2045455
0.719697 0.719697
0.2125984 0.1732283
0.2651515 0.2045455
0.6439394 0.719697
0.9312977 0.9236641
0.3937008 0.3700787
0.7943262 0.680851
0.8818898 0.8897638
0.6456693 0.8110236
0.1060606 0.1060606
0.4566929 0.6771654
0.1194030 0.1641791
0.2518519 0.2592593
0.5208333 0.4236111
0.5378788 0.719697
0.2013889 0.2152778
0.1063830 0.1063830
0.3543307 0.2755906
0.1145038 0.1221374
0.4848485 0.5984848
0.1094891 0.1094891
0.5954198 0.5419847
0.2222222 0.1777778
0.1417323 0.1417323
0.3138686 0.3138686
0.3435115 0.3969466
0.1111111 0.1111111
0.1492537 0.1865672
0.1417910 0.1865672
0.9503546 0.8865248
0.1629630 0.2
0.5433071 0.4251969
0.6518519 0.6
0.5 0.4861111
0.3472222 0.4305556
0.1468531 0.2237762
0.1194030 0.1343284
0.8 0.7555556
0.7481481 0.7037037
0.2888889 0.2592593
0.9179104 0.858209
0.6041667 0.5833333
0.1221374 0.129771
0.3284672 0.3284672
0.1398601 0.1468531
0.1259259 0.1259259
0.8818898 0.8661417
0.3555556 0.4296296
0.3555556 0.3925926
0.3706294 0.3916084
0.7832168 0.5594406
0.2518519 0.2518519
0.2835821 0.3283582
0.8656716 0.7537313
0.1119403 0.1194030
0.1791045 0.1716418
0.3307087 0.2755906
0.8188976 0.7716535
0.2370370 0.2222222
0.1111111 0.1111111
0.2900763 0.4274809
0.2867133 0.3496503
0.3030303 0.2348485
0.6377953 0.7322835
0.3257576 0.3636364
0.4125874 0.4335664
0.6456693 0.4645669
0.4477612 0.4626866
0.4964539 0.4397163
0.9848485 0.939394
0.1094891 0.1094891
0.8832117 0.9051095
0.1439394 0.1515152
0.1221374 0.1603053
0.3333333 0.3259259
0.2388060 0.2537313
0.3259259 0.3629630
0.2213740 0.1755725
0.7333333 0.8
0.7575758 0.75
