0.2740741 0.2666667
0.1185185 0.1111111
0.6641221 0.7633588
0.2592593 0.2296296
0.1287879 0.1212121
0.6962963 0.6296296
0.259542 0.2519084
0.1428571 0.1571429
0.970803 0.8248175
0.3851852 0.4222222
0.3829787 0.3617021
0.1145038 0.1374046
0.2814815 0.2370370
0.2962963 0.3185185
0.2370370 0.2296296
0.1287879 0.1287879
0.2014388 0.1870504
0.5671642 0.3582090
0.2575758 0.25
0.6962963 0.5925926
0.3703704 0.3925926
0.6350365 0.8686131
0.1268657 0.1119403
0.4160584 0.3357664
0.1843972 0.1702128
0.1205674 0.1205674
0.3740458 0.4045802
0.9848485 0.75
0.3165468 0.3021583
0.1185185 0.1185185
0.3576642 0.2773723
0.2907801 0.2198582
0.389313 0.5725191
0.9037037 0.8814815
0.2148148 0.2296296
0.1629630 0.1407407
0.3664122 0.4732824
0.1439394 0.1287879
0.6518519 0.8222222
0.4545455 0.6136364
0.6934307 0.8832117
0.1641791 0.1119403
0.6791045 0.7537313
0.8432836 0.8283582
0.3863636 0.4090909
0.6666667 0.6296296
0.3863636 0.5833333
0.4539007 0.5248227
0.6818182 0.8712121
0.1386861 0.1605839
0.1111111 0.1851852
0.9626866 0.8358209
0.3333333 0.3629630
0.2592593 0.2888889
0.480916 0.4503817
0.3283582 0.2910448
0.4142857 0.5857143
0.8592593 0.9407407
0.5777778 0.6444444
0.4222222 0.3259259
0.4285714 0.4
0.7686567 0.7537313
0.2592593 0.2592593
0.3722628 0.3722628
0.1751825 0.1386861
0.9481481 0.9407407
0.6412214 0.5954198
0.1714286 0.2142857
0.5378788 0.4924242
0.7037037 0.7481481
0.1571429 0.1571429
0.3285714 0.35
0.8731343 0.8731343
0.1417910 0.1194030
0.7910448 0.8955224
0.1571429 0.2142857
0.3560606 0.3257576
0.5467626 0.5467626
0.3185185 0.2592593
0.3597122 0.352518
0.15 0.15
0.5343511 0.6641221
0.1111111 0.1111111
0.6934307 0.6350365
0.6716418 0.5074627
0.5 0.7238806
0.3185185 0.3185185
0.1151079 0.1223022
0.5343511 0.3435115
0.1851852 0.1925926
0.4427481 0.6030534
0.3358779 0.3129771
0.3851852 0.5037037
0.1212121 0.1212121
0.15 0.1285714
0.637037 0.5111111
0.4964539 0.5957447
0.1590909 0.2272727
0.1111111 0.1111111
0.1167883 0.1167883
0.2627737 0.2554745
0.2056738 0.2907801
0.5757576 0.6363636
0.962963 0.9037037
0.5555556 0.5555556
0.6296296 0.4592593
0.2 0.2285714
0.2137405 0.2290076
0.7022901 0.648855
0.4848485 0.6363636
0.3453237 0.2733813
0.5328467 0.5182482
0.880597 0.7238806
0.1925926 0.1629630
0.9333333 0.9407407
0.3283582 0.2910448
0.3120567 0.3191489
0.2213740 0.1984733
0.3430657 0.5474453
0.9568345 0.9856115
0.3629630 0.3333333
0.6834532 0.6546763
0.1439394 0.2196970
0.3851852 0.3629630
0.962963 0.8962963
0.1925926 0.1629630
0.4964539 0.6170213
0.3283582 0.380597
0.837037 0.6296296
0.3740458 0.4503817
0.1111111 0.1111111
0.1287879 0.1287879
0.5572519 0.7633588
0.5333333 0.4592593
0.6214286 0.5571429
0.3262411 0.4468085
0.1363636 0.1439394
0.3407407 0.3851852
0.4427481 0.3358779
0.7777778 0.5777778
0.2074074 0.1629630
0.1555556 0.1629630
0.5755396 0.4100719
0.3093525 0.294964
0.1167883 0.1386861
0.5454545 0.4318182
0.3664122 0.2748092
0.3740458 0.2290076
0.4028777 0.3381295
0.5298507 0.6119403
0.2302158 0.2158273
