0.4411765 0.4411765
0.2714286 0.2071429
0.3664122 0.4885496
0.6567164 0.4925373
0.1857143 0.1642857
0.2481752 0.2554745
0.1268657 0.1268657
0.2463768 0.2318841
0.5851852 0.6148148
0.1176471 0.1176471
0.8428571 0.7642857
0.1268657 0.1343284
0.3816794 0.3435115
0.4142857 0.5214286
0.1357143 0.1857143
0.2428571 0.2214286
0.2714286 0.1714286
0.8931298 0.9236641
0.648855 0.6183206
0.2671756 0.2977099
0.8432836 0.738806
0.4785714 0.4571429
0.2826087 0.2753623
0.3432836 0.4253731
0.1021898 0.1094891
0.1751825 0.1751825
0.5407407 0.6148148
0.2647059 0.2132353
0.2391304 0.2391304
0.1716418 0.2089552
0.1268657 0.1268657
0.902985 0.8134328
0.3731343 0.3731343
0.4411765 0.4044118
0.9642857 0.9
0.1037037 0.1037037
0.1544118 0.1397059
0.3777778 0.4444444
0.977612 0.9626866
0.884058 0.9492754
0.2642857 0.25
0.1268657 0.1268657
0.5648855 0.4961832
0.673913 0.6884058
0.6928571 0.6
0.6335878 0.610687
0.6470588 0.5294118
0.5970149 0.6940299
0.6571429 0.5285714
0.1865672 0.1641791
0.1194030 0.1194030
0.3358209 0.2910448
0.519084 0.4732824
0.2370370 0.2666667
0.4029851 0.2910448
0.6350365 0.7372263
0.5447761 0.4925373
0.4525547 0.5255474
0.6870229 0.832061
0.1071429 0.1071429
0.3430657 0.3284672
0.2900763 0.2900763
0.5073529 0.5294118
0.129771 0.129771
0.1268657 0.1194030
0.7028986 0.5942029
0.5149254 0.5597015
0.6102941 0.617647
0.2686567 0.3358209
0.757353 0.8382353
0.1145038 0.1145038
0.9781022 0.9489051
0.3455882 0.3382353
0.1111111 0.1185185
0.9104478 0.7835821
0.3478261 0.3405797
0.6044776 0.5149254
0.9552239 0.8731343
0.1925926 0.1629630
0.5820896 0.5597015
0.1594203 0.1449275
0.625 0.5955882
0.1268657 0.1268657
0.648855 0.6183206
0.5285714 0.4928571
0.2481752 0.1751825
0.1037037 0.1037037
0.1240876 0.1751825
0.1791045 0.1791045
0.1791045 0.1791045
0.3065693 0.2919708
0.1785714 0.2214286
0.8059701 0.7238806
0.1194030 0.1194030
0.125 0.1397059
0.4477612 0.3656716
0.2611940 0.2238806
0.2148148 0.2592593
0.2014925 0.1791045
0.1751825 0.1751825
0.5857143 0.5357143
0.2089552 0.1940299
0.5220588 0.5882353
0.4666667 0.4148148
0.4198473 0.3664122
0.2671756 0.2748092
0.3576642 0.2773723
0.1071429 0.1071429
0.8134328 0.902985
0.3185185 0.2666667
0.3555556 0.3185185
0.3407407 0.4148148
0.4776119 0.4179104
0.1641791 0.1567164
0.2357143 0.2071429
0.3043478 0.3695652
0.1376812 0.1304348
0.3432836 0.3283582
0.5895522 0.6044776
0.2835821 0.3283582
0.2313433 0.2164179
0.3656716 0.3656716
0.1985294 0.2352941
0.3676471 0.4044118
0.5671642 0.5373134
0.1642857 0.15
0.7480916 0.7022901
0.7810219 0.7372263
0.8167939 0.778626
0.740458 0.9770992
0.2290076 0.2137405
0.4214286 0.3428571
0.3333333 0.3405797
0.5522388 0.5522388
0.2826087 0.3985507
0.1567164 0.1343284
0.1194030 0.1194030
0.3065693 0.2481752
0.2214286 0.3071429
0.4552239 0.5522388
0.5447761 0.4701493
0.1304348 0.1231884
0.4029851 0.3134328
0.3928571 0.5214286
0.2137405 0.1832061
0.2222222 0.2444444
0.6567164 0.619403
0.6044776 0.7014925
0.9111111 0.8888889
0.2238806 0.3208955
0.4666667 0.4148148
