0.034 0.03 0.032 0.018 0.022 0.024 0.008 0.01 0.014 0.008 0.016
0.252 0.21 0.208 0.198 0.246 0.202 0.246 0.224 0.274 0.214 0.182
0.036 0.03 0.026 0.022 0.02 0.012 0.008 0.006 0.004 0.004 0
0.022 0.026 0.012 0.02 0.004 0.018 0.016 0.014 0.004 0.008 0.014
0.308 0.322 0.294 0.322 0.32 0.32 0.268 0.312 0.322 0.284 0.244
0.014 0.018 0.014 0.006 0.016 0.012 0.006 0.004 0.002 0.002 0.002
0.272 0.28 0.258 0.234 0.236 0.246 0.204 0.17 0.136 0.14 0.116
0.084 0.086 0.102 0.076 0.104 0.09 0.114 0.088 0.126 0.124 0.13
0.136 0.148 0.142 0.11 0.106 0.078 0.038 0.028 0.04 0.036 0.01
0.15 0.11 0.082 0.076 0.07 0.066 0.038 0.034 0.02 0.012 0.006
0.468 0.432 0.408 0.376 0.358 0.33 0.276 0.22 0.202 0.164 0.108
0.09 0.074 0.088 0.082 0.06 0.06 0.062 0.028 0.042 0.04 0.032
0.018 0.008 0.01 0.012 0.008 0.006 0.008 0.008 0.006 0.002 0.006
0.154 0.146 0.162 0.148 0.13 0.122 0.114 0.076 0.066 0.064 0.052
0.276 0.276 0.3 0.286 0.278 0.324 0.3 0.29 0.284 0.302 0.24
0.29 0.31 0.32 0.322 0.384 0.362 0.362 0.368 0.318 0.374 0.32
0.302 0.238 0.194 0.186 0.138 0.114 0.062 0.072 0.044 0.028 0.024
0.096 0.06 0.054 0.054 0.036 0.036 0.032 0.028 0.008 0.006 0.002
0.042 0.02 0.034 0.046 0.02 0.032 0.03 0.02 0.016 0.02 0.014
0.024 0.04 0.03 0.034 0.032 0.03 0.032 0.038 0.052 0.062 0.076
0.192 0.17 0.146 0.118 0.112 0.066 0.054 0.052 0.03 0.028 0.018
0.226 0.184 0.218 0.23 0.202 0.178 0.19 0.178 0.172 0.136 0.096
0.052 0.056 0.062 0.044 0.03 0.018 0.016 0.01 0.006 0.004 0
0.134 0.154 0.134 0.176 0.184 0.19 0.246 0.346 0.29 0.314 0.308
0.514 0.488 0.46 0.474 0.468 0.396 0.33 0.376 0.312 0.252 0.232
0.37 0.406 0.382 0.364 0.376 0.334 0.348 0.294 0.262 0.252 0.212
0.028 0.04 0.026 0.05 0.056 0.076 0.096 0.086 0.1 0.126 0.168
0.074 0.08 0.112 0.076 0.072 0.054 0.058 0.048 0.054 0.064 0.036
0.456 0.432 0.456 0.514 0.512 0.476 0.512 0.59 0.598 0.58 0.564
0.208 0.166 0.132 0.146 0.122 0.118 0.106 0.118 0.104 0.14 0.15
0.188 0.204 0.188 0.226 0.248 0.258 0.288 0.334 0.34 0.362 0.354
0.232 0.218 0.206 0.226 0.178 0.168 0.14 0.118 0.066 0.046 0.026
0.068 0.112 0.088 0.1 0.14 0.136 0.168 0.172 0.154 0.2 0.24
0.262 0.21 0.184 0.164 0.156 0.106 0.094 0.068 0.038 0.034 0.028
0.022 0.03 0.028 0.028 0.024 0.012 0 0.012 0.006 0.004 0.006
0.044 0.052 0.044 0.042 0.046 0.048 0.038 0.022 0.03 0.02 0.014
0.092 0.116 0.136 0.188 0.214 0.252 0.31 0.314 0.384 0.416 0.448
0.174 0.188 0.14 0.166 0.14 0.152 0.146 0.138 0.11 0.08 0.072
0.392 0.372 0.378 0.402 0.384 0.4 0.388 0.36 0.394 0.38 0.324
0.006 0.008 0 0.006 0.01 0.012 0.008 0.004 0.008 0.006 0
0.026 0.02 0.02 0.02 0.016 0.012 0.01 0.01 0.01 0.002 0.006
0.18 0.182 0.168 0.13 0.116 0.086 0.096 0.08 0.082 0.116 0.12
0.044 0.04 0.054 0.044 0.058 0.064 0.072 0.07 0.07 0.064 0.084
0.054 0.04 0.042 0.032 0.022 0.05 0.022 0.014 0.01 0.012 0.014
0.178 0.194 0.266 0.202 0.244 0.274 0.308 0.324 0.302 0.326 0.372
0.086 0.096 0.072 0.064 0.08 0.07 0.08 0.066 0.056 0.032 0.046
0.052 0.058 0.052 0.036 0.04 0.034 0.038 0.034 0.016 0.006 0.004
0.53 0.458 0.478 0.536 0.536 0.51 0.504 0.496 0.504 0.452 0.4
0.006 0.012 0.014 0.016 0.008 0.006 0.002 0.002 0.002 0 0
0.012 0.008 0.006 0.006 0.008 0.004 0.004 0 0 0.004 0
0.028 0.018 0.006 0.016 0.016 0.012 0.022 0.016 0.014 0.032 0.028
0.216 0.196 0.154 0.126 0.142 0.092 0.078 0.06 0.058 0.052 0.036
0.006 0.008 0.016 0.016 0.006 0.002 0.012 0.012 0.018 0.014 0.034
0.172 0.174 0.234 0.21 0.21 0.196 0.286 0.252 0.302 0.28 0.306
0.112 0.134 0.194 0.19 0.238 0.286 0.348 0.358 0.424 0.448 0.522
0.152 0.184 0.156 0.148 0.166 0.184 0.202 0.228 0.194 0.228 0.244
0.074 0.076 0.082 0.064 0.054 0.064 0.068 0.072 0.072 0.072 0.048
0.39 0.39 0.406 0.418 0.368 0.386 0.346 0.348 0.292 0.25 0.282
0.064 0.072 0.084 0.114 0.098 0.176 0.21 0.29 0.326 0.35 0.466
0.022 0.018 0.022 0.03 0.016 0.018 0.01 0.01 0.002 0.006 0
0.126 0.116 0.132 0.12 0.126 0.108 0.09 0.084 0.062 0.046 0.044
0.064 0.094 0.086 0.106 0.076 0.102 0.074 0.06 0.084 0.078 0.078
0.072 0.05 0.046 0.05 0.04 0.03 0.026 0.038 0.02 0.016 0.006
0.086 0.074 0.106 0.118 0.134 0.106 0.126 0.09 0.098 0.086 0.07
0.014 0.008 0.01 0.008 0.004 0 0 0 0 0 0
0.054 0.032 0.028 0.018 0.03 0.034 0.04 0.038 0.052 0.062 0.084
0.062 0.068 0.062 0.072 0.104 0.088 0.122 0.11 0.122 0.112 0.134
0.112 0.112 0.1 0.124 0.126 0.09 0.138 0.118 0.134 0.13 0.156
0.026 0.04 0.038 0.042 0.042 0.038 0.028 0.024 0.022 0.03 0.022
0.472 0.466 0.442 0.384 0.384 0.388 0.33 0.346 0.302 0.252 0.228
0.158 0.164 0.136 0.16 0.108 0.122 0.112 0.108 0.072 0.072 0.066
0.06 0.044 0.06 0.032 0.048 0.036 0.036 0.026 0.012 0.018 0.008
0.01 0.026 0.01 0.016 0.016 0.028 0.008 0.012 0.018 0.04 0.04
0.128 0.116 0.116 0.064 0.088 0.048 0.052 0.04 0.024 0.01 0.006
0.152 0.114 0.116 0.108 0.102 0.048 0.072 0.04 0.028 0.022 0.008
0.094 0.056 0.044 0.034 0.02 0.02 0.028 0.008 0.006 0 0
0.08 0.066 0.07 0.054 0.09 0.06 0.074 0.07 0.074 0.078 0.07
0.102 0.062 0.062 0.054 0.074 0.032 0.05 0.042 0.02 0.008 0.008
0.028 0.014 0.02 0.024 0.018 0.018 0.01 0.008 0.012 0.024 0.016
0.18 0.186 0.174 0.2 0.18 0.22 0.22 0.222 0.254 0.222 0.258
0.224 0.134 0.134 0.094 0.084 0.058 0.068 0.04 0.028 0.016 0.016
0.166 0.172 0.152 0.116 0.108 0.108 0.1 0.074 0.05 0.044 0.032
0.348 0.294 0.28 0.276 0.244 0.23 0.216 0.216 0.202 0.178 0.17
0.212 0.23 0.228 0.232 0.23 0.214 0.218 0.232 0.172 0.16 0.13
0.18 0.208 0.176 0.246 0.234 0.274 0.274 0.308 0.334 0.366 0.312
0.25 0.242 0.224 0.184 0.13 0.152 0.156 0.11 0.096 0.074 0.068
0.056 0.032 0.042 0.036 0.02 0.018 0.018 0.008 0.01 0.002 0.002
0.272 0.25 0.178 0.168 0.164 0.114 0.12 0.112 0.122 0.078 0.084
0.048 0.038 0.042 0.04 0.052 0.058 0.046 0.062 0.034 0.056 0.036
0.5 0.5 0.476 0.45 0.402 0.398 0.348 0.286 0.25 0.214 0.168
0.11 0.116 0.092 0.088 0.05 0.058 0.038 0.014 0.012 0.004 0.006
0.258 0.288 0.27 0.224 0.24 0.172 0.13 0.108 0.098 0.064 0.036
0.064 0.088 0.076 0.07 0.072 0.032 0.046 0.03 0.024 0.024 0.006
0.178 0.154 0.208 0.2 0.194 0.226 0.206 0.248 0.26 0.28 0.336
0.292 0.26 0.246 0.224 0.218 0.202 0.148 0.154 0.118 0.116 0.074
0.056 0.036 0.034 0.018 0.018 0.014 0.018 0.012 0 0.002 0.004
0.148 0.174 0.172 0.178 0.184 0.206 0.254 0.238 0.286 0.256 0.326
0.45 0.406 0.422 0.442 0.408 0.414 0.362 0.318 0.276 0.246 0.212
0.098 0.094 0.052 0.054 0.038 0.034 0.04 0.026 0.016 0.008 0.008
0.09 0.076 0.094 0.064 0.09 0.066 0.07 0.064 0.072 0.066 0.074
0.376 0.35 0.35 0.346 0.326 0.306 0.258 0.21 0.17 0.192 0.168
0.098 0.096 0.07 0.088 0.124 0.156 0.122 0.158 0.184 0.18 0.178
0.1 0.09 0.098 0.084 0.13 0.096 0.086 0.056 0.048 0.066 0.048
0.05 0.068 0.056 0.058 0.064 0.06 0.042 0.044 0.032 0.054 0.02
0.316 0.258 0.252 0.236 0.232 0.192 0.198 0.154 0.156 0.114 0.13
0.006 0.006 0.006 0.002 0 0 0 0 0 0 0
0.01 0.008 0.006 0.006 0.002 0.002 0 0.004 0.002 0 0
0.004 0.004 0.012 0 0 0.006 0 0 0.002 0 0
0.44 0.442 0.302 0.268 0.272 0.256 0.222 0.22 0.186 0.146 0.136
0.06 0.05 0.07 0.104 0.098 0.134 0.16 0.176 0.222 0.234 0.314
0.488 0.528 0.518 0.502 0.584 0.528 0.582 0.592 0.588 0.584 0.552
0.01 0.01 0.012 0 0.008 0 0 0 0.002 0 0
0.202 0.154 0.186 0.2 0.182 0.194 0.228 0.188 0.192 0.188 0.164
0.264 0.218 0.214 0.19 0.144 0.11 0.114 0.088 0.064 0.066 0.036
0.41 0.366 0.366 0.378 0.388 0.336 0.332 0.328 0.308 0.326 0.272
0.098 0.082 0.09 0.084 0.068 0.086 0.084 0.084 0.046 0.05 0.044
0.2 0.17 0.138 0.128 0.116 0.096 0.084 0.08 0.082 0.064 0.078
0.316 0.286 0.222 0.23 0.186 0.214 0.188 0.164 0.144 0.136 0.138
0.056 0.056 0.064 0.05 0.05 0.05 0.044 0.052 0.04 0.034 0.02
0.476 0.388 0.422 0.384 0.366 0.364 0.324 0.324 0.356 0.27 0.248
0.026 0.034 0.036 0.022 0.026 0.024 0.024 0.016 0.012 0.01 0.008
0.166 0.148 0.198 0.198 0.186 0.186 0.228 0.188 0.206 0.244 0.22
0.022 0.04 0.038 0.02 0.038 0.026 0.048 0.054 0.066 0.074 0.062
0.046 0.052 0.026 0.034 0.02 0.018 0.042 0.018 0.01 0.014 0.01
0 0.002 0.004 0 0 0.002 0.004 0.002 0.002 0.002 0.006
0.34 0.322 0.294 0.29 0.264 0.268 0.26 0.21 0.19 0.204 0.15
0.048 0.016 0.012 0.012 0.004 0.008 0.006 0.004 0.004 0 0.002
0.056 0.034 0.03 0.02 0.016 0.004 0.004 0.008 0.004 0 0
0.01 0.01 0.012 0.006 0.014 0.01 0.01 0.006 0.014 0.012 0.012
0.036 0.054 0.076 0.07 0.084 0.088 0.11 0.102 0.138 0.186 0.214
0.09 0.05 0.028 0.036 0.026 0.008 0.002 0.01 0.004 0.006 0
0.202 0.206 0.262 0.236 0.25 0.262 0.298 0.376 0.336 0.372 0.372
0.104 0.082 0.066 0.046 0.036 0.012 0.01 0.016 0.004 0.008 0.004
0.01 0.024 0.006 0.018 0.012 0.014 0.012 0.006 0.002 0.006 0.008
0.056 0.044 0.038 0.034 0.038 0.032 0.028 0.036 0.036 0.044 0.03
