0.022 0.014 0.014 0.004 0.006 0.008 0.008 0.004 0.01 0 0.002
0.144 0.122 0.144 0.136 0.142 0.128 0.118 0.114 0.102 0.07 0.064
0.032 0.026 0.03 0.034 0.024 0.008 0.012 0.006 0.006 0.002 0.004
0.074 0.056 0.07 0.036 0.038 0.048 0.036 0.014 0.02 0.024 0.014
0.23 0.234 0.258 0.23 0.296 0.236 0.26 0.268 0.254 0.244 0.22
0.004 0 0.002 0.002 0 0.002 0.002 0.002 0.002 0 0
0.188 0.162 0.122 0.146 0.138 0.108 0.094 0.104 0.072 0.078 0.052
0.116 0.102 0.104 0.146 0.13 0.102 0.158 0.126 0.11 0.106 0.104
0.186 0.156 0.14 0.134 0.094 0.06 0.074 0.044 0.032 0.01 0.01
0.142 0.114 0.106 0.114 0.062 0.08 0.062 0.044 0.034 0.016 0.04
0.31 0.316 0.338 0.35 0.348 0.328 0.28 0.258 0.2 0.15 0.104
0.03 0.046 0.044 0.06 0.056 0.066 0.106 0.094 0.116 0.134 0.124
0.012 0.008 0.002 0.01 0.004 0.004 0.008 0.01 0.008 0.004 0.012
0.044 0.046 0.036 0.038 0.052 0.024 0.026 0.032 0.014 0.016 0.016
0.212 0.2 0.214 0.198 0.174 0.18 0.182 0.164 0.172 0.166 0.166
0.16 0.186 0.208 0.204 0.182 0.224 0.226 0.216 0.242 0.216 0.214
0.1 0.124 0.084 0.054 0.086 0.064 0.054 0.032 0.034 0.018 0.02
0.124 0.136 0.108 0.092 0.062 0.068 0.048 0.02 0.022 0.02 0.01
0.024 0.032 0.026 0.02 0.028 0.022 0.02 0.024 0.022 0.02 0.018
0.006 0.01 0.012 0.02 0.01 0.016 0.01 0.012 0.004 0.012 0.016
0.248 0.234 0.272 0.226 0.18 0.162 0.116 0.086 0.066 0.054 0.028
0.114 0.132 0.128 0.122 0.148 0.122 0.128 0.132 0.1 0.102 0.092
0.064 0.062 0.024 0.022 0.028 0.012 0.012 0.006 0 0.002 0
0.246 0.226 0.244 0.234 0.186 0.182 0.176 0.104 0.15 0.12 0.09
0.246 0.244 0.296 0.298 0.332 0.336 0.352 0.346 0.362 0.312 0.312
0.258 0.252 0.24 0.244 0.238 0.154 0.14 0.138 0.086 0.058 0.04
0.014 0.012 0.01 0.02 0.014 0.018 0.04 0.048 0.078 0.088 0.092
0.054 0.068 0.048 0.068 0.054 0.044 0.056 0.026 0.042 0.028 0.02
0.388 0.402 0.406 0.408 0.476 0.464 0.514 0.508 0.598 0.582 0.594
0.084 0.112 0.102 0.086 0.102 0.086 0.098 0.086 0.112 0.114 0.13
0.298 0.294 0.316 0.352 0.306 0.33 0.372 0.34 0.352 0.32 0.31
0.05 0.068 0.092 0.09 0.086 0.154 0.194 0.196 0.288 0.302 0.356
0.026 0.024 0.016 0.008 0.014 0.01 0.004 0.004 0.006 0.004 0.002
0.138 0.12 0.112 0.062 0.068 0.026 0.03 0.024 0.02 0.012 0.004
0.3 0.248 0.168 0.142 0.11 0.078 0.072 0.028 0.032 0.022 0.008
0.086 0.124 0.176 0.204 0.284 0.338 0.37 0.464 0.498 0.544 0.544
0.28 0.264 0.298 0.336 0.36 0.336 0.344 0.34 0.334 0.32 0.334
0.328 0.304 0.292 0.284 0.278 0.272 0.244 0.252 0.232 0.2 0.2
0.004 0.004 0.004 0.018 0.008 0.004 0.008 0.008 0.006 0.01 0.006
0.024 0.034 0.018 0.032 0.014 0.018 0.006 0.006 0.008 0.004 0.002
0.124 0.086 0.098 0.116 0.106 0.114 0.078 0.11 0.118 0.114 0.128
0.014 0.018 0.014 0.018 0.016 0.01 0.024 0.03 0.022 0.038 0.026
0.198 0.178 0.192 0.148 0.154 0.14 0.132 0.124 0.092 0.07 0.076
0.032 0.032 0.016 0.032 0.018 0.012 0.014 0.02 0.004 0.006 0
0.124 0.178 0.162 0.184 0.2 0.21 0.218 0.248 0.28 0.288 0.326
0.048 0.056 0.046 0.032 0.054 0.034 0.028 0.018 0.026 0.014 0.006
0.066 0.062 0.03 0.044 0.036 0.032 0.05 0.026 0.014 0.008 0.008
0.252 0.31 0.292 0.296 0.278 0.268 0.286 0.262 0.292 0.268 0.246
0.004 0.006 0.002 0.004 0.004 0.004 0.002 0.002 0.002 0 0
0.01 0.014 0.014 0.008 0.006 0.008 0.006 0.004 0 0 0
0.014 0.012 0.006 0.004 0.006 0.01 0.002 0.004 0.004 0.004 0
0.19 0.216 0.214 0.18 0.17 0.134 0.104 0.082 0.044 0.044 0.038
0.006 0.006 0 0 0.002 0.002 0.006 0.004 0.002 0.01 0.002
0.2 0.21 0.294 0.33 0.35 0.422 0.436 0.418 0.466 0.492 0.55
0.128 0.11 0.128 0.112 0.142 0.188 0.194 0.228 0.276 0.258 0.286
0.072 0.09 0.08 0.066 0.04 0.054 0.066 0.064 0.058 0.096 0.102
0.034 0.036 0.04 0.032 0.034 0.034 0.02 0.022 0.04 0.032 0.042
0.366 0.408 0.416 0.37 0.394 0.41 0.35 0.326 0.338 0.254 0.262
0.098 0.076 0.084 0.104 0.124 0.116 0.15 0.162 0.206 0.196 0.226
0.018 0.014 0.01 0.01 0.006 0.004 0.002 0.008 0.008 0.006 0.008
0.106 0.104 0.076 0.094 0.078 0.062 0.058 0.038 0.03 0.036 0.034
0.09 0.072 0.094 0.066 0.082 0.076 0.054 0.052 0.014 0.032 0.026
0.058 0.032 0.034 0.032 0.022 0.028 0.012 0.002 0.004 0.002 0.002
0.31 0.296 0.284 0.268 0.242 0.242 0.218 0.166 0.122 0.11 0.086
0.016 0.01 0.008 0.008 0.004 0.004 0.002 0.002 0.002 0 0.002
0.038 0.044 0.034 0.048 0.044 0.032 0.022 0.044 0.034 0.074 0.05
0.09 0.074 0.08 0.082 0.088 0.078 0.096 0.118 0.116 0.14 0.15
0.214 0.194 0.15 0.13 0.132 0.114 0.124 0.082 0.07 0.084 0.06
0.046 0.044 0.056 0.04 0.056 0.064 0.056 0.1 0.09 0.08 0.11
0.01 0.012 0.008 0.016 0.004 0.012 0.014 0.008 0.004 0.006 0
0.262 0.252 0.254 0.216 0.194 0.17 0.168 0.192 0.196 0.192 0.142
0.21 0.214 0.164 0.15 0.128 0.102 0.12 0.092 0.102 0.064 0.06
0.024 0.02 0.02 0.034 0.012 0.01 0.014 0.002 0.004 0.002 0
0.016 0.022 0.016 0.006 0.01 0.008 0.014 0.012 0.002 0.004 0.004
0.094 0.078 0.046 0.048 0.022 0.02 0.008 0.004 0 0.006 0
0.148 0.166 0.148 0.094 0.092 0.042 0.04 0.028 0.028 0.006 0.008
0.124 0.06 0.05 0.026 0.014 0.014 0.002 0 0.008 0 0
0.352 0.292 0.244 0.23 0.216 0.168 0.136 0.106 0.076 0.068 0.044
0.056 0.042 0.048 0.058 0.072 0.052 0.058 0.044 0.042 0.03 0.026
0.084 0.072 0.08 0.05 0.066 0.038 0.034 0.026 0.024 0.01 0.008
0.032 0.022 0.014 0.018 0.024 0.01 0.02 0.014 0.018 0.02 0.018
0.248 0.218 0.176 0.176 0.168 0.16 0.144 0.148 0.114 0.114 0.074
0.142 0.162 0.098 0.102 0.074 0.07 0.046 0.03 0.02 0.01 0.014
0.052 0.054 0.04 0.048 0.044 0.066 0.056 0.04 0.052 0.036 0.048
0.706 0.672 0.608 0.642 0.63 0.6 0.586 0.546 0.478 0.426 0.412
0.286 0.34 0.316 0.404 0.43 0.506 0.568 0.592 0.584 0.624 0.66
0.328 0.332 0.346 0.372 0.426 0.426 0.52 0.518 0.54 0.516 0.522
0.31 0.298 0.312 0.252 0.264 0.252 0.23 0.236 0.2 0.226 0.228
0.006 0.008 0.004 0.002 0.006 0 0.002 0 0 0 0
0.26 0.222 0.208 0.168 0.122 0.09 0.084 0.082 0.058 0.022 0.032
0.04 0.026 0.028 0.038 0.028 0.034 0.02 0.028 0.028 0.036 0.022
0.482 0.418 0.412 0.432 0.342 0.278 0.22 0.178 0.146 0.14 0.088
0.172 0.152 0.116 0.098 0.084 0.072 0.038 0.038 0.022 0.012 0.004
0.23 0.202 0.188 0.12 0.098 0.098 0.062 0.06 0.038 0.028 0.018
0.082 0.072 0.084 0.106 0.068 0.07 0.062 0.032 0.012 0.022 0.008
0.15 0.158 0.146 0.168 0.154 0.156 0.184 0.152 0.176 0.178 0.186
0.16 0.188 0.18 0.176 0.142 0.118 0.098 0.08 0.1 0.048 0.03
0.048 0.06 0.048 0.038 0.02 0.022 0.012 0.014 0.004 0.004 0.002
0.138 0.13 0.104 0.114 0.096 0.102 0.078 0.078 0.092 0.088 0.074
0.308 0.302 0.286 0.306 0.312 0.314 0.394 0.312 0.376 0.324 0.37
0.282 0.298 0.344 0.294 0.288 0.248 0.204 0.15 0.174 0.094 0.094
0.12 0.092 0.086 0.094 0.104 0.088 0.072 0.046 0.08 0.066 0.088
0.346 0.31 0.32 0.32 0.308 0.272 0.244 0.23 0.2 0.158 0.132
0.084 0.078 0.102 0.102 0.15 0.126 0.15 0.162 0.17 0.188 0.144
0.036 0.044 0.034 0.046 0.046 0.056 0.046 0.02 0.04 0.042 0.04
0.032 0.028 0.022 0.02 0.022 0.026 0.012 0.02 0.01 0.004 0
0.272 0.3 0.284 0.222 0.206 0.134 0.134 0.092 0.086 0.056 0.052
0.012 0.004 0.004 0.002 0.002 0.004 0.004 0.002 0 0.002 0
0.02 0.012 0.01 0.008 0.01 0.004 0 0 0 0.002 0
0.002 0.008 0.004 0.004 0.004 0.002 0 0.002 0 0 0
0.382 0.376 0.326 0.314 0.266 0.238 0.182 0.172 0.146 0.118 0.142
0.106 0.102 0.122 0.108 0.112 0.164 0.158 0.2 0.236 0.236 0.266
0.312 0.25 0.256 0.222 0.262 0.246 0.226 0.256 0.258 0.274 0.224
0.016 0.014 0.014 0.012 0.008 0.006 0.006 0 0 0 0.002
0.186 0.182 0.232 0.244 0.274 0.244 0.244 0.252 0.232 0.278 0.26
0.192 0.148 0.144 0.15 0.144 0.094 0.046 0.062 0.036 0.05 0.044
0.29 0.224 0.22 0.192 0.204 0.178 0.146 0.144 0.138 0.164 0.114
0.202 0.156 0.168 0.164 0.172 0.148 0.118 0.126 0.118 0.066 0.042
0.336 0.274 0.218 0.228 0.174 0.15 0.178 0.168 0.134 0.142 0.14
0.286 0.278 0.262 0.23 0.222 0.232 0.184 0.166 0.15 0.134 0.132
0.054 0.06 0.08 0.04 0.08 0.07 0.068 0.038 0.064 0.064 0.06
0.41 0.456 0.412 0.43 0.384 0.406 0.328 0.31 0.336 0.26 0.246
0.024 0.02 0.016 0.014 0.014 0.02 0.022 0.008 0.008 0.004 0.004
0.13 0.168 0.182 0.22 0.224 0.282 0.316 0.346 0.386 0.418 0.428
0.002 0 0.004 0 0.004 0 0.006 0.006 0.008 0.008 0.008
0.042 0.036 0.026 0.022 0.026 0.016 0.01 0.01 0.004 0.004 0.004
0.006 0.002 0.018 0.01 0.004 0.006 0.014 0.012 0.01 0.004 0.01
0.242 0.268 0.274 0.298 0.286 0.268 0.356 0.36 0.326 0.346 0.36
0.032 0.02 0.024 0.01 0.006 0.008 0.004 0.004 0.004 0 0
0.014 0.002 0.024 0.02 0.022 0.014 0.02 0.024 0.008 0.006 0.02
0.082 0.074 0.114 0.088 0.128 0.146 0.158 0.178 0.198 0.252 0.296
0.004 0.006 0.004 0 0.002 0 0 0.002 0.002 0 0
0.286 0.316 0.306 0.326 0.344 0.382 0.38 0.388 0.442 0.428 0.426
0.072 0.06 0.032 0.048 0.024 0.016 0.024 0.014 0.006 0.008 0
0.016 0.03 0.03 0.034 0.052 0.024 0.01 0.008 0.01 0.014 0.014
0.068 0.05 0.052 0.042 0.046 0.058 0.052 0.052 0.054 0.032 0.022
