0.042 0.028 0.022 0.04 0.024 0.026 0.012 0.018 0.008 0.008 0.004
0.182 0.17 0.176 0.178 0.196 0.22 0.182 0.184 0.214 0.202 0.218
0.012 0.01 0.01 0.002 0.014 0.01 0.002 0 0 0 0.002
0.028 0.028 0.012 0.028 0.022 0.032 0.016 0.018 0.012 0.004 0.01
0.234 0.222 0.198 0.202 0.212 0.176 0.242 0.216 0.202 0.224 0.202
0.01 0.012 0.004 0.008 0.008 0.008 0.002 0.006 0.006 0.002 0.002
0.198 0.186 0.198 0.176 0.136 0.112 0.094 0.076 0.078 0.054 0.044
0.07 0.062 0.082 0.074 0.086 0.08 0.076 0.096 0.112 0.104 0.116
0.216 0.138 0.17 0.15 0.11 0.076 0.052 0.046 0.034 0.018 0.014
0.098 0.096 0.076 0.094 0.07 0.064 0.03 0.026 0.016 0.008 0.008
0.47 0.418 0.384 0.392 0.358 0.272 0.25 0.228 0.178 0.126 0.116
0.062 0.072 0.042 0.032 0.034 0.028 0.016 0.004 0.018 0 0.004
0.008 0.01 0.008 0.014 0.008 0.002 0.006 0.018 0.01 0.004 0.006
0.106 0.14 0.146 0.114 0.12 0.138 0.104 0.092 0.088 0.072 0.046
0.23 0.2 0.258 0.186 0.192 0.224 0.178 0.184 0.192 0.182 0.142
0.22 0.252 0.252 0.294 0.31 0.352 0.378 0.376 0.36 0.342 0.356
0.382 0.342 0.262 0.208 0.172 0.128 0.09 0.088 0.042 0.026 0.026
0.036 0.04 0.018 0.04 0.032 0.016 0.01 0.004 0.002 0.004 0.006
0.028 0.026 0.03 0.024 0.03 0.018 0.028 0.028 0.026 0.032 0.03
0.024 0.034 0.022 0.054 0.04 0.048 0.034 0.048 0.054 0.062 0.058
0.222 0.204 0.202 0.194 0.158 0.126 0.122 0.082 0.11 0.052 0.056
0.138 0.15 0.116 0.144 0.122 0.098 0.128 0.124 0.128 0.09 0.102
0.05 0.044 0.058 0.022 0.038 0.016 0.01 0.004 0.004 0.002 0.002
0.166 0.19 0.176 0.198 0.226 0.244 0.272 0.284 0.3 0.334 0.348
0.456 0.454 0.438 0.434 0.39 0.392 0.334 0.344 0.266 0.212 0.2
0.342 0.34 0.308 0.314 0.316 0.276 0.302 0.244 0.22 0.186 0.138
0.044 0.04 0.054 0.086 0.06 0.072 0.084 0.118 0.172 0.18 0.186
0.054 0.054 0.078 0.038 0.052 0.038 0.036 0.022 0.032 0.038 0.03
0.472 0.462 0.484 0.478 0.47 0.536 0.544 0.522 0.558 0.548 0.616
0.182 0.186 0.158 0.144 0.146 0.14 0.13 0.178 0.178 0.18 0.2
0.174 0.17 0.204 0.208 0.202 0.244 0.246 0.262 0.266 0.32 0.31
0.276 0.272 0.298 0.236 0.212 0.194 0.146 0.134 0.098 0.078 0.058
0.05 0.074 0.09 0.114 0.134 0.136 0.152 0.194 0.248 0.268 0.28
0.052 0.052 0.048 0.056 0.038 0.046 0.03 0.026 0.012 0.01 0.016
0.04 0.038 0.026 0.026 0.02 0.01 0.01 0.01 0.012 0.014 0.01
0.144 0.104 0.126 0.116 0.1 0.07 0.06 0.04 0.05 0.026 0.026
0.14 0.19 0.158 0.204 0.302 0.296 0.37 0.424 0.476 0.508 0.484
0.218 0.266 0.254 0.262 0.22 0.256 0.212 0.186 0.164 0.162 0.17
0.452 0.404 0.454 0.398 0.406 0.402 0.35 0.386 0.394 0.374 0.346
0.04 0.028 0.02 0.022 0.01 0.024 0.018 0.022 0.016 0.012 0.016
0.032 0.028 0.016 0.02 0.018 0.024 0.014 0.018 0.008 0.004 0.006
0.254 0.246 0.198 0.162 0.156 0.14 0.144 0.152 0.146 0.202 0.218
0.058 0.066 0.064 0.072 0.068 0.052 0.06 0.066 0.082 0.09 0.11
0.032 0.022 0.02 0.024 0.026 0.016 0.018 0.006 0.012 0.004 0.008
0.18 0.21 0.22 0.26 0.258 0.276 0.26 0.276 0.344 0.378 0.386
0.056 0.06 0.05 0.052 0.048 0.048 0.034 0.036 0.034 0.024 0.018
0.022 0.014 0.022 0.014 0.016 0.006 0.012 0.01 0.006 0.008 0.004
0.272 0.31 0.352 0.33 0.346 0.374 0.368 0.386 0.358 0.332 0.332
0.014 0.012 0.014 0.016 0.01 0.002 0.008 0.002 0.004 0 0
0 0.008 0.002 0.004 0 0.002 0.002 0.004 0 0 0
0.02 0.014 0.014 0.036 0.018 0.028 0.022 0.022 0.012 0.028 0.022
0.26 0.228 0.164 0.166 0.13 0.136 0.102 0.076 0.102 0.064 0.038
0.008 0.01 0.002 0.018 0.004 0.012 0.006 0.014 0.008 0.01 0.014
0.26 0.23 0.224 0.218 0.238 0.254 0.248 0.196 0.224 0.266 0.256
0.072 0.064 0.106 0.106 0.102 0.136 0.142 0.15 0.168 0.202 0.244
0.09 0.084 0.114 0.118 0.1 0.084 0.088 0.068 0.088 0.086 0.106
0.106 0.078 0.082 0.078 0.078 0.072 0.094 0.078 0.072 0.042 0.048
0.472 0.426 0.412 0.386 0.472 0.412 0.368 0.354 0.288 0.288 0.222
0.08 0.096 0.086 0.146 0.15 0.19 0.21 0.262 0.29 0.352 0.352
0.044 0.028 0.038 0.042 0.038 0.028 0.024 0.016 0.01 0.01 0.008
0.13 0.154 0.134 0.122 0.114 0.128 0.098 0.092 0.072 0.054 0.052
0.086 0.076 0.078 0.062 0.062 0.09 0.066 0.062 0.068 0.068 0.088
0.01 0.01 0.012 0.016 0.012 0.012 0.006 0.004 0.004 0.002 0.004
0.236 0.286 0.23 0.23 0.222 0.226 0.232 0.204 0.162 0.132 0.082
0.008 0.004 0.002 0.006 0 0.002 0.004 0.002 0 0.002 0
0.018 0.014 0.032 0.012 0.036 0.026 0.038 0.03 0.06 0.046 0.074
0.058 0.074 0.078 0.108 0.084 0.098 0.086 0.102 0.102 0.102 0.114
0.11 0.064 0.114 0.084 0.122 0.086 0.072 0.096 0.094 0.088 0.086
0.016 0 0.008 0 0.01 0.008 0.01 0.006 0.002 0 0.01
0.49 0.444 0.406 0.402 0.39 0.312 0.314 0.29 0.22 0.178 0.184
0.184 0.176 0.138 0.132 0.146 0.116 0.092 0.064 0.068 0.052 0.036
0.04 0.042 0.028 0.036 0.024 0.012 0.01 0.008 0.004 0.004 0.004
0.024 0.022 0.014 0.026 0.012 0.016 0.022 0.036 0.028 0.038 0.036
0.11 0.056 0.072 0.044 0.036 0.034 0.028 0.02 0.018 0.008 0.004
0.15 0.134 0.106 0.11 0.08 0.078 0.048 0.036 0.026 0.022 0.014
0.014 0.006 0.004 0.006 0.008 0.006 0.01 0.004 0.002 0 0
0.046 0.054 0.05 0.06 0.084 0.054 0.056 0.068 0.058 0.054 0.058
0.052 0.044 0.05 0.046 0.026 0.036 0.02 0.018 0.008 0.004 0.01
0.016 0.036 0.026 0.022 0.018 0.012 0.02 0.012 0.016 0.01 0.006
0.272 0.274 0.216 0.228 0.248 0.26 0.244 0.268 0.254 0.244 0.254
0.228 0.138 0.144 0.138 0.102 0.082 0.088 0.032 0.028 0.02 0.018
0.114 0.102 0.096 0.102 0.104 0.072 0.054 0.062 0.05 0.03 0.036
0.626 0.54 0.556 0.502 0.49 0.448 0.454 0.398 0.37 0.38 0.366
0.278 0.326 0.37 0.364 0.458 0.422 0.508 0.538 0.478 0.554 0.54
0.168 0.156 0.182 0.146 0.216 0.236 0.254 0.276 0.316 0.306 0.288
0.142 0.162 0.162 0.154 0.118 0.132 0.122 0.074 0.094 0.062 0.042
0.056 0.052 0.076 0.038 0.026 0.038 0.02 0.016 0.012 0.004 0.004
0.252 0.232 0.232 0.19 0.174 0.168 0.128 0.1 0.09 0.08 0.05
0.042 0.034 0.028 0.04 0.034 0.036 0.028 0.026 0.016 0.028 0.034
0.47 0.414 0.434 0.42 0.384 0.352 0.294 0.278 0.228 0.156 0.128
0.126 0.128 0.104 0.088 0.068 0.064 0.048 0.024 0.018 0.006 0.006
0.292 0.274 0.268 0.258 0.21 0.178 0.138 0.128 0.072 0.068 0.036
0.102 0.118 0.1 0.086 0.1 0.06 0.06 0.052 0.03 0.024 0.008
0.228 0.18 0.212 0.212 0.236 0.232 0.254 0.238 0.27 0.312 0.318
0.272 0.276 0.244 0.29 0.212 0.258 0.212 0.172 0.134 0.118 0.068
0.038 0.042 0.038 0.026 0.024 0.006 0.004 0.006 0.006 0.006 0.004
0.108 0.146 0.162 0.132 0.138 0.142 0.126 0.144 0.154 0.164 0.168
0.39 0.36 0.41 0.354 0.348 0.298 0.296 0.274 0.214 0.196 0.148
0.116 0.082 0.06 0.048 0.032 0.028 0.036 0.006 0.018 0.026 0.01
0.07 0.056 0.05 0.04 0.058 0.03 0.022 0.03 0.026 0.042 0.054
0.366 0.352 0.326 0.36 0.316 0.29 0.27 0.268 0.32 0.284 0.256
0.084 0.092 0.062 0.09 0.084 0.12 0.138 0.146 0.126 0.168 0.162
0.078 0.078 0.098 0.078 0.07 0.04 0.052 0.056 0.048 0.032 0.038
0.038 0.05 0.046 0.044 0.048 0.04 0.032 0.026 0.026 0.032 0.026
0.346 0.29 0.254 0.246 0.186 0.176 0.136 0.114 0.102 0.08 0.078
0.012 0.012 0.008 0.002 0.004 0 0 0 0.002 0 0
0.002 0 0 0 0 0.002 0 0 0 0 0
0.008 0.006 0.004 0.002 0.002 0 0.002 0 0 0 0
0.446 0.476 0.378 0.328 0.326 0.33 0.286 0.222 0.23 0.2 0.154
0.112 0.096 0.124 0.134 0.166 0.168 0.184 0.21 0.232 0.258 0.246
0.434 0.446 0.454 0.512 0.538 0.528 0.54 0.58 0.588 0.564 0.538
0 0 0 0 0 0 0 0 0 0 0
0.308 0.336 0.35 0.376 0.41 0.458 0.436 0.352 0.394 0.38 0.416
0.208 0.174 0.148 0.144 0.126 0.094 0.066 0.05 0.028 0.036 0.016
0.376 0.39 0.342 0.32 0.362 0.336 0.364 0.372 0.346 0.308 0.316
0.15 0.14 0.14 0.124 0.154 0.124 0.09 0.074 0.082 0.044 0.04
0.294 0.22 0.182 0.172 0.15 0.114 0.092 0.084 0.084 0.06 0.068
0.25 0.22 0.212 0.18 0.188 0.19 0.16 0.122 0.126 0.12 0.102
0.074 0.05 0.05 0.06 0.06 0.046 0.044 0.048 0.044 0.036 0.028
0.448 0.422 0.416 0.4 0.402 0.4 0.398 0.362 0.344 0.298 0.342
0.02 0.024 0.038 0.024 0.018 0.01 0.01 0.014 0.008 0.004 0.004
0.176 0.202 0.194 0.2 0.202 0.208 0.208 0.206 0.196 0.21 0.252
0.026 0.03 0.038 0.028 0.036 0.052 0.036 0.062 0.066 0.098 0.102
0.06 0.02 0.032 0.04 0.034 0.028 0.026 0.018 0.022 0.01 0.016
0 0.002 0.002 0.002 0 0.002 0.002 0 0.002 0.002 0.004
0.348 0.312 0.318 0.354 0.29 0.27 0.236 0.246 0.25 0.234 0.174
0.042 0.034 0.028 0.03 0.014 0.012 0.006 0.008 0.002 0.002 0
0.036 0.038 0.026 0.014 0.01 0.006 0.01 0.01 0.012 0.002 0
0.006 0.004 0.004 0.004 0.004 0 0.004 0.002 0.006 0.002 0.006
0.056 0.05 0.066 0.05 0.07 0.098 0.128 0.148 0.19 0.2 0.226
0.136 0.07 0.06 0.05 0.034 0.014 0.02 0.008 0.004 0.002 0
0.15 0.198 0.208 0.242 0.26 0.25 0.278 0.334 0.318 0.316 0.412
0.05 0.056 0.044 0.048 0.026 0.026 0.012 0.012 0.012 0.008 0.004
0.022 0.022 0.012 0.014 0.006 0.022 0.008 0.012 0.01 0.01 0.006
0.092 0.07 0.05 0.058 0.046 0.032 0.056 0.036 0.032 0.028 0.026
