0.022 0.012 0.032 0.018 0.016 0.016 0.016 0.01 0.002 0.004 0.01
0.14 0.118 0.146 0.176 0.136 0.202 0.2 0.174 0.166 0.188 0.212
0.06 0.032 0.034 0.036 0.026 0.02 0.024 0.006 0.012 0.006 0.006
0.026 0.018 0.014 0.018 0.018 0.014 0.022 0.016 0.022 0.004 0.014
0.332 0.376 0.31 0.326 0.318 0.324 0.278 0.284 0.272 0.246 0.208
0.012 0.008 0.008 0.006 0.006 0.002 0.002 0 0.002 0 0
0.272 0.286 0.222 0.232 0.224 0.15 0.172 0.136 0.11 0.1 0.096
0.074 0.07 0.066 0.086 0.104 0.086 0.09 0.1 0.12 0.102 0.15
0.212 0.232 0.154 0.146 0.114 0.084 0.078 0.05 0.018 0.038 0.03
0.118 0.1 0.098 0.08 0.064 0.03 0.04 0.042 0.02 0.01 0.014
0.294 0.266 0.252 0.22 0.154 0.174 0.108 0.092 0.066 0.046 0.042
0.098 0.062 0.086 0.08 0.05 0.042 0.032 0.02 0.02 0.01 0.008
0.006 0.012 0.006 0.01 0.002 0.002 0.004 0.008 0.002 0.01 0.006
0.15 0.098 0.13 0.116 0.122 0.136 0.074 0.09 0.048 0.048 0.032
0.162 0.162 0.142 0.168 0.118 0.11 0.098 0.098 0.082 0.062 0.052
0.294 0.334 0.31 0.366 0.39 0.386 0.426 0.408 0.374 0.364 0.31
0.302 0.206 0.202 0.178 0.102 0.078 0.066 0.074 0.034 0.026 0.024
0.084 0.104 0.092 0.086 0.06 0.048 0.03 0.016 0.022 0.01 0.006
0.046 0.042 0.066 0.056 0.05 0.044 0.046 0.036 0.044 0.034 0.018
0.058 0.046 0.034 0.04 0.038 0.054 0.06 0.074 0.086 0.08 0.112
0.274 0.262 0.242 0.218 0.232 0.184 0.118 0.114 0.068 0.08 0.056
0.146 0.112 0.118 0.148 0.122 0.132 0.124 0.142 0.122 0.094 0.08
0.036 0.038 0.03 0.016 0.022 0.016 0.008 0.006 0.006 0 0
0.102 0.106 0.15 0.118 0.16 0.204 0.154 0.172 0.154 0.142 0.106
0.546 0.504 0.454 0.42 0.364 0.306 0.32 0.238 0.248 0.21 0.158
0.398 0.384 0.378 0.35 0.338 0.316 0.336 0.288 0.236 0.214 0.182
0.032 0.038 0.054 0.08 0.068 0.098 0.114 0.13 0.166 0.186 0.204
0.06 0.062 0.062 0.068 0.056 0.07 0.048 0.05 0.06 0.048 0.066
0.48 0.482 0.462 0.474 0.466 0.47 0.56 0.534 0.55 0.592 0.554
0.206 0.208 0.194 0.168 0.176 0.122 0.128 0.16 0.188 0.176 0.176
0.23 0.236 0.24 0.232 0.212 0.292 0.326 0.336 0.366 0.354 0.398
0.324 0.33 0.3 0.236 0.228 0.21 0.17 0.134 0.108 0.07 0.042
0.066 0.076 0.076 0.114 0.144 0.2 0.184 0.21 0.266 0.29 0.298
0.248 0.252 0.226 0.206 0.176 0.158 0.106 0.106 0.066 0.056 0.042
0.056 0.052 0.06 0.046 0.038 0.03 0.024 0.014 0.016 0.02 0.022
0.034 0.042 0.036 0.036 0.022 0.024 0.022 0.024 0.012 0.012 0.008
0.104 0.114 0.172 0.178 0.274 0.32 0.332 0.364 0.394 0.462 0.452
0.166 0.182 0.216 0.2 0.202 0.18 0.166 0.156 0.122 0.11 0.102
0.396 0.358 0.344 0.348 0.392 0.322 0.336 0.33 0.35 0.338 0.312
0.028 0.026 0.012 0.024 0.026 0.014 0.014 0.022 0.008 0.016 0.008
0.038 0.034 0.024 0.032 0.034 0.022 0.016 0.014 0.004 0.002 0.01
0.172 0.166 0.166 0.168 0.14 0.15 0.158 0.12 0.194 0.188 0.178
0.068 0.048 0.058 0.074 0.056 0.062 0.078 0.074 0.078 0.094 0.092
0.048 0.044 0.046 0.048 0.03 0.03 0.02 0.018 0.032 0.018 0.026
0.166 0.212 0.216 0.252 0.27 0.266 0.268 0.262 0.346 0.31 0.352
0.088 0.084 0.086 0.072 0.044 0.05 0.032 0.018 0.03 0.018 0.012
0.03 0.034 0.018 0.022 0.032 0.026 0.028 0.028 0.016 0.012 0.006
0.322 0.3 0.308 0.344 0.38 0.372 0.402 0.37 0.338 0.322 0.314
0.014 0.018 0.014 0.006 0.002 0.004 0 0.006 0.002 0.006 0.002
0.006 0.006 0.014 0.002 0.002 0.006 0 0.004 0 0 0
0.054 0.052 0.032 0.038 0.038 0.026 0.024 0.024 0.032 0.034 0.026
0.26 0.208 0.19 0.174 0.134 0.116 0.094 0.08 0.066 0.046 0.04
0.012 0.01 0.012 0.01 0.012 0.004 0.006 0.008 0.01 0.016 0.024
0.204 0.206 0.192 0.228 0.24 0.296 0.258 0.296 0.31 0.312 0.332
0.136 0.136 0.142 0.186 0.184 0.274 0.332 0.376 0.414 0.418 0.49
0.106 0.098 0.094 0.1 0.1 0.092 0.094 0.114 0.114 0.124 0.126
0.038 0.04 0.052 0.044 0.056 0.036 0.034 0.024 0.022 0.044 0.066
0.38 0.424 0.39 0.402 0.408 0.36 0.352 0.328 0.32 0.288 0.226
0.078 0.084 0.12 0.116 0.134 0.168 0.19 0.234 0.298 0.3 0.35
0.042 0.036 0.026 0.034 0.024 0.014 0.018 0.008 0.002 0.002 0.01
0.082 0.09 0.08 0.08 0.06 0.056 0.062 0.056 0.042 0.034 0.044
0.01 0.004 0.002 0.008 0.008 0.008 0.006 0.008 0.004 0.004 0.014
0.096 0.074 0.05 0.05 0.046 0.024 0.022 0.014 0.016 0.008 0.006
0.232 0.206 0.258 0.27 0.226 0.21 0.196 0.16 0.126 0.114 0.084
0.006 0.004 0.006 0.004 0.004 0 0 0 0.002 0 0
0.05 0.038 0.044 0.042 0.044 0.028 0.05 0.04 0.058 0.086 0.082
0.062 0.076 0.096 0.07 0.086 0.104 0.11 0.094 0.104 0.108 0.094
0.122 0.098 0.104 0.1 0.12 0.1 0.106 0.098 0.148 0.102 0.088
0.016 0.022 0.016 0.022 0.01 0.018 0.008 0.014 0.008 0.002 0.01
0.536 0.54 0.49 0.468 0.51 0.43 0.462 0.42 0.366 0.378 0.328
0.184 0.164 0.148 0.15 0.126 0.156 0.128 0.13 0.082 0.094 0.062
0.072 0.062 0.046 0.054 0.046 0.016 0.034 0.014 0.016 0.01 0.012
0.012 0.006 0.004 0.01 0.018 0.012 0.008 0.018 0.024 0.038 0.022
0.09 0.076 0.054 0.054 0.026 0.028 0.024 0.022 0.008 0.01 0.006
0.196 0.15 0.142 0.124 0.088 0.076 0.052 0.05 0.032 0.006 0.01
0.176 0.106 0.098 0.056 0.028 0.024 0.006 0.006 0.004 0.002 0
0.056 0.06 0.074 0.084 0.082 0.078 0.11 0.086 0.092 0.084 0.078
0.096 0.116 0.092 0.072 0.05 0.064 0.044 0.026 0.018 0.012 0.01
0.02 0.02 0.016 0.018 0.008 0.008 0.018 0.004 0.016 0.008 0.002
0.23 0.224 0.22 0.248 0.222 0.22 0.232 0.206 0.264 0.278 0.23
0.18 0.146 0.132 0.114 0.088 0.076 0.05 0.048 0.04 0.02 0.012
0.096 0.086 0.08 0.078 0.086 0.064 0.046 0.03 0.046 0.028 0.026
0.614 0.592 0.556 0.554 0.476 0.492 0.498 0.462 0.43 0.38 0.328
0.266 0.27 0.288 0.254 0.256 0.236 0.22 0.174 0.146 0.144 0.152
0.144 0.152 0.156 0.202 0.172 0.244 0.242 0.266 0.318 0.336 0.306
0.124 0.128 0.138 0.116 0.108 0.124 0.076 0.088 0.06 0.056 0.046
0.04 0.034 0.03 0.02 0.028 0.018 0.02 0.004 0.016 0.004 0
0.232 0.178 0.148 0.142 0.122 0.1 0.072 0.078 0.06 0.046 0.03
0.064 0.066 0.056 0.05 0.054 0.082 0.052 0.042 0.054 0.04 0.06
0.514 0.608 0.524 0.474 0.436 0.388 0.314 0.286 0.218 0.182 0.148
0.146 0.138 0.136 0.092 0.072 0.056 0.03 0.03 0.02 0.01 0
0.194 0.162 0.134 0.138 0.142 0.09 0.098 0.058 0.068 0.044 0.03
0.098 0.096 0.094 0.076 0.07 0.052 0.042 0.026 0.032 0.022 0.014
0.17 0.238 0.216 0.238 0.236 0.262 0.276 0.286 0.256 0.298 0.36
0.258 0.232 0.266 0.288 0.26 0.192 0.194 0.17 0.152 0.122 0.088
0.062 0.058 0.036 0.03 0.03 0.03 0.018 0.01 0.01 0.004 0
0.164 0.182 0.184 0.208 0.186 0.216 0.27 0.286 0.354 0.35 0.408
0.39 0.394 0.338 0.314 0.344 0.292 0.25 0.24 0.218 0.176 0.166
0.09 0.07 0.05 0.036 0.02 0.03 0.03 0.012 0.022 0.012 0.016
0.026 0.03 0.034 0.036 0.028 0.04 0.072 0.07 0.072 0.082 0.128
0.348 0.308 0.356 0.294 0.29 0.248 0.202 0.214 0.212 0.168 0.146
0.066 0.088 0.07 0.078 0.084 0.106 0.098 0.136 0.15 0.142 0.12
0.102 0.104 0.1 0.136 0.096 0.086 0.102 0.07 0.05 0.066 0.062
0.068 0.06 0.064 0.074 0.058 0.04 0.03 0.048 0.036 0.026 0.024
0.318 0.29 0.304 0.27 0.198 0.192 0.154 0.142 0.092 0.094 0.092
0.014 0.012 0.004 0.006 0.004 0.004 0.008 0 0.002 0 0
0.02 0.016 0.01 0.004 0.004 0.004 0.004 0.004 0.006 0.002 0.002
0.008 0.012 0.01 0.002 0.004 0 0.002 0 0.002 0 0
0.406 0.424 0.37 0.31 0.254 0.226 0.224 0.194 0.174 0.136 0.15
0.05 0.062 0.08 0.098 0.154 0.152 0.162 0.21 0.216 0.244 0.332
0.442 0.438 0.474 0.56 0.51 0.586 0.546 0.53 0.54 0.494 0.454
0.01 0.006 0.022 0.01 0.01 0.002 0.002 0.002 0.004 0.002 0.004
0.298 0.312 0.296 0.28 0.318 0.274 0.242 0.254 0.272 0.258 0.276
0.19 0.148 0.162 0.138 0.096 0.076 0.096 0.06 0.048 0.054 0.046
0.386 0.416 0.374 0.386 0.348 0.372 0.356 0.324 0.34 0.306 0.264
0.108 0.136 0.116 0.156 0.112 0.142 0.122 0.112 0.104 0.1 0.074
0.302 0.318 0.226 0.162 0.114 0.126 0.066 0.07 0.072 0.036 0.028
0.19 0.18 0.158 0.156 0.136 0.142 0.126 0.13 0.108 0.088 0.106
0.024 0.03 0.018 0.012 0.012 0.02 0.012 0.018 0.006 0.01 0.008
0.382 0.368 0.336 0.324 0.318 0.254 0.278 0.212 0.19 0.168 0.16
0.03 0.034 0.034 0.018 0.012 0.016 0.006 0.012 0.004 0.012 0.002
0.172 0.184 0.188 0.184 0.226 0.22 0.21 0.222 0.24 0.194 0.224
0.028 0.028 0.034 0.022 0.022 0.038 0.062 0.064 0.064 0.068 0.086
0.042 0.022 0.034 0.03 0.03 0.022 0.02 0.018 0.016 0.01 0.016
0 0.004 0 0.004 0.002 0.002 0 0 0.004 0.002 0.002
0.418 0.394 0.376 0.362 0.364 0.306 0.26 0.214 0.24 0.218 0.158
0.032 0.022 0.02 0.018 0.012 0.01 0.008 0.014 0.008 0.004 0
0.038 0.036 0.02 0.026 0.022 0.012 0.018 0.004 0.006 0.004 0.002
0.012 0.006 0.008 0.006 0.006 0.01 0.004 0.014 0.004 0.012 0.01
0.03 0.034 0.046 0.046 0.038 0.058 0.068 0.07 0.112 0.126 0.144
0.084 0.054 0.032 0.022 0.016 0.004 0.008 0.008 0 0.002 0
0.24 0.24 0.236 0.26 0.274 0.262 0.322 0.332 0.338 0.368 0.42
0.036 0.036 0.046 0.03 0.022 0.032 0.01 0.006 0.01 0.002 0.004
0.014 0.018 0.022 0.022 0.004 0.008 0.01 0.004 0.002 0 0.002
0.046 0.048 0.026 0.036 0.036 0.018 0.03 0.026 0.03 0.026 0.034
