0.2255639 0.2255639 0.1428571 0.1353383 0.04511278 0.04511278 0.03759398 0.03007519 0.03007519 0.02255639 0.02255639
0.7401575 0.7559055 0.8346457 0.8582677 0.8582677 0.7637795 0.7874016 0.8897638 0.7637795 0.7086614 0.7559055
0.4676259 0.3741007 0.3741007 0.3597122 0.4100719 0.381295 0.3453237 0.352518 0.2877698 0.294964 0.3597122
0.8057554 0.8489209 0.9208633 0.942446 0.9064748 0.7410072 0.8417266 0.9208633 0.8561151 0.8273381 0.8417266
0.7285714 0.6857143 0.7142857 0.6642857 0.6571429 0.6928571 0.6571429 0.7071429 0.6571429 0.6785714 0.6857143
0.1629630 0.2148148 0.2148148 0.1629630 0.2296296 0.2518519 0.2 0.2370370 0.2296296 0.1851852 0.2592593
0.9925926 0.9037037 0.9481481 0.9703704 0.9851852 0.962963 0.925926 0.8962963 0.8592593 0.874074 0.8296296
0.2222222 0.2518519 0.2962963 0.4074074 0.4148148 0.4962963 0.5555556 0.6148148 0.6148148 0.6962963 0.6518519
0.3049645 0.3333333 0.2765957 0.3333333 0.3404255 0.3049645 0.3475177 0.4042553 0.4113475 0.4609929 0.4042553
0.5547445 0.5109489 0.4525547 0.5036496 0.4963504 0.5182482 0.459854 0.4306569 0.4744526 0.3941606 0.4233577
0.5777778 0.5185185 0.5777778 0.5407407 0.5777778 0.6666667 0.6 0.7259259 0.6888889 0.7851852 0.6962963
0.4857143 0.4571429 0.5714286 0.6214286 0.5857143 0.6428571 0.6714286 0.75 0.7928571 0.8642857 0.8214286
0.1223022 0.1366906 0.08633094 0.1007194 0.1007194 0.1007194 0.1510791 0.1654676 0.2158273 0.2517986 0.2661871
0.6456693 0.6141732 0.6771654 0.7401575 0.7244094 0.6850394 0.7086614 0.8188976 0.6614173 0.8188976 0.6692913
0.9323308 0.6917293 0.7969925 0.6466165 0.7593985 0.7142857 0.7142857 0.7067669 0.5714286 0.593985 0.4586466
0.3851852 0.3777778 0.437037 0.4962963 0.5037037 0.4740741 0.5703704 0.6296296 0.5703704 0.5481481 0.5037037
0.2518519 0.3703704 0.3555556 0.3333333 0.3407407 0.3333333 0.3185185 0.2592593 0.3629630 0.3259259 0.3111111
0.2992701 0.4014599 0.2627737 0.270073 0.1678832 0.1532847 0.1897810 0.2043796 0.1970803 0.1897810 0.1751825
0.2255639 0.2030075 0.3082707 0.3383459 0.3233083 0.4661654 0.5639098 0.5112782 0.5864662 0.6165414 0.5413534
0.5555556 0.562963 0.5407407 0.637037 0.6592593 0.7259259 0.6074074 0.7777778 0.7481481 0.8 0.837037
0.6444444 0.6148148 0.6148148 0.6148148 0.7259259 0.6444444 0.6 0.6518519 0.6222222 0.562963 0.5703704
0.7851852 0.7555556 0.8 0.6962963 0.6740741 0.6296296 0.6888889 0.6 0.5481481 0.5333333 0.4814815
0.2481203 0.2781955 0.2556391 0.2481203 0.2255639 0.2406015 0.2857143 0.2180451 0.2706767 0.2781955 0.2631579
0.874074 0.9111111 0.9037037 0.8592593 0.9111111 0.9555556 0.9555556 0.8444444 0.8814815 0.8814815 0.837037
0.3308271 0.4586466 0.3984962 0.3458647 0.3383459 0.4586466 0.3759398 0.3684211 0.3909774 0.3984962 0.4586466
0.2661871 0.2374101 0.1223022 0.1007194 0.1438849 0.1007194 0.1294964 0.1151079 0.1438849 0.1294964 0.1294964
0.2592593 0.2148148 0.3333333 0.2740741 0.3333333 0.3333333 0.3777778 0.4222222 0.4222222 0.4814815 0.4814815
0.925926 0.9111111 0.9333333 0.7407407 0.6888889 0.5703704 0.4518519 0.3333333 0.2370370 0.1777778 0.1777778
0.6330935 0.705036 0.6690647 0.5755396 0.5827338 0.5755396 0.6690647 0.589928 0.7122302 0.589928 0.5827338
0.007874016 0.01574803 0.01574803 0.007874016 0.01574803 0.01574803 0.007874016 0 0.007874016 0 0.007874016
0.3149606 0.3228346 0.2755906 0.4173228 0.3700787 0.3543307 0.4251969 0.3858268 0.3307087 0.5354331 0.5275591
0.5328467 0.6058394 0.6131387 0.6131387 0.5766423 0.6788321 0.6642336 0.729927 0.7226277 0.7445255 0.6934307
0.1023622 0.1102362 0.05511811 0.04724409 0.03149606 0.01574803 0.02362205 0.007874016 0.03149606 0.03149606 0.02362205
0.7410072 0.589928 0.5611511 0.5467626 0.3669065 0.3021583 0.2014388 0.1798561 0.1438849 0.1151079 0.1151079
0.7165354 0.8425197 0.8267717 0.8031496 0.7244094 0.6929134 0.7086614 0.7244094 0.6771654 0.7086614 0.6614173
0.4173228 0.5511811 0.5590551 0.5669291 0.5590551 0.5354331 0.519685 0.5748031 0.5433071 0.5826772 0.6141732
0.09352518 0.1007194 0.1726619 0.2446043 0.3021583 0.4676259 0.4244604 0.4892086 0.4532374 0.6402878 0.6618705
0.4645669 0.4409449 0.3622047 0.2204724 0.1417323 0.09448819 0.08661417 0.02362205 0.02362205 0.01574803 0.007874016
0.2482270 0.1914894 0.1985816 0.1347518 0.1843972 0.1631206 0.1276596 0.1914894 0.1631206 0.1489362 0.1985816
0.06428571 0.05 0.06428571 0.07142857 0.06428571 0.1071429 0.09285714 0.15 0.1428571 0.1857143 0.1642857
0.9481481 0.9037037 0.8296296 0.7925926 0.7259259 0.7481481 0.7259259 0.7111111 0.6962963 0.7851852 0.8296296
0.8195489 0.8345865 0.8345865 0.7894737 0.7293233 0.81203 0.7142857 0.8045113 0.7142857 0.7368421 0.8270677
0.481203 0.5639098 0.5789474 0.5037594 0.518797 0.4360902 0.3834586 0.2556391 0.2105263 0.1729323 0.1428571
0.7894737 0.7744361 0.7067669 0.6691729 0.593985 0.631579 0.5789474 0.556391 0.5037594 0.5112782 0.4511278
0.2357143 0.1857143 0.25 0.2 0.3071429 0.3428571 0.3642857 0.3857143 0.3857143 0.4571429 0.4428571
0.9007092 0.8510638 0.8510638 0.8794326 0.7801418 0.8439716 0.858156 0.822695 0.7801418 0.7234043 0.6737589
0.4330709 0.4094488 0.2755906 0.3307087 0.2598425 0.2755906 0.2283465 0.2204724 0.1968504 0.1811024 0.2204724
0.5766423 0.5328467 0.6131387 0.5328467 0.5766423 0.5474453 0.5182482 0.4890511 0.6131387 0.6131387 0.5182482
0.5785714 0.75 0.6428571 0.6214286 0.6571429 0.6714286 0.6714286 0.75 0.6571429 0.6785714 0.6857143
0.8428571 0.8357143 0.8857143 0.8142857 0.8285714 0.8 0.6714286 0.6785714 0.75 0.6428571 0.5571429
0.4 0.3481481 0.4 0.4592593 0.4888889 0.5259259 0.3703704 0.4592593 0.437037 0.4 0.4518519
0.2 0.1857143 0.1928571 0.25 0.1857143 0.1785714 0.2142857 0.2 0.1928571 0.2071429 0.2785714
0.9323308 0.9097744 0.9172932 0.8646617 0.9022556 0.8571429 0.8947368 0.8947368 0.8270677 0.8571429 0.8195489
0.9481481 0.9407407 0.8962963 0.9703704 0.9185185 0.925926 0.925926 0.8962963 0.8592593 0.874074 0.8296296
0.7894737 0.8045113 0.8571429 0.7518797 0.7744361 0.7819549 0.8947368 0.849624 0.7067669 0.8571429 0.8195489
0.1496063 0.2047244 0.2125984 0.2677165 0.2834646 0.2755906 0.2283465 0.3858268 0.3858268 0.4015748 0.503937
0.984252 0.96063 0.96063 0.976378 0.9370079 0.952756 0.8976378 0.8897638 0.8267717 0.8188976 0.7559055
0.1185185 0.0962963 0.05925926 0.08148148 0.03703704 0.02222222 0.05925926 0.04444444 0.03703704 0.01481481 0.007407407
0.4820144 0.4460432 0.4172662 0.2446043 0.2158273 0.1366906 0.1582734 0.07194245 0.07194245 0.05035971 0.04316547
0.4511278 0.5413534 0.3834586 0.4360902 0.443609 0.2857143 0.2330827 0.2556391 0.2406015 0.2180451 0.1879699
0.676259 0.7482014 0.676259 0.7913669 0.6546763 0.7122302 0.6834532 0.5683453 0.4676259 0.4892086 0.4532374
0.1785714 0.1 0.1428571 0.1285714 0.08571429 0.1642857 0.1642857 0.1928571 0.1857143 0.1857143 0.2
0.4518519 0.4740741 0.4222222 0.3629630 0.3333333 0.2074074 0.2222222 0.1481481 0.1407407 0.1037037 0.08148148
0.9022556 0.6766917 0.8571429 0.9172932 0.9022556 0.7744361 0.8947368 0.7819549 0.8270677 0.7744361 0.8195489
0.4285714 0.3214286 0.4214286 0.3214286 0.5142857 0.3785714 0.4642857 0.4142857 0.4571429 0.4071429 0.4142857
0.1428571 0.09022556 0.1428571 0.1203008 0.1203008 0.1203008 0.1578947 0.2105263 0.2105263 0.2406015 0.2631579
0.7410072 0.8920863 0.9208633 0.8201439 0.8417266 0.8705036 0.942446 0.8273381 0.8561151 0.8273381 0.8417266
0.1629630 0.2074074 0.1481481 0.2074074 0.2 0.2074074 0.2444444 0.2518519 0.3333333 0.3555556 0.3925926
0.7410072 0.7769784 0.7913669 0.8633094 0.8561151 0.942446 0.8705036 0.8776978 0.8561151 0.8273381 0.7769784
0.7401575 0.7401575 0.7322835 0.7401575 0.7007874 0.6929134 0.7086614 0.5354331 0.511811 0.3937008 0.3622047
0.5488722 0.6090226 0.518797 0.4135338 0.3684211 0.2556391 0.2706767 0.2781955 0.2706767 0.2556391 0.2481203
0.1729323 0.1954887 0.2105263 0.1804511 0.2255639 0.2255639 0.2556391 0.2857143 0.2706767 0.3007519 0.3609023
0.6 0.4740741 0.5185185 0.4592593 0.4 0.3333333 0.3259259 0.3111111 0.2666667 0.2370370 0.2148148
0.9574468 0.8865248 0.9716312 0.9787234 0.9148936 0.929078 0.858156 0.9007092 0.7801418 0.8085106 0.7730496
0.2105263 0.1428571 0.1804511 0.1879699 0.2481203 0.2255639 0.2481203 0.2255639 0.2330827 0.2556391 0.2631579
0.4518519 0.3407407 0.4666667 0.3333333 0.4 0.3925926 0.4592593 0.4518519 0.562963 0.4296296 0.4592593
0.8345324 0.8561151 0.76259 0.8201439 0.733813 0.8273381 0.7841727 0.7913669 0.8561151 0.8273381 0.8417266
0.8592593 0.9111111 0.837037 0.8296296 0.7851852 0.8888889 0.8518519 0.8518519 0.837037 0.6888889 0.7259259
0.5555556 0.562963 0.5925926 0.6740741 0.6888889 0.7703704 0.7555556 0.9185185 0.7555556 0.8814815 0.7259259
0.2740741 0.3481481 0.3777778 0.4074074 0.6222222 0.4148148 0.562963 0.6888889 0.6444444 0.7111111 0.6962963
0.4316547 0.3956835 0.5395683 0.4748201 0.6690647 0.942446 0.8705036 0.8776978 0.8561151 0.8273381 0.7769784
0.03597122 0.02158273 0.02158273 0.02877698 0.08633094 0.1510791 0.2302158 0.2877698 0.352518 0.4100719 0.4028777
0.5693431 0.6277372 0.6131387 0.5839416 0.5474453 0.4671533 0.4890511 0.4306569 0.3868613 0.4233577 0.4087591
0.1824818 0.2116788 0.3868613 0.3941606 0.4963504 0.5182482 0.6058394 0.7080292 0.6131387 0.7445255 0.6861314
0.4087591 0.5109489 0.5912409 0.5328467 0.5620438 0.5912409 0.6715328 0.620438 0.6715328 0.5693431 0.8029197
0.7943262 0.6950355 0.7943262 0.822695 0.7801418 0.822695 0.7234043 0.7304965 0.5886525 0.6170213 0.5815603
0.2706767 0.2406015 0.2180451 0.2556391 0.1804511 0.2030075 0.1879699 0.1804511 0.1578947 0.1428571 0.1203008
0.4452555 0.4525547 0.4890511 0.5766423 0.5255474 0.5474453 0.5766423 0.6058394 0.6715328 0.6131387 0.6861314
0.5433071 0.496063 0.5275591 0.6299213 0.5984252 0.6535433 0.6220472 0.519685 0.5590551 0.496063 0.511811
0 0 0 0 0 0.00729927 0.01459854 0.02189781 0.02189781 0.02189781 0.02189781
0.2158273 0.09352518 0.07194245 0.02158273 0.01438849 0.007194245 0 0 0 0 0
0.9323308 0.9022556 0.81203 0.8721805 0.8045113 0.81203 0.6917293 0.7218045 0.6992481 0.6616541 0.5714286
0.1366906 0.2158273 0.1079137 0.1942446 0.2086331 0.1942446 0.1870504 0.294964 0.2589928 0.2302158 0.2877698
0.6861314 0.6277372 0.7372263 0.7007299 0.6861314 0.7226277 0.7445255 0.6058394 0.6569343 0.7445255 0.6934307
0.874074 0.8592593 0.7925926 0.874074 0.9111111 0.8962963 0.9555556 0.8444444 0.8814815 0.8814815 0.837037
0.2706767 0.3308271 0.2406015 0.4135338 0.4887218 0.4135338 0.481203 0.481203 0.4736842 0.593985 0.518797
0.1970803 0.1459854 0.1970803 0.1167883 0.1167883 0.1094891 0.1167883 0.08759124 0.1605839 0.1240876 0.1240876
0.6115108 0.5755396 0.6402878 0.6618705 0.618705 0.6546763 0.6834532 0.589928 0.5971223 0.6402878 0.6402878
0.8085106 0.7801418 0.8368794 0.8439716 0.9148936 0.8439716 0.9361702 0.7943262 0.8439716 0.8085106 0.7730496
0.03007519 0.03759398 0.03759398 0.03759398 0.05263158 0.09774436 0.1278195 0.1578947 0.2255639 0.2857143 0.4210526
0.5571429 0.5928571 0.6285714 0.6142857 0.6928571 0.65 0.6928571 0.7071429 0.7928571 0.8642857 0.8214286
0.4468085 0.3900709 0.5106383 0.3404255 0.3829787 0.4042553 0.4751773 0.4113475 0.4609929 0.3971631 0.4539007
0.556391 0.3834586 0.5639098 0.5338346 0.5413534 0.5488722 0.5263158 0.6015038 0.5789474 0.6165414 0.6015038
0.2125984 0.1653543 0.2047244 0.2362205 0.2283465 0.2204724 0.1968504 0.1968504 0.1968504 0.1811024 0.2047244
0.9097744 0.7744361 0.8947368 0.8721805 0.7969925 0.7969925 0.8270677 0.6917293 0.7142857 0.6616541 0.593985
0.2706767 0.3308271 0.2706767 0.3458647 0.2030075 0.4360902 0.3157895 0.4135338 0.4586466 0.4887218 0.4887218
0.7669173 0.8947368 0.8947368 0.81203 0.8721805 0.8796992 0.7593985 0.7819549 0.8345865 0.8721805 0.7293233
0.511811 0.4488189 0.4566929 0.5354331 0.4645669 0.4173228 0.3937008 0.3858268 0.3307087 0.3385827 0.2755906
0.2030075 0.1879699 0.1578947 0.1353383 0.1052632 0.1127820 0.1428571 0.08270677 0.1052632 0.08270677 0.07518797
0.3149606 0.2913386 0.3070866 0.4094488 0.4173228 0.4173228 0.4251969 0.4409449 0.4015748 0.5354331 0.511811
0.6444444 0.6666667 0.7407407 0.6740741 0.6592593 0.5703704 0.5111111 0.5777778 0.5333333 0.5185185 0.4888889
0.2440945 0.1968504 0.1732283 0.1968504 0.1811024 0.1653543 0.1181102 0.1574803 0.1889764 0.2204724 0.2598425
0.6377953 0.488189 0.5905512 0.519685 0.4566929 0.3543307 0.4094488 0.4173228 0.3149606 0.3307087 0.2677165
0.1333333 0.2148148 0.2222222 0.2370370 0.2740741 0.3407407 0.3555556 0.4 0.4518519 0.4814815 0.5333333
0.1605839 0.1459854 0.1897810 0.1824818 0.2992701 0.2992701 0.3065693 0.2919708 0.3576642 0.3941606 0.4306569
0.5714286 0.518797 0.6165414 0.556391 0.4661654 0.4511278 0.3383459 0.3157895 0.3007519 0.2781955 0.2857143
0.2706767 0.2406015 0.3082707 0.3984962 0.4586466 0.5112782 0.5639098 0.556391 0.6165414 0.6466165 0.6466165
0.7086614 0.7401575 0.7322835 0.8031496 0.7007874 0.6850394 0.6850394 0.7244094 0.6614173 0.7480315 0.7559055
0.04964539 0.07092199 0.07092199 0.1205674 0.1843972 0.2411348 0.2836879 0.3049645 0.3475177 0.3262411 0.3617021
0.9784173 0.9784173 0.9856115 0.9496403 0.9064748 0.9352518 0.913669 0.9208633 0.8561151 0.8273381 0.8417266
0.9323308 0.9398496 0.9172932 0.924812 0.9323308 0.9022556 0.962406 0.8947368 0.8270677 0.8571429 0.8195489
0.8439716 0.9716312 0.9716312 0.9361702 0.9574468 0.929078 0.9361702 0.822695 0.8439716 0.8085106 0.7730496
0.007407407 0.007407407 0.007407407 0.007407407 0.03703704 0.06666667 0.0962963 0.1407407 0.1333333 0.2222222 0.2296296
0.3956835 0.3453237 0.4244604 0.2446043 0.2158273 0.1223022 0.1510791 0.1223022 0.09352518 0.05035971 0.09352518
0.1496063 0.2047244 0.1417323 0.07874016 0.04724409 0.03149606 0.03937008 0.04724409 0.04724409 0.03149606 0.03937008
0.7518797 0.6691729 0.6240602 0.7218045 0.7142857 0.7218045 0.7218045 0.7218045 0.6992481 0.7368421 0.7293233
0.9097744 0.9548872 0.8195489 0.8571429 0.8045113 0.887218 0.8345865 0.924812 0.7368421 0.8721805 0.8270677
0.3937008 0.511811 0.3700787 0.3700787 0.2440945 0.2283465 0.1968504 0.1574803 0.1259843 0.1023622 0.08661417
0.2440945 0.3228346 0.3700787 0.4488189 0.496063 0.6929134 0.7086614 0.7244094 0.6692913 0.7086614 0.7559055
0.1496063 0.1574803 0.1653543 0.1259843 0.2440945 0.1574803 0.1338583 0.1417323 0.1338583 0.1181102 0.1338583
0.5407407 0.4518519 0.4148148 0.3629630 0.3629630 0.3333333 0.3555556 0.3925926 0.3925926 0.4518519 0.4518519
0.2706767 0.2180451 0.2706767 0.3458647 0.406015 0.2706767 0.4511278 0.4285714 0.4736842 0.4887218 0.4285714
0.02158273 0.07913669 0.05035971 0.05755396 0.08633094 0.1151079 0.1438849 0.1798561 0.2086331 0.2446043 0.2733813
0.5488722 0.5413534 0.5488722 0.481203 0.4962406 0.4135338 0.4736842 0.4511278 0.4661654 0.3533835 0.3609023
0.5481481 0.5925926 0.637037 0.5703704 0.6592593 0.6814815 0.7185185 0.7037037 0.8296296 0.8 0.837037
0.03007519 0.03759398 0.03759398 0.05263158 0.03007519 0.05263158 0.03007519 0.06015038 0.06766917 0.06766917 0.09774436
0.0647482 0.1007194 0.02158273 0.02158273 0.02877698 0.02158273 0.02877698 0.02158273 0.02158273 0.01438849 0.01438849
0.8296296 0.9037037 0.8296296 0.8148148 0.8518519 0.8666667 0.9111111 0.8296296 0.8592593 0.874074 0.8296296
0.3191489 0.3120567 0.2269504 0.1205674 0.1134752 0.09219858 0.05673759 0.04964539 0.04255319 0.02836879 0.03546099
0.9323308 0.9774436 0.9172932 0.9097744 0.7368421 0.7368421 0.81203 0.6165414 0.5037594 0.4887218 0.406015
0.4233577 0.4379562 0.4306569 0.4306569 0.4963504 0.4890511 0.4963504 0.5036496 0.5255474 0.4452555 0.5255474
0.8201439 0.7913669 0.7913669 0.9496403 0.8561151 0.8273381 0.913669 0.7913669 0.7697842 0.733813 0.705036
0.970803 0.9781022 0.9416058 0.9562044 0.9343066 0.8321168 0.8759124 0.7810219 0.7226277 0.6715328 0.8029197
0.4964029 0.5107914 0.4820144 0.4676259 0.4388489 0.4100719 0.4388489 0.4460432 0.4460432 0.4820144 0.4460432
0.1037037 0.1037037 0.1037037 0.1407407 0.1333333 0.07407407 0.08148148 0.0962963 0.1481481 0.1333333 0.1333333
0.6888889 0.7037037 0.8074074 0.874074 0.8592593 0.925926 0.9037037 0.8296296 0.8592593 0.874074 0.8296296
0.984252 0.9133858 0.96063 0.976378 0.9370079 0.952756 0.8976378 0.8897638 0.8267717 0.8188976 0.7559055
0.7368421 0.6842105 0.7819549 0.6616541 0.6466165 0.518797 0.406015 0.3007519 0.2556391 0.2255639 0.2030075
0.8057554 0.8129496 0.8057554 0.8345324 0.9064748 0.8776978 0.8345324 0.9208633 0.8561151 0.8273381 0.8417266
0.7067669 0.7142857 0.7969925 0.7744361 0.7293233 0.8796992 0.7218045 0.924812 0.8345865 0.8721805 0.8270677
0.55 0.65 0.6285714 0.5571429 0.5571429 0.5142857 0.4 0.3714286 0.4214286 0.3714286 0.3857143
