0.815126 0.6638655 0.815126 0.7226891 0.6722689 0.8487395 0.7058824 0.6806723 0.789916 0.8487395 0.7731092
0.3660714 0.3928571 0.3839286 0.4017857 0.3303571 0.4017857 0.3035714 0.3839286 0.3303571 0.3214286 0.3214286
0.792 0.816 0.776 0.88 0.848 0.872 0.936 0.832 0.888 0.84 0.872
0.8 0.832 0.808 0.752 0.752 0.784 0.728 0.8 0.72 0.712 0.672
0.184 0.2 0.136 0.144 0.176 0.152 0.176 0.12 0.192 0.224 0.216
0.8916667 0.9 0.8666667 0.9083333 0.9833333 0.9166667 0.8 0.9 0.7916667 0.9083333 0.85
0.1652893 0.1900826 0.2066116 0.2066116 0.2479339 0.2231405 0.3140496 0.3471074 0.3801653 0.4049587 0.4214876
0.7438017 0.7355372 0.677686 0.677686 0.5785124 0.553719 0.5702479 0.6694215 0.4710744 0.4132231 0.4049587
0.3650794 0.4523810 0.3571429 0.4365079 0.515873 0.5634921 0.5238095 0.547619 0.547619 0.5555556 0.5793651
0.4308943 0.4227642 0.4796748 0.5284553 0.504065 0.6341463 0.5691057 0.6829268 0.6747967 0.7317073 0.7317073
0.04132231 0.04132231 0.07438017 0.04958678 0.0909091 0.07438017 0.09917355 0.1487603 0.1818182 0.2314050 0.3057851
0.672 0.704 0.664 0.704 0.656 0.816 0.792 0.76 0.888 0.688 0.728
0.8 0.824 0.872 0.872 0.768 0.816 0.736 0.816 0.848 0.736 0.712
0.4642857 0.5 0.4017857 0.4196429 0.4375 0.4107143 0.4464286 0.5267857 0.5892857 0.5267857 0.5982143
0.1848739 0.2016807 0.1680672 0.1764706 0.1428571 0.1764706 0.1596639 0.1260504 0.2016807 0.2016807 0.1932773
0.1666667 0.125 0.1583333 0.1083333 0.09166667 0.05 0.125 0.125 0.1333333 0.1916667 0.2
0.09166667 0.175 0.1666667 0.3166667 0.3333333 0.4083333 0.5083333 0.5583333 0.6083333 0.5583333 0.6333333
0.3739837 0.3902439 0.4796748 0.5365854 0.5691057 0.5447154 0.5772358 0.6829268 0.6747967 0.6666667 0.6666667
0.7647059 0.7815126 0.697479 0.6638655 0.6554622 0.7226891 0.7731092 0.7310924 0.7058824 0.6218487 0.6470588
0.7166667 0.8 0.7083333 0.65 0.5416667 0.6583333 0.5916667 0.5583333 0.4416667 0.425 0.3583333
0.1983471 0.2479339 0.2479339 0.2148760 0.338843 0.3636364 0.3801653 0.4710744 0.3801653 0.5123967 0.5619835
0.325 0.3333333 0.25 0.3166667 0.2833333 0.3083333 0.2583333 0.35 0.325 0.3083333 0.3583333
0.6722689 0.6386555 0.7394958 0.7058824 0.7058824 0.789916 0.7731092 0.789916 0.8319328 0.882353 0.8403361
0.4166667 0.425 0.35 0.325 0.325 0.3333333 0.225 0.1916667 0.1333333 0.1333333 0.1333333
0.04201681 0.03361345 0.02521008 0.03361345 0.01680672 0.02521008 0.07563025 0.09243697 0.1512605 0.1932773 0.2773109
0.08 0.128 0.136 0.12 0.128 0.144 0.16 0.2 0.184 0.256 0.288
0.8916667 0.8666667 0.8333333 0.6666667 0.7833333 0.6083333 0.55 0.4333333 0.35 0.2833333 0.1833333
0.475 0.6333333 0.4333333 0.4166667 0.5416667 0.5083333 0.5916667 0.5333333 0.4666667 0.475 0.4916667
0.128 0.12 0.088 0.048 0.072 0.016 0.032 0.008 0 0.008 0.016
0.4553571 0.4910714 0.4821429 0.5892857 0.5089286 0.4642857 0.4821429 0.4017857 0.3928571 0.2767857 0.3392857
0.1785714 0.2589286 0.2142857 0.2321429 0.2321429 0.1875 0.125 0.1517857 0.1160714 0.1160714 0.1428571
0.09756098 0.1138211 0.1707317 0.1219512 0.1707317 0.2195122 0.2113821 0.2926829 0.3333333 0.3739837 0.4796748
0.5892857 0.4821429 0.4910714 0.3928571 0.2589286 0.2410714 0.2321429 0.1517857 0.07142857 0.03571429 0.03571429
0.432 0.464 0.448 0.472 0.496 0.488 0.504 0.536 0.528 0.56 0.52
0.7678571 0.6875 0.75 0.7053571 0.7946429 0.7767857 0.7142857 0.7767857 0.7767857 0.6517857 0.7232143
0.5892857 0.5714286 0.6696429 0.6160714 0.6071429 0.6428571 0.6517857 0.6607143 0.7053571 0.6339286 0.7142857
0.32 0.256 0.248 0.176 0.12 0.064 0.032 0.016 0.024 0.008 0.016
0.1160714 0.04464286 0.09821429 0.1071429 0.1071429 0.125 0.1160714 0.1696429 0.125 0.2053571 0.2142857
0.08730159 0.08730159 0.07142857 0.1031746 0.1349206 0.1666667 0.1269841 0.1507937 0.1984127 0.1904762 0.1904762
0.92 0.824 0.84 0.856 0.784 0.816 0.856 0.72 0.888 0.752 0.712
0.7438017 0.7438017 0.7107438 0.7438017 0.7933884 0.7520661 0.8677686 0.8677686 0.7438017 0.8016529 0.9173554
0.3697479 0.394958 0.3445378 0.4117647 0.3697479 0.3781513 0.3529412 0.2857143 0.3277311 0.3361345 0.2436975
0.6890756 0.6890756 0.7226891 0.5798319 0.6302521 0.5546218 0.5630252 0.5294118 0.4789916 0.3781513 0.3445378
0.6722689 0.6386555 0.6806723 0.6218487 0.6554622 0.697479 0.7478992 0.7478992 0.6806723 0.7815126 0.6722689
0.272 0.272 0.264 0.184 0.192 0.16 0.192 0.096 0.104 0.08 0.064
0.5634921 0.5555556 0.5952381 0.5793651 0.5793651 0.5634921 0.5952381 0.6349206 0.6349206 0.5952381 0.6904762
0.7232143 0.7232143 0.7767857 0.7857143 0.7142857 0.7767857 0.6875 0.7767857 0.8482143 0.7232143 0.8392857
0.1869919 0.1300813 0.09756098 0.0894309 0.06504065 0.04065041 0.04065041 0.04065041 0.04065041 0.0894309 0.06504065
0.944 0.896 0.84 0.912 0.88 0.936 0.928 0.904 0.888 0.864 0.848
0.944 0.968 0.928 0.944 0.928 0.936 0.928 0.904 0.888 0.864 0.848
0.9256198 0.8347107 0.8677686 0.8677686 0.8595041 0.892562 0.8264463 0.7603306 0.677686 0.6859504 0.661157
0.264 0.312 0.296 0.344 0.36 0.384 0.4 0.48 0.488 0.416 0.504
0.9327731 0.9243697 0.8487395 0.9663866 0.8991597 0.882353 0.907563 0.8487395 0.8319328 0.7226891 0.7731092
0.3140496 0.2892562 0.2314050 0.1983471 0.1652893 0.1322314 0.1322314 0.0661157 0.0661157 0.07438017 0.1322314
0.4957983 0.4369748 0.3109244 0.3529412 0.3361345 0.1512605 0.1512605 0.1092437 0.07563025 0.05042017 0.04201681
0.4285714 0.3214286 0.25 0.2678571 0.3035714 0.3303571 0.3035714 0.3035714 0.2410714 0.25 0.2053571
0.5803571 0.5803571 0.5446429 0.5089286 0.5178571 0.5178571 0.5357143 0.4017857 0.4017857 0.4464286 0.3839286
0.07438017 0.1157025 0.07438017 0.0909091 0.0909091 0.07438017 0.08264463 0.05785124 0.1157025 0.1404959 0.2396694
0.656 0.496 0.52 0.488 0.44 0.376 0.28 0.232 0.128 0.136 0.096
0.8319328 0.7983193 0.8235294 0.8655462 0.8319328 0.882353 0.8067227 0.815126 0.8655462 0.8403361 0.8319328
0.328 0.4 0.384 0.392 0.456 0.368 0.416 0.376 0.44 0.44 0.496
0.52 0.56 0.52 0.568 0.496 0.496 0.504 0.488 0.456 0.36 0.328
0.5785124 0.7024793 0.6033058 0.6942149 0.6198347 0.7933884 0.7107438 0.8677686 0.677686 0.7768595 0.7438017
0.6302521 0.5462185 0.4369748 0.4033613 0.5042017 0.4201681 0.4285714 0.394958 0.3865546 0.4789916 0.5042017
0.944 0.968 0.968 0.944 0.928 0.936 0.928 0.904 0.888 0.864 0.848
0.8907563 0.8571429 0.815126 0.8739496 0.8067227 0.789916 0.7731092 0.7310924 0.5630252 0.5798319 0.5546218
0.68 0.632 0.64 0.592 0.552 0.488 0.48 0.416 0.44 0.424 0.368
0.3666667 0.3833333 0.325 0.35 0.3166667 0.35 0.375 0.325 0.3083333 0.3083333 0.25
0.84 0.792 0.84 0.88 0.776 0.872 0.808 0.768 0.728 0.784 0.736
0.01785714 0.02678571 0.02678571 0.008928571 0.02678571 0.03571429 0.07142857 0.09821429 0.1160714 0.125 0.1607143
0.6470588 0.6218487 0.4789916 0.5042017 0.5042017 0.5042017 0.4705882 0.487395 0.5210084 0.512605 0.5798319
0.8991597 0.8487395 0.8991597 0.8739496 0.8991597 0.8487395 0.8319328 0.8487395 0.8319328 0.8487395 0.8403361
0.8677686 0.8264463 0.8677686 0.8429752 0.8181818 0.7933884 0.7768595 0.7768595 0.677686 0.5454545 0.553719
0.4920635 0.5952381 0.6031746 0.6269841 0.6190476 0.6269841 0.6666667 0.7222222 0.7063492 0.7539683 0.8253968
0.512605 0.5966387 0.605042 0.5546218 0.6134454 0.6638655 0.7058824 0.6218487 0.6470588 0.697479 0.7731092
0.4958678 0.5454545 0.6198347 0.677686 0.7933884 0.7768595 0.8677686 0.8677686 0.7438017 0.8016529 0.9173554
0.648 0.552 0.6 0.56 0.504 0.536 0.456 0.456 0.44 0.416 0.368
0.5416667 0.5416667 0.5333333 0.55 0.625 0.7416667 0.7 0.7 0.7916667 0.825 0.85
0.8833333 0.8583333 0.8416667 0.825 0.8416667 0.8333333 0.85 0.9 0.7916667 0.825 0.7416667
0.2561983 0.1900826 0.2396694 0.1983471 0.1652893 0.2314050 0.2231405 0.2148760 0.1983471 0.2314050 0.1652893
0.296 0.352 0.432 0.464 0.408 0.472 0.536 0.536 0.624 0.664 0.736
0.432 0.408 0.496 0.488 0.472 0.464 0.528 0.472 0.576 0.576 0.584
0 0 0 0 0 0 0 0.008130081 0.01626016 0.008130081 0.008130081
0.3658537 0.2682927 0.1707317 0.1382114 0.06504065 0.04065041 0.008130081 0.02439024 0.02439024 0.02439024 0.008130081
0.4878049 0.4227642 0.4390244 0.3089431 0.2764228 0.1788618 0.2113821 0.1788618 0.1382114 0.1382114 0.1382114
0.3650794 0.3968254 0.3809524 0.5238095 0.4206349 0.468254 0.4761905 0.484127 0.484127 0.4206349 0.468254
0.6722689 0.7310924 0.7647059 0.7226891 0.7394958 0.8235294 0.7815126 0.789916 0.7815126 0.8403361 0.8319328
0.1463415 0.1544715 0.2439024 0.2845528 0.3414634 0.3658537 0.4390244 0.4146341 0.3658537 0.4552846 0.3821138
0.7232143 0.7767857 0.7053571 0.6964286 0.7946429 0.7767857 0.6607143 0.7321429 0.6160714 0.5714286 0.5
0.1382114 0.1463415 0.1463415 0.1219512 0.1463415 0.1463415 0.1788618 0.2357724 0.2520325 0.300813 0.3170732
0.432 0.408 0.464 0.544 0.472 0.568 0.584 0.72 0.784 0.736 0.872
0.2016807 0.2268908 0.2184874 0.2016807 0.2352941 0.3613445 0.3529412 0.3865546 0.5210084 0.4957983 0.5798319
0.496 0.52 0.552 0.504 0.552 0.6 0.592 0.64 0.672 0.704 0.792
0.4715447 0.4634146 0.4227642 0.3821138 0.3170732 0.2113821 0.1869919 0.1138211 0.1544715 0.09756098 0.05691057
0.4166667 0.3333333 0.375 0.5083333 0.35 0.3833333 0.3083333 0.5333333 0.525 0.4833333 0.5083333
0.6722689 0.7647059 0.7226891 0.789916 0.7983193 0.8235294 0.8655462 0.9327731 0.8655462 0.907563 0.8319328
0.2926829 0.3089431 0.1951220 0.1626016 0.1626016 0.1138211 0.1463415 0.08130081 0.09756098 0.09756098 0.05691057
0.088 0.096 0.072 0.08 0.072 0.112 0.16 0.232 0.216 0.28 0.288
0.4761905 0.6111111 0.5634921 0.6269841 0.5793651 0.6587302 0.6746032 0.6746032 0.6269841 0.6507937 0.6428571
0.7058824 0.5966387 0.6218487 0.5798319 0.5630252 0.4705882 0.5294118 0.5042017 0.5210084 0.3445378 0.3781513
0.072 0.128 0.136 0.144 0.144 0.168 0.208 0.2 0.216 0.224 0.256
0.4603175 0.5793651 0.515873 0.5238095 0.4365079 0.4365079 0.4285714 0.3650794 0.2936508 0.2777778 0.3015873
0.7731092 0.8907563 0.6722689 0.6806723 0.6554622 0.697479 0.5714286 0.6302521 0.5630252 0.5882353 0.5630252
0.7142857 0.7142857 0.8125 0.7232143 0.7321429 0.6875 0.6696429 0.5535714 0.6160714 0.5625 0.5982143
0.05882353 0.1008403 0.1260504 0.1848739 0.1764706 0.2689076 0.3277311 0.3445378 0.3613445 0.4201681 0.3865546
0.9579832 0.9411765 0.9243697 0.9327731 0.9411765 0.9327731 0.9327731 0.9327731 0.9411765 0.907563 0.8319328
0.8907563 0.9411765 0.9243697 0.9327731 0.9327731 0.9327731 0.9327731 0.9327731 0.9411765 0.907563 0.8319328
0.9642857 0.9553571 0.9642857 0.9642857 0.9553571 0.9017857 0.9553571 0.9285714 0.9375 0.9107143 0.8928571
0.05882353 0.05042017 0.07563025 0.1428571 0.1932773 0.1848739 0.2521008 0.3193277 0.3445378 0.3781513 0.3865546
0.4642857 0.5803571 0.5 0.4285714 0.3571429 0.2767857 0.2678571 0.2053571 0.1517857 0.1160714 0.09821429
0.1666667 0.1083333 0.08333333 0.04166667 0.04166667 0.01666667 0.05 0.06666667 0.08333333 0.1083333 0.1333333
0.9553571 0.9821429 0.9017857 0.9642857 0.9553571 0.9642857 0.9553571 0.9285714 0.9375 0.9107143 0.8928571
0.3125 0.2410714 0.2232143 0.25 0.2589286 0.2767857 0.375 0.3392857 0.2857143 0.2857143 0.2589286
0.2479339 0.3471074 0.3305785 0.338843 0.4214876 0.5289256 0.5454545 0.4958678 0.5289256 0.5289256 0.553719
0.04065041 0.02439024 0.05691057 0.05691057 0.02439024 0.04065041 0.04065041 0.04065041 0.04878049 0.05691057 0.06504065
0.3697479 0.4621849 0.4201681 0.5042017 0.4369748 0.4705882 0.4957983 0.4537815 0.5042017 0.4789916 0.5210084
0.1764706 0.1680672 0.2184874 0.3277311 0.3445378 0.4705882 0.5630252 0.5462185 0.4789916 0.5294118 0.4285714
0.5 0.5446429 0.5357143 0.6696429 0.5267857 0.5446429 0.5357143 0.4464286 0.4821429 0.4642857 0.4285714
0.6825397 0.6825397 0.6507937 0.6825397 0.7222222 0.7142857 0.6666667 0.6428571 0.5952381 0.6349206 0.6904762
0.064 0.096 0.072 0.104 0.104 0.088 0.08 0.088 0.072 0.168 0.168
0.815126 0.789916 0.8319328 0.8739496 0.6806723 0.8235294 0.8655462 0.789916 0.7563025 0.882353 0.7731092
0.3650794 0.3571429 0.3650794 0.3571429 0.3730159 0.3253968 0.3253968 0.2777778 0.2777778 0.2142857 0.2619048
0.8264463 0.8347107 0.8181818 0.8429752 0.768595 0.6363636 0.5619835 0.5867769 0.4793388 0.4049587 0.3966942
0.736 0.688 0.68 0.72 0.672 0.688 0.736 0.736 0.72 0.648 0.712
0.9821429 0.9821429 0.9553571 0.9285714 0.9553571 0.9017857 0.9553571 0.875 0.7321429 0.6875 0.75
0.05882353 0.08403361 0.06722689 0.1008403 0.08403361 0.1344538 0.1512605 0.2352941 0.1512605 0.2352941 0.2016807
0.7983193 0.8655462 0.8739496 0.8655462 0.8571429 0.882353 0.8655462 0.8991597 0.9411765 0.907563 0.8319328
0.8125 0.8214286 0.8125 0.9285714 0.7767857 0.9642857 0.9553571 0.875 0.875 0.9107143 0.8928571
0.9464286 0.9375 0.8571429 0.8839286 0.9017857 0.8571429 0.8482143 0.7767857 0.6964286 0.5714286 0.6696429
0.7053571 0.5 0.5892857 0.5089286 0.4285714 0.4017857 0.4375 0.3839286 0.3571429 0.3214286 0.2946429
0.5416667 0.6916667 0.675 0.7333333 0.8916667 0.6583333 0.85 0.9416667 0.9333333 0.9083333 0.85
0.2521008 0.2689076 0.2184874 0.1932773 0.1512605 0.1932773 0.1680672 0.1176471 0.1092437 0.08403361 0.07563025
0.552 0.672 0.6 0.68 0.576 0.736 0.648 0.704 0.752 0.736 0.672
0.8403361 0.8907563 0.8319328 0.815126 0.8067227 0.8235294 0.7731092 0.7983193 0.8571429 0.8487395 0.7647059
0.7166667 0.6916667 0.6583333 0.6583333 0.6583333 0.5083333 0.6416667 0.5916667 0.525 0.5416667 0.5083333
