0.2556391 0.2406015 0.1503759 0.1203008 0.05263158 0.02255639 0.007518797 0.02255639 0.01503759 0.01503759 0.007518797
0.7826087 0.789855 0.7101449 0.7753623 0.7391304 0.731884 0.6594203 0.768116 0.673913 0.768116 0.7246377
0.4962406 0.4887218 0.4210526 0.443609 0.3458647 0.3383459 0.3533835 0.406015 0.3383459 0.406015 0.3909774
0.81203 0.7969925 0.7819549 0.8345865 0.9172932 0.8796992 0.8721805 0.9097744 0.8721805 0.8270677 0.849624
0.8222222 0.874074 0.8296296 0.9111111 0.837037 0.8074074 0.8814815 0.9037037 0.7851852 0.8296296 0.8148148
0.1729323 0.1503759 0.1729323 0.1428571 0.1503759 0.2180451 0.2781955 0.2030075 0.2781955 0.2556391 0.2932331
0.9191176 0.8897059 0.9411765 0.867647 0.882353 0.9705882 0.9264706 0.9338235 0.882353 0.8014706 0.8088235
0.1085271 0.07751938 0.1472868 0.1472868 0.2868217 0.2945736 0.3798450 0.5348837 0.5736434 0.496124 0.6046512
0.2635659 0.4108527 0.3875969 0.3333333 0.4341085 0.4651163 0.4418605 0.4651163 0.4573643 0.4186047 0.4418605
0.6304348 0.6376812 0.5724638 0.4710145 0.3188406 0.2608696 0.3478261 0.2826087 0.2608696 0.2826087 0.2391304
0.5882353 0.4779412 0.5955882 0.5588235 0.6102941 0.632353 0.7794118 0.6911765 0.7941176 0.6838235 0.6691176
0.5488722 0.4661654 0.5112782 0.5789474 0.6541353 0.7293233 0.6240602 0.6691729 0.7443609 0.7593985 0.849624
0.1857143 0.1142857 0.1071429 0.07857143 0.1857143 0.1285714 0.2 0.2 0.2714286 0.3571429 0.2928571
0.5503876 0.4651163 0.5426357 0.6046512 0.4883721 0.5736434 0.503876 0.4341085 0.3798450 0.3643411 0.3488372
0.9328358 0.7835821 0.880597 0.9701493 0.8955224 0.8059701 0.8507463 0.7835821 0.8955224 0.7686567 0.5746269
0.4029851 0.5223881 0.2985075 0.4402985 0.4029851 0.4776119 0.4402985 0.4850746 0.5149254 0.4701493 0.5970149
0.4263566 0.3875969 0.3333333 0.3333333 0.4031008 0.4108527 0.3798450 0.3565891 0.3798450 0.3255814 0.3643411
0.2330827 0.2255639 0.1954887 0.2481203 0.2781955 0.1353383 0.1278195 0.1127820 0.1654135 0.1654135 0.1503759
0.1472868 0.1705426 0.1937984 0.248062 0.3488372 0.4651163 0.4496124 0.5348837 0.5503876 0.5193798 0.5813953
0.5147059 0.5294118 0.625 0.5808824 0.5882353 0.6691176 0.7279412 0.6911765 0.7941176 0.7279412 0.6691176
0.7720588 0.75 0.7941176 0.7279412 0.6544118 0.757353 0.7279412 0.6470588 0.5735294 0.5588235 0.5294118
0.8062016 0.7829457 0.7364341 0.6821705 0.8139535 0.751938 0.7906977 0.7209302 0.620155 0.5348837 0.5891473
0.3082707 0.2781955 0.1954887 0.2406015 0.2330827 0.1654135 0.1578947 0.1879699 0.1804511 0.1804511 0.1804511
0.8731343 0.9701493 0.880597 0.9179104 0.8208955 0.9179104 0.8507463 0.7835821 0.7686567 0.8507463 0.8283582
0.4647887 0.3239437 0.3943662 0.528169 0.3732394 0.4366197 0.4647887 0.4366197 0.4295775 0.3732394 0.3873239
0.2296296 0.2 0.1185185 0.1407407 0.08148148 0.1037037 0.08888889 0.0962963 0.08148148 0.08888889 0.1037037
0.2686567 0.3134328 0.2761194 0.2537313 0.3432836 0.3731343 0.4402985 0.4104478 0.4402985 0.4776119 0.4925373
0.8518519 0.8222222 0.762963 0.6740741 0.5259259 0.4518519 0.3629630 0.2 0.1925926 0.1407407 0.1037037
0.5864662 0.5413534 0.4661654 0.4360902 0.5714286 0.406015 0.6090226 0.4887218 0.5864662 0.4210526 0.5639098
0.01503759 0.01503759 0.01503759 0.02255639 0.01503759 0.007518797 0.007518797 0.007518797 0.007518797 0.01503759 0
0.2781955 0.3684211 0.4511278 0.4285714 0.3383459 0.3383459 0.3157895 0.2706767 0.2105263 0.2030075 0.1578947
0.6165414 0.5037594 0.6165414 0.7142857 0.631579 0.7819549 0.8270677 0.7744361 0.7443609 0.7593985 0.6842105
0.08888889 0.05925926 0.06666667 0.05185185 0.04444444 0.03703704 0.04444444 0.02962963 0.04444444 0.08148148 0.07407407
0.612676 0.5422535 0.5492958 0.4788732 0.4014085 0.2676056 0.2323944 0.2323944 0.1971831 0.1760563 0.1760563
0.8283582 0.8283582 0.8134328 0.7985075 0.8955224 0.761194 0.7686567 0.8507463 0.7835821 0.7686567 0.8283582
0.503876 0.5968992 0.5658915 0.627907 0.5813953 0.5968992 0.5736434 0.6124031 0.5813953 0.627907 0.620155
0.05970149 0.08208955 0.2388060 0.2761194 0.2985075 0.4776119 0.5074627 0.6343284 0.6865672 0.7014925 0.641791
0.6478873 0.5211268 0.3802817 0.3098592 0.1901408 0.1408451 0.07746479 0.06338028 0.04929577 0.03521127 0.02816901
0.1798561 0.1726619 0.1870504 0.1726619 0.1223022 0.1726619 0.1582734 0.1582734 0.1510791 0.1798561 0.1798561
0.1014493 0.1449275 0.07971014 0.1231884 0.1521739 0.2028986 0.1666667 0.1739130 0.2608696 0.2318841 0.2391304
0.8527132 0.883721 0.7751938 0.8449612 0.8372093 0.7674419 0.7209302 0.6976744 0.6976744 0.8372093 0.7984496
0.7368421 0.6917293 0.6992481 0.6842105 0.7218045 0.7819549 0.7443609 0.7744361 0.7443609 0.7593985 0.849624
0.518797 0.5263158 0.556391 0.5037594 0.5263158 0.5413534 0.4360902 0.3383459 0.3383459 0.2556391 0.2556391
0.7357143 0.75 0.6857143 0.6357143 0.7 0.6 0.5571429 0.5642857 0.5071429 0.5 0.5214286
0.2015504 0.1860465 0.1782946 0.2558140 0.1860465 0.248062 0.3178295 0.3643411 0.4341085 0.4031008 0.4651163
0.8478261 0.7536232 0.7971014 0.826087 0.7826087 0.7028986 0.8623188 0.8333333 0.7101449 0.768116 0.6594203
0.3643411 0.2713178 0.372093 0.2558140 0.2635659 0.2790698 0.2790698 0.2248062 0.2170543 0.1705426 0.1472868
0.4148148 0.4222222 0.4814815 0.4962963 0.4592593 0.4814815 0.4666667 0.5333333 0.5259259 0.4962963 0.562963
0.6838235 0.6544118 0.625 0.6985294 0.6397059 0.6617647 0.7279412 0.6838235 0.8014706 0.6691176 0.7058824
0.8646617 0.7593985 0.8947368 0.8721805 0.7969925 0.7293233 0.7368421 0.6541353 0.6541353 0.6842105 0.5338346
0.3956835 0.4460432 0.4748201 0.4460432 0.5395683 0.5467626 0.5611511 0.4604317 0.3956835 0.5035971 0.4892086
0.07352941 0.125 0.09558824 0.07352941 0.125 0.1029412 0.1323529 0.1617647 0.1764706 0.2132353 0.1911765
0.9333333 0.9111111 0.874074 0.9555556 0.9481481 0.8074074 0.8814815 0.9037037 0.8888889 0.8296296 0.8148148
0.8518519 0.9111111 0.9037037 0.9111111 0.8888889 0.8888889 0.8148148 0.9037037 0.8888889 0.8296296 0.8148148
0.8518519 0.9111111 0.9111111 0.9555556 0.837037 0.9555556 0.8 0.7555556 0.7851852 0.8296296 0.8148148
0.1492537 0.2537313 0.2388060 0.2835821 0.3134328 0.3507463 0.3432836 0.4328358 0.4029851 0.4701493 0.4850746
0.9428571 0.9714286 0.9142857 0.9214286 0.9642857 0.9142857 0.9357143 0.8857143 0.8142857 0.8142857 0.7142857
0.1214286 0.07142857 0.06428571 0.04285714 0.03571429 0.03571429 0.04285714 0.02142857 0.02857143 0.02142857 0.03571429
0.4592593 0.437037 0.3629630 0.2222222 0.1925926 0.1037037 0.08888889 0.06666667 0.04444444 0.03703704 0.02222222
0.3676471 0.3823529 0.3602941 0.2867647 0.2720588 0.2867647 0.2573529 0.1911765 0.1911765 0.1985294 0.1470588
0.6992481 0.5639098 0.6766917 0.7218045 0.7293233 0.7368421 0.6165414 0.6541353 0.6015038 0.4210526 0.4511278
0.1159420 0.2028986 0.1014493 0.1014493 0.1521739 0.08695652 0.1231884 0.0942029 0.1231884 0.1521739 0.1376812
0.5333333 0.4296296 0.3851852 0.3555556 0.2370370 0.1777778 0.1777778 0.1259259 0.08148148 0.07407407 0.06666667
0.7751938 0.7984496 0.8914729 0.7906977 0.8139535 0.9689922 0.8527132 0.7906977 0.8914729 0.7286822 0.7984496
0.556391 0.5037594 0.5413534 0.4210526 0.5112782 0.4661654 0.4586466 0.4962406 0.5338346 0.5037594 0.443609
0.04929577 0.05633803 0.04929577 0.06338028 0.04929577 0.07042254 0.09859155 0.07746479 0.1126761 0.1408451 0.1971831
0.9492754 0.8985507 0.8913043 0.826087 0.8333333 0.9275362 0.8695652 0.8333333 0.7536232 0.8550725 0.789855
0.2330827 0.1879699 0.1954887 0.2481203 0.2631579 0.2255639 0.2932331 0.3308271 0.3533835 0.3609023 0.3909774
0.9333333 0.9333333 0.9111111 0.9111111 0.8888889 0.9555556 0.8814815 0.9037037 0.8888889 0.8296296 0.8148148
0.744186 0.7364341 0.8062016 0.7209302 0.7054264 0.744186 0.5968992 0.6124031 0.5271318 0.496124 0.4496124
0.5683453 0.5323741 0.5755396 0.4028777 0.4100719 0.323741 0.2661871 0.2374101 0.2230216 0.2302158 0.1942446
0.1549296 0.1478873 0.1690141 0.2042254 0.1760563 0.1619718 0.2183099 0.1971831 0.2323944 0.2323944 0.3169014
0.5 0.6343284 0.5 0.5298507 0.4925373 0.3955224 0.4029851 0.3283582 0.3059701 0.3059701 0.2611940
0.9568345 0.9280576 0.9064748 0.884892 0.8920863 0.8705036 0.8489209 0.8417266 0.8705036 0.8705036 0.8345324
0.08888889 0.1111111 0.1333333 0.1777778 0.2 0.2 0.2074074 0.1703704 0.1925926 0.2148148 0.2518519
0.2605634 0.2183099 0.3309859 0.3732394 0.4014085 0.3591549 0.4225352 0.5352113 0.471831 0.4929577 0.5422535
0.8920863 0.8129496 0.8920863 0.8201439 0.8273381 0.8705036 0.8489209 0.7553957 0.7769784 0.8705036 0.7122302
0.9701493 0.9552239 0.9626866 0.9701493 0.902985 0.9179104 0.8880597 0.8507463 0.8955224 0.8507463 0.7537313
0.6766917 0.631579 0.6616541 0.6390977 0.6541353 0.8721805 0.8270677 0.9097744 0.8721805 0.8270677 0.849624
0.2714286 0.2428571 0.4 0.5214286 0.4642857 0.4928571 0.6214286 0.65 0.7071429 0.6785714 0.7142857
0.4651163 0.4418605 0.620155 0.6744186 0.7131783 0.8527132 0.8992248 0.9147287 0.8914729 0.8372093 0.7984496
0.007352941 0.01470588 0.01470588 0.02205882 0.02205882 0.1029412 0.1176471 0.1911765 0.2794118 0.3308824 0.375
0.4962406 0.5413534 0.5112782 0.481203 0.518797 0.3684211 0.4661654 0.4135338 0.3383459 0.3609023 0.3157895
0.2248062 0.3333333 0.4108527 0.4573643 0.6124031 0.6666667 0.6124031 0.7209302 0.6976744 0.7286822 0.7984496
0.4496124 0.4263566 0.4418605 0.5271318 0.5193798 0.6434109 0.5891473 0.5813953 0.6976744 0.6511628 0.6821705
0.7028986 0.789855 0.7101449 0.8115942 0.768116 0.9275362 0.7826087 0.8333333 0.6884058 0.6956522 0.5869565
0.1594203 0.2753623 0.1739130 0.1449275 0.1304348 0.1159420 0.1304348 0.1014493 0.1231884 0.1304348 0.1231884
0.3178295 0.4031008 0.4108527 0.5968992 0.496124 0.5348837 0.5968992 0.5891473 0.5813953 0.6124031 0.6821705
0.6541353 0.6015038 0.6616541 0.631579 0.5714286 0.5714286 0.5639098 0.556391 0.5488722 0.518797 0.5338346
0 0 0 0 0 0 0 0.01550388 0.02325581 0.03875969 0.04651163
0.1714286 0.07142857 0.04285714 0.02857143 0.01428571 0 0 0 0 0 0
0.7857143 0.7642857 0.6785714 0.75 0.75 0.6785714 0.6071429 0.65 0.5571429 0.5285714 0.4785714
0.1578947 0.1578947 0.09774436 0.1654135 0.1353383 0.1729323 0.1879699 0.1954887 0.2105263 0.1729323 0.2105263
0.7669173 0.7518797 0.7067669 0.81203 0.8270677 0.7819549 0.7443609 0.7218045 0.7142857 0.7142857 0.6842105
0.913669 0.8489209 0.9064748 0.8633094 0.9640288 0.8776978 0.8129496 0.8992806 0.8705036 0.8705036 0.8345324
0.2246377 0.3260870 0.3260870 0.3188406 0.3985507 0.4927536 0.442029 0.6231884 0.5 0.5072464 0.5434783
0.2867647 0.2205882 0.1102941 0.125 0.1176471 0.1029412 0.1102941 0.1102941 0.1397059 0.09558824 0.125
0.6716418 0.6567164 0.641791 0.5895522 0.6268657 0.5895522 0.6641791 0.5223881 0.5597015 0.5447761 0.5970149
0.8478261 0.789855 0.789855 0.8623188 0.9057971 0.9275362 0.8695652 0.9130435 0.8478261 0.8550725 0.789855
0.03676471 0.03676471 0.07352941 0.06617647 0.1176471 0.1176471 0.1764706 0.1911765 0.2426471 0.3529412 0.3602941
0.631579 0.5488722 0.6090226 0.5789474 0.6015038 0.7142857 0.6240602 0.6766917 0.8721805 0.7593985 0.849624
0.6760563 0.6549296 0.6197183 0.6901408 0.5704225 0.584507 0.5352113 0.4929577 0.5704225 0.4929577 0.5140845
0.556391 0.5488722 0.5864662 0.5789474 0.556391 0.593985 0.5714286 0.518797 0.6165414 0.6165414 0.556391
0.2406015 0.1879699 0.2180451 0.1954887 0.1654135 0.2180451 0.1954887 0.1052632 0.1804511 0.1729323 0.1804511
0.8059701 0.7985075 0.7164179 0.7985075 0.6716418 0.6865672 0.7686567 0.6865672 0.6492537 0.7014925 0.619403
0.2706767 0.2481203 0.2030075 0.2932331 0.3157895 0.3383459 0.2857143 0.406015 0.3984962 0.3834586 0.4511278
0.7816901 0.7605634 0.7535211 0.7746479 0.8098592 0.7464789 0.7464789 0.8521127 0.7323944 0.7323944 0.8309859
0.6090226 0.5488722 0.6165414 0.6390977 0.5112782 0.4661654 0.5488722 0.4135338 0.4736842 0.3383459 0.3684211
0.1085271 0.08527132 0.1317829 0.1395349 0.1395349 0.1162791 0.1472868 0.1162791 0.08527132 0.07751938 0.08527132
0.2962963 0.2888889 0.3851852 0.2518519 0.3777778 0.4148148 0.5111111 0.4888889 0.5259259 0.6592593 0.5777778
0.6992481 0.6541353 0.6090226 0.5864662 0.5714286 0.593985 0.5789474 0.5789474 0.6390977 0.5714286 0.4962406
0.1798561 0.1726619 0.1510791 0.1438849 0.2014388 0.1438849 0.1654676 0.1870504 0.2086331 0.2446043 0.2661871
0.4962406 0.5037594 0.556391 0.4962406 0.556391 0.5413534 0.3684211 0.3759398 0.3458647 0.3233083 0.3233083
0.06716418 0.05970149 0.1119403 0.1492537 0.2835821 0.2910448 0.3358209 0.3955224 0.4029851 0.4179104 0.4701493
0.03676471 0.05147059 0.08088235 0.1397059 0.1544118 0.2720588 0.2205882 0.3382353 0.375 0.4117647 0.4191176
0.4586466 0.518797 0.5112782 0.5488722 0.4586466 0.3759398 0.2631579 0.2706767 0.3233083 0.2781955 0.3233083
0.3955224 0.4253731 0.4402985 0.4402985 0.5746269 0.5820896 0.5746269 0.6044776 0.5970149 0.5373134 0.641791
0.8235294 0.75 0.7205882 0.7058824 0.8308824 0.7205882 0.7867647 0.8014706 0.882353 0.7132353 0.8088235
0.09302326 0.1550388 0.1472868 0.2248062 0.1860465 0.2558140 0.3178295 0.3953488 0.4108527 0.4031008 0.4108527
0.9492754 0.9782609 0.9347826 0.9710145 0.9710145 0.9782609 0.942029 0.9130435 0.8478261 0.8550725 0.789855
0.9 0.85 0.9857143 0.9214286 0.9071429 0.9428571 0.9357143 0.8857143 0.9214286 0.8142857 0.7785714
0.9568345 0.9928058 0.8920863 0.9568345 0.8920863 0.8776978 0.8489209 0.8992806 0.8705036 0.8705036 0.8345324
0.02962963 0.04444444 0.03703704 0.0962963 0.0962963 0.1481481 0.08148148 0.0962963 0.1703704 0.1259259 0.2
0.3533835 0.4210526 0.3533835 0.2857143 0.1879699 0.1804511 0.1203008 0.06015038 0.09774436 0.06015038 0.06015038
0.1014493 0.1449275 0.1086957 0.0942029 0.07246377 0.07246377 0.06521739 0.06521739 0.06521739 0.04347826 0.05072464
0.4779412 0.5514706 0.6397059 0.625 0.5735294 0.6838235 0.625 0.6838235 0.75 0.6691176 0.7058824
0.9224806 0.875969 0.8914729 0.8992248 0.8449612 0.8527132 0.8527132 0.8217054 0.8914729 0.8372093 0.7984496
0.4661654 0.5263158 0.4511278 0.3157895 0.2857143 0.2180451 0.1954887 0.1578947 0.1654135 0.1203008 0.1052632
0.3759398 0.4210526 0.5037594 0.5037594 0.6917293 0.6691729 0.6466165 0.5864662 0.8421053 0.6842105 0.7142857
0.1726619 0.1726619 0.2086331 0.1438849 0.1798561 0.2230216 0.1510791 0.1654676 0.1942446 0.2014388 0.1798561
0.4253731 0.4328358 0.4477612 0.380597 0.5373134 0.5 0.5373134 0.4477612 0.5 0.4626866 0.4925373
0.1428571 0.1285714 0.1642857 0.1714286 0.2714286 0.3642857 0.2214286 0.3285714 0.3428571 0.3428571 0.4
0.02877698 0.04316547 0.05035971 0.0647482 0.0647482 0.07913669 0.1438849 0.1654676 0.2086331 0.2014388 0.2230216
0.4357143 0.5785714 0.5357143 0.45 0.55 0.4571429 0.4071429 0.45 0.4714286 0.3642857 0.4
0.4962963 0.5925926 0.5407407 0.5185185 0.5925926 0.6 0.5703704 0.5333333 0.8888889 0.6592593 0.6518519
0.04444444 0.01481481 0.02222222 0.05185185 0.04444444 0.03703704 0.03703704 0.03703704 0.05925926 0.07407407 0.07407407
0.04411765 0.02941176 0.02941176 0.02205882 0.01470588 0.007352941 0.01470588 0.007352941 0.02205882 0.01470588 0.01470588
0.7744361 0.8045113 0.8195489 0.7593985 0.6917293 0.8045113 0.8195489 0.8571429 0.7368421 0.7593985 0.6842105
0.2462687 0.2686567 0.1865672 0.1492537 0.1268657 0.08955224 0.04477612 0.02985075 0.03731343 0.02238806 0.02238806
0.9492754 0.9782609 0.9782609 0.9710145 0.8985507 0.7608696 0.7463768 0.7391304 0.5797101 0.4927536 0.4275362
0.3157895 0.4586466 0.4511278 0.5037594 0.4887218 0.4210526 0.4210526 0.4285714 0.4210526 0.406015 0.518797
0.8732394 0.9084507 0.9014085 0.943662 0.8098592 0.7957746 0.8450704 0.9295775 0.6901408 0.6338028 0.6197183
0.9856115 0.971223 0.9568345 0.9928058 0.9784173 0.9496403 0.9208633 0.8992806 0.8705036 0.8705036 0.705036
0.5581395 0.5736434 0.5271318 0.5116279 0.496124 0.3798450 0.503876 0.5348837 0.5116279 0.4883721 0.5271318
0.05 0.07142857 0.05 0.04285714 0.08571429 0.05 0.07142857 0.07142857 0.09285714 0.09285714 0.08571429
0.7238806 0.7985075 0.761194 0.9179104 0.8208955 0.761194 0.8880597 0.8507463 0.7686567 0.8507463 0.8283582
0.8646617 0.8571429 0.8045113 0.8796992 0.7669173 0.7293233 0.7067669 0.7744361 0.6541353 0.6842105 0.7142857
0.6589147 0.6976744 0.6744186 0.627907 0.6046512 0.5813953 0.4806202 0.3565891 0.3643411 0.2248062 0.1937984
0.742647 0.8308824 0.867647 0.7279412 0.8308824 0.8308824 0.9264706 0.9338235 0.882353 0.8014706 0.8088235
0.3208955 0.4029851 0.4626866 0.4402985 0.5746269 0.6716418 0.738806 0.7014925 0.7835821 0.8507463 0.8283582
0.6043165 0.6043165 0.705036 0.705036 0.647482 0.4892086 0.5035971 0.4892086 0.4532374 0.381295 0.3741007
