0.765625 0.8203125 0.84375 0.8203125 0.828125 0.75 0.8671875 0.8125 0.7734375 0.828125 0.7578125
0.3706897 0.362069 0.3793103 0.3275862 0.3017241 0.3103448 0.3017241 0.2931034 0.2844828 0.2758621 0.2672414
0.8956522 0.947826 0.9565217 0.9217391 0.9043478 0.9217391 0.9391304 0.9304348 0.8956522 0.8695652 0.8695652
0.8099174 0.8512397 0.8016529 0.8429752 0.8099174 0.8429752 0.7272727 0.7272727 0.7355372 0.7438017 0.6446281
0.1229508 0.1393443 0.1311475 0.09836066 0.1229508 0.09836066 0.09836066 0.1475410 0.1803279 0.1967213 0.1639344
0.9217391 0.947826 0.9217391 0.9043478 0.9130435 0.9217391 0.9391304 0.8608696 0.8956522 0.8695652 0.8695652
0.2 0.1652174 0.2260870 0.2086957 0.2347826 0.2956522 0.3652174 0.2869565 0.3043478 0.3739130 0.4086957
0.65 0.6416667 0.65 0.6 0.6166667 0.6 0.6583333 0.6416667 0.6 0.525 0.4583333
0.2519685 0.3464567 0.3622047 0.4488189 0.4173228 0.5748031 0.5275591 0.5511811 0.5748031 0.5669291 0.5511811
0.4583333 0.4416667 0.4416667 0.4916667 0.5416667 0.5 0.5916667 0.6166667 0.7333333 0.6416667 0.6333333
0.08695652 0.07826087 0.09565217 0.1565217 0.1565217 0.2173913 0.2956522 0.3217391 0.3739130 0.4173913 0.5391304
0.5086207 0.6551724 0.6982759 0.6637931 0.7155172 0.5862069 0.7672414 0.7155172 0.7672414 0.7413793 0.724138
0.8416667 0.8083333 0.8583333 0.9 0.8583333 0.8583333 0.8666667 0.725 0.8583333 0.725 0.7333333
0.3553719 0.2809917 0.2727273 0.3636364 0.3471074 0.3884298 0.4793388 0.4132231 0.5371901 0.4793388 0.5619835
0.2601626 0.2682927 0.2520325 0.3089431 0.2601626 0.2439024 0.2764228 0.2601626 0.2601626 0.2357724 0.2520325
0.1639344 0.1311475 0.08196721 0.09836066 0.07377049 0.04918033 0.04098361 0.04098361 0.04098361 0.08196721 0.1065574
0.1570248 0.2561983 0.2975207 0.3636364 0.3966942 0.4628099 0.5289256 0.5619835 0.5950413 0.6446281 0.6198347
0.5565217 0.5826087 0.6086957 0.6086957 0.7043478 0.6695652 0.7043478 0.7391304 0.8086957 0.7826087 0.8695652
0.8534483 0.8362069 0.8534483 0.8362069 0.7413793 0.7931034 0.5862069 0.5862069 0.6896552 0.5431034 0.5517241
0.862069 0.8103448 0.775862 0.8362069 0.7155172 0.724138 0.7155172 0.5689655 0.5172414 0.4741379 0.4396552
0.2173913 0.2 0.2260870 0.2521739 0.2260870 0.3478261 0.3565217 0.4347826 0.3826087 0.573913 0.6173913
0.3 0.3333333 0.3583333 0.3 0.3166667 0.325 0.3166667 0.3083333 0.35 0.35 0.4083333
0.7844828 0.8793103 0.8534483 0.7586207 0.8017241 0.8189655 0.8793103 0.8534483 0.8103448 0.8275862 0.8448276
0.3658537 0.3414634 0.3333333 0.3252033 0.3089431 0.2682927 0.2682927 0.2439024 0.2520325 0.3333333 0.3170732
0.025 0.025 0.03333333 0.025 0.04166667 0.025 0.075 0.075 0.1 0.2083333 0.2333333
0.1583333 0.125 0.1583333 0.175 0.1333333 0.1416667 0.1166667 0.1083333 0.1833333 0.1833333 0.2166667
0.8333333 0.7583333 0.7583333 0.6333333 0.525 0.4333333 0.4416667 0.3666667 0.2833333 0.1833333 0.1666667
0.5 0.525 0.5 0.6 0.6166667 0.5666667 0.55 0.55 0.575 0.55 0.5166667
0.04878049 0.04878049 0.02439024 0.03252033 0.02439024 0.04065041 0.008130081 0.01626016 0 0 0
0.35 0.3916667 0.35 0.4083333 0.425 0.3666667 0.4916667 0.3916667 0.375 0.3666667 0.3583333
0.3471074 0.2809917 0.2975207 0.3305785 0.2644628 0.2314050 0.1983471 0.1570248 0.1652893 0.08264463 0.08264463
0.09756098 0.08130081 0.1463415 0.1382114 0.1788618 0.2682927 0.3089431 0.300813 0.3577236 0.4065041 0.398374
0.6147541 0.5327869 0.4836066 0.4672131 0.4344262 0.3114754 0.2622951 0.2131148 0.1803279 0.1147541 0.1065574
0.2125984 0.2125984 0.2440945 0.2440945 0.2362205 0.2913386 0.3385827 0.3937008 0.4015748 0.4724409 0.488189
0.7868852 0.8442623 0.8934426 0.7213115 0.852459 0.8114754 0.8032787 0.8770492 0.8852459 0.8032787 0.8032787
0.6062992 0.6141732 0.5826772 0.6141732 0.6929134 0.6771654 0.6771654 0.6929134 0.7007874 0.6850394 0.7322835
0.4 0.3083333 0.2583333 0.2333333 0.15 0.1 0.1083333 0.05 0.025 0.008333333 0.01666667
0.1417323 0.09448819 0.09448819 0.08661417 0.09448819 0.1181102 0.1338583 0.1181102 0.1732283 0.2047244 0.1574803
0.1157025 0.0661157 0.08264463 0.1404959 0.0909091 0.0909091 0.1074380 0.1157025 0.1074380 0.1157025 0.1818182
0.9217391 0.8695652 0.8 0.9043478 0.8347826 0.826087 0.8434783 0.7652174 0.7652174 0.7565217 0.773913
0.8503937 0.8110236 0.6692913 0.7007874 0.7322835 0.7952756 0.7795276 0.7401575 0.9133858 0.8031496 0.7716535
0.2416667 0.25 0.2666667 0.2666667 0.2833333 0.275 0.1916667 0.25 0.1416667 0.1583333 0.1
0.8 0.6782609 0.7130435 0.626087 0.626087 0.626087 0.5565217 0.5130435 0.4347826 0.3304348 0.3304348
0.8173913 0.7304348 0.7391304 0.8086957 0.8347826 0.8086957 0.7478261 0.7652174 0.6956522 0.7130435 0.6521739
0.25 0.2166667 0.1833333 0.1833333 0.15 0.1 0.075 0.075 0.03333333 0.04166667 0.03333333
0.5853659 0.4552846 0.5772358 0.4308943 0.5772358 0.5284553 0.495935 0.5284553 0.4634146 0.504065 0.5203252
0.6504065 0.699187 0.6829268 0.6504065 0.6422764 0.6422764 0.6341463 0.6666667 0.6910569 0.7317073 0.7479675
0.1796875 0.140625 0.109375 0.1015625 0.0703125 0.078125 0.09375 0.0546875 0.0390625 0.078125 0.0625
0.9186992 0.902439 0.9593496 0.9512195 0.9512195 0.9430894 0.9593496 0.9105691 0.9105691 0.8536585 0.8780488
0.9310345 0.9482759 0.9482759 0.9827586 0.9482759 0.8965517 0.9396552 0.974138 0.8103448 0.8275862 0.8448276
0.9105691 0.8373984 0.894309 0.8373984 0.8373984 0.8861789 0.804878 0.8536585 0.7235772 0.6910569 0.699187
0.1982759 0.3103448 0.2758621 0.3189655 0.362069 0.3793103 0.387931 0.4655172 0.387931 0.5258621 0.5344828
0.9310345 0.9913793 0.9568966 0.9310345 0.8965517 0.8965517 0.8965517 0.974138 0.8103448 0.8275862 0.8448276
0.1463415 0.1626016 0.1544715 0.1219512 0.1138211 0.0894309 0.08130081 0.0894309 0.0894309 0.06504065 0.04878049
0.4308943 0.398374 0.3333333 0.2032520 0.2357724 0.1788618 0.07317073 0.06504065 0.03252033 0.02439024 0.01626016
0.4330709 0.4173228 0.3937008 0.4173228 0.3307087 0.3070866 0.3228346 0.2992126 0.2283465 0.2362205 0.2204724
0.625 0.6166667 0.5916667 0.5833333 0.5416667 0.5 0.4833333 0.4583333 0.4416667 0.4166667 0.3916667
0.0894309 0.06504065 0.06504065 0.04065041 0.0894309 0.07317073 0.0894309 0.1138211 0.1300813 0.2032520 0.1951220
0.625 0.5583333 0.4666667 0.4166667 0.3583333 0.3083333 0.2916667 0.2 0.1416667 0.09166667 0.075
0.7916667 0.7166667 0.6583333 0.7083333 0.75 0.8416667 0.7083333 0.9166667 0.8 0.9 0.7666667
0.3359375 0.359375 0.34375 0.3203125 0.390625 0.3984375 0.4140625 0.3984375 0.453125 0.3984375 0.4453125
0.6033058 0.5371901 0.5950413 0.5371901 0.5785124 0.5867769 0.5867769 0.5702479 0.5371901 0.5454545 0.5123967
0.704918 0.6557377 0.7704918 0.6639344 0.7377049 0.6885246 0.8688525 0.7295082 0.7540984 0.8852459 0.852459
0.25 0.2166667 0.3 0.1916667 0.1916667 0.2583333 0.25 0.2833333 0.35 0.3666667 0.3833333
0.876033 0.9586777 0.9256198 0.9504132 0.9586777 0.9586777 0.9586777 0.9504132 0.9090909 0.9008264 0.9090909
0.8333333 0.8 0.6666667 0.7583333 0.65 0.5833333 0.575 0.4583333 0.4083333 0.3333333 0.3333333
0.6796875 0.5703125 0.65625 0.5234375 0.4140625 0.5703125 0.4375 0.4375 0.3671875 0.453125 0.3671875
0.4956522 0.4347826 0.4347826 0.4521739 0.5130435 0.5478261 0.4260870 0.3739130 0.4521739 0.3652174 0.3565217
0.8608696 0.8782609 0.8695652 0.8434783 0.9043478 0.8521739 0.8434783 0.7913043 0.6956522 0.6782609 0.8173913
0.01724138 0.01724138 0.01724138 0.01724138 0.00862069 0.05172414 0.06896552 0.01724138 0.06896552 0.1034483 0.09482759
0.3770492 0.4180328 0.4180328 0.4672131 0.4262295 0.4918033 0.4016393 0.4262295 0.4508197 0.4508197 0.4754098
0.704918 0.8360656 0.6639344 0.8032787 0.7131148 0.7622951 0.7213115 0.8114754 0.8278689 0.8032787 0.852459
0.9310345 0.9482759 0.9482759 0.9310345 0.9482759 0.9310345 0.8793103 0.974138 0.7672414 0.8275862 0.8448276
0.504065 0.5853659 0.6666667 0.6666667 0.6178862 0.7235772 0.6910569 0.6666667 0.7886179 0.796748 0.7479675
0.362069 0.3793103 0.4568966 0.5 0.612069 0.5086207 0.6034483 0.5948276 0.6293103 0.6637931 0.724138
0.55 0.5416667 0.5416667 0.6 0.6833333 0.8 0.875 0.925 0.7666667 0.8833333 0.8416667
0.6 0.6416667 0.65 0.5083333 0.55 0.4833333 0.55 0.4916667 0.4583333 0.425 0.4416667
0.5327869 0.6147541 0.6311475 0.5983607 0.6557377 0.6885246 0.6803279 0.7704918 0.8278689 0.8032787 0.7131148
0.887931 0.9051724 0.9310345 0.9396552 0.9482759 0.887931 0.9396552 0.8706897 0.8103448 0.7413793 0.724138
0.2413793 0.2241379 0.1724138 0.2586207 0.2327586 0.2241379 0.2155172 0.2672414 0.2327586 0.2758621 0.2413793
0.352459 0.4590164 0.4016393 0.4672131 0.4918033 0.5655738 0.5737705 0.6557377 0.704918 0.6885246 0.8114754
0.4214876 0.4297521 0.4214876 0.4132231 0.4710744 0.5289256 0.4628099 0.4958678 0.5371901 0.6694215 0.7107438
0.007874016 0.007874016 0 0 0.007874016 0.01574803 0.01574803 0.01574803 0.01574803 0.02362205 0.03149606
0.1130435 0.07826087 0.06956522 0.03478261 0 0.008695652 0.008695652 0.008695652 0.01739130 0 0
0.3442623 0.3770492 0.3606557 0.2868852 0.2295082 0.1967213 0.1147541 0.1885246 0.09016393 0.1147541 0.1065574
0.1788618 0.2845528 0.2682927 0.2926829 0.2520325 0.3170732 0.3414634 0.3495935 0.3577236 0.3821138 0.3739837
0.5785124 0.7107438 0.6942149 0.785124 0.7520661 0.7933884 0.8595041 0.9504132 0.8429752 0.8181818 0.9090909
0.1652174 0.2 0.2260870 0.2782609 0.2956522 0.3043478 0.3652174 0.4347826 0.4173913 0.4173913 0.4173913
0.768595 0.7355372 0.6446281 0.6694215 0.5867769 0.5867769 0.6198347 0.5702479 0.5206612 0.5950413 0.5619835
0 0 0.008333333 0 0 0.06666667 0.08333333 0.1166667 0.2333333 0.3 0.3166667
0.4166667 0.4 0.4583333 0.4666667 0.475 0.5 0.6583333 0.6333333 0.7 0.75 0.7083333
0.325 0.3166667 0.4083333 0.4333333 0.425 0.4916667 0.4416667 0.5166667 0.55 0.7 0.6583333
0.4796748 0.4390244 0.4878049 0.5284553 0.5934959 0.5609756 0.5609756 0.6097561 0.5772358 0.6910569 0.7073171
0.3359375 0.3359375 0.3359375 0.265625 0.2734375 0.1875 0.15625 0.140625 0.1328125 0.0703125 0.1015625
0.2068966 0.1982759 0.2241379 0.2586207 0.2327586 0.2931034 0.3017241 0.2931034 0.3534483 0.3793103 0.362069
0.6585366 0.7723577 0.8699187 0.7317073 0.8373984 0.8699187 0.8699187 0.8536585 0.8617886 0.8536585 0.8780488
0.296875 0.2734375 0.28125 0.2578125 0.203125 0.1796875 0.171875 0.125 0.171875 0.15625 0.1875
0.08130081 0.06504065 0.08130081 0.06504065 0.1463415 0.1138211 0.1219512 0.1463415 0.2276423 0.300813 0.2764228
0.4956522 0.4521739 0.6086957 0.6521739 0.626087 0.6608696 0.7130435 0.7391304 0.6347826 0.7130435 0.8173913
0.4552846 0.495935 0.4634146 0.5447154 0.5121951 0.5284553 0.4227642 0.5284553 0.3414634 0.300813 0.3170732
0.421875 0.4765625 0.625 0.484375 0.4921875 0.4765625 0.4765625 0.3984375 0.3671875 0.34375 0.3515625
0.5130435 0.5130435 0.4695652 0.4086957 0.4521739 0.4086957 0.4173913 0.3565217 0.3739130 0.3652174 0.4
0.5565217 0.5652174 0.573913 0.4869565 0.5130435 0.4782609 0.4260870 0.5130435 0.4347826 0.5217391 0.4086957
0.7916667 0.8083333 0.8083333 0.6833333 0.725 0.6666667 0.7333333 0.725 0.6666667 0.7083333 0.7333333
0.1465517 0.1810345 0.1379310 0.2241379 0.2155172 0.25 0.2413793 0.2931034 0.3103448 0.3189655 0.3275862
0.974138 0.9913793 0.9568966 0.9827586 0.9482759 0.9310345 0.9396552 0.974138 0.8103448 0.8275862 0.8448276
0.974138 0.9913793 0.9568966 0.9827586 0.9482759 0.9310345 0.9396552 0.974138 0.8103448 0.8275862 0.8448276
0.9512195 0.9674797 0.9593496 0.9837398 0.9674797 0.9430894 0.9268293 0.8861789 0.8699187 0.8861789 0.7235772
0.04132231 0.03305785 0.04132231 0.1157025 0.0909091 0.1239669 0.2066116 0.2396694 0.2809917 0.2148760 0.2809917
0.5826087 0.6434783 0.4956522 0.4521739 0.3478261 0.2521739 0.2347826 0.1913043 0.1652174 0.1217391 0.06956522
0.05833333 0.03333333 0.03333333 0.01666667 0.01666667 0.008333333 0 0.008333333 0.008333333 0.01666667 0.01666667
0.9310345 0.9482759 0.9568966 0.9827586 0.9482759 0.9310345 0.9396552 0.974138 0.8103448 0.8275862 0.8448276
0.1724138 0.1724138 0.1206897 0.1810345 0.1293103 0.1293103 0.1465517 0.1465517 0.1637931 0.1637931 0.1293103
0.4173228 0.3464567 0.3858268 0.3937008 0.3779528 0.4409449 0.5590551 0.496063 0.5590551 0.5669291 0.5669291
0.09756098 0.08130081 0.1056911 0.1056911 0.1138211 0.1056911 0.1626016 0.0894309 0.1056911 0.1056911 0.1219512
0.3666667 0.2583333 0.35 0.375 0.4583333 0.3416667 0.3583333 0.3916667 0.375 0.425 0.4416667
0.1885246 0.2295082 0.2950820 0.3770492 0.4344262 0.4262295 0.4672131 0.5 0.4754098 0.4918033 0.4508197
0.09756098 0.1626016 0.1626016 0.1788618 0.1869919 0.1869919 0.2113821 0.1788618 0.2439024 0.2845528 0.2357724
0.773913 0.7043478 0.626087 0.7652174 0.6434783 0.6434783 0.6869565 0.6695652 0.6347826 0.6782609 0.6
0.05833333 0.05 0.05833333 0.06666667 0.04166667 0.075 0.08333333 0.075 0.125 0.1166667 0.1416667
0.8434783 0.8782609 0.7565217 0.8347826 0.8434783 0.826087 0.8782609 0.7913043 0.8956522 0.7826087 0.8173913
0.4146341 0.2845528 0.3821138 0.3252033 0.2601626 0.2601626 0.2764228 0.2276423 0.2601626 0.2276423 0.1869919
0.7868852 0.8360656 0.7704918 0.7868852 0.6557377 0.5655738 0.5491803 0.4262295 0.4426230 0.352459 0.4262295
0.7933884 0.876033 0.8347107 0.8099174 0.7933884 0.8429752 0.7603306 0.8595041 0.768595 0.8016529 0.9090909
0.9512195 0.9674797 0.9593496 0.9837398 0.9674797 0.9430894 0.8211382 0.8861789 0.8699187 0.8861789 0.7235772
0.1565217 0.09565217 0.1043478 0.1130435 0.1565217 0.1043478 0.1304348 0.1913043 0.2347826 0.1565217 0.2086957
0.875 0.9166667 0.8333333 0.9 0.9416667 0.875 0.8833333 0.925 0.8583333 0.7833333 0.8416667
0.6942149 0.8264463 0.7272727 0.7933884 0.7933884 0.9008264 0.8016529 0.8595041 0.8429752 0.9008264 0.9090909
0.9262295 0.9508197 0.9672131 0.8934426 0.942623 0.9016393 0.8770492 0.8114754 0.8278689 0.8032787 0.7131148
0.5853659 0.601626 0.504065 0.4796748 0.4471545 0.3414634 0.2926829 0.3739837 0.1707317 0.1626016 0.2113821
0.55 0.6916667 0.7583333 0.7416667 0.775 0.875 0.8666667 0.75 0.8583333 0.8833333 0.8416667
0.3140496 0.2396694 0.2231405 0.1735537 0.1570248 0.1735537 0.1074380 0.08264463 0.09917355 0.08264463 0.08264463
0.6585366 0.6666667 0.6829268 0.7398374 0.8373984 0.8699187 0.8455285 0.8617886 0.7886179 0.8536585 0.8780488
0.8083333 0.8 0.8083333 0.7833333 0.7833333 0.6666667 0.8 0.7 0.65 0.675 0.7666667
0.625 0.6166667 0.7583333 0.6333333 0.725 0.575 0.5916667 0.6666667 0.625 0.5416667 0.5833333
