0.036 0.024 0.014 0.026 0.028 0.022 0.01 0.008 0.008 0.01 0.002
0.154 0.174 0.12 0.138 0.15 0.134 0.098 0.104 0.1 0.098 0.072
0.032 0.028 0.01 0.016 0.024 0.008 0.016 0.006 0.006 0.002 0
0.032 0.024 0.028 0.02 0.022 0.014 0.014 0.016 0.026 0.02 0.008
0.364 0.348 0.318 0.352 0.346 0.332 0.328 0.312 0.278 0.258 0.276
0.026 0.024 0.02 0.016 0.018 0.004 0.002 0 0.006 0.002 0.002
0.34 0.33 0.284 0.268 0.224 0.26 0.222 0.194 0.184 0.162 0.106
0.078 0.064 0.052 0.064 0.052 0.054 0.034 0.06 0.068 0.056 0.072
0.192 0.148 0.122 0.114 0.084 0.08 0.068 0.054 0.03 0.032 0.028
0.134 0.092 0.09 0.1 0.068 0.056 0.042 0.024 0.018 0.016 0.02
0.5 0.466 0.486 0.45 0.382 0.334 0.348 0.316 0.258 0.196 0.178
0.064 0.068 0.05 0.072 0.05 0.064 0.052 0.038 0.054 0.044 0.038
0.022 0.022 0.006 0.01 0.01 0.002 0.002 0.01 0.008 0.002 0.006
0.132 0.18 0.18 0.16 0.136 0.126 0.09 0.102 0.08 0.064 0.04
0.236 0.224 0.252 0.218 0.188 0.194 0.19 0.218 0.204 0.166 0.166
0.4 0.436 0.424 0.44 0.422 0.428 0.44 0.448 0.422 0.392 0.358
0.352 0.3 0.246 0.19 0.17 0.13 0.1 0.056 0.04 0.026 0.032
0.108 0.08 0.084 0.058 0.074 0.052 0.062 0.036 0.036 0.028 0.02
0.032 0.038 0.052 0.032 0.04 0.038 0.02 0.016 0.028 0.01 0.014
0.018 0.014 0.016 0.03 0.028 0.04 0.028 0.034 0.046 0.062 0.052
0.276 0.248 0.284 0.252 0.218 0.208 0.174 0.13 0.12 0.068 0.076
0.044 0.042 0.038 0.048 0.066 0.044 0.05 0.05 0.052 0.032 0.028
0.064 0.066 0.03 0.028 0.036 0.022 0.014 0.012 0.008 0.01 0
0.16 0.156 0.166 0.158 0.178 0.174 0.236 0.28 0.312 0.29 0.31
0.592 0.58 0.538 0.52 0.484 0.478 0.48 0.404 0.368 0.306 0.274
0.31 0.294 0.298 0.286 0.244 0.224 0.226 0.23 0.218 0.198 0.16
0.036 0.056 0.058 0.074 0.07 0.082 0.116 0.158 0.212 0.214 0.268
0.05 0.06 0.054 0.058 0.054 0.068 0.07 0.036 0.034 0.026 0.028
0.376 0.396 0.436 0.45 0.462 0.446 0.47 0.518 0.534 0.514 0.55
0.178 0.16 0.156 0.142 0.132 0.122 0.098 0.112 0.104 0.114 0.104
0.262 0.242 0.264 0.27 0.31 0.316 0.296 0.36 0.374 0.386 0.396
0.22 0.274 0.236 0.208 0.226 0.212 0.144 0.104 0.102 0.094 0.05
0.12 0.128 0.134 0.174 0.2 0.232 0.322 0.332 0.348 0.36 0.386
0.162 0.154 0.152 0.172 0.138 0.124 0.08 0.078 0.052 0.044 0.036
0.062 0.034 0.042 0.036 0.034 0.024 0.012 0.014 0.01 0.014 0.008
0.072 0.058 0.068 0.058 0.058 0.056 0.03 0.03 0.032 0.022 0.018
0.084 0.096 0.126 0.162 0.21 0.198 0.234 0.268 0.308 0.334 0.38
0.296 0.28 0.332 0.268 0.318 0.278 0.302 0.286 0.268 0.22 0.228
0.432 0.438 0.404 0.408 0.398 0.384 0.436 0.39 0.372 0.298 0.304
0.012 0.014 0.02 0.02 0.016 0.014 0.006 0.008 0.008 0.008 0.004
0.02 0.016 0.014 0.012 0.02 0.006 0.004 0.016 0.008 0.014 0.008
0.174 0.15 0.16 0.152 0.086 0.09 0.112 0.084 0.102 0.116 0.14
0.058 0.056 0.062 0.052 0.05 0.034 0.06 0.034 0.086 0.078 0.078
0.036 0.028 0.056 0.046 0.044 0.018 0.022 0.024 0.016 0.008 0.004
0.14 0.176 0.214 0.274 0.246 0.272 0.278 0.244 0.318 0.33 0.326
0.05 0.042 0.046 0.036 0.05 0.034 0.022 0.01 0.01 0.006 0.004
0.032 0.026 0.062 0.024 0.024 0.022 0.018 0.022 0.018 0.008 0.004
0.2 0.25 0.238 0.226 0.232 0.25 0.266 0.256 0.26 0.258 0.206
0.028 0.034 0.01 0.01 0.004 0.006 0.01 0.004 0.004 0.002 0
0.004 0.01 0.002 0.008 0.006 0 0.004 0.002 0 0.004 0.002
0.022 0.008 0.014 0.014 0.02 0.01 0.012 0.022 0.022 0.018 0.02
0.232 0.218 0.156 0.186 0.156 0.122 0.084 0.094 0.082 0.074 0.034
0.006 0.002 0.004 0.006 0.006 0.002 0.008 0.006 0.006 0.012 0.014
0.174 0.196 0.196 0.168 0.232 0.22 0.262 0.254 0.294 0.332 0.336
0.098 0.11 0.162 0.162 0.21 0.186 0.276 0.276 0.358 0.364 0.408
0.138 0.098 0.102 0.106 0.104 0.138 0.146 0.128 0.154 0.194 0.184
0.038 0.046 0.05 0.044 0.052 0.04 0.048 0.046 0.034 0.044 0.038
0.416 0.38 0.394 0.39 0.37 0.328 0.354 0.334 0.294 0.288 0.254
0.078 0.088 0.11 0.136 0.168 0.18 0.228 0.29 0.346 0.368 0.394
0.028 0.014 0.02 0.026 0.012 0.022 0.018 0.008 0.006 0.004 0.006
0.17 0.14 0.166 0.16 0.138 0.138 0.062 0.098 0.058 0.068 0.06
0.07 0.06 0.054 0.042 0.03 0.024 0.03 0.038 0.042 0.03 0.056
0.064 0.064 0.056 0.046 0.056 0.058 0.05 0.024 0.016 0.01 0.01
0.322 0.268 0.302 0.296 0.252 0.228 0.238 0.182 0.162 0.148 0.1
0 0.01 0.004 0.004 0.004 0.002 0 0.002 0.002 0 0
0.024 0.026 0.02 0.034 0.044 0.044 0.056 0.038 0.052 0.056 0.074
0.066 0.072 0.06 0.076 0.094 0.06 0.08 0.094 0.128 0.114 0.106
0.092 0.108 0.1 0.128 0.12 0.106 0.092 0.106 0.068 0.09 0.088
0.012 0.018 0.006 0.018 0.02 0.014 0.014 0.016 0.012 0.012 0.018
0.442 0.46 0.388 0.42 0.386 0.348 0.288 0.288 0.274 0.23 0.218
0.222 0.204 0.18 0.21 0.156 0.14 0.152 0.148 0.114 0.104 0.064
0.056 0.036 0.026 0.028 0.03 0.026 0.014 0.006 0.006 0.006 0.006
0.01 0.008 0.012 0.008 0.004 0.008 0.008 0.01 0.014 0.016 0.042
0.1 0.128 0.102 0.092 0.044 0.06 0.078 0.028 0.024 0.022 0.018
0.138 0.164 0.128 0.094 0.094 0.05 0.06 0.026 0.018 0.018 0.006
0.004 0.008 0.01 0.008 0.006 0.002 0.008 0 0 0.002 0
0.068 0.08 0.096 0.096 0.112 0.088 0.07 0.112 0.098 0.11 0.116
0.074 0.078 0.068 0.08 0.052 0.048 0.032 0.03 0.02 0.006 0.006
0.032 0.024 0.02 0.02 0.004 0.016 0.014 0.018 0.014 0 0.008
0.262 0.228 0.25 0.232 0.222 0.254 0.2 0.19 0.186 0.206 0.216
0.188 0.17 0.138 0.1 0.088 0.066 0.044 0.018 0.026 0.024 0.008
0.16 0.18 0.144 0.124 0.128 0.116 0.102 0.072 0.06 0.042 0.04
0.626 0.594 0.538 0.558 0.546 0.566 0.524 0.532 0.5 0.432 0.45
0.158 0.22 0.258 0.288 0.272 0.392 0.426 0.436 0.49 0.472 0.486
0.168 0.172 0.178 0.2 0.222 0.206 0.254 0.278 0.288 0.294 0.342
0.26 0.268 0.234 0.214 0.166 0.14 0.146 0.142 0.084 0.092 0.08
0.062 0.062 0.048 0.04 0.03 0.026 0.03 0.016 0.014 0.01 0.002
0.296 0.254 0.194 0.208 0.16 0.15 0.11 0.15 0.102 0.1 0.088
0.036 0.022 0.034 0.036 0.042 0.038 0.048 0.026 0.038 0.028 0.034
0.624 0.61 0.64 0.544 0.524 0.534 0.42 0.33 0.334 0.278 0.222
0.024 0.042 0.028 0.024 0.028 0.026 0.014 0.012 0.002 0.002 0.002
0.286 0.266 0.234 0.236 0.196 0.156 0.15 0.11 0.088 0.068 0.048
0.09 0.1 0.086 0.074 0.078 0.09 0.044 0.04 0.038 0.028 0.012
0.166 0.192 0.182 0.2 0.186 0.226 0.246 0.256 0.308 0.28 0.316
0.26 0.232 0.244 0.194 0.186 0.156 0.134 0.132 0.078 0.05 0.056
0.034 0.044 0.032 0.02 0.02 0.014 0.01 0.008 0.006 0.006 0.004
0.268 0.25 0.264 0.268 0.3 0.314 0.34 0.304 0.41 0.39 0.446
0.314 0.338 0.308 0.326 0.294 0.256 0.206 0.23 0.196 0.134 0.116
0.084 0.1 0.058 0.058 0.058 0.056 0.042 0.024 0.046 0.03 0.034
0.056 0.05 0.058 0.04 0.026 0.05 0.048 0.07 0.06 0.056 0.05
0.406 0.382 0.368 0.398 0.326 0.314 0.318 0.294 0.22 0.246 0.252
0.054 0.062 0.05 0.06 0.062 0.074 0.088 0.1 0.092 0.122 0.11
0.072 0.084 0.112 0.092 0.088 0.076 0.086 0.056 0.052 0.038 0.05
0.066 0.062 0.06 0.038 0.046 0.068 0.046 0.04 0.038 0.034 0.024
0.368 0.412 0.332 0.272 0.26 0.21 0.176 0.14 0.134 0.116 0.11
0.012 0.012 0.008 0.004 0.002 0.004 0.002 0.002 0.002 0 0.002
0.028 0.012 0.024 0.004 0.008 0.004 0.004 0.004 0.004 0.002 0
0.006 0 0.006 0.008 0 0.006 0 0 0 0 0
0.278 0.238 0.274 0.208 0.178 0.18 0.15 0.16 0.106 0.076 0.09
0.056 0.056 0.088 0.104 0.084 0.11 0.104 0.148 0.182 0.192 0.23
0.4 0.398 0.462 0.456 0.452 0.486 0.472 0.548 0.512 0.478 0.476
0.012 0.008 0.014 0.01 0.008 0.002 0.008 0.002 0 0 0.002
0.292 0.336 0.386 0.402 0.394 0.486 0.466 0.48 0.464 0.476 0.502
0.214 0.17 0.134 0.134 0.108 0.08 0.06 0.044 0.034 0.02 0.012
0.4 0.34 0.356 0.322 0.318 0.322 0.366 0.338 0.324 0.308 0.26
0.138 0.146 0.146 0.17 0.166 0.14 0.124 0.1 0.084 0.124 0.098
0.384 0.392 0.3 0.208 0.196 0.152 0.136 0.14 0.086 0.1 0.086
0.192 0.19 0.154 0.168 0.202 0.126 0.146 0.136 0.136 0.134 0.11
0.044 0.04 0.048 0.062 0.05 0.066 0.046 0.04 0.056 0.048 0.058
0.4 0.376 0.35 0.34 0.328 0.336 0.32 0.314 0.3 0.294 0.286
0.032 0.026 0.018 0.02 0.022 0.012 0.004 0.018 0.008 0.006 0.012
0.186 0.23 0.224 0.252 0.232 0.256 0.28 0.254 0.32 0.306 0.3
0.03 0.026 0.018 0.032 0.042 0.042 0.046 0.062 0.08 0.07 0.082
0.05 0.06 0.046 0.026 0.032 0.026 0.02 0.014 0.012 0.014 0.014
0 0 0 0 0 0.002 0.006 0 0 0.002 0.006
0.252 0.272 0.292 0.238 0.222 0.242 0.214 0.23 0.212 0.208 0.188
0.026 0.02 0.034 0.026 0.006 0.006 0.002 0.004 0.006 0.004 0
0.056 0.034 0.05 0.024 0.016 0.014 0.026 0.012 0.008 0.002 0.002
0.01 0.01 0.012 0.006 0.006 0.006 0.012 0.006 0.014 0.002 0.012
0.082 0.066 0.098 0.098 0.126 0.094 0.1 0.092 0.13 0.144 0.17
0.076 0.052 0.07 0.032 0.026 0.012 0.008 0.004 0.004 0.002 0
0.142 0.16 0.124 0.13 0.136 0.116 0.134 0.154 0.12 0.12 0.088
0.082 0.08 0.048 0.05 0.05 0.026 0.022 0.012 0.012 0.004 0.008
0.056 0.03 0.02 0.026 0.026 0.026 0.032 0.022 0.024 0.018 0.022
0.076 0.072 0.074 0.066 0.044 0.054 0.05 0.052 0.048 0.048 0.05
