0.018 0.018 0.026 0.018 0.016 0.012 0.01 0.002 0.004 0.008 0.004
0.082 0.084 0.076 0.082 0.076 0.074 0.078 0.08 0.05 0.07 0.044
0.048 0.04 0.026 0.024 0.016 0.016 0.012 0.006 0.006 0.002 0.004
0.054 0.042 0.06 0.028 0.054 0.036 0.03 0.034 0.026 0.01 0.022
0.252 0.272 0.282 0.364 0.36 0.45 0.434 0.466 0.53 0.532 0.512
0.008 0.002 0.008 0.002 0 0.002 0 0 0 0 0.002
0.17 0.164 0.134 0.142 0.114 0.09 0.09 0.058 0.074 0.028 0.038
0.124 0.112 0.104 0.126 0.122 0.11 0.15 0.124 0.152 0.134 0.168
0.116 0.114 0.096 0.084 0.064 0.054 0.05 0.032 0.02 0.014 0.004
0.062 0.044 0.064 0.042 0.052 0.036 0.026 0.016 0.01 0.01 0.006
0.412 0.384 0.378 0.33 0.298 0.302 0.258 0.24 0.218 0.16 0.144
0.09 0.076 0.064 0.05 0.038 0.064 0.06 0.068 0.098 0.106 0.112
0.018 0.018 0.022 0.016 0.01 0.002 0.004 0.008 0.006 0.01 0.008
0.116 0.158 0.132 0.12 0.066 0.074 0.068 0.03 0.042 0.032 0.024
0.122 0.136 0.124 0.13 0.146 0.178 0.206 0.228 0.238 0.242 0.262
0.172 0.162 0.174 0.218 0.174 0.176 0.192 0.19 0.238 0.192 0.166
0.324 0.228 0.206 0.178 0.132 0.106 0.082 0.058 0.032 0.042 0.032
0.176 0.152 0.144 0.104 0.092 0.062 0.044 0.04 0.018 0.018 0.018
0.04 0.026 0.034 0.028 0.024 0.026 0.008 0.012 0.014 0.002 0.01
0.02 0.03 0.026 0.036 0.038 0.03 0.034 0.02 0.032 0.028 0.036
0.3 0.298 0.286 0.278 0.254 0.19 0.162 0.144 0.104 0.09 0.062
0.164 0.152 0.17 0.152 0.168 0.166 0.166 0.156 0.154 0.106 0.128
0.036 0.032 0.012 0.016 0.008 0.004 0.004 0.004 0.002 0 0
0.106 0.1 0.096 0.084 0.08 0.05 0.048 0.056 0.042 0.032 0.028
0.134 0.12 0.206 0.236 0.326 0.368 0.418 0.46 0.514 0.57 0.574
0.336 0.33 0.294 0.294 0.254 0.218 0.196 0.172 0.12 0.114 0.046
0.004 0.008 0.006 0.01 0.018 0.032 0.064 0.086 0.074 0.146 0.152
0.068 0.07 0.118 0.086 0.08 0.074 0.04 0.08 0.054 0.046 0.048
0.404 0.426 0.386 0.374 0.378 0.444 0.46 0.438 0.488 0.48 0.52
0.154 0.148 0.152 0.112 0.106 0.11 0.106 0.1 0.122 0.144 0.148
0.438 0.514 0.554 0.576 0.544 0.608 0.592 0.658 0.62 0.594 0.632
0.078 0.082 0.074 0.084 0.106 0.148 0.152 0.168 0.244 0.262 0.292
0.024 0.026 0.044 0.026 0.036 0.01 0.018 0.012 0.006 0.01 0.008
0.082 0.066 0.06 0.058 0.052 0.036 0.034 0.026 0.03 0.016 0.022
0.246 0.228 0.142 0.142 0.096 0.092 0.072 0.034 0.02 0.028 0.018
0.086 0.102 0.138 0.156 0.166 0.196 0.216 0.228 0.29 0.302 0.256
0.226 0.234 0.23 0.244 0.224 0.264 0.266 0.236 0.162 0.232 0.228
0.354 0.42 0.402 0.414 0.434 0.466 0.514 0.536 0.56 0.548 0.6
0.016 0.022 0.026 0.014 0.024 0.018 0.024 0.012 0.012 0.018 0.008
0.036 0.028 0.032 0.026 0.026 0.014 0.028 0.004 0.006 0.002 0.004
0.174 0.136 0.16 0.124 0.128 0.148 0.124 0.12 0.126 0.14 0.158
0.048 0.036 0.038 0.022 0.04 0.03 0.04 0.034 0.012 0.03 0.038
0.174 0.13 0.144 0.152 0.11 0.088 0.112 0.064 0.08 0.048 0.04
0.024 0.024 0.012 0.026 0.012 0.024 0.014 0.008 0 0.006 0.002
0.152 0.152 0.16 0.16 0.126 0.132 0.128 0.146 0.12 0.128 0.14
0.102 0.118 0.074 0.086 0.078 0.058 0.034 0.02 0.03 0.026 0.014
0.088 0.08 0.084 0.068 0.062 0.062 0.058 0.04 0.016 0.028 0.004
0.226 0.214 0.234 0.23 0.23 0.188 0.208 0.172 0.166 0.198 0.164
0.008 0.016 0.014 0.004 0.008 0.01 0.008 0 0 0 0
0.008 0.004 0.014 0.01 0.004 0.008 0.002 0 0 0 0
0.012 0.02 0.008 0.006 0.004 0.004 0.008 0.008 0.006 0.002 0.002
0.298 0.222 0.202 0.2 0.178 0.158 0.118 0.1 0.092 0.07 0.05
0.008 0.008 0.006 0.008 0.01 0.008 0.014 0.008 0.002 0.01 0.004
0.304 0.324 0.366 0.396 0.382 0.394 0.418 0.502 0.428 0.53 0.522
0.072 0.096 0.13 0.158 0.15 0.232 0.268 0.32 0.34 0.398 0.434
0.054 0.038 0.02 0.034 0.03 0.022 0.016 0.024 0.012 0.018 0.022
0.028 0.022 0.018 0.018 0.012 0.024 0.014 0.024 0.022 0.014 0.024
0.266 0.256 0.3 0.324 0.324 0.304 0.282 0.302 0.262 0.208 0.216
0.13 0.12 0.124 0.128 0.134 0.14 0.192 0.234 0.196 0.226 0.238
0.014 0.016 0.016 0.014 0.006 0.006 0.006 0.008 0.006 0.006 0.002
0.086 0.084 0.08 0.072 0.074 0.064 0.07 0.058 0.046 0.03 0.03
0.048 0.064 0.056 0.074 0.054 0.084 0.052 0.056 0.038 0.038 0.036
0.042 0.034 0.028 0.024 0.016 0.016 0.006 0.016 0.01 0 0.004
0.22 0.264 0.284 0.308 0.266 0.308 0.264 0.242 0.196 0.176 0.116
0.05 0.032 0.014 0.014 0.014 0.002 0 0 0 0.002 0
0.014 0.014 0.018 0.018 0.014 0.008 0.004 0.004 0.008 0.002 0.008
0.082 0.078 0.1 0.12 0.098 0.144 0.124 0.146 0.13 0.16 0.154
0.248 0.276 0.242 0.236 0.202 0.238 0.192 0.176 0.136 0.144 0.116
0.114 0.126 0.102 0.112 0.122 0.104 0.09 0.126 0.086 0.142 0.116
0.012 0.008 0.008 0.01 0.024 0.006 0.004 0.01 0.006 0.004 0.002
0.292 0.288 0.234 0.17 0.19 0.136 0.118 0.122 0.122 0.088 0.084
0.116 0.092 0.132 0.1 0.106 0.112 0.118 0.076 0.092 0.058 0.044
0.018 0.018 0.014 0.022 0.014 0.016 0.014 0.002 0.006 0 0.002
0.01 0.01 0.006 0.012 0.012 0.004 0.006 0.006 0.01 0.014 0.006
0.102 0.064 0.066 0.064 0.05 0.03 0.018 0.014 0.004 0.006 0
0.194 0.172 0.166 0.124 0.102 0.058 0.058 0.024 0.032 0.01 0.01
0.104 0.074 0.058 0.032 0.018 0.012 0.012 0.002 0.012 0 0.004
0.534 0.482 0.45 0.45 0.346 0.352 0.276 0.24 0.212 0.186 0.156
0.064 0.078 0.072 0.072 0.072 0.066 0.064 0.052 0.054 0.058 0.044
0.078 0.074 0.07 0.05 0.048 0.036 0.034 0.018 0.01 0.012 0.008
0.066 0.056 0.038 0.026 0.028 0.014 0.006 0.016 0.016 0.026 0.026
0.104 0.154 0.186 0.158 0.25 0.242 0.24 0.274 0.348 0.328 0.32
0.158 0.12 0.126 0.09 0.058 0.058 0.03 0.016 0.018 0.016 0.006
0.046 0.046 0.072 0.042 0.048 0.064 0.058 0.04 0.044 0.034 0.036
0.564 0.602 0.59 0.53 0.512 0.456 0.452 0.44 0.416 0.41 0.3
0.142 0.186 0.24 0.22 0.296 0.354 0.376 0.426 0.416 0.432 0.41
0.136 0.16 0.196 0.236 0.276 0.274 0.344 0.356 0.4 0.434 0.432
0.302 0.296 0.254 0.242 0.278 0.296 0.264 0.238 0.246 0.202 0.278
0.002 0.012 0.01 0.004 0.004 0 0.004 0.002 0 0.004 0
0.262 0.244 0.206 0.164 0.156 0.09 0.084 0.068 0.054 0.03 0.026
0.096 0.086 0.06 0.058 0.048 0.042 0.044 0.038 0.03 0.036 0.032
0.442 0.424 0.4 0.356 0.34 0.268 0.216 0.168 0.152 0.112 0.09
0.118 0.082 0.072 0.068 0.056 0.042 0.04 0.008 0.012 0.01 0.002
0.244 0.202 0.188 0.164 0.18 0.116 0.106 0.072 0.046 0.024 0.01
0.13 0.11 0.104 0.1 0.09 0.062 0.054 0.06 0.026 0.02 0.016
0.094 0.104 0.112 0.1 0.12 0.138 0.134 0.15 0.162 0.188 0.156
0.216 0.218 0.22 0.224 0.218 0.224 0.174 0.158 0.186 0.114 0.07
0.07 0.058 0.034 0.026 0.036 0.028 0.01 0.008 0.01 0.004 0
0.102 0.08 0.07 0.056 0.052 0.048 0.034 0.04 0.07 0.036 0.038
0.214 0.222 0.238 0.21 0.198 0.232 0.216 0.296 0.246 0.278 0.274
0.29 0.308 0.304 0.33 0.316 0.298 0.26 0.216 0.202 0.114 0.118
0.046 0.048 0.076 0.05 0.066 0.064 0.088 0.102 0.1 0.114 0.132
0.102 0.088 0.08 0.096 0.066 0.066 0.054 0.062 0.05 0.058 0.044
0.136 0.162 0.114 0.102 0.104 0.114 0.13 0.148 0.148 0.13 0.128
0.112 0.098 0.138 0.128 0.106 0.096 0.07 0.054 0.056 0.052 0.07
0.05 0.026 0.05 0.026 0.036 0.032 0.024 0.01 0.01 0.006 0.004
0.298 0.26 0.236 0.172 0.134 0.132 0.094 0.07 0.072 0.044 0.022
0 0.008 0 0.004 0.006 0.002 0 0.002 0 0.004 0
0 0 0 0 0.002 0.01 0 0.002 0 0 0
0.008 0.014 0.006 0.012 0.006 0.006 0.004 0.004 0 0.002 0.002
0.458 0.418 0.384 0.312 0.282 0.232 0.23 0.202 0.148 0.078 0.104
0.03 0.04 0.042 0.058 0.064 0.102 0.124 0.13 0.162 0.194 0.214
0.196 0.204 0.172 0.162 0.15 0.118 0.138 0.122 0.108 0.122 0.12
0.038 0.028 0.012 0.012 0.014 0.008 0.002 0.008 0.002 0.004 0
0.078 0.122 0.156 0.182 0.194 0.194 0.214 0.23 0.232 0.264 0.29
0.18 0.174 0.196 0.126 0.138 0.106 0.09 0.084 0.05 0.054 0.046
0.124 0.112 0.118 0.124 0.112 0.112 0.108 0.102 0.116 0.106 0.072
0.14 0.13 0.112 0.116 0.11 0.08 0.07 0.04 0.054 0.03 0.018
0.292 0.306 0.28 0.256 0.198 0.206 0.172 0.146 0.15 0.14 0.12
0.256 0.22 0.236 0.218 0.214 0.226 0.174 0.228 0.216 0.222 0.21
0.072 0.054 0.064 0.048 0.072 0.054 0.074 0.052 0.058 0.048 0.048
0.414 0.428 0.394 0.418 0.348 0.382 0.37 0.346 0.316 0.344 0.274
0.026 0.03 0.036 0.032 0.034 0.014 0.012 0.016 0.008 0.004 0.004
0.198 0.18 0.242 0.23 0.254 0.288 0.304 0.348 0.372 0.428 0.458
0 0.006 0.014 0.008 0.018 0.018 0.012 0.038 0.02 0.022 0.014
0.036 0.024 0.026 0.026 0.016 0.024 0.024 0.008 0.01 0.008 0.004
0.008 0.004 0.006 0.004 0.002 0.006 0.014 0.004 0.008 0.01 0
0.23 0.288 0.272 0.266 0.244 0.196 0.246 0.182 0.194 0.186 0.174
0.024 0.022 0.018 0.008 0.006 0.01 0 0.006 0.004 0.002 0
0.004 0.008 0.01 0.002 0.006 0.012 0.006 0.006 0.01 0.018 0.012
0.06 0.062 0.076 0.078 0.098 0.124 0.132 0.118 0.138 0.214 0.256
0.018 0.02 0.012 0.012 0.006 0.012 0.004 0.004 0.002 0.002 0
0.202 0.24 0.246 0.244 0.266 0.27 0.25 0.29 0.332 0.278 0.344
0.074 0.06 0.068 0.046 0.028 0.016 0.026 0.014 0.004 0.006 0
0.024 0.02 0.018 0.014 0.024 0.01 0.012 0.02 0.01 0.018 0.02
0.06 0.076 0.076 0.052 0.064 0.048 0.04 0.034 0.034 0.036 0.052
