0.2374101 0.2302158 0.1438849 0.05755396 0.04316547 0.05755396 0.03597122 0.02877698 0.03597122 0.02158273 0.04316547
0.7751938 0.7984496 0.7286822 0.7596899 0.751938 0.7751938 0.875969 0.6821705 0.7984496 0.7674419 0.7364341
0.4104478 0.3731343 0.4402985 0.380597 0.3656716 0.2686567 0.2835821 0.2164179 0.2313433 0.2164179 0.3656716
0.7205882 0.867647 0.8970588 0.757353 0.7794118 0.8455882 0.8235294 0.867647 0.8455882 0.7867647 0.8088235
0.6338028 0.6971831 0.6971831 0.7605634 0.5633803 0.6267606 0.5774648 0.5985915 0.6830986 0.6478873 0.5704225
0.1162791 0.2015504 0.1550388 0.1627907 0.1937984 0.1860465 0.2015504 0.1705426 0.2170543 0.2170543 0.2403101
0.883721 0.9457364 0.9069767 0.9534884 0.9457364 0.883721 0.9302326 0.9302326 0.8604651 0.868217 0.8217054
0.2074074 0.1777778 0.2666667 0.3333333 0.3777778 0.4740741 0.5555556 0.5703704 0.6148148 0.6 0.7185185
0.3430657 0.3357664 0.3284672 0.3649635 0.3503650 0.2919708 0.4233577 0.3211679 0.3722628 0.3795620 0.4233577
0.4532374 0.3165468 0.3453237 0.2877698 0.352518 0.2805755 0.2374101 0.294964 0.2374101 0.294964 0.1870504
0.5539568 0.5179856 0.5035971 0.676259 0.589928 0.6978417 0.6978417 0.5755396 0.6402878 0.7410072 0.5971223
0.6356589 0.6124031 0.5968992 0.6434109 0.6899225 0.6124031 0.7131783 0.7131783 0.751938 0.868217 0.8217054
0.07913669 0.1079137 0.1007194 0.05035971 0.09352518 0.08633094 0.1007194 0.1151079 0.2230216 0.294964 0.2517986
0.5298507 0.641791 0.5820896 0.5447761 0.6044776 0.5820896 0.4402985 0.4850746 0.4179104 0.4029851 0.3358209
0.8222222 0.874074 0.8888889 0.7777778 0.7703704 0.7925926 0.6888889 0.7555556 0.7703704 0.6666667 0.6222222
0.380597 0.4253731 0.4701493 0.4850746 0.380597 0.4402985 0.4925373 0.5 0.5820896 0.5597015 0.5522388
0.3357664 0.3211679 0.3284672 0.2992701 0.3576642 0.2919708 0.2627737 0.2627737 0.2335766 0.2846715 0.3211679
0.2661871 0.2302158 0.2517986 0.2158273 0.1582734 0.1366906 0.1654676 0.1726619 0.1798561 0.1654676 0.1726619
0.2089552 0.2388060 0.2238806 0.2985075 0.4402985 0.5149254 0.5597015 0.5970149 0.5820896 0.5895522 0.6119403
0.5925926 0.637037 0.5407407 0.6074074 0.6814815 0.637037 0.6888889 0.7407407 0.7703704 0.7407407 0.7185185
0.6821705 0.6589147 0.7286822 0.7286822 0.6899225 0.6976744 0.6666667 0.6434109 0.6434109 0.6511628 0.4806202
0.7183099 0.7676056 0.8028169 0.6690141 0.5704225 0.5774648 0.5422535 0.5985915 0.528169 0.4225352 0.4647887
0.2910448 0.2388060 0.1940299 0.1268657 0.1791045 0.1865672 0.1791045 0.1567164 0.1791045 0.1791045 0.2313433
0.8358209 0.8731343 0.8432836 0.8358209 0.8283582 0.8955224 0.8059701 0.8955224 0.858209 0.8358209 0.7910448
0.2814815 0.2888889 0.3037037 0.3407407 0.3703704 0.4074074 0.4222222 0.4148148 0.3629630 0.4296296 0.4074074
0.1764706 0.1911765 0.1617647 0.125 0.09558824 0.1029412 0.09558824 0.07352941 0.1323529 0.09558824 0.1102941
0.2573529 0.2426471 0.2132353 0.2720588 0.2573529 0.2941176 0.3382353 0.3823529 0.3897059 0.4117647 0.4558824
0.9302326 0.8062016 0.9069767 0.7209302 0.6666667 0.5813953 0.4108527 0.2945736 0.1937984 0.1705426 0.1472868
0.6567164 0.6865672 0.5597015 0.6567164 0.5895522 0.6492537 0.7014925 0.6940299 0.7462687 0.7686567 0.7910448
0.05970149 0.05970149 0.06716418 0.04477612 0.03731343 0.02238806 0.04477612 0.02238806 0.02985075 0.02985075 0.02985075
0.3649635 0.3722628 0.3649635 0.3722628 0.3722628 0.3211679 0.3284672 0.3795620 0.3138686 0.2919708 0.1970803
0.5970149 0.4925373 0.6940299 0.6641791 0.6865672 0.7089552 0.7910448 0.9253731 0.7985075 0.8656716 0.8656716
0.1550388 0.1317829 0.1395349 0.1085271 0.0620155 0.0620155 0.08527132 0.07751938 0.1162791 0.1085271 0.1085271
0.5481481 0.6 0.5777778 0.4074074 0.4592593 0.4222222 0.3037037 0.3333333 0.3333333 0.2222222 0.2444444
0.7761194 0.8283582 0.7835821 0.8880597 0.858209 0.8731343 0.7910448 0.8731343 0.9253731 0.7686567 0.8656716
0.5348837 0.6046512 0.6124031 0.620155 0.5581395 0.5813953 0.6434109 0.6434109 0.5891473 0.7209302 0.6589147
0.0882353 0.1911765 0.2352941 0.3235294 0.3235294 0.3602941 0.4338235 0.5294118 0.4705882 0.5073529 0.6029412
0.5467626 0.5971223 0.5179856 0.2589928 0.1942446 0.1079137 0.08633094 0.07194245 0.03597122 0.01438849 0.01438849
0.1705426 0.1860465 0.1705426 0.1317829 0.1007752 0.1162791 0.1162791 0.1550388 0.1782946 0.1860465 0.124031
0.2 0.2296296 0.2148148 0.2 0.1777778 0.1703704 0.1629630 0.1555556 0.1703704 0.1925926 0.2
0.8345324 0.7985612 0.8057554 0.8129496 0.7553957 0.6690647 0.6330935 0.6330935 0.7841727 0.7410072 0.6618705
0.762963 0.9333333 0.8148148 0.9703704 0.7851852 0.8888889 0.8222222 0.8074074 0.8962963 0.8 0.7185185
0.4172662 0.5179856 0.4532374 0.4964029 0.4172662 0.4820144 0.3597122 0.294964 0.2302158 0.2302158 0.2158273
0.7829457 0.7674419 0.7209302 0.7829457 0.8062016 0.6124031 0.6124031 0.620155 0.4263566 0.5116279 0.4418605
0.3255814 0.3875969 0.3488372 0.3333333 0.3333333 0.3643411 0.4651163 0.4573643 0.4108527 0.5193798 0.4418605
0.8802817 0.8239437 0.8732394 0.8309859 0.7957746 0.7746479 0.7464789 0.6760563 0.7464789 0.6901408 0.5985915
0.2910448 0.2537313 0.2388060 0.2985075 0.2089552 0.2388060 0.2238806 0.2014925 0.1791045 0.1791045 0.2313433
0.4850746 0.3955224 0.4328358 0.5149254 0.4104478 0.4328358 0.3656716 0.4925373 0.4850746 0.4626866 0.5074627
0.6861314 0.5912409 0.6350365 0.6788321 0.6788321 0.7007299 0.620438 0.6788321 0.7153285 0.6861314 0.6715328
0.8604651 0.9069767 0.8294574 0.8372093 0.868217 0.7751938 0.751938 0.7131783 0.6511628 0.7209302 0.6589147
0.3358209 0.4402985 0.4029851 0.4328358 0.4701493 0.4701493 0.4925373 0.4253731 0.4477612 0.4253731 0.4104478
0.1764706 0.2132353 0.1323529 0.2205882 0.2132353 0.1838235 0.1764706 0.1911765 0.2132353 0.2352941 0.2867647
0.9626866 0.9402985 0.977612 0.9626866 0.977612 0.9402985 0.9701493 0.9104478 0.8656716 0.858209 0.7910448
0.8802817 0.9014085 0.9084507 0.9014085 0.8661972 0.9577465 0.7887324 0.7746479 0.7464789 0.7957746 0.7394366
0.883721 0.7829457 0.8294574 0.8062016 0.8294574 0.7829457 0.875969 0.8604651 0.8604651 0.868217 0.8217054
0.2394366 0.2746479 0.2676056 0.2816901 0.3098592 0.3380282 0.3802817 0.4366197 0.4295775 0.4788732 0.5140845
0.9379845 0.992248 0.9767442 0.992248 0.992248 0.875969 0.875969 0.9302326 0.8604651 0.868217 0.8217054
0.07462687 0.05223881 0.03731343 0.02985075 0.007462687 0.007462687 0.007462687 0.01492537 0.01492537 0.01492537 0.007462687
0.5223881 0.4776119 0.4104478 0.2686567 0.2686567 0.1641791 0.1567164 0.1119403 0.08955224 0.07462687 0.04477612
0.4328358 0.5223881 0.3955224 0.4328358 0.4029851 0.3880597 0.2761194 0.3059701 0.2985075 0.2761194 0.2761194
0.7761194 0.7014925 0.6492537 0.7761194 0.7089552 0.6119403 0.6492537 0.6268657 0.5074627 0.5746269 0.4925373
0.1550388 0.1782946 0.1550388 0.124031 0.1705426 0.1550388 0.124031 0.1317829 0.124031 0.1550388 0.1472868
0.4244604 0.4460432 0.4532374 0.294964 0.2661871 0.2014388 0.1870504 0.1366906 0.1079137 0.08633094 0.07194245
0.7913669 0.8489209 0.7913669 0.884892 0.8345324 0.8273381 0.8345324 0.8992806 0.8633094 0.8129496 0.7913669
0.5746269 0.4402985 0.5671642 0.5074627 0.4402985 0.4552239 0.4701493 0.5298507 0.4701493 0.4776119 0.4552239
0.1870504 0.1438849 0.09352518 0.1007194 0.1079137 0.1223022 0.1079137 0.08633094 0.1798561 0.2302158 0.2230216
0.7910448 0.7462687 0.7835821 0.8507463 0.9179104 0.8731343 0.8358209 0.7686567 0.7985075 0.8656716 0.8656716
0.09302326 0.1162791 0.1395349 0.1085271 0.1782946 0.1550388 0.2325581 0.2790698 0.2790698 0.3023256 0.3643411
0.8450704 0.8098592 0.8309859 0.8943662 0.915493 0.859155 0.9225352 0.887324 0.7464789 0.7957746 0.7394366
0.76259 0.8776978 0.8057554 0.8201439 0.7122302 0.7769784 0.6258993 0.6402878 0.5827338 0.4532374 0.3741007
0.5522388 0.4402985 0.4552239 0.4701493 0.3582090 0.2985075 0.2761194 0.2014925 0.1940299 0.2313433 0.1865672
0.1094891 0.1678832 0.1532847 0.1605839 0.1897810 0.2335766 0.2335766 0.2554745 0.2554745 0.2919708 0.3138686
0.5185185 0.6 0.5259259 0.4740741 0.3777778 0.5037037 0.4222222 0.2444444 0.3481481 0.3111111 0.2444444
0.902985 0.902985 0.9477612 0.9104478 0.902985 0.9402985 0.9701493 0.7985075 0.8656716 0.858209 0.7910448
0.1705426 0.1937984 0.2015504 0.2325581 0.1937984 0.2015504 0.2403101 0.1860465 0.2558140 0.2325581 0.2558140
0.2877698 0.3093525 0.3669065 0.4028777 0.4532374 0.4388489 0.4316547 0.3453237 0.3741007 0.4532374 0.4316547
0.8283582 0.7985075 0.7835821 0.880597 0.858209 0.8432836 0.8731343 0.9104478 0.8656716 0.738806 0.7910448
0.883721 0.8604651 0.9069767 0.9147287 0.9069767 0.8449612 0.9302326 0.8604651 0.751938 0.7674419 0.6589147
0.5107914 0.5035971 0.589928 0.5611511 0.6618705 0.7194245 0.6978417 0.8057554 0.705036 0.8776978 0.7985612
0.4926471 0.3897059 0.3529412 0.4191176 0.5 0.5514706 0.617647 0.5514706 0.6102941 0.5661765 0.6029412
0.9925373 0.880597 0.9328358 0.9477612 0.9253731 0.9925373 0.9402985 0.9253731 0.9253731 0.8656716 0.8656716
0.02158273 0.02158273 0.02877698 0.04316547 0.07194245 0.1366906 0.1798561 0.2733813 0.3165468 0.4244604 0.4316547
0.632353 0.7352941 0.617647 0.5955882 0.5441176 0.5367647 0.5367647 0.5441176 0.4926471 0.5294118 0.5073529
0.2 0.1777778 0.4222222 0.3555556 0.4962963 0.6 0.6074074 0.6814815 0.7925926 0.7407407 0.7185185
0.4338235 0.4779412 0.5147059 0.5514706 0.6029412 0.5955882 0.617647 0.6029412 0.6985294 0.5514706 0.6029412
0.761194 0.7835821 0.7686567 0.761194 0.8208955 0.8955224 0.7985075 0.9104478 0.8059701 0.738806 0.5970149
0.2910448 0.3283582 0.3059701 0.2462687 0.1716418 0.1641791 0.2089552 0.1716418 0.1641791 0.1044776 0.1492537
0.4452555 0.4233577 0.540146 0.540146 0.6058394 0.6861314 0.5547445 0.6423358 0.540146 0.7445255 0.5985401
0.729927 0.6058394 0.6423358 0.6423358 0.620438 0.5620438 0.5547445 0.5620438 0.5766423 0.5328467 0.5182482
0 0 0 0 0 0 0 0 0.007407407 0.01481481 0.03703704
0.1268657 0.1119403 0.05223881 0.03731343 0.007462687 0.01492537 0.01492537 0 0 0 0
0.7313433 0.761194 0.7164179 0.7462687 0.7238806 0.7089552 0.6119403 0.7313433 0.5522388 0.5373134 0.5671642
0.2058824 0.1911765 0.1764706 0.2279412 0.2647059 0.2279412 0.2647059 0.2720588 0.25 0.25 0.2426471
0.761194 0.7014925 0.6940299 0.9104478 0.7761194 0.8656716 0.8731343 0.7910448 0.8059701 0.7313433 0.6343284
0.9302326 0.8294574 0.9069767 0.8372093 0.9457364 0.9302326 0.9302326 0.9302326 0.8604651 0.868217 0.8217054
0.3059701 0.3582090 0.3059701 0.3880597 0.4179104 0.4626866 0.4552239 0.4776119 0.4179104 0.4850746 0.5746269
0.1459854 0.1678832 0.1459854 0.1459854 0.1532847 0.1897810 0.1751825 0.1605839 0.1678832 0.2554745 0.2043796
0.6618705 0.647482 0.589928 0.6258993 0.6690647 0.618705 0.618705 0.705036 0.6834532 0.5827338 0.5755396
0.8686131 0.8248175 0.9051095 0.839416 0.919708 0.9416058 0.9270073 0.890511 0.9343066 0.8029197 0.839416
0.02238806 0.02238806 0.02238806 0.02985075 0.04477612 0.1865672 0.2388060 0.2388060 0.2462687 0.3507463 0.3432836
0.5820896 0.6940299 0.6865672 0.6567164 0.7462687 0.6641791 0.6268657 0.7462687 0.7462687 0.858209 0.738806
0.5851852 0.5777778 0.5259259 0.4222222 0.562963 0.4444444 0.5407407 0.4740741 0.5259259 0.4666667 0.4148148
0.5107914 0.5827338 0.4532374 0.5179856 0.4892086 0.5683453 0.6690647 0.5755396 0.6402878 0.5539568 0.5827338
0.2388060 0.2089552 0.1716418 0.1865672 0.1940299 0.2089552 0.1567164 0.1791045 0.1716418 0.1791045 0.1417910
0.7462687 0.8059701 0.6492537 0.7835821 0.6268657 0.6791045 0.6044776 0.7462687 0.641791 0.7537313 0.6343284
0.2043796 0.2846715 0.1897810 0.2262774 0.2335766 0.2919708 0.3795620 0.3941606 0.4087591 0.4233577 0.4525547
0.8239437 0.8239437 0.7887324 0.7605634 0.8661972 0.7323944 0.7464789 0.7676056 0.7464789 0.7957746 0.7394366
0.528169 0.3732394 0.528169 0.4647887 0.4154930 0.3943662 0.3732394 0.4014085 0.3661972 0.3591549 0.3239437
0.1417910 0.2388060 0.1716418 0.1492537 0.1343284 0.1268657 0.1044776 0.1268657 0.08208955 0.08955224 0.08208955
0.3851852 0.4666667 0.5111111 0.5185185 0.5333333 0.5259259 0.6148148 0.5703704 0.6222222 0.7407407 0.6
0.6971831 0.5774648 0.5352113 0.556338 0.5211268 0.471831 0.5140845 0.556338 0.528169 0.4295775 0.4788732
0.1791045 0.1791045 0.1194030 0.08208955 0.07462687 0.1194030 0.08208955 0.1194030 0.1716418 0.1194030 0.1343284
0.5827338 0.5323741 0.5539568 0.5611511 0.4748201 0.5251799 0.4172662 0.3597122 0.3309353 0.3021583 0.3021583
0.0882353 0.2132353 0.1617647 0.1911765 0.2132353 0.2794118 0.3088235 0.3529412 0.4338235 0.5294118 0.4705882
0.08633094 0.09352518 0.1151079 0.1294964 0.1798561 0.2589928 0.3093525 0.294964 0.3165468 0.3669065 0.3597122
0.496124 0.6124031 0.6821705 0.6434109 0.5426357 0.372093 0.2945736 0.2868217 0.2558140 0.2635659 0.2635659
0.2985075 0.3208955 0.3432836 0.4104478 0.4776119 0.4402985 0.5746269 0.4850746 0.619403 0.6865672 0.6119403
0.6618705 0.6546763 0.647482 0.7482014 0.676259 0.6978417 0.6906475 0.7122302 0.705036 0.6546763 0.6043165
0.05839416 0.1313869 0.1459854 0.1532847 0.1532847 0.2627737 0.2992701 0.2846715 0.3576642 0.3576642 0.3576642
0.9701493 0.9925373 0.977612 0.8880597 0.902985 0.9477612 0.902985 0.8134328 0.858209 0.8358209 0.7910448
0.8686131 0.9270073 0.839416 0.8467153 0.9562044 0.9416058 0.8540146 0.890511 0.9343066 0.8029197 0.839416
0.9253731 0.9402985 0.9477612 0.977612 0.977612 0.9402985 0.8731343 0.9104478 0.8656716 0.858209 0.7910448
0.007407407 0.01481481 0.02222222 0.01481481 0.02222222 0.02962963 0.05185185 0.0962963 0.1111111 0.1185185 0.1185185
0.3741007 0.294964 0.4100719 0.2446043 0.2374101 0.2158273 0.1223022 0.1007194 0.1007194 0.07194245 0.07194245
0.1791045 0.08955224 0.1567164 0.1194030 0.08208955 0.03731343 0.05223881 0.05223881 0.05970149 0.02238806 0.04477612
0.5107914 0.6043165 0.5683453 0.5755396 0.4964029 0.5755396 0.6402878 0.5755396 0.5755396 0.6834532 0.7194245
0.7769784 0.7122302 0.8920863 0.7122302 0.8489209 0.8057554 0.8129496 0.8057554 0.7841727 0.8776978 0.7985612
0.3357664 0.3357664 0.3357664 0.2335766 0.1897810 0.2335766 0.1970803 0.1678832 0.1605839 0.09489051 0.1021898
0.4338235 0.4485294 0.5073529 0.4632353 0.5 0.4852941 0.6102941 0.5882353 0.6102941 0.5514706 0.6617647
0.07407407 0.1259259 0.1185185 0.1111111 0.1111111 0.1481481 0.1185185 0.1555556 0.1333333 0.1407407 0.1407407
0.3357664 0.3138686 0.2481752 0.2189781 0.3722628 0.3284672 0.2992701 0.3211679 0.3357664 0.4379562 0.3868613
0.08208955 0.1194030 0.1417910 0.1791045 0.1268657 0.2089552 0.2164179 0.3059701 0.2761194 0.3059701 0.3059701
0.04477612 0.02985075 0.03731343 0.02985075 0.03731343 0.05970149 0.09701493 0.1417910 0.1492537 0.2014925 0.2089552
0.5820896 0.6044776 0.6044776 0.6268657 0.5522388 0.5597015 0.4925373 0.5 0.5373134 0.4552239 0.4776119
0.7238806 0.7238806 0.7238806 0.6641791 0.7238806 0.7985075 0.7462687 0.9253731 0.9253731 0.8656716 0.8656716
0.007462687 0.01492537 0.01492537 0.01492537 0.01492537 0.02238806 0.02985075 0.05223881 0.05970149 0.08208955 0.09701493
0.08208955 0.06716418 0.04477612 0.02238806 0.02985075 0.02238806 0.01492537 0.02238806 0.02985075 0.02985075 0.01492537
0.7829457 0.7286822 0.8062016 0.9147287 0.868217 0.875969 0.751938 0.8604651 0.8604651 0.868217 0.8217054
0.1629630 0.2222222 0.1555556 0.1407407 0.08888889 0.1037037 0.03703704 0.03703704 0.03703704 0 0.03703704
0.9191176 0.9779412 0.8970588 0.9558824 0.882353 0.7941176 0.7132353 0.7279412 0.6764706 0.7058824 0.6397059
0.3823529 0.3970588 0.4117647 0.4117647 0.4117647 0.4117647 0.3897059 0.4411765 0.4705882 0.4705882 0.4926471
0.8283582 0.761194 0.761194 0.7238806 0.7985075 0.6641791 0.7014925 0.7462687 0.7462687 0.619403 0.6343284
0.9191176 0.9264706 0.9411765 0.9558824 0.9485294 0.8455882 0.8161765 0.7941176 0.6764706 0.7867647 0.7132353
0.5481481 0.4592593 0.5407407 0.4962963 0.4888889 0.5481481 0.4888889 0.4592593 0.4814815 0.4296296 0.4888889
0.08208955 0.07462687 0.05223881 0.05223881 0.1044776 0.05970149 0.08208955 0.08208955 0.08208955 0.1044776 0.1044776
0.7238806 0.6567164 0.7686567 0.8507463 0.8955224 0.880597 0.8358209 0.8507463 0.9253731 0.7761194 0.8656716
0.7761194 0.7313433 0.7313433 0.7164179 0.6940299 0.6865672 0.5746269 0.6940299 0.761194 0.619403 0.6343284
0.6546763 0.6834532 0.6330935 0.6330935 0.5611511 0.4604317 0.4316547 0.352518 0.3021583 0.2733813 0.2086331
0.7205882 0.7352941 0.7794118 0.882353 0.882353 0.8529412 0.8970588 0.867647 0.8455882 0.7867647 0.8088235
0.751938 0.7209302 0.7906977 0.751938 0.8139535 0.883721 0.9302326 0.8604651 0.8604651 0.868217 0.8217054
0.5820896 0.641791 0.5223881 0.6268657 0.5522388 0.6119403 0.5223881 0.5223881 0.5074627 0.4776119 0.4626866
