0.7857143 0.6984127 0.7380952 0.7301587 0.7460317 0.7460317 0.7619048 0.7539683 0.8253968 0.8095238 0.7619048
0.4390244 0.4308943 0.4715447 0.4227642 0.4634146 0.4634146 0.4308943 0.4146341 0.4146341 0.4634146 0.3821138
0.8253968 0.8730159 0.8492063 0.8174603 0.8333333 0.8888889 0.8174603 0.7539683 0.8253968 0.9047619 0.8333333
0.8086957 0.8434783 0.7565217 0.826087 0.773913 0.773913 0.7826087 0.6869565 0.6608696 0.7478261 0.6608696
0.1587302 0.1507937 0.1507937 0.1031746 0.1111111 0.1428571 0.1349206 0.1269841 0.2222222 0.1746032 0.1984127
0.9268293 0.9349593 0.902439 0.894309 0.9593496 0.8455285 0.9268293 0.894309 0.8617886 0.8130081 0.7804878
0.03478261 0.03478261 0.04347826 0.06086957 0.06956522 0.05217391 0.06956522 0.09565217 0.1478261 0.2 0.2434783
0.5333333 0.6166667 0.5666667 0.6333333 0.55 0.5083333 0.4666667 0.5583333 0.5333333 0.5 0.4166667
0.4083333 0.3916667 0.5 0.4916667 0.5 0.525 0.5916667 0.6 0.6666667 0.5916667 0.6833333
0.55 0.5166667 0.6416667 0.5916667 0.6 0.6666667 0.7 0.6583333 0.7166667 0.6916667 0.775
0.04098361 0.04098361 0.05737705 0.07377049 0.09836066 0.1311475 0.1475410 0.1885246 0.2459016 0.2295082 0.3032787
0.515873 0.5873016 0.6031746 0.5873016 0.5793651 0.6587302 0.5238095 0.5952381 0.5555556 0.5555556 0.6031746
0.8861789 0.902439 0.902439 0.894309 0.9268293 0.8455285 0.8292683 0.7398374 0.7560976 0.7398374 0.7317073
0.4083333 0.3583333 0.3666667 0.3666667 0.3833333 0.425 0.4583333 0.4416667 0.5416667 0.5583333 0.5666667
0.3278689 0.1967213 0.3196721 0.2459016 0.2213115 0.2459016 0.2213115 0.2459016 0.2622951 0.2459016 0.2459016
0.128 0.08 0.088 0.048 0.048 0.016 0.008 0.024 0.032 0.048 0.024
0.1391304 0.2521739 0.2782609 0.3304348 0.3652174 0.4 0.4260870 0.5217391 0.6521739 0.5478261 0.6086957
0.4521739 0.5130435 0.4608696 0.5478261 0.6086957 0.5913043 0.6173913 0.573913 0.7826087 0.8 0.773913
0.804878 0.7642276 0.796748 0.7073171 0.699187 0.699187 0.7073171 0.699187 0.7073171 0.5853659 0.6341463
0.8608696 0.8521739 0.8173913 0.7565217 0.7304348 0.6869565 0.6521739 0.5652174 0.5913043 0.6 0.4782609
0.175 0.2166667 0.2416667 0.225 0.3 0.325 0.4 0.3916667 0.5166667 0.55 0.5166667
0.275 0.3083333 0.2666667 0.275 0.2916667 0.2083333 0.2833333 0.275 0.35 0.2833333 0.275
0.6904762 0.7698413 0.7936508 0.8253968 0.8174603 0.7460317 0.8730159 0.9047619 0.8968254 0.9047619 0.8333333
0.3032787 0.3278689 0.2622951 0.2704918 0.1885246 0.2131148 0.1803279 0.1065574 0.09016393 0.09836066 0.09836066
0.04098361 0.05737705 0.02459016 0.03278689 0.04918033 0.08196721 0.06557377 0.1065574 0.1311475 0.1557377 0.2295082
0.125 0.1083333 0.1083333 0.125 0.1416667 0.1166667 0.1333333 0.125 0.2083333 0.1916667 0.175
0.8333333 0.75 0.6916667 0.6333333 0.55 0.45 0.4 0.3583333 0.3166667 0.15 0.1833333
0.704918 0.6721311 0.7295082 0.647541 0.647541 0.704918 0.6065574 0.6065574 0.5737705 0.6803279 0.6229508
0.06349206 0.02380952 0.03968254 0.03968254 0.007936508 0.007936508 0.007936508 0.007936508 0 0 0
0.3770492 0.2622951 0.2704918 0.3196721 0.3770492 0.3360656 0.3114754 0.3360656 0.2950820 0.3196721 0.3114754
0.2619048 0.1825397 0.2222222 0.1825397 0.1904762 0.1587302 0.1587302 0.1190476 0.0952381 0.1111111 0.1190476
0.1626016 0.1382114 0.1463415 0.1788618 0.2032520 0.2032520 0.2520325 0.3333333 0.3414634 0.4308943 0.3821138
0.5 0.6065574 0.4426230 0.4262295 0.3606557 0.2704918 0.2704918 0.2049180 0.1885246 0.1311475 0.1147541
0.2622951 0.2950820 0.3278689 0.3360656 0.4098361 0.4098361 0.3934426 0.4262295 0.5491803 0.5655738 0.5491803
0.4583333 0.4583333 0.625 0.5833333 0.6833333 0.625 0.5833333 0.6166667 0.6166667 0.5583333 0.5
0.6695652 0.6869565 0.6869565 0.7565217 0.7043478 0.6956522 0.8086957 0.6086957 0.7826087 0.8 0.6956522
0.4590164 0.3606557 0.2295082 0.2213115 0.1475410 0.08196721 0.04098361 0.03278689 0.01639344 0 0.01639344
0.1304348 0.1391304 0.1565217 0.1565217 0.1304348 0.1304348 0.1565217 0.1826087 0.2260870 0.2260870 0.2434783
0.08 0.072 0.08 0.064 0.048 0.064 0.088 0.072 0.088 0.104 0.08
0.9083333 0.9166667 0.8083333 0.8416667 0.8 0.8583333 0.8916667 0.7833333 0.7583333 0.65 0.55
0.8333333 0.85 0.9083333 0.8083333 0.8666667 0.8666667 0.925 0.7833333 0.85 0.775 0.8916667
0.2333333 0.175 0.2666667 0.2416667 0.2416667 0.2166667 0.225 0.2166667 0.2083333 0.2083333 0.1916667
0.4583333 0.5083333 0.5416667 0.5416667 0.575 0.5416667 0.4416667 0.3666667 0.35 0.3 0.3166667
0.7723577 0.7398374 0.7317073 0.7235772 0.7154472 0.796748 0.7073171 0.7398374 0.7073171 0.7398374 0.7317073
0.3658537 0.3658537 0.2764228 0.2113821 0.2195122 0.1138211 0.1869919 0.1219512 0.1300813 0.1056911 0.09756098
0.4869565 0.5478261 0.4956522 0.5217391 0.4695652 0.4956522 0.4956522 0.5652174 0.6086957 0.5304348 0.5826087
0.7166667 0.775 0.8416667 0.7916667 0.7166667 0.7916667 0.7166667 0.6416667 0.7583333 0.8 0.775
0.2166667 0.125 0.1333333 0.1083333 0.1 0.03333333 0.05 0.08333333 0.1083333 0.1083333 0.1
0.9166667 0.95 0.9416667 0.8916667 0.9166667 0.9666667 0.925 0.925 0.95 0.8916667 0.8916667
0.9916667 0.9833333 0.9583333 0.975 0.9666667 0.9583333 0.9666667 0.8833333 0.9083333 0.8833333 0.8833333
0.8916667 0.8583333 0.85 0.9166667 0.7166667 0.8083333 0.7416667 0.7416667 0.675 0.6 0.6833333
0.275 0.275 0.3166667 0.2916667 0.3166667 0.3 0.4416667 0.3416667 0.4083333 0.45 0.45
0.909836 0.9590164 0.9754098 0.8934426 0.9508197 0.9262295 0.8770492 0.8770492 0.7377049 0.7540984 0.6967213
0.3333333 0.35 0.3 0.225 0.1666667 0.15 0.1083333 0.1 0.05 0.01666667 0.03333333
0.616 0.528 0.464 0.328 0.336 0.216 0.176 0.16 0.144 0.144 0.08
0.3666667 0.25 0.2666667 0.2583333 0.2166667 0.2083333 0.2 0.1666667 0.1333333 0.1583333 0.1166667
0.736 0.76 0.72 0.64 0.736 0.752 0.664 0.632 0.56 0.536 0.56
0.02459016 0.04918033 0.02459016 0.03278689 0.008196721 0.008196721 0.01639344 0.04098361 0.04918033 0.04918033 0.06557377
0.5083333 0.5166667 0.5083333 0.4333333 0.3416667 0.2666667 0.2083333 0.175 0.1083333 0.1 0.04166667
0.8688525 0.8688525 0.852459 0.8360656 0.795082 0.8196721 0.8278689 0.8770492 0.8032787 0.8688525 0.8934426
0.352459 0.352459 0.4016393 0.4836066 0.4180328 0.3934426 0.4016393 0.3770492 0.4344262 0.5 0.5491803
0.6393443 0.7377049 0.6393443 0.6967213 0.6311475 0.6065574 0.6229508 0.6639344 0.5983607 0.5409836 0.5491803
0.5304348 0.5913043 0.6347826 0.6173913 0.6608696 0.6956522 0.626087 0.7304348 0.7826087 0.8 0.8695652
0.2666667 0.3 0.2166667 0.2333333 0.25 0.2583333 0.2833333 0.35 0.3416667 0.4416667 0.4583333
0.975 0.9333333 0.9583333 0.975 0.9666667 0.9583333 0.9666667 0.8833333 0.9083333 0.8833333 0.8833333
0.8130081 0.8130081 0.796748 0.6747967 0.6422764 0.6260163 0.601626 0.5447154 0.4715447 0.4634146 0.3902439
0.7217391 0.5913043 0.6347826 0.5826087 0.5478261 0.4347826 0.4347826 0.4521739 0.3826087 0.3565217 0.2695652
0.4918033 0.5 0.4508197 0.4426230 0.4262295 0.4508197 0.4344262 0.3606557 0.3278689 0.2540984 0.2622951
0.85 0.9333333 0.9666667 0.7416667 0.9166667 0.9 0.7833333 0.725 0.8166667 0.825 0.7666667
0.02459016 0.01639344 0 0.01639344 0.008196721 0.008196721 0.01639344 0.04098361 0.07377049 0.04918033 0.09836066
0.2166667 0.2583333 0.2416667 0.2333333 0.2916667 0.2083333 0.2416667 0.2333333 0.3166667 0.2833333 0.3166667
0.7295082 0.795082 0.7786885 0.7540984 0.7622951 0.8852459 0.8114754 0.8114754 0.9262295 0.8770492 0.7540984
0.8688525 0.852459 0.8934426 0.8688525 0.8770492 0.7704918 0.7786885 0.852459 0.6803279 0.6229508 0.5901639
0.5491803 0.6147541 0.6393443 0.7295082 0.7295082 0.6311475 0.6721311 0.6557377 0.7295082 0.7704918 0.7213115
0.3688525 0.4262295 0.4180328 0.4672131 0.5409836 0.5901639 0.647541 0.6065574 0.6885246 0.8770492 0.6721311
0.4180328 0.4262295 0.557377 0.6311475 0.6967213 0.7622951 0.8688525 0.8934426 0.9180328 0.909836 0.8934426
0.6333333 0.6333333 0.6666667 0.7333333 0.6833333 0.625 0.6333333 0.625 0.625 0.5916667 0.6583333
0.5327869 0.4344262 0.557377 0.5983607 0.6803279 0.5983607 0.5983607 0.6885246 0.7704918 0.7868852 0.8196721
0.9166667 0.9083333 0.8916667 0.8916667 0.9166667 0.925 0.8666667 0.7833333 0.775 0.7666667 0.825
0.2195122 0.1788618 0.2276423 0.1951220 0.1463415 0.1869919 0.2113821 0.2032520 0.2113821 0.1951220 0.1626016
0.2936508 0.1825397 0.3253968 0.4126984 0.3650794 0.468254 0.4603175 0.5634921 0.6031746 0.6269841 0.6031746
0.3739130 0.3391304 0.3739130 0.4260870 0.4260870 0.4260870 0.4347826 0.5217391 0.5217391 0.5304348 0.6086957
0 0.01639344 0.008196721 0.01639344 0 0.01639344 0.008196721 0.01639344 0.04098361 0.03278689 0.08196721
0.1475410 0.1393443 0.09836066 0.05737705 0.05737705 0.008196721 0.02459016 0.008196721 0 0 0.01639344
0.4782609 0.3913043 0.4347826 0.4260870 0.3652174 0.3478261 0.3652174 0.3043478 0.2434783 0.2695652 0.3043478
0.2782609 0.3217391 0.4347826 0.3391304 0.4086957 0.4 0.4086957 0.4173913 0.4695652 0.5217391 0.4608696
0.568 0.664 0.688 0.68 0.648 0.8 0.664 0.824 0.872 0.8 0.864
0.1885246 0.2295082 0.3032787 0.3442623 0.3360656 0.3852459 0.4180328 0.3688525 0.3852459 0.3606557 0.4344262
0.8416667 0.75 0.725 0.8 0.6833333 0.7166667 0.7166667 0.6083333 0.6333333 0.5916667 0.625
0 0 0 0 0.008695652 0.01739130 0.02608696 0.03478261 0.1565217 0.2 0.2434783
0.4 0.4608696 0.4521739 0.4434783 0.4695652 0.6347826 0.6173913 0.6695652 0.6956522 0.8608696 0.7826087
0.2113821 0.1626016 0.2601626 0.2276423 0.1626016 0.2682927 0.3333333 0.398374 0.4308943 0.4552846 0.504065
0.475 0.5333333 0.5583333 0.6083333 0.55 0.6666667 0.6166667 0.6666667 0.5833333 0.5833333 0.6333333
0.32 0.288 0.248 0.232 0.224 0.272 0.2 0.192 0.232 0.2 0.168
0.2833333 0.275 0.2333333 0.2666667 0.325 0.275 0.3583333 0.375 0.4333333 0.5 0.5666667
0.75 0.8166667 0.8666667 0.8 0.8166667 0.9 0.7833333 0.8416667 0.8166667 0.825 0.7666667
0.4 0.275 0.3166667 0.275 0.2333333 0.2166667 0.1166667 0.1666667 0.1083333 0.05833333 0.06666667
0.008695652 0.008695652 0.008695652 0.008695652 0.01739130 0.01739130 0.01739130 0.03478261 0.1043478 0.1304348 0.2
0.5327869 0.6065574 0.7295082 0.7131148 0.8360656 0.8196721 0.852459 0.8688525 0.6803279 0.8688525 0.8934426
0.5121951 0.5691057 0.495935 0.5528455 0.5528455 0.5121951 0.495935 0.4308943 0.3902439 0.3089431 0.3414634
0.05217391 0.1217391 0.1391304 0.09565217 0.1478261 0.2347826 0.2086957 0.2521739 0.2869565 0.3043478 0.2521739
0.6178862 0.5691057 0.5284553 0.5365854 0.4878049 0.495935 0.4065041 0.3414634 0.3414634 0.2926829 0.3170732
0.7131148 0.6721311 0.7295082 0.6557377 0.6229508 0.5327869 0.6065574 0.6147541 0.6147541 0.5409836 0.5491803
0.8032787 0.704918 0.7131148 0.6393443 0.6885246 0.6967213 0.7704918 0.6721311 0.6803279 0.6803279 0.6721311
0.1416667 0.15 0.2 0.2 0.3083333 0.2833333 0.325 0.3833333 0.4 0.4083333 0.3916667
0.9836066 0.9918033 0.9344262 0.9754098 0.9508197 0.9262295 0.9672131 0.9180328 0.9262295 0.8770492 0.8360656
0.9836066 0.9918033 0.9754098 0.9754098 0.9508197 0.9262295 0.9672131 0.9180328 0.9262295 0.8770492 0.8360656
0.95 0.975 0.975 0.9416667 0.975 0.9666667 0.925 0.925 0.95 0.8916667 0.8916667
0.07826087 0.1217391 0.1391304 0.2 0.2260870 0.2956522 0.3043478 0.3304348 0.3739130 0.3391304 0.4347826
0.4916667 0.4583333 0.4916667 0.2916667 0.2916667 0.2083333 0.2833333 0.2166667 0.2166667 0.1916667 0.125
0.01639344 0.01639344 0.008196721 0 0 0 0 0 0 0.008196721 0.008196721
0.925 0.925 0.9083333 0.9416667 0.9166667 0.9666667 0.925 0.925 0.95 0.8916667 0.8916667
0.25 0.2416667 0.2083333 0.2 0.1583333 0.1833333 0.1916667 0.1333333 0.1333333 0.125 0.09166667
0.2 0.2521739 0.3043478 0.2782609 0.3217391 0.3565217 0.3652174 0.4086957 0.5043478 0.5565217 0.5826087
0.06557377 0.06557377 0.1065574 0.07377049 0.07377049 0.09016393 0.07377049 0.08196721 0.09016393 0.1065574 0.1311475
0.3650794 0.3015873 0.3253968 0.4047619 0.4126984 0.3650794 0.3968254 0.4365079 0.4444444 0.4047619 0.4523810
0.152 0.216 0.256 0.28 0.376 0.304 0.368 0.368 0.408 0.456 0.432
0.2916667 0.3583333 0.2583333 0.2833333 0.3333333 0.2916667 0.325 0.325 0.2833333 0.3583333 0.2833333
0.8333333 0.75 0.6666667 0.6916667 0.7 0.6333333 0.7 0.65 0.6583333 0.675 0.7666667
0.04098361 0.04918033 0.04918033 0.04098361 0.04098361 0.06557377 0.08196721 0.04918033 0.1065574 0.09836066 0.1311475
0.909836 0.8934426 0.8934426 0.8196721 0.9180328 0.7704918 0.852459 0.9262295 0.8934426 0.8688525 0.8934426
0.225 0.2416667 0.2416667 0.2416667 0.225 0.2 0.225 0.2416667 0.275 0.2333333 0.25
0.8583333 0.9166667 0.8 0.7333333 0.7 0.7 0.675 0.6166667 0.5166667 0.4583333 0.4333333
0.7213115 0.8852459 0.8442623 0.795082 0.8278689 0.7131148 0.8770492 0.8114754 0.7459016 0.6639344 0.704918
0.9916667 0.9833333 1 0.975 0.9666667 0.9583333 0.9666667 0.8833333 0.85 0.8 0.8833333
0.08333333 0.1 0.075 0.125 0.125 0.1666667 0.2666667 0.1666667 0.2083333 0.2166667 0.2666667
0.8852459 0.9262295 0.852459 0.9016393 0.8770492 0.9180328 0.9262295 0.8032787 0.8032787 0.8688525 0.8934426
0.6803279 0.704918 0.7459016 0.8278689 0.7622951 0.7377049 0.8360656 0.8196721 0.7704918 0.7868852 0.8934426
0.92 0.976 0.84 0.92 0.856 0.888 0.928 0.76 0.808 0.72 0.672
0.6 0.6 0.488 0.592 0.408 0.424 0.296 0.36 0.296 0.272 0.28
0.5583333 0.65 0.6833333 0.8583333 0.8 0.9 0.9166667 0.8833333 0.85 0.8833333 0.8833333
0.256 0.232 0.208 0.168 0.128 0.128 0.112 0.056 0.04 0.048 0.056
0.6311475 0.6311475 0.6803279 0.6803279 0.795082 0.8114754 0.8114754 0.8196721 0.8196721 0.7868852 0.8934426
0.7622951 0.8114754 0.7540984 0.8278689 0.8770492 0.7704918 0.6721311 0.6803279 0.8032787 0.7377049 0.7868852
0.6521739 0.6086957 0.573913 0.5652174 0.6347826 0.6347826 0.6173913 0.5652174 0.6521739 0.5478261 0.6
