0.7777778 0.7948718 0.7179487 0.7521368 0.7777778 0.6837607 0.7008547 0.7094017 0.7094017 0.7777778 0.6923077
0.4132231 0.3553719 0.3223140 0.3636364 0.3719008 0.3305785 0.2809917 0.2727273 0.2644628 0.2231405 0.2231405
0.8907563 0.815126 0.8655462 0.8655462 0.8403361 0.9159664 0.8907563 0.9243697 0.8991597 0.882353 0.8991597
0.775 0.8833333 0.875 0.8833333 0.775 0.8416667 0.7916667 0.775 0.75 0.7916667 0.7666667
0.2905983 0.2735043 0.2136752 0.2136752 0.1452991 0.1794872 0.1538462 0.2136752 0.2735043 0.2307692 0.1965812
0.8583333 0.8833333 0.9 0.9333333 0.8833333 0.9166667 0.95 0.85 0.9166667 0.8166667 0.85
0.2352941 0.1932773 0.1932773 0.1596639 0.2268908 0.2268908 0.2521008 0.2941176 0.3193277 0.3445378 0.3445378
0.504 0.48 0.536 0.496 0.432 0.44 0.448 0.376 0.384 0.344 0.272
0.338843 0.3966942 0.4958678 0.446281 0.4710744 0.6115702 0.6363636 0.6694215 0.661157 0.677686 0.7272727
0.4876033 0.5785124 0.5371901 0.5123967 0.5785124 0.5867769 0.677686 0.677686 0.7107438 0.7107438 0.6694215
0.04273504 0.05128205 0.05982906 0.1025641 0.1367521 0.1367521 0.2222222 0.1965812 0.2478632 0.2307692 0.3589744
0.5042735 0.6495726 0.6581197 0.6324786 0.5897436 0.6410256 0.6068376 0.6666667 0.6324786 0.6153846 0.5641026
0.9338843 0.9256198 0.892562 0.9338843 0.9256198 0.9090909 0.9090909 0.8181818 0.9173554 0.9008264 0.892562
0.3781513 0.4201681 0.4201681 0.3277311 0.3613445 0.4033613 0.394958 0.3781513 0.4453782 0.4369748 0.4789916
0.2857143 0.2605042 0.302521 0.2857143 0.2436975 0.2268908 0.2016807 0.2521008 0.2352941 0.2521008 0.2605042
0.1092437 0.1008403 0.09243697 0.1008403 0.04201681 0.01680672 0 0.02521008 0.01680672 0.03361345 0.06722689
0.1735537 0.2066116 0.2148760 0.4297521 0.3801653 0.4380165 0.4628099 0.4958678 0.6446281 0.6446281 0.6446281
0.4628099 0.5123967 0.5123967 0.4958678 0.5289256 0.5785124 0.677686 0.6446281 0.7107438 0.7272727 0.6694215
0.8728814 0.8728814 0.8135593 0.720339 0.6949153 0.7881356 0.779661 0.779661 0.6355932 0.6355932 0.6355932
0.8347107 0.8099174 0.7768595 0.7107438 0.7933884 0.6942149 0.6528926 0.661157 0.6033058 0.5123967 0.4958678
0.208 0.208 0.192 0.2 0.192 0.288 0.312 0.344 0.328 0.4 0.416
0.3135593 0.220339 0.2033898 0.1610169 0.1694915 0.2033898 0.2711864 0.279661 0.3050847 0.279661 0.3474576
0.6935484 0.733871 0.75 0.782258 0.717742 0.766129 0.782258 0.7903226 0.8467742 0.6693548 0.8467742
0.2905983 0.2478632 0.2136752 0.2222222 0.1538462 0.1794872 0.0940171 0.06837607 0.05982906 0.05982906 0.05982906
0.0390625 0.015625 0.03125 0.03125 0.0390625 0.0625 0.109375 0.1328125 0.1875 0.2421875 0.2734375
0.1983471 0.2066116 0.2231405 0.1900826 0.2231405 0.2975207 0.3223140 0.2975207 0.4049587 0.4214876 0.4958678
0.9067797 0.881356 0.838983 0.6864407 0.6271186 0.6440678 0.4745763 0.3898305 0.3644068 0.3305085 0.279661
0.5403226 0.5645161 0.6048387 0.6209677 0.5967742 0.5645161 0.6048387 0.6048387 0.5080645 0.5 0.483871
0.05932203 0.06779661 0.05084746 0.02542373 0.02542373 0.008474576 0.008474576 0.04237288 0.01694915 0.01694915 0.008474576
0.248 0.256 0.304 0.32 0.344 0.32 0.312 0.296 0.32 0.344 0.312
0.2136752 0.2393162 0.2393162 0.2393162 0.1965812 0.2222222 0.1709402 0.1452991 0.1794872 0.1709402 0.1709402
0.1487603 0.1239669 0.1404959 0.1404959 0.1239669 0.1652893 0.2396694 0.2727273 0.3305785 0.338843 0.3884298
0.553719 0.4297521 0.3719008 0.4380165 0.3636364 0.2809917 0.2479339 0.2148760 0.1487603 0.1487603 0.1157025
0.3504274 0.3760684 0.3589744 0.2820513 0.3846154 0.4017094 0.4786325 0.4615385 0.6153846 0.5726496 0.6068376
0.6779661 0.838983 0.720339 0.7288136 0.7711864 0.7966102 0.8050847 0.7881356 0.7711864 0.8050847 0.6694915
0.7540984 0.647541 0.704918 0.6885246 0.6393443 0.7295082 0.6967213 0.7704918 0.852459 0.8606557 0.6803279
0.4453782 0.4117647 0.3697479 0.3193277 0.2268908 0.1512605 0.1092437 0.1092437 0.05042017 0.03361345 0.01680672
0.1048387 0.0967742 0.05645161 0.06451613 0.07258065 0.0967742 0.06451613 0.08870968 0.07258065 0.1290323 0.08870968
0.1260504 0.1008403 0.1176471 0.1260504 0.1260504 0.1008403 0.1092437 0.1764706 0.1344538 0.1092437 0.1512605
0.8583333 0.8833333 0.9 0.7916667 0.8416667 0.8666667 0.7916667 0.7916667 0.7333333 0.7083333 0.7
0.8064516 0.8145161 0.7741935 0.7419355 0.7580645 0.8629032 0.7983871 0.7903226 0.6370968 0.6693548 0.7580645
0.2622951 0.2868852 0.3442623 0.3606557 0.4426230 0.3934426 0.3852459 0.3442623 0.3196721 0.2540984 0.2213115
0.6953125 0.65625 0.6796875 0.5625 0.5625 0.5625 0.6171875 0.4609375 0.4453125 0.4140625 0.3828125
0.8 0.8666667 0.7833333 0.8166667 0.75 0.7333333 0.8 0.7916667 0.8083333 0.8166667 0.7
0.3032787 0.3360656 0.3442623 0.3032787 0.3032787 0.2622951 0.2704918 0.2295082 0.2213115 0.1803279 0.09016393
0.575 0.6166667 0.5833333 0.65 0.5583333 0.5583333 0.575 0.6166667 0.5166667 0.6333333 0.65
0.7520661 0.8347107 0.7272727 0.7190083 0.7272727 0.7355372 0.7355372 0.7272727 0.7355372 0.7190083 0.6446281
0.1557377 0.1311475 0.07377049 0.09016393 0.08196721 0.07377049 0.07377049 0.1311475 0.06557377 0.07377049 0.1229508
0.8119658 0.8376068 0.9059829 0.923077 0.8888889 0.8632479 0.9059829 0.8974359 0.8803419 0.8632479 0.8632479
0.9338843 0.9669421 0.9338843 0.9338843 0.9586777 0.9090909 0.9504132 0.9256198 0.9173554 0.9008264 0.892562
0.953125 0.8828125 0.8125 0.828125 0.7890625 0.75 0.7890625 0.8359375 0.6953125 0.7734375 0.6875
0.1129032 0.1451613 0.2338710 0.2177419 0.2741935 0.2661290 0.2822581 0.3145161 0.3870968 0.4193548 0.4435484
0.90625 0.9453125 0.9140625 0.921875 0.90625 0.9296875 0.8515625 0.7421875 0.7578125 0.7265625 0.6796875
0.3333333 0.275 0.2333333 0.2 0.1833333 0.1416667 0.125 0.09166667 0.06666667 0.05 0.08333333
0.544 0.44 0.472 0.376 0.344 0.296 0.208 0.144 0.08 0.08 0.064
0.3709677 0.4596774 0.3951613 0.3548387 0.4274194 0.3548387 0.3629032 0.3790323 0.3225806 0.3064516 0.3064516
0.6271186 0.5762712 0.6271186 0.5847458 0.5169492 0.5423729 0.5254237 0.5508475 0.5254237 0.5169492 0.4576271
0.2991453 0.3504274 0.2564103 0.2735043 0.2222222 0.1965812 0.2478632 0.2649573 0.2478632 0.2735043 0.2393162
0.4583333 0.475 0.425 0.4333333 0.3083333 0.2833333 0.1916667 0.1083333 0.09166667 0.05833333 0.06666667
0.7933884 0.8429752 0.7272727 0.8181818 0.8429752 0.8264463 0.9173554 0.7272727 0.8595041 0.785124 0.785124
0.4166667 0.3833333 0.4333333 0.4333333 0.4333333 0.4333333 0.4416667 0.4833333 0.475 0.475 0.5166667
0.544 0.528 0.56 0.456 0.512 0.48 0.456 0.408 0.448 0.432 0.472
0.6302521 0.6218487 0.5630252 0.6218487 0.6638655 0.6386555 0.6554622 0.7142857 0.8403361 0.815126 0.8067227
0.21875 0.203125 0.2109375 0.2265625 0.2265625 0.3046875 0.234375 0.3515625 0.328125 0.3515625 0.4296875
0.9590164 0.9262295 0.9344262 0.909836 0.9754098 0.9508197 0.9180328 0.909836 0.9180328 0.8606557 0.8360656
0.7741935 0.782258 0.7419355 0.6612903 0.6774194 0.7419355 0.6774194 0.5967742 0.4758065 0.483871 0.4435484
0.6923077 0.6153846 0.6153846 0.4700855 0.4529915 0.5042735 0.4786325 0.3846154 0.3760684 0.3076923 0.1965812
0.5 0.5083333 0.475 0.5333333 0.5083333 0.4666667 0.4916667 0.4083333 0.4166667 0.3833333 0.3666667
0.8305085 0.8728814 0.8135593 0.8135593 0.8474576 0.8305085 0.8050847 0.7881356 0.6949153 0.7033898 0.7118644
0.01612903 0.008064516 0.02419355 0.008064516 0.03225806 0.05645161 0.0483871 0.06451613 0.05645161 0.1693548 0.1129032
0.4745763 0.5169492 0.4661017 0.4661017 0.5084746 0.4491525 0.440678 0.5762712 0.5508475 0.5084746 0.5338983
0.5378151 0.7058824 0.6554622 0.6890756 0.7394958 0.7563025 0.6806723 0.6218487 0.7647059 0.8235294 0.8067227
0.942623 0.9262295 0.8442623 0.8770492 0.7459016 0.7295082 0.6967213 0.6639344 0.5737705 0.5327869 0.4754098
0.5737705 0.5655738 0.5819672 0.5737705 0.5409836 0.6967213 0.647541 0.7459016 0.852459 0.7295082 0.7377049
0.2991453 0.3333333 0.3589744 0.4358974 0.3846154 0.4871795 0.5555556 0.5384615 0.6923077 0.6153846 0.6752137
0.940678 0.940678 0.9576271 0.9067797 0.9576271 0.8898305 0.940678 0.9661017 0.8728814 0.898305 0.8898305
0.4444444 0.4188034 0.4188034 0.4017094 0.4188034 0.3675214 0.3846154 0.3076923 0.3418803 0.3247863 0.2393162
0.5619835 0.5867769 0.553719 0.5867769 0.6033058 0.6115702 0.6115702 0.7190083 0.7272727 0.7768595 0.6942149
0.7226891 0.7815126 0.8235294 0.8235294 0.8487395 0.8571429 0.8907563 0.789916 0.7394958 0.7310924 0.8319328
0.203125 0.234375 0.2109375 0.171875 0.1796875 0.1796875 0.15625 0.2421875 0.1875 0.1953125 0.2265625
0.2051282 0.3247863 0.2649573 0.3760684 0.4444444 0.4444444 0.5042735 0.5384615 0.6153846 0.5470085 0.6324786
0.4453782 0.4453782 0.4369748 0.5210084 0.5294118 0.4537815 0.5882353 0.4705882 0.5294118 0.6470588 0.5546218
0.1271186 0.1186441 0.1610169 0.1525424 0.1525424 0.2033898 0.2542373 0.2627119 0.2542373 0.220339 0.2881356
0.1196581 0.07692308 0.04273504 0.05128205 0.008547009 0.01709402 0.008547009 0.008547009 0.01709402 0.008547009 0.008547009
0.2066116 0.2479339 0.1652893 0.1404959 0.1735537 0.1487603 0.1404959 0.1157025 0.1239669 0.0909091 0.1157025
0.3719008 0.3553719 0.3223140 0.3471074 0.3801653 0.4297521 0.4793388 0.5041322 0.5041322 0.4380165 0.4876033
0.8305085 0.720339 0.8305085 0.8644068 0.7457627 0.8050847 0.8135593 0.8644068 0.8220339 0.7542373 0.7966102
0.1983471 0.2314050 0.2892562 0.2975207 0.3884298 0.3719008 0.3636364 0.4214876 0.4297521 0.553719 0.4958678
0.8728814 0.7711864 0.7966102 0.7288136 0.6779661 0.7881356 0.6440678 0.5932203 0.6355932 0.5677966 0.6355932
0.008064516 0 0.008064516 0.008064516 0.02419355 0.01612903 0.0483871 0.07258065 0.1048387 0.1370968 0.1774194
0.3728814 0.5254237 0.4915254 0.4830508 0.5254237 0.6355932 0.5847458 0.779661 0.7372881 0.8050847 0.8898305
0.1693548 0.2741935 0.2822581 0.2822581 0.3467742 0.3145161 0.2983871 0.3951613 0.3870968 0.483871 0.4919355
0.4793388 0.5702479 0.5041322 0.5123967 0.4876033 0.5867769 0.6198347 0.6033058 0.6528926 0.6033058 0.6280992
0.352459 0.3114754 0.3278689 0.1967213 0.2950820 0.2213115 0.2295082 0.1475410 0.1885246 0.09016393 0.04098361
0.2644628 0.2809917 0.2479339 0.2644628 0.2644628 0.338843 0.4132231 0.4297521 0.446281 0.4876033 0.4380165
0.672 0.816 0.712 0.744 0.744 0.824 0.752 0.88 0.904 0.776 0.76
0.1916667 0.1416667 0.1583333 0.1583333 0.1333333 0.1 0.05833333 0.075 0.04166667 0.03333333 0.04166667
0.1065574 0.09016393 0.07377049 0.1147541 0.1147541 0.08196721 0.1475410 0.2049180 0.1967213 0.2540984 0.2540984
0.3606557 0.4918033 0.5983607 0.7540984 0.6967213 0.6639344 0.7377049 0.795082 0.6721311 0.7213115 0.6721311
0.6271186 0.6864407 0.661017 0.6440678 0.6016949 0.6355932 0.5762712 0.5423729 0.5423729 0.4830508 0.440678
0.09322034 0.1016949 0.1779661 0.1525424 0.1779661 0.1864407 0.2542373 0.2627119 0.2711864 0.279661 0.3135593
0.5080645 0.6048387 0.6935484 0.5 0.4758065 0.5564516 0.4435484 0.4354839 0.4354839 0.483871 0.4435484
0.4765625 0.4765625 0.40625 0.40625 0.4609375 0.453125 0.40625 0.5078125 0.484375 0.453125 0.4296875
0.661017 0.6864407 0.6271186 0.6694915 0.6101695 0.6440678 0.779661 0.661017 0.6355932 0.6016949 0.6355932
0.1092437 0.1092437 0.1428571 0.1512605 0.2268908 0.3193277 0.2857143 0.2941176 0.3109244 0.3109244 0.3277311
0.8235294 0.7983193 0.8655462 0.907563 0.9327731 0.8571429 0.8907563 0.8403361 0.8991597 0.882353 0.8991597
0.9008264 0.9008264 0.8842975 0.9338843 0.876033 0.9669421 0.9173554 0.8429752 0.8595041 0.8595041 0.785124
0.974359 0.948718 0.931624 0.923077 0.957265 0.91453 0.9059829 0.8974359 0.8803419 0.8632479 0.8632479
0.1157025 0.1404959 0.1487603 0.1900826 0.1900826 0.2561983 0.2809917 0.3057851 0.3057851 0.3471074 0.3636364
0.5454545 0.5206612 0.4628099 0.4132231 0.4132231 0.3305785 0.2809917 0.2727273 0.1983471 0.1652893 0.1735537
0.008196721 0.008196721 0.01639344 0 0 0 0 0 0 0 0.008196721
0.9583333 0.9666667 0.9333333 0.9333333 0.975 0.95 0.875 0.925 0.9166667 0.8833333 0.85
0.184 0.08 0.096 0.088 0.072 0.08 0.104 0.08 0.12 0.064 0.08
0.4 0.3833333 0.4666667 0.425 0.4666667 0.5333333 0.5333333 0.6083333 0.5833333 0.625 0.65
0.2605042 0.2605042 0.302521 0.2857143 0.2268908 0.2352941 0.2016807 0.2521008 0.2268908 0.2941176 0.2436975
0.2809917 0.3057851 0.2396694 0.1900826 0.3140496 0.338843 0.2809917 0.3471074 0.3140496 0.3305785 0.3719008
0.224 0.256 0.272 0.368 0.352 0.464 0.448 0.376 0.376 0.36 0.408
0.2975207 0.338843 0.2727273 0.2892562 0.3140496 0.3305785 0.3223140 0.3884298 0.3223140 0.3471074 0.3719008
0.616 0.568 0.632 0.688 0.608 0.64 0.656 0.616 0.648 0.584 0.576
0.08264463 0.0909091 0.1157025 0.0661157 0.07438017 0.1157025 0.1322314 0.1157025 0.1239669 0.1322314 0.1322314
0.8032787 0.8606557 0.8442623 0.8770492 0.8852459 0.8360656 0.9180328 0.8360656 0.852459 0.8606557 0.6803279
0.25 0.275 0.2583333 0.2166667 0.1833333 0.2 0.1083333 0.1083333 0.1333333 0.1083333 0.1166667
0.9590164 0.8606557 0.8770492 0.7377049 0.7622951 0.6557377 0.5163934 0.4754098 0.4016393 0.352459 0.3934426
0.8235294 0.7815126 0.7815126 0.815126 0.7310924 0.7142857 0.7983193 0.6806723 0.8403361 0.7226891 0.7226891
0.9752066 0.9669421 0.9669421 0.9421488 0.9504132 0.9669421 0.9173554 0.8429752 0.8595041 0.8595041 0.785124
0.08547009 0.0940171 0.07692308 0.08547009 0.06837607 0.1025641 0.0940171 0.1025641 0.1196581 0.05982906 0.1709402
0.7478992 0.7815126 0.8655462 0.907563 0.8991597 0.8571429 0.9663866 0.8067227 0.8991597 0.815126 0.8067227
0.7583333 0.825 0.8166667 0.8166667 0.8833333 0.8666667 0.7916667 0.7916667 0.875 0.8166667 0.85
0.9338843 0.9669421 0.9338843 0.9338843 0.9256198 0.8347107 0.9090909 0.9256198 0.9173554 0.7272727 0.785124
0.608 0.488 0.592 0.456 0.488 0.384 0.416 0.344 0.312 0.28 0.272
0.6355932 0.6271186 0.7372881 0.8135593 0.8474576 0.9491525 0.8305085 0.8559322 0.8728814 0.7966102 0.8898305
0.1239669 0.1570248 0.1404959 0.1404959 0.1322314 0.1322314 0.0909091 0.08264463 0.1239669 0.04958678 0.05785124
0.5299145 0.5384615 0.5726496 0.5299145 0.6666667 0.7008547 0.6666667 0.6923077 0.8803419 0.7777778 0.8632479
0.9 0.8833333 0.7833333 0.7916667 0.8416667 0.775 0.725 0.85 0.8 0.7916667 0.7666667
0.5982906 0.6153846 0.6581197 0.8119658 0.5555556 0.6837607 0.5811966 0.6666667 0.6752137 0.6153846 0.6324786
