0 0
0 0.6811594
0 0
0 0.6766917
0 0.7111111
0 0
0 0.7058824
0.1937984 0
0.1937984 0
0 0.6811594
0 0
0 0.6766917
0 0
0.2868217 0.6976744
0 0.7238806
0 0.7238806
0.1937984 0
0 0
0.2868217 0.6976744
0 0.7058824
0 0.7058824
0.2868217 0.6976744
0 0
0 0.7238806
0.1338028 0
0 0
0 0
0 0.7111111
0 0.7067669
0 0
0 0.7067669
0 0
0 0
0.1338028 0.6690141
0 0.7238806
0.2868217 0.6976744
0 0.7238806
0.1338028 0
0.1654676 0
0 0
0.2868217 0.6976744
0 0.6766917
0 0.7067669
0 0.6642857
0.1937984 0
0 0.6811594
0.2868217 0.6976744
0 0.7111111
0 0.7058824
0 0.7067669
0.1654676 0
0 0
0 0.7111111
0 0.7111111
0 0.7111111
0 0
0 0.6642857
0 0.6642857
0 0.7111111
0 0.7058824
0 0.7067669
0 0.6811594
0 0.7111111
0.2868217 0.6976744
0 0.6766917
0.1338028 0
0 0.6811594
0 0.7067669
0 0.7111111
0.2868217 0.6976744
0.1654676 0.618705
0.1338028 0
0 0.7238806
0.1654676 0.618705
0 0
0.1338028 0.6690141
0.1654676 0.618705
0 0.7238806
0 0.6766917
0 0.6642857
0.2868217 0.6976744
0 0
0 0.7067669
0.1937984 0
0.2868217 0.6976744
0 0.6811594
0 0
0.1937984 0
0 0.6766917
0.1937984 0
0 0
0 0.6642857
0 0.7067669
0 0
0.1654676 0.618705
0 0
0 0
0 0.7238806
0 0.6811594
0 0
0 0.6766917
0.1338028 0.6690141
0 0.6766917
0 0.7067669
0 0.7238806
0 0
0.1338028 0.6690141
0 0.6766917
0.2868217 0.6976744
0 0.7111111
0 0.6766917
0.1654676 0
0 0.6766917
0 0.7238806
0 0.7058824
0 0
0 0
0 0.7058824
0.2868217 0.6976744
0 0.6811594
0 0.6642857
0.1654676 0.618705
0 0
0 0.6766917
0 0
0 0.7058824
0.2868217 0.6976744
0 0.6766917
0 0.7067669
0.1654676 0
0 0
0 0.6642857
0.1654676 0.618705
0 0.6642857
0 0.7111111
0 0
0 0
0 0.6766917
0 0.7238806
0 0.6811594
0 0
0.1338028 0.6690141
0.1654676 0.618705
0.1937984 0
0 0
0 0.7238806
0 0.7067669
0.2868217 0.6976744
0 0.7058824
0 0.7238806
0.1654676 0.618705
