0 0
0 0.6764706
0.1544118 0
0 0.7153285
0 0.7014925
0 0
0 0.6888889
0 0
0 0
0.1418440 0.7588652
0 0
0 0.6564885
0 0
0 0.673913
0 0.6691176
0 0.6888889
0 0
0 0
0.2279412 0.6911765
0 0.6564885
0 0.6764706
0.1418440 0.7588652
0 0
0.2279412 0.6911765
0 0
0 0
0.1418440 0
0 0.6740741
0 0.7153285
0 0
0 0.6764706
0 0
0 0
0.2279412 0.6911765
0.2279412 0.6911765
0 0.6888889
0 0.6740741
0 0
0 0
0 0
0 0.6691176
0 0.6764706
0 0.7153285
0 0.6564885
0 0
0 0.6564885
0 0.6691176
0.2279412 0.6911765
0 0.7153285
0 0.6564885
0 0
0 0
0.2279412 0.6911765
0.1418440 0.7588652
0 0.6691176
0 0
0 0.673913
0 0.6740741
0 0.673913
0 0.6888889
0 0.6764706
0 0.6740741
0 0.6888889
0 0.6740741
0 0.6691176
0 0
0 0.6764706
0 0.6888889
0 0.6564885
0 0.6888889
0 0.6691176
0 0
0.1418440 0.7588652
0 0.6764706
0 0
0.2279412 0.6911765
0.1418440 0.7588652
0.2279412 0.6911765
0 0.6888889
0 0.7014925
0 0.6764706
0 0
0 0.7014925
0 0
0 0.6564885
0 0.6564885
0 0
0 0
0 0.673913
0 0
0 0
0 0.6888889
0 0.6888889
0 0
0 0.6691176
0.1544118 0
0 0
0.2279412 0.6911765
0 0.6740741
0 0
0 0.6888889
0 0.6888889
0 0.6888889
0 0.6740741
0 0.6691176
0 0
0 0.6740741
0.1418440 0.7588652
0 0.6564885
0 0.6691176
0.2279412 0.6911765
0 0
0 0.7014925
0 0.7014925
0 0.6740741
0 0
0 0
0 0.6740741
0.1418440 0.7588652
0 0.7014925
0 0.6691176
0 0.6564885
0 0
0 0.6564885
0 0
0 0.6764706
0 0.7153285
0 0.7014925
0 0.7153285
0.1544118 0
0 0
0 0.673913
0.2279412 0.6911765
0 0.673913
0 0.6740741
0 0
0 0
0 0.6888889
0 0.7153285
0.2279412 0.6911765
0.1418440 0
0 0.673913
0 0.7153285
0 0
0 0
0 0.7153285
0 0.7014925
0.1418440 0.7588652
0 0.6740741
0 0.6764706
0 0.6764706
