0.1048951 0
0 0.6511628
0.2153846 0
0 0.6934307
0.1544118 0.6691176
0.2153846 0
0.2153846 0.6615385
0.1567164 0
0 0
0 0.75
0.2153846 0
0 0.6511628
0.1567164 0
0 0.6934307
0 0.6618705
0.1544118 0.6691176
0 0
0.2153846 0
0 0.6511628
0 0.6511628
0.2153846 0.6615385
0 0.75
0 0
0 0.6690647
0.1567164 0
0 0
0 0
0.1567164 0.6791045
0 0.6618705
0.1567164 0
0 0.6934307
0 0
0.1544118 0
0 0.7214286
0.1544118 0.6691176
0 0.7214286
0 0.75
0 0
0 0
0.2153846 0
0 0.7214286
0 0.75
0.2153846 0.6615385
0.2153846 0.6615385
0 0
0 0.6690647
0 0.6618705
0.1048951 0.6923077
0 0.6618705
0 0.6511628
0 0
0 0
0 0.6511628
0 0.6690647
0 0.6690647
0 0
0 0.75
0 0.6618705
0 0.75
0 0.75
0.1048951 0.6923077
0 0.6934307
0.1544118 0.6691176
0.1567164 0.6791045
0 0.6934307
0 0
0.1048951 0.6923077
0.2153846 0.6615385
0.2153846 0.6615385
0 0.6511628
0.1544118 0.6691176
0.1544118 0
0 0.6511628
0 0.6618705
0 0
0.1567164 0.6791045
0.1567164 0.6791045
0.1544118 0.6691176
0 0.6511628
0 0.6511628
0.1544118 0.6691176
0 0
0 0.7214286
0.2153846 0
0.1544118 0.6691176
0 0.6690647
0 0
0.2153846 0
0 0.6934307
0 0
0 0
0 0.75
0 0.6618705
0.1048951 0
0 0.6511628
0 0
0.1048951 0
0 0.6618705
0.2153846 0.6615385
0 0
0.1048951 0.6923077
0.2153846 0.6615385
0.2153846 0.6615385
0.1567164 0.6791045
0 0.6511628
0 0
0 0.6511628
0 0.6690647
0 0.6934307
0.2153846 0.6615385
0.1567164 0.6791045
0 0
0 0.6511628
0 0.7214286
0 0.6690647
0.1567164 0
0.1544118 0
0 0.6690647
0.2153846 0.6615385
0.1567164 0.6791045
0.2153846 0.6615385
0 0.6618705
0.1544118 0
0 0.6934307
0 0
0.2153846 0.6615385
0.1567164 0.6791045
0 0.6934307
0.1544118 0.6691176
0 0
0.1567164 0
0 0.6934307
0 0.6618705
0 0.75
0.1567164 0.6791045
0.1544118 0
0 0
0.1544118 0.6691176
0 0.7214286
0 0.75
0 0
0.1567164 0.6791045
0 0.7214286
0 0
0 0
0.2153846 0.6615385
0.1567164 0.6791045
0.1048951 0.6923077
0 0.6511628
0 0.75
0 0.6511628
