0.136 0.174 0.252 0.42 0.658 0.76 0.824 0.818 0.85 0.866 0.866
0 0 0 0 0 0.008 0.082 0.226 0.334 0.372 0.418
0.028 0.066 0.156 0.418 0.726 0.868 0.884 0.884 0.908 0.914 0.91
0 0 0 0 0 0.01 0.106 0.258 0.288 0.312 0.38
0 0 0.002 0 0 0.006 0.076 0.224 0.254 0.36 0.458
0.264 0.284 0.418 0.674 0.862 0.948 0.954 0.954 0.968 0.956 0.97
0 0 0 0 0 0.002 0.078 0.246 0.274 0.328 0.392
0.01 0.006 0.042 0.146 0.262 0.338 0.34 0.348 0.342 0.362 0.364
0.03 0.024 0.076 0.246 0.484 0.61 0.648 0.75 0.76 0.738 0.76
0.002 0.004 0.01 0.018 0.092 0.276 0.484 0.706 0.798 0.828 0.84
0 0.006 0.01 0.138 0.342 0.368 0.446 0.57 0.58 0.586 0.548
0 0 0 0 0 0 0.074 0.218 0.25 0.36 0.382
0.078 0.126 0.27 0.568 0.788 0.874 0.906 0.916 0.944 0.948 0.928
0.008 0.004 0.016 0.012 0.006 0.012 0.098 0.252 0.27 0.4 0.392
0 0 0 0 0 0.008 0.082 0.226 0.334 0.372 0.418
0.002 0 0.018 0.062 0.194 0.39 0.574 0.754 0.818 0.838 0.864
0.036 0.076 0.134 0.336 0.662 0.784 0.824 0.872 0.874 0.846 0.912
0.03 0.052 0.218 0.5 0.714 0.836 0.892 0.878 0.902 0.906 0.924
0.004 0.006 0.01 0.014 0.05 0.182 0.382 0.616 0.782 0.83 0.856
0 0 0 0.002 0.002 0.006 0.132 0.264 0.34 0.392 0.428
0.072 0.09 0.138 0.23 0.374 0.616 0.792 0.946 0.988 0.988 0.986
0 0 0.002 0.012 0.07 0.26 0.51 0.654 0.742 0.786 0.804
0.006 0.018 0.052 0.244 0.556 0.724 0.772 0.808 0.834 0.84 0.816
0 0 0 0 0 0.008 0.072 0.204 0.314 0.33 0.382
0.494 0.546 0.546 0.728 0.912 0.978 0.988 0.988 0.99 0.99 0.99
0.162 0.194 0.3 0.508 0.784 0.916 0.968 0.982 0.966 0.964 0.974
0.14 0.19 0.292 0.59 0.814 0.926 0.958 0.968 0.97 0.966 0.962
0.094 0.092 0.124 0.234 0.434 0.596 0.816 0.944 0.968 0.994 0.99
0.12 0.094 0.136 0.244 0.372 0.626 0.784 0.924 0.942 0.94 0.972
0.074 0.122 0.248 0.536 0.82 0.922 0.94 0.936 0.954 0.96 0.952
0.018 0.012 0.036 0.02 0.024 0.028 0.122 0.274 0.292 0.428 0.418
0.034 0.026 0.052 0.128 0.344 0.436 0.468 0.52 0.52 0.582 0.6
0.124 0.186 0.356 0.682 0.906 0.968 0.976 0.982 0.984 0.982 0.984
0.006 0.006 0.008 0.014 0.096 0.288 0.518 0.702 0.808 0.812 0.85
0.08 0.118 0.14 0.2 0.356 0.6 0.758 0.922 0.976 0.984 0.982
0.28 0.296 0.318 0.4 0.558 0.722 0.834 0.962 0.974 0.984 0.984
0 0 0 0 0 0 0.108 0.208 0.272 0.256 0.374
0.07 0.098 0.196 0.426 0.8 0.914 0.966 0.968 0.99 0.98 0.98
0.04 0.074 0.164 0.45 0.77 0.894 0.92 0.94 0.95 0.948 0.948
0.364 0.426 0.532 0.706 0.914 0.956 0.972 0.984 0.984 0.988 0.984
0.032 0.044 0.028 0.032 0.08 0.164 0.386 0.614 0.662 0.706 0.754
0.02 0.018 0.03 0.03 0.018 0.022 0.114 0.306 0.376 0.416 0.426
0.034 0.052 0.088 0.166 0.31 0.52 0.742 0.892 0.966 0.978 0.96
0.028 0.04 0.094 0.206 0.394 0.58 0.768 0.856 0.898 0.878 0.922
0.01 0.006 0.042 0.146 0.262 0.338 0.34 0.348 0.342 0.362 0.364
0.052 0.06 0.088 0.182 0.298 0.554 0.766 0.92 0.956 0.982 0.974
0.016 0.03 0.052 0.13 0.292 0.482 0.718 0.872 0.948 0.958 0.956
0.04 0.034 0.036 0.064 0.124 0.28 0.474 0.652 0.708 0.748 0.78
0 0 0 0 0 0.008 0.058 0.242 0.3 0.304 0.322
0.004 0.006 0.008 0.004 0 0 0.108 0.214 0.274 0.26 0.374
0.056 0.114 0.216 0.462 0.662 0.772 0.84 0.842 0.854 0.868 0.88
0.016 0.016 0.066 0.26 0.584 0.702 0.778 0.756 0.82 0.818 0.798
0.006 0.002 0.004 0.002 0.006 0.012 0.082 0.25 0.282 0.336 0.402
0 0 0 0 0 0.002 0.086 0.258 0.26 0.322 0.356
0 0 0.006 0.01 0.06 0.226 0.406 0.612 0.764 0.764 0.804
0.04 0.066 0.114 0.264 0.486 0.538 0.628 0.642 0.692 0.69 0.692
0.056 0.04 0.042 0.044 0.066 0.108 0.224 0.424 0.448 0.452 0.504
0.002 0 0.018 0.062 0.194 0.392 0.574 0.754 0.818 0.838 0.864
0.01 0.014 0.028 0.054 0.144 0.312 0.54 0.748 0.868 0.914 0.9
0.11 0.154 0.142 0.168 0.354 0.546 0.664 0.862 0.868 0.88 0.888
0.002 0 0 0.008 0.066 0.214 0.438 0.662 0.772 0.81 0.85
0.122 0.134 0.146 0.156 0.168 0.31 0.522 0.708 0.842 0.844 0.876
0.002 0 0.018 0.062 0.194 0.39 0.574 0.754 0.818 0.838 0.864
0.006 0.016 0.032 0.018 0.012 0.016 0.09 0.242 0.33 0.358 0.408
0 0.004 0 0 0 0 0.108 0.208 0.272 0.258 0.374
0.126 0.154 0.23 0.46 0.702 0.842 0.882 0.896 0.878 0.886 0.894
0 0 0 0 0 0 0.074 0.218 0.25 0.36 0.382
0.114 0.13 0.156 0.162 0.288 0.494 0.676 0.898 0.956 0.958 0.956
0.034 0.044 0.054 0.068 0.074 0.08 0.152 0.318 0.34 0.416 0.52
0.008 0.02 0.054 0.15 0.342 0.516 0.74 0.886 0.92 0.94 0.944
0.026 0.04 0.082 0.146 0.294 0.492 0.714 0.884 0.946 0.962 0.95
0.19 0.232 0.3 0.528 0.804 0.85 0.902 0.896 0.918 0.942 0.926
0.062 0.092 0.108 0.184 0.312 0.53 0.752 0.896 0.936 0.948 0.948
0 0 0 0 0 0 0.078 0.234 0.262 0.384 0.38
0.072 0.104 0.212 0.482 0.826 0.926 0.974 0.98 0.986 0.988 0.984
0.06 0.074 0.108 0.16 0.362 0.582 0.762 0.916 0.956 0.97 0.986
0 0 0 0 0.002 0.022 0.096 0.256 0.398 0.412 0.37
0.072 0.054 0.046 0.052 0.066 0.1 0.22 0.438 0.452 0.522 0.528
0 0 0 0.002 0 0.006 0.098 0.29 0.35 0.398 0.396
0 0 0 0 0 0.002 0.078 0.246 0.274 0.328 0.392
0 0 0 0.002 0.002 0.006 0.134 0.266 0.34 0.394 0.428
0.582 0.59 0.58 0.744 0.914 0.984 0.98 0.972 0.976 0.968 0.972
0.016 0.018 0.018 0.016 0.058 0.158 0.362 0.616 0.666 0.728 0.78
0.07 0.068 0.062 0.176 0.378 0.404 0.486 0.6 0.598 0.612 0.58
0.084 0.074 0.114 0.224 0.422 0.59 0.804 0.928 0.96 0.986 0.984
0 0 0 0 0 0.006 0.08 0.238 0.286 0.388 0.468
0.024 0.04 0.09 0.27 0.568 0.748 0.79 0.828 0.846 0.852 0.836
0.014 0.008 0.05 0.152 0.27 0.344 0.348 0.356 0.352 0.364 0.38
0 0 0 0 0 0.008 0.058 0.242 0.3 0.304 0.322
0.124 0.2 0.332 0.674 0.89 0.946 0.956 0.968 0.986 0.97 0.984
0.052 0.088 0.164 0.446 0.73 0.87 0.874 0.89 0.91 0.898 0.91
0 0 0 0.008 0.07 0.25 0.466 0.658 0.748 0.794 0.812
0.022 0.03 0.058 0.128 0.302 0.538 0.726 0.866 0.928 0.936 0.94
0.092 0.114 0.162 0.302 0.514 0.586 0.678 0.696 0.734 0.73 0.73
0 0 0 0 0.002 0.022 0.096 0.256 0.398 0.412 0.37
0.116 0.164 0.236 0.504 0.746 0.82 0.878 0.908 0.902 0.924 0.93
0.04 0.064 0.214 0.522 0.738 0.858 0.846 0.884 0.892 0.88 0.9
0.018 0.022 0.038 0.106 0.296 0.51 0.706 0.866 0.918 0.922 0.944
0 0 0 0 0 0.016 0.166 0.278 0.32 0.376 0.35
0.018 0.024 0.118 0.358 0.704 0.82 0.89 0.896 0.89 0.916 0.906
0 0 0 0 0.002 0.022 0.096 0.256 0.398 0.412 0.37
0.018 0.03 0.064 0.13 0.276 0.48 0.702 0.87 0.94 0.956 0.946
0 0 0 0 0 0.008 0.082 0.226 0.334 0.372 0.418
0.012 0.016 0.034 0.082 0.204 0.444 0.628 0.842 0.904 0.91 0.918
0.008 0.01 0.022 0.014 0.018 0.024 0.116 0.324 0.36 0.424 0.4
0.046 0.09 0.188 0.462 0.748 0.856 0.882 0.896 0.922 0.902 0.94
0 0 0 0 0 0.002 0.068 0.242 0.282 0.352 0.398
0.086 0.07 0.096 0.098 0.188 0.362 0.548 0.754 0.84 0.864 0.882
0.02 0.012 0.022 0.026 0.08 0.278 0.532 0.662 0.748 0.79 0.83
0.038 0.038 0.042 0.082 0.222 0.406 0.594 0.776 0.84 0.852 0.87
0 0 0 0.008 0.07 0.25 0.466 0.658 0.748 0.794 0.812
0.148 0.186 0.286 0.576 0.808 0.904 0.938 0.958 0.966 0.956 0.958
0.122 0.134 0.146 0.158 0.168 0.31 0.522 0.708 0.842 0.844 0.878
0.058 0.07 0.104 0.156 0.356 0.576 0.758 0.908 0.952 0.964 0.98
0.04 0.052 0.102 0.208 0.406 0.584 0.772 0.866 0.908 0.888 0.93
0.106 0.112 0.192 0.326 0.614 0.708 0.732 0.746 0.804 0.806 0.838
0.01 0.006 0.042 0.146 0.262 0.338 0.34 0.348 0.342 0.362 0.364
0 0 0 0 0 0.004 0.146 0.242 0.28 0.292 0.358
0.244 0.204 0.232 0.228 0.348 0.492 0.696 0.802 0.814 0.806 0.782
0.148 0.134 0.148 0.176 0.168 0.188 0.322 0.47 0.54 0.602 0.65
0.006 0.016 0.02 0.032 0.032 0.04 0.08 0.236 0.27 0.264 0.292
0.016 0.014 0.018 0.014 0.032 0.044 0.124 0.286 0.428 0.446 0.398
0.278 0.306 0.348 0.566 0.798 0.848 0.868 0.856 0.844 0.83 0.806
0.014 0.016 0.06 0.1 0.28 0.498 0.65 0.852 0.886 0.906 0.896
0.276 0.28 0.444 0.61 0.752 0.802 0.752 0.742 0.696 0.684 0.692
0 0 0 0 0 0.004 0.086 0.27 0.304 0.37 0.408
0 0 0 0 0 0.016 0.126 0.282 0.34 0.358 0.358
0.074 0.092 0.088 0.146 0.228 0.414 0.624 0.792 0.844 0.864 0.856
0.18 0.168 0.186 0.176 0.226 0.348 0.536 0.706 0.82 0.794 0.828
0.002 0.01 0.062 0.256 0.594 0.716 0.788 0.776 0.826 0.834 0.798
0 0 0.006 0.094 0.228 0.268 0.312 0.344 0.398 0.432 0.428
0.194 0.214 0.236 0.246 0.348 0.512 0.676 0.784 0.834 0.8 0.81
0.28 0.296 0.318 0.4 0.558 0.722 0.834 0.962 0.974 0.984 0.984
0 0 0 0 0 0.004 0.086 0.27 0.304 0.37 0.408
0 0 0 0 0 0.008 0.072 0.204 0.314 0.33 0.382
0.008 0.036 0.198 0.47 0.704 0.826 0.868 0.874 0.888 0.886 0.918
0.12 0.14 0.186 0.388 0.688 0.854 0.912 0.928 0.944 0.934 0.932
0.01 0.014 0.012 0.02 0.098 0.292 0.524 0.706 0.818 0.812 0.85
0.086 0.078 0.086 0.178 0.296 0.536 0.742 0.914 0.952 0.974 0.962
0.008 0.004 0.016 0.012 0.006 0.012 0.098 0.252 0.27 0.4 0.392
0.016 0.054 0.144 0.4 0.722 0.836 0.836 0.902 0.916 0.89 0.884
0.094 0.092 0.124 0.234 0.434 0.596 0.816 0.944 0.968 0.994 0.99
0.028 0.04 0.048 0.07 0.092 0.22 0.43 0.638 0.692 0.75 0.794
0 0.004 0.038 0.11 0.326 0.394 0.46 0.434 0.54 0.564 0.572
0.302 0.332 0.466 0.7 0.89 0.95 0.96 0.958 0.976 0.964 0.968
0 0 0 0.002 0.002 0.006 0.132 0.264 0.34 0.392 0.428
0.022 0.026 0.018 0.026 0.05 0.108 0.224 0.422 0.444 0.462 0.508
0.01 0.006 0.016 0.016 0.074 0.268 0.522 0.658 0.754 0.79 0.808
0 0 0 0 0 0.004 0.074 0.222 0.254 0.358 0.454
0 0 0 0 0 0.01 0.084 0.304 0.334 0.394 0.356
0 0 0 0 0 0 0.108 0.208 0.272 0.256 0.374
