0.8913043 0.8405797 0.8405797 0.8405797 0.8478261 0.9057971 0.8478261 0.8550725 0.8550725 0.768116 0.768116
0.1052632 0.1428571 0.1428571 0.1503759 0.1503759 0.1503759 0.1052632 0.1428571 0.1428571 0.1503759 0.1428571
0.6165414 0.6165414 0.6165414 0.5413534 0.5488722 0.5413534 0.5413534 0.5413534 0.518797 0.518797 0.518797
0.9208633 0.9208633 0.8561151 0.9064748 0.8561151 0.913669 0.9208633 0.9352518 0.9352518 0.9640288 0.9640288
0.05223881 0.05223881 0.05223881 0.05970149 0.05223881 0.05223881 0.05223881 0.03731343 0.03731343 0.03731343 0.03731343
0.8384615 0.8461538 0.8461538 0.8461538 0.8461538 0.8461538 0.8461538 0.8461538 0.8461538 0.8461538 0.8461538
0.5112782 0.5263158 0.5263158 0.6240602 0.6240602 0.6240602 0.6240602 0.631579 0.6165414 0.6090226 0.6240602
0.2826087 0.2246377 0.2318841 0.2391304 0.2391304 0.2391304 0.2391304 0.2391304 0.2391304 0.2391304 0.2391304
0.6170213 0.6170213 0.6099291 0.6099291 0.6170213 0.6312057 0.6524823 0.6453901 0.6312057 0.6241135 0.6028369
0.5 0.3695652 0.2681159 0.2681159 0.2681159 0.2681159 0.2681159 0.2681159 0.2681159 0.3768116 0.2681159
0.8794326 0.8865248 0.8439716 0.8439716 0.8510638 0.8368794 0.8368794 0.8510638 0.8368794 0.8439716 0.7801418
0.02255639 0.01503759 0 0 0.007518797 0 0 0 0 0 0
0.6015038 0.6015038 0.6015038 0.5338346 0.5338346 0.5338346 0.5338346 0.5338346 0.5112782 0.5112782 0.5112782
0.8731343 0.8880597 0.8656716 0.9104478 0.8731343 0.858209 0.8656716 0.8731343 0.8656716 0.7910448 0.7761194
0.3909774 0.406015 0.4135338 0.4135338 0.406015 0.406015 0.406015 0.406015 0.406015 0.406015 0.406015
0.4748201 0.2302158 0.2302158 0.2302158 0.2302158 0.2374101 0.2374101 0.2374101 0.2302158 0.2374101 0.2374101
0.1153846 0.1076923 0.07692308 0.2153846 0.2384615 0.2307692 0.2461538 0.2384615 0.2230769 0.2076923 0.2
0.5539568 0.5539568 0.5683453 0.5755396 0.5611511 0.5395683 0.5323741 0.5251799 0.5035971 0.5035971 0.5035971
0.6766917 0.6917293 0.6917293 0.6992481 0.6917293 0.7067669 0.6992481 0.6992481 0.6541353 0.6691729 0.7293233
0.2706767 0.2857143 0.2932331 0.2932331 0.2932331 0.2706767 0.2857143 0.3233083 0.2932331 0.2857143 0.2706767
0.5539568 0.5539568 0.5683453 0.5755396 0.5611511 0.5395683 0.5323741 0.5251799 0.5035971 0.5035971 0.5035971
0.518797 0.4135338 0.3157895 0.3082707 0.3157895 0.3157895 0.3082707 0.3308271 0.3157895 0.3082707 0.3007519
0.1521739 0.1014493 0.1086957 0.1231884 0.1014493 0.1014493 0.0942029 0.1014493 0.1014493 0.1014493 0.1014493
0.9626866 0.9253731 0.9104478 0.9626866 0.9626866 0.9626866 0.9701493 0.9626866 0.977612 0.9253731 0.9328358
0.06923077 0.1230769 0.1384615 0.1923077 0.1692308 0.1923077 0.1923077 0.1923077 0.1846154 0.1846154 0.1846154
0.1923077 0.1538462 0.1230769 0.08461538 0.1538462 0.1076923 0.1307692 0.1461538 0.1307692 0.1 0.1
0.3082707 0.3759398 0.3834586 0.3909774 0.3834586 0.3759398 0.3834586 0.3834586 0.3759398 0.3759398 0.3834586
0.3759398 0.3082707 0.4360902 0.3759398 0.3609023 0.3308271 0.3233083 0.3007519 0.3458647 0.3533835 0.3383459
0.07518797 0.07518797 0.06766917 0.07518797 0.06015038 0.06766917 0.06766917 0.06766917 0.06766917 0.06766917 0.06766917
0.5035971 0.5251799 0.5179856 0.4604317 0.4172662 0.4100719 0.4172662 0.4604317 0.5035971 0.5611511 0.5395683
0.05970149 0.05970149 0.05970149 0.05970149 0.05970149 0.05970149 0.05970149 0.05970149 0.05970149 0.05970149 0.05970149
0.4586466 0.4736842 0.481203 0.4887218 0.4887218 0.4887218 0.4887218 0.4887218 0.481203 0.481203 0.481203
0.2028986 0.2536232 0.2898551 0.2971014 0.3115942 0.2681159 0.2826087 0.2753623 0.3043478 0.2826087 0.2753623
0.4751773 0.4609929 0.4609929 0.4539007 0.4539007 0.4539007 0.4539007 0.4539007 0.4539007 0.4539007 0.4539007
0.7846154 0.7846154 0.7846154 0.7846154 0.7846154 0.7846154 0.7846154 0.776923 0.776923 0.776923 0.776923
0.06766917 0.07518797 0.06015038 0.07518797 0.08270677 0.08270677 0.06766917 0.07518797 0.07518797 0.06015038 0.06015038
0.09352518 0.1007194 0.07194245 0.07194245 0.05755396 0.1294964 0.09352518 0.1007194 0.07194245 0.1151079 0.07913669
0.02255639 0.01503759 0 0 0.007518797 0 0 0 0 0 0
0.6666667 0.6666667 0.6666667 0.6666667 0.5942029 0.5869565 0.5869565 0.5942029 0.5869565 0.6594203 0.6014493
0.8538462 0.8461538 0.9 0.8538462 0.8615385 0.8538462 0.8538462 0.8538462 0.8692308 0.8615385 0.8538462
0.4676259 0.4460432 0.4460432 0.4532374 0.4604317 0.4604317 0.4604317 0.4604317 0.4532374 0.4532374 0.4532374
0.2769231 0.2846154 0.2846154 0.2923077 0.2923077 0.3 0.3 0.3 0.4 0.6384615 0.6538462
0.4604317 0.4100719 0.4388489 0.3669065 0.352518 0.4100719 0.3453237 0.381295 0.3381295 0.352518 0.3309353
0.2556391 0.2857143 0.2932331 0.2857143 0.2932331 0.2706767 0.2857143 0.3233083 0.2932331 0.2857143 0.2706767
0.3909774 0.3759398 0.3383459 0.3383459 0.3684211 0.3533835 0.3533835 0.3383459 0.3383459 0.3383459 0.3383459
0.5797101 0.5652174 0.5652174 0.557971 0.5652174 0.5652174 0.5652174 0.557971 0.557971 0.5217391 0.5507246
0.8731343 0.8880597 0.8656716 0.9104478 0.8731343 0.858209 0.8656716 0.8731343 0.8656716 0.7910448 0.7761194
0.9496403 0.942446 0.9496403 0.9496403 0.9496403 0.9640288 0.9784173 0.9640288 0.9568345 0.913669 0.913669
0.673913 0.673913 0.673913 0.673913 0.6811594 0.6014493 0.6086957 0.6811594 0.673913 0.673913 0.673913
0.2313433 0.2014925 0.1865672 0.1716418 0.1791045 0.1716418 0.1716418 0.1716418 0.1716418 0.1716418 0.1716418
0.1127820 0.1203008 0.1203008 0.1203008 0.1203008 0.1203008 0.1203008 0.1203008 0.1503759 0.1203008 0.1278195
0.7518797 0.7593985 0.7593985 0.7593985 0.7593985 0.7593985 0.7593985 0.7593985 0.7593985 0.7593985 0.6842105
0.9179104 0.880597 0.9104478 0.8656716 0.9104478 0.902985 0.9104478 0.9253731 0.9104478 0.9701493 0.977612
0.942029 0.9130435 0.8985507 0.9637681 0.9637681 0.9565217 0.9637681 0.9565217 0.9637681 0.9057971 0.9057971
0.6015038 0.5864662 0.6015038 0.5714286 0.5789474 0.5714286 0.5639098 0.5413534 0.5488722 0.556391 0.5413534
0.7 0.7 0.6923077 0.6076923 0.6 0.6076923 0.6769231 0.6846154 0.7153846 0.7230769 0.7153846
0.4676259 0.4460432 0.4460432 0.4532374 0.4604317 0.4604317 0.4604317 0.4604317 0.4532374 0.4532374 0.4532374
0.5413534 0.5413534 0.4887218 0.4962406 0.4360902 0.4285714 0.406015 0.3834586 0.3834586 0.3834586 0.3909774
0.5864662 0.5864662 0.5864662 0.5639098 0.5639098 0.5639098 0.5639098 0.5413534 0.5488722 0.5338346 0.5413534
0.631579 0.7293233 0.7518797 0.7368421 0.7518797 0.7368421 0.7669173 0.7518797 0.7443609 0.7368421 0.6691729
0.556391 0.556391 0.5413534 0.4887218 0.4887218 0.4586466 0.4887218 0.4887218 0.5037594 0.5112782 0.5112782
0.4676259 0.4460432 0.4460432 0.4532374 0.4604317 0.4604317 0.4604317 0.4604317 0.4532374 0.4532374 0.4532374
0.7194245 0.7194245 0.7194245 0.7194245 0.7194245 0.7194245 0.7194245 0.7194245 0.7194245 0.7194245 0.7194245
0.8538462 0.8461538 0.8615385 0.8538462 0.8538462 0.8538462 0.8538462 0.8538462 0.8692308 0.8615385 0.8538462
0.1366906 0.1294964 0.1294964 0.1151079 0.1294964 0.1151079 0.1151079 0.1294964 0.1294964 0.1294964 0.1294964
0.9626866 0.9253731 0.9104478 0.9626866 0.9626866 0.9626866 0.9701493 0.9626866 0.977612 0.9253731 0.9328358
0.5413534 0.5413534 0.4887218 0.4962406 0.4360902 0.4285714 0.406015 0.3834586 0.3834586 0.3834586 0.3909774
0.8538462 0.8461538 0.9 0.8538462 0.8615385 0.8538462 0.8538462 0.8538462 0.8692308 0.8615385 0.8538462
0.4820144 0.4820144 0.4604317 0.4676259 0.4820144 0.4748201 0.4820144 0.4748201 0.4748201 0.4676259 0.4676259
0.3383459 0.3759398 0.3383459 0.3233083 0.2932331 0.3759398 0.3759398 0.3759398 0.3609023 0.3157895 0.3609023
0.4511278 0.2105263 0.1879699 0.1879699 0.1879699 0.1954887 0.1954887 0.1879699 0.1804511 0.1804511 0.1804511
0.323741 0.2805755 0.294964 0.323741 0.323741 0.3381295 0.323741 0.323741 0.323741 0.323741 0.3381295
0.7194245 0.7194245 0.7194245 0.7194245 0.7194245 0.7266187 0.7266187 0.7266187 0.7194245 0.7194245 0.7194245
0.1151079 0.1079137 0.1079137 0.1294964 0.1654676 0.1654676 0.1654676 0.1582734 0.1582734 0.1582734 0.1726619
0.2932331 0.3007519 0.3533835 0.2932331 0.2857143 0.3458647 0.3157895 0.3458647 0.2857143 0.3007519 0.2857143
0.7067669 0.6691729 0.6616541 0.6691729 0.6691729 0.6691729 0.6691729 0.6691729 0.6466165 0.6466165 0.7293233
0.733813 0.733813 0.733813 0.733813 0.7410072 0.7410072 0.7410072 0.7410072 0.733813 0.733813 0.733813
0.7588652 0.7588652 0.7659574 0.7801418 0.7801418 0.7801418 0.7801418 0.7801418 0.7446809 0.7801418 0.8297872
0.9064748 0.9064748 0.9496403 0.9568345 0.9856115 0.9568345 0.913669 0.9568345 0.9568345 0.913669 0.913669
0.7588652 0.751773 0.7375887 0.7304965 0.7234043 0.680851 0.4751773 0.7234043 0.7304965 0.7801418 0.8297872
0 0 0 0 0.02255639 0 0 0 0 0 0
0.6402878 0.5971223 0.6115108 0.6115108 0.6546763 0.6546763 0.6690647 0.6546763 0.618705 0.6043165 0.618705
0.4179104 0.5447761 0.5223881 0.5223881 0.5074627 0.5447761 0.5671642 0.5447761 0.5373134 0.5447761 0.5522388
0.5602837 0.5248227 0.5319149 0.5390071 0.5390071 0.5177305 0.5673759 0.5248227 0.5035461 0.5035461 0.5035461
0.8646617 0.8721805 0.81203 0.8646617 0.8646617 0.8646617 0.8646617 0.8646617 0.81203 0.81203 0.81203
0.4692308 0.5461538 0.5461538 0.5461538 0.5076923 0.5153846 0.5384615 0.5307692 0.5076923 0.4538462 0.4538462
0.1940299 0.2089552 0.2164179 0.2164179 0.2313433 0.2313433 0.2313433 0.2313433 0.2238806 0.2313433 0.2313433
0.6390977 0.7744361 0.9548872 0.9398496 0.9398496 0.7669173 0.7669173 0.7518797 0.7669173 0.7593985 0.6691729
0.8270677 0.887218 0.8345865 0.8345865 0.8345865 0.8345865 0.8345865 0.8345865 0.8345865 0.7443609 0.7443609
0.1151079 0.07913669 0.1079137 0.1007194 0.08633094 0.07194245 0.08633094 0.1079137 0.07913669 0.1007194 0.1007194
0.3307692 0.3230769 0.3230769 0.3230769 0.3230769 0.3230769 0.3230769 0.3230769 0.2769231 0.2692308 0.2692308
0.1492537 0.1194030 0.1119403 0.1044776 0.09701493 0.08955224 0.08955224 0.1268657 0.1119403 0.1044776 0.1044776
0.8273381 0.9208633 0.8920863 0.9064748 0.8489209 0.8992806 0.8920863 0.9064748 0.8561151 0.8417266 0.7697842
0.2624113 0.2624113 0.2411348 0.1489362 0.1560284 0.1489362 0.1985816 0.1560284 0.1489362 0.1489362 0.1489362
0.2615385 0.2615385 0.2615385 0.2692308 0.2692308 0.1615385 0.1615385 0.1384615 0.2692308 0.2692308 0.2692308
0.3909774 0.406015 0.4135338 0.4135338 0.406015 0.406015 0.406015 0.406015 0.406015 0.406015 0.406015
0.6766917 0.6917293 0.6917293 0.6992481 0.6917293 0.7067669 0.6992481 0.6992481 0.6541353 0.6691729 0.7293233
0.2014388 0.1942446 0.1582734 0.1294964 0.1438849 0.0647482 0.1510791 0.02877698 0.1582734 0.0647482 0.1510791
0.1798561 0.1798561 0.1798561 0.1798561 0.1798561 0.1798561 0.1798561 0.1942446 0.1798561 0.1798561 0.1798561
0.1044776 0.1119403 0.1343284 0.1343284 0.1343284 0.1343284 0.1417910 0.1343284 0.1343284 0.1343284 0.1343284
0.8538462 0.8461538 0.9 0.8538462 0.8615385 0.8538462 0.8538462 0.8538462 0.8692308 0.8615385 0.8538462
0.1230769 0.1384615 0.1615385 0.2153846 0.2384615 0.2307692 0.2461538 0.2384615 0.2230769 0.2076923 0.2
0.7588652 0.7588652 0.7659574 0.7801418 0.787234 0.787234 0.787234 0.7801418 0.7446809 0.7801418 0.8297872
0.4626866 0.3358209 0.3582090 0.3731343 0.380597 0.3731343 0.3731343 0.3656716 0.3582090 0.3582090 0.3507463
0.8045113 0.8045113 0.7443609 0.7443609 0.7443609 0.7443609 0.7443609 0.7443609 0.7443609 0.7443609 0.6616541
0.3759398 0.3082707 0.4360902 0.3759398 0.3609023 0.3308271 0.3233083 0.3007519 0.3458647 0.3533835 0.3383459
0.7410072 0.7410072 0.7482014 0.7482014 0.7482014 0.7482014 0.7482014 0.7482014 0.7482014 0.8201439 0.7697842
0.1376812 0.1521739 0.1376812 0.1376812 0.1449275 0.1449275 0.1739130 0.1666667 0.1449275 0.1304348 0.1231884
0.9398496 0.8947368 0.9398496 0.962406 0.9473684 0.962406 0.9699248 0.9774436 0.9699248 0.9022556 0.9172932
0.618705 0.6043165 0.618705 0.6258993 0.618705 0.618705 0.6258993 0.6258993 0.6258993 0.5971223 0.5827338
0.556391 0.5413534 0.5037594 0.4962406 0.4360902 0.4285714 0.406015 0.3834586 0.3834586 0.3834586 0.3909774
0.3759398 0.443609 0.4586466 0.4586466 0.4511278 0.4511278 0.4511278 0.4511278 0.4736842 0.4736842 0.4736842
0.5539568 0.5539568 0.5683453 0.5755396 0.5611511 0.5395683 0.5323741 0.5251799 0.5035971 0.5035971 0.5035971
0.1729323 0.1203008 0.1203008 0.1203008 0.1203008 0.1278195 0.1278195 0.1203008 0.1203008 0.1127820 0.1127820
0.6466165 0.6466165 0.6466165 0.6466165 0.6541353 0.6541353 0.6541353 0.6541353 0.7218045 0.6466165 0.6466165
0.443609 0.2105263 0.1804511 0.1804511 0.1879699 0.1879699 0.1879699 0.1804511 0.1804511 0.1804511 0.1804511
0.5 0.3695652 0.2681159 0.2681159 0.2681159 0.2681159 0.2681159 0.2681159 0.2681159 0.3768116 0.2681159
0.7846154 0.7846154 0.8076923 0.7923077 0.7846154 0.7846154 0.7846154 0.776923 0.7923077 0.776923 0.776923
0.3165468 0.4100719 0.4676259 0.4820144 0.4604317 0.4820144 0.4820144 0.4532374 0.4604317 0.4820144 0.4532374
0.9064748 0.8345324 0.8417266 0.8417266 0.8561151 0.8417266 0.8345324 0.9064748 0.9064748 0.9784173 0.9640288
0.8538462 0.8461538 0.9 0.8538462 0.8615385 0.8538462 0.8538462 0.8538462 0.8692308 0.8615385 0.8538462
0.9064748 0.8489209 0.913669 0.8633094 0.8561151 0.8417266 0.8345324 0.8992806 0.8992806 0.9208633 0.9928058
0.06923077 0.1230769 0.1384615 0.1846154 0.1153846 0.1923077 0.1923077 0.1923077 0.1846154 0.1846154 0.1846154
0.6119403 0.619403 0.6268657 0.6567164 0.6343284 0.6268657 0.6343284 0.641791 0.6343284 0.6044776 0.619403
0.3909774 0.406015 0.4135338 0.4135338 0.406015 0.406015 0.406015 0.406015 0.406015 0.406015 0.406015
0.007194245 0.007194245 0.03597122 0.02877698 0.08633094 0.1151079 0.03597122 0.1438849 0.05755396 0.02877698 0.0647482
0.6616541 0.6616541 0.6616541 0.6616541 0.6616541 0.6616541 0.6691729 0.6616541 0.7293233 0.6541353 0.6541353
0.7686567 0.7462687 0.761194 0.7761194 0.7761194 0.7761194 0.7761194 0.7761194 0.7462687 0.8208955 0.8208955
0.4751773 0.4609929 0.4609929 0.4539007 0.4539007 0.4539007 0.4539007 0.4539007 0.4539007 0.4539007 0.4539007
0.7518797 0.7518797 0.7518797 0.7518797 0.7518797 0.7518797 0.7518797 0.7518797 0.7518797 0.7518797 0.6766917
0.1376812 0.1521739 0.1376812 0.1376812 0.1449275 0.1449275 0.1739130 0.1666667 0.1449275 0.1304348 0.1231884
0.6390977 0.7368421 0.9398496 0.9398496 0.9398496 0.7669173 0.7669173 0.7518797 0.7669173 0.7593985 0.6691729
0.2330827 0.3383459 0.3984962 0.443609 0.4511278 0.4661654 0.4586466 0.4285714 0.4360902 0.4285714 0.4285714
0.2589928 0.3309353 0.3741007 0.4676259 0.4676259 0.4892086 0.4676259 0.4820144 0.4460432 0.4820144 0.4820144
0.8045113 0.8045113 0.7443609 0.7443609 0.7443609 0.7443609 0.7443609 0.7443609 0.7443609 0.7443609 0.6616541
0.08270677 0.1578947 0.1503759 0.1578947 0.1654135 0.1654135 0.1654135 0.1578947 0.1578947 0.1654135 0.1578947
0.06015038 0.08270677 0.04511278 0.03759398 0.03759398 0.04511278 0.08270677 0.03759398 0.03759398 0.04511278 0.03759398
0.618705 0.6043165 0.618705 0.6258993 0.618705 0.618705 0.6258993 0.6258993 0.6258993 0.5971223 0.5827338
0.380597 0.2835821 0.2910448 0.3208955 0.3208955 0.3208955 0.3208955 0.3059701 0.2985075 0.3059701 0.2910448
0.4692308 0.5461538 0.5461538 0.5461538 0.5076923 0.5153846 0.5384615 0.5307692 0.5076923 0.4538462 0.4538462
0.6015038 0.6015038 0.5864662 0.5864662 0.593985 0.593985 0.593985 0.6015038 0.593985 0.5864662 0.593985
0.04316547 0.05755396 0.01438849 0.05035971 0.02877698 0 0.05035971 0 0.03597122 0.04316547 0.02877698
0.3834586 0.3759398 0.3383459 0.3383459 0.3533835 0.3609023 0.3533835 0.3383459 0.3383459 0.3533835 0.3383459
0.5323741 0.5323741 0.5179856 0.5323741 0.5539568 0.5539568 0.5611511 0.5611511 0.5179856 0.5323741 0.6115108
0.03759398 0.03759398 0.03759398 0.09774436 0.1127820 0.03759398 0.04511278 0.09774436 0.09774436 0.03759398 0.09774436
0.7391304 0.7536232 0.768116 0.7826087 0.7826087 0.7971014 0.7826087 0.7753623 0.7463768 0.8188406 0.8188406
0.7375887 0.7375887 0.751773 0.7446809 0.751773 0.751773 0.751773 0.751773 0.8014184 0.7375887 0.7375887
0.6461538 0.6384615 0.6615385 0.6769231 0.7153846 0.6307692 0.6538462 0.6230769 0.6384615 0.5692308 0.5692308
0.9064748 0.9064748 0.9496403 0.9496403 0.9856115 0.9064748 0.9064748 0.9496403 0.9064748 0.9064748 0.9064748
0.8538462 0.8461538 0.9 0.8538462 0.8615385 0.8538462 0.8538462 0.8538462 0.8692308 0.8615385 0.8538462
0.8731343 0.8880597 0.8656716 0.9104478 0.8731343 0.858209 0.8656716 0.8731343 0.8656716 0.7910448 0.7761194
