0.144 0.178 0.198 0.516 0.774 0.86 0.91 0.936 0.944 0.942 0.944
0 0 0 0 0 0.006 0.086 0.24 0.288 0.33 0.384
0.03 0.074 0.214 0.476 0.758 0.818 0.848 0.876 0.898 0.886 0.912
0 0 0 0 0 0.016 0.128 0.298 0.324 0.39 0.472
0 0 0 0 0.002 0.004 0.104 0.202 0.27 0.356 0.458
0.352 0.406 0.492 0.686 0.894 0.91 0.928 0.962 0.958 0.948 0.936
0 0 0 0 0 0 0.112 0.222 0.218 0.224 0.246
0 0.002 0.008 0.146 0.258 0.26 0.288 0.28 0.326 0.258 0.268
0.02 0.042 0.084 0.294 0.532 0.626 0.688 0.754 0.81 0.784 0.814
0.002 0.002 0.006 0.01 0.046 0.186 0.326 0.584 0.662 0.742 0.806
0 0 0.038 0.182 0.312 0.346 0.394 0.402 0.434 0.456 0.49
0 0 0 0 0 0.004 0.082 0.214 0.264 0.322 0.388
0.1 0.142 0.29 0.624 0.824 0.908 0.926 0.934 0.94 0.952 0.96
0.034 0.042 0.062 0.068 0.082 0.136 0.296 0.484 0.516 0.534 0.608
0 0 0 0 0 0.004 0.098 0.24 0.286 0.348 0.41
0.034 0.03 0.062 0.154 0.338 0.598 0.736 0.9 0.952 0.948 0.954
0.05 0.076 0.128 0.356 0.626 0.76 0.81 0.836 0.864 0.88 0.884
0.016 0.05 0.142 0.422 0.674 0.78 0.846 0.848 0.866 0.872 0.878
0.006 0.002 0.002 0.014 0.032 0.176 0.44 0.656 0.712 0.774 0.824
0 0 0 0 0 0.004 0.07 0.212 0.312 0.322 0.34
0.114 0.104 0.144 0.256 0.444 0.686 0.81 0.972 0.994 0.996 0.99
0 0 0.002 0.008 0.048 0.192 0.33 0.58 0.646 0.72 0.806
0.062 0.052 0.116 0.366 0.68 0.788 0.82 0.892 0.876 0.886 0.884
0 0 0 0 0 0.004 0.088 0.224 0.288 0.302 0.436
0.378 0.418 0.494 0.744 0.886 0.952 0.986 0.988 0.992 0.99 0.992
0.148 0.176 0.352 0.646 0.892 0.958 0.974 0.986 0.99 0.974 0.988
0.166 0.254 0.348 0.592 0.858 0.928 0.966 0.96 0.976 0.974 0.988
0.094 0.084 0.146 0.242 0.428 0.564 0.792 0.944 0.97 0.984 0.99
0.136 0.124 0.138 0.266 0.404 0.598 0.748 0.908 0.934 0.938 0.95
0.078 0.126 0.26 0.556 0.8 0.884 0.932 0.942 0.95 0.966 0.944
0.012 0.024 0.006 0.022 0.024 0.072 0.196 0.36 0.428 0.418 0.448
0.066 0.064 0.09 0.206 0.384 0.462 0.494 0.52 0.588 0.57 0.648
0.11 0.144 0.27 0.566 0.848 0.948 0.972 0.982 0.994 0.988 0.984
0.002 0.002 0.002 0.032 0.166 0.388 0.586 0.754 0.826 0.854 0.874
0.098 0.112 0.16 0.27 0.45 0.586 0.804 0.942 0.98 0.986 0.992
0.106 0.112 0.122 0.212 0.388 0.612 0.718 0.892 0.924 0.92 0.938
0.01 0.014 0.02 0.01 0.016 0.018 0.078 0.194 0.292 0.32 0.374
0.108 0.08 0.188 0.46 0.82 0.918 0.962 0.982 0.982 0.984 0.974
0.06 0.112 0.24 0.544 0.796 0.874 0.932 0.93 0.934 0.956 0.944
0.368 0.376 0.478 0.666 0.89 0.968 0.974 0.978 0.98 0.974 0.992
0.05 0.032 0.042 0.052 0.066 0.14 0.272 0.42 0.5 0.494 0.52
0.016 0.016 0.02 0.014 0.026 0.034 0.132 0.284 0.364 0.406 0.384
0.106 0.114 0.168 0.278 0.454 0.586 0.814 0.946 0.986 0.988 0.996
0.016 0.016 0.042 0.124 0.294 0.476 0.696 0.866 0.862 0.898 0.92
0.004 0.002 0.016 0.166 0.352 0.44 0.448 0.54 0.572 0.586 0.552
0.038 0.05 0.06 0.136 0.306 0.562 0.786 0.95 0.964 0.986 0.988
0.018 0.018 0.042 0.106 0.234 0.448 0.716 0.896 0.936 0.96 0.954
0.024 0.036 0.048 0.06 0.134 0.224 0.416 0.642 0.682 0.716 0.756
0 0 0 0 0 0.016 0.128 0.298 0.324 0.39 0.47
0 0.006 0 0.004 0.002 0.006 0.088 0.226 0.294 0.31 0.446
0.05 0.072 0.162 0.408 0.644 0.812 0.836 0.856 0.906 0.878 0.878
0.024 0.026 0.092 0.344 0.638 0.742 0.762 0.838 0.82 0.852 0.846
0 0 0 0 0 0 0.112 0.222 0.218 0.224 0.246
0 0 0 0 0 0.004 0.082 0.214 0.264 0.322 0.388
0.01 0.004 0.006 0.014 0.076 0.21 0.368 0.542 0.664 0.64 0.706
0.018 0.016 0.052 0.194 0.376 0.522 0.568 0.572 0.662 0.636 0.702
0.054 0.046 0.03 0.058 0.04 0.13 0.264 0.42 0.438 0.486 0.566
0.018 0.028 0.052 0.106 0.276 0.47 0.762 0.876 0.938 0.936 0.944
0.014 0.018 0.04 0.06 0.156 0.346 0.606 0.788 0.878 0.898 0.936
0.13 0.114 0.116 0.194 0.3 0.448 0.674 0.83 0.882 0.866 0.908
0 0.004 0.004 0.002 0.058 0.224 0.456 0.676 0.79 0.838 0.884
0.238 0.194 0.228 0.256 0.35 0.554 0.702 0.88 0.94 0.954 0.964
0 0 0.014 0.046 0.158 0.326 0.522 0.748 0.786 0.854 0.856
0.012 0.018 0.022 0.01 0.02 0.03 0.118 0.23 0.298 0.376 0.48
0 0 0 0.002 0 0.002 0.052 0.18 0.28 0.302 0.362
0.352 0.406 0.492 0.686 0.892 0.91 0.928 0.96 0.958 0.948 0.938
0 0 0 0 0 0.006 0.108 0.268 0.29 0.356 0.42
0.148 0.154 0.172 0.238 0.288 0.462 0.694 0.88 0.922 0.938 0.95
0.052 0.054 0.064 0.046 0.068 0.062 0.098 0.242 0.364 0.384 0.426
0.012 0.016 0.03 0.094 0.234 0.438 0.672 0.872 0.928 0.932 0.942
0.078 0.08 0.124 0.19 0.368 0.528 0.774 0.928 0.96 0.96 0.982
0.114 0.184 0.294 0.538 0.772 0.92 0.952 0.954 0.97 0.962 0.974
0.078 0.074 0.126 0.22 0.426 0.652 0.792 0.962 0.968 0.98 0.976
0 0 0 0 0 0.01 0.112 0.268 0.31 0.328 0.442
0.084 0.082 0.196 0.474 0.806 0.952 0.968 0.99 0.982 0.976 0.994
0.034 0.09 0.116 0.202 0.32 0.52 0.732 0.93 0.968 0.978 0.982
0 0 0 0 0 0 0.112 0.222 0.218 0.224 0.246
0.052 0.07 0.052 0.062 0.058 0.11 0.224 0.392 0.462 0.508 0.504
0 0 0 0 0 0 0.112 0.222 0.218 0.224 0.246
0 0 0 0 0 0 0.082 0.214 0.286 0.356 0.382
0 0 0 0 0 0.006 0.128 0.25 0.368 0.402 0.416
0.628 0.606 0.652 0.796 0.956 0.974 0.984 0.98 0.98 0.972 0.974
0.026 0.026 0.02 0.038 0.1 0.224 0.38 0.55 0.672 0.646 0.718
0.168 0.164 0.21 0.284 0.472 0.546 0.566 0.594 0.66 0.626 0.7
0.018 0.038 0.056 0.114 0.292 0.474 0.758 0.876 0.95 0.938 0.952
0 0 0 0 0 0.01 0.116 0.268 0.31 0.328 0.442
0.096 0.142 0.224 0.454 0.722 0.796 0.9 0.89 0.918 0.908 0.912
0 0.002 0.008 0.146 0.258 0.26 0.288 0.28 0.326 0.258 0.268
0 0 0 0 0 0.006 0.12 0.214 0.294 0.37 0.484
0.058 0.086 0.254 0.554 0.8 0.864 0.914 0.914 0.92 0.932 0.934
0.086 0.118 0.292 0.588 0.826 0.896 0.95 0.944 0.954 0.962 0.962
0.014 0.024 0.022 0.04 0.178 0.406 0.59 0.77 0.832 0.862 0.882
0.01 0.026 0.038 0.128 0.308 0.49 0.694 0.878 0.924 0.918 0.938
0.09 0.092 0.11 0.304 0.57 0.62 0.652 0.718 0.746 0.772 0.78
0 0 0 0 0.004 0.012 0.134 0.294 0.338 0.364 0.36
0.144 0.162 0.29 0.55 0.782 0.864 0.912 0.928 0.942 0.928 0.94
0.03 0.06 0.118 0.386 0.65 0.75 0.82 0.848 0.848 0.85 0.854
0.036 0.04 0.04 0.122 0.314 0.482 0.73 0.9 0.946 0.946 0.952
0 0 0 0 0 0.014 0.128 0.264 0.358 0.386 0.402
0.044 0.084 0.252 0.566 0.776 0.842 0.872 0.916 0.902 0.91 0.926
0 0 0 0 0 0.006 0.128 0.25 0.368 0.402 0.416
0.01 0.022 0.04 0.084 0.226 0.406 0.682 0.876 0.928 0.93 0.944
0 0 0 0 0 0.006 0.128 0.248 0.262 0.3 0.344
0.004 0.016 0.03 0.094 0.182 0.386 0.62 0.834 0.86 0.9 0.898
0.034 0.034 0.04 0.032 0.052 0.064 0.198 0.344 0.408 0.434 0.45
0.05 0.078 0.198 0.476 0.732 0.844 0.908 0.912 0.926 0.922 0.936
0 0 0 0 0 0.002 0.104 0.248 0.292 0.306 0.414
0.238 0.194 0.228 0.256 0.35 0.554 0.702 0.88 0.94 0.954 0.964
0.012 0.024 0.02 0.026 0.07 0.188 0.444 0.664 0.75 0.83 0.856
0.04 0.028 0.04 0.126 0.24 0.466 0.624 0.814 0.882 0.848 0.876
0 0 0 0.006 0.05 0.174 0.422 0.644 0.722 0.808 0.846
0.096 0.16 0.23 0.456 0.728 0.8 0.9 0.9 0.922 0.914 0.912
0.1 0.102 0.104 0.132 0.144 0.284 0.45 0.684 0.79 0.824 0.872
0.03 0.084 0.112 0.2 0.316 0.52 0.728 0.926 0.96 0.972 0.978
0.026 0.026 0.044 0.136 0.31 0.492 0.706 0.876 0.88 0.908 0.944
0.112 0.108 0.202 0.388 0.556 0.58 0.636 0.612 0.682 0.666 0.708
0.004 0.002 0.018 0.166 0.352 0.44 0.448 0.542 0.572 0.588 0.554
0 0 0 0 0 0.006 0.108 0.268 0.29 0.356 0.42
0.2 0.19 0.18 0.196 0.33 0.496 0.664 0.814 0.81 0.802 0.796
0.128 0.152 0.136 0.172 0.18 0.202 0.282 0.448 0.532 0.626 0.668
0 0 0 0 0 0 0.112 0.222 0.218 0.224 0.246
0.034 0.034 0.04 0.032 0.052 0.064 0.198 0.344 0.408 0.434 0.45
0.208 0.224 0.316 0.5 0.672 0.698 0.692 0.634 0.65 0.638 0.584
0.012 0.018 0.038 0.106 0.268 0.444 0.738 0.854 0.908 0.926 0.918
0.208 0.224 0.316 0.5 0.672 0.698 0.692 0.634 0.65 0.638 0.584
0 0 0 0 0 0.006 0.086 0.24 0.288 0.33 0.384
0 0 0 0 0 0.008 0.096 0.242 0.302 0.352 0.4
0.11 0.088 0.11 0.188 0.32 0.482 0.678 0.868 0.846 0.852 0.874
0.1 0.128 0.12 0.144 0.164 0.252 0.43 0.636 0.694 0.704 0.79
0.014 0.05 0.176 0.442 0.716 0.784 0.796 0.844 0.872 0.858 0.874
0.002 0.004 0.042 0.19 0.322 0.354 0.396 0.406 0.444 0.462 0.492
0.182 0.208 0.176 0.256 0.332 0.46 0.578 0.756 0.814 0.816 0.808
0.144 0.138 0.172 0.25 0.384 0.556 0.704 0.882 0.924 0.922 0.936
0 0 0 0 0 0.006 0.086 0.24 0.288 0.33 0.384
0 0 0 0 0 0.002 0.104 0.248 0.292 0.306 0.414
0.03 0.07 0.208 0.476 0.752 0.812 0.846 0.872 0.894 0.882 0.912
0.072 0.154 0.264 0.502 0.808 0.924 0.942 0.942 0.956 0.956 0.972
0 0.008 0.004 0.02 0.082 0.216 0.372 0.55 0.668 0.634 0.706
0.07 0.104 0.112 0.202 0.304 0.494 0.72 0.9 0.934 0.96 0.966
0.054 0.062 0.084 0.056 0.074 0.114 0.214 0.384 0.456 0.478 0.518
0.038 0.12 0.21 0.458 0.754 0.846 0.904 0.876 0.934 0.924 0.94
0.072 0.114 0.154 0.228 0.354 0.524 0.764 0.946 0.972 0.988 0.992
0.02 0.02 0.04 0.056 0.114 0.24 0.442 0.646 0.724 0.746 0.778
0 0.002 0.022 0.154 0.3 0.412 0.42 0.514 0.524 0.582 0.55
0.456 0.492 0.578 0.738 0.938 0.946 0.972 0.982 0.978 0.972 0.97
0 0 0 0 0 0.006 0.096 0.262 0.318 0.366 0.346
0.022 0.024 0.016 0.036 0.036 0.12 0.256 0.428 0.45 0.494 0.564
0.006 0.012 0.018 0.042 0.176 0.406 0.594 0.768 0.836 0.856 0.88
0 0 0 0 0 0.004 0.104 0.202 0.27 0.356 0.458
0 0 0 0 0 0.006 0.096 0.262 0.318 0.366 0.346
0.036 0.05 0.05 0.048 0.062 0.052 0.15 0.294 0.328 0.39 0.46
