0.7591241 0.839416 0.8613139 0.8540146 0.9124088 0.8540146 0.8540146 0.8613139 0.8467153 0.8540146 0.7737226
0.1048951 0.1328671 0.1538462 0.1608392 0.1678322 0.1608392 0.1608392 0.1608392 0.1678322 0.1608392 0.1678322
0.7028986 0.7101449 0.7101449 0.7028986 0.7028986 0.7173913 0.7101449 0.7173913 0.7101449 0.7101449 0.673913
0.8235294 0.8382353 0.8897059 0.8382353 0.8308824 0.8529412 0.8529412 0.8382353 0.8529412 0.8382353 0.8382353
0.04511278 0.03759398 0.03759398 0.03759398 0.03759398 0.03759398 0.03759398 0.03759398 0.03759398 0.03759398 0.03759398
0.9457364 0.9457364 0.9379845 0.9457364 0.9457364 0.8914729 0.9457364 0.9457364 0.9457364 0.9457364 0.9457364
0.5073529 0.3014706 0.3161765 0.3088235 0.3014706 0.5441176 0.5735294 0.5808824 0.6397059 0.6470588 0.6617647
0.4265734 0.2727273 0.2307692 0.2307692 0.2447552 0.2447552 0.2447552 0.2517483 0.2447552 0.2447552 0.2447552
0.5736434 0.5813953 0.5116279 0.5116279 0.5271318 0.5116279 0.5116279 0.5193798 0.5193798 0.5193798 0.5116279
0.2773723 0.2773723 0.2773723 0.2919708 0.2919708 0.2919708 0.2919708 0.2846715 0.2773723 0.2773723 0.2773723
0.9069767 0.8527132 0.8527132 0.8604651 0.8527132 0.9069767 0.8604651 0.8527132 0.8604651 0.8604651 0.7829457
0.02325581 0.01550388 0 0 0 0 0 0 0 0 0
0.6821705 0.6821705 0.6899225 0.6899225 0.6899225 0.6899225 0.6899225 0.6899225 0.6821705 0.6821705 0.6821705
0.7591241 0.839416 0.8613139 0.8540146 0.9124088 0.8540146 0.8540146 0.8613139 0.8467153 0.8540146 0.7737226
0.3986014 0.4335664 0.4335664 0.4335664 0.4335664 0.4335664 0.4335664 0.4265734 0.4335664 0.4335664 0.4265734
0.4806202 0.4806202 0.4806202 0.4728682 0.4806202 0.4651163 0.4651163 0.4728682 0.4496124 0.4186047 0.4263566
0.1544118 0.1764706 0.25 0.25 0.2573529 0.2573529 0.2647059 0.2573529 0.2279412 0.2573529 0.2573529
0.6124031 0.6046512 0.620155 0.620155 0.5658915 0.5736434 0.5736434 0.5658915 0.5503876 0.5503876 0.5503876
0.768116 0.7826087 0.7826087 0.789855 0.7971014 0.7971014 0.7971014 0.789855 0.7608696 0.826087 0.8188406
0.2093023 0.248062 0.248062 0.248062 0.248062 0.248062 0.248062 0.248062 0.248062 0.248062 0.248062
0.5419847 0.5419847 0.5648855 0.5725191 0.5343511 0.5343511 0.5343511 0.5343511 0.519084 0.5038168 0.5038168
0.3100775 0.2403101 0.2325581 0.2558140 0.3178295 0.2868217 0.3178295 0.2635659 0.2558140 0.2868217 0.2790698
0.1526718 0.1068702 0.09923664 0.1145038 0.1068702 0.09923664 0.09923664 0.09923664 0.08396947 0.09160305 0.09160305
0.942029 0.9492754 0.9565217 0.9565217 0.9637681 0.9637681 0.9565217 0.9710145 0.9637681 0.9202899 0.9202899
0.02325581 0.02325581 0.007751938 0.01550388 0 0.09302326 0.01550388 0 0 0 0
0.1832061 0.1908397 0.1374046 0.1755725 0.1603053 0.1450382 0.1374046 0.1526718 0.1603053 0.1526718 0.1450382
0.471831 0.4295775 0.4366197 0.4295775 0.4295775 0.4295775 0.4295775 0.4295775 0.4295775 0.4295775 0.4295775
0.3216783 0.2447552 0.2937063 0.2867133 0.3006993 0.3006993 0.3076923 0.3006993 0.3006993 0.3076923 0.3076923
0.07633588 0.07633588 0.03816794 0.07633588 0.08396947 0.08396947 0.08396947 0.06870229 0.07633588 0.07633588 0.07633588
0.4084507 0.3380282 0.2957746 0.2816901 0.2887324 0.2887324 0.2887324 0.2887324 0.3028169 0.3028169 0.2957746
0.07971014 0.05797101 0.05797101 0.05797101 0.05797101 0.05797101 0.05797101 0.05797101 0.05797101 0.05797101 0.05797101
0.5736434 0.5736434 0.5968992 0.5736434 0.5581395 0.5426357 0.5426357 0.5426357 0.5426357 0.5271318 0.5426357
0.1937984 0.2403101 0.248062 0.248062 0.248062 0.248062 0.248062 0.248062 0.248062 0.248062 0.248062
0.4580153 0.4580153 0.4503817 0.4503817 0.4427481 0.4427481 0.4427481 0.4427481 0.4122137 0.4122137 0.4122137
0.8623188 0.8405797 0.8405797 0.8405797 0.8405797 0.8405797 0.8405797 0.8405797 0.8405797 0.7608696 0.7608696
0.0620155 0.1007752 0.09302326 0.08527132 0.09302326 0.08527132 0.09302326 0.09302326 0.1007752 0.09302326 0.09302326
0.0942029 0.06521739 0.08695652 0.05797101 0.05797101 0.05797101 0.05797101 0.05797101 0.05797101 0.05797101 0.06521739
0.00729927 0 0.0729927 0.08029197 0.09489051 0.1240876 0.02919708 0.09489051 0.08029197 0.09489051 0.03649635
0.6992481 0.7669173 0.7819549 0.7744361 0.7443609 0.6917293 0.631579 0.6992481 0.6165414 0.6842105 0.6842105
0.8235294 0.8382353 0.8897059 0.8382353 0.8382353 0.8529412 0.8529412 0.8382353 0.8529412 0.8382353 0.8382353
0.3823529 0.4558824 0.4117647 0.4411765 0.4338235 0.4411765 0.4411765 0.3897059 0.4338235 0.4191176 0.3970588
0.5503876 0.5426357 0.5736434 0.5891473 0.6434109 0.6434109 0.6434109 0.6356589 0.6356589 0.6356589 0.6356589
0.4782609 0.442029 0.3405797 0.4057971 0.3695652 0.3623188 0.3550725 0.3478261 0.3478261 0.3478261 0.3478261
0.4890511 0.4890511 0.540146 0.5328467 0.4890511 0.4963504 0.5036496 0.4890511 0.5109489 0.4963504 0.4890511
0.4890511 0.4890511 0.540146 0.5328467 0.4890511 0.4963504 0.5036496 0.4890511 0.5109489 0.4963504 0.4890511
0.5808824 0.5588235 0.5588235 0.5588235 0.5514706 0.5661765 0.5294118 0.5073529 0.5073529 0.5073529 0.5073529
0.9069767 0.8527132 0.8527132 0.8527132 0.8527132 0.8527132 0.8527132 0.8527132 0.8527132 0.8527132 0.7751938
0.9489051 0.9635036 0.9416058 0.9416058 0.9635036 0.9562044 0.9635036 0.9635036 0.9781022 0.919708 0.9124088
0.6564885 0.7480916 0.7480916 0.7480916 0.6870229 0.6870229 0.6793893 0.7480916 0.7480916 0.6564885 0.6564885
0.2269504 0.2340426 0.1843972 0.1773050 0.1702128 0.1702128 0.1702128 0.1702128 0.1773050 0.1702128 0.1702128
0.1267606 0.1197183 0.04929577 0.04929577 0.04929577 0.07746479 0.04929577 0.04929577 0.03521127 0.03521127 0.04929577
0.7633588 0.7557252 0.7633588 0.7633588 0.7633588 0.7633588 0.7022901 0.7633588 0.7633588 0.6641221 0.6717557
0.8345865 0.9323308 0.8646617 0.849624 0.8646617 0.7819549 0.8045113 0.8646617 0.9097744 0.8947368 0.8721805
0.8421053 0.9699248 0.8646617 0.8947368 0.9473684 0.9022556 0.924812 0.9548872 0.9548872 0.849624 0.8947368
0.7443609 0.7218045 0.7293233 0.7142857 0.6691729 0.6390977 0.631579 0.6616541 0.6165414 0.6240602 0.6240602
0.6911765 0.6838235 0.6691176 0.5882353 0.5735294 0.6029412 0.6691176 0.6691176 0.6911765 0.7058824 0.6985294
0.3410853 0.3953488 0.3875969 0.3798450 0.372093 0.3488372 0.3488372 0.3875969 0.3488372 0.3565891 0.3875969
0.4852941 0.3970588 0.4264706 0.3823529 0.3897059 0.3676471 0.3529412 0.3455882 0.3455882 0.3382353 0.3382353
0.584507 0.5985915 0.612676 0.6197183 0.6197183 0.6197183 0.6197183 0.6056338 0.6197183 0.6197183 0.6056338
0.4573643 0.4573643 0.4573643 0.4651163 0.3565891 0.4573643 0.4651163 0.3953488 0.4573643 0.4573643 0.3953488
0.5839416 0.5693431 0.5547445 0.5547445 0.5474453 0.5474453 0.5474453 0.5474453 0.5620438 0.5766423 0.5766423
0.480916 0.4580153 0.4580153 0.4503817 0.4580153 0.4580153 0.4656489 0.4503817 0.4274809 0.4198473 0.4503817
0.7132867 0.7132867 0.7132867 0.7132867 0.7202797 0.7202797 0.7202797 0.7202797 0.7132867 0.7132867 0.7132867
0.8421053 0.9473684 0.8646617 0.849624 0.849624 0.7819549 0.8045113 0.8571429 0.9097744 0.849624 0.849624
0.1162791 0.124031 0.124031 0.124031 0.124031 0.1085271 0.1085271 0.1085271 0.1085271 0.1085271 0.1085271
0.9612403 0.9689922 0.9534884 0.9844961 0.9612403 0.9767442 0.9767442 0.9689922 0.9689922 0.9224806 0.9224806
0.2907801 0.2411348 0.2553191 0.2482270 0.2553191 0.2553191 0.2624113 0.2553191 0.2482270 0.2482270 0.2482270
0.9225352 0.8450704 0.8450704 0.9014085 0.915493 0.9084507 0.8450704 0.8802817 0.915493 0.971831 0.9225352
0.480916 0.4732824 0.4656489 0.480916 0.480916 0.5038168 0.5114504 0.5038168 0.4732824 0.4427481 0.4656489
0.3076923 0.3566434 0.3706294 0.3706294 0.3776224 0.3776224 0.3776224 0.3706294 0.3706294 0.3706294 0.3706294
0.2262774 0.2262774 0.2262774 0.2262774 0.2335766 0.2335766 0.2335766 0.2262774 0.2262774 0.1970803 0.2262774
0.4338235 0.3676471 0.3823529 0.3676471 0.3602941 0.3382353 0.3308824 0.3235294 0.3161765 0.3235294 0.3235294
0.6976744 0.6976744 0.6976744 0.6976744 0.6976744 0.7054264 0.6976744 0.7054264 0.6976744 0.6976744 0.6976744
0.07633588 0.07633588 0.03816794 0.07633588 0.08396947 0.08396947 0.08396947 0.06870229 0.07633588 0.07633588 0.07633588
0.2377622 0.3076923 0.3566434 0.3496503 0.3356643 0.3496503 0.3496503 0.3356643 0.3496503 0.3496503 0.3216783
0.7596899 0.7674419 0.7751938 0.7829457 0.7829457 0.7829457 0.7829457 0.7829457 0.7596899 0.7674419 0.8217054
0.7391304 0.7391304 0.7391304 0.7463768 0.7463768 0.7463768 0.7463768 0.7463768 0.7391304 0.7391304 0.7391304
0.7375887 0.7588652 0.7659574 0.7730496 0.8297872 0.8297872 0.8297872 0.7801418 0.7446809 0.6879433 0.6737589
0.9612403 0.9069767 0.9534884 0.9534884 0.9844961 0.9612403 0.9612403 0.9612403 0.9612403 0.9069767 0.9069767
0.7054264 0.7131783 0.7054264 0.7054264 0.7054264 0.6976744 0.7054264 0.6976744 0.7054264 0.8062016 0.7364341
0 0 0 0 0 0 0 0 0 0 0
0.7443609 0.7293233 0.7293233 0.7142857 0.6691729 0.6390977 0.631579 0.6616541 0.6165414 0.6240602 0.6240602
0.3802817 0.3943662 0.3028169 0.3098592 0.3098592 0.3028169 0.3098592 0.3028169 0.3098592 0.3028169 0.3028169
0.5338346 0.5037594 0.518797 0.5263158 0.556391 0.5413534 0.5488722 0.5488722 0.5338346 0.518797 0.5263158
0.7591241 0.839416 0.839416 0.839416 0.839416 0.839416 0.839416 0.839416 0.839416 0.839416 0.7591241
0.481203 0.556391 0.556391 0.556391 0.5037594 0.4962406 0.4962406 0.4962406 0.4661654 0.4661654 0.4661654
0.4496124 0.4496124 0.4651163 0.4883721 0.4728682 0.4883721 0.4883721 0.4806202 0.4806202 0.4728682 0.4728682
0.3282443 0.3206107 0.2900763 0.5419847 0.6183206 0.610687 0.6259542 0.610687 0.5954198 0.5954198 0.5954198
0.8421053 0.849624 0.8646617 0.9398496 0.8947368 0.8270677 0.8571429 0.8947368 0.8646617 0.9473684 0.9473684
0.06976744 0.04651163 0.07751938 0.05426357 0.05426357 0.03875969 0.05426357 0.1007752 0.06976744 0.09302326 0.05426357
0.2093023 0.248062 0.248062 0.248062 0.248062 0.248062 0.248062 0.248062 0.248062 0.248062 0.248062
0.1029412 0.0882353 0.0882353 0.09558824 0.0882353 0.09558824 0.09558824 0.125 0.09558824 0.08088235 0.1102941
0.8167939 0.8244275 0.9465649 0.8396947 0.8244275 0.8244275 0.8244275 0.8091603 0.8244275 0.7328244 0.7328244
0.2406015 0.2406015 0.2180451 0.1879699 0.1804511 0.1954887 0.1879699 0.1729323 0.1879699 0.1879699 0.1954887
0.3529412 0.2647059 0.2720588 0.2720588 0.2352941 0.2205882 0.2132353 0.1838235 0.2720588 0.2720588 0.2720588
0.3953488 0.4108527 0.4186047 0.4496124 0.4341085 0.4573643 0.4418605 0.4496124 0.4341085 0.4418605 0.4496124
0.7746479 0.7535211 0.7676056 0.7816901 0.7887324 0.7957746 0.8028169 0.7887324 0.7676056 0.7746479 0.7746479
0.2101449 0.2173913 0.2101449 0.1449275 0.1739130 0.1521739 0.1666667 0.1594203 0.2028986 0.1811594 0.1811594
0.1838235 0.1838235 0.125 0.1911765 0.1544118 0.1764706 0.1617647 0.1838235 0.1691176 0.1691176 0.1764706
0.1063830 0.1063830 0.1063830 0.1063830 0.1276596 0.1063830 0.1134752 0.1063830 0.1134752 0.1205674 0.1347518
0.7596899 0.7674419 0.7751938 0.7829457 0.7829457 0.7829457 0.7829457 0.7829457 0.7596899 0.7674419 0.8217054
0.08510638 0.09219858 0.1063830 0.1063830 0.1276596 0.1063830 0.1134752 0.1063830 0.1134752 0.1205674 0.1347518
0.7054264 0.7286822 0.7286822 0.7596899 0.7596899 0.751938 0.7596899 0.751938 0.7209302 0.8062016 0.7364341
0.2093023 0.248062 0.248062 0.248062 0.248062 0.248062 0.248062 0.248062 0.248062 0.248062 0.248062
0.7364341 0.744186 0.7364341 0.744186 0.7364341 0.7364341 0.7364341 0.7286822 0.7209302 0.7209302 0.7209302
0.4503817 0.389313 0.4045802 0.3664122 0.3816794 0.3816794 0.3740458 0.3816794 0.3664122 0.3587786 0.3664122
0.810219 0.7591241 0.729927 0.7372263 0.729927 0.729927 0.729927 0.729927 0.729927 0.7591241 0.810219
0.05263158 0.06015038 0.08270677 0.09022556 0.06015038 0.08270677 0.09022556 0.05263158 0.08270677 0.08270677 0.08270677
0.8421053 0.9473684 0.8646617 0.8947368 0.9473684 0.9022556 0.924812 0.9774436 0.9548872 0.849624 0.8947368
0.6376812 0.6376812 0.6376812 0.6449275 0.6376812 0.6594203 0.6594203 0.6521739 0.615942 0.6086957 0.6086957
0.5547445 0.5547445 0.5547445 0.5474453 0.5620438 0.5620438 0.5620438 0.5620438 0.5547445 0.5474453 0.5547445
0.2790698 0.3798450 0.4341085 0.4341085 0.4496124 0.4108527 0.4496124 0.4263566 0.4186047 0.4263566 0.4263566
0.5460993 0.4964539 0.4822695 0.5177305 0.5177305 0.5177305 0.5177305 0.5106383 0.4893617 0.4893617 0.4893617
0.1159420 0.0942029 0.05797101 0.07971014 0.07971014 0.07971014 0.07971014 0.07971014 0.05797101 0.07971014 0.07971014
0.7443609 0.7293233 0.7293233 0.7142857 0.6691729 0.6390977 0.631579 0.6616541 0.6165414 0.6240602 0.6240602
0.1984733 0.2061069 0.1145038 0.09160305 0.1221374 0.1221374 0.1221374 0.1374046 0.1145038 0.129771 0.1221374
0.2671756 0.2671756 0.2671756 0.2671756 0.4427481 0.6030534 0.6030534 0.6030534 0.5954198 0.5954198 0.5954198
0.868217 0.8604651 0.8062016 0.8604651 0.8604651 0.8217054 0.8139535 0.8217054 0.8062016 0.751938 0.8139535
0.3430657 0.3576642 0.4087591 0.3795620 0.4452555 0.4452555 0.459854 0.4452555 0.4452555 0.4452555 0.4452555
0.9225352 0.8450704 0.8450704 0.9014085 0.915493 0.9084507 0.8450704 0.8802817 0.915493 0.971831 0.9225352
0.8235294 0.8382353 0.8897059 0.8382353 0.8382353 0.8529412 0.8529412 0.8382353 0.8529412 0.8382353 0.8382353
0.8695652 0.9202899 0.9057971 0.8478261 0.8768116 0.8985507 0.9347826 0.8985507 0.8985507 0.9565217 0.9565217
0.01526718 0.01526718 0.06870229 0.03816794 0.04580153 0.02290076 0.06870229 0.07633588 0.03816794 0.03816794 0.03816794
0.5877863 0.610687 0.6030534 0.610687 0.6030534 0.5572519 0.5572519 0.5572519 0.5648855 0.5496183 0.5343511
0.372093 0.4186047 0.3953488 0.3953488 0.4108527 0.3953488 0.3953488 0.3953488 0.4263566 0.3953488 0.3953488
0.00729927 0.02189781 0.08759124 0.1094891 0.1094891 0.1386861 0.05109489 0.1094891 0.1094891 0.1094891 0.09489051
0.6811594 0.6811594 0.6811594 0.6086957 0.5942029 0.5724638 0.5797101 0.5797101 0.5434783 0.5434783 0.5434783
0.6015038 0.6015038 0.6165414 0.631579 0.7669173 0.9398496 0.7894737 0.7518797 0.7368421 0.7293233 0.7293233
0.4580153 0.4580153 0.4503817 0.4503817 0.4427481 0.4427481 0.4427481 0.4427481 0.4122137 0.4122137 0.4122137
0.6899225 0.7054264 0.7054264 0.6976744 0.6976744 0.6976744 0.6976744 0.6976744 0.6899225 0.6976744 0.6976744
0.1550388 0.1550388 0.1317829 0.1472868 0.1550388 0.1317829 0.1317829 0.1317829 0.1550388 0.1162791 0.1162791
0.4822695 0.4822695 0.4893617 0.6524823 0.6950355 0.6950355 0.6950355 0.6950355 0.6524823 0.6737589 0.7446809
0.1860465 0.2945736 0.3255814 0.3410853 0.3953488 0.3565891 0.3643411 0.4031008 0.3875969 0.3565891 0.3488372
0.3023256 0.4031008 0.4418605 0.4418605 0.4573643 0.4341085 0.4263566 0.4263566 0.3953488 0.4031008 0.4031008
0.8091603 0.8091603 0.8091603 0.8091603 0.8091603 0.8091603 0.8091603 0.8091603 0.8091603 0.7175573 0.7175573
0.08510638 0.09219858 0.1063830 0.1063830 0.1276596 0.1063830 0.1134752 0.1063830 0.1134752 0.1205674 0.1347518
0.07751938 0.06976744 0.09302326 0.05426357 0.05426357 0.03875969 0.05426357 0.0620155 0.09302326 0.09302326 0.07751938
0.6544118 0.6397059 0.632353 0.632353 0.6691176 0.6397059 0.625 0.625 0.5808824 0.5735294 0.5661765
0.3521127 0.3732394 0.3521127 0.4084507 0.4154930 0.4014085 0.4154930 0.3591549 0.3661972 0.3591549 0.3943662
0.3475177 0.3971631 0.4184397 0.4539007 0.4468085 0.4468085 0.4326241 0.4397163 0.4255319 0.4184397 0.4539007
0.5736434 0.5813953 0.5116279 0.5116279 0.5271318 0.5116279 0.5116279 0.5193798 0.5193798 0.5193798 0.5116279
0.04651163 0.05426357 0.05426357 0.05426357 0.05426357 0.03875969 0.05426357 0.06976744 0.06976744 0.05426357 0.05426357
0.3255814 0.3565891 0.3643411 0.372093 0.3798450 0.3875969 0.4031008 0.3798450 0.3643411 0.3953488 0.3953488
0.2824427 0.2977099 0.2671756 0.4580153 0.5419847 0.6030534 0.6030534 0.6030534 0.5954198 0.5954198 0.5954198
0.03759398 0.04511278 0.03759398 0.03759398 0.03759398 0.03759398 0.03759398 0.03759398 0.03759398 0.03759398 0.03759398
0.7375887 0.7588652 0.7659574 0.7730496 0.8297872 0.8297872 0.8297872 0.7801418 0.7446809 0.6879433 0.6737589
0.7132867 0.7132867 0.7132867 0.7132867 0.7202797 0.7202797 0.7202797 0.7202797 0.7132867 0.7132867 0.7132867
0.6511628 0.6356589 0.6356589 0.627907 0.5813953 0.5968992 0.5968992 0.5736434 0.5813953 0.5581395 0.5658915
0.8235294 0.8235294 0.8235294 0.8235294 0.8382353 0.8235294 0.8235294 0.8235294 0.8235294 0.8235294 0.8235294
0.6015038 0.6015038 0.6240602 0.6466165 0.7969925 0.962406 0.962406 0.7669173 0.7368421 0.7293233 0.7293233
0.8421053 0.849624 0.8646617 0.9398496 0.8947368 0.8270677 0.8571429 0.9097744 0.8646617 0.9473684 0.9473684
