0.8759124 0.8686131 0.8540146 0.8540146 0.9051095 0.8467153 0.8467153 0.8613139 0.8540146 0.8540146 0.7883212
0.1439394 0.1439394 0.1515152 0.1515152 0.1439394 0.1666667 0.1666667 0.1515152 0.1666667 0.1439394 0.1439394
0.6814815 0.6814815 0.6888889 0.6222222 0.6148148 0.6444444 0.6222222 0.6296296 0.6888889 0.6888889 0.6888889
0.8985507 0.9057971 0.9202899 0.9202899 0.9130435 0.8985507 0.9057971 0.9347826 0.9057971 0.9637681 0.9637681
0.06382979 0.04255319 0.03546099 0.03546099 0.03546099 0.03546099 0.03546099 0.03546099 0.03546099 0.04255319 0.03546099
0.8538462 0.8692308 0.8615385 0.8692308 0.876923 0.8538462 0.8692308 0.8615385 0.876923 0.8692308 0.7692308
0.2878788 0.2954545 0.3106061 0.3106061 0.3181818 0.3106061 0.3106061 0.3181818 0.3181818 0.3181818 0.3106061
0.2262774 0.2189781 0.2189781 0.2189781 0.2189781 0.2116788 0.2189781 0.2043796 0.2335766 0.2262774 0.2335766
0.6 0.6 0.5925926 0.6296296 0.6444444 0.6296296 0.6444444 0.6444444 0.5925926 0.6 0.5925926
0.5 0.4779412 0.375 0.2794118 0.2794118 0.2794118 0.2794118 0.2794118 0.3014706 0.2794118 0.3014706
0.8296296 0.8814815 0.8888889 0.8962963 0.9037037 0.8444444 0.837037 0.8592593 0.837037 0.7555556 0.7555556
0 0 0 0 0 0 0 0 0 0 0.007092199
0.6769231 0.6769231 0.6230769 0.6307692 0.6307692 0.6307692 0.6307692 0.6307692 0.6230769 0.6230769 0.6230769
0.8695652 0.8623188 0.8623188 0.8623188 0.789855 0.789855 0.8115942 0.8550725 0.8623188 0.768116 0.768116
0.4632353 0.4411765 0.4485294 0.4926471 0.4705882 0.4632353 0.4705882 0.4705882 0.4632353 0.4411765 0.4485294
0.4565217 0.3405797 0.2246377 0.2246377 0.2318841 0.2318841 0.2318841 0.2246377 0.2318841 0.2318841 0.2318841
0.1304348 0.1159420 0.1739130 0.1956522 0.2101449 0.2101449 0.2101449 0.2318841 0.2173913 0.2173913 0.2028986
0.5724638 0.5942029 0.5942029 0.5652174 0.5724638 0.5507246 0.5507246 0.5434783 0.5362319 0.5362319 0.5217391
0.7518248 0.7664234 0.7664234 0.7956204 0.7883212 0.8029197 0.8029197 0.7810219 0.7372263 0.7810219 0.8321168
0.3333333 0.3333333 0.3257576 0.3333333 0.3257576 0.3333333 0.3333333 0.3257576 0.3257576 0.3257576 0.3257576
0.5703704 0.5703704 0.5703704 0.5777778 0.5925926 0.5925926 0.6074074 0.6 0.5777778 0.5777778 0.5777778
0.2127660 0.2411348 0.2624113 0.2765957 0.2765957 0.2624113 0.2836879 0.2836879 0.2765957 0.2624113 0.2765957
0.1605839 0.08759124 0.09489051 0.1021898 0.1094891 0.1605839 0.1021898 0.1240876 0.1094891 0.1094891 0.1094891
0.9489051 0.9270073 0.9489051 0.9562044 0.9635036 0.9489051 0.9635036 0.9635036 0.9635036 0.9635036 0.970803
0 0.02189781 0.03649635 0.01459854 0 0.01459854 0.04379562 0.01459854 0.01459854 0.01459854 0.01459854
0.1884058 0.1884058 0.1884058 0.2101449 0.2101449 0.2101449 0.2101449 0.2101449 0.2028986 0.2028986 0.2101449
0.4148148 0.3851852 0.3777778 0.4148148 0.4 0.4074074 0.3925926 0.3851852 0.4 0.3851852 0.3925926
0.2794118 0.3161765 0.3014706 0.3235294 0.3161765 0.3088235 0.3235294 0.3161765 0.3088235 0.3088235 0.3161765
0.06569343 0.08029197 0.08029197 0.05839416 0.08029197 0.08029197 0.05109489 0.08029197 0.08029197 0.08029197 0.08029197
0.2878788 0.2954545 0.2954545 0.2954545 0.2954545 0.2878788 0.2954545 0.2954545 0.3030303 0.3257576 0.3106061
0.05925926 0.05925926 0.05925926 0.05925926 0.05925926 0.05925926 0.05925926 0.05925926 0.08148148 0.05925926 0.05925926
0.4751773 0.4751773 0.4822695 0.4822695 0.4822695 0.3900709 0.4822695 0.4822695 0.4468085 0.4468085 0.4822695
0.4148148 0.4296296 0.437037 0.4296296 0.4 0.3703704 0.4074074 0.3629630 0.3481481 0.4074074 0.3703704
0.2814815 0.2888889 0.2888889 0.2888889 0.2888889 0.3037037 0.2962963 0.2888889 0.2888889 0.3037037 0.2888889
0.7424242 0.8257576 0.8257576 0.8257576 0.8257576 0.8257576 0.8257576 0.8257576 0.8257576 0.7424242 0.7424242
0.09489051 0.09489051 0.08759124 0.0729927 0.08759124 0.08759124 0.08029197 0.0729927 0.1021898 0.0729927 0.0729927
0.09558824 0.0882353 0.09558824 0.05882353 0.05882353 0.05882353 0.05882353 0.05882353 0.08088235 0.08088235 0.05882353
0.03076923 0.02307692 0.01538462 0.02307692 0.007692308 0.007692308 0.007692308 0 0 0 0
0.6715328 0.6715328 0.6715328 0.6569343 0.5766423 0.5693431 0.5620438 0.5839416 0.6788321 0.6861314 0.6861314
0.8529412 0.8455882 0.9044118 0.8529412 0.8455882 0.8529412 0.8455882 0.867647 0.9117647 0.9779412 0.9705882
0.2846154 0.4307692 0.4 0.3769231 0.4230769 0.4230769 0.4307692 0.4307692 0.4538462 0.4538462 0.4538462
0.2878788 0.2954545 0.3106061 0.3106061 0.3106061 0.3106061 0.3106061 0.3106061 0.3106061 0.3106061 0.3106061
0.3384615 0.4230769 0.4076923 0.4076923 0.3923077 0.3769231 0.3538462 0.3461538 0.3769231 0.3307692 0.3615385
0.3897059 0.3602941 0.3602941 0.3897059 0.3823529 0.3823529 0.3823529 0.3823529 0.3676471 0.3676471 0.3676471
0.4379562 0.3941606 0.3941606 0.4087591 0.4379562 0.4087591 0.3941606 0.3941606 0.4160584 0.3722628 0.3941606
0.6363636 0.5681818 0.5530303 0.5530303 0.5454545 0.5530303 0.5530303 0.5606061 0.5454545 0.5454545 0.5454545
0.8695652 0.8623188 0.8623188 0.8623188 0.789855 0.789855 0.8115942 0.8550725 0.8623188 0.768116 0.768116
0.9489051 0.9562044 0.970803 0.9562044 0.970803 0.9635036 0.9635036 0.9635036 0.9854015 0.9270073 0.9270073
0.6861314 0.6788321 0.6788321 0.6861314 0.6131387 0.5839416 0.5766423 0.620438 0.6861314 0.6934307 0.6934307
0.2335766 0.2116788 0.2043796 0.1824818 0.1751825 0.1897810 0.1824818 0.1167883 0.1824818 0.1824818 0.1824818
0.1086957 0.1231884 0.1086957 0.1086957 0.04347826 0.1086957 0.0942029 0.06521739 0.07971014 0.07971014 0.0942029
0.7 0.7846154 0.7846154 0.6538462 0.6538462 0.6538462 0.6461538 0.6538462 0.6461538 0.6384615 0.6384615
0.8538462 0.8538462 0.8615385 0.8692308 0.876923 0.8538462 0.8692308 0.8615385 0.876923 0.8692308 0.7692308
0.9703704 0.962963 0.9111111 0.962963 0.9185185 0.9703704 0.9703704 0.9703704 0.9703704 0.9333333 0.925926
0.6 0.5692308 0.5769231 0.5923077 0.5846154 0.5923077 0.6076923 0.5923077 0.5846154 0.5846154 0.5846154
0.689394 0.6666667 0.6666667 0.6590909 0.5909091 0.5909091 0.5833333 0.5833333 0.6060606 0.5606061 0.5757576
0.2814815 0.2888889 0.2888889 0.2888889 0.2888889 0.3037037 0.2962963 0.2888889 0.2888889 0.3037037 0.2888889
0.4666667 0.4740741 0.4666667 0.4592593 0.437037 0.4740741 0.4666667 0.4592593 0.4518519 0.4518519 0.4518519
0.5757576 0.5909091 0.5909091 0.5909091 0.6136364 0.6136364 0.6287879 0.6287879 0.5909091 0.6439394 0.6060606
0.4822695 0.4822695 0.4822695 0.5744681 0.5815603 0.5815603 0.5815603 0.5744681 0.5744681 0.5460993 0.5744681
0.5777778 0.5703704 0.5555556 0.562963 0.5185185 0.5111111 0.5037037 0.4962963 0.5407407 0.5851852 0.5703704
0.4855072 0.5 0.4855072 0.5 0.4927536 0.5 0.5 0.5 0.5 0.4565217 0.4565217
0.7 0.7923077 0.7846154 0.6692308 0.6615385 0.6538462 0.6461538 0.6538462 0.6461538 0.6384615 0.6384615
0.9481481 0.9185185 0.8666667 0.8592593 0.9777778 0.9111111 0.9555556 0.9185185 0.962963 0.925926 0.9407407
0.1231884 0.1521739 0.1159420 0.1086957 0.1086957 0.1086957 0.1376812 0.1376812 0.1884058 0.1666667 0.1086957
0.9703704 0.962963 0.9111111 0.962963 0.9777778 0.9703704 0.9703704 0.9777778 0.9777778 0.9333333 0.925926
0.25 0.2647059 0.2794118 0.3014706 0.2867647 0.2867647 0.3014706 0.2867647 0.2794118 0.2867647 0.2794118
0.8382353 0.8308824 0.9044118 0.8529412 0.8455882 0.8529412 0.8455882 0.867647 0.9117647 0.9779412 0.9705882
0.4848485 0.469697 0.4924242 0.5 0.4924242 0.5 0.5 0.4924242 0.5 0.5 0.4924242
0.4411765 0.3823529 0.3823529 0.4264706 0.3970588 0.4044118 0.3970588 0.4044118 0.3897059 0.3897059 0.3897059
0.4539007 0.3191489 0.2056738 0.2127660 0.2198582 0.2198582 0.2269504 0.1985816 0.2056738 0.1843972 0.2127660
0.3481481 0.3185185 0.3333333 0.3555556 0.3555556 0.3629630 0.3629630 0.3407407 0.3407407 0.3481481 0.3555556
0.7080292 0.7080292 0.7080292 0.7080292 0.7080292 0.7153285 0.7153285 0.7153285 0.7080292 0.6788321 0.6788321
0.1111111 0.1111111 0.1111111 0.1111111 0.1111111 0.1185185 0.1185185 0.1111111 0.1111111 0.1185185 0.1185185
0.4148148 0.4296296 0.437037 0.4296296 0.4 0.3703704 0.4074074 0.3629630 0.3481481 0.4074074 0.3703704
0.8188406 0.7608696 0.8188406 0.826087 0.8333333 0.8333333 0.826087 0.8188406 0.8333333 0.8333333 0.8333333
0.8161765 0.7352941 0.75 0.75 0.75 0.75 0.75 0.75 0.8161765 0.742647 0.742647
0.742647 0.75 0.7794118 0.7867647 0.7867647 0.7941176 0.7867647 0.7794118 0.742647 0.7720588 0.7720588
0.9703704 0.962963 0.9111111 0.962963 0.9185185 0.9703704 0.9703704 0.9703704 0.9703704 0.9333333 0.925926
0.7518248 0.7664234 0.7445255 0.7372263 0.7372263 0.729927 0.729927 0.729927 0.7372263 0.7810219 0.8321168
0.01459854 0.01459854 0 0 0 0 0 0 0 0 0
0.649635 0.620438 0.6569343 0.6058394 0.6569343 0.6642336 0.6569343 0.6642336 0.620438 0.6058394 0.6131387
0.5319149 0.5319149 0.6312057 0.6241135 0.6241135 0.6312057 0.6312057 0.6241135 0.6737589 0.6241135 0.6737589
0.4230769 0.4692308 0.4692308 0.4769231 0.4923077 0.4923077 0.4846154 0.4923077 0.4846154 0.4769231 0.4769231
0.7424242 0.8257576 0.8257576 0.8257576 0.8257576 0.8257576 0.8257576 0.8257576 0.8257576 0.7424242 0.7424242
0.3695652 0.4637681 0.4782609 0.4782609 0.4782609 0.5 0.4855072 0.4782609 0.4492754 0.4710145 0.4710145
0.1884058 0.1884058 0.1884058 0.2101449 0.2101449 0.2101449 0.2101449 0.2101449 0.2028986 0.2028986 0.2101449
0.5307692 0.6384615 0.6538462 0.7153846 0.8 0.7923077 0.7923077 0.776923 0.776923 0.7923077 0.6923077
0.7424242 0.8257576 0.8257576 0.8257576 0.8257576 0.8257576 0.8257576 0.8257576 0.8257576 0.7424242 0.7424242
0.07352941 0.08088235 0.06617647 0.08088235 0.09558824 0.09558824 0.08088235 0.09558824 0.05882353 0.08088235 0.08088235
0.3333333 0.3333333 0.3257576 0.3333333 0.3257576 0.3333333 0.3333333 0.3257576 0.3257576 0.3257576 0.3257576
0.1594203 0.1231884 0.1159420 0.1231884 0.1159420 0.1086957 0.1231884 0.1159420 0.1086957 0.1304348 0.1159420
0.8759124 0.8686131 0.8540146 0.8540146 0.9051095 0.8467153 0.8467153 0.8832117 0.8540146 0.8540146 0.7883212
0.3185185 0.2666667 0.2148148 0.2074074 0.2074074 0.1629630 0.1555556 0.1777778 0.2074074 0.1555556 0.1555556
0.5076923 0.6153846 0.6307692 0.7 0.7153846 0.776923 0.776923 0.776923 0.776923 0.7923077 0.6923077
0.5 0.5144928 0.5072464 0.5144928 0.5072464 0.5217391 0.5072464 0.5144928 0.5144928 0.4710145 0.4565217
0.8188406 0.7608696 0.8188406 0.826087 0.8333333 0.8333333 0.826087 0.8188406 0.8333333 0.8333333 0.8333333
0.2196970 0.2121212 0.2121212 0.2045455 0.2045455 0.1969697 0.2196970 0.2121212 0.2045455 0.2045455 0.2272727
0.1678832 0.1240876 0.1021898 0.1240876 0.1386861 0.1532847 0.1313869 0.1021898 0.1094891 0.1167883 0.1240876
0.06666667 0.1555556 0.1555556 0.1555556 0.1555556 0.1703704 0.1703704 0.1629630 0.1629630 0.1851852 0.1851852
0.7575758 0.7424242 0.75 0.7651515 0.7651515 0.7651515 0.7651515 0.7575758 0.7348485 0.7954545 0.7954545
0.1617647 0.1617647 0.1691176 0.1617647 0.1617647 0.1691176 0.1544118 0.1691176 0.1617647 0.1617647 0.1544118
0.742647 0.75 0.7794118 0.7867647 0.7867647 0.7941176 0.7867647 0.7794118 0.742647 0.7720588 0.7720588
0.3333333 0.3333333 0.3257576 0.3333333 0.3257576 0.3333333 0.3333333 0.3257576 0.3257576 0.3257576 0.3257576
0.8222222 0.7333333 0.7407407 0.7407407 0.7555556 0.7555556 0.7555556 0.7555556 0.8296296 0.7407407 0.7333333
0.5227273 0.3939394 0.4242424 0.3939394 0.4015152 0.4090909 0.4166667 0.4090909 0.4015152 0.4090909 0.3939394
0.7518248 0.7664234 0.7445255 0.7372263 0.7372263 0.729927 0.729927 0.729927 0.7372263 0.7810219 0.8321168
0.07246377 0.1449275 0.1376812 0.1449275 0.1376812 0.1376812 0.1304348 0.1376812 0.1449275 0.1159420 0.1449275
0.8538462 0.8692308 0.8615385 0.8692308 0.876923 0.8538462 0.8692308 0.8615385 0.876923 0.8692308 0.7692308
0.5886525 0.6028369 0.5673759 0.5390071 0.5531915 0.5531915 0.5531915 0.5460993 0.5460993 0.5531915 0.5531915
0.562963 0.562963 0.5555556 0.5555556 0.5555556 0.5555556 0.5555556 0.5555556 0.5555556 0.5555556 0.5555556
0.4242424 0.5075758 0.5151515 0.5151515 0.5151515 0.5227273 0.5227273 0.5151515 0.5378788 0.5378788 0.5378788
0.5652174 0.5652174 0.5652174 0.5507246 0.5507246 0.5289855 0.5434783 0.5289855 0.5144928 0.5144928 0.5144928
0.1230769 0.0923077 0.1 0.1230769 0.1461538 0.1538462 0.1076923 0.1153846 0.1153846 0.1076923 0.1153846
0.6444444 0.6444444 0.5925926 0.5851852 0.5703704 0.5703704 0.5703704 0.5703704 0.6518519 0.6518519 0.6518519
0.2148148 0.2074074 0.2074074 0.1851852 0.1777778 0.1777778 0.1777778 0.1629630 0.1555556 0.1629630 0.1481481
0.2608696 0.2463768 0.2608696 0.2608696 0.2608696 0.2608696 0.2608696 0.2608696 0.2608696 0.6014493 0.6014493
0.8538462 0.8692308 0.8615385 0.8692308 0.876923 0.8538462 0.8692308 0.8615385 0.876923 0.8692308 0.7692308
0.3037037 0.3259259 0.3259259 0.3703704 0.3777778 0.4444444 0.3925926 0.4222222 0.4222222 0.3703704 0.3925926
0.9051095 0.839416 0.8978102 0.9124088 0.8978102 0.8978102 0.8978102 0.919708 0.9124088 0.9635036 0.970803
0.8188406 0.7608696 0.8188406 0.826087 0.8333333 0.8333333 0.826087 0.8188406 0.8333333 0.8333333 0.8333333
0.8529412 0.8529412 0.9044118 0.8529412 0.8455882 0.875 0.8602941 0.8529412 0.9044118 0.9705882 0.9705882
0 0.07971014 0.0942029 0.01449275 0.01449275 0.0942029 0.0942029 0.05072464 0.0942029 0.0942029 0.07971014
0.5886525 0.6028369 0.5673759 0.5390071 0.5531915 0.5531915 0.5531915 0.5460993 0.5460993 0.5531915 0.5531915
0.2846154 0.4307692 0.4 0.3769231 0.4230769 0.4230769 0.4307692 0.4307692 0.4538462 0.4538462 0.4538462
0 0.01515152 0.03787879 0.03787879 0.03030303 0.03787879 0.03787879 0.08333333 0.03787879 0.03787879 0.1212121
0.6769231 0.6230769 0.5769231 0.6230769 0.6230769 0.5538462 0.5538462 0.5461538 0.5461538 0.5692308 0.6076923
0.7333333 0.7407407 0.7407407 0.7481481 0.7481481 0.7407407 0.7407407 0.7481481 0.7407407 0.8074074 0.8074074
0.4592593 0.4666667 0.4592593 0.4518519 0.4296296 0.4296296 0.4222222 0.4222222 0.4518519 0.4518519 0.4592593
0.6814815 0.6814815 0.6888889 0.6222222 0.6148148 0.6444444 0.6222222 0.6296296 0.6888889 0.6888889 0.6888889
0.1532847 0.1751825 0.2262774 0.2116788 0.2116788 0.2116788 0.2116788 0.2116788 0.2043796 0.2116788 0.2116788
0.5076923 0.6153846 0.6307692 0.7 0.776923 0.776923 0.776923 0.776923 0.776923 0.7923077 0.6923077
0.2153846 0.3 0.3384615 0.4538462 0.4384615 0.4538462 0.4538462 0.4538462 0.4153846 0.4076923 0.4076923
0.4130435 0.4782609 0.5217391 0.4637681 0.4710145 0.4855072 0.4782609 0.4782609 0.4710145 0.4347826 0.4202899
0.7372263 0.7372263 0.8248175 0.7445255 0.7445255 0.7518248 0.7518248 0.7518248 0.8248175 0.7372263 0.7372263
0.1407407 0.1407407 0.1555556 0.1555556 0.1555556 0.1555556 0.1555556 0.1703704 0.1703704 0.1703704 0.1851852
0.08759124 0.08029197 0.08029197 0.08029197 0.09489051 0.08029197 0.1094891 0.08759124 0.1167883 0.08029197 0.08759124
0.6277372 0.6350365 0.6131387 0.6350365 0.649635 0.649635 0.6788321 0.6569343 0.6423358 0.6277372 0.6058394
0.3538462 0.3923077 0.4076923 0.4076923 0.4 0.3692308 0.3846154 0.3846154 0.3692308 0.3153846 0.3769231
0.1970803 0.3576642 0.4014599 0.4014599 0.4525547 0.4452555 0.4452555 0.4452555 0.4452555 0.4452555 0.4452555
0.6 0.6 0.6 0.6148148 0.6074074 0.6148148 0.6666667 0.6222222 0.6074074 0.6074074 0.6074074
0.05797101 0 0.02898551 0.06521739 0.07246377 0.01449275 0.02173913 0.07971014 0 0.02173913 0.05797101
0.3481481 0.3777778 0.3777778 0.3407407 0.3407407 0.3481481 0.3481481 0.3407407 0.3629630 0.3407407 0.3407407
0.2608696 0.2608696 0.2608696 0.2608696 0.2681159 0.2753623 0.2753623 0.2608696 0.2608696 0.6014493 0.6014493
0 0 0 0 0 0 0 0 0 0 0.007092199
0.7384615 0.7461538 0.7307692 0.7846154 0.7307692 0.7384615 0.7230769 0.7307692 0.7 0.7076923 0.7692308
0.7111111 0.7111111 0.7111111 0.7185185 0.7185185 0.7185185 0.7185185 0.7185185 0.7111111 0.7111111 0.7111111
0.6642336 0.6423358 0.6131387 0.6277372 0.6277372 0.620438 0.6350365 0.6350365 0.6277372 0.5693431 0.5839416
0.942029 0.8985507 0.8985507 0.8985507 0.8985507 0.942029 0.942029 0.942029 0.8985507 0.8115942 0.8115942
0.7518248 0.7664234 0.7664234 0.7956204 0.7883212 0.8029197 0.8029197 0.7810219 0.7372263 0.7810219 0.8321168
0.8695652 0.8623188 0.8623188 0.8623188 0.789855 0.789855 0.8115942 0.8550725 0.8623188 0.768116 0.768116
