0.198 0.224 0.326 0.568 0.816 0.902 0.938 0.932 0.936 0.93 0.968
0 0 0 0 0 0 0.072 0.162 0.264 0.278 0.318
0.048 0.094 0.26 0.556 0.796 0.866 0.9 0.922 0.91 0.912 0.918
0 0 0 0 0 0 0.094 0.206 0.27 0.312 0.376
0 0 0 0 0 0.006 0.07 0.248 0.25 0.318 0.4
0.054 0.074 0.14 0.436 0.69 0.802 0.868 0.846 0.876 0.888 0.848
0 0 0 0 0 0.002 0.074 0.19 0.276 0.286 0.394
0.004 0.006 0.046 0.156 0.358 0.38 0.442 0.484 0.514 0.572 0.604
0.036 0.036 0.052 0.212 0.456 0.616 0.71 0.758 0.754 0.78 0.792
0 0 0 0.002 0.024 0.148 0.36 0.562 0.654 0.71 0.8
0.002 0.004 0.02 0.15 0.336 0.43 0.44 0.484 0.558 0.552 0.584
0 0 0 0 0 0.008 0.126 0.27 0.282 0.352 0.454
0.086 0.128 0.264 0.504 0.734 0.85 0.91 0.944 0.93 0.96 0.954
0.028 0.052 0.05 0.054 0.052 0.088 0.306 0.462 0.478 0.542 0.656
0 0 0 0 0 0.006 0.124 0.256 0.296 0.342 0.39
0.068 0.074 0.09 0.182 0.342 0.612 0.812 0.938 0.964 0.968 0.962
0.07 0.124 0.226 0.41 0.66 0.716 0.81 0.824 0.836 0.85 0.846
0.02 0.066 0.224 0.416 0.666 0.778 0.826 0.862 0.888 0.908 0.898
0.008 0.006 0.004 0.006 0.044 0.228 0.428 0.636 0.766 0.8 0.86
0 0 0 0 0 0.008 0.084 0.224 0.374 0.376 0.392
0.12 0.172 0.198 0.288 0.448 0.606 0.798 0.966 0.988 0.982 0.992
0.002 0 0.002 0.018 0.108 0.314 0.524 0.71 0.778 0.796 0.858
0.044 0.102 0.226 0.49 0.74 0.846 0.872 0.88 0.908 0.91 0.902
0 0 0 0 0 0.01 0.116 0.268 0.266 0.34 0.364
0.282 0.326 0.428 0.658 0.834 0.912 0.948 0.97 0.962 0.962 0.968
0.11 0.126 0.262 0.554 0.85 0.952 0.966 0.976 0.98 0.988 0.988
0.138 0.224 0.344 0.624 0.85 0.938 0.95 0.954 0.946 0.976 0.96
0.06 0.078 0.112 0.196 0.368 0.61 0.826 0.95 0.972 0.988 0.976
0.066 0.1 0.124 0.146 0.29 0.444 0.682 0.884 0.918 0.932 0.926
0.068 0.132 0.262 0.604 0.806 0.898 0.94 0.934 0.942 0.936 0.936
0.044 0.04 0.038 0.05 0.042 0.108 0.214 0.346 0.428 0.482 0.454
0.024 0.042 0.062 0.168 0.362 0.39 0.456 0.488 0.522 0.59 0.61
0.13 0.198 0.376 0.692 0.9 0.956 0.976 0.97 0.98 0.984 0.988
0 0 0.004 0.022 0.11 0.268 0.472 0.714 0.756 0.786 0.836
0.044 0.042 0.052 0.132 0.296 0.5 0.738 0.916 0.95 0.954 0.96
0.118 0.12 0.152 0.272 0.408 0.576 0.722 0.882 0.928 0.924 0.934
0.012 0.01 0.012 0.026 0.022 0.028 0.092 0.224 0.304 0.31 0.284
0.056 0.066 0.164 0.466 0.722 0.884 0.938 0.958 0.976 0.956 0.968
0.026 0.032 0.118 0.424 0.688 0.852 0.906 0.912 0.948 0.914 0.938
0.274 0.324 0.426 0.654 0.834 0.906 0.946 0.97 0.962 0.958 0.966
0.034 0.026 0.046 0.088 0.146 0.308 0.506 0.696 0.766 0.764 0.772
0.02 0.008 0.026 0.02 0.02 0.02 0.166 0.286 0.362 0.402 0.406
0.03 0.04 0.088 0.156 0.366 0.558 0.774 0.94 0.968 0.976 0.96
0.012 0.016 0.036 0.102 0.276 0.472 0.68 0.842 0.842 0.888 0.866
0.002 0.002 0.002 0.076 0.218 0.286 0.312 0.32 0.342 0.348 0.316
0.064 0.068 0.104 0.17 0.31 0.544 0.734 0.916 0.976 0.986 0.99
0.012 0.022 0.056 0.128 0.318 0.516 0.698 0.9 0.946 0.954 0.936
0.036 0.04 0.06 0.09 0.118 0.232 0.46 0.666 0.69 0.752 0.752
0 0 0 0 0 0.012 0.132 0.296 0.292 0.38 0.502
0.008 0.006 0.004 0.002 0.002 0 0.084 0.182 0.298 0.356 0.446
0.048 0.094 0.208 0.388 0.644 0.688 0.786 0.802 0.816 0.834 0.83
0.054 0.074 0.14 0.436 0.69 0.802 0.868 0.846 0.876 0.888 0.848
0 0.004 0.002 0.012 0.006 0.008 0.13 0.24 0.284 0.312 0.386
0 0 0 0 0 0 0.086 0.192 0.252 0.296 0.352
0 0.002 0.002 0.022 0.112 0.314 0.526 0.702 0.778 0.8 0.858
0.054 0.07 0.118 0.282 0.474 0.548 0.572 0.626 0.67 0.684 0.708
0.002 0 0.002 0 0 0.006 0.124 0.258 0.298 0.342 0.392
0.062 0.082 0.12 0.172 0.332 0.536 0.724 0.9 0.956 0.964 0.972
0.012 0.018 0.026 0.054 0.162 0.394 0.608 0.744 0.842 0.882 0.904
0.062 0.046 0.052 0.074 0.166 0.308 0.484 0.634 0.702 0.724 0.68
0.002 0 0.002 0.008 0.062 0.228 0.468 0.676 0.736 0.83 0.846
0.166 0.136 0.182 0.216 0.316 0.422 0.636 0.832 0.876 0.9 0.946
0 0 0.006 0.014 0.114 0.286 0.484 0.656 0.746 0.8 0.796
0.02 0.014 0.024 0.026 0.012 0.02 0.138 0.268 0.302 0.358 0.406
0 0.002 0 0 0 0.01 0.116 0.268 0.266 0.34 0.364
0.124 0.182 0.302 0.588 0.816 0.884 0.898 0.91 0.912 0.906 0.92
0 0 0 0 0 0 0.086 0.192 0.252 0.296 0.352
0.114 0.134 0.15 0.188 0.324 0.502 0.686 0.894 0.92 0.932 0.934
0.05 0.04 0.054 0.04 0.048 0.07 0.206 0.346 0.376 0.422 0.51
0.066 0.08 0.124 0.18 0.334 0.54 0.728 0.902 0.958 0.972 0.974
0.038 0.05 0.054 0.142 0.278 0.524 0.714 0.9 0.958 0.97 0.978
0.114 0.18 0.29 0.584 0.808 0.908 0.94 0.954 0.934 0.948 0.942
0.096 0.13 0.178 0.25 0.384 0.558 0.748 0.942 0.956 0.954 0.966
0 0 0 0 0 0.012 0.132 0.296 0.292 0.38 0.502
0.052 0.072 0.208 0.486 0.838 0.94 0.972 0.982 0.982 0.986 0.982
0.062 0.044 0.062 0.15 0.306 0.51 0.754 0.932 0.962 0.98 0.97
0 0 0 0 0.002 0.016 0.14 0.28 0.348 0.404 0.354
0.006 0.004 0.004 0.008 0.004 0.012 0.134 0.276 0.31 0.354 0.402
0 0 0 0 0 0.01 0.094 0.248 0.358 0.382 0.404
0 0 0 0 0 0 0.086 0.192 0.252 0.296 0.352
0 0 0 0 0 0.002 0.074 0.18 0.272 0.276 0.242
0.644 0.588 0.664 0.76 0.956 0.98 0.988 0.974 0.974 0.972 0.982
0.014 0.018 0.012 0.012 0.032 0.17 0.366 0.57 0.668 0.722 0.812
0.052 0.06 0.076 0.162 0.292 0.478 0.496 0.56 0.622 0.57 0.624
0.06 0.078 0.112 0.196 0.368 0.61 0.826 0.95 0.972 0.988 0.974
0 0 0 0 0 0.004 0.08 0.214 0.304 0.318 0.41
0.066 0.086 0.142 0.35 0.672 0.84 0.876 0.894 0.924 0.91 0.928
0.004 0.006 0.008 0.082 0.226 0.298 0.32 0.338 0.346 0.36 0.33
0 0 0 0 0 0.004 0.088 0.21 0.314 0.37 0.468
0.13 0.206 0.362 0.642 0.886 0.954 0.974 0.966 0.98 0.978 0.982
0.08 0.138 0.274 0.562 0.786 0.868 0.914 0.908 0.916 0.918 0.918
0.01 0.004 0.008 0.026 0.088 0.26 0.448 0.678 0.758 0.834 0.852
0.064 0.082 0.124 0.176 0.334 0.538 0.724 0.902 0.956 0.968 0.972
0.11 0.106 0.164 0.322 0.514 0.596 0.634 0.692 0.722 0.73 0.75
0 0 0 0 0.002 0.016 0.14 0.28 0.348 0.404 0.354
0.202 0.22 0.328 0.586 0.832 0.908 0.936 0.944 0.932 0.944 0.964
0.06 0.122 0.27 0.484 0.738 0.834 0.896 0.908 0.916 0.91 0.914
0.044 0.054 0.11 0.16 0.312 0.54 0.726 0.908 0.96 0.972 0.98
0 0 0 0 0 0.01 0.094 0.248 0.358 0.382 0.404
0.02 0.034 0.124 0.46 0.662 0.784 0.79 0.84 0.858 0.836 0.85
0 0 0 0 0.002 0.016 0.14 0.28 0.348 0.404 0.354
0.014 0.022 0.034 0.096 0.208 0.448 0.658 0.834 0.902 0.916 0.936
0 0 0 0 0 0.012 0.132 0.296 0.292 0.38 0.502
0.008 0.022 0.054 0.088 0.242 0.408 0.636 0.844 0.896 0.912 0.902
0.008 0.014 0.02 0.014 0.016 0.03 0.114 0.296 0.336 0.376 0.402
0.072 0.106 0.246 0.482 0.72 0.83 0.898 0.936 0.926 0.95 0.948
0 0 0 0 0 0.002 0.074 0.182 0.276 0.28 0.254
0.098 0.086 0.08 0.106 0.196 0.368 0.59 0.782 0.854 0.9 0.908
0.018 0.028 0.032 0.052 0.148 0.294 0.526 0.754 0.772 0.818 0.85
0.07 0.094 0.096 0.148 0.326 0.512 0.716 0.862 0.86 0.914 0.898
0 0 0.002 0.008 0.052 0.224 0.432 0.578 0.71 0.774 0.804
0.08 0.092 0.146 0.356 0.686 0.846 0.884 0.902 0.932 0.916 0.938
0.084 0.086 0.134 0.122 0.164 0.274 0.418 0.656 0.794 0.826 0.862
0.08 0.124 0.158 0.248 0.442 0.604 0.798 0.958 0.982 0.984 0.982
0.05 0.056 0.07 0.154 0.324 0.584 0.784 0.912 0.938 0.948 0.948
0.094 0.144 0.238 0.444 0.61 0.732 0.766 0.79 0.808 0.814 0.842
0 0.002 0.022 0.13 0.24 0.324 0.344 0.406 0.49 0.484 0.484
0 0 0 0 0 0.01 0.116 0.268 0.266 0.34 0.364
0.218 0.238 0.224 0.212 0.326 0.464 0.638 0.766 0.844 0.794 0.822
0.15 0.152 0.174 0.17 0.188 0.21 0.282 0.426 0.568 0.636 0.702
0.012 0.024 0.032 0.018 0.02 0.028 0.096 0.202 0.294 0.312 0.256
0.022 0.026 0.012 0.022 0.026 0.032 0.164 0.312 0.342 0.376 0.416
0.272 0.296 0.362 0.66 0.778 0.816 0.84 0.826 0.844 0.83 0.798
0.06 0.064 0.074 0.168 0.332 0.588 0.792 0.916 0.942 0.952 0.956
0.232 0.236 0.326 0.526 0.694 0.724 0.708 0.716 0.658 0.672 0.638
0 0 0 0 0 0.006 0.13 0.262 0.29 0.334 0.392
0 0 0.002 0 0 0.006 0.146 0.26 0.336 0.364 0.37
0.056 0.038 0.044 0.072 0.154 0.296 0.484 0.632 0.702 0.724 0.68
0.044 0.04 0.038 0.05 0.042 0.108 0.214 0.346 0.428 0.482 0.454
0.002 0.026 0.118 0.45 0.654 0.762 0.772 0.826 0.852 0.822 0.84
0.002 0.002 0.022 0.13 0.24 0.324 0.344 0.408 0.492 0.486 0.484
0.168 0.216 0.19 0.22 0.354 0.49 0.676 0.81 0.834 0.798 0.79
0.074 0.106 0.1 0.156 0.338 0.506 0.72 0.866 0.868 0.91 0.904
0 0.002 0 0.002 0 0.004 0.088 0.212 0.314 0.37 0.468
0 0 0 0 0 0.004 0.112 0.236 0.276 0.338 0.382
0.042 0.092 0.256 0.552 0.796 0.866 0.9 0.922 0.908 0.91 0.918
0.044 0.08 0.184 0.466 0.754 0.91 0.928 0.932 0.944 0.944 0.954
0.002 0 0 0.018 0.114 0.292 0.53 0.722 0.816 0.862 0.858
0.05 0.064 0.068 0.106 0.224 0.454 0.67 0.84 0.9 0.934 0.95
0.052 0.042 0.048 0.06 0.064 0.126 0.258 0.412 0.51 0.54 0.598
0.088 0.15 0.29 0.506 0.762 0.862 0.904 0.914 0.93 0.93 0.93
0.064 0.072 0.13 0.19 0.338 0.572 0.74 0.92 0.968 0.982 0.986
0.026 0.022 0.05 0.07 0.112 0.218 0.448 0.62 0.702 0.698 0.792
0.002 0.004 0.026 0.16 0.298 0.366 0.45 0.44 0.534 0.572 0.574
0.314 0.338 0.428 0.606 0.844 0.932 0.954 0.946 0.972 0.988 0.97
0 0 0 0.002 0.002 0.002 0.108 0.228 0.314 0.346 0.37
0.028 0.014 0.022 0.034 0.05 0.098 0.262 0.424 0.442 0.468 0.504
0.016 0.004 0.006 0.012 0.06 0.196 0.44 0.67 0.744 0.772 0.842
0 0 0 0 0 0.008 0.126 0.27 0.282 0.352 0.454
0 0 0 0.002 0.002 0.002 0.108 0.228 0.314 0.346 0.37
0.018 0.012 0.018 0.022 0.022 0.038 0.148 0.306 0.312 0.384 0.422
