0.8571429 0.8928571 0.9 0.85 0.85 0.8428571 0.8571429 0.85 0.85 0.7714286 0.7714286
0.1395349 0.1627907 0.1550388 0.1472868 0.1705426 0.1627907 0.1627907 0.1705426 0.1472868 0.1472868 0.1627907
0.7007299 0.7007299 0.7007299 0.6277372 0.620438 0.7153285 0.7080292 0.7153285 0.7007299 0.7153285 0.7080292
0.8721805 0.8947368 0.8421053 0.8270677 0.7293233 0.7142857 0.7142857 0.7142857 0.849624 0.962406 0.8646617
0.05185185 0.05925926 0.05185185 0.05185185 0.05925926 0.05185185 0.03703704 0.05925926 0.05925926 0.05185185 0.05185185
0.8248175 0.8248175 0.8248175 0.8248175 0.839416 0.8248175 0.8248175 0.8248175 0.8248175 0.8248175 0.8248175
0.2868217 0.2945736 0.2945736 0.2945736 0.2945736 0.2868217 0.3023256 0.2945736 0.2868217 0.3953488 0.3953488
0.4210526 0.3308271 0.2180451 0.2180451 0.2180451 0.2255639 0.2255639 0.2255639 0.2255639 0.2255639 0.2255639
0.6131387 0.6131387 0.6131387 0.6569343 0.649635 0.620438 0.620438 0.6131387 0.5474453 0.5474453 0.540146
0.4962406 0.4962406 0.5112782 0.6165414 0.7142857 0.7744361 0.8270677 0.8270677 0.5338346 0.7744361 0.7744361
0.8571429 0.8928571 0.9 0.85 0.85 0.8428571 0.8571429 0.85 0.85 0.7714286 0.7714286
0 0.00729927 0 0 0.00729927 0.00729927 0.00729927 0.00729927 0 0 0
0.6785714 0.6785714 0.6785714 0.6785714 0.6071429 0.6142857 0.6142857 0.6142857 0.5857143 0.6 0.5928571
0.9148936 0.8652482 0.8510638 0.858156 0.858156 0.8510638 0.8156028 0.858156 0.8510638 0.7659574 0.7730496
0.4316547 0.4748201 0.4748201 0.4532374 0.4460432 0.4460432 0.4460432 0.4460432 0.4460432 0.4460432 0.4460432
0.4736842 0.4736842 0.2330827 0.2406015 0.2406015 0.2406015 0.2406015 0.2406015 0.2406015 0.2406015 0.2406015
0.1386861 0.1459854 0.1532847 0.1970803 0.2189781 0.2116788 0.1970803 0.2262774 0.1751825 0.1678832 0.1824818
0.5581395 0.5581395 0.5581395 0.5581395 0.5581395 0.5658915 0.5658915 0.5658915 0.5581395 0.5581395 0.5581395
0.7131783 0.744186 0.7596899 0.7674419 0.7674419 0.7751938 0.7596899 0.7596899 0.7209302 0.8139535 0.8217054
0.2695035 0.2836879 0.2907801 0.2978723 0.2907801 0.2836879 0.2836879 0.2695035 0.2624113 0.2624113 0.2624113
0.5581395 0.5581395 0.5581395 0.5581395 0.5581395 0.5658915 0.5658915 0.5658915 0.5581395 0.5581395 0.5581395
0.45 0.3214286 0.3571429 0.3785714 0.3785714 0.3571429 0.35 0.3428571 0.3428571 0.3214286 0.3428571
0.1428571 0.05263158 0.06766917 0.06766917 0.06015038 0.07518797 0.07518797 0.07518797 0.06015038 0.06766917 0.06766917
0.868217 0.9224806 0.9069767 0.9069767 0.9147287 0.9147287 0.9147287 0.8992248 0.9069767 0.9069767 0.9069767
0.01503759 0.01503759 0.01503759 0.01503759 0 0 0 0 0.01503759 0 0
0.1954887 0.1954887 0.1954887 0.2030075 0.2030075 0.2030075 0.2030075 0.2030075 0.1954887 0.2030075 0.2030075
0.2919708 0.3649635 0.3649635 0.3649635 0.3795620 0.3795620 0.3722628 0.3722628 0.3649635 0.3649635 0.3649635
0.3458647 0.1804511 0.2255639 0.3308271 0.2781955 0.2781955 0.2857143 0.2932331 0.2781955 0.3308271 0.3308271
0.06382979 0.06382979 0.02836879 0 0.02836879 0 0.03546099 0 0 0.007092199 0.08510638
0.3629630 0.4074074 0.4222222 0.2962963 0.2888889 0.2962963 0.2962963 0.2962963 0.3037037 0.3037037 0.3037037
0.08527132 0.08527132 0.0620155 0.0620155 0 0 0 0.0620155 0.0620155 0.0620155 0.0620155
0.4962406 0.5037594 0.4962406 0.4962406 0.4210526 0.4285714 0.3759398 0.3759398 0.4210526 0.4285714 0.3684211
0.2180451 0.2255639 0.2631579 0.2857143 0.2706767 0.3007519 0.2932331 0.2706767 0.2781955 0.3007519 0.2706767
0.2374101 0.3093525 0.3381295 0.381295 0.3884892 0.381295 0.3884892 0.381295 0.3884892 0.3884892 0.381295
0.8592593 0.8814815 0.837037 0.837037 0.837037 0.837037 0.837037 0.837037 0.837037 0.7555556 0.7555556
0.1111111 0.08148148 0.08148148 0.05925926 0.08148148 0.08148148 0.06666667 0.06666667 0.06666667 0.05925926 0.05925926
0.1203008 0.07518797 0.06015038 0.06015038 0.05263158 0.05263158 0.05263158 0.06766917 0.05263158 0.05263158 0.06766917
0.03007519 0.007518797 0 0 0.02255639 0 0 0.01503759 0 0 0
0.6785714 0.6785714 0.6785714 0.6785714 0.6071429 0.6142857 0.6142857 0.6142857 0.5857143 0.6 0.5928571
0.8321168 0.839416 0.890511 0.890511 0.839416 0.8467153 0.8613139 0.8467153 0.8540146 0.8467153 0.8540146
0.4360902 0.4135338 0.4285714 0.4511278 0.4511278 0.4511278 0.4360902 0.4360902 0.4736842 0.4360902 0.4736842
0.2868217 0.2945736 0.2945736 0.2945736 0.2945736 0.2868217 0.3023256 0.2945736 0.2868217 0.3953488 0.3953488
0.45 0.3214286 0.3571429 0.3785714 0.3785714 0.3571429 0.35 0.3428571 0.3428571 0.3214286 0.3428571
0.4296296 0.3703704 0.4 0.4 0.437037 0.3851852 0.4222222 0.437037 0.3703704 0.4222222 0.437037
0.3481481 0.3333333 0.3407407 0.3259259 0.3333333 0.3851852 0.3777778 0.3703704 0.3851852 0.3703704 0.3777778
0.6356589 0.6356589 0.6356589 0.6356589 0.5736434 0.5891473 0.5968992 0.6511628 0.6434109 0.6434109 0.6434109
0.8652482 0.8510638 0.8510638 0.858156 0.858156 0.8510638 0.8014184 0.858156 0.8510638 0.7659574 0.7730496
0.942446 0.9496403 0.884892 0.9568345 0.884892 0.9640288 0.9568345 0.9496403 0.9568345 0.9568345 0.9280576
0.6842105 0.6842105 0.6842105 0.6842105 0.6842105 0.6842105 0.6842105 0.6842105 0.6842105 0.6842105 0.6842105
0.2086331 0.2086331 0.1870504 0.1726619 0.1151079 0.1510791 0.1294964 0.1294964 0.1151079 0.07913669 0.1151079
0.1366906 0.1151079 0.1294964 0.1151079 0.07913669 0.1151079 0.1294964 0.1294964 0.05035971 0.1294964 0.07913669
0.810219 0.7664234 0.7591241 0.7664234 0.7080292 0.7007299 0.7007299 0.7664234 0.7664234 0.7664234 0.6642336
0.913669 0.8417266 0.8417266 0.8561151 0.8489209 0.9064748 0.913669 0.8705036 0.913669 0.9280576 0.971223
0.9407407 0.9407407 0.9555556 0.9555556 0.9481481 0.962963 0.962963 0.962963 0.9555556 0.9185185 0.9111111
0.631579 0.6090226 0.6165414 0.6240602 0.5714286 0.5714286 0.5639098 0.5639098 0.556391 0.556391 0.5714286
0.6589147 0.6666667 0.6589147 0.6511628 0.5813953 0.5813953 0.5813953 0.5813953 0.5891473 0.6356589 0.6356589
0.3065693 0.3430657 0.3649635 0.3430657 0.3503650 0.3430657 0.3430657 0.3649635 0.3503650 0.3649635 0.3430657
0.5185185 0.4 0.3555556 0.3407407 0.3851852 0.3333333 0.3333333 0.3111111 0.3333333 0.3259259 0.3259259
0.5766423 0.5839416 0.5839416 0.5620438 0.5693431 0.5693431 0.5693431 0.5547445 0.5474453 0.5474453 0.5474453
0.2740741 0.2740741 0.2740741 0.2740741 0.2740741 0.2740741 0.2740741 0.2740741 0.2740741 0.2740741 0.2740741
0.6015038 0.5789474 0.5714286 0.5413534 0.518797 0.518797 0.5112782 0.5112782 0.5263158 0.5263158 0.5263158
0.4360902 0.4135338 0.4285714 0.4511278 0.4511278 0.4511278 0.4360902 0.4360902 0.4736842 0.4360902 0.4736842
0.7185185 0.7185185 0.7185185 0.7185185 0.7259259 0.7259259 0.7259259 0.7259259 0.7185185 0.7185185 0.7185185
0.8721805 0.8947368 0.8421053 0.7894737 0.7293233 0.7142857 0.7142857 0.6390977 0.849624 0.8646617 0.8646617
0.08029197 0.1094891 0.06569343 0.1094891 0.1167883 0.1167883 0.1167883 0.1167883 0.1094891 0.1094891 0.1094891
0.8686131 0.8321168 0.890511 0.9416058 0.9562044 0.9562044 0.8832117 0.8832117 0.9635036 0.9124088 0.9124088
0.3488372 0.3178295 0.3178295 0.3178295 0.3178295 0.3178295 0.3255814 0.3178295 0.3178295 0.2868217 0.2868217
0.9064748 0.8345324 0.8417266 0.8561151 0.8489209 0.9064748 0.913669 0.8705036 0.913669 0.9280576 0.971223
0.5111111 0.5259259 0.5259259 0.5333333 0.5259259 0.5185185 0.5185185 0.5259259 0.5333333 0.5333333 0.5037037
0.3629630 0.3333333 0.3407407 0.3555556 0.3333333 0.3851852 0.3777778 0.3703704 0.3851852 0.3703704 0.3777778
0.4586466 0.4586466 0.3308271 0.2030075 0.2180451 0.1729323 0.1654135 0.2030075 0.1654135 0.1503759 0.1729323
0.45 0.3214286 0.3428571 0.3857143 0.3785714 0.3571429 0.35 0.3428571 0.3428571 0.3214286 0.3428571
0.7185185 0.7185185 0.7185185 0.7185185 0.7259259 0.7259259 0.7259259 0.7259259 0.7185185 0.7185185 0.7185185
0.1203008 0.1127820 0.09774436 0.1052632 0.09022556 0.08270677 0.09774436 0.1052632 0.1127820 0.1127820 0.1127820
0.3798450 0.4031008 0.4031008 0.4031008 0.4031008 0.4108527 0.4108527 0.4031008 0.4031008 0.372093 0.3333333
0.7218045 0.7593985 0.7669173 0.7744361 0.81203 0.7819549 0.7744361 0.7744361 0.7518797 0.6917293 0.6917293
0.7357143 0.7357143 0.7357143 0.7428571 0.7428571 0.7428571 0.7428571 0.7428571 0.8142857 0.7357143 0.7357143
0.7593985 0.7368421 0.7593985 0.7819549 0.7894737 0.7819549 0.7819549 0.7819549 0.7443609 0.8195489 0.81203
0.8796992 0.9022556 0.8947368 0.8796992 0.9022556 0.9097744 0.9097744 0.9022556 0.9022556 0.8646617 0.8646617
0.7407407 0.7259259 0.7259259 0.7259259 0.7185185 0.7185185 0.7185185 0.7185185 0.7259259 0.762963 0.8148148
0 0 0 0 0 0 0 0 0 0 0
0.631579 0.6240602 0.6015038 0.556391 0.5714286 0.6090226 0.6240602 0.6842105 0.5789474 0.6090226 0.5864662
0.2868217 0.2945736 0.2945736 0.2945736 0.2945736 0.2868217 0.3023256 0.2945736 0.2868217 0.3953488 0.3953488
0.5333333 0.5259259 0.5259259 0.5407407 0.5259259 0.5185185 0.5407407 0.5259259 0.5333333 0.5333333 0.5407407
0.8439716 0.8439716 0.8439716 0.8439716 0.8439716 0.8439716 0.7801418 0.8439716 0.8439716 0.7588652 0.7588652
0.496124 0.5271318 0.5271318 0.5271318 0.5271318 0.5348837 0.5348837 0.5348837 0.5193798 0.5193798 0.5193798
0.2074074 0.2074074 0.2222222 0.2370370 0.2370370 0.2370370 0.2370370 0.2370370 0.2370370 0.2370370 0.2370370
0.2868217 0.2945736 0.2945736 0.2945736 0.2945736 0.2868217 0.3023256 0.2945736 0.2868217 0.3953488 0.3953488
0.7737226 0.7737226 0.7737226 0.7737226 0.7737226 0.7737226 0.7664234 0.7737226 0.7737226 0.7737226 0.7664234
0.0620155 0.0620155 0.0620155 0.0620155 0 0 0 0.0620155 0.0620155 0.0620155 0.0620155
0.2335766 0.2335766 0.2627737 0.2627737 0.2773723 0.2773723 0.2846715 0.2773723 0.2627737 0.2773723 0.270073
0.1605839 0.1094891 0.1021898 0.1167883 0.1167883 0.1021898 0.1021898 0.09489051 0.09489051 0.09489051 0.1094891
0.868217 0.8449612 0.8294574 0.8294574 0.8449612 0.8294574 0.8294574 0.8217054 0.8217054 0.7596899 0.744186
0.2411348 0.2411348 0.1773050 0 0.07801418 0.07801418 0.007092199 0.09219858 0.07801418 0.007092199 0.007092199
0.4962406 0.4962406 0.4962406 0.5263158 0.7142857 0.7593985 0.7819549 0.7819549 0.5263158 0.7669173 0.7744361
0.5426357 0.4728682 0.5116279 0.503876 0.503876 0.5116279 0.5116279 0.5116279 0.503876 0.503876 0.503876
0.7218045 0.7593985 0.7744361 0.7894737 0.8421053 0.7969925 0.7819549 0.7819549 0.7518797 0.6917293 0.6917293
0.2285714 0.2285714 0.2428571 0.1857143 0.1642857 0.2 0.1785714 0.1714286 0.1714286 0.2428571 0.2
0.1860465 0.1860465 0.1860465 0.1860465 0.1860465 0.1860465 0.1860465 0.1860465 0.1860465 0.1860465 0.1860465
0.06666667 0.06666667 0.08888889 0.1037037 0.1333333 0.1037037 0.1333333 0.1037037 0.1407407 0.1333333 0.1037037
0.7407407 0.7407407 0.7481481 0.7555556 0.7555556 0.7555556 0.7555556 0.7555556 0.7333333 0.762963 0.8148148
0.1366906 0.1366906 0.1438849 0.1366906 0.1726619 0.1438849 0.1582734 0.1870504 0.1654676 0.1654676 0.1582734
0.7703704 0.7555556 0.7703704 0.7851852 0.7925926 0.7851852 0.7851852 0.7851852 0.7407407 0.762963 0.8148148
0.4357143 0.3714286 0.3285714 0.35 0.3857143 0.3928571 0.3785714 0.3857143 0.3642857 0.3642857 0.3642857
0.7518248 0.7518248 0.7518248 0.7518248 0.7518248 0.7518248 0.7518248 0.7518248 0.7445255 0.729927 0.7226277
0.5474453 0.5474453 0.5036496 0.5109489 0.5182482 0.4890511 0.5036496 0.4963504 0.4963504 0.4963504 0.4963504
0.7571429 0.7428571 0.75 0.75 0.75 0.75 0.75 0.75 0.7357143 0.8142857 0.8142857
0.06766917 0.1203008 0.1203008 0.1203008 0.1203008 0.1503759 0.1428571 0.1428571 0.1428571 0.1428571 0.1428571
0.9407407 0.874074 0.9407407 0.962963 0.9481481 0.9481481 0.9555556 0.9555556 0.962963 0.9481481 0.8888889
0.6518519 0.6296296 0.6148148 0.637037 0.6296296 0.6222222 0.6222222 0.6222222 0.637037 0.6296296 0.6222222
0.5693431 0.5620438 0.5620438 0.5766423 0.5912409 0.5182482 0.5547445 0.540146 0.5109489 0.5109489 0.5109489
0.4148148 0.4592593 0.4814815 0.5037037 0.4888889 0.4888889 0.4888889 0.5037037 0.4814815 0.4814815 0.4592593
0.5581395 0.5581395 0.5581395 0.5581395 0.5581395 0.5658915 0.5658915 0.5658915 0.5581395 0.5581395 0.5581395
0.1629630 0.1629630 0.1407407 0.1407407 0.1185185 0.1185185 0.1259259 0.1259259 0.1037037 0.1259259 0.1259259
0.6356589 0.6356589 0.6356589 0.6356589 0.5736434 0.5891473 0.5968992 0.6511628 0.6434109 0.6434109 0.6434109
0.2127660 0.2127660 0.1914894 0.1205674 0.07801418 0.08510638 0.04255319 0.07092199 0.07801418 0.07801418 0.02836879
0.4671533 0.3576642 0.2627737 0.2554745 0.270073 0.270073 0.270073 0.270073 0.2627737 0.2627737 0.2627737
0.8222222 0.8888889 0.8444444 0.9111111 0.837037 0.837037 0.837037 0.8296296 0.837037 0.837037 0.762963
0.2627737 0.2992701 0.3138686 0.4087591 0.4379562 0.4452555 0.4379562 0.4306569 0.4452555 0.4452555 0.459854
0.8345865 0.8947368 0.8947368 0.8947368 0.8947368 0.8947368 0.8947368 0.9097744 0.9097744 0.9548872 0.962406
0.8321168 0.839416 0.890511 0.890511 0.839416 0.8467153 0.8613139 0.8467153 0.8540146 0.8467153 0.8540146
0.8666667 0.8444444 0.8444444 0.8962963 0.8444444 0.9333333 0.8962963 0.9037037 0.9407407 0.9555556 0.9555556
0.07801418 0.09929078 0.1063830 0.1489362 0.1773050 0.1773050 0.1843972 0.1773050 0.1773050 0.1773050 0.1773050
0.6296296 0.6074074 0.6074074 0.6148148 0.6296296 0.637037 0.6 0.6222222 0.6074074 0.562963 0.5703704
0.3722628 0.4233577 0.4233577 0.4233577 0.4306569 0.4306569 0.4306569 0.4306569 0.4233577 0.4233577 0.4233577
0.02189781 0.02919708 0.02919708 0.02919708 0.03649635 0.02919708 0.02919708 0.03649635 0.02919708 0.02919708 0.02919708
0.6618705 0.6618705 0.5827338 0.5827338 0.5827338 0.5467626 0.5467626 0.5827338 0.5683453 0.5251799 0.5251799
0.76259 0.76259 0.76259 0.76259 0.7697842 0.76259 0.76259 0.76259 0.7410072 0.7769784 0.8273381
0.2814815 0.4 0.4222222 0.4 0.4148148 0.4222222 0.3925926 0.4074074 0.4074074 0.3925926 0.3925926
0.6842105 0.6842105 0.6842105 0.6842105 0.6842105 0.6842105 0.6842105 0.6842105 0.6842105 0.6842105 0.6842105
0.1582734 0.1582734 0.1582734 0.1582734 0.1870504 0.1726619 0.1798561 0.1942446 0.1870504 0.1870504 0.1870504
0.4962406 0.4962406 0.4962406 0.5263158 0.7142857 0.7669173 0.7819549 0.7819549 0.5263158 0.7669173 0.7744361
0.2370370 0.3777778 0.4222222 0.4592593 0.4962963 0.4666667 0.4222222 0.437037 0.437037 0.437037 0.4148148
0.3259259 0.4814815 0.4962963 0.4814815 0.4962963 0.4962963 0.4962963 0.4740741 0.4592593 0.4592593 0.4666667
0.7368421 0.81203 0.81203 0.7518797 0.7443609 0.7443609 0.7518797 0.7518797 0.81203 0.7368421 0.7368421
0.1333333 0.1703704 0.1703704 0.1703704 0.1703704 0.1703704 0.1703704 0.1703704 0.1703704 0.1703704 0.1703704
0.07518797 0.06015038 0.05263158 0.05263158 0.04511278 0.05263158 0.05263158 0.05263158 0.05263158 0.04511278 0.05263158
0.6312057 0.6241135 0.6170213 0.6312057 0.6170213 0.6099291 0.6241135 0.6312057 0.6170213 0.6099291 0.6170213
0.3284672 0.2919708 0.3357664 0.3357664 0.3211679 0.3138686 0.3430657 0.3576642 0.3357664 0.3284672 0.3357664
0.2517986 0.3309353 0.4100719 0.4388489 0.4676259 0.4676259 0.4676259 0.4676259 0.4676259 0.4676259 0.4676259
0.5693431 0.5912409 0.5912409 0.5474453 0.5474453 0.540146 0.5547445 0.5474453 0.5328467 0.5328467 0.5255474
0.08759124 0.05109489 0.08029197 0.0729927 0.08029197 0.08029197 0.08759124 0.0729927 0.06569343 0.0729927 0.08029197
0.5333333 0.5259259 0.5259259 0.5407407 0.5259259 0.5185185 0.5407407 0.5259259 0.5333333 0.5333333 0.5407407
0.5338346 0.518797 0.5338346 0.556391 0.6240602 0.6240602 0.6240602 0.6240602 0.6165414 0.6090226 0.6090226
0.03649635 0.03649635 0.03649635 0.03649635 0.03649635 0.03649635 0.03649635 0.03649635 0.03649635 0.03649635 0.03649635
0.7131783 0.744186 0.7596899 0.7674419 0.7674419 0.7751938 0.7596899 0.7596899 0.7209302 0.8139535 0.8217054
0.7259259 0.7259259 0.7333333 0.7333333 0.7333333 0.7333333 0.7333333 0.7333333 0.8074074 0.7259259 0.7259259
0.631579 0.6090226 0.6165414 0.6240602 0.5714286 0.5714286 0.5639098 0.5639098 0.556391 0.556391 0.5714286
0.9148936 0.893617 0.9148936 0.9432624 0.893617 0.9432624 0.9432624 0.9432624 0.9432624 0.893617 0.893617
0.7593985 0.7368421 0.7593985 0.7819549 0.7894737 0.7819549 0.7819549 0.7819549 0.7443609 0.8195489 0.81203
0.7737226 0.7883212 0.7810219 0.7883212 0.7810219 0.7737226 0.7664234 0.7737226 0.7737226 0.7737226 0.7664234
