0.182 0.232 0.256 0.508 0.764 0.862 0.93 0.934 0.948 0.942 0.964
0 0 0 0 0 0 0.068 0.204 0.276 0.302 0.358
0.04 0.068 0.18 0.488 0.75 0.846 0.896 0.904 0.892 0.894 0.918
0 0 0 0 0 0.008 0.064 0.222 0.324 0.368 0.454
0.002 0 0 0.002 0.002 0.002 0.052 0.198 0.26 0.274 0.412
0.226 0.24 0.394 0.544 0.796 0.898 0.94 0.926 0.946 0.952 0.966
0 0 0 0 0 0.008 0.124 0.238 0.288 0.388 0.46
0.002 0.008 0.042 0.192 0.284 0.372 0.338 0.422 0.476 0.488 0.472
0.042 0.054 0.106 0.278 0.516 0.65 0.754 0.782 0.77 0.832 0.816
0.002 0.004 0.006 0.018 0.072 0.336 0.502 0.752 0.78 0.814 0.862
0.002 0.008 0.042 0.192 0.284 0.372 0.338 0.422 0.476 0.488 0.472
0 0 0 0 0 0.006 0.12 0.222 0.198 0.278 0.266
0.1 0.118 0.236 0.566 0.768 0.85 0.888 0.922 0.932 0.932 0.922
0.052 0.058 0.082 0.092 0.106 0.19 0.326 0.522 0.526 0.546 0.616
0 0 0 0 0 0.008 0.116 0.254 0.31 0.358 0.406
0.06 0.056 0.104 0.172 0.352 0.562 0.724 0.912 0.93 0.936 0.966
0.05 0.05 0.102 0.246 0.51 0.71 0.784 0.788 0.814 0.81 0.848
0.038 0.046 0.178 0.428 0.712 0.85 0.89 0.918 0.892 0.914 0.946
0.004 0.008 0.004 0.006 0.066 0.2 0.392 0.62 0.746 0.788 0.8
0 0 0 0 0.002 0.004 0.11 0.302 0.294 0.374 0.376
0.092 0.102 0.164 0.24 0.406 0.582 0.762 0.936 0.978 0.98 0.988
0.002 0 0.002 0.002 0.066 0.202 0.392 0.616 0.744 0.784 0.798
0.132 0.178 0.294 0.6 0.824 0.914 0.92 0.936 0.938 0.948 0.93
0 0 0 0 0 0.006 0.12 0.222 0.198 0.278 0.266
0.38 0.398 0.472 0.654 0.886 0.968 0.988 0.988 0.994 0.988 0.996
0.162 0.158 0.25 0.536 0.828 0.928 0.968 0.974 0.984 0.978 0.982
0.132 0.176 0.294 0.6 0.824 0.914 0.92 0.936 0.938 0.948 0.93
0.068 0.112 0.134 0.228 0.426 0.618 0.836 0.95 0.982 0.992 0.988
0.088 0.1 0.146 0.174 0.364 0.602 0.766 0.92 0.926 0.956 0.964
0.09 0.144 0.272 0.578 0.838 0.912 0.936 0.95 0.962 0.946 0.936
0.012 0.018 0.016 0.026 0.034 0.046 0.148 0.35 0.412 0.46 0.534
0.03 0.022 0.052 0.204 0.374 0.42 0.508 0.532 0.598 0.61 0.62
0.12 0.176 0.392 0.658 0.938 0.97 0.974 0.974 0.97 0.99 0.978
0 0 0 0.008 0.072 0.328 0.502 0.754 0.784 0.814 0.854
0.09 0.106 0.136 0.184 0.386 0.574 0.786 0.904 0.96 0.958 0.968
0.204 0.198 0.186 0.266 0.404 0.582 0.748 0.904 0.906 0.932 0.916
0.012 0.002 0.02 0.016 0.014 0.016 0.104 0.27 0.336 0.318 0.442
0.052 0.07 0.214 0.388 0.728 0.88 0.924 0.962 0.97 0.95 0.974
0.078 0.1 0.202 0.458 0.764 0.86 0.926 0.936 0.95 0.94 0.96
0.418 0.48 0.522 0.742 0.914 0.97 0.976 0.972 0.99 0.982 0.984
0.048 0.068 0.09 0.09 0.172 0.3 0.474 0.626 0.726 0.768 0.8
0.02 0.014 0.022 0.026 0.03 0.024 0.14 0.282 0.35 0.368 0.416
0.044 0.064 0.116 0.14 0.27 0.472 0.628 0.866 0.93 0.946 0.954
0.02 0.026 0.032 0.102 0.29 0.504 0.706 0.866 0.9 0.924 0.94
0 0.004 0.028 0.096 0.254 0.3 0.318 0.324 0.322 0.31 0.326
0.014 0.026 0.02 0.05 0.166 0.372 0.568 0.808 0.91 0.93 0.954
0.022 0.012 0.042 0.126 0.294 0.548 0.764 0.892 0.928 0.962 0.966
0.026 0.032 0.05 0.06 0.122 0.296 0.476 0.674 0.734 0.724 0.772
0 0 0 0 0 0.002 0.092 0.254 0.346 0.324 0.462
0.01 0.002 0 0.006 0.006 0.004 0.054 0.202 0.268 0.282 0.422
0.114 0.15 0.194 0.456 0.72 0.818 0.88 0.898 0.9 0.902 0.934
0.022 0.03 0.11 0.29 0.654 0.744 0.792 0.834 0.854 0.858 0.87
0.006 0.004 0.002 0.008 0.002 0.008 0.124 0.226 0.198 0.284 0.266
0 0 0 0 0.002 0.006 0.12 0.222 0.198 0.278 0.266
0.002 0.002 0.002 0.01 0.074 0.24 0.478 0.734 0.764 0.784 0.876
0.02 0.022 0.062 0.15 0.364 0.534 0.576 0.598 0.662 0.668 0.648
0.064 0.062 0.066 0.08 0.07 0.102 0.226 0.422 0.428 0.45 0.5
0.012 0.016 0.012 0.09 0.26 0.52 0.736 0.884 0.918 0.936 0.952
0.01 0.024 0.026 0.062 0.142 0.334 0.57 0.782 0.852 0.9 0.906
0.168 0.16 0.142 0.226 0.342 0.49 0.69 0.816 0.888 0.872 0.896
0 0.004 0 0.022 0.104 0.28 0.498 0.672 0.782 0.826 0.838
0.114 0.114 0.112 0.138 0.186 0.308 0.512 0.714 0.816 0.872 0.878
0 0.002 0.004 0.022 0.128 0.314 0.478 0.74 0.834 0.838 0.888
0.008 0.022 0.02 0.034 0.018 0.02 0.144 0.236 0.278 0.352 0.41
0 0 0 0 0.002 0 0.068 0.206 0.276 0.302 0.358
0.09 0.122 0.224 0.48 0.734 0.784 0.878 0.846 0.878 0.876 0.878
0 0 0 0 0 0.008 0.124 0.238 0.288 0.388 0.46
0.176 0.18 0.186 0.176 0.304 0.506 0.724 0.842 0.952 0.954 0.972
0.042 0.058 0.076 0.08 0.074 0.064 0.162 0.346 0.354 0.402 0.47
0.01 0.012 0.046 0.09 0.238 0.446 0.664 0.846 0.918 0.922 0.92
0.024 0.038 0.024 0.068 0.174 0.37 0.57 0.814 0.918 0.934 0.952
0.2 0.232 0.276 0.528 0.808 0.896 0.958 0.968 0.968 0.964 0.974
0.1 0.098 0.12 0.206 0.332 0.562 0.762 0.906 0.954 0.946 0.978
0 0 0 0 0 0.006 0.132 0.242 0.294 0.386 0.43
0.052 0.07 0.216 0.39 0.728 0.88 0.924 0.962 0.97 0.952 0.974
0.014 0.02 0.018 0.046 0.164 0.372 0.566 0.806 0.91 0.93 0.954
0 0 0 0 0 0.006 0.118 0.22 0.194 0.264 0.228
0.082 0.078 0.06 0.07 0.056 0.104 0.242 0.402 0.456 0.47 0.516
0 0 0 0 0 0.006 0.114 0.278 0.35 0.384 0.398
0 0 0 0 0 0.006 0.12 0.222 0.198 0.278 0.266
0 0 0 0.002 0.004 0.014 0.138 0.286 0.354 0.398 0.392
0.624 0.598 0.614 0.808 0.906 0.98 0.984 0.978 0.986 0.968 0.972
0.02 0.016 0.016 0.018 0.03 0.128 0.336 0.582 0.664 0.684 0.798
0.046 0.054 0.084 0.23 0.32 0.418 0.384 0.47 0.512 0.528 0.514
0.016 0.044 0.042 0.05 0.178 0.35 0.538 0.776 0.878 0.876 0.918
0 0 0 0.002 0 0.004 0.104 0.224 0.278 0.314 0.396
0.124 0.148 0.196 0.378 0.676 0.85 0.894 0.9 0.91 0.914 0.964
0.002 0.016 0.034 0.104 0.26 0.308 0.324 0.334 0.336 0.322 0.342
0 0 0 0 0 0.008 0.116 0.254 0.31 0.358 0.406
0.092 0.164 0.302 0.582 0.854 0.934 0.966 0.962 0.962 0.944 0.97
0.044 0.058 0.15 0.41 0.708 0.792 0.876 0.886 0.896 0.904 0.922
0.01 0.012 0.016 0.02 0.09 0.288 0.51 0.688 0.78 0.82 0.884
0.02 0.044 0.066 0.136 0.32 0.544 0.766 0.888 0.944 0.954 0.962
0.122 0.098 0.142 0.332 0.556 0.578 0.66 0.702 0.776 0.77 0.796
0 0 0 0 0.002 0.004 0.11 0.302 0.294 0.374 0.376
0.11 0.188 0.312 0.52 0.78 0.868 0.904 0.924 0.898 0.926 0.926
0.068 0.078 0.182 0.504 0.748 0.864 0.862 0.902 0.896 0.908 0.888
0.034 0.02 0.018 0.054 0.172 0.374 0.582 0.824 0.914 0.93 0.948
0 0 0 0.002 0.004 0.014 0.138 0.286 0.352 0.398 0.392
0.022 0.036 0.166 0.414 0.706 0.832 0.886 0.912 0.89 0.902 0.94
0 0 0 0 0 0.006 0.1 0.272 0.3 0.34 0.38
0.024 0.042 0.04 0.078 0.24 0.458 0.69 0.86 0.918 0.92 0.94
0 0 0 0 0 0.002 0.092 0.254 0.346 0.324 0.462
0.01 0.024 0.01 0.06 0.17 0.332 0.538 0.806 0.908 0.932 0.932
0.044 0.038 0.048 0.052 0.056 0.06 0.226 0.35 0.4 0.504 0.578
0.086 0.09 0.236 0.408 0.708 0.87 0.894 0.922 0.934 0.928 0.94
0 0 0 0 0 0.006 0.058 0.204 0.302 0.342 0.446
0.07 0.084 0.076 0.108 0.16 0.416 0.554 0.802 0.834 0.862 0.892
0.008 0.006 0.006 0.022 0.082 0.278 0.508 0.68 0.762 0.804 0.878
0.016 0.008 0.034 0.08 0.202 0.384 0.612 0.732 0.802 0.8 0.818
0 0 0 0.01 0.076 0.244 0.482 0.73 0.77 0.776 0.862
0.176 0.208 0.254 0.504 0.804 0.896 0.962 0.936 0.956 0.954 0.962
0.114 0.114 0.112 0.138 0.186 0.308 0.512 0.714 0.818 0.872 0.878
0.088 0.086 0.128 0.252 0.418 0.634 0.836 0.948 0.98 0.986 0.976
0.032 0.044 0.074 0.162 0.328 0.524 0.694 0.878 0.904 0.896 0.936
0.088 0.136 0.204 0.404 0.598 0.672 0.76 0.788 0.768 0.828 0.82
0.006 0.006 0.028 0.138 0.312 0.386 0.474 0.544 0.57 0.616 0.576
0 0 0 0 0 0 0.09 0.248 0.312 0.3 0.426
0.24 0.214 0.222 0.266 0.406 0.542 0.696 0.798 0.81 0.784 0.798
0.126 0.138 0.154 0.16 0.172 0.196 0.322 0.49 0.544 0.596 0.658
0.01 0.008 0.018 0.016 0.01 0.022 0.14 0.244 0.216 0.286 0.26
0.044 0.038 0.048 0.052 0.056 0.06 0.226 0.35 0.4 0.504 0.578
0.222 0.284 0.292 0.498 0.712 0.742 0.738 0.716 0.648 0.576 0.604
0.042 0.042 0.052 0.12 0.3 0.516 0.722 0.88 0.912 0.934 0.946
0.222 0.284 0.292 0.498 0.712 0.742 0.738 0.716 0.648 0.576 0.604
0 0 0 0 0 0.008 0.126 0.242 0.226 0.308 0.3
0 0 0.002 0 0 0.016 0.17 0.304 0.334 0.428 0.504
0.076 0.054 0.07 0.104 0.234 0.416 0.628 0.744 0.818 0.814 0.828
0.152 0.166 0.154 0.174 0.196 0.264 0.472 0.658 0.77 0.794 0.824
0.01 0.042 0.16 0.424 0.696 0.738 0.85 0.806 0.848 0.86 0.854
0.002 0.008 0.042 0.192 0.288 0.374 0.34 0.42 0.476 0.488 0.47
0.216 0.184 0.182 0.232 0.384 0.526 0.664 0.786 0.812 0.79 0.776
0.112 0.14 0.158 0.24 0.386 0.576 0.732 0.898 0.92 0.918 0.932
0 0 0 0 0 0 0.068 0.204 0.276 0.302 0.358
0 0 0 0 0 0.008 0.124 0.238 0.288 0.388 0.46
0.018 0.034 0.164 0.408 0.7 0.83 0.878 0.906 0.884 0.9 0.936
0.054 0.106 0.264 0.522 0.836 0.884 0.936 0.956 0.952 0.956 0.944
0.006 0.004 0 0.006 0.05 0.206 0.41 0.648 0.754 0.82 0.848
0.02 0.05 0.026 0.074 0.182 0.344 0.546 0.808 0.91 0.936 0.938
0.044 0.066 0.052 0.058 0.062 0.12 0.232 0.41 0.542 0.534 0.644
0.04 0.074 0.256 0.55 0.818 0.88 0.858 0.884 0.892 0.908 0.896
0.116 0.112 0.192 0.258 0.404 0.67 0.806 0.952 0.982 0.988 0.988
0.008 0.026 0.034 0.02 0.036 0.074 0.18 0.398 0.444 0.506 0.55
0 0.004 0.028 0.096 0.254 0.3 0.318 0.324 0.322 0.31 0.326
0.454 0.46 0.512 0.714 0.87 0.948 0.958 0.97 0.976 0.974 0.966
0 0 0 0 0.002 0.004 0.086 0.234 0.324 0.376 0.408
0.018 0.034 0.03 0.022 0.048 0.102 0.248 0.392 0.466 0.532 0.58
0.006 0.004 0.018 0.032 0.11 0.294 0.51 0.688 0.784 0.826 0.844
0 0 0 0 0 0 0.09 0.248 0.312 0.3 0.426
0 0 0.002 0 0 0.016 0.168 0.304 0.334 0.428 0.502
0.022 0.014 0.018 0.024 0.026 0.014 0.146 0.256 0.304 0.392 0.438
