0.1521739 0.1159420 0.1304348 0.1449275 0.1666667 0.1666667 0.1376812 0.2028986 0.2173913 0.2101449 0.2536232
0.7286822 0.7131783 0.7286822 0.7674419 0.7596899 0.9069767 0.8914729 0.875969 0.9147287 0.8449612 0.9069767
0.1956522 0.3260870 0.2173913 0.1521739 0.1594203 0.1304348 0.1666667 0.2391304 0.3043478 0.3115942 0.2246377
0.7368421 0.6917293 0.7518797 0.7819549 0.7744361 0.849624 0.8947368 0.8796992 0.8571429 0.8796992 0.8796992
0.7941176 0.7352941 0.7279412 0.7941176 0.8455882 0.9632353 0.9485294 0.9338235 0.9632353 0.9264706 0.9117647
0.0620155 0.0620155 0.0620155 0.03875969 0.06976744 0.0620155 0.06976744 0.1162791 0.1550388 0.1937984 0.1472868
0.7941176 0.7352941 0.7279412 0.7941176 0.8455882 0.9632353 0.9558824 0.9411765 0.9632353 0.9264706 0.9117647
0.3956835 0.6546763 0.5107914 0.3453237 0.3453237 0.4532374 0.5971223 0.6618705 0.6546763 0.6618705 0.6690647
0.4592593 0.4592593 0.4962963 0.4 0.2962963 0.2962963 0.3925926 0.4740741 0.5037037 0.4518519 0.562963
0.6766917 0.6390977 0.6992481 0.7293233 0.6766917 0.6466165 0.5864662 0.5338346 0.5037594 0.5037594 0.4661654
0.5294118 0.7352941 0.617647 0.4632353 0.4485294 0.5147059 0.625 0.6838235 0.6544118 0.6764706 0.6691176
0.7384615 0.6461538 0.7153846 0.7230769 0.7538462 0.9076923 0.9461538 0.9307692 0.876923 0.9 0.9076923
0.1666667 0.2391304 0.1666667 0.1449275 0.1376812 0.1304348 0.1304348 0.1666667 0.2536232 0.2681159 0.2101449
0.5827338 0.4460432 0.5251799 0.6043165 0.6258993 0.6834532 0.6834532 0.676259 0.6546763 0.6618705 0.647482
0.733813 0.6978417 0.7194245 0.7410072 0.7697842 0.7913669 0.8345324 0.8489209 0.7985612 0.8920863 0.7553957
0.4558824 0.3602941 0.5441176 0.4632353 0.4705882 0.3602941 0.3235294 0.1911765 0.1617647 0.1691176 0.1470588
0.06716418 0.08208955 0.06716418 0.04477612 0.03731343 0.05223881 0.05223881 0.06716418 0.08955224 0.1716418 0.1567164
0.1729323 0.2631579 0.1879699 0.1654135 0.1879699 0.1578947 0.1654135 0.3233083 0.2481203 0.3759398 0.3308271
0.7054264 0.7131783 0.6744186 0.6744186 0.6666667 0.6434109 0.5968992 0.5426357 0.5658915 0.5271318 0.503876
0.7286822 0.7131783 0.7286822 0.7674419 0.7596899 0.8217054 0.8062016 0.7829457 0.7364341 0.7364341 0.7596899
0.3037037 0.2444444 0.2444444 0.4 0.3111111 0.3703704 0.2888889 0.0962963 0.08888889 0.03703704 0.05925926
0.7259259 0.6814815 0.7333333 0.7333333 0.6666667 0.6296296 0.6222222 0.5777778 0.5481481 0.5407407 0.562963
0.2518519 0.3481481 0.3185185 0.1925926 0.1555556 0.1925926 0.2 0.3555556 0.3629630 0.3259259 0.4
0.7537313 0.7238806 0.738806 0.7462687 0.8432836 0.8955224 0.9701493 0.9402985 0.9402985 0.8358209 0.8432836
0.007751938 0.007751938 0.007751938 0.007751938 0.007751938 0.01550388 0.007751938 0.007751938 0.03875969 0 0.0620155
0.05426357 0.06976744 0.02325581 0.01550388 0.02325581 0.03100775 0.007751938 0.02325581 0.0620155 0.0620155 0.0620155
0.07518797 0.09774436 0.08270677 0.06015038 0.06015038 0.04511278 0.08270677 0.06015038 0.1503759 0.1503759 0.09774436
0.3475177 0.2765957 0.3191489 0.3404255 0.3475177 0.3049645 0.2836879 0.09219858 0.1063830 0.06382979 0.02127660
0.2740741 0.2148148 0.2222222 0.2962963 0.3703704 0.3703704 0.3111111 0.1481481 0.1703704 0.1555556 0.1259259
0.07462687 0.1567164 0.08208955 0.06716418 0.05223881 0.05970149 0.05223881 0.06716418 0.1119403 0.1044776 0.1417910
0.6641791 0.6567164 0.7089552 0.641791 0.7686567 0.7014925 0.6791045 0.6940299 0.6940299 0.6865672 0.6865672
0.3358209 0.3358209 0.3656716 0.2985075 0.2686567 0.3507463 0.4626866 0.5970149 0.6119403 0.6044776 0.6119403
0.07194245 0.1079137 0.07194245 0.07194245 0.07194245 0.007194245 0 0.04316547 0.05755396 0.02877698 0.04316547
0.7569444 0.7430556 0.7569444 0.7569444 0.6527778 0.625 0.5555556 0.5902778 0.5138889 0.5069444 0.5208333
0.2713178 0.2635659 0.248062 0.2790698 0.2868217 0.2635659 0.2170543 0.1162791 0.1162791 0.1162791 0.06976744
0.2740741 0.1555556 0.2148148 0.3185185 0.3111111 0.3333333 0.3259259 0.2888889 0.2296296 0.2444444 0.2740741
0.6521739 0.6304348 0.7028986 0.673913 0.7463768 0.7826087 0.8115942 0.884058 0.8478261 0.8913043 0.7971014
0.0962963 0.1777778 0.1481481 0.08148148 0.06666667 0.04444444 0.01481481 0.02222222 0 0.03703704 0.03703704
0.1376812 0.2536232 0.1666667 0.1449275 0.1014493 0.07246377 0.1304348 0.1304348 0.1811594 0.2246377 0.1811594
0.007092199 0.007092199 0.007092199 0.007092199 0.007092199 0.01418440 0 0.007092199 0.03546099 0.02836879 0.02836879
0.5223881 0.3880597 0.4925373 0.5447761 0.5820896 0.6492537 0.6641791 0.6567164 0.6567164 0.6492537 0.6567164
0.7259259 0.5925926 0.6148148 0.7111111 0.7407407 0.7481481 0.7555556 0.7481481 0.7555556 0.7777778 0.8888889
0.3308824 0.3529412 0.3088235 0.3897059 0.3014706 0.3235294 0.2867647 0.1617647 0.1323529 0.0882353 0.1102941
0.4814815 0.5407407 0.4888889 0.4444444 0.4222222 0.4 0.3703704 0.3481481 0.3629630 0.3407407 0.3407407
0.3956835 0.6546763 0.5107914 0.3453237 0.3453237 0.4532374 0.5971223 0.6618705 0.6546763 0.6618705 0.6690647
0.3692308 0.3769231 0.4 0.4307692 0.3769231 0.3230769 0.3076923 0.2307692 0.1307692 0.1153846 0.1384615
0.5149254 0.5447761 0.5149254 0.4701493 0.4626866 0.4104478 0.3507463 0.2985075 0.2462687 0.2014925 0.1865672
0.5864662 0.4962406 0.593985 0.5488722 0.6165414 0.6466165 0.6165414 0.5789474 0.5714286 0.5639098 0.5639098
0.7384615 0.6461538 0.7153846 0.7230769 0.7538462 0.9076923 0.8153846 0.8 0.7461538 0.7384615 0.7384615
0.7569444 0.7430556 0.7569444 0.7847222 0.8472222 0.8472222 0.9236111 0.9236111 0.9236111 0.9305556 0.8888889
0.1944444 0.2083333 0.1180556 0.1944444 0.1875 0.2083333 0.2222222 0.3263889 0.4375 0.3819444 0.4930556
0.2985075 0.4925373 0.3507463 0.2388060 0.2313433 0.2462687 0.2985075 0.4477612 0.4626866 0.4850746 0.5
0.7293233 0.6390977 0.7368421 0.7593985 0.7669173 0.8195489 0.8646617 0.8796992 0.887218 0.9097744 0.887218
0.7753623 0.6956522 0.7608696 0.768116 0.7826087 0.9710145 0.942029 0.9347826 0.9202899 0.9202899 0.884058
0.7384615 0.6461538 0.7153846 0.7230769 0.6923077 0.6538462 0.5846154 0.5923077 0.5615385 0.5307692 0.5230769
0.5348837 0.5426357 0.5503876 0.5193798 0.4883721 0.5193798 0.6434109 0.6511628 0.6356589 0.6666667 0.6666667
0.5755396 0.4172662 0.4604317 0.618705 0.6618705 0.705036 0.6978417 0.6834532 0.6978417 0.6906475 0.6834532
0.4444444 0.4888889 0.4740741 0.4 0.4 0.3777778 0.3407407 0.2518519 0.2296296 0.2814815 0.2296296
0.625 0.6911765 0.5808824 0.6102941 0.5588235 0.5220588 0.4926471 0.4485294 0.4411765 0.4191176 0.3897059
0.2631579 0.09022556 0.2330827 0.2781955 0.3082707 0.3684211 0.3383459 0.3233083 0.3383459 0.3759398 0.3759398
0.6992481 0.6917293 0.7368421 0.7443609 0.6766917 0.6466165 0.593985 0.5413534 0.5037594 0.5037594 0.481203
0.3125 0.1041667 0.2013889 0.2916667 0.5 0.5069444 0.4583333 0.4444444 0.3611111 0.3402778 0.3055556
0.5895522 0.7238806 0.7014925 0.5522388 0.5149254 0.5 0.4701493 0.4477612 0.380597 0.3358209 0.3358209
0.6879433 0.5531915 0.5744681 0.6879433 0.7234043 0.7801418 0.8510638 0.8723404 0.893617 0.8510638 0.8014184
0.751773 0.7092199 0.7375887 0.7730496 0.7801418 0.9007092 0.9219858 0.9148936 0.929078 0.9078014 0.8368794
0.1052632 0.08270677 0.1127820 0.1052632 0.1278195 0.1503759 0.1353383 0.2857143 0.3082707 0.3609023 0.3308271
0.7777778 0.6814815 0.7333333 0.7703704 0.8222222 0.9703704 0.9481481 0.925926 0.9555556 0.8814815 0.8962963
0.2608696 0.1449275 0.2246377 0.3115942 0.3623188 0.3478261 0.3115942 0.2681159 0.1884058 0.1884058 0.1811594
0.5149254 0.4104478 0.4701493 0.5223881 0.5820896 0.6716418 0.7238806 0.7089552 0.7164179 0.7238806 0.7238806
0.4263566 0.5426357 0.5193798 0.4031008 0.3953488 0.372093 0.3643411 0.2945736 0.2558140 0.3023256 0.2093023
0.2941176 0.3235294 0.3088235 0.3308824 0.3382353 0.3088235 0.3088235 0.1617647 0.1397059 0.125 0.09558824
0.1223022 0.1079137 0.08633094 0.1007194 0.07913669 0.07194245 0.09352518 0.1007194 0.1870504 0.1870504 0.2374101
0.3846154 0.4076923 0.4 0.4384615 0.4230769 0.3384615 0.3230769 0.2692308 0.2538462 0.1 0.1230769
0.7569444 0.7430556 0.7569444 0.7847222 0.8472222 0.8472222 0.8402778 0.8888889 0.9027778 0.8819444 0.8333333
0.1052632 0.1203008 0.09774436 0.09022556 0.06015038 0.04511278 0.08270677 0.03007519 0.01503759 0.09774436 0.01503759
0.4 0.4074074 0.437037 0.4 0.3703704 0.3333333 0.2962963 0.1185185 0.1185185 0.1037037 0.05925926
0.7384615 0.6461538 0.7153846 0.7230769 0.7538462 0.9076923 0.9461538 0.9307692 0.876923 0.9 0.9076923
0.5864662 0.3684211 0.3909774 0.593985 0.6466165 0.7067669 0.7067669 0.6842105 0.6917293 0.6766917 0.6917293
0.7753623 0.6956522 0.7608696 0.768116 0.7826087 0.8188406 0.8115942 0.7971014 0.8043478 0.8115942 0.9202899
0.7286822 0.7131783 0.7286822 0.7674419 0.7596899 0.9069767 0.8914729 0.875969 0.9147287 0.8449612 0.9069767
0.7368421 0.6917293 0.7518797 0.7819549 0.7744361 0.8195489 0.8195489 0.7969925 0.81203 0.7819549 0.9097744
0 0 0 0 0 0.007194245 0.007194245 0.02877698 0.05755396 0.05755396 0.1654676
0.6594203 0.5869565 0.6811594 0.6594203 0.6449275 0.6449275 0.615942 0.5507246 0.5434783 0.557971 0.5507246
0.2164179 0.1343284 0.1865672 0.2388060 0.2537313 0.2686567 0.3656716 0.5074627 0.5746269 0.5895522 0.5820896
0.5289855 0.5 0.5434783 0.5289855 0.4565217 0.3985507 0.3623188 0.3695652 0.2318841 0.2898551 0.2463768
0.7286822 0.7131783 0.7286822 0.7674419 0.7596899 0.9069767 0.8914729 0.875969 0.9147287 0.8449612 0.9069767
0.1550388 0.1472868 0.1627907 0.1395349 0.1395349 0.1317829 0.1317829 0.1395349 0.1937984 0.1937984 0.2325581
0.5076923 0.6461538 0.5615385 0.4307692 0.4076923 0.5615385 0.6538462 0.7153846 0.7846154 0.8307692 0.8846154
0.7286822 0.7131783 0.7286822 0.7674419 0.7596899 0.9069767 0.8914729 0.875969 0.9147287 0.8449612 0.9069767
0.07692308 0.1076923 0.06923077 0.05384615 0.05384615 0.03846154 0.02307692 0.03076923 0.007692308 0.06153846 0.03846154
0.1838235 0.3970588 0.2794118 0.1544118 0.1176471 0.1617647 0.1544118 0.2279412 0.3088235 0.3382353 0.3823529
0.6769231 0.5538462 0.6076923 0.7 0.6538462 0.6538462 0.5769231 0.5923077 0.5538462 0.5230769 0.5076923
0.5895522 0.7238806 0.7014925 0.5522388 0.5149254 0.5 0.4701493 0.4477612 0.380597 0.3358209 0.3358209
0.2720588 0.25 0.2426471 0.2352941 0.2720588 0.2794118 0.375 0.5 0.5514706 0.5735294 0.5808824
0.7941176 0.7352941 0.7279412 0.7941176 0.8308824 0.8970588 0.882353 0.8529412 0.882353 0.9117647 0.9852941
0.1567164 0.2238806 0.1567164 0.1641791 0.1716418 0.1567164 0.1343284 0.2537313 0.3059701 0.3134328 0.3358209
0.1230769 0.2076923 0.1692308 0.1538462 0.1538462 0.1307692 0.1538462 0.1769231 0.2153846 0.2846154 0.3
0.5319149 0.3687943 0.5035461 0.5106383 0.4113475 0.3617021 0.3617021 0.1773050 0.1418440 0.2553191 0.1773050
0.7753623 0.6956522 0.7608696 0.768116 0.7826087 0.8188406 0.8115942 0.7971014 0.8043478 0.8115942 0.9202899
0.1317829 0.2635659 0.1860465 0.1317829 0.1085271 0.1472868 0.1550388 0.3023256 0.3255814 0.3565891 0.372093
0.7384615 0.6461538 0.7153846 0.7230769 0.7538462 0.9076923 0.9461538 0.9307692 0.876923 0.9 0.9076923
0.4923077 0.4538462 0.4307692 0.4846154 0.5 0.3615385 0.3384615 0.3 0.2846154 0.2076923 0.1923077
0.7777778 0.6814815 0.7333333 0.7703704 0.8222222 0.9185185 0.8888889 0.9111111 0.9185185 0.8666667 0.837037
0.6099291 0.6524823 0.6241135 0.5957447 0.5673759 0.4964539 0.4255319 0.3900709 0.3120567 0.2482270 0.3191489
0.7384615 0.6461538 0.7153846 0.7230769 0.7538462 0.9076923 0.9461538 0.9307692 0.876923 0.9 0.9076923
0.1203008 0.1729323 0.1353383 0.1203008 0.1052632 0.1052632 0.1052632 0.2406015 0.1503759 0.2180451 0.1954887
0.7537313 0.7238806 0.738806 0.7462687 0.8432836 0.8955224 0.9701493 0.9402985 0.9402985 0.8358209 0.8432836
0.4701493 0.3208955 0.4552239 0.4701493 0.5373134 0.5447761 0.5447761 0.4925373 0.5149254 0.4179104 0.380597
0.6589147 0.5271318 0.5813953 0.6744186 0.6046512 0.620155 0.5193798 0.5426357 0.5271318 0.5193798 0.503876
0.5461538 0.4615385 0.4307692 0.5384615 0.5076923 0.4538462 0.4769231 0.4461538 0.4230769 0.3692308 0.3769231
0.768116 0.6956522 0.7246377 0.768116 0.6884058 0.6449275 0.6304348 0.6014493 0.5797101 0.5652174 0.5507246
0.07692308 0.1 0.07692308 0.07692308 0.06153846 0.06153846 0.08461538 0.06153846 0.06923077 0.06153846 0.1538462
0.3692308 0.2076923 0.3230769 0.4692308 0.5615385 0.4923077 0.5153846 0.4846154 0.4153846 0.3692308 0.4230769
0.248062 0.2403101 0.2403101 0.2790698 0.2868217 0.2558140 0.2015504 0.1085271 0.0620155 0.05426357 0.01550388
0.618705 0.6546763 0.6402878 0.589928 0.4964029 0.4748201 0.4316547 0.4100719 0.3669065 0.3741007 0.352518
0.1870504 0.09352518 0.1151079 0.1654676 0.2086331 0.2086331 0.1870504 0.2661871 0.3021583 0.3165468 0.4100719
0.5658915 0.7131783 0.6666667 0.5658915 0.503876 0.5348837 0.6666667 0.6589147 0.6434109 0.6899225 0.7209302
0.7777778 0.6814815 0.7333333 0.7703704 0.8222222 0.9703704 0.9481481 0.925926 0.9555556 0.8814815 0.8962963
0.3609023 0.1729323 0.2631579 0.3533835 0.3984962 0.443609 0.443609 0.4285714 0.5037594 0.5338346 0.5789474
0.7384615 0.6461538 0.7153846 0.7230769 0.7538462 0.9076923 0.9461538 0.9307692 0.876923 0.9 0.9076923
0.7384615 0.6461538 0.7153846 0.7230769 0.7538462 0.9076923 0.9461538 0.9307692 0.876923 0.9 0.9076923
0.7384615 0.6461538 0.7153846 0.7230769 0.7538462 0.9076923 0.9461538 0.9307692 0.876923 0.9 0.9076923
0.04411765 0.03676471 0.03676471 0.05882353 0.05882353 0.1617647 0.2352941 0.4264706 0.5 0.5294118 0.5147059
0.5864662 0.5413534 0.6842105 0.5714286 0.5112782 0.443609 0.3909774 0.4135338 0.3759398 0.3759398 0.443609
0.1014493 0.03623188 0.04347826 0.06521739 0.1666667 0.2173913 0.2681159 0.4927536 0.5434783 0.6014493 0.6086957
0.7941176 0.7352941 0.7279412 0.7941176 0.8455882 0.867647 0.882353 0.875 0.8970588 0.7794118 0.8455882
0.751773 0.7092199 0.7375887 0.7730496 0.7801418 0.8368794 0.8368794 0.8723404 0.8156028 0.822695 0.9574468
0.4244604 0.2230216 0.3021583 0.4316547 0.4676259 0.4532374 0.4316547 0.4244604 0.4316547 0.4316547 0.3884892
0.3488372 0.1627907 0.248062 0.3255814 0.5271318 0.5348837 0.503876 0.4806202 0.5271318 0.4728682 0.4651163
0.3134328 0.5447761 0.3507463 0.2388060 0.2313433 0.2388060 0.2985075 0.4328358 0.4477612 0.4850746 0.5
0.5658915 0.7131783 0.6666667 0.5658915 0.503876 0.5348837 0.6666667 0.6666667 0.6434109 0.6821705 0.7209302
0.2713178 0.1627907 0.1860465 0.2790698 0.3178295 0.3488372 0.4186047 0.3953488 0.4341085 0.4728682 0.5271318
0.3178295 0.1937984 0.248062 0.2945736 0.3178295 0.3333333 0.3953488 0.248062 0.2325581 0.2790698 0.248062
0.751773 0.7092199 0.7375887 0.7730496 0.7801418 0.9007092 0.9078014 0.9007092 0.858156 0.8652482 0.8156028
0.7941176 0.7352941 0.7279412 0.7941176 0.8455882 0.9632353 0.9558824 0.9411765 0.9632353 0.9264706 0.9117647
0.1804511 0.2932331 0.2030075 0.1729323 0.1954887 0.1729323 0.1654135 0.3533835 0.2857143 0.3834586 0.3533835
0.1702128 0.2836879 0.1914894 0.1205674 0.07801418 0.1063830 0.1134752 0.1063830 0.1773050 0.1134752 0.1205674
0.751773 0.6524823 0.7375887 0.7234043 0.6737589 0.6382979 0.6241135 0.5602837 0.5390071 0.4893617 0.4680851
0.3541667 0.3819444 0.3611111 0.375 0.3680556 0.3194444 0.3194444 0.2361111 0.1597222 0.1666667 0.08333333
0.5703704 0.4592593 0.4666667 0.6148148 0.7333333 0.7111111 0.7111111 0.6740741 0.6814815 0.6814815 0.6666667
0.1578947 0.2556391 0.1578947 0.1428571 0.1654135 0.1428571 0.1428571 0.2406015 0.2857143 0.3759398 0.3308271
0.3 0.2153846 0.3153846 0.3230769 0.2923077 0.3 0.2769231 0.1769231 0.06923077 0.03076923 0.02307692
0.6043165 0.5611511 0.5395683 0.5827338 0.6043165 0.6618705 0.6402878 0.6258993 0.6115108 0.6043165 0.6043165
0.3731343 0.5671642 0.4552239 0.3059701 0.2985075 0.3955224 0.5223881 0.6044776 0.6343284 0.6343284 0.6268657
0.04166667 0.006944444 0.02083333 0.02083333 0.02777778 0.04166667 0.05555556 0.08333333 0.1111111 0.0625 0.0625
0.7368421 0.6917293 0.7518797 0.7819549 0.7744361 0.8195489 0.8195489 0.7969925 0.81203 0.7819549 0.9097744
0.6470588 0.5367647 0.6911765 0.6470588 0.742647 0.7205882 0.7132353 0.7132353 0.7132353 0.6985294 0.7205882
0.7058824 0.6764706 0.7279412 0.7058824 0.6911765 0.6397059 0.632353 0.6029412 0.5514706 0.4779412 0.4558824
0.7777778 0.6814815 0.7333333 0.7703704 0.8222222 0.9703704 0.9481481 0.925926 0.9555556 0.8814815 0.8962963
0.7286822 0.7131783 0.7286822 0.7674419 0.7596899 0.8217054 0.8062016 0.7829457 0.7364341 0.7364341 0.7596899
0.5923077 0.5 0.5615385 0.6384615 0.7230769 0.7384615 0.7923077 0.7461538 0.7 0.7230769 0.7153846
