0.5210084 0.5378151 0.5294118 0.5294118 0.5378151 0.5294118 0.5630252 0.4957983 0.5882353 0.5798319 0.605042
0.553719 0.5785124 0.446281 0.553719 0.4628099 0.446281 0.4049587 0.4297521 0.5041322 0.6033058 0.4710744
0.9579832 0.9663866 0.9327731 0.9663866 0.9243697 0.9579832 0.9495798 0.97479 0.8907563 0.8067227 0.815126
0.7563025 0.7983193 0.7310924 0.7310924 0.789916 0.7563025 0.6638655 0.6554622 0.697479 0.6890756 0.6302521
0.192 0.128 0.128 0.152 0.184 0.192 0.184 0.24 0.208 0.24 0.296
0.3781513 0.4033613 0.4453782 0.4789916 0.5546218 0.5714286 0.5798319 0.6218487 0.605042 0.7983193 0.7647059
0.04237288 0.04237288 0.04237288 0.06779661 0.1355932 0.09322034 0.05932203 0.1186441 0.1101695 0.08474576 0.05932203
0.5 0.4596774 0.3629032 0.3790323 0.3064516 0.3225806 0.2661290 0.2903226 0.2661290 0.2822581 0.2580645
0.4201681 0.487395 0.5294118 0.5210084 0.5462185 0.5882353 0.5966387 0.7142857 0.7731092 0.7310924 0.789916
0.3559322 0.4830508 0.6101695 0.6186441 0.661017 0.7033898 0.7966102 0.8220339 0.898305 0.940678 0.8559322
0.1239669 0.1983471 0.2396694 0.3636364 0.4049587 0.4214876 0.4545455 0.5371901 0.5619835 0.6280992 0.6115702
0.6638655 0.6386555 0.7226891 0.6890756 0.6554622 0.6638655 0.6806723 0.6638655 0.6470588 0.697479 0.6302521
0.936508 0.9603175 0.9603175 0.9603175 0.952381 0.9444444 0.936508 0.952381 0.936508 0.8730159 0.8412698
0.302521 0.3193277 0.3781513 0.302521 0.2941176 0.3529412 0.3277311 0.3781513 0.3193277 0.2773109 0.3193277
0.2881356 0.2457627 0.1949153 0.2372881 0.1525424 0.1864407 0.1779661 0.1440678 0.1694915 0.1525424 0.1525424
0.3728814 0.3644068 0.3474576 0.3474576 0.3050847 0.2372881 0.2288136 0.2627119 0.220339 0.2966102 0.3050847
0.3937008 0.5433071 0.503937 0.5590551 0.5984252 0.7007874 0.6614173 0.8582677 0.8582677 0.9448819 0.96063
0.7815126 0.7310924 0.7310924 0.7563025 0.7647059 0.7394958 0.6554622 0.7647059 0.7478992 0.8907563 0.8739496
0.3884298 0.3305785 0.3471074 0.2975207 0.3305785 0.2809917 0.2479339 0.2148760 0.2066116 0.1818182 0.2066116
0.605042 0.5294118 0.4705882 0.4285714 0.5042017 0.4033613 0.3613445 0.3781513 0.3613445 0.4285714 0.4117647
0.2542373 0.2033898 0.279661 0.2711864 0.1694915 0.220339 0.2118644 0.1779661 0.2372881 0.2627119 0.2118644
0.4957983 0.5630252 0.5882353 0.5546218 0.5546218 0.5714286 0.6470588 0.6890756 0.7563025 0.7563025 0.7731092
0.824 0.824 0.864 0.88 0.952 0.944 0.952 0.984 0.976 0.976 0.984
0.07936508 0.05555556 0.03174603 0.03174603 0.07142857 0.02380952 0.02380952 0.03174603 0.01587302 0.007936508 0.03174603
0.2936508 0.2619048 0.2301587 0.2142857 0.2460317 0.2301587 0.2063492 0.1984127 0.2698413 0.2857143 0.2698413
0.2773109 0.3613445 0.394958 0.4285714 0.4621849 0.5294118 0.5630252 0.6554622 0.697479 0.6386555 0.7394958
0.4049587 0.3719008 0.2644628 0.2314050 0.1652893 0.1570248 0.1239669 0.05785124 0.02479339 0.01652893 0.04132231
0.7355372 0.7024793 0.6859504 0.6942149 0.8264463 0.768595 0.768595 0.8347107 0.892562 0.8264463 0.876033
0.07563025 0.08403361 0.06722689 0.1092437 0.09243697 0.1008403 0.1176471 0.08403361 0.1176471 0.06722689 0.07563025
0.519685 0.480315 0.496063 0.5275591 0.503937 0.4645669 0.4173228 0.3700787 0.3937008 0.4094488 0.3228346
0.1338583 0.1023622 0.04724409 0.04724409 0.05511811 0.02362205 0.04724409 0.03937008 0.03937008 0.03149606 0.02362205
0.6612903 0.5725806 0.483871 0.4032258 0.2338710 0.2096774 0.1854839 0.1451613 0.06451613 0.06451613 0.0483871
0.5433071 0.6062992 0.4645669 0.5590551 0.503937 0.5275591 0.5826772 0.6062992 0.6062992 0.5984252 0.6062992
0.2066116 0.2231405 0.1983471 0.2396694 0.1983471 0.1818182 0.2066116 0.2148760 0.2066116 0.2148760 0.2066116
0.3571429 0.4523810 0.4920635 0.5793651 0.6984127 0.7936508 0.7539683 0.6984127 0.7063492 0.7539683 0.7301587
0.512605 0.4705882 0.3109244 0.2773109 0.1680672 0.1512605 0.1176471 0.03361345 0.1092437 0.08403361 0.05882353
0.2561983 0.2975207 0.3140496 0.3223140 0.4132231 0.3966942 0.446281 0.5619835 0.5619835 0.7355372 0.7768595
0.0952381 0.07936508 0.1111111 0.1190476 0.07936508 0.1190476 0.1666667 0.1587302 0.2301587 0.2539683 0.2380952
0.848 0.824 0.84 0.832 0.88 0.864 0.736 0.744 0.584 0.648 0.608
0.9159664 0.8991597 0.9411765 0.9495798 0.907563 0.8235294 0.9663866 0.8739496 0.9243697 0.8655462 0.8739496
0.4957983 0.487395 0.4621849 0.4201681 0.4789916 0.4621849 0.4621849 0.4453782 0.4621849 0.4453782 0.4369748
0.5669291 0.6141732 0.511811 0.519685 0.4094488 0.4251969 0.3385827 0.3149606 0.3149606 0.2598425 0.2362205
0.1344538 0.1680672 0.2268908 0.2268908 0.2941176 0.3529412 0.4201681 0.512605 0.5294118 0.5378151 0.5462185
0.0967742 0.1290323 0.2096774 0.2661290 0.3225806 0.3951613 0.4677419 0.4112903 0.5483871 0.6209677 0.5322581
0.28 0.168 0.128 0.04 0.032 0.016 0.008 0.008 0.016 0.016 0.016
0.7559055 0.7480315 0.7322835 0.7401575 0.6614173 0.7007874 0.7401575 0.8031496 0.8346457 0.8976378 0.8976378
0.76 0.792 0.76 0.792 0.808 0.728 0.68 0.68 0.672 0.568 0.576
0.2352941 0.2268908 0.1764706 0.1596639 0.1932773 0.2352941 0.2521008 0.2941176 0.3697479 0.3865546 0.4033613
0.8728814 0.8898305 0.8728814 0.940678 0.9661017 0.898305 0.9491525 0.8728814 0.7966102 0.7966102 0.8305085
1 0.984127 0.984127 0.968254 0.984127 0.984127 0.8968254 0.920635 0.7936508 0.6984127 0.6746032
0.7142857 0.6638655 0.6890756 0.6890756 0.6554622 0.7394958 0.7983193 0.8319328 0.8067227 0.7226891 0.789916
0.302521 0.2857143 0.3361345 0.3109244 0.3697479 0.3529412 0.3613445 0.3865546 0.3361345 0.3529412 0.3193277
0.9663866 0.9831933 0.97479 0.9663866 0.9915966 0.9411765 0.9663866 0.8739496 0.8067227 0.7815126 0.7563025
0.4537815 0.4285714 0.4537815 0.3865546 0.3109244 0.3361345 0.2857143 0.3529412 0.2773109 0.2268908 0.1932773
0.3629032 0.3467742 0.2580645 0.1774194 0.08870968 0.07258065 0.04032258 0.03225806 0.008064516 0.008064516 0.01612903
0 0.02521008 0.02521008 0.01680672 0.02521008 0.01680672 0.008403361 0 0.01680672 0 0
0.6722689 0.6386555 0.6302521 0.5882353 0.5630252 0.4453782 0.4201681 0.4201681 0.3529412 0.2857143 0.2773109
0.2689076 0.2689076 0.1848739 0.1512605 0.1344538 0.1680672 0.1512605 0.1932773 0.2605042 0.2941176 0.3193277
0.5847458 0.4067797 0.4491525 0.3389831 0.2288136 0.1949153 0.1440678 0.1271186 0.1186441 0.09322034 0.05932203
0.2741935 0.2983871 0.4032258 0.5 0.6048387 0.6451613 0.6129032 0.7419355 0.8145161 0.766129 0.6935484
0.648 0.624 0.624 0.64 0.664 0.728 0.64 0.712 0.744 0.768 0.728
0.9663866 0.9663866 0.9327731 0.9159664 0.9243697 0.9579832 0.882353 0.9495798 0.8571429 0.8235294 0.6722689
0.6269841 0.6666667 0.7301587 0.7063492 0.7777778 0.7936508 0.7142857 0.8730159 0.8888889 0.936508 0.9285714
0.06722689 0.09243697 0.05882353 0.03361345 0.05042017 0.04201681 0.05042017 0.02521008 0.05882353 0.05882353 0.06722689
0.3109244 0.4285714 0.3277311 0.3697479 0.4033613 0.4033613 0.3865546 0.4285714 0.3613445 0.4453782 0.3865546
0.7563025 0.7310924 0.7310924 0.7058824 0.6890756 0.6302521 0.6554622 0.6722689 0.5462185 0.5882353 0.5714286
0.5630252 0.512605 0.4453782 0.4453782 0.4705882 0.4621849 0.4957983 0.5042017 0.4957983 0.4789916 0.5294118
0.288 0.32 0.256 0.248 0.232 0.32 0.264 0.248 0.224 0.264 0.28
0.5847458 0.6016949 0.5677966 0.5762712 0.5254237 0.440678 0.4491525 0.4830508 0.4745763 0.5508475 0.559322
0.9663866 0.9663866 0.9579832 0.97479 0.9831933 0.9663866 0.97479 0.97479 0.9495798 0.9243697 0.8655462
0.008403361 0 0.008403361 0 0.01680672 0.01680672 0.008403361 0.02521008 0.05882353 0.08403361 0.07563025
0.6386555 0.6386555 0.5966387 0.6554622 0.6134454 0.5882353 0.5210084 0.4789916 0.4957983 0.4285714 0.4285714
0.8582677 0.8818898 0.9055118 0.9448819 0.9212598 0.9370079 0.9212598 0.9370079 0.8582677 0.9055118 0.8976378
0.9831933 0.9663866 0.9579832 0.9579832 0.9327731 0.9159664 0.9327731 0.907563 0.907563 0.907563 0.8739496
0.9237288 0.8644068 0.9067797 0.940678 0.9491525 0.9322034 0.9576271 0.9322034 0.9237288 0.9237288 0.9576271
0.6638655 0.6386555 0.6890756 0.6890756 0.6554622 0.7394958 0.815126 0.7647059 0.7142857 0.6386555 0.6470588
0.6693548 0.6451613 0.6854839 0.6693548 0.5483871 0.7258065 0.5967742 0.6532258 0.6370968 0.6854839 0.7983871
0.0967742 0.08870968 0.1774194 0.2177419 0.1774194 0.25 0.2822581 0.3145161 0.3709677 0.3629032 0.3467742
0.7936508 0.8333333 0.7619048 0.7222222 0.7539683 0.6825397 0.6349206 0.5396825 0.531746 0.515873 0.531746
0.06722689 0.1260504 0.09243697 0.1344538 0.1932773 0.1596639 0.2268908 0.2184874 0.302521 0.3613445 0.3865546
0.3529412 0.3109244 0.3193277 0.3361345 0.3109244 0.3781513 0.3361345 0.2773109 0.2857143 0.2521008 0.2184874
0.2372881 0.2033898 0.1949153 0.1355932 0.1355932 0.1694915 0.1355932 0.1355932 0.1610169 0.2033898 0.2033898
0.7142857 0.7478992 0.7563025 0.815126 0.7731092 0.8067227 0.882353 0.815126 0.8319328 0.8907563 0.8235294
0.5847458 0.6525424 0.5169492 0.5423729 0.4915254 0.4830508 0.559322 0.720339 0.6271186 0.7033898 0.7457627
0.08403361 0.06722689 0.1344538 0.1680672 0.2184874 0.2016807 0.2352941 0.2268908 0.3109244 0.302521 0.2773109
0.5462185 0.5462185 0.4537815 0.394958 0.3445378 0.3109244 0.3529412 0.394958 0.3109244 0.2689076 0.2100840
0.1239669 0.1074380 0.1074380 0.07438017 0.09917355 0.1570248 0.1652893 0.2148760 0.2644628 0.2975207 0.3223140
0.5084746 0.5508475 0.440678 0.6271186 0.5338983 0.6186441 0.6016949 0.6525424 0.6949153 0.5932203 0.6440678
0.784 0.824 0.872 0.832 0.864 0.912 0.848 0.736 0.816 0.744 0.728
0.4369748 0.4201681 0.5210084 0.5546218 0.5462185 0.5546218 0.5378151 0.605042 0.5882353 0.7142857 0.6638655
0.5508475 0.440678 0.4830508 0.4322034 0.4152542 0.4491525 0.4322034 0.4322034 0.3474576 0.3559322 0.3389831
0.03968254 0.05555556 0.07142857 0.0952381 0.1190476 0.2301587 0.2301587 0.3492063 0.3412698 0.3174603 0.3809524
0.7024793 0.7024793 0.7355372 0.6942149 0.7603306 0.7933884 0.8429752 0.7355372 0.8842975 0.8347107 0.892562
0.2222222 0.2142857 0.2698413 0.3015873 0.3095238 0.3492063 0.3650794 0.4126984 0.3968254 0.4285714 0.4365079
0.8235294 0.8067227 0.8487395 0.7815126 0.7815126 0.7310924 0.7226891 0.6554622 0.5378151 0.5294118 0.5042017
0.553719 0.5206612 0.446281 0.3966942 0.4132231 0.3801653 0.3057851 0.2892562 0.2975207 0.3223140 0.3471074
0.2521008 0.2436975 0.2689076 0.2689076 0.2857143 0.2689076 0.2773109 0.302521 0.302521 0.3529412 0.3193277
0.8225806 0.7580645 0.8064516 0.766129 0.8306452 0.6854839 0.766129 0.782258 0.7016129 0.5967742 0.6451613
0.3474576 0.4322034 0.5169492 0.4152542 0.5762712 0.5 0.5254237 0.5508475 0.6101695 0.5932203 0.6440678
0.2892562 0.2148760 0.3057851 0.2561983 0.2066116 0.1818182 0.1818182 0.1900826 0.1983471 0.2148760 0.2396694
0.01680672 0.02521008 0.05042017 0.05882353 0.05042017 0.08403361 0.1092437 0.08403361 0.09243697 0.08403361 0.07563025
0.4067797 0.4237288 0.3389831 0.3305085 0.3050847 0.2627119 0.2627119 0.2118644 0.1949153 0.2118644 0.2118644
0.3305085 0.4067797 0.3389831 0.3898305 0.3813559 0.4152542 0.4322034 0.4661017 0.4576271 0.4915254 0.5338983
0.5793651 0.5 0.4206349 0.3809524 0.3968254 0.3095238 0.3174603 0.3650794 0.2619048 0.2698413 0.2539683
0.2440945 0.2283465 0.2204724 0.2047244 0.1496063 0.1181102 0.1653543 0.1259843 0.1417323 0.1102362 0.1338583
0.7460317 0.6666667 0.7301587 0.7142857 0.7380952 0.6587302 0.7063492 0.7460317 0.6904762 0.6507937 0.5634921
0.04201681 0.06722689 0.1764706 0.1512605 0.1680672 0.1848739 0.1596639 0.1428571 0.1932773 0.08403361 0.1512605
0.9159664 0.9243697 0.8655462 0.8907563 0.8655462 0.8907563 0.7226891 0.6554622 0.5882353 0.7394958 0.6554622
0.9915966 0.9915966 0.9579832 0.97479 0.9831933 0.97479 0.9831933 0.9831933 0.9579832 0.9579832 0.9327731
0.736 0.736 0.648 0.632 0.656 0.616 0.64 0.608 0.672 0.64 0.752
0.1157025 0.0909091 0.0661157 0.1900826 0.1570248 0.2727273 0.3057851 0.3057851 0.3636364 0.4876033 0.5454545
0.2627119 0.2288136 0.1440678 0.04237288 0.01694915 0.008474576 0.008474576 0 0.008474576 0.008474576 0
0 0 0 0 0 0 0.01612903 0.008064516 0.008064516 0.01612903 0.01612903
0.9338843 0.983471 0.9421488 0.9090909 0.876033 0.9504132 0.9090909 0.785124 0.7438017 0.7355372 0.876033
0.1092437 0.01680672 0.06722689 0.02521008 0.05882353 0.02521008 0.008403361 0.02521008 0.02521008 0.07563025 0.04201681
0.5462185 0.5378151 0.5966387 0.5462185 0.5630252 0.6554622 0.6638655 0.7647059 0.7310924 0.7731092 0.7563025
0.440678 0.4661017 0.5169492 0.440678 0.4152542 0.4322034 0.440678 0.4661017 0.4322034 0.4491525 0.440678
0.5634921 0.5555556 0.547619 0.6031746 0.5238095 0.4761905 0.468254 0.515873 0.4523810 0.4761905 0.4523810
0.5511811 0.5590551 0.6141732 0.5984252 0.7007874 0.7165354 0.7480315 0.8818898 0.8582677 0.8976378 0.8582677
0.5 0.4523810 0.4444444 0.4523810 0.5238095 0.5238095 0.4523810 0.5 0.4603175 0.484127 0.468254
0.4033613 0.3613445 0.394958 0.4789916 0.3193277 0.4033613 0.4285714 0.3193277 0.3109244 0.3109244 0.2941176
0.2741935 0.1451613 0.3145161 0.2741935 0.3387097 0.3306452 0.2822581 0.3709677 0.4032258 0.4435484 0.4596774
0.904 0.864 0.896 0.88 0.896 0.936 0.896 0.952 0.92 0.944 0.96
0.4049587 0.338843 0.3553719 0.3305785 0.3305785 0.3305785 0.2975207 0.2892562 0.3057851 0.3223140 0.3471074
0.8225806 0.8145161 0.8548387 0.8548387 0.8306452 0.6935484 0.6048387 0.717742 0.6370968 0.7258065 0.6048387
0.6746032 0.7063492 0.7301587 0.7460317 0.7301587 0.7777778 0.8095238 0.8015873 0.7539683 0.8571429 0.8174603
0.9126984 0.8968254 0.8888889 0.9444444 0.7539683 0.7777778 0.6825397 0.6190476 0.5555556 0.5238095 0.5
0.2661290 0.2983871 0.3629032 0.2983871 0.2983871 0.2903226 0.2258065 0.3225806 0.3548387 0.3225806 0.3548387
0.1984127 0.2380952 0.3174603 0.4126984 0.4285714 0.4444444 0.4603175 0.4285714 0.5396825 0.6666667 0.6190476
0.9444444 0.984127 0.952381 0.8809524 0.8492063 0.8650794 0.8650794 0.6984127 0.6666667 0.5873016 0.5714286
0.7355372 0.677686 0.6033058 0.5619835 0.5371901 0.3966942 0.338843 0.2809917 0.2479339 0.2561983 0.2561983
0.9285714 0.9444444 0.9126984 0.8888889 0.8492063 0.8412698 0.8809524 0.8253968 0.8095238 0.8412698 0.7777778
0.432 0.48 0.464 0.392 0.448 0.4 0.44 0.376 0.304 0.304 0.272
0.7731092 0.7563025 0.7647059 0.8235294 0.8739496 0.7394958 0.7478992 0.7563025 0.697479 0.7310924 0.7058824
0.9159664 0.9411765 0.9663866 0.9159664 0.9579832 0.8235294 0.882353 0.8487395 0.7815126 0.7815126 0.7478992
0.8412698 0.8809524 0.8492063 0.8809524 0.936508 0.8968254 0.8412698 0.7936508 0.6587302 0.5952381 0.5714286
