0.6528926 0.661157 0.6446281 0.7107438 0.6198347 0.6280992 0.5785124 0.7024793 0.8016529 0.6942149 0.7520661
0.6416667 0.575 0.625 0.6 0.5333333 0.5333333 0.5416667 0.575 0.5833333 0.6083333 0.6333333
0.9516129 0.9354839 0.967742 0.967742 0.9758065 0.9758065 0.9354839 0.967742 0.9032258 0.8306452 0.8306452
0.8583333 0.9 0.8416667 0.9333333 0.8083333 0.8666667 0.85 0.7166667 0.725 0.625 0.625
0.1008403 0.09243697 0.1008403 0.1260504 0.1512605 0.1764706 0.1680672 0.2016807 0.2352941 0.2521008 0.302521
0.304 0.384 0.416 0.472 0.52 0.6 0.568 0.592 0.68 0.672 0.736
0.03278689 0.03278689 0.008196721 0.07377049 0.04098361 0.08196721 0.1147541 0.07377049 0.06557377 0.1065574 0.1229508
0.2689076 0.2184874 0.2016807 0.2016807 0.1512605 0.1596639 0.1680672 0.1344538 0.1344538 0.08403361 0.1092437
0.3865546 0.4033613 0.4453782 0.4369748 0.5042017 0.5462185 0.5882353 0.6134454 0.789916 0.789916 0.7731092
0.6290323 0.6290323 0.6290323 0.7258065 0.7903226 0.8145161 0.8306452 0.8790323 0.9032258 0.8790323 0.967742
0.08 0.096 0.176 0.24 0.352 0.336 0.304 0.408 0.496 0.496 0.552
0.782258 0.7741935 0.8064516 0.8790323 0.9193548 0.8870968 0.8870968 0.8870968 0.8709677 0.8790323 0.8387097
0.7983871 0.8145161 0.7983871 0.7983871 0.8790323 0.8870968 0.8790323 0.7096774 0.6451613 0.6048387 0.6048387
0.1900826 0.2561983 0.2644628 0.2314050 0.3057851 0.2809917 0.2727273 0.2809917 0.3305785 0.2727273 0.2479339
0.1693548 0.1774194 0.08870968 0.1129032 0.1048387 0.08064516 0.0967742 0.08870968 0.08870968 0.1290323 0.1370968
0.2833333 0.225 0.2166667 0.2416667 0.1916667 0.1666667 0.1083333 0.09166667 0.1333333 0.1833333 0.1666667
0.4453782 0.5462185 0.5882353 0.6386555 0.7058824 0.7478992 0.8655462 0.9663866 0.9663866 0.9915966 0.9831933
0.6280992 0.677686 0.6115702 0.5867769 0.5785124 0.6033058 0.5867769 0.5702479 0.6446281 0.6528926 0.7520661
0.446281 0.4710744 0.5041322 0.4710744 0.4793388 0.446281 0.3471074 0.3719008 0.3223140 0.2727273 0.3305785
0.7295082 0.7622951 0.704918 0.6803279 0.6803279 0.647541 0.647541 0.6721311 0.8196721 0.6803279 0.7786885
0.2903226 0.3064516 0.2661290 0.3709677 0.4032258 0.4193548 0.4274194 0.4274194 0.483871 0.4274194 0.4193548
0.4285714 0.4369748 0.4537815 0.4369748 0.4285714 0.5546218 0.5462185 0.5714286 0.5378151 0.512605 0.487395
0.8548387 0.8548387 0.9274194 0.9274194 0.9516129 0.9516129 0.9516129 0.9596774 0.967742 0.9919355 0.9919355
0.08870968 0.1048387 0.0483871 0.05645161 0.05645161 0.05645161 0.05645161 0.0483871 0.0483871 0.0483871 0.0483871
0.2916667 0.275 0.25 0.25 0.275 0.2083333 0.2083333 0.2333333 0.2333333 0.2 0.225
0.3223140 0.2892562 0.4214876 0.3719008 0.4545455 0.5123967 0.5619835 0.5702479 0.5702479 0.5867769 0.6363636
0.483871 0.3951613 0.3145161 0.2741935 0.1612903 0.0967742 0.08064516 0.0483871 0.05645161 0.05645161 0.03225806
0.6935484 0.6129032 0.6129032 0.6612903 0.6693548 0.7419355 0.6854839 0.6693548 0.7096774 0.5806452 0.6774194
0.1404959 0.09917355 0.1322314 0.08264463 0.09917355 0.1239669 0.1404959 0.1239669 0.1404959 0.1074380 0.1570248
0.5564516 0.5483871 0.4435484 0.5241935 0.5887097 0.4112903 0.483871 0.3951613 0.3951613 0.2983871 0.2983871
0.07377049 0.02459016 0.008196721 0.01639344 0.02459016 0.02459016 0.04098361 0.008196721 0.04098361 0.04098361 0.02459016
0.6134454 0.5462185 0.4957983 0.4369748 0.2605042 0.1680672 0.1344538 0.07563025 0.05882353 0.02521008 0.02521008
0.6198347 0.5950413 0.5454545 0.4876033 0.5289256 0.5454545 0.5289256 0.5619835 0.5619835 0.5785124 0.661157
0.2436975 0.1764706 0.2268908 0.2268908 0.2100840 0.1764706 0.2016807 0.1932773 0.2100840 0.2016807 0.1932773
0.446281 0.5702479 0.5785124 0.6446281 0.6694215 0.7107438 0.6942149 0.8264463 0.8429752 0.9256198 0.876033
0.5403226 0.4354839 0.3306452 0.3145161 0.1209677 0.1209677 0.06451613 0.06451613 0.06451613 0.0483871 0.0483871
0.4083333 0.3833333 0.4583333 0.5 0.425 0.5333333 0.5 0.6583333 0.7416667 0.825 0.9083333
0.05882353 0.05882353 0.05042017 0.09243697 0.1176471 0.1596639 0.1428571 0.1764706 0.2016807 0.2016807 0.2184874
0.8235294 0.7647059 0.7815126 0.7563025 0.8067227 0.7647059 0.697479 0.6302521 0.6470588 0.4957983 0.5294118
0.896 0.936 0.824 0.872 0.872 0.856 0.816 0.832 0.864 0.752 0.88
0.2540984 0.2295082 0.3278689 0.3114754 0.3032787 0.3114754 0.352459 0.2704918 0.3360656 0.3442623 0.3278689
0.6854839 0.6451613 0.5806452 0.4919355 0.5403226 0.4112903 0.3306452 0.2983871 0.2661290 0.2419355 0.2661290
0.216 0.232 0.216 0.288 0.376 0.352 0.472 0.376 0.416 0.552 0.552
0.3442623 0.4098361 0.3770492 0.4754098 0.5245902 0.5163934 0.5409836 0.5245902 0.6885246 0.6229508 0.6557377
0.4112903 0.3709677 0.1693548 0.1048387 0.07258065 0.04032258 0.02419355 0.04032258 0.04032258 0.03225806 0.03225806
0.7603306 0.768595 0.7768595 0.7272727 0.7438017 0.7933884 0.768595 0.8512397 0.8595041 0.7933884 0.8099174
0.766129 0.7580645 0.7741935 0.8306452 0.7983871 0.7580645 0.782258 0.7903226 0.733871 0.75 0.6935484
0.1333333 0.1916667 0.225 0.1166667 0.1333333 0.1916667 0.1833333 0.1583333 0.2166667 0.15 0.125
0.9274194 0.9112903 0.8709677 0.8790323 0.8709677 0.9112903 0.8306452 0.8870968 0.8467742 0.8629032 0.8870968
0.9752066 1 0.983471 0.9917355 0.9752066 0.9504132 0.9669421 0.8677686 0.785124 0.7024793 0.6280992
0.8548387 0.7741935 0.782258 0.8145161 0.8064516 0.7580645 0.7580645 0.717742 0.766129 0.6935484 0.6774194
0.3306452 0.3064516 0.3387097 0.2903226 0.3629032 0.4112903 0.3629032 0.3387097 0.3629032 0.3064516 0.3387097
0.97479 0.9915966 0.97479 0.9831933 0.9915966 0.9831933 0.9831933 0.9663866 0.9663866 0.907563 0.8991597
0.432 0.432 0.416 0.4 0.376 0.32 0.32 0.312 0.256 0.248 0.232
0.1848739 0.1512605 0.1176471 0.1008403 0.02521008 0.008403361 0.008403361 0.008403361 0.008403361 0.008403361 0.008403361
0.1818182 0.1487603 0.1074380 0.1074380 0.0909091 0.1074380 0.0909091 0.1157025 0.1404959 0.1322314 0.1322314
0.6859504 0.6363636 0.5371901 0.4710744 0.4049587 0.3801653 0.3223140 0.2644628 0.2231405 0.2314050 0.2231405
0.2396694 0.1652893 0.2148760 0.1239669 0.1074380 0.1404959 0.1652893 0.2396694 0.2231405 0.2809917 0.3553719
0.6854839 0.6129032 0.5806452 0.5 0.2903226 0.2983871 0.1693548 0.1451613 0.1612903 0.1048387 0.1370968
0.2016807 0.2941176 0.2941176 0.4369748 0.5378151 0.6134454 0.5966387 0.6470588 0.6722689 0.7226891 0.6470588
0.6416667 0.6166667 0.6833333 0.6666667 0.675 0.65 0.7083333 0.8666667 0.775 0.85 0.8583333
0.8870968 0.8306452 0.782258 0.8467742 0.8629032 0.7741935 0.782258 0.7258065 0.6209677 0.6129032 0.6290323
0.6854839 0.7419355 0.782258 0.782258 0.7258065 0.8870968 0.8709677 0.9354839 0.9193548 0.9435484 0.9758065
0.2268908 0.1680672 0.1596639 0.1260504 0.04201681 0.02521008 0.01680672 0.01680672 0.01680672 0.01680672 0.01680672
0.3064516 0.2741935 0.2822581 0.3064516 0.3387097 0.3387097 0.2903226 0.2741935 0.3548387 0.4032258 0.3709677
0.75 0.733871 0.7016129 0.717742 0.7016129 0.6774194 0.6209677 0.5887097 0.6451613 0.5564516 0.5967742
0.6290323 0.5887097 0.5 0.483871 0.4919355 0.4677419 0.5645161 0.5 0.5241935 0.516129 0.4919355
0.2741935 0.3870968 0.3306452 0.3225806 0.2983871 0.2661290 0.2903226 0.2903226 0.2661290 0.2903226 0.2661290
0.6451613 0.6451613 0.6129032 0.5725806 0.5080645 0.5725806 0.5645161 0.5483871 0.5564516 0.5967742 0.6451613
0.9344262 0.9672131 0.942623 0.9016393 0.9262295 0.9016393 0.8606557 0.9180328 0.852459 0.8770492 0.852459
0.04132231 0.008264463 0.01652893 0.01652893 0.01652893 0.04132231 0.05785124 0.1157025 0.1322314 0.1735537 0.1487603
0.7096774 0.6774194 0.6693548 0.6693548 0.6532258 0.6370968 0.5887097 0.5564516 0.516129 0.4919355 0.4758065
0.8429752 0.892562 0.9256198 0.9256198 0.9173554 0.892562 0.9669421 0.9421488 0.9586777 0.8512397 0.8347107
0.983871 1 1 0.983871 0.983871 0.9919355 0.9919355 0.9919355 0.983871 0.9354839 0.9354839
0.8629032 0.7983871 0.8870968 0.9354839 0.8629032 0.9516129 0.9516129 0.9274194 0.9193548 0.9435484 0.9193548
0.6803279 0.6885246 0.704918 0.7295082 0.795082 0.6967213 0.7131148 0.7622951 0.7622951 0.7704918 0.704918
0.6528926 0.677686 0.6033058 0.6446281 0.661157 0.6942149 0.6033058 0.5867769 0.7190083 0.6859504 0.8677686
0.08 0.096 0.128 0.208 0.152 0.272 0.264 0.304 0.344 0.392 0.328
0.856 0.808 0.824 0.784 0.784 0.736 0.648 0.624 0.536 0.552 0.552
0.2016129 0.1451613 0.1935484 0.2096774 0.1693548 0.2016129 0.2177419 0.3064516 0.4112903 0.5080645 0.5322581
0.6557377 0.6967213 0.6885246 0.6639344 0.6803279 0.7459016 0.6065574 0.6065574 0.557377 0.5409836 0.557377
0.1693548 0.1774194 0.1370968 0.08870968 0.1048387 0.1209677 0.0967742 0.1048387 0.08870968 0.1290323 0.1532258
0.6935484 0.7741935 0.75 0.8467742 0.9193548 0.8790323 0.8629032 0.9193548 0.9516129 0.8790323 0.8548387
0.6209677 0.7258065 0.6532258 0.6612903 0.6532258 0.6370968 0.782258 0.6612903 0.6935484 0.6854839 0.766129
0.05645161 0.08064516 0.08870968 0.1612903 0.1774194 0.1854839 0.1693548 0.2096774 0.2338710 0.2822581 0.2741935
0.5 0.4274194 0.3870968 0.3790323 0.3467742 0.3629032 0.3629032 0.3467742 0.3870968 0.3145161 0.3467742
0.08 0.048 0.04 0.016 0.04 0.024 0.032 0.056 0.04 0.048 0.08
0.6532258 0.6612903 0.7016129 0.6935484 0.6451613 0.8145161 0.7983871 0.7096774 0.8387097 0.717742 0.6935484
0.725 0.725 0.825 0.8083333 0.8166667 0.8166667 0.8333333 0.725 0.725 0.7166667 0.5833333
0.4032258 0.3870968 0.5241935 0.483871 0.5080645 0.5887097 0.5887097 0.6209677 0.6532258 0.7580645 0.7983871
0.661157 0.6446281 0.5785124 0.5702479 0.5289256 0.5702479 0.4793388 0.5289256 0.5041322 0.4710744 0.446281
0.04201681 0.04201681 0.06722689 0.09243697 0.1932773 0.2268908 0.2857143 0.3193277 0.3361345 0.3865546 0.4117647
0.6532258 0.6532258 0.6451613 0.7016129 0.782258 0.7016129 0.75 0.733871 0.9112903 0.9112903 0.9193548
0.2892562 0.2975207 0.2975207 0.338843 0.3223140 0.4049587 0.3884298 0.4214876 0.4214876 0.4793388 0.4710744
0.7933884 0.8016529 0.8429752 0.8347107 0.785124 0.7933884 0.7520661 0.6528926 0.6198347 0.5785124 0.553719
0.5416667 0.5166667 0.5 0.4083333 0.425 0.3916667 0.3666667 0.3833333 0.45 0.3916667 0.375
0.1735537 0.1652893 0.2314050 0.2148760 0.2975207 0.3223140 0.2975207 0.3223140 0.338843 0.3057851 0.3553719
0.8790323 0.8629032 0.8225806 0.7741935 0.8145161 0.9274194 0.9274194 0.782258 0.8387097 0.8790323 0.8306452
0.5241935 0.5725806 0.5403226 0.5403226 0.6048387 0.6370968 0.6129032 0.5887097 0.8225806 0.7419355 0.7419355
0.2822581 0.25 0.25 0.2338710 0.1532258 0.1370968 0.1935484 0.1290323 0.1129032 0.1129032 0.1290323
0.008064516 0.04032258 0.01612903 0.02419355 0.05645161 0.04032258 0.06451613 0.04032258 0.03225806 0.0483871 0.0483871
0.3852459 0.3852459 0.4098361 0.3196721 0.3196721 0.2950820 0.2622951 0.2295082 0.2213115 0.2377049 0.2213115
0.2644628 0.2561983 0.2396694 0.2975207 0.338843 0.3553719 0.338843 0.4049587 0.4710744 0.4876033 0.5454545
0.488 0.416 0.44 0.4 0.408 0.376 0.36 0.36 0.344 0.352 0.328
0.1092437 0.1512605 0.1596639 0.1008403 0.07563025 0.03361345 0.1092437 0.06722689 0.07563025 0.05042017 0.06722689
0.6134454 0.6218487 0.6302521 0.5714286 0.6638655 0.6806723 0.605042 0.7226891 0.5630252 0.4957983 0.5042017
0.04132231 0.07438017 0.04958678 0.08264463 0.1074380 0.0661157 0.1074380 0.1157025 0.09917355 0.08264463 0.05785124
0.9166667 0.9 0.8666667 0.8666667 0.7916667 0.6916667 0.7166667 0.6166667 0.5583333 0.625 0.5916667
0.9754098 0.9754098 0.9836066 0.9754098 0.9754098 0.9754098 0.9836066 0.9918033 0.9672131 0.9590164 0.9508197
0.7272727 0.677686 0.7190083 0.7107438 0.6115702 0.6694215 0.5785124 0.6198347 0.6033058 0.6942149 0.7520661
0.1404959 0.0909091 0.1487603 0.1983471 0.2975207 0.3553719 0.3471074 0.4380165 0.4876033 0.5785124 0.6115702
0.1570248 0.1900826 0.1322314 0.02479339 0.01652893 0 0.01652893 0.008264463 0.01652893 0.02479339 0.01652893
0.05042017 0.01680672 0.008403361 0.008403361 0.008403361 0.02521008 0.008403361 0.04201681 0.03361345 0.05042017 0.06722689
0.896 0.88 0.832 0.896 0.848 0.856 0.84 0.752 0.72 0.712 0.76
0.1370968 0.08064516 0.08064516 0.03225806 0.06451613 0.06451613 0.0483871 0.07258065 0.08064516 0.04032258 0.04032258
0.5916667 0.55 0.5916667 0.65 0.7416667 0.725 0.75 0.8583333 0.9 0.8833333 0.9583333
0.3467742 0.3145161 0.3629032 0.3064516 0.3467742 0.3629032 0.3387097 0.3306452 0.3790323 0.3548387 0.3306452
0.6370968 0.6290323 0.6048387 0.6048387 0.6209677 0.6854839 0.7016129 0.6290323 0.717742 0.6693548 0.6854839
0.525 0.5083333 0.5833333 0.6 0.7083333 0.6916667 0.8916667 0.8666667 0.975 0.8833333 0.9083333
0.5454545 0.5619835 0.5785124 0.5702479 0.5454545 0.5371901 0.4876033 0.5123967 0.4876033 0.4876033 0.5123967
0.516129 0.5806452 0.4677419 0.5645161 0.4758065 0.5322581 0.5 0.4516129 0.4677419 0.4677419 0.4596774
0.1074380 0.1983471 0.2975207 0.3223140 0.2809917 0.3966942 0.3636364 0.4297521 0.4214876 0.4380165 0.446281
0.896 0.912 0.864 0.92 0.872 0.864 0.904 0.888 0.912 0.896 0.928
0.2892562 0.2314050 0.2975207 0.2561983 0.2314050 0.2727273 0.2231405 0.2727273 0.2892562 0.3140496 0.3801653
0.7416667 0.775 0.7916667 0.7916667 0.775 0.6583333 0.6416667 0.5416667 0.6833333 0.5416667 0.6333333
0.7295082 0.704918 0.7377049 0.7295082 0.7540984 0.6803279 0.7131148 0.7295082 0.7295082 0.6803279 0.6803279
0.852459 0.942623 0.9344262 0.8934426 0.8442623 0.8606557 0.8442623 0.795082 0.7295082 0.8032787 0.7131148
0.1818182 0.2479339 0.2396694 0.2727273 0.2975207 0.2727273 0.2727273 0.3305785 0.3057851 0.3471074 0.3223140
0.2338710 0.2096774 0.2741935 0.3629032 0.3870968 0.4274194 0.4919355 0.4758065 0.5403226 0.5967742 0.6935484
0.8688525 0.9262295 0.9180328 0.8934426 0.8688525 0.8606557 0.8852459 0.852459 0.8196721 0.8114754 0.8278689
0.6083333 0.5666667 0.575 0.5083333 0.5 0.4166667 0.3083333 0.2916667 0.2416667 0.2333333 0.25
0.9508197 0.9672131 0.9754098 0.9590164 0.9508197 0.9754098 0.942623 0.9754098 0.9672131 0.9016393 0.9508197
0.45 0.35 0.4666667 0.325 0.3166667 0.2916667 0.3 0.2416667 0.2333333 0.1916667 0.2
0.8064516 0.8064516 0.8548387 0.8225806 0.9112903 0.8387097 0.9274194 0.8225806 0.8790323 0.8306452 0.8709677
0.9833333 0.9583333 0.9583333 0.975 0.9666667 0.9666667 0.875 0.95 0.975 0.8333333 0.9083333
0.8347107 0.8264463 0.8429752 0.8347107 0.785124 0.768595 0.7768595 0.6446281 0.5123967 0.5371901 0.5289256
