0.7794118 0.8235294 0.7720588 0.7132353 0.7132353 0.6911765 0.6691176 0.7058824 0.6985294 0.6691176 0.6985294
0.2426471 0.375 0.3602941 0.3308824 0.3970588 0.3161765 0.3676471 0.3823529 0.3455882 0.3529412 0.3382353
0.7153285 0.7445255 0.729927 0.7518248 0.810219 0.7737226 0.7007299 0.729927 0.6715328 0.7007299 0.7153285
0.7410072 0.7410072 0.7913669 0.7769784 0.705036 0.76259 0.76259 0.7913669 0.8489209 0.8057554 0.7482014
0.09558824 0.04411765 0.04411765 0.04411765 0.04411765 0.04411765 0.04411765 0.04411765 0.04411765 0.04411765 0.04411765
0.9208633 0.9352518 0.971223 0.9856115 0.9856115 0.971223 0.9640288 0.9496403 0.9640288 0.9928058 0.9640288
0.4411765 0.4117647 0.5441176 0.4632353 0.4779412 0.5 0.4926471 0.4558824 0.5073529 0.5 0.4926471
0.3669065 0.4316547 0.4388489 0.4748201 0.4172662 0.3021583 0.352518 0.2661871 0.3093525 0.3884892 0.352518
0.5714286 0.5428571 0.5 0.5 0.5 0.4285714 0.4785714 0.4785714 0.4428571 0.4428571 0.4571429
0.5746269 0.5895522 0.6791045 0.6492537 0.6716418 0.6865672 0.6716418 0.7313433 0.761194 0.7164179 0.8134328
0.7410072 0.7482014 0.7482014 0.7769784 0.76259 0.6834532 0.7122302 0.705036 0.7410072 0.7194245 0.7266187
0.03787879 0.1893939 0.2803030 0.3333333 0.2803030 0.2651515 0.2803030 0.2803030 0.2954545 0.2878788 0.2954545
0.5454545 0.530303 0.5757576 0.5833333 0.5606061 0.5454545 0.5454545 0.5151515 0.5454545 0.5530303 0.530303
0.8417266 0.8489209 0.8561151 0.8129496 0.8345324 0.8705036 0.8273381 0.8417266 0.7913669 0.7769784 0.7482014
0.2857143 0.3357143 0.3571429 0.3857143 0.4 0.3571429 0.3857143 0.3857143 0.3785714 0.3714286 0.3714286
0.2196970 0.0909091 0.03030303 0.03787879 0.03787879 0.0530303 0.0530303 0.06060606 0.04545455 0.04545455 0.03787879
0.2045455 0.2424242 0.3257576 0.4015152 0.3863636 0.3560606 0.3636364 0.3636364 0.3787879 0.3863636 0.4015152
0.4924242 0.3787879 0.2878788 0.2727273 0.3106061 0.3560606 0.3863636 0.3636364 0.3712121 0.3030303 0.3333333
0.8059701 0.8955224 0.902985 0.902985 0.8880597 0.8507463 0.880597 0.8731343 0.8656716 0.8656716 0.8432836
0.4525547 0.4525547 0.4817518 0.4087591 0.4306569 0.3868613 0.3722628 0.3649635 0.3941606 0.3722628 0.3576642
0.6356589 0.5968992 0.6589147 0.6666667 0.751938 0.8294574 0.7674419 0.7364341 0.7906977 0.744186 0.7364341
0.3875969 0.3565891 0.3953488 0.372093 0.3643411 0.3875969 0.3875969 0.4186047 0.4263566 0.3643411 0.4108527
0.2686567 0.2313433 0.2238806 0.2388060 0.2313433 0.2313433 0.2686567 0.2537313 0.3208955 0.2611940 0.2985075
0.9432624 0.929078 0.9219858 0.9574468 0.9574468 0.9574468 0.9787234 0.9716312 0.9503546 0.9858156 0.9716312
0.1142857 0.1714286 0.1928571 0.2071429 0.2357143 0.25 0.2571429 0.2142857 0.2214286 0.1857143 0.2285714
0.2554745 0.2992701 0.3284672 0.4160584 0.4525547 0.4890511 0.4963504 0.4890511 0.4890511 0.5109489 0.4817518
0.4031008 0.3875969 0.3798450 0.372093 0.3798450 0.3565891 0.3798450 0.4263566 0.4263566 0.3255814 0.3953488
0.5891473 0.5813953 0.5891473 0.6046512 0.6124031 0.6821705 0.6589147 0.6124031 0.6899225 0.7364341 0.7209302
0.1544118 0.1102941 0.1470588 0.1617647 0.1911765 0.1838235 0.1911765 0.2205882 0.1838235 0.1838235 0.1911765
0.5808824 0.6102941 0.6764706 0.742647 0.6544118 0.6691176 0.7720588 0.7058824 0.7352941 0.7867647 0.6911765
0.07194245 0.05035971 0.04316547 0.02877698 0.007194245 0.03597122 0.05755396 0.0647482 0.09352518 0.08633094 0.05755396
0.5474453 0.5036496 0.5182482 0.5036496 0.5109489 0.5109489 0.5109489 0.5109489 0.5036496 0.5036496 0.5182482
0.5 0.5074627 0.5895522 0.6567164 0.6492537 0.6716418 0.7164179 0.7014925 0.6791045 0.7164179 0.7089552
0.294964 0.3453237 0.3669065 0.3021583 0.3597122 0.2589928 0.3021583 0.2661871 0.2086331 0.2589928 0.2661871
0.5227273 0.5984848 0.6136364 0.6363636 0.5984848 0.5984848 0.4924242 0.5454545 0.5909091 0.5833333 0.5833333
0.1870504 0.1294964 0.07913669 0.03597122 0.05035971 0.02877698 0.03597122 0.05035971 0.03597122 0.04316547 0.03597122
0.1142857 0.1857143 0.2357143 0.2214286 0.2357143 0.25 0.2285714 0.2214286 0.2357143 0.2142857 0.2285714
0.0729927 0.0729927 0.1094891 0.1021898 0.09489051 0.1094891 0.06569343 0.08759124 0.08029197 0.0729927 0.06569343
0.719697 0.6136364 0.5909091 0.5606061 0.5833333 0.5681818 0.5530303 0.5606061 0.5984848 0.5530303 0.5075758
0.780303 0.7878788 0.7348485 0.7878788 0.7424242 0.689394 0.6439394 0.6363636 0.6818182 0.689394 0.6287879
0.3576642 0.459854 0.4671533 0.3941606 0.4233577 0.4087591 0.3576642 0.3430657 0.4087591 0.3722628 0.3649635
0.5036496 0.5036496 0.5255474 0.5255474 0.5328467 0.5182482 0.5328467 0.540146 0.5328467 0.5547445 0.5328467
0.5813953 0.5891473 0.6589147 0.7131783 0.7674419 0.8527132 0.7751938 0.7596899 0.7984496 0.7674419 0.7751938
0.5441176 0.5808824 0.5808824 0.5735294 0.5808824 0.5661765 0.5514706 0.5735294 0.5514706 0.5735294 0.5588235
0.3410853 0.2868217 0.3410853 0.3410853 0.3410853 0.3333333 0.3023256 0.3643411 0.3178295 0.2945736 0.3255814
0.589928 0.5611511 0.5467626 0.5323741 0.5251799 0.5395683 0.5395683 0.5251799 0.5251799 0.5107914 0.5179856
0.7769784 0.7266187 0.6834532 0.6402878 0.6402878 0.6402878 0.6402878 0.6258993 0.618705 0.6330935 0.6258993
0.8217054 0.8139535 0.8139535 0.751938 0.7674419 0.7131783 0.7984496 0.7829457 0.7364341 0.7906977 0.7364341
0.7279412 0.6544118 0.5882353 0.5367647 0.5588235 0.5661765 0.5514706 0.5882353 0.5514706 0.5955882 0.5735294
0.2642857 0.2928571 0.3357143 0.3142857 0.3857143 0.3928571 0.3571429 0.3857143 0.3714286 0.3214286 0.3857143
0.04545455 0.06060606 0.1136364 0.1439394 0.1893939 0.1969697 0.2045455 0.2272727 0.2424242 0.2196970 0.2196970
0.6115108 0.647482 0.6330935 0.6258993 0.589928 0.589928 0.589928 0.5611511 0.5539568 0.5755396 0.5611511
0.8633094 0.8920863 0.9280576 0.9496403 0.9568345 0.9352518 0.9784173 0.9568345 0.9928058 0.942446 0.9280576
0.9571429 0.9428571 0.9428571 0.9357143 0.9 0.9642857 0.9928571 0.9928571 0.9928571 0.9642857 1
0.625 0.625 0.6470588 0.6691176 0.6764706 0.6838235 0.7720588 0.757353 0.6838235 0.7647059 0.6985294
0.810219 0.7956204 0.7810219 0.7153285 0.6715328 0.7007299 0.810219 0.7445255 0.8175182 0.7372263 0.649635
0.1666667 0.2575758 0.2424242 0.2121212 0.2121212 0.1969697 0.2196970 0.1893939 0.2121212 0.25 0.25
0.4573643 0.4031008 0.3488372 0.3255814 0.3178295 0.3178295 0.3178295 0.2790698 0.2558140 0.3023256 0.2403101
0.4042553 0.3971631 0.3758865 0.4184397 0.4113475 0.3617021 0.3900709 0.3617021 0.4113475 0.4397163 0.4326241
0.4893617 0.5248227 0.5460993 0.4822695 0.4751773 0.5319149 0.5106383 0.5248227 0.4680851 0.5319149 0.5460993
0.4964539 0.4751773 0.4468085 0.4468085 0.4539007 0.4397163 0.4184397 0.4609929 0.4255319 0.4184397 0.4397163
0.3642857 0.3571429 0.3642857 0.4071429 0.4714286 0.4214286 0.4285714 0.4285714 0.3857143 0.4214286 0.4285714
0.6343284 0.7164179 0.7313433 0.8059701 0.8208955 0.8134328 0.7761194 0.7761194 0.761194 0.6716418 0.6865672
0.8014184 0.7943262 0.7943262 0.716312 0.716312 0.6666667 0.6595745 0.7021277 0.7092199 0.6595745 0.7092199
0.01515152 0.1136364 0.2045455 0.2348485 0.2272727 0.2348485 0.2121212 0.2121212 0.2651515 0.2575758 0.2272727
0.868217 0.8062016 0.7596899 0.7286822 0.7674419 0.7209302 0.7209302 0.7286822 0.751938 0.9069767 0.8914729
0.4850746 0.4253731 0.3656716 0.3432836 0.3208955 0.2686567 0.2537313 0.2462687 0.2761194 0.2835821 0.2611940
0.8527132 0.8062016 0.751938 0.7286822 0.7674419 0.8139535 0.7596899 0.7674419 0.9069767 0.9069767 0.9147287
0.3868613 0.4306569 0.4160584 0.4452555 0.4306569 0.4452555 0.459854 0.4452555 0.4014599 0.3722628 0.4087591
0.25 0.2954545 0.3333333 0.3560606 0.3333333 0.3560606 0.3409091 0.3333333 0.3560606 0.2803030 0.2878788
0.3669065 0.2661871 0.1654676 0.1079137 0.1366906 0.08633094 0.1079137 0.09352518 0.05035971 0.0647482 0.05035971
0.4285714 0.3571429 0.3928571 0.45 0.4428571 0.4214286 0.4214286 0.4285714 0.4357143 0.4214286 0.3928571
0.883721 0.8062016 0.7984496 0.7364341 0.7984496 0.7829457 0.7131783 0.7364341 0.7906977 0.883721 0.8914729
0.1162791 0.09302326 0.1782946 0.1550388 0.1937984 0.1550388 0.1860465 0.1937984 0.2093023 0.1782946 0.2170543
0.4806202 0.496124 0.4883721 0.496124 0.4883721 0.5348837 0.4651163 0.4728682 0.4728682 0.4883721 0.4728682
0.9015152 0.9090909 0.8939394 0.8939394 0.8939394 0.8863636 0.8787879 0.9015152 0.8787879 0.8712121 0.8712121
0.8257576 0.7575758 0.7651515 0.7651515 0.780303 0.7651515 0.780303 0.7878788 0.8484848 0.8257576 0.7575758
0.9772727 0.9772727 0.9924242 0.9848485 0.9848485 0.9772727 0.969697 0.9469697 0.9318182 0.9621212 0.9772727
0.7286822 0.7054264 0.744186 0.7131783 0.7286822 0.7131783 0.6976744 0.7364341 0.6899225 0.7131783 0.7674419
0.6742424 0.7727273 0.7651515 0.780303 0.7045455 0.6742424 0.689394 0.6818182 0.689394 0.6969697 0.7045455
0.0647482 0.1582734 0.2014388 0.2086331 0.2517986 0.1942446 0.1942446 0.1654676 0.2302158 0.2446043 0.2014388
0.6818182 0.5681818 0.5530303 0.5075758 0.5227273 0.5227273 0.5378788 0.5454545 0.530303 0.5075758 0.5227273
0.6666667 0.7727273 0.7954545 0.9090909 0.8712121 0.8712121 0.8712121 0.8636364 0.8863636 0.8181818 0.8484848
0.3432836 0.3059701 0.3208955 0.3283582 0.3059701 0.3358209 0.2910448 0.2462687 0.2686567 0.2313433 0.2164179
0.7272727 0.7272727 0.7424242 0.7272727 0.6666667 0.6590909 0.6287879 0.6590909 0.6590909 0.6742424 0.689394
0.1343284 0.1716418 0.1567164 0.1044776 0.1044776 0.07462687 0.05970149 0.05223881 0.05223881 0.05223881 0.05223881
0.3357664 0.2189781 0.1021898 0.09489051 0.0729927 0.06569343 0.06569343 0.02189781 0.02919708 0.02919708 0.04379562
0.4701493 0.5 0.5149254 0.5597015 0.5820896 0.5820896 0.6119403 0.6343284 0.5970149 0.5970149 0.5671642
0.7121212 0.6818182 0.6666667 0.6363636 0.6363636 0.6363636 0.5984848 0.6439394 0.5606061 0.6212121 0.6136364
0.1395349 0.1627907 0.1627907 0.1550388 0.2325581 0.1782946 0.2015504 0.1937984 0.1937984 0.1937984 0.1937984
0.3161765 0.3529412 0.3602941 0.375 0.3529412 0.3602941 0.3676471 0.3897059 0.3382353 0.3455882 0.3529412
0.1223022 0.1582734 0.1438849 0.1582734 0.1798561 0.1942446 0.1294964 0.1223022 0.1654676 0.1654676 0.1510791
0.5895522 0.7089552 0.7164179 0.8059701 0.8880597 0.8283582 0.8208955 0.8134328 0.7761194 0.7164179 0.7164179
0.2158273 0.1582734 0.09352518 0.1007194 0.1079137 0.1654676 0.1438849 0.1223022 0.1510791 0.1223022 0.1438849
0.4558824 0.5441176 0.5882353 0.6617647 0.5661765 0.617647 0.6617647 0.625 0.625 0.6911765 0.632353
0.25 0.2720588 0.3014706 0.2794118 0.2426471 0.2941176 0.2941176 0.2941176 0.2426471 0.2941176 0.3014706
0.9148936 0.9148936 0.8439716 0.8652482 0.8297872 0.858156 0.8439716 0.7730496 0.8652482 0.8510638 0.8014184
0.4452555 0.4817518 0.4963504 0.5036496 0.5109489 0.5255474 0.5620438 0.5328467 0.5474453 0.5620438 0.5328467
0.07575758 0.0530303 0.0530303 0.06818182 0.06818182 0.0909091 0.0909091 0.09848485 0.0909091 0.1439394 0.08333333
0.01515152 0.007575758 0.03030303 0.06060606 0.04545455 0.04545455 0.0530303 0.0530303 0.04545455 0.0530303 0.06060606
0.884892 0.8920863 0.913669 0.942446 0.9280576 0.913669 0.9496403 0.942446 0.9568345 0.9280576 0.9064748
0.06818182 0.1136364 0.2196970 0.2121212 0.2727273 0.3257576 0.2803030 0.3106061 0.2803030 0.2727273 0.2727273
0.9457364 0.868217 0.8449612 0.883721 0.9147287 0.875969 0.8914729 0.9069767 0.9147287 0.9069767 0.9069767
0.3955224 0.3880597 0.4029851 0.4104478 0.4104478 0.3955224 0.3880597 0.3582090 0.3731343 0.380597 0.380597
0.6742424 0.7651515 0.7272727 0.689394 0.6363636 0.6439394 0.6287879 0.5984848 0.6515152 0.6590909 0.6969697
0.3283582 0.3208955 0.3358209 0.2761194 0.2761194 0.2313433 0.2388060 0.2164179 0.2611940 0.2462687 0.2238806
0.8088235 0.8088235 0.7720588 0.7058824 0.7352941 0.7867647 0.6838235 0.7720588 0.7279412 0.7867647 0.7941176
0.1071429 0.07857143 0.07142857 0.05714286 0.07142857 0.1142857 0.1071429 0.1 0.06428571 0.08571429 0.07857143
0.8455882 0.8602941 0.867647 0.757353 0.7794118 0.7941176 0.7647059 0.7867647 0.7794118 0.7867647 0.7941176
0.5323741 0.5395683 0.5683453 0.5971223 0.5755396 0.5827338 0.6043165 0.5539568 0.5467626 0.5755396 0.5539568
0.459854 0.459854 0.4160584 0.4160584 0.4233577 0.4233577 0.4306569 0.4087591 0.3722628 0.3795620 0.3868613
0.2954545 0.3939394 0.4393939 0.4318182 0.4772727 0.4621212 0.4393939 0.4621212 0.4621212 0.4318182 0.4318182
0.6976744 0.5891473 0.5891473 0.5658915 0.5736434 0.5581395 0.5813953 0.5736434 0.5581395 0.5503876 0.5426357
0.1641791 0.1492537 0.1641791 0.1791045 0.1940299 0.1716418 0.1791045 0.1641791 0.1716418 0.1865672 0.1641791
0.3642857 0.3428571 0.3357143 0.2785714 0.2214286 0.2642857 0.2642857 0.2214286 0.2214286 0.2857143 0.2571429
0.4496124 0.4573643 0.3023256 0.3100775 0.2558140 0.2790698 0.2790698 0.2635659 0.2403101 0.3023256 0.3100775
0.4850746 0.4850746 0.5 0.5223881 0.5298507 0.5074627 0.4925373 0.4850746 0.5597015 0.5895522 0.5671642
0.810606 0.8333333 0.7878788 0.7121212 0.7272727 0.7121212 0.7272727 0.6666667 0.6818182 0.6439394 0.6969697
0.1860465 0.2170543 0.2945736 0.3410853 0.2635659 0.3100775 0.2635659 0.2713178 0.2325581 0.2635659 0.2635659
0.8776978 0.8417266 0.8992806 0.8920863 0.9352518 0.913669 0.9064748 0.9064748 0.913669 0.9784173 0.942446
0.9848485 0.9469697 0.939394 0.9545455 0.9166667 0.9318182 0.9318182 0.9318182 0.939394 0.9924242 0.9924242
0.8992806 0.8705036 0.8776978 0.884892 0.884892 0.8992806 0.8705036 0.8920863 0.8705036 0.8776978 0.913669
0.07575758 0.1515152 0.1969697 0.2045455 0.2272727 0.2196970 0.2045455 0.1666667 0.2121212 0.2575758 0.2272727
0.6115108 0.5827338 0.5539568 0.5827338 0.5971223 0.6043165 0.589928 0.589928 0.6258993 0.6115108 0.7482014
0.3410853 0.3333333 0.3100775 0.3410853 0.2868217 0.2635659 0.2790698 0.3178295 0.2868217 0.2945736 0.3023256
0.007194245 0.02877698 0.05755396 0.1294964 0.1294964 0.05755396 0.0647482 0.05035971 0.08633094 0.1294964 0.1294964
0.6363636 0.6363636 0.6212121 0.6363636 0.5984848 0.5909091 0.5909091 0.5833333 0.5606061 0.5833333 0.5606061
0.7226277 0.7810219 0.7956204 0.8467153 0.8321168 0.8321168 0.810219 0.839416 0.890511 0.8759124 0.8978102
0.3676471 0.4044118 0.375 0.3970588 0.3823529 0.3823529 0.3602941 0.4044118 0.3455882 0.3529412 0.3897059
0.5 0.5 0.5530303 0.5606061 0.5530303 0.5454545 0.5378788 0.5378788 0.5606061 0.5227273 0.5075758
0.3712121 0.3939394 0.4166667 0.4545455 0.3939394 0.4393939 0.4545455 0.4545455 0.469697 0.4393939 0.4469697
0.5151515 0.5833333 0.6060606 0.6363636 0.5984848 0.5984848 0.6060606 0.6212121 0.6136364 0.5833333 0.5833333
0.2127660 0.3120567 0.3404255 0.3404255 0.3546099 0.2553191 0.2624113 0.2553191 0.2482270 0.3191489 0.3262411
0.1343284 0.1492537 0.1567164 0.1044776 0.1044776 0.09701493 0.06716418 0.07462687 0.05970149 0.05223881 0.05223881
0.689394 0.6969697 0.6212121 0.5984848 0.5833333 0.5909091 0.5909091 0.5909091 0.5909091 0.5833333 0.5606061
0.1223022 0.1510791 0.1798561 0.1942446 0.2014388 0.2230216 0.2014388 0.2517986 0.2158273 0.2158273 0.2086331
0.2803030 0.2575758 0.25 0.2651515 0.2651515 0.25 0.25 0.25 0.2272727 0.2348485 0.2651515
0.6666667 0.6136364 0.5530303 0.5 0.5378788 0.5984848 0.6363636 0.75 0.7424242 0.7272727 0.75
0.3 0.3142857 0.3357143 0.3642857 0.4 0.35 0.3571429 0.4 0.3285714 0.3357143 0.3428571
0.1791045 0.2238806 0.2985075 0.3283582 0.3283582 0.3208955 0.2910448 0.3059701 0.3208955 0.3507463 0.3507463
0.7575758 0.6212121 0.5984848 0.6212121 0.6666667 0.6515152 0.6590909 0.6666667 0.7424242 0.75 0.6969697
0.2919708 0.2116788 0.1313869 0.1240876 0.08759124 0.1240876 0.1386861 0.1240876 0.1605839 0.1459854 0.1605839
0.4728682 0.496124 0.5116279 0.5116279 0.4728682 0.5348837 0.496124 0.5271318 0.503876 0.4883721 0.5116279
0.5531915 0.5460993 0.5744681 0.5957447 0.5673759 0.6170213 0.5460993 0.6099291 0.5744681 0.6099291 0.6028369
0.1060606 0.2196970 0.2272727 0.2651515 0.2651515 0.2424242 0.2803030 0.2348485 0.2575758 0.3030303 0.2954545
0.7537313 0.7164179 0.7089552 0.7089552 0.7238806 0.6716418 0.6119403 0.5970149 0.6865672 0.8955224 0.8880597
0.7841727 0.7553957 0.7194245 0.7841727 0.76259 0.7913669 0.7769784 0.7985612 0.7697842 0.7553957 0.8417266
0.6666667 0.6060606 0.5606061 0.5227273 0.5378788 0.530303 0.5454545 0.5530303 0.5378788 0.5075758 0.4924242
0.9457364 0.8914729 0.9147287 0.9224806 0.9147287 0.9302326 0.9147287 0.8992248 0.9147287 0.9302326 0.9147287
0.9929078 0.9929078 0.9929078 0.9929078 0.9929078 0.9716312 0.9503546 0.9503546 0.9503546 0.9716312 0.9929078
0.8297872 0.8368794 0.8085106 0.751773 0.7234043 0.7588652 0.7021277 0.716312 0.7375887 0.680851 0.7092199
