0.5737705 0.6065574 0.5409836 0.5901639 0.5983607 0.6229508 0.6311475 0.5819672 0.5737705 0.6393443 0.6065574
0.6115702 0.5785124 0.6280992 0.5785124 0.4958678 0.5371901 0.5702479 0.5454545 0.6115702 0.5041322 0.553719
0.8852459 0.8852459 0.9344262 0.8852459 0.8360656 0.9180328 0.9508197 0.9016393 0.9262295 0.9754098 0.9016393
0.8559322 0.8898305 0.898305 0.940678 0.9576271 0.9661017 0.8898305 0.9322034 0.898305 0.8559322 0.7966102
0.15625 0.140625 0.0703125 0.140625 0.15625 0.140625 0.1796875 0.234375 0.2734375 0.2265625 0.265625
0.2583333 0.3 0.3833333 0.475 0.4916667 0.55 0.6083333 0.6 0.6666667 0.6666667 0.6333333
0.008196721 0.02459016 0.04098361 0.06557377 0.06557377 0.1229508 0.05737705 0.09836066 0.09836066 0.1147541 0.1147541
0.4545455 0.4380165 0.3966942 0.4049587 0.3223140 0.2975207 0.2479339 0.2561983 0.2561983 0.3140496 0.2644628
0.3089431 0.3739837 0.4146341 0.4796748 0.495935 0.5203252 0.5203252 0.699187 0.6666667 0.5284553 0.7235772
0.552 0.544 0.52 0.704 0.64 0.704 0.712 0.848 0.824 0.776 0.784
0.05555556 0.1111111 0.2142857 0.3174603 0.3888889 0.3809524 0.4761905 0.5079365 0.531746 0.5793651 0.6111111
0.7521368 0.7692308 0.7777778 0.7863248 0.7777778 0.8290598 0.8974359 0.7863248 0.8461538 0.8119658 0.7777778
0.8205128 0.8888889 0.8717949 0.8888889 0.8547009 0.8974359 0.8803419 0.7863248 0.7094017 0.5811966 0.5470085
0.2809917 0.2644628 0.2892562 0.3305785 0.3057851 0.338843 0.3553719 0.338843 0.3305785 0.3057851 0.3140496
0.1854839 0.2016129 0.1129032 0.1290323 0.1774194 0.08870968 0.1532258 0.1774194 0.1693548 0.1532258 0.1693548
0.2421875 0.2421875 0.21875 0.1015625 0.140625 0.1953125 0.1796875 0.1640625 0.1875 0.171875 0.2109375
0.4596774 0.5080645 0.5483871 0.5967742 0.6612903 0.7096774 0.8225806 0.8790323 0.9435484 0.967742 0.967742
0.7603306 0.7272727 0.7190083 0.7190083 0.7107438 0.6942149 0.677686 0.8016529 0.7190083 0.7933884 0.8016529
0.416 0.472 0.424 0.448 0.392 0.352 0.4 0.304 0.288 0.232 0.216
0.6949153 0.720339 0.6271186 0.5932203 0.5338983 0.5 0.4745763 0.440678 0.4067797 0.4576271 0.4830508
0.35 0.425 0.425 0.425 0.3833333 0.4416667 0.4 0.4333333 0.4 0.3416667 0.3416667
0.4634146 0.4634146 0.495935 0.4796748 0.4471545 0.5365854 0.5203252 0.5447154 0.5121951 0.5284553 0.5365854
0.795082 0.7704918 0.8934426 0.795082 0.852459 0.8852459 0.9262295 0.9672131 0.909836 0.8934426 0.8852459
0.07438017 0.04132231 0.04958678 0.04132231 0.07438017 0.04132231 0.04958678 0.03305785 0.03305785 0.04132231 0.03305785
0.2288136 0.220339 0.1610169 0.1440678 0.1864407 0.1271186 0.2033898 0.220339 0.1949153 0.2542373 0.2457627
0.4435484 0.4193548 0.4516129 0.4677419 0.5725806 0.516129 0.5564516 0.5645161 0.6451613 0.6612903 0.6209677
0.5166667 0.45 0.4 0.2583333 0.2416667 0.1416667 0.1083333 0.06666667 0.04166667 0.05833333 0.04166667
0.7272727 0.661157 0.7190083 0.6198347 0.6033058 0.661157 0.7024793 0.6942149 0.7355372 0.8264463 0.8099174
0.1048387 0.0967742 0.07258065 0.0967742 0.08064516 0.0483871 0.08064516 0.0483871 0.08064516 0.0967742 0.06451613
0.5128205 0.5641026 0.5470085 0.4102564 0.4871795 0.4871795 0.4273504 0.4358974 0.3931624 0.2905983 0.2478632
0.1147541 0.05737705 0.06557377 0.03278689 0.05737705 0.1065574 0.05737705 0.08196721 0.07377049 0.04918033 0.05737705
0.516129 0.5080645 0.3870968 0.3306452 0.2258065 0.2419355 0.0967742 0.1693548 0.06451613 0.06451613 0.03225806
0.5245902 0.4590164 0.5 0.4836066 0.5491803 0.5163934 0.4836066 0.5163934 0.5491803 0.6065574 0.557377
0.2727273 0.2644628 0.3140496 0.2644628 0.2809917 0.2066116 0.2479339 0.2561983 0.2561983 0.2561983 0.2644628
0.3412698 0.484127 0.5555556 0.5555556 0.6746032 0.6666667 0.7142857 0.7301587 0.8174603 0.8412698 0.8253968
0.432 0.4 0.336 0.176 0.072 0.056 0.064 0.016 0.008 0.008 0.016
0.4333333 0.425 0.425 0.4833333 0.4916667 0.525 0.6 0.65 0.825 0.8666667 0.9166667
0.06779661 0.03389831 0.07627119 0.1186441 0.05084746 0.09322034 0.1440678 0.1864407 0.1864407 0.2118644 0.2711864
0.8632479 0.8717949 0.91453 0.8974359 0.923077 0.8888889 0.7606838 0.9059829 0.7094017 0.6923077 0.5811966
0.8559322 0.8135593 0.838983 0.9491525 0.8305085 0.8728814 0.7966102 0.7966102 0.7966102 0.7542373 0.7627119
0.4380165 0.3636364 0.3884298 0.3966942 0.4214876 0.4049587 0.4049587 0.4049587 0.3966942 0.3719008 0.338843
0.728 0.68 0.608 0.496 0.496 0.384 0.352 0.312 0.344 0.232 0.232
0.2698413 0.2619048 0.3888889 0.3015873 0.3650794 0.4285714 0.4126984 0.5238095 0.5079365 0.515873 0.5555556
0.2396694 0.2727273 0.2809917 0.3305785 0.4214876 0.4214876 0.4793388 0.5041322 0.553719 0.5785124 0.677686
0.2983871 0.2983871 0.2016129 0.1451613 0.1129032 0.07258065 0.01612903 0.04032258 0.04032258 0.04032258 0.02419355
0.75 0.75 0.7265625 0.7109375 0.6953125 0.703125 0.8125 0.828125 0.765625 0.8125 0.796875
0.7698413 0.7619048 0.7857143 0.7936508 0.7777778 0.8253968 0.8095238 0.7301587 0.6507937 0.6746032 0.6269841
0.192 0.184 0.168 0.248 0.248 0.2 0.184 0.176 0.192 0.184 0.208
0.875 0.9 0.9 0.8666667 0.8666667 0.9083333 0.9083333 0.8583333 0.8416667 0.9166667 0.8583333
0.9237288 0.9491525 0.9237288 0.9576271 0.9152542 0.940678 0.9322034 0.9322034 0.8135593 0.7881356 0.6016949
0.8416667 0.85 0.825 0.8666667 0.8 0.875 0.775 0.8666667 0.7916667 0.825 0.6833333
0.2698413 0.3571429 0.3888889 0.3174603 0.3253968 0.3492063 0.3015873 0.3650794 0.3095238 0.3809524 0.2380952
0.9919355 1 0.983871 0.967742 0.9919355 0.9919355 0.983871 0.967742 0.983871 0.967742 0.9193548
0.4444444 0.4603175 0.3888889 0.4126984 0.3730159 0.2777778 0.2777778 0.2777778 0.2380952 0.2301587 0.2063492
0.3050847 0.2627119 0.220339 0.1440678 0.1271186 0.1355932 0.1016949 0.06779661 0.04237288 0.04237288 0.01694915
0.05982906 0.1282051 0.1452991 0.1025641 0.07692308 0.08547009 0.0940171 0.05982906 0.08547009 0.05128205 0.06837607
0.7317073 0.6910569 0.6097561 0.6178862 0.4308943 0.4471545 0.3902439 0.3252033 0.3170732 0.3089431 0.2764228
0.2764228 0.2195122 0.2113821 0.1300813 0.1056911 0.1300813 0.1544715 0.1788618 0.1626016 0.2357724 0.3089431
0.584 0.648 0.52 0.496 0.376 0.296 0.224 0.224 0.192 0.168 0.128
0.2195122 0.2845528 0.4146341 0.4471545 0.5853659 0.6422764 0.7723577 0.7886179 0.8211382 0.8211382 0.7235772
0.6949153 0.7118644 0.7288136 0.720339 0.7542373 0.6779661 0.7542373 0.7627119 0.8135593 0.8050847 0.7627119
0.890625 0.9296875 0.9609375 0.9140625 0.8984375 0.9453125 0.921875 0.859375 0.765625 0.7109375 0.703125
0.6 0.5666667 0.6333333 0.6583333 0.675 0.7 0.8416667 0.8583333 0.8666667 0.9583333 0.925
0.140625 0.1640625 0.1171875 0.078125 0.046875 0.046875 0.0625 0.03125 0.046875 0.0703125 0.046875
0.4545455 0.3719008 0.338843 0.4049587 0.3884298 0.4049587 0.4049587 0.4049587 0.3966942 0.3966942 0.4132231
0.7288136 0.7372881 0.7542373 0.7372881 0.6864407 0.6779661 0.6355932 0.6271186 0.6525424 0.5508475 0.5
0.5241935 0.5080645 0.5483871 0.4354839 0.4758065 0.4274194 0.5 0.4919355 0.483871 0.5080645 0.4677419
0.2457627 0.2372881 0.1694915 0.1610169 0.1525424 0.1440678 0.1864407 0.1355932 0.1779661 0.1779661 0.1525424
0.6885246 0.5983607 0.6393443 0.6065574 0.6229508 0.5491803 0.5245902 0.4836066 0.5409836 0.5163934 0.5655738
0.9836066 0.9836066 0.9508197 0.9590164 0.9836066 0.9016393 0.9672131 0.8688525 0.8360656 0.7868852 0.7540984
0.008474576 0.01694915 0 0 0 0.008474576 0.03389831 0.05932203 0.04237288 0.04237288 0.06779661
0.6752137 0.6324786 0.5811966 0.6410256 0.6153846 0.6068376 0.5555556 0.5811966 0.5299145 0.4786325 0.4615385
0.9421488 0.8842975 0.8429752 0.9173554 0.9421488 0.9586777 0.9256198 0.9008264 0.9090909 0.8429752 0.8842975
0.9836066 0.9918033 0.9836066 0.9590164 0.9836066 0.9344262 0.9672131 0.9180328 0.909836 0.909836 0.9016393
0.75 0.7583333 0.8083333 0.8 0.875 0.9 0.95 0.8583333 0.9166667 0.9333333 0.8666667
0.6440678 0.7033898 0.6949153 0.7542373 0.8135593 0.8728814 0.8220339 0.8474576 0.898305 0.9322034 0.8474576
0.5333333 0.5666667 0.5666667 0.6166667 0.6416667 0.625 0.6083333 0.6416667 0.6916667 0.7333333 0.8
0.07317073 0.1869919 0.2276423 0.2764228 0.3414634 0.3495935 0.4065041 0.4146341 0.4796748 0.4390244 0.398374
0.7948718 0.7863248 0.8034188 0.7521368 0.7350427 0.6923077 0.6068376 0.6410256 0.6495726 0.5042735 0.5641026
0.3162393 0.2222222 0.2478632 0.1794872 0.2136752 0.2136752 0.3589744 0.4188034 0.5042735 0.5042735 0.5811966
0.4786325 0.5470085 0.5811966 0.5726496 0.5128205 0.4871795 0.4444444 0.4188034 0.4444444 0.3504274 0.2991453
0.1532258 0.2016129 0.0967742 0.07258065 0.07258065 0.07258065 0.06451613 0.1129032 0.1612903 0.1532258 0.1774194
0.7131148 0.7295082 0.6885246 0.795082 0.7868852 0.8278689 0.8770492 0.9180328 0.9180328 0.8934426 0.9016393
0.6803279 0.6967213 0.6557377 0.7213115 0.6885246 0.6557377 0.7131148 0.6967213 0.8032787 0.7868852 0.7540984
0.04237288 0.1186441 0.1610169 0.1525424 0.2033898 0.2711864 0.2881356 0.3135593 0.3305085 0.3389831 0.3983051
0.4552846 0.4065041 0.3577236 0.300813 0.2926829 0.2439024 0.2682927 0.2439024 0.2195122 0.1869919 0.1626016
0.0952381 0.04761905 0.08730159 0.02380952 0.01587302 0.03174603 0.04761905 0.06349206 0.06349206 0.05555556 0.0952381
0.4958678 0.4793388 0.553719 0.6033058 0.6033058 0.5867769 0.661157 0.661157 0.6363636 0.6528926 0.7107438
0.828125 0.828125 0.828125 0.8828125 0.890625 0.8984375 0.875 0.7734375 0.75 0.796875 0.75
0.4603175 0.5396825 0.515873 0.6031746 0.5952381 0.6111111 0.6666667 0.6984127 0.6904762 0.8571429 0.8650794
0.6935484 0.6532258 0.6612903 0.5564516 0.5887097 0.4677419 0.5 0.4758065 0.4274194 0.3951613 0.4354839
0.04958678 0.1239669 0.05785124 0.0909091 0.2066116 0.2148760 0.3057851 0.3223140 0.2727273 0.3801653 0.3140496
0.5833333 0.5583333 0.625 0.6583333 0.7333333 0.775 0.7666667 0.8666667 0.8 0.8916667 0.8
0.3739837 0.3333333 0.398374 0.4065041 0.4227642 0.4227642 0.4552846 0.4634146 0.495935 0.4878049 0.4878049
0.8034188 0.8034188 0.7777778 0.7521368 0.7094017 0.6752137 0.6495726 0.6495726 0.5299145 0.4786325 0.4529915
0.4871795 0.5641026 0.4529915 0.4017094 0.4017094 0.3333333 0.3760684 0.4017094 0.4188034 0.3931624 0.3675214
0.1186441 0.1779661 0.1694915 0.1440678 0.1779661 0.2033898 0.2372881 0.2372881 0.2966102 0.3135593 0.3050847
0.7723577 0.7886179 0.8211382 0.8211382 0.8211382 0.796748 0.6910569 0.7073171 0.7317073 0.6341463 0.6666667
0.5819672 0.5983607 0.5409836 0.5901639 0.6229508 0.6147541 0.6147541 0.8114754 0.8196721 0.8442623 0.9016393
0.464 0.392 0.432 0.336 0.344 0.28 0.232 0.224 0.232 0.232 0.248
0 0 0 0.008547009 0.008547009 0.01709402 0.03418803 0.02564103 0.02564103 0 0.01709402
0.3846154 0.3931624 0.3162393 0.4188034 0.2991453 0.2051282 0.2393162 0.2136752 0.1794872 0.1965812 0.1709402
0.3658537 0.3739837 0.3170732 0.3414634 0.3495935 0.3495935 0.3739837 0.398374 0.4471545 0.4715447 0.4308943
0.625 0.6166667 0.5416667 0.5083333 0.525 0.4333333 0.4 0.375 0.3916667 0.3333333 0.3
0.2301587 0.3174603 0.2619048 0.2857143 0.1666667 0.1269841 0.1428571 0.1349206 0.1507937 0.1746032 0.1587302
0.7350427 0.7521368 0.7521368 0.7179487 0.7094017 0.6581197 0.6666667 0.7435897 0.6068376 0.5641026 0.5470085
0.05 0.1083333 0.09166667 0.08333333 0.075 0.1166667 0.09166667 0.09166667 0.1166667 0.08333333 0.08333333
0.7711864 0.779661 0.7542373 0.7288136 0.7627119 0.6355932 0.5423729 0.6525424 0.5677966 0.5508475 0.559322
0.968 0.992 0.96 0.976 1 0.984 0.992 0.984 0.984 0.92 0.968
0.7265625 0.703125 0.71875 0.7109375 0.65625 0.65625 0.59375 0.5546875 0.6171875 0.703125 0.71875
0.1111111 0.1880342 0.1709402 0.1880342 0.1794872 0.2478632 0.3076923 0.4017094 0.4529915 0.4871795 0.6239316
0.1833333 0.125 0.06666667 0.03333333 0.06666667 0.03333333 0.04166667 0.01666667 0.01666667 0 0.01666667
0.008547009 0 0 0.008547009 0.01709402 0.02564103 0.03418803 0.03418803 0.04273504 0.05982906 0.1111111
0.968 0.952 0.96 0.976 0.944 0.896 0.92 0.928 0.96 0.92 0.92
0.112 0.08 0.096 0.072 0.04 0.016 0.016 0.024 0.056 0.024 0.04
0.6239316 0.6581197 0.7264957 0.6923077 0.7350427 0.8461538 0.7435897 0.8034188 0.923077 0.965812 0.965812
0.2520325 0.2682927 0.3577236 0.3252033 0.3658537 0.398374 0.3821138 0.4308943 0.4065041 0.3739837 0.3739837
0.5 0.5084746 0.4237288 0.3813559 0.4745763 0.440678 0.4322034 0.4322034 0.3813559 0.3644068 0.3983051
0.4876033 0.4876033 0.5950413 0.6528926 0.6363636 0.6528926 0.785124 0.7024793 0.8264463 0.8181818 0.8429752
0.4596774 0.483871 0.4193548 0.5241935 0.516129 0.5080645 0.4596774 0.483871 0.4274194 0.4516129 0.4677419
0.5916667 0.5416667 0.5416667 0.5333333 0.5333333 0.5583333 0.5833333 0.4666667 0.4333333 0.4166667 0.4416667
0.224 0.248 0.312 0.28 0.328 0.296 0.352 0.368 0.456 0.416 0.448
0.920635 0.8492063 0.8650794 0.7936508 0.8253968 0.8333333 0.8650794 0.8412698 0.9047619 0.920635 0.8888889
0.2975207 0.2644628 0.2396694 0.2066116 0.2314050 0.2066116 0.2066116 0.2561983 0.2561983 0.2644628 0.2727273
0.8951613 0.8629032 0.8467742 0.7580645 0.7580645 0.7580645 0.7419355 0.7419355 0.5967742 0.717742 0.717742
0.704918 0.704918 0.7377049 0.7213115 0.6967213 0.8114754 0.8114754 0.704918 0.7377049 0.7459016 0.6885246
0.9349593 0.902439 0.894309 0.9268293 0.8699187 0.7886179 0.7235772 0.6747967 0.5934959 0.5284553 0.4796748
0.1186441 0.2372881 0.1271186 0.1440678 0.1694915 0.2033898 0.2542373 0.2372881 0.2966102 0.2966102 0.279661
0.275 0.2666667 0.3 0.3333333 0.3666667 0.4 0.4166667 0.4416667 0.5083333 0.6 0.6333333
0.9296875 0.9375 0.9765625 0.90625 0.9296875 0.859375 0.8984375 0.859375 0.6796875 0.578125 0.5390625
0.6 0.7 0.6416667 0.5416667 0.4833333 0.4166667 0.35 0.3 0.2833333 0.2916667 0.2416667
0.8205128 0.8290598 0.8717949 0.8376068 0.8547009 0.8717949 0.91453 0.7948718 0.923077 0.8290598 0.8461538
0.4754098 0.4836066 0.4344262 0.3688525 0.4262295 0.352459 0.3852459 0.3770492 0.3278689 0.3032787 0.2950820
0.8050847 0.8135593 0.8305085 0.779661 0.9322034 0.8728814 0.7627119 0.8220339 0.7881356 0.7881356 0.7457627
0.8861789 0.902439 0.894309 0.9268293 0.894309 0.8780488 0.8211382 0.7804878 0.7560976 0.8455285 0.8861789
0.7948718 0.7863248 0.8119658 0.8119658 0.8119658 0.7948718 0.7435897 0.6495726 0.6239316 0.5042735 0.5213675
