0.6528926 0.6033058 0.6528926 0.5867769 0.6033058 0.5702479 0.5867769 0.6198347 0.6694215 0.661157 0.7190083
0.4796748 0.495935 0.4308943 0.5284553 0.5121951 0.4796748 0.5284553 0.504065 0.495935 0.504065 0.5528455
0.9754098 0.9672131 0.9672131 0.9754098 0.9754098 0.9836066 0.9672131 0.9590164 0.942623 0.8442623 0.8032787
0.6984127 0.8253968 0.8333333 0.7936508 0.8333333 0.8492063 0.8095238 0.7063492 0.7063492 0.6746032 0.6269841
0.03333333 0.03333333 0.03333333 0.075 0.075 0.04166667 0.09166667 0.1 0.125 0.1333333 0.15
0.3553719 0.4545455 0.4380165 0.5702479 0.5123967 0.5867769 0.7520661 0.7438017 0.7438017 0.8099174 0.7355372
0.07377049 0.1065574 0.1393443 0.1393443 0.1721311 0.2131148 0.1721311 0.2622951 0.2377049 0.2786885 0.1967213
0.2314050 0.2644628 0.1404959 0.1735537 0.08264463 0.1487603 0.1074380 0.1239669 0.08264463 0.1322314 0.1570248
0.4358974 0.4529915 0.5042735 0.5641026 0.5299145 0.5470085 0.5811966 0.6410256 0.6239316 0.6239316 0.6923077
0.53125 0.5546875 0.6171875 0.7109375 0.7421875 0.8046875 0.859375 0.8984375 0.875 0.9609375 0.9140625
0.09166667 0.125 0.225 0.25 0.4 0.5083333 0.4916667 0.5333333 0.5916667 0.6666667 0.7583333
0.8034188 0.7264957 0.7350427 0.7521368 0.7264957 0.7264957 0.6837607 0.8205128 0.6581197 0.7094017 0.6068376
0.9590164 0.9508197 0.9754098 0.9590164 0.9590164 0.942623 0.942623 0.8196721 0.795082 0.7786885 0.7213115
0.3064516 0.2258065 0.2661290 0.2903226 0.3306452 0.3225806 0.3467742 0.3629032 0.3709677 0.3145161 0.3790323
0.1983471 0.1652893 0.1983471 0.1818182 0.2396694 0.2148760 0.2479339 0.2396694 0.3553719 0.3884298 0.4214876
0.3278689 0.3196721 0.3442623 0.3114754 0.2704918 0.2459016 0.2459016 0.2622951 0.2377049 0.2049180 0.1967213
0.5322581 0.5403226 0.6048387 0.6370968 0.733871 0.7903226 0.8467742 0.9032258 0.983871 0.967742 0.9758065
0.7096774 0.7096774 0.733871 0.766129 0.7096774 0.6451613 0.6048387 0.6854839 0.6532258 0.7419355 0.766129
0.2950820 0.4180328 0.3442623 0.3196721 0.352459 0.2950820 0.2540984 0.2786885 0.2049180 0.2213115 0.1967213
0.7179487 0.6239316 0.6324786 0.5470085 0.5641026 0.5811966 0.5641026 0.5726496 0.5726496 0.6239316 0.6239316
0.3252033 0.1788618 0.3170732 0.2845528 0.2845528 0.2926829 0.3495935 0.3902439 0.3577236 0.3739837 0.3577236
0.5078125 0.5234375 0.625 0.5078125 0.53125 0.53125 0.515625 0.609375 0.5859375 0.484375 0.5234375
0.8205128 0.8547009 0.8632479 0.8461538 0.8717949 0.8888889 0.91453 0.91453 0.931624 0.957265 0.91453
0.04098361 0.02459016 0.04098361 0.04098361 0.04918033 0.01639344 0.008196721 0.01639344 0.01639344 0.008196721 0.01639344
0.05 0.03333333 0.03333333 0.025 0.03333333 0.04166667 0.01666667 0.03333333 0.025 0.01666667 0.08333333
0.4188034 0.4529915 0.4358974 0.4871795 0.5299145 0.6153846 0.5641026 0.7094017 0.6239316 0.7350427 0.6837607
0.5703125 0.53125 0.484375 0.34375 0.1875 0.140625 0.140625 0.0859375 0.078125 0.0625 0.0390625
0.677686 0.7024793 0.6942149 0.7190083 0.6942149 0.6942149 0.7520661 0.8677686 0.768595 0.9090909 0.8347107
0.05555556 0.03968254 0.07142857 0.06349206 0.07936508 0.06349206 0.1031746 0.07936508 0.06349206 0.08730159 0.1031746
0.3471074 0.4545455 0.4545455 0.4545455 0.3884298 0.446281 0.3140496 0.2727273 0.2975207 0.2644628 0.2231405
0.1300813 0.05691057 0.03252033 0.06504065 0.04878049 0.03252033 0.07317073 0.03252033 0.04878049 0.04065041 0.02439024
0.6324786 0.5384615 0.4358974 0.3247863 0.3076923 0.2478632 0.1880342 0.1367521 0.1196581 0.0940171 0.05982906
0.4390244 0.4634146 0.3739837 0.3333333 0.4471545 0.4796748 0.4796748 0.504065 0.5609756 0.5853659 0.5772358
0.1967213 0.1803279 0.1803279 0.2295082 0.1229508 0.1803279 0.1229508 0.1967213 0.1639344 0.2213115 0.1967213
0.2950820 0.4836066 0.4836066 0.6147541 0.647541 0.6065574 0.6967213 0.7377049 0.8196721 0.8852459 0.8606557
0.6229508 0.557377 0.5901639 0.4426230 0.3442623 0.2868852 0.2459016 0.2295082 0.1311475 0.1639344 0.1557377
0.4710744 0.4049587 0.5206612 0.5619835 0.5123967 0.5619835 0.5702479 0.6198347 0.6446281 0.7024793 0.9090909
0.1404959 0.1652893 0.1487603 0.1983471 0.1818182 0.2479339 0.3140496 0.3636364 0.3884298 0.4049587 0.4793388
0.8225806 0.8145161 0.8306452 0.7741935 0.8225806 0.8306452 0.8225806 0.733871 0.6290323 0.6370968 0.5967742
0.8467742 0.8145161 0.7983871 0.8387097 0.7903226 0.7419355 0.7419355 0.7903226 0.8145161 0.7258065 0.7258065
0.4793388 0.5289256 0.5454545 0.5371901 0.4628099 0.4793388 0.4793388 0.4049587 0.4380165 0.3884298 0.4049587
0.4065041 0.4390244 0.2926829 0.2845528 0.3495935 0.2926829 0.2926829 0.2520325 0.2195122 0.2032520 0.1788618
0.1984127 0.2222222 0.2301587 0.3253968 0.3492063 0.3174603 0.4047619 0.4603175 0.4285714 0.468254 0.5
0.3675214 0.3760684 0.3760684 0.3675214 0.4700855 0.5213675 0.5555556 0.5641026 0.5641026 0.5982906 0.6153846
0.2916667 0.2083333 0.2083333 0.1166667 0.1083333 0.075 0.05833333 0.025 0.025 0.008333333 0.01666667
0.7094017 0.7179487 0.6923077 0.6666667 0.7264957 0.6752137 0.6752137 0.7094017 0.6581197 0.6923077 0.7264957
0.7768595 0.8099174 0.785124 0.7272727 0.7355372 0.876033 0.7024793 0.6198347 0.6033058 0.5289256 0.4793388
0.1557377 0.1311475 0.1229508 0.1229508 0.1885246 0.2213115 0.1311475 0.1967213 0.2049180 0.1721311 0.1967213
0.9285714 0.9285714 0.9047619 0.8888889 0.9047619 0.9047619 0.8650794 0.8571429 0.8492063 0.8809524 0.8968254
0.991453 0.974359 0.991453 0.991453 1 0.957265 0.991453 0.91453 0.991453 0.957265 0.948718
0.8166667 0.775 0.9 0.8 0.7583333 0.7583333 0.8 0.7333333 0.7916667 0.8083333 0.7166667
0.2063492 0.2380952 0.2539683 0.2142857 0.3015873 0.3174603 0.3095238 0.3174603 0.3015873 0.3174603 0.2619048
1 0.9754098 0.9754098 0.9836066 0.9918033 0.9836066 0.9836066 0.9590164 0.9672131 0.8852459 0.8688525
0.3984375 0.4375 0.328125 0.375 0.3515625 0.359375 0.3125 0.3671875 0.3671875 0.3359375 0.328125
0.3057851 0.3057851 0.2231405 0.1570248 0.1157025 0.04132231 0.02479339 0.02479339 0.01652893 0.01652893 0.03305785
0.1666667 0.125 0.1333333 0.1166667 0.1166667 0.075 0.1 0.05833333 0.075 0.06666667 0.05
0.7419355 0.6612903 0.6290323 0.5483871 0.5241935 0.5080645 0.3709677 0.3145161 0.2822581 0.25 0.2741935
0.1570248 0.08264463 0.09917355 0.05785124 0.07438017 0.04958678 0.08264463 0.1157025 0.1322314 0.1818182 0.2314050
0.7419355 0.6693548 0.5241935 0.5 0.4596774 0.4032258 0.2661290 0.2580645 0.1935484 0.1774194 0.1370968
0.2377049 0.3032787 0.4344262 0.4508197 0.5819672 0.6065574 0.6393443 0.7459016 0.795082 0.7704918 0.7540984
0.7073171 0.6747967 0.6747967 0.6910569 0.7154472 0.6422764 0.7073171 0.7642276 0.7317073 0.8373984 0.7479675
0.7933884 0.7933884 0.7520661 0.8016529 0.7272727 0.7768595 0.8429752 0.8264463 0.7190083 0.7107438 0.8181818
0.6721311 0.6311475 0.7131148 0.7295082 0.6803279 0.7704918 0.7295082 0.8606557 0.9016393 0.9590164 0.9836066
0.2975207 0.2727273 0.2727273 0.1818182 0.2066116 0.1735537 0.1487603 0.1818182 0.1983471 0.1818182 0.2066116
0.2809917 0.2727273 0.2892562 0.2975207 0.3636364 0.3057851 0.3223140 0.3966942 0.3884298 0.3636364 0.4049587
0.6916667 0.6916667 0.65 0.6333333 0.65 0.6083333 0.625 0.575 0.4916667 0.525 0.4666667
0.4796748 0.5121951 0.4390244 0.4634146 0.495935 0.5203252 0.4796748 0.5365854 0.495935 0.5284553 0.4878049
0.3278689 0.3442623 0.3442623 0.3114754 0.3360656 0.352459 0.3278689 0.3114754 0.4016393 0.3770492 0.3934426
0.7094017 0.6837607 0.6752137 0.6239316 0.6153846 0.5726496 0.5641026 0.5897436 0.5641026 0.5641026 0.5555556
0.9672131 0.9672131 0.9754098 0.9590164 0.9590164 0.9262295 0.9590164 0.9344262 0.9016393 0.8934426 0.8196721
0.01652893 0.008264463 0.02479339 0.01652893 0.04132231 0.03305785 0.04132231 0.05785124 0.07438017 0.1239669 0.1157025
0.5619835 0.553719 0.553719 0.4958678 0.4380165 0.4214876 0.3471074 0.3553719 0.3553719 0.3636364 0.2644628
0.84375 0.9140625 0.875 0.9453125 0.9609375 0.890625 0.9296875 0.9453125 0.8984375 0.890625 0.8515625
0.9837398 0.9837398 0.9837398 0.9837398 0.9837398 0.9837398 0.9756098 0.9837398 0.9837398 0.9837398 0.9512195
0.8861789 0.9430894 0.9512195 0.9593496 0.9349593 0.9593496 0.9756098 0.9837398 0.9186992 0.9593496 0.9512195
0.5409836 0.5737705 0.6803279 0.7213115 0.7377049 0.6721311 0.795082 0.7704918 0.7295082 0.7622951 0.6885246
0.71875 0.6796875 0.7109375 0.6953125 0.6640625 0.6640625 0.65625 0.5859375 0.5703125 0.671875 0.7421875
0.06557377 0.1311475 0.1885246 0.2213115 0.2868852 0.2459016 0.2950820 0.3114754 0.3770492 0.3934426 0.4262295
0.852459 0.7868852 0.8114754 0.7704918 0.6803279 0.7540984 0.6393443 0.5491803 0.5737705 0.6065574 0.6311475
0.1416667 0.1 0.1083333 0.125 0.1416667 0.2583333 0.3166667 0.3666667 0.425 0.4666667 0.4833333
0.5284553 0.5121951 0.5609756 0.5284553 0.5121951 0.495935 0.5203252 0.495935 0.4878049 0.4552846 0.4146341
0.2357724 0.1707317 0.2113821 0.1951220 0.1626016 0.1219512 0.1056911 0.1463415 0.1788618 0.1951220 0.2195122
0.4416667 0.425 0.575 0.6166667 0.6 0.6416667 0.5916667 0.6333333 0.7333333 0.7083333 0.7833333
0.6746032 0.6984127 0.7380952 0.6984127 0.7539683 0.7539683 0.7222222 0.6666667 0.7301587 0.7539683 0.7222222
0 0.02564103 0.02564103 0.07692308 0.0940171 0.1794872 0.1452991 0.1880342 0.1794872 0.2051282 0.2222222
0.5726496 0.5042735 0.4102564 0.3162393 0.2991453 0.2991453 0.2649573 0.2649573 0.2564103 0.2820513 0.2307692
0.05555556 0.03968254 0.02380952 0.02380952 0.007936508 0.03174603 0.07142857 0.07936508 0.1031746 0.1111111 0.1031746
0.5887097 0.5241935 0.6048387 0.6129032 0.7741935 0.7419355 0.7419355 0.8225806 0.7903226 0.7419355 0.6612903
0.8548387 0.8225806 0.8790323 0.8467742 0.8629032 0.8548387 0.7983871 0.8629032 0.8629032 0.7419355 0.717742
0.4112903 0.4274194 0.4596774 0.5322581 0.5564516 0.6451613 0.6129032 0.733871 0.7903226 0.7903226 0.8629032
0.6190476 0.5793651 0.515873 0.5238095 0.4603175 0.468254 0.4761905 0.4285714 0.3968254 0.4206349 0.4285714
0.02459016 0.01639344 0.03278689 0.1065574 0.1311475 0.1967213 0.2704918 0.2868852 0.3278689 0.352459 0.3032787
0.704918 0.7622951 0.7377049 0.7295082 0.8196721 0.909836 0.8606557 0.9180328 0.852459 0.8688525 0.942623
0.3166667 0.2916667 0.35 0.4416667 0.4083333 0.55 0.525 0.5833333 0.6416667 0.6666667 0.7833333
0.8512397 0.8016529 0.7520661 0.8099174 0.7768595 0.677686 0.6528926 0.6198347 0.5785124 0.4876033 0.4214876
0.5163934 0.4344262 0.4590164 0.4426230 0.4098361 0.4508197 0.3442623 0.4098361 0.3606557 0.4016393 0.3442623
0.05 0.075 0.04166667 0.09166667 0.06666667 0.075 0.075 0.03333333 0.09166667 0.1333333 0.1083333
0.8196721 0.7868852 0.7868852 0.7868852 0.8606557 0.8278689 0.8360656 0.8114754 0.7295082 0.704918 0.795082
0.5206612 0.553719 0.5206612 0.6280992 0.6033058 0.6446281 0.661157 0.7520661 0.7520661 0.9090909 0.8099174
0.1880342 0.1709402 0.1111111 0.0940171 0.0940171 0.1196581 0.1367521 0.06837607 0.0940171 0.0940171 0.08547009
0.2131148 0.1721311 0.2540984 0.2459016 0.2377049 0.2131148 0.2622951 0.2622951 0.3032787 0.2950820 0.2295082
0.2131148 0.1885246 0.2540984 0.2868852 0.2459016 0.2377049 0.2459016 0.2622951 0.2377049 0.2213115 0.1639344
0.2213115 0.2704918 0.2622951 0.3196721 0.3360656 0.352459 0.352459 0.3770492 0.4426230 0.3770492 0.4426230
0.5702479 0.6363636 0.5702479 0.5702479 0.446281 0.4958678 0.4214876 0.4132231 0.4049587 0.3801653 0.3140496
0.1157025 0.1652893 0.1487603 0.1404959 0.1157025 0.09917355 0.0909091 0.1074380 0.1074380 0.0909091 0.07438017
0.7179487 0.7350427 0.7179487 0.7521368 0.7094017 0.6837607 0.6324786 0.7008547 0.6239316 0.6324786 0.5726496
0.1239669 0.1735537 0.1983471 0.2479339 0.2148760 0.2066116 0.2066116 0.1900826 0.1818182 0.2148760 0.1818182
0.8828125 0.8828125 0.875 0.875 0.8203125 0.8828125 0.71875 0.671875 0.6484375 0.6953125 0.6875
0.991453 0.974359 0.991453 0.991453 1 0.991453 0.991453 0.948718 0.991453 0.957265 0.948718
0.6363636 0.5785124 0.4958678 0.553719 0.5785124 0.5041322 0.553719 0.5702479 0.6033058 0.6198347 0.6942149
0.04098361 0.04918033 0.06557377 0.09836066 0.1557377 0.2295082 0.3032787 0.3360656 0.4426230 0.5081967 0.647541
0.1487603 0.1652893 0.04132231 0.02479339 0 0.01652893 0 0.008264463 0 0 0
0 0.01666667 0 0 0 0.008333333 0 0.03333333 0.03333333 0.01666667 0.1
0.925 0.875 0.9 0.9 0.925 0.8166667 0.8083333 0.7666667 0.7333333 0.65 0.6666667
0.04132231 0.02479339 0 0.02479339 0.02479339 0.02479339 0.02479339 0.01652893 0.01652893 0.05785124 0.04958678
0.5691057 0.6178862 0.5853659 0.6829268 0.6585366 0.7479675 0.8130081 0.8617886 0.9186992 0.9837398 0.902439
0.3589744 0.3846154 0.4358974 0.4444444 0.4615385 0.4871795 0.4188034 0.3675214 0.4188034 0.3760684 0.4358974
0.5454545 0.5702479 0.5206612 0.5702479 0.5123967 0.4958678 0.5206612 0.446281 0.4628099 0.4710744 0.4214876
0.578125 0.5546875 0.625 0.671875 0.6953125 0.765625 0.875 0.7265625 0.859375 0.875 0.859375
0.45 0.5083333 0.55 0.5083333 0.5166667 0.4916667 0.45 0.375 0.4083333 0.4083333 0.4333333
0.4214876 0.4545455 0.4628099 0.4710744 0.3884298 0.4793388 0.4380165 0.4132231 0.3801653 0.3471074 0.3223140
0.3162393 0.3589744 0.3846154 0.3418803 0.3589744 0.3675214 0.3675214 0.3675214 0.3931624 0.4444444 0.4273504
0.8016529 0.785124 0.7438017 0.768595 0.7272727 0.7438017 0.8264463 0.8264463 0.768595 0.8677686 0.892562
0.1623932 0.1538462 0.1282051 0.1794872 0.1709402 0.2051282 0.1794872 0.1880342 0.2051282 0.1880342 0.2307692
0.9504132 0.8512397 0.876033 0.8264463 0.8429752 0.6859504 0.7768595 0.7768595 0.768595 0.6942149 0.6942149
0.7317073 0.699187 0.7073171 0.7317073 0.7398374 0.6829268 0.7560976 0.7804878 0.8699187 0.8292683 0.796748
0.9603175 0.952381 0.9285714 0.936508 0.920635 0.8571429 0.8650794 0.7698413 0.6269841 0.6904762 0.5952381
0.1416667 0.1166667 0.1666667 0.15 0.1666667 0.1583333 0.2083333 0.2083333 0.2166667 0.25 0.275
0.1984127 0.2460317 0.2539683 0.3809524 0.3888889 0.3968254 0.4126984 0.4603175 0.5079365 0.6269841 0.6428571
0.9754098 0.9672131 0.9344262 0.8852459 0.8688525 0.8032787 0.7295082 0.647541 0.5901639 0.5655738 0.4672131
0.7179487 0.5982906 0.5726496 0.5213675 0.3846154 0.4017094 0.3076923 0.2649573 0.2307692 0.2222222 0.2136752
0.8870968 0.8951613 0.8387097 0.8467742 0.8387097 0.8145161 0.8467742 0.782258 0.7903226 0.7419355 0.7903226
0.4590164 0.4426230 0.4262295 0.3770492 0.2868852 0.2540984 0.2540984 0.2704918 0.2213115 0.2459016 0.1967213
0.782258 0.8145161 0.8225806 0.8467742 0.8629032 0.8387097 0.8306452 0.7741935 0.7580645 0.7419355 0.766129
0.9338843 0.9338843 0.9586777 0.9338843 0.892562 0.892562 0.892562 0.9008264 0.8842975 0.8677686 0.876033
0.95 0.95 0.9416667 0.9333333 0.8916667 0.7083333 0.8166667 0.6333333 0.65 0.55 0.55
