0.6 0.648 0.584 0.576 0.608 0.616 0.584 0.6 0.656 0.688 0.744
0.6495726 0.5299145 0.5641026 0.6495726 0.6239316 0.5726496 0.5555556 0.5982906 0.5470085 0.4786325 0.4957265
0.931624 0.8632479 0.9059829 0.8717949 0.8803419 0.8717949 0.8888889 0.7777778 0.7606838 0.7948718 0.6923077
0.8852459 0.9180328 0.8770492 0.8606557 0.9508197 0.9344262 0.9016393 0.8114754 0.7704918 0.7213115 0.7704918
0.1452991 0.1623932 0.1623932 0.2307692 0.2991453 0.3333333 0.3589744 0.4358974 0.4017094 0.4358974 0.4957265
0.32 0.288 0.424 0.504 0.544 0.624 0.624 0.664 0.696 0.864 0.744
0.016 0.024 0.064 0.04 0.056 0.08 0.048 0.104 0.096 0.12 0.104
0.4083333 0.4083333 0.3 0.2333333 0.275 0.2166667 0.2 0.2333333 0.1666667 0.15 0.1666667
0.4426230 0.5245902 0.4590164 0.5327869 0.6557377 0.6229508 0.6393443 0.6803279 0.704918 0.852459 0.8196721
0.5619835 0.5206612 0.6198347 0.7272727 0.8512397 0.8016529 0.9090909 0.9338843 0.9586777 0.983471 0.983471
0.064 0.104 0.136 0.296 0.36 0.432 0.472 0.48 0.552 0.616 0.792
0.8203125 0.8046875 0.84375 0.8359375 0.7578125 0.8359375 0.8828125 0.875 0.6953125 0.7890625 0.7734375
0.9669421 0.9173554 0.983471 0.9504132 0.9504132 0.8842975 0.8512397 0.9256198 0.9173554 0.8264463 0.8595041
0.2393162 0.3247863 0.2905983 0.3760684 0.4102564 0.3247863 0.3589744 0.3931624 0.3675214 0.3589744 0.3589744
0.1965812 0.1196581 0.0940171 0.0940171 0.06837607 0.05128205 0.05982906 0.1025641 0.1282051 0.1196581 0.08547009
0.216 0.24 0.16 0.184 0.184 0.168 0.16 0.16 0.184 0.208 0.232
0.5619835 0.5206612 0.6446281 0.6363636 0.677686 0.7024793 0.7438017 0.8512397 0.876033 0.9669421 0.9504132
0.7094017 0.7264957 0.7350427 0.6837607 0.7521368 0.6923077 0.6581197 0.7008547 0.6239316 0.6837607 0.7094017
0.390625 0.4140625 0.3359375 0.4296875 0.515625 0.3515625 0.375 0.328125 0.3046875 0.2890625 0.2734375
0.7692308 0.8034188 0.7350427 0.7094017 0.7008547 0.6666667 0.5811966 0.5213675 0.5470085 0.4871795 0.4871795
0.3057851 0.2809917 0.3140496 0.3553719 0.3471074 0.3636364 0.4132231 0.3884298 0.3966942 0.3966942 0.3884298
0.3666667 0.4916667 0.3916667 0.4333333 0.4 0.4916667 0.4666667 0.5 0.4416667 0.4666667 0.5083333
0.8196721 0.8278689 0.8278689 0.9262295 0.9672131 0.9754098 0.9754098 0.9836066 0.9918033 0.9754098 0.9836066
0.02564103 0.02564103 0.01709402 0.02564103 0.008547009 0.03418803 0.02564103 0.01709402 0.008547009 0.01709402 0.01709402
0.4344262 0.3606557 0.3114754 0.3442623 0.2950820 0.3114754 0.2213115 0.2950820 0.2868852 0.2622951 0.2622951
0.488 0.432 0.464 0.568 0.576 0.576 0.576 0.672 0.584 0.592 0.648
0.5811966 0.3589744 0.3589744 0.1794872 0.1367521 0.08547009 0.03418803 0.02564103 0.02564103 0.01709402 0.01709402
0.734375 0.7265625 0.7109375 0.703125 0.6953125 0.7265625 0.78125 0.8359375 0.859375 0.8125 0.78125
0.2975207 0.2809917 0.2148760 0.2396694 0.2479339 0.2231405 0.2066116 0.2066116 0.1652893 0.1900826 0.1652893
0.544 0.568 0.504 0.584 0.528 0.432 0.456 0.448 0.392 0.312 0.28
0.125 0.1015625 0.0703125 0.03125 0.0234375 0.0390625 0.1015625 0.0390625 0.0859375 0.0703125 0.046875
0.632 0.568 0.512 0.48 0.328 0.256 0.216 0.144 0.112 0.08 0.048
0.568 0.52 0.504 0.504 0.52 0.48 0.536 0.512 0.56 0.552 0.576
0.2479339 0.2148760 0.2066116 0.1900826 0.1570248 0.2479339 0.2148760 0.2231405 0.2479339 0.2479339 0.2231405
0.3583333 0.4166667 0.5083333 0.5666667 0.6416667 0.6333333 0.65 0.7166667 0.675 0.6666667 0.7916667
0.5619835 0.4628099 0.3966942 0.3636364 0.2727273 0.2148760 0.1652893 0.1570248 0.1157025 0.0909091 0.09917355
0.4214876 0.4214876 0.3966942 0.4380165 0.5289256 0.5123967 0.6033058 0.5206612 0.661157 0.7190083 0.7933884
0.0940171 0.06837607 0.1025641 0.08547009 0.1196581 0.1880342 0.2051282 0.2136752 0.2735043 0.2564103 0.3846154
0.8 0.816 0.8 0.824 0.888 0.808 0.712 0.768 0.688 0.616 0.648
0.8119658 0.8376068 0.8205128 0.8376068 0.8290598 0.7948718 0.8205128 0.8290598 0.7094017 0.8461538 0.7948718
0.4700855 0.4615385 0.4871795 0.4358974 0.4700855 0.4444444 0.4615385 0.4444444 0.4615385 0.4358974 0.4700855
0.546875 0.53125 0.4609375 0.4765625 0.375 0.3515625 0.296875 0.3046875 0.1953125 0.2890625 0.1875
0.2136752 0.3333333 0.3247863 0.3333333 0.3076923 0.4102564 0.4273504 0.5470085 0.5897436 0.5897436 0.6410256
0.3333333 0.4102564 0.4188034 0.4786325 0.5042735 0.5213675 0.5726496 0.5982906 0.6239316 0.7264957 0.7350427
0.2735043 0.2649573 0.2393162 0.1111111 0.0940171 0.07692308 0.04273504 0.05982906 0.01709402 0.03418803 0.01709402
0.792 0.784 0.808 0.776 0.792 0.752 0.824 0.8 0.832 0.88 0.864
0.7419355 0.75 0.733871 0.7741935 0.7580645 0.733871 0.6693548 0.6532258 0.6451613 0.5887097 0.4758065
0.09836066 0.09836066 0.1393443 0.1065574 0.09016393 0.1065574 0.1721311 0.1147541 0.1557377 0.2049180 0.1557377
0.940171 0.965812 0.923077 0.948718 0.974359 0.974359 0.991453 0.965812 0.948718 0.957265 0.974359
0.952 0.968 0.976 0.976 0.928 0.96 0.88 0.864 0.672 0.664 0.672
0.8 0.792 0.776 0.776 0.76 0.752 0.856 0.896 0.928 0.912 0.808
0.248 0.288 0.344 0.36 0.384 0.424 0.36 0.352 0.384 0.344 0.288
0.9836066 0.9918033 0.9918033 0.9918033 0.9918033 0.9918033 0.9754098 0.9836066 0.9918033 0.9180328 0.9262295
0.5245902 0.4344262 0.4344262 0.4508197 0.3606557 0.3852459 0.3442623 0.352459 0.3688525 0.3032787 0.2786885
0.3790323 0.3145161 0.3064516 0.25 0.2016129 0.1612903 0.0967742 0.1048387 0.05645161 0.06451613 0.02419355
0.125 0.1640625 0.09375 0.0859375 0.0859375 0.0390625 0.03125 0.0546875 0.0625 0.0859375 0.0546875
0.675 0.6416667 0.6333333 0.5666667 0.55 0.4916667 0.4166667 0.3583333 0.325 0.2583333 0.2833333
0.112 0.104 0.112 0.048 0.032 0.096 0.096 0.136 0.184 0.256 0.288
0.6612903 0.5483871 0.483871 0.4596774 0.3306452 0.3467742 0.2258065 0.1854839 0.1370968 0.1209677 0.1290323
0.2066116 0.3223140 0.4132231 0.4049587 0.5950413 0.7024793 0.7520661 0.7438017 0.9421488 0.9338843 0.9256198
0.592 0.568 0.56 0.584 0.568 0.592 0.6 0.672 0.656 0.656 0.68
0.9344262 0.9672131 0.909836 0.9590164 0.9672131 0.9508197 0.852459 0.8196721 0.8360656 0.7704918 0.7868852
0.656 0.688 0.664 0.72 0.68 0.736 0.76 0.976 0.96 0.96 0.984
0.1083333 0.15 0.08333333 0.075 0.09166667 0.06666667 0.1083333 0.08333333 0.125 0.075 0.1
0.931624 0.957265 0.948718 0.948718 0.940171 0.957265 0.957265 0.965812 0.982906 0.931624 0.974359
0.7704918 0.7622951 0.7459016 0.7295082 0.6803279 0.6557377 0.6967213 0.5655738 0.5409836 0.5655738 0.5327869
0.6532258 0.6048387 0.5564516 0.5645161 0.5645161 0.5080645 0.5080645 0.4516129 0.4677419 0.516129 0.4677419
0.3333333 0.3162393 0.2820513 0.3333333 0.2991453 0.3418803 0.3076923 0.2564103 0.3247863 0.3675214 0.3076923
0.632 0.648 0.568 0.6 0.584 0.552 0.568 0.56 0.6 0.568 0.616
0.931624 0.982906 0.948718 0.940171 0.9059829 0.957265 0.948718 0.8632479 0.8803419 0.8547009 0.8547009
0.008064516 0 0.008064516 0.01612903 0.008064516 0.03225806 0.05645161 0.08870968 0.08870968 0.1290323 0.1612903
0.6885246 0.6557377 0.6967213 0.6885246 0.6721311 0.6229508 0.5737705 0.5491803 0.5081967 0.5 0.4590164
0.92 0.816 0.848 0.896 0.912 0.872 0.928 0.952 0.96 0.928 0.856
0.983871 0.9758065 0.9758065 0.9758065 0.9919355 0.9919355 0.9919355 0.967742 0.9919355 0.9193548 0.9032258
0.8852459 0.8278689 0.8688525 0.909836 0.8934426 0.9508197 0.9754098 0.9590164 0.9262295 0.9180328 0.942623
0.7179487 0.6752137 0.7350427 0.7606838 0.7350427 0.7521368 0.7777778 0.7692308 0.7521368 0.7179487 0.7008547
0.5409836 0.6229508 0.5983607 0.6557377 0.6557377 0.5901639 0.6065574 0.6393443 0.5819672 0.7131148 0.7868852
0.104 0.104 0.208 0.224 0.232 0.32 0.32 0.36 0.416 0.376 0.408
0.8119658 0.8119658 0.8119658 0.8205128 0.7521368 0.7008547 0.6495726 0.5128205 0.5384615 0.5641026 0.5384615
0.3467742 0.2983871 0.2580645 0.2822581 0.25 0.3387097 0.4112903 0.4274194 0.4677419 0.5080645 0.6209677
0.392 0.512 0.376 0.416 0.432 0.456 0.448 0.424 0.44 0.368 0.376
0.096 0.072 0.096 0.112 0.096 0.08 0.064 0.08 0.136 0.144 0.2
0.7024793 0.7768595 0.7438017 0.8677686 0.8512397 0.8512397 0.8512397 0.8512397 0.8677686 0.9338843 0.768595
0.5811966 0.5641026 0.4700855 0.5726496 0.5811966 0.6410256 0.6068376 0.5897436 0.6239316 0.7692308 0.7350427
0.056 0.072 0.12 0.128 0.192 0.216 0.216 0.184 0.224 0.232 0.2
0.488 0.4 0.376 0.352 0.296 0.312 0.328 0.256 0.256 0.264 0.208
0.0940171 0.06837607 0.04273504 0.02564103 0.01709402 0.03418803 0.01709402 0.008547009 0.02564103 0.04273504 0.04273504
0.632 0.664 0.672 0.712 0.704 0.752 0.696 0.688 0.768 0.688 0.616
0.8290598 0.8974359 0.923077 0.8547009 0.8376068 0.8803419 0.8974359 0.8034188 0.7179487 0.7350427 0.6324786
0.344 0.392 0.424 0.504 0.464 0.528 0.592 0.608 0.632 0.808 0.744
0.576 0.56 0.552 0.528 0.384 0.368 0.36 0.312 0.312 0.288 0.384
0.008333333 0 0.06666667 0.1083333 0.1166667 0.225 0.2583333 0.3 0.3166667 0.35 0.4083333
0.632 0.672 0.608 0.736 0.712 0.712 0.672 0.744 0.904 0.912 0.848
0.2222222 0.2051282 0.2393162 0.2564103 0.3846154 0.3418803 0.4102564 0.3931624 0.4017094 0.4017094 0.3504274
0.875 0.7890625 0.84375 0.8359375 0.875 0.75 0.6796875 0.671875 0.65625 0.6484375 0.4921875
0.5555556 0.5555556 0.4700855 0.4273504 0.4615385 0.4017094 0.3504274 0.3931624 0.2735043 0.3589744 0.3333333
0.1666667 0.1916667 0.225 0.2333333 0.2166667 0.2333333 0.3 0.2833333 0.2916667 0.3 0.325
0.876033 0.8512397 0.7933884 0.876033 0.8512397 0.8595041 0.7933884 0.8016529 0.7355372 0.7933884 0.677686
0.5583333 0.5916667 0.575 0.6666667 0.6166667 0.6916667 0.7583333 0.7583333 0.7583333 0.675 0.775
0.25 0.3416667 0.225 0.2083333 0.2083333 0.1833333 0.1666667 0.1166667 0.125 0.1416667 0.1666667
0.016 0.024 0.032 0.048 0.104 0.136 0.152 0.152 0.12 0.136 0.128
0.4919355 0.4516129 0.4274194 0.4354839 0.3629032 0.2822581 0.2258065 0.2741935 0.25 0.2822581 0.2983871
0.2166667 0.2666667 0.225 0.25 0.275 0.2583333 0.3083333 0.3333333 0.3916667 0.3916667 0.425
0.5333333 0.525 0.5583333 0.4416667 0.4 0.375 0.3333333 0.3 0.2916667 0.2916667 0.2583333
0.1833333 0.2333333 0.1833333 0.175 0.1166667 0.1416667 0.1 0.09166667 0.125 0.08333333 0.1583333
0.5916667 0.6833333 0.6583333 0.675 0.7166667 0.6333333 0.775 0.6416667 0.6166667 0.5083333 0.5166667
0.05128205 0.08547009 0.05128205 0.0940171 0.1111111 0.1025641 0.1111111 0.07692308 0.05128205 0.08547009 0.08547009
0.9008264 0.8842975 0.8677686 0.8677686 0.7933884 0.768595 0.7933884 0.7438017 0.7107438 0.6694215 0.5702479
0.931624 0.965812 0.965812 0.957265 0.982906 0.974359 0.948718 0.991453 0.982906 0.931624 0.974359
0.734375 0.7890625 0.6953125 0.7265625 0.65625 0.6015625 0.625 0.671875 0.640625 0.6171875 0.7578125
0.0967742 0.0967742 0.1451613 0.1209677 0.2016129 0.2661290 0.3225806 0.4516129 0.4919355 0.5564516 0.6209677
0.1196581 0.0940171 0.04273504 0.01709402 0.02564103 0.03418803 0 0.008547009 0.008547009 0.01709402 0
0.01709402 0.02564103 0.01709402 0 0.02564103 0.01709402 0.02564103 0.01709402 0.008547009 0.01709402 0.02564103
0.8547009 0.8547009 0.8632479 0.8888889 0.8376068 0.8717949 0.8034188 0.7863248 0.7521368 0.7094017 0.6837607
0.152 0.112 0.072 0.032 0.024 0.032 0.032 0.016 0.056 0.048 0.04
0.6324786 0.6068376 0.6324786 0.7008547 0.7094017 0.7692308 0.7777778 0.923077 0.940171 0.974359 0.965812
0.2649573 0.2735043 0.2478632 0.2905983 0.3504274 0.3504274 0.3675214 0.3675214 0.3504274 0.3162393 0.3589744
0.6363636 0.553719 0.6446281 0.6694215 0.7107438 0.6528926 0.6446281 0.6033058 0.6363636 0.6694215 0.5950413
0.4666667 0.525 0.5916667 0.65 0.6833333 0.7333333 0.8916667 0.925 0.9583333 0.925 0.8916667
0.2735043 0.3418803 0.3162393 0.3589744 0.4700855 0.4273504 0.4188034 0.4529915 0.3846154 0.4273504 0.4358974
0.4700855 0.4615385 0.4786325 0.3846154 0.4700855 0.4102564 0.4188034 0.4529915 0.4017094 0.4188034 0.3846154
0.208 0.208 0.288 0.304 0.28 0.352 0.432 0.368 0.4 0.44 0.448
0.923077 0.931624 0.9059829 0.8632479 0.940171 0.940171 0.948718 0.940171 0.91453 0.923077 0.974359
0.3583333 0.3916667 0.35 0.3833333 0.35 0.3166667 0.3583333 0.3833333 0.4 0.4 0.4416667
0.9090909 0.8512397 0.8181818 0.8677686 0.7768595 0.7107438 0.7190083 0.6033058 0.5785124 0.5867769 0.553719
0.7622951 0.7622951 0.7868852 0.795082 0.8196721 0.8770492 0.8934426 0.7540984 0.8688525 0.852459 0.8442623
0.928 0.936 0.88 0.848 0.856 0.752 0.656 0.608 0.6 0.568 0.504
0.4 0.336 0.264 0.288 0.304 0.288 0.28 0.272 0.304 0.288 0.296
0.1935484 0.1370968 0.2903226 0.2741935 0.3387097 0.3790323 0.3870968 0.4677419 0.5 0.5887097 0.6935484
0.9416667 0.9 0.9166667 0.9166667 0.8083333 0.9166667 0.775 0.6666667 0.5916667 0.5666667 0.4666667
0.7419355 0.7580645 0.8064516 0.6451613 0.5483871 0.516129 0.4274194 0.3951613 0.3629032 0.3145161 0.3306452
0.9354839 0.9274194 0.9516129 0.9274194 0.8790323 0.8629032 0.9435484 0.9193548 0.8790323 0.8709677 0.8629032
0.4262295 0.4344262 0.4016393 0.3606557 0.3278689 0.3196721 0.2786885 0.2950820 0.2540984 0.2459016 0.2213115
0.7863248 0.8119658 0.8547009 0.8205128 0.8290598 0.8717949 0.8888889 0.8290598 0.8461538 0.8290598 0.7521368
0.9090909 0.9586777 0.9090909 0.9504132 0.9090909 0.9173554 0.9090909 0.9752066 0.9421488 0.9090909 0.9173554
0.8119658 0.8119658 0.8290598 0.8205128 0.8290598 0.7948718 0.7350427 0.6324786 0.6068376 0.5897436 0.5128205
