0.278 0.308 0.268 0.25 0.212 0.202 0.198 0.128 0.108 0.108 0.074
0.32 0.316 0.314 0.328 0.268 0.248 0.266 0.212 0.216 0.232 0.202
0.014 0.032 0.024 0.026 0.02 0.04 0.042 0.032 0.04 0.044 0.05
0.096 0.048 0.074 0.088 0.064 0.07 0.044 0.048 0.09 0.13 0.114
0.554 0.572 0.604 0.562 0.57 0.54 0.55 0.536 0.472 0.51 0.432
0.378 0.358 0.324 0.254 0.238 0.18 0.122 0.14 0.156 0.132 0.09
0.658 0.61 0.534 0.564 0.598 0.562 0.614 0.566 0.566 0.604 0.582
0.268 0.324 0.306 0.298 0.344 0.386 0.366 0.4 0.368 0.364 0.416
0.326 0.302 0.29 0.288 0.226 0.222 0.158 0.124 0.108 0.066 0.082
0.212 0.206 0.188 0.132 0.132 0.07 0.07 0.044 0.042 0.038 0.022
0.644 0.548 0.484 0.4 0.392 0.248 0.224 0.216 0.17 0.162 0.14
0.16 0.176 0.164 0.166 0.138 0.116 0.106 0.132 0.086 0.082 0.102
0.066 0.09 0.062 0.058 0.06 0.06 0.07 0.086 0.1 0.092 0.132
0.36 0.428 0.406 0.366 0.398 0.39 0.33 0.378 0.318 0.354 0.378
0.464 0.52 0.53 0.524 0.556 0.59 0.56 0.594 0.574 0.554 0.558
0.294 0.334 0.274 0.328 0.306 0.304 0.266 0.312 0.306 0.314 0.268
0.356 0.322 0.24 0.214 0.182 0.116 0.118 0.064 0.05 0.036 0.016
0.178 0.196 0.152 0.144 0.138 0.16 0.11 0.126 0.08 0.062 0.032
0.274 0.198 0.204 0.168 0.168 0.15 0.182 0.23 0.186 0.206 0.22
0.182 0.214 0.2 0.214 0.244 0.27 0.262 0.268 0.256 0.212 0.264
0.404 0.412 0.372 0.382 0.338 0.326 0.302 0.288 0.256 0.252 0.224
0.374 0.376 0.384 0.286 0.31 0.298 0.258 0.272 0.244 0.26 0.262
0.078 0.082 0.058 0.064 0.074 0.054 0.024 0.036 0.03 0.016 0.026
0.58 0.57 0.598 0.564 0.582 0.644 0.624 0.606 0.63 0.658 0.59
0.364 0.376 0.416 0.442 0.42 0.45 0.474 0.49 0.438 0.502 0.478
0.514 0.466 0.47 0.414 0.36 0.332 0.292 0.244 0.188 0.18 0.166
0.28 0.298 0.376 0.406 0.464 0.54 0.586 0.626 0.65 0.674 0.678
0.19 0.188 0.158 0.15 0.154 0.134 0.106 0.118 0.082 0.06 0.084
0.582 0.556 0.548 0.618 0.582 0.586 0.572 0.608 0.636 0.63 0.606
0.288 0.34 0.34 0.326 0.3 0.34 0.318 0.346 0.332 0.352 0.406
0.75 0.744 0.722 0.73 0.774 0.738 0.752 0.72 0.752 0.794 0.78
0.28 0.312 0.312 0.418 0.45 0.5 0.598 0.646 0.67 0.678 0.682
0.318 0.34 0.31 0.302 0.296 0.286 0.24 0.222 0.17 0.148 0.152
0.474 0.482 0.448 0.444 0.402 0.42 0.418 0.392 0.396 0.388 0.42
0.452 0.396 0.284 0.24 0.156 0.158 0.124 0.118 0.082 0.078 0.044
0.212 0.254 0.28 0.306 0.35 0.304 0.344 0.382 0.398 0.442 0.414
0.386 0.36 0.338 0.304 0.244 0.192 0.158 0.114 0.088 0.066 0.026
0.572 0.564 0.54 0.488 0.49 0.442 0.428 0.378 0.334 0.304 0.23
0.118 0.128 0.098 0.138 0.138 0.11 0.11 0.14 0.136 0.132 0.132
0.096 0.104 0.09 0.076 0.088 0.08 0.056 0.072 0.078 0.092 0.072
0.474 0.456 0.458 0.416 0.41 0.38 0.354 0.382 0.344 0.38 0.352
0.24 0.278 0.274 0.314 0.334 0.386 0.412 0.414 0.48 0.478 0.508
0.528 0.444 0.446 0.396 0.42 0.328 0.292 0.248 0.166 0.194 0.158
0.366 0.41 0.366 0.308 0.256 0.242 0.19 0.172 0.154 0.112 0.082
0.402 0.446 0.504 0.506 0.556 0.61 0.636 0.692 0.698 0.7 0.706
0.154 0.158 0.16 0.164 0.12 0.118 0.088 0.09 0.09 0.058 0.064
0.214 0.166 0.14 0.14 0.13 0.13 0.134 0.114 0.132 0.132 0.128
0.524 0.526 0.51 0.458 0.556 0.544 0.474 0.478 0.482 0.484 0.486
0.08 0.078 0.058 0.072 0.066 0.088 0.052 0.068 0.056 0.034 0.03
0.05 0.07 0.04 0.054 0.046 0.064 0.082 0.074 0.094 0.1 0.126
0.092 0.102 0.082 0.076 0.082 0.072 0.058 0.064 0.058 0.058 0.05
0.31 0.278 0.264 0.268 0.232 0.208 0.194 0.166 0.172 0.152 0.116
0.02 0.036 0.02 0.032 0.026 0.03 0.03 0.05 0.066 0.056 0.048
0.28 0.31 0.274 0.348 0.338 0.32 0.3 0.328 0.384 0.336 0.356
0.322 0.36 0.352 0.392 0.42 0.44 0.504 0.546 0.556 0.582 0.612
0.454 0.474 0.486 0.492 0.528 0.522 0.508 0.514 0.488 0.464 0.5
0.192 0.194 0.248 0.24 0.248 0.292 0.31 0.328 0.428 0.414 0.446
0.494 0.552 0.48 0.544 0.562 0.524 0.526 0.5 0.466 0.388 0.288
0.232 0.266 0.276 0.336 0.404 0.39 0.406 0.5 0.548 0.548 0.564
0.442 0.414 0.33 0.274 0.208 0.144 0.128 0.094 0.096 0.07 0.066
0.206 0.206 0.158 0.164 0.15 0.134 0.126 0.13 0.094 0.09 0.096
0.074 0.072 0.098 0.066 0.066 0.078 0.072 0.068 0.09 0.074 0.106
0.14 0.146 0.126 0.1 0.118 0.092 0.064 0.052 0.022 0.02 0.016
0.626 0.614 0.66 0.614 0.676 0.662 0.666 0.688 0.688 0.674 0.668
0.466 0.424 0.386 0.354 0.318 0.348 0.34 0.292 0.282 0.308 0.262
0.134 0.136 0.126 0.144 0.164 0.136 0.154 0.174 0.186 0.128 0.178
0.298 0.298 0.29 0.31 0.298 0.29 0.234 0.206 0.248 0.218 0.216
0.474 0.504 0.454 0.466 0.484 0.478 0.494 0.476 0.512 0.43 0.502
0.178 0.23 0.194 0.234 0.232 0.226 0.188 0.206 0.2 0.17 0.14
0.038 0.044 0.044 0.05 0.07 0.06 0.04 0.036 0.046 0.034 0.068
0.654 0.666 0.628 0.638 0.614 0.634 0.57 0.54 0.5 0.436 0.394
0.244 0.24 0.196 0.176 0.148 0.17 0.132 0.166 0.164 0.186 0.22
0.042 0.058 0.042 0.046 0.03 0.026 0.02 0.018 0.004 0.004 0.01
0.026 0.028 0.02 0.024 0.034 0.024 0.03 0.026 0.038 0.032 0.034
0.098 0.084 0.082 0.07 0.056 0.066 0.054 0.052 0.044 0.028 0.032
0.226 0.216 0.182 0.166 0.148 0.124 0.116 0.092 0.092 0.096 0.09
0.33 0.262 0.23 0.246 0.208 0.188 0.164 0.172 0.124 0.086 0.072
0.704 0.644 0.62 0.604 0.582 0.532 0.51 0.438 0.42 0.396 0.402
0.054 0.072 0.09 0.084 0.096 0.12 0.104 0.146 0.118 0.102 0.09
0.514 0.522 0.52 0.472 0.46 0.442 0.4 0.312 0.252 0.218 0.138
0.358 0.326 0.308 0.314 0.286 0.302 0.234 0.276 0.326 0.322 0.354
0.538 0.532 0.512 0.54 0.562 0.568 0.626 0.588 0.54 0.53 0.46
0.168 0.142 0.092 0.09 0.06 0.046 0.046 0.022 0.018 0.012 0.022
0.214 0.22 0.16 0.128 0.146 0.156 0.13 0.096 0.106 0.092 0.086
0.598 0.592 0.5 0.488 0.494 0.384 0.434 0.416 0.396 0.424 0.354
0.232 0.242 0.286 0.274 0.28 0.34 0.338 0.334 0.368 0.344 0.312
0.56 0.618 0.64 0.59 0.656 0.64 0.664 0.64 0.63 0.628 0.672
0.282 0.272 0.26 0.164 0.196 0.176 0.128 0.108 0.128 0.086 0.078
0.068 0.054 0.074 0.07 0.07 0.064 0.048 0.054 0.066 0.076 0.074
0.364 0.332 0.344 0.248 0.238 0.19 0.172 0.124 0.096 0.056 0.066
0.254 0.308 0.3 0.292 0.356 0.34 0.348 0.414 0.346 0.33 0.36
0.666 0.596 0.614 0.55 0.552 0.46 0.416 0.374 0.37 0.364 0.354
0.15 0.18 0.136 0.132 0.084 0.116 0.09 0.082 0.078 0.052 0.022
0.446 0.45 0.438 0.356 0.346 0.352 0.286 0.306 0.29 0.3 0.316
0.108 0.078 0.088 0.108 0.072 0.104 0.1 0.092 0.13 0.126 0.154
0.404 0.436 0.396 0.402 0.412 0.406 0.4 0.368 0.348 0.358 0.374
0.502 0.46 0.544 0.422 0.474 0.396 0.398 0.388 0.396 0.388 0.376
0.124 0.104 0.112 0.11 0.08 0.088 0.098 0.084 0.08 0.092 0.088
0.288 0.324 0.264 0.208 0.164 0.174 0.142 0.134 0.098 0.066 0.108
0.34 0.346 0.366 0.396 0.372 0.424 0.41 0.434 0.438 0.414 0.386
0.656 0.66 0.672 0.704 0.664 0.66 0.652 0.698 0.692 0.654 0.672
0.414 0.444 0.392 0.416 0.482 0.438 0.474 0.508 0.54 0.466 0.502
0.334 0.302 0.262 0.282 0.26 0.28 0.236 0.18 0.16 0.126 0.154
0.306 0.26 0.29 0.338 0.344 0.328 0.358 0.346 0.346 0.44 0.428
0.458 0.462 0.466 0.478 0.48 0.486 0.53 0.552 0.632 0.55 0.562
0.154 0.166 0.12 0.172 0.154 0.122 0.132 0.142 0.15 0.168 0.214
0.768 0.75 0.656 0.664 0.612 0.608 0.654 0.604 0.602 0.628 0.638
0.07 0.062 0.092 0.082 0.074 0.096 0.112 0.082 0.106 0.076 0.05
0.004 0.004 0.008 0 0.002 0.008 0.006 0.002 0 0.002 0.002
0.158 0.148 0.174 0.188 0.16 0.186 0.156 0.154 0.132 0.162 0.11
0.686 0.67 0.608 0.55 0.528 0.484 0.444 0.354 0.382 0.312 0.252
0.496 0.562 0.594 0.598 0.684 0.664 0.704 0.74 0.73 0.746 0.758
0.718 0.712 0.702 0.744 0.676 0.666 0.694 0.632 0.638 0.584 0.534
0.074 0.066 0.038 0.066 0.07 0.082 0.086 0.05 0.082 0.096 0.068
0.52 0.552 0.54 0.546 0.608 0.614 0.58 0.662 0.616 0.632 0.634
0.356 0.316 0.266 0.222 0.212 0.166 0.138 0.112 0.06 0.056 0.024
0.284 0.268 0.268 0.214 0.242 0.192 0.182 0.178 0.16 0.182 0.186
0.184 0.204 0.164 0.148 0.148 0.126 0.11 0.11 0.098 0.08 0.078
0.318 0.278 0.222 0.204 0.132 0.122 0.09 0.058 0.046 0.044 0.012
0.346 0.338 0.358 0.314 0.28 0.282 0.322 0.322 0.25 0.264 0.26
0.348 0.284 0.314 0.272 0.31 0.266 0.234 0.228 0.228 0.27 0.266
0.396 0.388 0.384 0.356 0.324 0.282 0.27 0.218 0.262 0.228 0.212
0.13 0.116 0.108 0.104 0.124 0.11 0.126 0.112 0.084 0.076 0.048
0.49 0.46 0.414 0.458 0.478 0.438 0.398 0.454 0.372 0.318 0.37
0.056 0.068 0.068 0.07 0.048 0.096 0.09 0.1 0.056 0.094 0.09
0.182 0.156 0.186 0.182 0.162 0.144 0.12 0.122 0.096 0.088 0.092
0.05 0.094 0.072 0.084 0.112 0.114 0.128 0.13 0.14 0.222 0.23
0.344 0.374 0.366 0.36 0.33 0.374 0.35 0.324 0.32 0.294 0.306
0.5 0.44 0.404 0.378 0.336 0.312 0.288 0.244 0.226 0.158 0.138
0.05 0.04 0.052 0.052 0.052 0.066 0.074 0.108 0.096 0.126 0.13
0.176 0.166 0.218 0.254 0.258 0.308 0.414 0.406 0.436 0.486 0.5
0.062 0.066 0.066 0.084 0.098 0.072 0.086 0.074 0.058 0.06 0.048
0.358 0.404 0.358 0.338 0.33 0.33 0.384 0.35 0.366 0.42 0.43
0.104 0.096 0.086 0.064 0.066 0.062 0.078 0.05 0.066 0.06 0.038
0.064 0.07 0.074 0.042 0.054 0.072 0.056 0.034 0.048 0.034 0.038
0.094 0.074 0.074 0.094 0.068 0.098 0.072 0.084 0.122 0.158 0.164
