0.5714286 0.5210084 0.5378151 0.5546218 0.6554622 0.5462185 0.5714286 0.5630252 0.605042 0.5546218 0.6218487
0.4692308 0.5 0.4923077 0.5461538 0.5 0.5230769 0.5384615 0.5230769 0.5769231 0.5307692 0.5538462
0.9579832 0.9663866 0.97479 0.9579832 0.9495798 0.9579832 0.9663866 0.9831933 0.9663866 0.8655462 0.8403361
0.9243697 0.8907563 0.9159664 0.8907563 0.8991597 0.9327731 0.8487395 0.7478992 0.7478992 0.7310924 0.6890756
0.1570248 0.07438017 0.05785124 0.07438017 0.1239669 0.0909091 0.1735537 0.2231405 0.2148760 0.2314050 0.2561983
0.28 0.312 0.384 0.48 0.528 0.6 0.632 0.616 0.648 0.68 0.72
0.02419355 0.01612903 0.008064516 0.0483871 0.0967742 0.1370968 0.1048387 0.1209677 0.08870968 0.1129032 0.1209677
0.4067797 0.3728814 0.3305085 0.279661 0.2627119 0.2372881 0.1949153 0.1779661 0.1864407 0.1694915 0.2033898
0.2773109 0.2941176 0.4285714 0.4033613 0.5042017 0.487395 0.5042017 0.5714286 0.5294118 0.6638655 0.6806723
0.4545455 0.5371901 0.5454545 0.5867769 0.661157 0.7190083 0.7438017 0.8842975 0.8099174 0.9173554 0.9256198
0.09243697 0.1428571 0.2352941 0.3613445 0.3697479 0.4957983 0.5378151 0.512605 0.6134454 0.7310924 0.697479
0.7016129 0.6854839 0.6774194 0.733871 0.6693548 0.6935484 0.6532258 0.6612903 0.6935484 0.6532258 0.7016129
0.9663866 0.9411765 0.9327731 0.9579832 0.9411765 0.9579832 0.8403361 0.8403361 0.7983193 0.7058824 0.6386555
0.25 0.1935484 0.2338710 0.2177419 0.2580645 0.2016129 0.2096774 0.1935484 0.1935484 0.2580645 0.1935484
0.2016807 0.2016807 0.1428571 0.1260504 0.1008403 0.1008403 0.1512605 0.1260504 0.1596639 0.1680672 0.1428571
0.3109244 0.2857143 0.3109244 0.2352941 0.1764706 0.1512605 0.2100840 0.1428571 0.1596639 0.1680672 0.1848739
0.4705882 0.5294118 0.6134454 0.6890756 0.7647059 0.8235294 0.8487395 0.8571429 0.97479 0.97479 0.97479
0.7542373 0.7542373 0.7288136 0.7372881 0.7372881 0.6440678 0.7627119 0.7881356 0.8135593 0.7711864 0.8474576
0.4112903 0.4032258 0.3951613 0.3629032 0.3467742 0.3225806 0.2741935 0.1935484 0.2096774 0.1774194 0.2096774
0.6016949 0.5932203 0.5338983 0.4152542 0.4067797 0.3220339 0.440678 0.3898305 0.3813559 0.4745763 0.4661017
0.440678 0.279661 0.3728814 0.3389831 0.3135593 0.3728814 0.3559322 0.4322034 0.440678 0.4237288 0.4237288
0.472 0.472 0.488 0.544 0.504 0.504 0.496 0.464 0.456 0.448 0.408
0.7647059 0.7142857 0.7478992 0.7142857 0.789916 0.8571429 0.8403361 0.9159664 0.8235294 0.8403361 0.8907563
0.04201681 0.02521008 0.06722689 0.008403361 0.04201681 0.03361345 0.05042017 0.06722689 0.03361345 0.06722689 0.04201681
0.1570248 0.1652893 0.1074380 0.07438017 0.0909091 0.09917355 0.04958678 0.1652893 0.08264463 0.05785124 0.0661157
0.3225806 0.3387097 0.3709677 0.3870968 0.4274194 0.4919355 0.483871 0.5564516 0.6129032 0.6451613 0.717742
0.5080645 0.5080645 0.3709677 0.3629032 0.2096774 0.1290323 0.1451613 0.0967742 0.04032258 0.05645161 0.0483871
0.7058824 0.7142857 0.6554622 0.6890756 0.697479 0.6638655 0.6890756 0.7310924 0.7478992 0.7983193 0.7478992
0.1487603 0.1074380 0.1239669 0.1322314 0.1157025 0.1074380 0.1404959 0.07438017 0.03305785 0.03305785 0.04132231
0.6470588 0.5882353 0.5630252 0.605042 0.512605 0.4957983 0.5294118 0.5462185 0.4705882 0.3109244 0.3361345
0.06451613 0.08870968 0.05645161 0.0483871 0.0483871 0.08064516 0.06451613 0.07258065 0.05645161 0.08064516 0.01612903
0.56 0.544 0.512 0.456 0.256 0.224 0.192 0.144 0.088 0.072 0.056
0.6554622 0.5882353 0.5378151 0.5210084 0.5378151 0.5042017 0.512605 0.512605 0.5210084 0.5462185 0.5042017
0.144 0.152 0.16 0.176 0.192 0.176 0.192 0.184 0.176 0.208 0.192
0.288 0.464 0.552 0.576 0.624 0.688 0.672 0.888 0.768 0.808 0.808
0.4112903 0.3387097 0.2822581 0.2822581 0.1612903 0.1532258 0.0967742 0.08870968 0.07258065 0.07258065 0.05645161
0.3467742 0.3548387 0.3790323 0.4274194 0.4112903 0.4435484 0.4677419 0.5887097 0.5967742 0.7741935 0.9032258
0.07258065 0.1129032 0.1129032 0.1290323 0.1129032 0.1854839 0.2096774 0.2338710 0.2419355 0.2580645 0.2903226
0.8655462 0.8739496 0.8739496 0.8487395 0.882353 0.8571429 0.7058824 0.7815126 0.697479 0.5798319 0.5798319
0.8487395 0.8655462 0.8655462 0.8403361 0.8655462 0.8739496 0.8235294 0.7815126 0.789916 0.7058824 0.7142857
0.5169492 0.3898305 0.3898305 0.3898305 0.4067797 0.3983051 0.4661017 0.4237288 0.4491525 0.4322034 0.4491525
0.5798319 0.5210084 0.4369748 0.4453782 0.3865546 0.3529412 0.2941176 0.2773109 0.2689076 0.2184874 0.2016807
0.1694915 0.279661 0.3050847 0.3050847 0.3474576 0.3728814 0.4491525 0.5254237 0.4830508 0.5338983 0.5338983
0.3145161 0.2822581 0.3467742 0.3629032 0.483871 0.4516129 0.4354839 0.4758065 0.5483871 0.5564516 0.5725806
0.3865546 0.2857143 0.2521008 0.1176471 0.05882353 0.05882353 0.04201681 0.04201681 0.01680672 0.01680672 0.01680672
0.7983871 0.7741935 0.8306452 0.7903226 0.9032258 0.7903226 0.8467742 0.9112903 0.9274194 0.8145161 0.9274194
0.704 0.672 0.728 0.696 0.672 0.736 0.768 0.656 0.616 0.64 0.52
0.192 0.192 0.184 0.128 0.176 0.144 0.2 0.168 0.176 0.16 0.216
0.808 0.776 0.8 0.808 0.848 0.824 0.792 0.712 0.808 0.784 0.8
0.9692308 0.9615385 0.9153846 0.9538462 0.9384615 0.876923 0.8538462 0.7538462 0.6923077 0.6846154 0.6461538
0.8235294 0.8739496 0.8571429 0.8487395 0.8739496 0.7983193 0.789916 0.8907563 0.7478992 0.8403361 0.815126
0.3629032 0.4193548 0.4596774 0.3870968 0.3306452 0.4274194 0.4354839 0.3790323 0.3548387 0.3548387 0.2903226
0.9915966 0.9915966 0.9915966 0.9831933 0.9831933 0.9831933 0.9831933 0.97479 0.9663866 0.97479 0.882353
0.512605 0.4705882 0.4957983 0.4201681 0.3613445 0.3361345 0.3193277 0.2605042 0.2521008 0.2605042 0.2352941
0.1764706 0.2100840 0.1344538 0.09243697 0.01680672 0.01680672 0.01680672 0.02521008 0 0 0.008403361
0.1512605 0.2352941 0.09243697 0.1680672 0.1344538 0.05882353 0.05882353 0.04201681 0.1344538 0.09243697 0.06722689
0.6386555 0.6806723 0.5882353 0.5630252 0.4705882 0.4201681 0.3697479 0.2773109 0.2857143 0.2352941 0.2352941
0.2016807 0.1092437 0.1260504 0.05882353 0.07563025 0.07563025 0.05042017 0.1176471 0.1596639 0.1680672 0.2268908
0.5950413 0.6198347 0.5123967 0.4545455 0.3471074 0.3140496 0.2479339 0.1900826 0.1570248 0.1322314 0.1239669
0.1652893 0.2314050 0.3223140 0.4049587 0.5206612 0.553719 0.7024793 0.768595 0.7933884 0.876033 0.768595
0.6384615 0.6846154 0.6307692 0.6307692 0.6923077 0.6461538 0.6923077 0.7230769 0.7076923 0.8461538 0.7384615
0.892562 0.8677686 0.8842975 0.8099174 0.8842975 0.8677686 0.8347107 0.768595 0.8842975 0.785124 0.6198347
0.6016949 0.6016949 0.661017 0.7118644 0.7881356 0.8898305 0.7033898 0.8559322 0.9237288 0.940678 0.9067797
0.2521008 0.2352941 0.1596639 0.1344538 0.09243697 0.1008403 0.09243697 0.08403361 0.07563025 0.08403361 0.05042017
0.3865546 0.3865546 0.4117647 0.4789916 0.3697479 0.4201681 0.4033613 0.4117647 0.4789916 0.4369748 0.4285714
0.7033898 0.720339 0.7627119 0.7033898 0.6101695 0.6271186 0.5677966 0.6271186 0.5508475 0.5762712 0.5762712
0.6440678 0.6016949 0.5762712 0.5847458 0.5423729 0.6016949 0.5423729 0.559322 0.5508475 0.4745763 0.5338983
0.1570248 0.1652893 0.1652893 0.1322314 0.2066116 0.1735537 0.2314050 0.2231405 0.2314050 0.2231405 0.2561983
0.5546218 0.5462185 0.5630252 0.5714286 0.5462185 0.5042017 0.512605 0.5462185 0.5378151 0.5714286 0.6218487
0.9745763 0.9745763 0.9830508 0.9830508 0.9576271 0.9915254 0.9915254 0.9661017 0.9830508 0.898305 0.8898305
0.008474576 0.008474576 0.008474576 0 0.008474576 0.01694915 0.03389831 0.05932203 0.05932203 0.08474576 0.09322034
0.672 0.68 0.712 0.656 0.608 0.592 0.608 0.536 0.52 0.496 0.456
0.892562 0.8181818 0.9173554 0.8595041 0.8842975 0.9586777 0.7933884 0.9173554 0.7933884 0.9008264 0.8429752
0.9915254 0.9745763 0.9745763 0.9830508 0.9830508 0.9915254 0.9576271 0.9915254 0.9661017 0.9576271 0.9491525
0.856 0.832 0.824 0.88 0.944 0.928 0.968 0.952 0.912 0.912 0.928
0.7058824 0.7058824 0.789916 0.7478992 0.7310924 0.8487395 0.9243697 0.9243697 0.8403361 0.8487395 0.8739496
0.504 0.52 0.552 0.592 0.584 0.568 0.56 0.592 0.552 0.72 0.632
0.096 0.144 0.152 0.224 0.184 0.232 0.208 0.216 0.312 0.288 0.368
0.7096774 0.7016129 0.6854839 0.6612903 0.5564516 0.6370968 0.4677419 0.4596774 0.483871 0.3709677 0.3870968
0.2352941 0.1596639 0.2521008 0.2184874 0.2605042 0.3529412 0.4033613 0.3697479 0.5210084 0.5462185 0.6386555
0.4621849 0.487395 0.4285714 0.4957983 0.4621849 0.4537815 0.512605 0.4369748 0.3865546 0.4201681 0.3277311
0.07627119 0.09322034 0.05932203 0.05084746 0.04237288 0.05084746 0.05084746 0.05084746 0.1355932 0.1101695 0.1525424
0.6218487 0.7142857 0.7647059 0.7142857 0.7478992 0.7731092 0.8235294 0.8067227 0.9411765 0.8403361 0.882353
0.6 0.592 0.632 0.608 0.656 0.584 0.632 0.704 0.824 0.784 0.816
0.07258065 0.08064516 0.08064516 0.0967742 0.1774194 0.1451613 0.1451613 0.1854839 0.1935484 0.2096774 0.2177419
0.6 0.552 0.488 0.4 0.328 0.344 0.352 0.28 0.304 0.28 0.264
0.1260504 0.08403361 0.02521008 0.02521008 0.02521008 0.01680672 0.01680672 0.06722689 0.08403361 0.1260504 0.1260504
0.584 0.656 0.624 0.696 0.728 0.72 0.728 0.68 0.744 0.64 0.704
0.815126 0.8907563 0.8655462 0.8571429 0.882353 0.8739496 0.8235294 0.8403361 0.8067227 0.5966387 0.6722689
0.4 0.4384615 0.4615385 0.4615385 0.5 0.6307692 0.5769231 0.6153846 0.6923077 0.7230769 0.8076923
0.568 0.496 0.408 0.44 0.432 0.464 0.432 0.384 0.328 0.32 0.376
0.05882353 0.03361345 0.06722689 0.1512605 0.1764706 0.1932773 0.3445378 0.3109244 0.3445378 0.3781513 0.3529412
0.6115702 0.7107438 0.6859504 0.6859504 0.6363636 0.785124 0.7438017 0.7438017 0.8429752 0.9008264 0.876033
0.2521008 0.2605042 0.2773109 0.2857143 0.4117647 0.4201681 0.4537815 0.4033613 0.4453782 0.4369748 0.3697479
0.8067227 0.8403361 0.7815126 0.7226891 0.789916 0.8319328 0.7226891 0.6890756 0.6134454 0.5462185 0.4957983
0.5169492 0.4067797 0.4237288 0.3559322 0.3050847 0.2966102 0.3050847 0.3050847 0.2627119 0.2881356 0.3050847
0.2773109 0.2605042 0.3109244 0.3109244 0.3193277 0.3529412 0.3277311 0.3865546 0.3865546 0.3529412 0.3697479
0.8 0.8076923 0.8 0.8153846 0.7846154 0.6923077 0.8 0.7230769 0.7076923 0.6846154 0.7153846
0.5322581 0.516129 0.5887097 0.6290323 0.5887097 0.5645161 0.6532258 0.6532258 0.5806452 0.6209677 0.5887097
0.3225806 0.3064516 0.2177419 0.1935484 0.1854839 0.1048387 0.1370968 0.0967742 0.1290323 0.1451613 0.1693548
0.008403361 0.008403361 0.02521008 0.02521008 0.03361345 0.05042017 0.05042017 0.05882353 0.07563025 0.07563025 0.02521008
0.28 0.312 0.296 0.28 0.272 0.24 0.208 0.208 0.176 0.16 0.152
0.3225806 0.2822581 0.3951613 0.4274194 0.3709677 0.4435484 0.4596774 0.4435484 0.5564516 0.6693548 0.7741935
0.394958 0.3697479 0.4117647 0.3613445 0.2184874 0.2773109 0.1596639 0.2184874 0.2016807 0.2100840 0.1764706
0.09322034 0.1610169 0.1016949 0.1271186 0.1440678 0.1186441 0.1186441 0.1186441 0.1525424 0.1271186 0.1186441
0.8067227 0.789916 0.815126 0.8067227 0.7563025 0.7647059 0.7815126 0.7647059 0.6134454 0.5630252 0.5798319
0.04201681 0.09243697 0.09243697 0.1008403 0.1344538 0.1176471 0.1512605 0.1176471 0.05882353 0.1008403 0.09243697
0.8870968 0.8629032 0.8629032 0.8064516 0.733871 0.6612903 0.75 0.5806452 0.5564516 0.5887097 0.5645161
0.9758065 0.967742 0.967742 0.9596774 0.9919355 0.9758065 0.983871 0.9596774 0.9758065 0.9435484 0.9435484
0.8235294 0.789916 0.7815126 0.7647059 0.789916 0.7647059 0.6806723 0.6638655 0.7815126 0.8067227 0.8487395
0.1404959 0.1074380 0.05785124 0.1322314 0.2066116 0.3057851 0.2809917 0.2975207 0.4049587 0.4710744 0.4876033
0.1290323 0.06451613 0.008064516 0.01612903 0.008064516 0 0 0 0 0 0
0 0 0 0 0 0 0 0 0 0 0.008
0.9495798 0.9579832 0.9831933 0.9327731 0.882353 0.8487395 0.8403361 0.7563025 0.7310924 0.7058824 0.6554622
0.08064516 0.1048387 0.0483871 0.06451613 0.04032258 0.01612903 0.03225806 0.04032258 0.03225806 0.01612903 0.01612903
0.6470588 0.6470588 0.7226891 0.7310924 0.7647059 0.7815126 0.8319328 0.882353 0.9327731 0.9579832 0.9579832
0.3225806 0.3467742 0.3709677 0.4193548 0.3064516 0.4193548 0.3064516 0.3548387 0.3225806 0.3145161 0.3064516
0.4793388 0.5123967 0.4628099 0.4545455 0.4214876 0.4876033 0.446281 0.4628099 0.3801653 0.4710744 0.4214876
0.5241935 0.5322581 0.5806452 0.6290323 0.6451613 0.7096774 0.8064516 0.8629032 0.8951613 0.8790323 0.8870968
0.4049587 0.4710744 0.4628099 0.5206612 0.4545455 0.446281 0.446281 0.3884298 0.446281 0.4214876 0.4049587
0.7190083 0.7107438 0.6859504 0.7355372 0.661157 0.6859504 0.6033058 0.6033058 0.5454545 0.5785124 0.5371901
0.1932773 0.2184874 0.1932773 0.2941176 0.2268908 0.2773109 0.3277311 0.3109244 0.3613445 0.3697479 0.4033613
0.8474576 0.8898305 0.9152542 0.8050847 0.898305 0.8898305 0.8559322 0.9237288 0.8728814 0.940678 0.9491525
0.2542373 0.279661 0.2372881 0.279661 0.2881356 0.279661 0.3050847 0.3559322 0.3305085 0.3305085 0.4576271
0.8235294 0.8571429 0.8067227 0.7815126 0.6890756 0.7478992 0.605042 0.5966387 0.5714286 0.5714286 0.5798319
0.784 0.816 0.816 0.8 0.832 0.752 0.768 0.864 0.848 0.784 0.656
0.8923077 0.8846154 0.8923077 0.9 0.7923077 0.823077 0.8307692 0.6 0.5846154 0.5307692 0.5307692
0.288 0.312 0.336 0.368 0.352 0.32 0.312 0.312 0.312 0.32 0.384
0.2268908 0.2773109 0.2773109 0.3529412 0.3865546 0.3865546 0.4285714 0.4705882 0.512605 0.5546218 0.6218487
0.9579832 0.9159664 0.8739496 0.882353 0.8991597 0.8319328 0.8907563 0.7478992 0.6386555 0.605042 0.5294118
0.8067227 0.7815126 0.6554622 0.697479 0.5966387 0.4789916 0.3445378 0.3697479 0.3361345 0.2605042 0.2436975
0.9586777 0.892562 0.9008264 0.9008264 0.9256198 0.9090909 0.8264463 0.8347107 0.8842975 0.876033 0.8429752
0.512 0.4 0.432 0.392 0.392 0.312 0.296 0.288 0.264 0.232 0.232
0.8050847 0.8305085 0.9067797 0.8728814 0.898305 0.8474576 0.940678 0.8135593 0.898305 0.7881356 0.9152542
0.9663866 0.9411765 0.9159664 0.882353 0.9243697 0.8907563 0.9327731 0.9411765 0.8487395 0.8991597 0.882353
0.856 0.856 0.824 0.848 0.856 0.696 0.808 0.632 0.6 0.528 0.536
