0.5403226 0.6209677 0.6451613 0.6451613 0.6532258 0.6129032 0.6612903 0.6209677 0.733871 0.7741935 0.717742
0.4529915 0.5299145 0.4444444 0.4957265 0.4786325 0.5042735 0.5299145 0.5384615 0.5299145 0.5384615 0.5641026
0.9661017 0.9491525 0.9491525 0.9915254 0.9576271 0.9830508 0.9237288 0.9745763 0.9830508 0.9237288 0.9576271
0.8650794 0.9047619 0.8650794 0.9126984 0.9126984 0.936508 0.8571429 0.8492063 0.8015873 0.7301587 0.6428571
0.08870968 0.1290323 0.08064516 0.1129032 0.1370968 0.2096774 0.2338710 0.2177419 0.2661290 0.25 0.2661290
0.2857143 0.3650794 0.4206349 0.5079365 0.547619 0.5634921 0.5793651 0.6428571 0.6587302 0.6746032 0.8492063
0.03252033 0.04878049 0.04878049 0.0894309 0.06504065 0.1056911 0.1300813 0.1382114 0.1300813 0.1382114 0.1138211
0.4615385 0.4188034 0.3675214 0.4102564 0.2820513 0.2564103 0.2393162 0.2307692 0.1709402 0.2393162 0.1965812
0.3658537 0.4715447 0.5121951 0.4390244 0.5934959 0.5772358 0.6097561 0.6422764 0.7479675 0.8211382 0.7073171
0.6341463 0.5284553 0.7560976 0.6910569 0.7317073 0.8373984 0.8211382 0.796748 0.7723577 0.8130081 0.8211382
0.04761905 0.1111111 0.2222222 0.3174603 0.3571429 0.4047619 0.4523810 0.5555556 0.547619 0.5396825 0.5952381
0.7258065 0.782258 0.766129 0.7580645 0.782258 0.7016129 0.782258 0.717742 0.7903226 0.8467742 0.8145161
0.896 0.936 0.928 0.96 0.944 0.92 0.92 0.904 0.808 0.712 0.608
0.536 0.52 0.536 0.576 0.536 0.56 0.528 0.632 0.576 0.6 0.608
0.1382114 0.1869919 0.1056911 0.1300813 0.05691057 0.09756098 0.1300813 0.09756098 0.1219512 0.1300813 0.1056911
0.272 0.264 0.232 0.232 0.232 0.24 0.192 0.248 0.224 0.24 0.256
0.5121951 0.5934959 0.6747967 0.7154472 0.7642276 0.796748 0.8861789 0.9512195 0.9349593 0.9756098 0.9837398
0.9576271 0.940678 0.9661017 0.9745763 0.9830508 0.9915254 0.9830508 0.9745763 0.9830508 0.9661017 0.9576271
0.3658537 0.3577236 0.3577236 0.398374 0.3333333 0.3577236 0.2520325 0.2682927 0.2845528 0.2520325 0.2682927
0.8034188 0.7606838 0.7179487 0.6324786 0.6153846 0.5726496 0.5128205 0.4444444 0.4700855 0.4957265 0.4615385
0.3193277 0.3109244 0.2941176 0.2689076 0.3277311 0.302521 0.3529412 0.3445378 0.302521 0.3193277 0.3193277
0.4878049 0.5203252 0.5609756 0.4878049 0.5934959 0.5853659 0.5203252 0.5934959 0.5934959 0.5609756 0.5121951
0.881356 0.7966102 0.8220339 0.8644068 0.9576271 0.881356 0.9830508 0.940678 0.9661017 0.8135593 0.898305
0.02419355 0.008064516 0.008064516 0 0.01612903 0.008064516 0 0 0 0 0.01612903
0.4065041 0.3089431 0.2764228 0.2764228 0.1463415 0.1544715 0.2113821 0.2520325 0.2439024 0.2195122 0.1951220
0.48 0.432 0.448 0.432 0.552 0.624 0.576 0.704 0.656 0.824 0.688
0.4237288 0.3728814 0.3220339 0.2372881 0.1525424 0.1610169 0.05932203 0.05932203 0.07627119 0.03389831 0.02542373
0.7627119 0.8474576 0.779661 0.7033898 0.720339 0.7288136 0.6779661 0.7288136 0.7118644 0.838983 0.7288136
0.09756098 0.06504065 0.1300813 0.1056911 0.06504065 0.08130081 0.1626016 0.1219512 0.1382114 0.1056911 0.1219512
0.6370968 0.6370968 0.6129032 0.5806452 0.5483871 0.4919355 0.4919355 0.4596774 0.4516129 0.3629032 0.3629032
0.3220339 0.3474576 0.3135593 0.3135593 0.3135593 0.3305085 0.3644068 0.3728814 0.3983051 0.3898305 0.3898305
0.752 0.624 0.608 0.48 0.376 0.28 0.232 0.184 0.16 0.096 0.088
0.68 0.736 0.696 0.616 0.608 0.616 0.64 0.704 0.688 0.656 0.808
0.2352941 0.2689076 0.2100840 0.1764706 0.1680672 0.2184874 0.1764706 0.1596639 0.1764706 0.1932773 0.1848739
0.3225806 0.4193548 0.5725806 0.6370968 0.6129032 0.733871 0.7258065 0.733871 0.7983871 0.8467742 0.8467742
0.4745763 0.4915254 0.3644068 0.3135593 0.2118644 0.1610169 0.1271186 0.08474576 0.07627119 0.04237288 0.04237288
0.5762712 0.4661017 0.5084746 0.5169492 0.559322 0.559322 0.6186441 0.7457627 0.7372881 0.6864407 0.8728814
0.08403361 0.1008403 0.09243697 0.1512605 0.1680672 0.1512605 0.1596639 0.2016807 0.2521008 0.2605042 0.302521
0.8145161 0.8467742 0.8548387 0.8145161 0.8306452 0.8225806 0.7258065 0.766129 0.6129032 0.6048387 0.5967742
0.9274194 0.8548387 0.9112903 0.8629032 0.8548387 0.7903226 0.8548387 0.7741935 0.766129 0.7580645 0.75
0.424 0.472 0.376 0.368 0.408 0.464 0.464 0.448 0.432 0.44 0.432
0.5483871 0.5403226 0.4435484 0.4112903 0.3629032 0.3306452 0.2903226 0.2419355 0.25 0.25 0.2258065
0.2857143 0.2689076 0.2941176 0.3277311 0.3109244 0.3529412 0.4369748 0.3865546 0.487395 0.5378151 0.5882353
0.2288136 0.1864407 0.2372881 0.3305085 0.3050847 0.3728814 0.4322034 0.4237288 0.4491525 0.4661017 0.4322034
0.288 0.28 0.184 0.112 0.056 0.04 0.04 0.024 0.008 0.016 0.008
0.7642276 0.7804878 0.7560976 0.7073171 0.7560976 0.6666667 0.699187 0.6747967 0.6747967 0.7073171 0.6910569
0.7154472 0.7560976 0.6910569 0.7235772 0.6585366 0.6829268 0.6097561 0.5609756 0.5528455 0.5121951 0.4634146
0.184 0.208 0.184 0.16 0.192 0.176 0.184 0.16 0.152 0.152 0.16
0.8235294 0.9243697 0.8571429 0.8907563 0.7647059 0.8739496 0.7647059 0.8655462 0.8739496 0.8571429 0.8907563
0.9512195 0.9674797 0.9430894 0.9512195 0.9756098 0.9349593 0.8617886 0.9186992 0.7642276 0.699187 0.6422764
0.8870968 0.8629032 0.8306452 0.8225806 0.8709677 0.9032258 0.9193548 0.8951613 0.9193548 0.8709677 0.8870968
0.4761905 0.3968254 0.4206349 0.484127 0.4603175 0.3968254 0.3968254 0.4047619 0.4444444 0.4047619 0.3412698
1 1 0.965812 0.991453 0.991453 0.991453 0.991453 0.957265 0.8547009 0.8717949 0.8205128
0.4516129 0.5 0.3548387 0.3790323 0.3064516 0.3145161 0.2903226 0.2419355 0.2661290 0.2741935 0.2177419
0.376 0.272 0.216 0.192 0.152 0.136 0.064 0.048 0.056 0.032 0.032
0.08474576 0.05932203 0.08474576 0.06779661 0.05084746 0.05932203 0.02542373 0.04237288 0.04237288 0.03389831 0.05932203
0.6666667 0.6097561 0.6260163 0.5691057 0.5203252 0.4390244 0.3089431 0.2764228 0.2682927 0.2195122 0.1788618
0.144 0.112 0.048 0.088 0.032 0.04 0.04 0.088 0.16 0.24 0.312
0.6068376 0.6068376 0.6153846 0.5128205 0.4786325 0.4102564 0.2820513 0.1880342 0.1709402 0.1452991 0.1025641
0.2051282 0.2564103 0.3675214 0.4786325 0.5213675 0.6410256 0.6324786 0.7948718 0.8547009 0.7692308 0.7008547
0.6451613 0.7096774 0.6774194 0.6532258 0.6290323 0.6532258 0.6693548 0.7016129 0.7419355 0.7580645 0.717742
0.9430894 0.9268293 0.8699187 0.9430894 0.9512195 0.9186992 0.8373984 0.8617886 0.7886179 0.6422764 0.7479675
0.7073171 0.7235772 0.7560976 0.7235772 0.7560976 0.7398374 0.7723577 0.8536585 0.8699187 0.9105691 0.8861789
0.1854839 0.1209677 0.1290323 0.1290323 0.0967742 0.0967742 0.07258065 0.1370968 0.08064516 0.1048387 0.1209677
0.9268293 0.9512195 0.9593496 0.9674797 0.9593496 0.9674797 0.99187 0.99187 0.9837398 0.9512195 0.9593496
0.7301587 0.7222222 0.6666667 0.6904762 0.6269841 0.6031746 0.5714286 0.6111111 0.547619 0.515873 0.5
0.4537815 0.3865546 0.4453782 0.4285714 0.4957983 0.3865546 0.3865546 0.487395 0.4201681 0.3529412 0.3361345
0.3193277 0.3193277 0.3613445 0.3277311 0.3277311 0.2941176 0.3361345 0.2689076 0.3277311 0.3529412 0.3361345
0.6031746 0.6031746 0.6111111 0.484127 0.5793651 0.5634921 0.531746 0.5079365 0.547619 0.5555556 0.5793651
0.923077 0.991453 0.965812 0.948718 0.965812 0.982906 0.991453 0.8632479 0.8376068 0.8376068 0.8205128
0.05882353 0.03361345 0.07563025 0.05882353 0.05882353 0.1008403 0.08403361 0.1092437 0.1008403 0.1176471 0.09243697
0.6068376 0.6837607 0.6153846 0.5897436 0.5982906 0.6581197 0.6068376 0.5470085 0.5470085 0.5213675 0.4786325
0.864 0.952 0.928 0.92 0.944 0.92 0.928 0.92 0.952 0.944 0.92
0.982906 0.991453 0.965812 0.982906 0.974359 0.991453 0.991453 0.957265 0.8205128 0.8632479 0.8974359
0.9186992 0.9349593 0.902439 0.9349593 0.9756098 0.9268293 0.9674797 0.9512195 0.9349593 0.9674797 0.9837398
0.592 0.648 0.632 0.688 0.768 0.72 0.76 0.816 0.8 0.808 0.744
0.4596774 0.5806452 0.5322581 0.5806452 0.5967742 0.5967742 0.6129032 0.6290323 0.6129032 0.6370968 0.7016129
0.09243697 0.1344538 0.1344538 0.1932773 0.1932773 0.2605042 0.2268908 0.2689076 0.2941176 0.2941176 0.3193277
0.8739496 0.8487395 0.882353 0.8487395 0.8403361 0.7647059 0.6554622 0.6638655 0.7731092 0.6722689 0.6554622
0.1965812 0.2222222 0.2478632 0.2307692 0.2222222 0.3333333 0.2991453 0.4273504 0.4786325 0.5384615 0.6153846
0.3813559 0.3898305 0.4322034 0.4067797 0.4576271 0.440678 0.4576271 0.440678 0.4322034 0.4661017 0.4237288
0.3193277 0.3109244 0.2941176 0.2436975 0.3277311 0.2773109 0.2268908 0.2352941 0.2521008 0.2941176 0.302521
0.7711864 0.8220339 0.7627119 0.838983 0.9152542 0.940678 0.9237288 0.9322034 0.9067797 0.898305 0.9576271
0.6837607 0.6495726 0.7179487 0.6495726 0.6923077 0.7692308 0.7606838 0.7435897 0.8205128 0.8461538 0.8119658
0.088 0.088 0.072 0.144 0.192 0.192 0.184 0.224 0.224 0.288 0.288
0.5 0.4576271 0.4322034 0.4067797 0.3983051 0.440678 0.4661017 0.4830508 0.4661017 0.4661017 0.5423729
0.07692308 0.06837607 0.03418803 0.01709402 0.04273504 0.008547009 0.03418803 0.02564103 0.02564103 0.08547009 0.0940171
0.531746 0.6031746 0.6190476 0.6904762 0.6984127 0.6904762 0.7698413 0.7142857 0.8095238 0.7619048 0.6666667
0.779661 0.7372881 0.7457627 0.8220339 0.7881356 0.7288136 0.8898305 0.898305 0.881356 0.6779661 0.7711864
0.3418803 0.4358974 0.3675214 0.4529915 0.5042735 0.4957265 0.5811966 0.6153846 0.6239316 0.8376068 0.8717949
0.4615385 0.4615385 0.4615385 0.4358974 0.3931624 0.3076923 0.2393162 0.2649573 0.2307692 0.3076923 0.2564103
0.05982906 0.05982906 0.05982906 0.1452991 0.1623932 0.2307692 0.2564103 0.2564103 0.3162393 0.3675214 0.4529915
0.782258 0.6854839 0.7419355 0.8548387 0.782258 0.7741935 0.7419355 0.8145161 0.8467742 0.8145161 0.7741935
0.3225806 0.2580645 0.3064516 0.3225806 0.3306452 0.4435484 0.4274194 0.4435484 0.483871 0.4596774 0.3951613
0.8455285 0.8536585 0.8292683 0.8780488 0.796748 0.8455285 0.7886179 0.7154472 0.7398374 0.5609756 0.5853659
0.608 0.52 0.52 0.44 0.36 0.296 0.352 0.32 0.344 0.336 0.296
0.2100840 0.2268908 0.1932773 0.2016807 0.2521008 0.2605042 0.2521008 0.3193277 0.4201681 0.4033613 0.3697479
0.8130081 0.8211382 0.8699187 0.6829268 0.7804878 0.7479675 0.7560976 0.6504065 0.6341463 0.6260163 0.6260163
0.4112903 0.5645161 0.4516129 0.5080645 0.5806452 0.5967742 0.5483871 0.6451613 0.6129032 0.6854839 0.717742
0.2689076 0.2689076 0.1932773 0.1932773 0.1764706 0.1428571 0.1344538 0.1176471 0.1176471 0.1428571 0.1680672
0 0 0.008547009 0.01709402 0 0.008547009 0.02564103 0.01709402 0.04273504 0.03418803 0.05128205
0.3902439 0.3658537 0.3089431 0.3170732 0.3252033 0.2682927 0.2357724 0.2357724 0.2113821 0.2113821 0.2032520
0.3135593 0.2711864 0.3050847 0.2627119 0.2966102 0.3474576 0.3813559 0.3728814 0.4237288 0.3983051 0.4152542
0.5483871 0.5725806 0.5403226 0.4758065 0.5 0.4354839 0.4032258 0.3548387 0.3467742 0.3467742 0.3387097
0.1186441 0.1355932 0.1610169 0.1779661 0.1525424 0.1101695 0.1186441 0.1101695 0.09322034 0.09322034 0.07627119
0.6752137 0.6153846 0.7264957 0.7521368 0.6923077 0.7264957 0.6495726 0.7948718 0.7606838 0.7435897 0.6324786
0.05042017 0.05882353 0.05882353 0.1008403 0.1344538 0.1092437 0.09243697 0.1092437 0.08403361 0.07563025 0.07563025
0.888 0.928 0.928 0.8 0.84 0.792 0.696 0.728 0.64 0.688 0.768
0.9349593 0.9593496 0.9756098 0.9756098 0.99187 0.99187 0.99187 0.99187 0.9837398 0.9512195 0.9593496
0.7380952 0.6825397 0.6587302 0.6111111 0.6190476 0.5873016 0.5793651 0.6666667 0.5952381 0.5793651 0.7063492
0.072 0.088 0.104 0.144 0.144 0.248 0.352 0.432 0.488 0.608 0.656
0.08870968 0.1209677 0.02419355 0.01612903 0.01612903 0 0 0 0 0 0
0.04 0.024 0.032 0.032 0.032 0.08 0.112 0.16 0.192 0.216 0.232
0.9516129 0.9516129 0.9758065 0.9435484 0.8951613 0.9193548 0.8145161 0.7741935 0.7258065 0.733871 0.7580645
0.1031746 0.05555556 0.05555556 0.01587302 0.04761905 0.05555556 0.02380952 0.01587302 0.03968254 0.05555556 0.02380952
0.568 0.584 0.616 0.648 0.688 0.704 0.672 0.776 0.912 0.864 0.984
0.272 0.352 0.344 0.416 0.36 0.376 0.4 0.384 0.408 0.432 0.464
0.6949153 0.6949153 0.6949153 0.6949153 0.720339 0.6864407 0.6779661 0.7118644 0.6779661 0.7711864 0.7711864
0.4615385 0.4786325 0.5384615 0.5897436 0.6153846 0.6581197 0.7435897 0.7948718 0.8547009 0.8376068 0.8974359
0.384 0.472 0.528 0.456 0.448 0.464 0.496 0.472 0.44 0.496 0.456
0.5725806 0.5725806 0.5564516 0.6370968 0.5483871 0.5564516 0.5483871 0.5241935 0.4758065 0.4112903 0.4274194
0.2822581 0.2903226 0.2903226 0.3145161 0.2419355 0.3467742 0.4032258 0.3951613 0.4193548 0.4919355 0.483871
0.902439 0.796748 0.8292683 0.8292683 0.902439 0.8292683 0.8617886 0.8780488 0.8455285 0.8130081 0.8536585
0.2941176 0.3193277 0.2100840 0.2352941 0.2352941 0.2184874 0.2436975 0.2184874 0.2521008 0.2436975 0.3193277
0.88 0.832 0.928 0.92 0.864 0.752 0.76 0.736 0.656 0.704 0.696
0.6910569 0.6341463 0.6747967 0.7073171 0.7235772 0.6829268 0.6585366 0.6422764 0.6829268 0.601626 0.5853659
0.9274194 0.9354839 0.9193548 0.9193548 0.8548387 0.8064516 0.7419355 0.6290323 0.5564516 0.5241935 0.4758065
0.3658537 0.3821138 0.3902439 0.3252033 0.3252033 0.3414634 0.3495935 0.3495935 0.3658537 0.3495935 0.3902439
0.2393162 0.2478632 0.3504274 0.4273504 0.4358974 0.4358974 0.4615385 0.4957265 0.5726496 0.7094017 0.7948718
0.9354839 0.9032258 0.9193548 0.9112903 0.8467742 0.8225806 0.7419355 0.6370968 0.5887097 0.5564516 0.4758065
0.7539683 0.7380952 0.6666667 0.6428571 0.6190476 0.5555556 0.3968254 0.3492063 0.3253968 0.3253968 0.2857143
0.9268293 0.8699187 0.9430894 0.8780488 0.9186992 0.9186992 0.9268293 0.8292683 0.8211382 0.8373984 0.8536585
0.3983051 0.4576271 0.440678 0.4576271 0.3559322 0.3305085 0.3389831 0.2966102 0.3135593 0.2881356 0.2881356
0.7563025 0.7563025 0.8655462 0.8487395 0.7815126 0.7478992 0.8403361 0.789916 0.882353 0.815126 0.8403361
0.8907563 0.907563 0.882353 0.8487395 0.8655462 0.9159664 0.815126 0.8235294 0.7815126 0.815126 0.8403361
0.8292683 0.7886179 0.8292683 0.8292683 0.7886179 0.7154472 0.6341463 0.5772358 0.5447154 0.5121951 0.4552846
