0.7851852 0.8296296 0.837037 0.8296296 0.7925926 0.7333333 0.7407407 0.7555556 0.7481481 0.7185185 0.7481481
0.3082707 0.3533835 0.3308271 0.3007519 0.3308271 0.3533835 0.3308271 0.3308271 0.3007519 0.2857143 0.3233083
0.7099237 0.7175573 0.7022901 0.6946565 0.7099237 0.7099237 0.6870229 0.7251908 0.6946565 0.6717557 0.648855
0.7226277 0.7153285 0.7664234 0.7591241 0.729927 0.7664234 0.7445255 0.7153285 0.7518248 0.7372263 0.7956204
0.1276596 0.02836879 0.04964539 0.03546099 0.03546099 0.04964539 0.04964539 0.04964539 0.04964539 0.04964539 0.04964539
0.893617 0.9078014 0.9787234 0.9716312 0.9716312 0.9432624 0.9361702 0.9503546 0.9503546 0.9432624 0.9432624
0.5035971 0.5323741 0.5467626 0.5611511 0.5611511 0.5467626 0.5467626 0.5467626 0.5467626 0.5539568 0.5611511
0.2635659 0.2790698 0.2868217 0.2635659 0.2325581 0.2248062 0.2325581 0.2015504 0.2325581 0.2403101 0.2325581
0.5693431 0.5182482 0.4817518 0.4452555 0.4525547 0.4525547 0.459854 0.459854 0.4306569 0.4233577 0.4379562
0.6330935 0.676259 0.6834532 0.6618705 0.647482 0.705036 0.676259 0.7194245 0.76259 0.6834532 0.7194245
0.5968992 0.6744186 0.6976744 0.6511628 0.6434109 0.6434109 0.6356589 0.6356589 0.6124031 0.6511628 0.627907
0.06015038 0.1203008 0.2481203 0.2781955 0.3007519 0.2631579 0.2631579 0.2706767 0.2706767 0.2180451 0.2631579
0.5267176 0.5343511 0.5267176 0.5648855 0.5419847 0.5343511 0.519084 0.5267176 0.5267176 0.5801527 0.5648855
0.8129496 0.8489209 0.8201439 0.8057554 0.7841727 0.7697842 0.7553957 0.7410072 0.705036 0.6978417 0.6906475
0.2661871 0.3309353 0.3884892 0.4244604 0.3956835 0.381295 0.4172662 0.4244604 0.381295 0.3884892 0.3956835
0.1985816 0.09219858 0.03546099 0.03546099 0.03546099 0.04964539 0.04964539 0.04964539 0.04255319 0.03546099 0.03546099
0.1629630 0.1555556 0.2074074 0.2296296 0.2370370 0.2148148 0.2444444 0.2740741 0.2740741 0.2518519 0.2666667
0.4817518 0.4817518 0.4671533 0.3649635 0.3722628 0.3211679 0.3795620 0.2481752 0.4087591 0.4087591 0.4306569
0.7709924 0.778626 0.8091603 0.8549618 0.870229 0.8549618 0.832061 0.8244275 0.740458 0.7938931 0.7862595
0.4604317 0.4748201 0.4676259 0.4244604 0.4172662 0.4028777 0.4244604 0.4028777 0.3956835 0.3884892 0.4100719
0.637037 0.6 0.5925926 0.6444444 0.6592593 0.6666667 0.6740741 0.7851852 0.7703704 0.6518519 0.762963
0.3851852 0.3851852 0.3777778 0.3555556 0.3777778 0.3407407 0.3851852 0.3851852 0.3629630 0.3407407 0.3407407
0.294964 0.2517986 0.2158273 0.2589928 0.2589928 0.323741 0.323741 0.323741 0.3381295 0.2877698 0.2877698
0.9064748 0.8992806 0.8992806 0.971223 0.9352518 0.971223 0.971223 0.9568345 0.9856115 0.9352518 0.913669
0.1285714 0.1285714 0.1785714 0.1785714 0.2142857 0.1928571 0.1642857 0.1928571 0.1714286 0.1928571 0.1571429
0.2888889 0.3703704 0.4 0.4666667 0.5333333 0.5555556 0.5333333 0.5777778 0.5481481 0.5481481 0.5407407
0.4135338 0.4135338 0.3759398 0.3834586 0.3984962 0.4285714 0.443609 0.443609 0.3909774 0.3984962 0.3834586
0.5259259 0.5333333 0.562963 0.5925926 0.6222222 0.6148148 0.7111111 0.7185185 0.7111111 0.8222222 0.7777778
0.1285714 0.1357143 0.1642857 0.1714286 0.2071429 0.2142857 0.2071429 0.2142857 0.2071429 0.1642857 0.1571429
0.6350365 0.6861314 0.7372263 0.8832117 0.810219 0.8029197 0.890511 0.8613139 0.8029197 0.8613139 0.8175182
0.1007752 0.08527132 0.1085271 0.1395349 0.124031 0.1317829 0.1162791 0.1472868 0.1395349 0.1007752 0.1085271
0.6099291 0.5460993 0.4964539 0.4964539 0.5035461 0.4964539 0.4964539 0.4964539 0.4893617 0.4609929 0.4822695
0.5267176 0.5725191 0.5648855 0.6259542 0.6335878 0.6335878 0.6717557 0.6259542 0.7022901 0.6412214 0.6259542
0.3333333 0.3333333 0.2962963 0.2296296 0.2666667 0.2592593 0.2444444 0.2296296 0.1925926 0.2370370 0.2666667
0.556391 0.6015038 0.7067669 0.6842105 0.7067669 0.6691729 0.6240602 0.6466165 0.6842105 0.6090226 0.6240602
0.2900763 0.2290076 0.1832061 0.1450382 0.1603053 0.1526718 0.1679389 0.1450382 0.129771 0.1679389 0.1145038
0.1085271 0.1472868 0.1782946 0.2170543 0.2170543 0.1782946 0.1627907 0.1627907 0.1550388 0.1627907 0.1705426
0.1450382 0.1068702 0.1068702 0.1145038 0.1068702 0.129771 0.1221374 0.1221374 0.07633588 0.1068702 0.08396947
0.7446809 0.6170213 0.5744681 0.5177305 0.4964539 0.5319149 0.5602837 0.5177305 0.5460993 0.5460993 0.5390071
0.8444444 0.8148148 0.8518519 0.8592593 0.8296296 0.8074074 0.8148148 0.8296296 0.7851852 0.8296296 0.8
0.459854 0.5036496 0.4671533 0.4671533 0.4525547 0.4160584 0.4379562 0.4306569 0.4379562 0.4452555 0.4306569
0.4676259 0.4892086 0.5395683 0.5683453 0.5251799 0.5539568 0.5467626 0.5251799 0.5755396 0.5755396 0.5467626
0.7054264 0.627907 0.6666667 0.6899225 0.7596899 0.8527132 0.8449612 0.8139535 0.7906977 0.8527132 0.8914729
0.5037594 0.5338346 0.5112782 0.5112782 0.5112782 0.4962406 0.518797 0.481203 0.4887218 0.481203 0.5112782
0.381295 0.381295 0.4100719 0.3884892 0.4388489 0.4316547 0.4244604 0.4244604 0.381295 0.3956835 0.4100719
0.6099291 0.5531915 0.4964539 0.5177305 0.5177305 0.5177305 0.5177305 0.5035461 0.4964539 0.4893617 0.4822695
0.7214286 0.6857143 0.6642857 0.65 0.6571429 0.6285714 0.6214286 0.6285714 0.6214286 0.6428571 0.6142857
0.7669173 0.7819549 0.7819549 0.7368421 0.7443609 0.7518797 0.8195489 0.7894737 0.7669173 0.7293233 0.7744361
0.8217054 0.7751938 0.7131783 0.7286822 0.6976744 0.7906977 0.868217 0.8604651 0.8992248 0.875969 0.8914729
0.2671756 0.2519084 0.2824427 0.3053435 0.3206107 0.3206107 0.3053435 0.3053435 0.3129771 0.2900763 0.2824427
0.03703704 0.1111111 0.1703704 0.1925926 0.2148148 0.2074074 0.2074074 0.2148148 0.2222222 0.2 0.1925926
0.556391 0.5714286 0.5714286 0.5413534 0.5413534 0.4962406 0.5037594 0.4736842 0.481203 0.4962406 0.4511278
1 0.992248 1 0.9767442 1 0.9767442 1 1 1 0.9844961 0.992248
0.9568345 0.913669 0.9208633 0.9352518 0.913669 0.9928058 0.9928058 0.9784173 0.9928058 0.9568345 0.9208633
0.6148148 0.5851852 0.5777778 0.637037 0.6296296 0.6592593 0.637037 0.7111111 0.6888889 0.6592593 0.7333333
0.9147287 0.9069767 0.875969 0.8449612 0.8062016 0.868217 0.868217 0.9069767 0.8914729 0.875969 0.8372093
0.1679389 0.2290076 0.2824427 0.2290076 0.2366412 0.1679389 0.1679389 0.1832061 0.2061069 0.2137405 0.2290076
0.4172662 0.3453237 0.2230216 0.2014388 0.2086331 0.1582734 0.1438849 0.1870504 0.1294964 0.1654676 0.1438849
0.4042553 0.4042553 0.3900709 0.4326241 0.4184397 0.3758865 0.3687943 0.3900709 0.4113475 0.4255319 0.4468085
0.4732824 0.4427481 0.4503817 0.3740458 0.4274809 0.4427481 0.4580153 0.3969466 0.389313 0.3816794 0.4351145
0.5413534 0.481203 0.4511278 0.4285714 0.4586466 0.4511278 0.4586466 0.4360902 0.4360902 0.4661654 0.4511278
0.3857143 0.3714286 0.3928571 0.4214286 0.4285714 0.4285714 0.4571429 0.45 0.4 0.4357143 0.4428571
0.6788321 0.729927 0.810219 0.7591241 0.7956204 0.8467153 0.8029197 0.8613139 0.7810219 0.729927 0.7153285
0.7593985 0.7819549 0.7819549 0.7744361 0.7443609 0.6917293 0.7293233 0.7593985 0.6842105 0.6842105 0.6766917
0.03597122 0.1079137 0.1438849 0.1726619 0.1726619 0.2230216 0.1582734 0.2086331 0.2014388 0.1942446 0.2014388
0.883721 0.9069767 0.9224806 0.9224806 0.9147287 0.9147287 0.8139535 0.875969 0.8294574 0.9069767 0.8914729
0.4263566 0.3023256 0.2790698 0.2170543 0.2015504 0.1782946 0.2015504 0.2170543 0.2093023 0.2170543 0.1705426
0.8571429 0.7819549 0.7293233 0.6616541 0.7218045 0.6917293 0.6466165 0.6917293 0.8270677 0.8796992 0.9022556
0.5426357 0.4806202 0.4728682 0.503876 0.4883721 0.4263566 0.4263566 0.4573643 0.4341085 0.4263566 0.4108527
0.3049645 0.3404255 0.4042553 0.4397163 0.4255319 0.4539007 0.4184397 0.4113475 0.4255319 0.4255319 0.4255319
0.3333333 0.2325581 0.1317829 0.04651163 0.06976744 0.06976744 0.07751938 0.06976744 0.04651163 0.04651163 0.04651163
0.4296296 0.3925926 0.3925926 0.4222222 0.4 0.3555556 0.3851852 0.3925926 0.3629630 0.3703704 0.4148148
0.8592593 0.8592593 0.7555556 0.8 0.8074074 0.8074074 0.8074074 0.8222222 0.8592593 0.8592593 0.8666667
0.08633094 0.1079137 0.1726619 0.1438849 0.1726619 0.1942446 0.1582734 0.1870504 0.1654676 0.1798561 0.2014388
0.4045802 0.4427481 0.4503817 0.4580153 0.4274809 0.3816794 0.4274809 0.4198473 0.3740458 0.3816794 0.3511450
0.9457364 0.9302326 0.9224806 0.9534884 0.9302326 0.9147287 0.883721 0.9069767 0.9224806 0.9069767 0.9224806
0.8592593 0.8296296 0.6962963 0.6962963 0.6962963 0.7407407 0.7555556 0.8296296 0.7851852 0.7037037 0.8518519
0.9856115 0.9784173 0.9856115 0.9928058 1 0.9784173 0.9856115 0.9856115 0.971223 0.9784173 0.9784173
0.6618705 0.7194245 0.7410072 0.7122302 0.6690647 0.6690647 0.6906475 0.6402878 0.6690647 0.6690647 0.676259
0.729927 0.7810219 0.8686131 0.8321168 0.8978102 0.9051095 0.8686131 0.9416058 0.8029197 0.7883212 0.8248175
0.08527132 0.1860465 0.2170543 0.2635659 0.248062 0.248062 0.2093023 0.1937984 0.2170543 0.2403101 0.2325581
0.6737589 0.6028369 0.5673759 0.5602837 0.5673759 0.5460993 0.5460993 0.5035461 0.5248227 0.5177305 0.5248227
0.5555556 0.5925926 0.6814815 0.7333333 0.762963 0.9111111 0.7407407 0.762963 0.8148148 0.7851852 0.8296296
0.4573643 0.3798450 0.4263566 0.3643411 0.3565891 0.3410853 0.3643411 0.3488372 0.3565891 0.3488372 0.3488372
0.7122302 0.705036 0.76259 0.705036 0.647482 0.6546763 0.6402878 0.6690647 0.6618705 0.6546763 0.676259
0.1450382 0.1679389 0.2137405 0.1832061 0.1603053 0.129771 0.09923664 0.129771 0.1068702 0.1068702 0.1145038
0.2666667 0.1703704 0.03703704 0.03703704 0.02962963 0.03703704 0.02962963 0.02962963 0.02962963 0.02962963 0.03703704
0.5620438 0.5693431 0.5839416 0.6423358 0.6715328 0.6350365 0.7372263 0.729927 0.5985401 0.6350365 0.620438
0.7194245 0.6834532 0.6906475 0.6402878 0.6618705 0.647482 0.6402878 0.6258993 0.6115108 0.6330935 0.6330935
0.1374046 0.09923664 0.1221374 0.1526718 0.1603053 0.1679389 0.1832061 0.1374046 0.1755725 0.1221374 0.1450382
0.294964 0.2805755 0.3165468 0.3021583 0.3165468 0.323741 0.3309353 0.352518 0.3093525 0.2805755 0.2733813
0.1333333 0.1925926 0.1555556 0.2 0.2148148 0.1925926 0.2074074 0.2148148 0.2370370 0.1555556 0.1851852
0.5419847 0.610687 0.6641221 0.6641221 0.648855 0.6335878 0.610687 0.6183206 0.610687 0.6641221 0.6259542
0.2374101 0.1942446 0.1726619 0.1294964 0.1510791 0.2086331 0.1942446 0.2086331 0.1726619 0.1510791 0.1223022
0.3956835 0.5395683 0.5971223 0.6258993 0.6330935 0.6258993 0.647482 0.6115108 0.6402878 0.6402878 0.676259
0.2406015 0.2932331 0.3308271 0.3383459 0.3308271 0.3082707 0.3082707 0.3082707 0.3157895 0.3233083 0.3157895
0.9428571 0.8928571 0.9 0.85 0.8785714 0.7642857 0.7714286 0.7428571 0.8142857 0.7357143 0.8071429
0.4296296 0.4666667 0.5259259 0.5777778 0.6148148 0.637037 0.6296296 0.6444444 0.6222222 0.6148148 0.6148148
0.07142857 0.07142857 0.08571429 0.1 0.08571429 0.1142857 0.1 0.1214286 0.1142857 0.1642857 0.1214286
0.007407407 0.007407407 0.02962963 0.03703704 0.02962963 0.02222222 0.02222222 0.02962963 0.02962963 0.02962963 0.03703704
0.8920863 0.8776978 0.884892 0.9280576 0.8633094 0.9496403 0.942446 0.9208633 0.9352518 0.9208633 0.9280576
0.01526718 0.05343511 0.09160305 0.09923664 0.1145038 0.1221374 0.09923664 0.08396947 0.1221374 0.1068702 0.09923664
0.9236641 0.9007634 0.870229 0.870229 0.9160305 0.8931298 0.9007634 0.8549618 0.8778626 0.8549618 0.8854962
0.4806202 0.4341085 0.4341085 0.4573643 0.4418605 0.4186047 0.4108527 0.4031008 0.4108527 0.3875969 0.3953488
0.6814815 0.6888889 0.7111111 0.7259259 0.6888889 0.6666667 0.6740741 0.6814815 0.6740741 0.6962963 0.6814815
0.3082707 0.3834586 0.3308271 0.3308271 0.3308271 0.3082707 0.3082707 0.3082707 0.3308271 0.3233083 0.3082707
0.8592593 0.8148148 0.8444444 0.7851852 0.8222222 0.8222222 0.8222222 0.762963 0.8222222 0.8074074 0.8222222
0.04444444 0.02222222 0.03703704 0.04444444 0.04444444 0.05925926 0.06666667 0.07407407 0.06666667 0.06666667 0.1037037
0.8592593 0.8592593 0.8444444 0.8444444 0.8222222 0.8518519 0.8222222 0.8222222 0.7851852 0.8296296 0.7925926
0.5555556 0.5407407 0.5333333 0.5481481 0.5481481 0.5407407 0.5481481 0.5333333 0.5481481 0.5481481 0.5333333
0.4661654 0.443609 0.4360902 0.3984962 0.3984962 0.4210526 0.4586466 0.4135338 0.4135338 0.443609 0.4360902
0.3333333 0.4031008 0.4728682 0.5116279 0.4883721 0.4496124 0.4263566 0.4263566 0.4263566 0.4263566 0.4108527
0.7067669 0.6240602 0.5789474 0.5639098 0.5639098 0.556391 0.5789474 0.5639098 0.5263158 0.5112782 0.5338346
0.2189781 0.1459854 0.1970803 0.2627737 0.2554745 0.2043796 0.2189781 0.2262774 0.2116788 0.2481752 0.2481752
0.4296296 0.4222222 0.3407407 0.2444444 0.2814815 0.2592593 0.2592593 0.2148148 0.2148148 0.3037037 0.3259259
0.4148148 0.3851852 0.3407407 0.2 0.1925926 0.3185185 0.3333333 0.3111111 0.3259259 0.2814815 0.3333333
0.4296296 0.4222222 0.4296296 0.4296296 0.4444444 0.5259259 0.437037 0.5037037 0.5185185 0.4814815 0.4962963
0.8444444 0.8814815 0.8518519 0.7925926 0.7925926 0.7407407 0.8074074 0.7555556 0.7111111 0.7111111 0.7185185
0.1942446 0.2661871 0.2014388 0.2014388 0.1870504 0.09352518 0.1438849 0.1582734 0.1798561 0.1654676 0.1726619
0.9302326 0.9612403 0.992248 0.9844961 0.9767442 0.992248 1 1 1 0.9767442 0.9844961
0.9534884 0.9612403 0.9457364 0.9534884 0.9534884 0.9767442 0.9534884 0.992248 0.992248 0.9379845 0.9844961
0.9389313 0.9236641 0.9465649 0.9236641 0.9160305 0.9160305 0.8931298 0.908397 0.8854962 0.8931298 0.9236641
0.09285714 0.1857143 0.2 0.2642857 0.2785714 0.2571429 0.2071429 0.2142857 0.2785714 0.2857143 0.2857143
0.637037 0.6 0.5925926 0.637037 0.6296296 0.6592593 0.637037 0.7037037 0.6962963 0.6962963 0.7925926
0.3259259 0.3111111 0.2814815 0.2592593 0.2074074 0.1851852 0.1851852 0.1925926 0.1407407 0.1925926 0.1629630
0.03100775 0.04651163 0.07751938 0.1007752 0.124031 0.09302326 0.0620155 0.04651163 0.07751938 0.09302326 0.0620155
0.6541353 0.6766917 0.7218045 0.6691729 0.6466165 0.6165414 0.6240602 0.6691729 0.631579 0.6165414 0.6390977
0.7410072 0.8129496 0.7697842 0.8633094 0.8417266 0.8776978 0.7482014 0.7769784 0.8273381 0.8705036 0.8776978
0.3065693 0.3868613 0.4233577 0.4452555 0.4452555 0.4160584 0.3868613 0.4087591 0.4306569 0.4087591 0.4087591
0.5481481 0.5481481 0.5703704 0.5925926 0.6074074 0.5555556 0.562963 0.5851852 0.5777778 0.6074074 0.5481481
0.2714286 0.2928571 0.2642857 0.1571429 0.1428571 0.3714286 0.3714286 0.3571429 0.3714286 0.3642857 0.3428571
0.4285714 0.4857143 0.5071429 0.5571429 0.5428571 0.5142857 0.5428571 0.4928571 0.5357143 0.5428571 0.55
0.1450382 0.2519084 0.2977099 0.2977099 0.2671756 0.2213740 0.2213740 0.2442748 0.2748092 0.2671756 0.2671756
0.1 0.09285714 0.06428571 0.04285714 0.06428571 0.04285714 0.06428571 0.05714286 0.05 0.05 0.05
0.7071429 0.6928571 0.65 0.6785714 0.6 0.6357143 0.6428571 0.6357143 0.6428571 0.6 0.6071429
0.1333333 0.1925926 0.1925926 0.2444444 0.2518519 0.2666667 0.2444444 0.2444444 0.2518519 0.2444444 0.2444444
0.2857143 0.2180451 0.2030075 0.2105263 0.2180451 0.2556391 0.2631579 0.2481203 0.2180451 0.2105263 0.2330827
0.6335878 0.6030534 0.5419847 0.519084 0.519084 0.519084 0.5267176 0.5267176 0.5267176 0.5114504 0.5038168
0.3053435 0.2900763 0.2900763 0.2977099 0.2748092 0.2519084 0.2900763 0.2442748 0.2748092 0.2290076 0.2748092
0.2481752 0.3065693 0.3576642 0.3868613 0.3795620 0.3649635 0.3503650 0.3211679 0.3503650 0.3430657 0.3430657
0.7709924 0.6870229 0.6335878 0.6259542 0.6030534 0.6259542 0.6030534 0.610687 0.6335878 0.6412214 0.6259542
0.3157895 0.3233083 0.2255639 0.1654135 0.1804511 0.1729323 0.1879699 0.1804511 0.1503759 0.1804511 0.1654135
0.5037037 0.5111111 0.4888889 0.4444444 0.4518519 0.5407407 0.5333333 0.5185185 0.5259259 0.5185185 0.5407407
0.6131387 0.5693431 0.5985401 0.620438 0.5766423 0.5693431 0.5693431 0.5474453 0.5109489 0.5839416 0.5839416
0.06766917 0.1203008 0.2255639 0.2706767 0.2781955 0.2105263 0.1578947 0.1879699 0.1954887 0.1954887 0.2330827
0.8248175 0.7737226 0.7737226 0.8321168 0.8029197 0.7445255 0.7445255 0.6934307 0.7810219 0.890511 0.890511
0.7153285 0.6715328 0.7007299 0.6715328 0.7737226 0.729927 0.7372263 0.729927 0.7518248 0.7737226 0.7153285
0.7209302 0.627907 0.5271318 0.503876 0.5116279 0.6666667 0.7751938 0.8062016 0.8062016 0.7829457 0.8139535
0.9856115 0.9496403 0.9568345 0.9352518 0.9280576 0.9280576 0.8920863 0.8992806 0.913669 0.9352518 0.913669
0.9457364 0.9767442 0.992248 0.9844961 1 0.9844961 1 1 1 0.9767442 0.992248
0.7943262 0.8014184 0.787234 0.7446809 0.6524823 0.7021277 0.6950355 0.6595745 0.6382979 0.6312057 0.6524823
