0.5826772 0.5984252 0.6299213 0.6535433 0.6220472 0.6141732 0.6535433 0.6850394 0.7559055 0.7795276 0.7874016
0.568 0.512 0.488 0.416 0.544 0.464 0.504 0.488 0.472 0.472 0.52
0.8842975 0.9008264 0.9421488 0.9586777 0.9256198 0.9173554 0.9586777 0.8429752 0.9173554 0.7933884 0.6694215
0.8487395 0.9411765 0.8991597 0.8487395 0.907563 0.907563 0.8655462 0.8907563 0.8487395 0.815126 0.7142857
0.08130081 0.1300813 0.1056911 0.1056911 0.1056911 0.1138211 0.2276423 0.2113821 0.2439024 0.2764228 0.2845528
0.4471545 0.4878049 0.4878049 0.5691057 0.5365854 0.6341463 0.6747967 0.6504065 0.6422764 0.7073171 0.7479675
0.03252033 0.05691057 0.04065041 0.06504065 0.0894309 0.09756098 0.1056911 0.09756098 0.1219512 0.1138211 0.1056911
0.3471074 0.3471074 0.3636364 0.2396694 0.2396694 0.1570248 0.1239669 0.1322314 0.1239669 0.1239669 0.1322314
0.2727273 0.2396694 0.3884298 0.4049587 0.4710744 0.4876033 0.5619835 0.6033058 0.6280992 0.677686 0.6694215
0.5517241 0.6637931 0.6465517 0.724138 0.6982759 0.8103448 0.8103448 0.9482759 0.7931034 0.9224138 0.8189655
0.1465517 0.1379310 0.2844828 0.3017241 0.4913793 0.5431034 0.612069 0.6551724 0.6637931 0.75 0.8189655
0.6722689 0.7226891 0.7563025 0.7563025 0.7563025 0.7394958 0.697479 0.6638655 0.7058824 0.7563025 0.6890756
0.8976378 0.9370079 0.9370079 0.8976378 0.96063 0.952756 0.9133858 0.8031496 0.7165354 0.7086614 0.5984252
0.3445378 0.4537815 0.3865546 0.4369748 0.4537815 0.4201681 0.4201681 0.4117647 0.4453782 0.4117647 0.4621849
0.1206897 0.1379310 0.0862069 0.0862069 0.04310345 0.02586207 0.06896552 0.05172414 0.06896552 0.0775862 0.06034483
0.2605042 0.2268908 0.2605042 0.1764706 0.1932773 0.1260504 0.1260504 0.1764706 0.1764706 0.1764706 0.2100840
0.5210084 0.605042 0.6302521 0.6554622 0.7310924 0.8067227 0.815126 0.9327731 0.97479 0.9663866 0.97479
0.7086614 0.7165354 0.7007874 0.7480315 0.7007874 0.7007874 0.6771654 0.7401575 0.8346457 0.7322835 0.8425197
0.5080645 0.5403226 0.5 0.5725806 0.4596774 0.4919355 0.4274194 0.2419355 0.2419355 0.2903226 0.25
0.6850394 0.6535433 0.5669291 0.5984252 0.5511811 0.5275591 0.4724409 0.496063 0.4488189 0.480315 0.4645669
0.3779528 0.3464567 0.2834646 0.3228346 0.3622047 0.3779528 0.3858268 0.4015748 0.3779528 0.4015748 0.4173228
0.483871 0.5080645 0.5080645 0.4032258 0.5483871 0.5483871 0.4758065 0.5887097 0.4919355 0.4596774 0.4435484
0.7886179 0.7560976 0.7723577 0.8455285 0.8292683 0.8373984 0.894309 0.9186992 0.902439 0.9430894 0.9349593
0.03149606 0.04724409 0.05511811 0.03937008 0.03149606 0.03937008 0.03149606 0.06299213 0.007874016 0.007874016 0.03149606
0.4310345 0.3534483 0.2672414 0.2413793 0.2413793 0.1810345 0.1465517 0.1637931 0.1465517 0.1724138 0.1551724
0.2113821 0.3089431 0.2682927 0.3333333 0.4065041 0.4878049 0.5365854 0.5609756 0.6178862 0.6097561 0.6585366
0.504065 0.3658537 0.3252033 0.3658537 0.2682927 0.1626016 0.1056911 0.03252033 0.03252033 0.01626016 0.008130081
0.7560976 0.7235772 0.699187 0.7642276 0.7398374 0.7317073 0.7723577 0.7886179 0.7804878 0.7560976 0.7073171
0.09917355 0.1322314 0.1818182 0.1570248 0.1570248 0.1404959 0.1570248 0.1652893 0.1322314 0.1239669 0.1322314
0.584 0.544 0.552 0.544 0.512 0.504 0.472 0.392 0.416 0.344 0.328
0.2100840 0.1512605 0.1260504 0.05042017 0.08403361 0.1176471 0.05882353 0.1008403 0.1176471 0.06722689 0.06722689
0.7190083 0.6115702 0.5950413 0.3966942 0.3057851 0.2066116 0.1652893 0.1322314 0.1239669 0.0909091 0.09917355
0.6942149 0.7272727 0.6942149 0.5702479 0.5371901 0.661157 0.5867769 0.6694215 0.7190083 0.7024793 0.7190083
0.2519685 0.2362205 0.1811024 0.1889764 0.2519685 0.2204724 0.2283465 0.2204724 0.2125984 0.2283465 0.2362205
0.2352941 0.3361345 0.4453782 0.5630252 0.6890756 0.6890756 0.7563025 0.7058824 0.8739496 0.8487395 0.8487395
0.5948276 0.4827586 0.362069 0.25 0.2327586 0.1551724 0.1293103 0.0775862 0.09482759 0.0775862 0.06034483
0.3793103 0.362069 0.3448276 0.3965517 0.4224138 0.4741379 0.5344828 0.6810345 0.75 0.8103448 0.9051724
0.1818182 0.1900826 0.1487603 0.2148760 0.1735537 0.1818182 0.2148760 0.2479339 0.2727273 0.3057851 0.4214876
0.8429752 0.8181818 0.8429752 0.768595 0.7768595 0.7520661 0.6942149 0.6859504 0.5950413 0.5867769 0.5289256
0.8292683 0.7398374 0.804878 0.8536585 0.7642276 0.7317073 0.8130081 0.8130081 0.699187 0.7317073 0.6910569
0.4566929 0.4251969 0.4251969 0.4488189 0.3700787 0.4724409 0.4724409 0.480315 0.4094488 0.3858268 0.4173228
0.5887097 0.5564516 0.5 0.4274194 0.3467742 0.3629032 0.2580645 0.2016129 0.2096774 0.2016129 0.1935484
0.2047244 0.2598425 0.2834646 0.3070866 0.3149606 0.4015748 0.4094488 0.480315 0.5590551 0.5511811 0.503937
0.3445378 0.4117647 0.3865546 0.4453782 0.487395 0.5294118 0.5210084 0.5546218 0.5882353 0.6134454 0.6890756
0.1889764 0.1417323 0.07086614 0.06299213 0.02362205 0.007874016 0.007874016 0.01574803 0.007874016 0.007874016 0.007874016
0.7903226 0.7983871 0.7903226 0.8306452 0.8387097 0.8870968 0.8548387 0.8548387 0.8790323 0.9274194 0.8629032
0.815126 0.789916 0.7815126 0.7478992 0.789916 0.7983193 0.8655462 0.7394958 0.7310924 0.6638655 0.5630252
0.2258065 0.1612903 0.1451613 0.1290323 0.1532258 0.1451613 0.2258065 0.2338710 0.2258065 0.2580645 0.2580645
0.904 0.888 0.896 0.912 0.92 0.912 0.872 0.928 0.856 0.92 0.92
0.967742 0.9596774 0.983871 0.9758065 0.9596774 0.9596774 0.9193548 0.8790323 0.8225806 0.7096774 0.6935484
0.7398374 0.7642276 0.7479675 0.7317073 0.8211382 0.8455285 0.8699187 0.9268293 0.9268293 0.7479675 0.8130081
0.3103448 0.2672414 0.3362069 0.25 0.3103448 0.2758621 0.3017241 0.3448276 0.3017241 0.2758621 0.2586207
0.968 0.984 0.976 0.984 0.992 0.984 0.992 0.952 0.968 0.952 0.936
0.4285714 0.4033613 0.3781513 0.394958 0.2773109 0.3781513 0.2521008 0.2857143 0.2857143 0.2857143 0.2605042
0.3719008 0.3553719 0.2892562 0.1570248 0.1074380 0.09917355 0.07438017 0.02479339 0.02479339 0.008264463 0
0.1176471 0.1092437 0.1428571 0.1512605 0.1008403 0.1176471 0.1512605 0.1428571 0.1512605 0.1428571 0.1176471
0.7068966 0.7413793 0.724138 0.6034483 0.5517241 0.4568966 0.4051724 0.3362069 0.2672414 0.2241379 0.2241379
0.2113821 0.1626016 0.1138211 0.0894309 0.09756098 0.08130081 0.1056911 0.1869919 0.2113821 0.2439024 0.3333333
0.7107438 0.6280992 0.5371901 0.4380165 0.3966942 0.2975207 0.2727273 0.1652893 0.1487603 0.1239669 0.1239669
0.1428571 0.2605042 0.3781513 0.4201681 0.5378151 0.5966387 0.6470588 0.6890756 0.8403361 0.8487395 0.7310924
0.64 0.648 0.64 0.696 0.624 0.656 0.696 0.632 0.704 0.832 0.792
0.8699187 0.8373984 0.8373984 0.8617886 0.8780488 0.8780488 0.8699187 0.7560976 0.804878 0.6747967 0.6504065
0.5966387 0.6806723 0.7310924 0.7310924 0.7226891 0.7815126 0.815126 0.882353 0.882353 0.907563 0.907563
0.1102362 0.1102362 0.08661417 0.03937008 0.06299213 0.03937008 0.03149606 0.01574803 0.1181102 0.03937008 0.07086614
0.9411765 0.97479 0.9579832 0.9915966 0.9327731 0.9831933 0.9579832 0.9831933 0.9411765 0.9327731 0.9663866
0.6638655 0.6470588 0.7058824 0.6134454 0.5798319 0.512605 0.5378151 0.487395 0.512605 0.4789916 0.4957983
0.4568966 0.4741379 0.362069 0.4137931 0.3103448 0.4051724 0.4655172 0.3793103 0.4137931 0.387931 0.3965517
0.3965517 0.3448276 0.3706897 0.2931034 0.3103448 0.2844828 0.3103448 0.3017241 0.2931034 0.2586207 0.2672414
0.605042 0.6302521 0.5714286 0.4789916 0.512605 0.4957983 0.512605 0.487395 0.4789916 0.4957983 0.5294118
0.9411765 0.97479 0.9411765 0.9243697 0.9327731 0.8991597 0.9159664 0.8403361 0.8991597 0.8235294 0.9663866
0.016 0.016 0.016 0.024 0.016 0.024 0.048 0.048 0.064 0.088 0.112
0.5172414 0.5431034 0.4741379 0.5086207 0.5431034 0.4827586 0.4741379 0.4224138 0.4137931 0.362069 0.3793103
0.8448276 0.7931034 0.8793103 0.8965517 0.9224138 0.9482759 0.9051724 0.8017241 0.9482759 0.7844828 0.7931034
0.9831933 0.9831933 0.9915966 0.9915966 1 0.9915966 0.9915966 0.97479 0.9831933 0.9831933 0.97479
0.8709677 0.8225806 0.8064516 0.8870968 0.8467742 0.9193548 0.9274194 0.8467742 0.8387097 0.8629032 0.8951613
0.5714286 0.5966387 0.6806723 0.6638655 0.7310924 0.7310924 0.7142857 0.6638655 0.8067227 0.815126 0.789916
0.5121951 0.6097561 0.6097561 0.6585366 0.6178862 0.5853659 0.5853659 0.6178862 0.5528455 0.6422764 0.6585366
0.048 0.088 0.096 0.144 0.176 0.272 0.272 0.272 0.288 0.312 0.328
0.7983871 0.8064516 0.8548387 0.766129 0.6693548 0.6290323 0.5403226 0.4112903 0.3790323 0.483871 0.483871
0.16 0.16 0.128 0.184 0.232 0.272 0.32 0.344 0.424 0.488 0.52
0.5284553 0.5609756 0.5772358 0.5365854 0.5365854 0.5203252 0.5609756 0.4715447 0.4796748 0.4065041 0.398374
0.1219512 0.1463415 0.1219512 0.1382114 0.0894309 0.08130081 0.09756098 0.1138211 0.1219512 0.1544715 0.1707317
0.7235772 0.7073171 0.699187 0.7479675 0.7398374 0.7723577 0.7723577 0.8292683 0.8455285 0.8455285 0.8699187
0.6896552 0.7155172 0.724138 0.724138 0.7068966 0.6293103 0.7844828 0.6810345 0.7155172 0.7672414 0.75
0.06722689 0.07563025 0.08403361 0.08403361 0.1176471 0.1428571 0.1848739 0.1764706 0.1932773 0.2689076 0.2689076
0.394958 0.394958 0.3865546 0.2941176 0.302521 0.2605042 0.2436975 0.2352941 0.1848739 0.1764706 0.1344538
0.1596639 0.1512605 0.1344538 0.09243697 0.09243697 0.1344538 0.1176471 0.1428571 0.09243697 0.08403361 0.1176471
0.5354331 0.5905512 0.6377953 0.6535433 0.6377953 0.7165354 0.7637795 0.7401575 0.7874016 0.8031496 0.7007874
0.8306452 0.8387097 0.8306452 0.8306452 0.8387097 0.9193548 0.8064516 0.6693548 0.6854839 0.6451613 0.6935484
0.4655172 0.5258621 0.5258621 0.6293103 0.6465517 0.5775862 0.6896552 0.7413793 0.8017241 0.9137931 0.9051724
0.6260163 0.601626 0.4796748 0.4146341 0.4390244 0.4390244 0.3821138 0.4796748 0.4227642 0.4065041 0.4227642
0.016 0.032 0.056 0.088 0.096 0.208 0.248 0.256 0.304 0.28 0.328
0.8130081 0.804878 0.796748 0.8130081 0.8130081 0.9512195 0.9593496 0.9593496 0.9837398 0.9430894 0.9593496
0.2857143 0.2941176 0.2521008 0.302521 0.3277311 0.3277311 0.3865546 0.3865546 0.3781513 0.4033613 0.4033613
0.8064516 0.8225806 0.8225806 0.8306452 0.7983871 0.782258 0.8548387 0.6854839 0.6693548 0.6129032 0.516129
0.5511811 0.4488189 0.4724409 0.480315 0.3937008 0.3307087 0.3622047 0.3700787 0.2519685 0.2677165 0.3464567
0.2941176 0.2941176 0.3277311 0.3109244 0.2605042 0.3109244 0.3529412 0.2857143 0.3613445 0.3865546 0.4201681
0.789916 0.7647059 0.815126 0.7983193 0.789916 0.789916 0.7731092 0.7731092 0.7310924 0.7563025 0.6890756
0.5403226 0.6693548 0.6129032 0.6451613 0.7016129 0.7983871 0.7096774 0.7903226 0.7741935 0.8225806 0.7580645
0.3622047 0.3307087 0.2204724 0.2204724 0.2047244 0.1811024 0.1653543 0.1653543 0.2125984 0.1732283 0.2204724
0 0.01612903 0.008064516 0.01612903 0.05645161 0.04032258 0.03225806 0.04032258 0.06451613 0.05645161 0.04032258
0.3103448 0.2758621 0.3534483 0.25 0.2586207 0.2327586 0.2241379 0.1982759 0.2327586 0.2155172 0.1551724
0.2195122 0.2682927 0.3170732 0.3252033 0.3658537 0.3658537 0.3821138 0.3902439 0.4634146 0.4552846 0.4552846
0.4453782 0.4117647 0.4117647 0.3697479 0.3277311 0.3445378 0.2941176 0.3193277 0.2773109 0.2773109 0.2689076
0.1487603 0.2066116 0.1983471 0.1652893 0.1074380 0.1157025 0.1074380 0.09917355 0.1074380 0.0909091 0.09917355
0.6206897 0.7155172 0.6293103 0.6896552 0.6551724 0.6637931 0.612069 0.6465517 0.5258621 0.4741379 0.4913793
0.024 0.016 0.056 0.112 0.056 0.096 0.096 0.152 0.104 0.136 0.136
0.8739496 0.8739496 0.9243697 0.8991597 0.8487395 0.8991597 0.7731092 0.7142857 0.789916 0.697479 0.6806723
0.9579832 0.9831933 0.9663866 0.9915966 0.9663866 0.9831933 0.97479 0.9831933 0.9663866 0.9411765 0.9663866
0.7317073 0.7154472 0.7317073 0.6097561 0.6178862 0.6504065 0.6422764 0.5772358 0.6341463 0.6504065 0.7804878
0.1008403 0.1596639 0.08403361 0.1764706 0.1848739 0.3109244 0.3361345 0.394958 0.4369748 0.4201681 0.4957983
0.2032520 0.1544715 0.1056911 0.02439024 0.01626016 0.02439024 0.02439024 0 0.008130081 0 0
0.02362205 0 0 0 0 0 0.007874016 0.01574803 0.007874016 0.03937008 0.07086614
0.8617886 0.8617886 0.8211382 0.9186992 0.8211382 0.7560976 0.7398374 0.6666667 0.5528455 0.7073171 0.6422764
0.08130081 0.08130081 0.07317073 0.05691057 0.04878049 0.02439024 0.04878049 0.07317073 0.04065041 0.02439024 0.01626016
0.4201681 0.4201681 0.512605 0.5630252 0.6302521 0.6554622 0.7058824 0.7478992 0.815126 0.907563 0.9411765
0.2975207 0.2231405 0.3140496 0.2396694 0.3553719 0.3553719 0.4380165 0.4710744 0.3636364 0.2975207 0.3223140
0.5275591 0.488189 0.496063 0.511811 0.480315 0.4566929 0.480315 0.4488189 0.4645669 0.4173228 0.4015748
0.5528455 0.6341463 0.699187 0.7073171 0.6829268 0.699187 0.7886179 0.8455285 0.8292683 0.804878 0.902439
0.5210084 0.4957983 0.5714286 0.5294118 0.512605 0.5210084 0.4789916 0.4789916 0.512605 0.4621849 0.4957983
0.5 0.4827586 0.5689655 0.5603448 0.5517241 0.5086207 0.5344828 0.4568966 0.4913793 0.4913793 0.4741379
0.1811024 0.1653543 0.2204724 0.2519685 0.2913386 0.2992126 0.3700787 0.4330709 0.4330709 0.4566929 0.4645669
0.8536585 0.8617886 0.8373984 0.8699187 0.8373984 0.8211382 0.8861789 0.8455285 0.902439 0.8699187 0.9430894
0.362069 0.362069 0.3534483 0.25 0.3103448 0.3793103 0.3534483 0.3017241 0.3275862 0.362069 0.3793103
0.7886179 0.804878 0.8536585 0.804878 0.7479675 0.6585366 0.6585366 0.6585366 0.5853659 0.5691057 0.5609756
0.8235294 0.7563025 0.7815126 0.8067227 0.8571429 0.8655462 0.8655462 0.882353 0.8907563 0.8487395 0.8739496
0.9310345 0.8362069 0.9051724 0.8534483 0.8017241 0.7413793 0.7068966 0.5862069 0.4741379 0.5689655 0.3965517
0.5206612 0.4049587 0.4628099 0.3966942 0.3305785 0.3636364 0.3305785 0.3057851 0.3223140 0.4132231 0.3884298
0.1322314 0.1570248 0.1983471 0.2727273 0.3057851 0.338843 0.4793388 0.4958678 0.5702479 0.553719 0.6694215
0.9055118 0.8897638 0.9370079 0.8976378 0.8267717 0.8818898 0.7401575 0.8031496 0.6141732 0.5826772 0.511811
0.76 0.76 0.704 0.648 0.6 0.472 0.384 0.368 0.312 0.296 0.312
0.9663866 0.97479 0.9579832 0.9915966 0.9579832 0.9579832 0.9579832 0.97479 0.9159664 0.9243697 0.8991597
0.2561983 0.2727273 0.3140496 0.2148760 0.2644628 0.2479339 0.2892562 0.2396694 0.2148760 0.1322314 0.1652893
0.8292683 0.7723577 0.7560976 0.7804878 0.8292683 0.8211382 0.7886179 0.7154472 0.6341463 0.7479675 0.8699187
0.8571429 0.8403361 0.8403361 0.8319328 0.8319328 0.8235294 0.8319328 0.7563025 0.7142857 0.7142857 0.7478992
0.7672414 0.7672414 0.75 0.7672414 0.7586207 0.6724138 0.6293103 0.5431034 0.5172414 0.4137931 0.4310345
