0.07462687 0.08955224 0.04477612 0.03731343 0.007462687 0.01492537 0.007462687 0 0 0 0
0.6544118 0.6985294 0.6544118 0.6617647 0.742647 0.7132353 0.6764706 0.6544118 0.6470588 0.617647 0.75
0.5488722 0.593985 0.5112782 0.5488722 0.443609 0.4887218 0.4135338 0.3007519 0.2706767 0.3082707 0.2932331
0.8444444 0.8518519 0.8296296 0.8666667 0.8888889 0.8666667 0.9111111 0.762963 0.8074074 0.7185185 0.7407407
0.8088235 0.8088235 0.7647059 0.8014706 0.742647 0.7867647 0.8455882 0.8014706 0.8897059 0.8014706 0.7941176
0.2132353 0.2647059 0.25 0.2205882 0.2058824 0.2205882 0.2132353 0.25 0.3308824 0.2352941 0.2720588
0.6015038 0.593985 0.4962406 0.6240602 0.6541353 0.6541353 0.5714286 0.6917293 0.6842105 0.6691729 0.6917293
0.4264706 0.3088235 0.3382353 0.4632353 0.5514706 0.4926471 0.5955882 0.6397059 0.7205882 0.7647059 0.7647059
0.07407407 0.05185185 0.03703704 0.1111111 0.07407407 0.1185185 0.1555556 0.1185185 0.1333333 0.1111111 0.1481481
0.7111111 0.7407407 0.7481481 0.6444444 0.5851852 0.6222222 0.5259259 0.4222222 0.3703704 0.3555556 0.3407407
0.6492537 0.6791045 0.6940299 0.6940299 0.761194 0.761194 0.738806 0.8059701 0.7835821 0.6791045 0.7761194
0.7089552 0.641791 0.6716418 0.7238806 0.7164179 0.761194 0.7686567 0.7910448 0.8283582 0.8358209 0.8283582
0.1925926 0.1333333 0.1407407 0.1629630 0.3185185 0.4074074 0.4444444 0.5259259 0.4962963 0.5333333 0.5259259
0.8296296 0.8148148 0.7925926 0.8222222 0.8592593 0.837037 0.7481481 0.762963 0.8074074 0.8074074 0.7703704
0.9020979 0.8811189 0.9090909 0.8881119 0.8881119 0.8951049 0.8391608 0.7482517 0.7692308 0.6503497 0.6153846
0.1492537 0.1567164 0.1641791 0.1791045 0.1641791 0.1865672 0.1716418 0.2313433 0.2388060 0.2313433 0.1865672
0.1617647 0.2941176 0.1544118 0.1617647 0.1397059 0.2279412 0.2205882 0.2132353 0.2426471 0.2279412 0.2205882
0.1203008 0.2180451 0.1879699 0.1353383 0.1052632 0.08270677 0.1278195 0.09774436 0.1353383 0.1428571 0.1428571
0.4191176 0.3823529 0.3897059 0.5367647 0.5588235 0.7352941 0.757353 0.8088235 0.8308824 0.9558824 0.9191176
0.7481481 0.7333333 0.8074074 0.762963 0.7481481 0.7925926 0.7481481 0.7925926 0.874074 0.8444444 0.9185185
0.2846715 0.2773723 0.2116788 0.2773723 0.270073 0.3941606 0.3138686 0.3357664 0.2773723 0.3284672 0.2773723
0.8148148 0.7925926 0.8222222 0.8 0.8148148 0.762963 0.7333333 0.7185185 0.7185185 0.6740741 0.6962963
0.4477612 0.4402985 0.4104478 0.3731343 0.3880597 0.3432836 0.3880597 0.4029851 0.3358209 0.3880597 0.3358209
0.9849624 0.9774436 0.9172932 0.9548872 0.9699248 0.9548872 1 0.9774436 0.9398496 0.9473684 0.9774436
0.0962963 0.1111111 0.1111111 0.2 0.2074074 0.1925926 0.1777778 0.2148148 0.1555556 0.1851852 0.1407407
0.1985294 0.2647059 0.2058824 0.1617647 0.06617647 0.0882353 0.03676471 0.04411765 0.0882353 0.08088235 0.1029412
0.5338346 0.518797 0.4962406 0.4736842 0.4887218 0.5037594 0.518797 0.6466165 0.6240602 0.6390977 0.6616541
0.2941176 0.4779412 0.3897059 0.3235294 0.1691176 0.05882353 0.05882353 0.05882353 0.04411765 0.02941176 0.05147059
0.7185185 0.7703704 0.7111111 0.7407407 0.7407407 0.7851852 0.7925926 0.762963 0.8814815 0.925926 0.7925926
0.2867647 0.2279412 0.3382353 0.3014706 0.3676471 0.3602941 0.2573529 0.3529412 0.3455882 0.3823529 0.3823529
0.3037037 0.3185185 0.1925926 0.2666667 0.1851852 0.3111111 0.2222222 0.1703704 0.2074074 0.1111111 0.1703704
0.7810219 0.729927 0.7518248 0.7810219 0.890511 0.9343066 0.9416058 0.9635036 0.9270073 0.9051095 0.919708
0.007462687 0.02238806 0 0 0 0 0 0 0 0 0.007462687
0.5413534 0.6390977 0.631579 0.5413534 0.4511278 0.3007519 0.2105263 0.2406015 0.1203008 0.1278195 0.1127820
0.4338235 0.3970588 0.3970588 0.4779412 0.5441176 0.4779412 0.5147059 0.6029412 0.617647 0.5882353 0.6764706
0.1865672 0.2089552 0.2164179 0.2313433 0.3582090 0.2388060 0.2835821 0.2686567 0.3059701 0.2388060 0.2910448
0.6 0.4740741 0.562963 0.6592593 0.7407407 0.7851852 0.7037037 0.8148148 0.8888889 0.874074 0.8592593
0.5298507 0.5671642 0.4776119 0.3507463 0.2611940 0.1492537 0.1044776 0.02985075 0.04477612 0.03731343 0.03731343
0.1954887 0.2481203 0.1879699 0.1654135 0.1578947 0.1804511 0.2255639 0.2781955 0.2706767 0.3609023 0.2932331
0.2097902 0.1538462 0.1888112 0.1538462 0.1818182 0.2727273 0.2587413 0.3706294 0.3426573 0.3706294 0.4055944
0.7647059 0.7647059 0.7205882 0.7132353 0.6029412 0.6102941 0.5073529 0.5294118 0.4632353 0.3897059 0.3823529
0.8059701 0.8432836 0.8358209 0.8880597 0.8507463 0.8507463 0.7835821 0.8432836 0.8134328 0.8731343 0.8507463
0.2941176 0.3602941 0.3161765 0.3529412 0.2426471 0.25 0.1838235 0.2279412 0.1985294 0.1691176 0.1911765
0.4179104 0.5298507 0.4701493 0.3731343 0.3880597 0.2388060 0.2313433 0.1716418 0.1044776 0.1268657 0.1417910
0.5185185 0.4740741 0.3481481 0.5481481 0.5185185 0.5703704 0.5185185 0.5481481 0.5555556 0.562963 0.5185185
0.6397059 0.5073529 0.6102941 0.6691176 0.6838235 0.7647059 0.742647 0.7352941 0.757353 0.8088235 0.8161765
0.02941176 0.02941176 0.02205882 0.02205882 0.03676471 0.05882353 0.05882353 0.05882353 0.04411765 0.05882353 0.05882353
0.6865672 0.6791045 0.7313433 0.8059701 0.7164179 0.8358209 0.7686567 0.8656716 0.880597 0.9179104 0.8507463
0.7481481 0.7407407 0.7555556 0.7925926 0.6592593 0.6222222 0.5925926 0.5481481 0.5481481 0.4592593 0.4444444
0.9104478 0.9253731 0.9104478 0.9328358 0.880597 0.9104478 0.9552239 0.8656716 0.9328358 0.8656716 0.880597
0.6015038 0.518797 0.4962406 0.5639098 0.6240602 0.6541353 0.6842105 0.6466165 0.6842105 0.7443609 0.7067669
0.1985294 0.1470588 0.2279412 0.2941176 0.2352941 0.3455882 0.3235294 0.3897059 0.4044118 0.3897059 0.4411765
0.9779412 0.9485294 0.9779412 0.9705882 0.9338235 0.9485294 0.9411765 0.9705882 0.9411765 0.9338235 0.9411765
0.9852941 0.9632353 0.9779412 0.9632353 0.9411765 0.9632353 0.9191176 0.8897059 0.9117647 0.7794118 0.757353
0.7482517 0.7482517 0.7692308 0.7692308 0.7552448 0.6433566 0.6153846 0.7342657 0.6153846 0.5944056 0.5734266
0.4265734 0.4615385 0.3636364 0.3846154 0.4195804 0.3776224 0.3566434 0.3006993 0.3356643 0.2797203 0.2727273
1 1 0.9852941 1 0.9852941 0.9852941 0.9338235 0.9705882 0.9411765 0.882353 0.8602941
0.1567164 0.2537313 0.2014925 0.1343284 0.1194030 0.04477612 0.02985075 0.05223881 0.02238806 0.02985075 0.04477612
0.4477612 0.5373134 0.5074627 0.4776119 0.3582090 0.3432836 0.2537313 0.2313433 0.2164179 0.1641791 0.1865672
0.2132353 0.2352941 0.1617647 0.1617647 0.1470588 0.125 0.1691176 0.1544118 0.125 0.1617647 0.1764706
0.4558824 0.6764706 0.4779412 0.3823529 0.3308824 0.1691176 0.05882353 0.06617647 0.04411765 0.02941176 0.02941176
0.3161765 0.4411765 0.3970588 0.3676471 0.2720588 0.3455882 0.3823529 0.3823529 0.4191176 0.4117647 0.5073529
0.380597 0.5373134 0.5074627 0.4179104 0.3059701 0.2611940 0.1268657 0.1119403 0.06716418 0.06716418 0.08955224
0.3582090 0.2686567 0.3358209 0.2985075 0.380597 0.5074627 0.5597015 0.5970149 0.641791 0.6044776 0.6343284
0.8382353 0.757353 0.7794118 0.875 0.757353 0.7941176 0.8308824 0.75 0.7279412 0.7794118 0.7867647
0.007407407 0.01481481 0.01481481 0 0.007407407 0.01481481 0.02962963 0.03703704 0.07407407 0.0962963 0.0962963
0.8455882 0.8970588 0.8529412 0.8602941 0.875 0.8455882 0.9044118 0.7720588 0.8455882 0.9117647 0.8529412
0.1865672 0.2537313 0.3134328 0.2164179 0.2164179 0.2238806 0.1567164 0.1865672 0.1865672 0.1343284 0.1417910
0.3382353 0.3676471 0.4485294 0.3455882 0.3602941 0.3676471 0.3088235 0.375 0.3161765 0.3235294 0.3382353
0.4135338 0.5714286 0.5037594 0.4285714 0.4511278 0.3909774 0.2932331 0.3383459 0.2706767 0.2857143 0.2781955
0.6766917 0.6240602 0.5864662 0.5488722 0.5864662 0.518797 0.5112782 0.518797 0.6015038 0.5864662 0.6691729
0.3529412 0.3897059 0.3455882 0.3014706 0.3455882 0.2720588 0.2941176 0.2205882 0.2205882 0.1838235 0.1691176
0.3507463 0.4776119 0.4029851 0.3582090 0.3134328 0.3656716 0.3358209 0.4029851 0.3880597 0.4626866 0.5
0.9703704 0.9777778 0.9407407 0.9555556 0.9333333 0.8814815 0.9037037 0.8518519 0.8074074 0.8444444 0.762963
0.1185185 0.1333333 0.2444444 0.2148148 0.2222222 0.2888889 0.2370370 0.2740741 0.2074074 0.2370370 0.2814815
0.6567164 0.6044776 0.6044776 0.6865672 0.641791 0.6268657 0.6268657 0.619403 0.6492537 0.6716418 0.7164179
0.8358209 0.8656716 0.8955224 0.880597 0.9179104 0.902985 0.977612 0.7910448 0.858209 0.858209 0.902985
0.9851852 0.9777778 0.9777778 0.9851852 0.9777778 0.9407407 0.9555556 0.9407407 0.8666667 0.9111111 0.8592593
0.9323308 0.887218 0.8571429 0.9172932 0.9473684 0.9548872 0.9473684 0.924812 0.9172932 0.9022556 0.9398496
0.4074074 0.2444444 0.3925926 0.5185185 0.5555556 0.637037 0.6518519 0.7851852 0.7555556 0.8518519 0.8222222
0.9323308 0.8045113 0.887218 0.9172932 0.962406 0.962406 0.9699248 0.9774436 0.9548872 0.962406 0.9548872
0.06993007 0.006993007 0.04895105 0.06293706 0.1608392 0.2377622 0.3986014 0.4755245 0.5034965 0.5454545 0.5944056
0.6940299 0.7686567 0.7014925 0.7985075 0.738806 0.7238806 0.6791045 0.5970149 0.5746269 0.6343284 0.6044776
0.7851852 0.6814815 0.7111111 0.8 0.8296296 0.8814815 0.9407407 0.8962963 0.9333333 0.9481481 0.9185185
0.1343284 0.1716418 0.2164179 0.2313433 0.2910448 0.3582090 0.3656716 0.4552239 0.5 0.5522388 0.5671642
0.8148148 0.8666667 0.8666667 0.8592593 0.8592593 0.837037 0.7481481 0.6296296 0.6222222 0.5111111 0.4296296
0.2408759 0.3722628 0.2408759 0.2773723 0.1605839 0.1021898 0.1240876 0.1313869 0.1459854 0.1970803 0.1751825
0.7518797 0.6992481 0.8270677 0.7969925 0.8421053 0.887218 0.8571429 0.849624 0.9022556 0.962406 0.8947368
0.6544118 0.7647059 0.742647 0.7132353 0.625 0.6397059 0.6397059 0.617647 0.6544118 0.6470588 0.6617647
0.01470588 0.007352941 0.01470588 0.03676471 0.02941176 0.1102941 0.1985294 0.3014706 0.3014706 0.3235294 0.3235294
0.1470588 0.3455882 0.2867647 0.1764706 0.1102941 0.03676471 0.02941176 0.007352941 0.05882353 0.01470588 0.01470588
0.7132353 0.7794118 0.7132353 0.6397059 0.5955882 0.5661765 0.6029412 0.5588235 0.5661765 0.5955882 0.5147059
0.1185185 0.1185185 0.1925926 0.1111111 0.1777778 0.2888889 0.1925926 0.2666667 0.3259259 0.3333333 0.3185185
0.9632353 0.9411765 0.9632353 0.9558824 0.9264706 0.9044118 0.8308824 0.8455882 0.8529412 0.7352941 0.6764706
0.9185185 0.9481481 0.9407407 0.9555556 0.8962963 0.9111111 0.8518519 0.8592593 0.7555556 0.6666667 0.6740741
0.4632353 0.3235294 0.4264706 0.4191176 0.5147059 0.5955882 0.5882353 0.6544118 0.7720588 0.8308824 0.867647
0.1678832 0.1970803 0.1970803 0.1751825 0.1240876 0.1094891 0.1021898 0.2189781 0.2335766 0.2408759 0.2554745
0.5333333 0.5333333 0.5407407 0.5555556 0.4962963 0.6148148 0.5259259 0.5037037 0.4148148 0.4592593 0.4444444
0.7720588 0.742647 0.7867647 0.7647059 0.7647059 0.7867647 0.7647059 0.8235294 0.7867647 0.8088235 0.8529412
0.1044776 0.06716418 0.08208955 0.1194030 0.1194030 0.1641791 0.1716418 0.1641791 0.1865672 0.1791045 0.1791045
0.8832117 0.890511 0.9124088 0.919708 0.9270073 0.919708 0.919708 0.9635036 0.9416058 0.9051095 0.9854015
0.2835821 0.380597 0.3507463 0.2985075 0.3059701 0.3059701 0.3059701 0.2910448 0.2089552 0.2313433 0.2014925
0.6888889 0.6814815 0.6518519 0.6888889 0.7037037 0.5555556 0.4962963 0.437037 0.4444444 0.3407407 0.3111111
0.4179104 0.3656716 0.3582090 0.4029851 0.4253731 0.380597 0.4328358 0.4104478 0.3880597 0.4179104 0.4776119
0.874074 0.837037 0.8518519 0.7481481 0.7851852 0.8 0.6666667 0.7407407 0.6666667 0.6518519 0.5851852
0.2773723 0.3284672 0.2189781 0.2627737 0.1970803 0.2919708 0.2408759 0.3576642 0.3430657 0.3503650 0.3430657
0.8074074 0.8296296 0.7851852 0.837037 0.8222222 0.8 0.8 0.6962963 0.7259259 0.6814815 0.7037037
0.5447761 0.5373134 0.6791045 0.5820896 0.6492537 0.6716418 0.7537313 0.7313433 0.7462687 0.6940299 0.8208955
0.1851852 0.2666667 0.2222222 0.2222222 0.1777778 0.2 0.1777778 0.2074074 0.2148148 0.2148148 0.1629630
0.2447552 0.2167832 0.2447552 0.2517483 0.3146853 0.4195804 0.4195804 0.4825175 0.5454545 0.5944056 0.5944056
0.8507463 0.8955224 0.8432836 0.8955224 0.8134328 0.7910448 0.7537313 0.6268657 0.5522388 0.6791045 0.5746269
0.01492537 0.02985075 0.02985075 0.02985075 0.03731343 0.03731343 0.02238806 0.01492537 0.007462687 0.02985075 0.01492537
0.2919708 0.3722628 0.3138686 0.3649635 0.3941606 0.3941606 0.4160584 0.3138686 0.3941606 0.3430657 0.3357664
0.1397059 0.1544118 0.1691176 0.1617647 0.125 0.1985294 0.2573529 0.1985294 0.2058824 0.2205882 0.1985294
0.2426471 0.1544118 0.2132353 0.2867647 0.2647059 0.3161765 0.3676471 0.3897059 0.3676471 0.4852941 0.4705882
0.4925373 0.5223881 0.4701493 0.4477612 0.4328358 0.3507463 0.3283582 0.3134328 0.3059701 0.2313433 0.2164179
0.2627737 0.3357664 0.2116788 0.3430657 0.2919708 0.3795620 0.4379562 0.3941606 0.4379562 0.4452555 0.3941606
0.8148148 0.8148148 0.8444444 0.7925926 0.7703704 0.8148148 0.8074074 0.6518519 0.7185185 0.6 0.5777778
0.1578947 0.06766917 0.08270677 0.1353383 0.1203008 0.1353383 0.2105263 0.09774436 0.1203008 0.1503759 0.1127820
0.962963 0.9555556 0.9407407 0.9555556 0.9407407 0.9555556 0.9185185 0.962963 0.8814815 0.874074 0.874074
0.9705882 0.9338235 0.9117647 0.9411765 0.9632353 0.9485294 0.9411765 0.9852941 0.9338235 0.9558824 0.9264706
0.6842105 0.6390977 0.6165414 0.6616541 0.6616541 0.593985 0.6466165 0.5864662 0.5488722 0.6015038 0.6766917
0.2 0.1259259 0.1629630 0.3481481 0.3777778 0.4074074 0.4518519 0.5259259 0.5777778 0.637037 0.637037
0.1052632 0.2481203 0.1804511 0.09774436 0.06015038 0.04511278 0.03759398 0.03759398 0.03007519 0.03007519 0.04511278
0.05839416 0.08759124 0.08759124 0.05109489 0.06569343 0.03649635 0.06569343 0.04379562 0.0729927 0.06569343 0.06569343
0.5555556 0.5851852 0.5481481 0.6148148 0.5407407 0.5259259 0.5111111 0.5185185 0.4888889 0.4888889 0.4444444
0.9562044 0.9343066 0.9635036 0.9635036 0.9854015 0.9489051 0.9416058 0.9562044 0.9343066 0.970803 0.9270073
0.1804511 0.2255639 0.2330827 0.2105263 0.1654135 0.2030075 0.09022556 0.09022556 0.08270677 0.06766917 0.06766917
0.649635 0.6277372 0.5985401 0.6569343 0.729927 0.8175182 0.8686131 0.9051095 0.8978102 0.919708 0.919708
0.1048951 0.08391608 0.1118881 0.1398601 0.1398601 0.1748252 0.2587413 0.2097902 0.1888112 0.2097902 0.2167832
0.4411765 0.4632353 0.4632353 0.4779412 0.4779412 0.4632353 0.4558824 0.4632353 0.4411765 0.4705882 0.4485294
0.2426471 0.1102941 0.1323529 0.2205882 0.375 0.5073529 0.4779412 0.5588235 0.6029412 0.6985294 0.7720588
0.05882353 0.03676471 0.04411765 0.1323529 0.1323529 0.1323529 0.1544118 0.3014706 0.3014706 0.3529412 0.3382353
0.3897059 0.4558824 0.4264706 0.4485294 0.4632353 0.4117647 0.4411765 0.4117647 0.4191176 0.3897059 0.3823529
0.6397059 0.6029412 0.6617647 0.7352941 0.7132353 0.7205882 0.6764706 0.7058824 0.6470588 0.6838235 0.6911765
0.08029197 0.05839416 0.0729927 0.05109489 0.05839416 0.1094891 0.2043796 0.2116788 0.2116788 0.2335766 0.2481752
0.1127820 0.2255639 0.1729323 0.06015038 0.09022556 0.09774436 0.08270677 0.09774436 0.1203008 0.08270677 0.08270677
0.7007299 0.7591241 0.729927 0.6715328 0.7007299 0.649635 0.6715328 0.6715328 0.7737226 0.8029197 0.8613139
0.5522388 0.6044776 0.6716418 0.4850746 0.4850746 0.4701493 0.3208955 0.3134328 0.3059701 0.2313433 0.2910448
0.9481481 0.9407407 0.9481481 0.9555556 0.8666667 0.9037037 0.8148148 0.7851852 0.6444444 0.637037 0.6074074
0.1102941 0.02941176 0.02205882 0.1029412 0.1470588 0.1029412 0.1691176 0.1985294 0.2132353 0.1911765 0.2279412
0.5588235 0.5073529 0.4705882 0.5 0.5514706 0.5073529 0.4632353 0.4117647 0.4191176 0.3897059 0.3676471
0.8507463 0.7985075 0.8432836 0.8208955 0.7537313 0.7313433 0.5970149 0.5447761 0.4701493 0.4701493 0.3582090
0.7762238 0.8181818 0.7832168 0.6993007 0.6853147 0.6643357 0.6013986 0.6503497 0.6013986 0.5384615 0.5034965
0.2014925 0.1716418 0.1641791 0.2164179 0.2611940 0.3358209 0.3731343 0.3283582 0.3656716 0.4104478 0.5
0.2773723 0.2992701 0.3430657 0.3138686 0.4087591 0.4306569 0.5620438 0.4671533 0.5328467 0.620438 0.6423358
0.4338235 0.3676471 0.4044118 0.4852941 0.5588235 0.5367647 0.5367647 0.6102941 0.617647 0.5294118 0.6764706
0.7794118 0.8308824 0.8161765 0.7941176 0.8161765 0.5588235 0.5441176 0.4926471 0.4338235 0.3308824 0.2941176
0.7647059 0.6764706 0.632353 0.6470588 0.7647059 0.7352941 0.8088235 0.8308824 0.7279412 0.8014706 0.8161765
0.8283582 0.761194 0.8208955 0.8880597 0.8656716 0.9104478 0.9104478 0.902985 0.8955224 0.8880597 0.858209
0.761194 0.7537313 0.761194 0.761194 0.7313433 0.7537313 0.6044776 0.4776119 0.4029851 0.4104478 0.4179104
