0.286 0.26 0.22 0.266 0.216 0.196 0.158 0.142 0.106 0.09 0.078
0.316 0.268 0.268 0.266 0.256 0.22 0.2 0.178 0.16 0.144 0.154
0.062 0.086 0.078 0.058 0.06 0.048 0.064 0.07 0.062 0.072 0.072
0.102 0.07 0.088 0.052 0.052 0.046 0.048 0.056 0.06 0.062 0.05
0.568 0.59 0.572 0.548 0.518 0.516 0.446 0.432 0.382 0.394 0.362
0.396 0.354 0.312 0.28 0.224 0.154 0.14 0.104 0.12 0.09 0.08
0.68 0.624 0.6 0.546 0.522 0.584 0.592 0.57 0.548 0.574 0.518
0.4 0.37 0.342 0.444 0.364 0.462 0.464 0.476 0.532 0.508 0.472
0.396 0.324 0.322 0.298 0.24 0.184 0.164 0.142 0.096 0.078 0.082
0.262 0.254 0.22 0.162 0.13 0.118 0.062 0.06 0.052 0.034 0.018
0.574 0.532 0.496 0.402 0.338 0.248 0.188 0.156 0.124 0.106 0.108
0.082 0.096 0.102 0.076 0.104 0.094 0.094 0.084 0.072 0.074 0.066
0.06 0.05 0.072 0.044 0.044 0.044 0.064 0.044 0.092 0.106 0.084
0.48 0.518 0.51 0.42 0.458 0.408 0.404 0.436 0.438 0.394 0.362
0.576 0.604 0.554 0.574 0.628 0.666 0.618 0.618 0.628 0.614 0.586
0.382 0.416 0.398 0.422 0.446 0.476 0.454 0.428 0.37 0.396 0.374
0.338 0.314 0.226 0.176 0.188 0.138 0.092 0.048 0.038 0.03 0.008
0.068 0.03 0.048 0.04 0.038 0.012 0.012 0.018 0.006 0.002 0.006
0.314 0.28 0.268 0.222 0.182 0.206 0.28 0.29 0.292 0.332 0.33
0.178 0.192 0.222 0.238 0.248 0.22 0.264 0.26 0.21 0.226 0.234
0.408 0.34 0.348 0.334 0.318 0.336 0.282 0.274 0.278 0.266 0.256
0.27 0.286 0.304 0.248 0.224 0.244 0.204 0.218 0.186 0.168 0.184
0.092 0.082 0.062 0.058 0.042 0.038 0.034 0.024 0.014 0.008 0.004
0.604 0.604 0.624 0.62 0.648 0.616 0.67 0.626 0.686 0.682 0.61
0.452 0.434 0.434 0.466 0.438 0.448 0.506 0.484 0.464 0.462 0.488
0.396 0.406 0.374 0.284 0.294 0.232 0.156 0.156 0.126 0.1 0.114
0.36 0.45 0.476 0.51 0.54 0.64 0.686 0.752 0.752 0.79 0.782
0.12 0.13 0.126 0.122 0.106 0.13 0.088 0.092 0.074 0.058 0.068
0.536 0.578 0.566 0.578 0.536 0.552 0.562 0.572 0.594 0.59 0.624
0.324 0.304 0.29 0.326 0.266 0.294 0.322 0.302 0.324 0.348 0.342
0.572 0.63 0.636 0.658 0.702 0.68 0.666 0.7 0.724 0.702 0.77
0.182 0.222 0.248 0.29 0.334 0.412 0.472 0.466 0.502 0.506 0.592
0.26 0.29 0.278 0.238 0.22 0.23 0.2 0.214 0.164 0.152 0.136
0.526 0.478 0.49 0.472 0.506 0.48 0.472 0.432 0.47 0.454 0.44
0.43 0.336 0.282 0.182 0.162 0.1 0.09 0.082 0.044 0.058 0.018
0.238 0.246 0.308 0.312 0.372 0.39 0.474 0.528 0.558 0.578 0.63
0.39 0.366 0.354 0.362 0.28 0.234 0.19 0.132 0.11 0.066 0.032
0.552 0.576 0.568 0.548 0.504 0.512 0.5 0.424 0.392 0.338 0.266
0.056 0.048 0.058 0.056 0.068 0.062 0.068 0.094 0.104 0.106 0.128
0.084 0.074 0.092 0.064 0.06 0.062 0.086 0.088 0.08 0.06 0.07
0.34 0.342 0.34 0.308 0.296 0.352 0.334 0.3 0.304 0.354 0.3
0.366 0.388 0.402 0.364 0.446 0.444 0.456 0.494 0.544 0.494 0.568
0.506 0.478 0.45 0.414 0.37 0.322 0.294 0.232 0.184 0.176 0.144
0.376 0.35 0.318 0.244 0.268 0.17 0.148 0.122 0.112 0.1 0.068
0.422 0.392 0.47 0.54 0.58 0.61 0.664 0.704 0.704 0.716 0.736
0.184 0.132 0.128 0.108 0.106 0.11 0.106 0.06 0.064 0.066 0.062
0.122 0.126 0.094 0.1 0.11 0.09 0.096 0.076 0.092 0.13 0.13
0.536 0.526 0.544 0.57 0.562 0.572 0.53 0.576 0.554 0.566 0.552
0.1 0.076 0.072 0.06 0.066 0.082 0.082 0.052 0.064 0.04 0.036
0.036 0.028 0.036 0.022 0.042 0.048 0.056 0.074 0.064 0.11 0.12
0.094 0.12 0.082 0.09 0.102 0.092 0.06 0.036 0.04 0.046 0.026
0.35 0.348 0.312 0.314 0.308 0.282 0.29 0.284 0.236 0.214 0.302
0.018 0.016 0.016 0.022 0.008 0.008 0.016 0.012 0.016 0.032 0.038
0.278 0.288 0.344 0.336 0.342 0.316 0.334 0.314 0.308 0.294 0.324
0.348 0.348 0.358 0.416 0.504 0.524 0.54 0.566 0.606 0.622 0.666
0.55 0.544 0.542 0.586 0.554 0.634 0.694 0.628 0.614 0.656 0.674
0.16 0.196 0.2 0.23 0.246 0.286 0.308 0.326 0.292 0.408 0.37
0.384 0.396 0.418 0.46 0.47 0.516 0.53 0.49 0.41 0.358 0.344
0.22 0.23 0.3 0.35 0.372 0.382 0.488 0.514 0.55 0.596 0.616
0.434 0.372 0.328 0.304 0.22 0.148 0.102 0.072 0.068 0.078 0.08
0.09 0.106 0.094 0.048 0.062 0.068 0.068 0.058 0.04 0.038 0.054
0.076 0.068 0.082 0.072 0.09 0.064 0.07 0.076 0.068 0.088 0.098
0.162 0.194 0.164 0.17 0.134 0.104 0.066 0.064 0.052 0.032 0.018
0.574 0.546 0.642 0.614 0.642 0.652 0.658 0.664 0.684 0.668 0.678
0.364 0.406 0.364 0.362 0.37 0.292 0.308 0.282 0.27 0.226 0.206
0.168 0.176 0.182 0.188 0.17 0.168 0.164 0.176 0.152 0.176 0.184
0.26 0.262 0.264 0.276 0.278 0.266 0.252 0.214 0.204 0.198 0.254
0.426 0.426 0.48 0.458 0.394 0.394 0.424 0.43 0.372 0.404 0.444
0.156 0.156 0.178 0.182 0.168 0.16 0.184 0.176 0.172 0.136 0.138
0.076 0.064 0.042 0.062 0.064 0.048 0.06 0.04 0.05 0.06 0.056
0.692 0.654 0.666 0.682 0.654 0.646 0.686 0.592 0.58 0.57 0.568
0.262 0.202 0.214 0.246 0.208 0.21 0.24 0.256 0.27 0.324 0.312
0.112 0.094 0.094 0.07 0.086 0.064 0.07 0.066 0.064 0.058 0.048
0.018 0.018 0.024 0.014 0.016 0.02 0.024 0.016 0.018 0.01 0.02
0.088 0.086 0.092 0.076 0.06 0.066 0.05 0.05 0.04 0.032 0.038
0.172 0.154 0.104 0.1 0.088 0.092 0.09 0.07 0.068 0.06 0.086
0.25 0.24 0.21 0.168 0.19 0.162 0.13 0.146 0.104 0.084 0.084
0.596 0.514 0.508 0.442 0.354 0.416 0.354 0.278 0.256 0.254 0.216
0.098 0.086 0.094 0.106 0.12 0.15 0.18 0.214 0.26 0.254 0.196
0.544 0.568 0.498 0.538 0.46 0.436 0.362 0.316 0.238 0.198 0.122
0.334 0.294 0.262 0.276 0.272 0.302 0.32 0.366 0.34 0.354 0.376
0.57 0.546 0.576 0.56 0.564 0.542 0.596 0.578 0.548 0.56 0.508
0.214 0.216 0.17 0.148 0.13 0.122 0.1 0.088 0.044 0.028 0.03
0.244 0.208 0.178 0.184 0.162 0.11 0.122 0.102 0.088 0.054 0.054
0.596 0.578 0.5 0.518 0.486 0.432 0.418 0.43 0.416 0.39 0.408
0.274 0.298 0.32 0.336 0.372 0.362 0.428 0.452 0.432 0.462 0.476
0.534 0.546 0.572 0.612 0.616 0.602 0.562 0.586 0.58 0.536 0.564
0.208 0.214 0.204 0.146 0.128 0.128 0.086 0.094 0.064 0.062 0.072
0.096 0.102 0.088 0.076 0.07 0.082 0.068 0.076 0.086 0.076 0.076
0.266 0.272 0.194 0.214 0.172 0.14 0.1 0.116 0.056 0.054 0.042
0.262 0.24 0.278 0.244 0.244 0.244 0.256 0.284 0.3 0.302 0.276
0.7 0.634 0.58 0.63 0.56 0.51 0.43 0.444 0.37 0.384 0.318
0.238 0.186 0.198 0.17 0.17 0.12 0.066 0.078 0.064 0.052 0.044
0.306 0.288 0.27 0.234 0.2 0.172 0.134 0.118 0.05 0.044 0.03
0.092 0.096 0.096 0.064 0.064 0.084 0.1 0.102 0.106 0.138 0.188
0.272 0.308 0.332 0.322 0.342 0.32 0.304 0.352 0.328 0.332 0.33
0.47 0.488 0.504 0.43 0.476 0.434 0.39 0.356 0.344 0.332 0.292
0.104 0.1 0.096 0.076 0.07 0.076 0.046 0.044 0.036 0.04 0.042
0.33 0.258 0.27 0.27 0.202 0.198 0.154 0.126 0.136 0.128 0.098
0.368 0.352 0.404 0.438 0.474 0.436 0.486 0.502 0.52 0.474 0.42
0.698 0.682 0.682 0.628 0.586 0.608 0.614 0.6 0.584 0.576 0.572
0.284 0.314 0.286 0.272 0.306 0.322 0.314 0.318 0.32 0.362 0.33
0.398 0.408 0.346 0.344 0.304 0.284 0.25 0.24 0.194 0.188 0.156
0.354 0.36 0.378 0.392 0.372 0.412 0.43 0.436 0.484 0.494 0.542
0.5 0.482 0.488 0.472 0.49 0.538 0.586 0.612 0.598 0.62 0.588
0.142 0.09 0.158 0.1 0.132 0.08 0.12 0.102 0.128 0.128 0.176
0.694 0.644 0.602 0.574 0.596 0.604 0.628 0.606 0.65 0.662 0.674
0.1 0.128 0.102 0.128 0.11 0.16 0.15 0.112 0.148 0.138 0.11
0.018 0.016 0.018 0.002 0.012 0.002 0.006 0.002 0 0 0.002
0.016 0.01 0.016 0.008 0.004 0.002 0.006 0.004 0.002 0 0
0.64 0.628 0.564 0.544 0.46 0.434 0.354 0.342 0.262 0.226 0.16
0.5 0.572 0.604 0.632 0.702 0.724 0.736 0.804 0.802 0.832 0.824
0.66 0.674 0.682 0.706 0.724 0.7 0.68 0.748 0.676 0.662 0.628
0.072 0.092 0.09 0.074 0.098 0.112 0.094 0.1 0.076 0.088 0.078
0.594 0.582 0.584 0.612 0.626 0.656 0.61 0.612 0.654 0.604 0.604
0.26 0.236 0.21 0.192 0.142 0.12 0.092 0.094 0.054 0.034 0.024
0.342 0.33 0.304 0.288 0.258 0.23 0.234 0.196 0.18 0.184 0.188
0.444 0.42 0.42 0.378 0.394 0.358 0.336 0.332 0.33 0.302 0.328
0.368 0.332 0.23 0.22 0.132 0.096 0.108 0.084 0.044 0.028 0.048
0.3 0.272 0.25 0.214 0.224 0.188 0.144 0.148 0.144 0.13 0.112
0.232 0.236 0.232 0.248 0.268 0.252 0.312 0.31 0.32 0.308 0.324
0.372 0.378 0.35 0.338 0.268 0.238 0.208 0.122 0.094 0.068 0.044
0.064 0.072 0.04 0.034 0.054 0.044 0.032 0.016 0.012 0.012 0.006
0.442 0.458 0.462 0.47 0.498 0.434 0.41 0.386 0.37 0.352 0.306
0.058 0.076 0.066 0.086 0.122 0.112 0.114 0.128 0.132 0.13 0.124
0.174 0.174 0.158 0.116 0.094 0.11 0.118 0.084 0.104 0.106 0.054
0.06 0.062 0.082 0.09 0.106 0.086 0.116 0.132 0.146 0.15 0.16
0.356 0.326 0.374 0.39 0.358 0.338 0.39 0.314 0.296 0.344 0.26
0.482 0.482 0.462 0.374 0.33 0.31 0.292 0.224 0.21 0.144 0.112
0.034 0.034 0.056 0.07 0.096 0.068 0.086 0.108 0.142 0.12 0.182
0.074 0.068 0.11 0.138 0.14 0.188 0.266 0.288 0.352 0.39 0.346
0.058 0.052 0.068 0.066 0.078 0.08 0.076 0.06 0.048 0.036 0.052
0.356 0.382 0.388 0.34 0.388 0.342 0.358 0.346 0.406 0.392 0.494
0.082 0.11 0.056 0.066 0.06 0.068 0.046 0.068 0.064 0.068 0.064
0.058 0.06 0.06 0.062 0.07 0.082 0.062 0.092 0.066 0.066 0.038
0.138 0.148 0.116 0.096 0.108 0.098 0.106 0.13 0.158 0.154 0.184
