0.6942149 0.7107438 0.661157 0.7024793 0.6446281 0.6280992 0.6280992 0.768595 0.7024793 0.7024793 0.8677686
0.5172414 0.4741379 0.4741379 0.4913793 0.5 0.5 0.4568966 0.637931 0.5172414 0.5431034 0.5862069
0.7627119 0.779661 0.8220339 0.7711864 0.7457627 0.8135593 0.8135593 0.8135593 0.8135593 0.7881356 0.8305085
0.8709677 0.9193548 0.9032258 0.8790323 0.9354839 0.9274194 0.8951613 0.9193548 0.9032258 0.8387097 0.7016129
0.1015625 0.109375 0.109375 0.1328125 0.125 0.171875 0.2265625 0.25 0.296875 0.3671875 0.3515625
0.3629032 0.3870968 0.4677419 0.5645161 0.5483871 0.6370968 0.6129032 0.6693548 0.7258065 0.7580645 0.6854839
0.01652893 0.02479339 0.05785124 0.05785124 0.08264463 0.0661157 0.07438017 0.08264463 0.08264463 0.05785124 0.0661157
0.425 0.4083333 0.325 0.25 0.175 0.2166667 0.175 0.1666667 0.1333333 0.125 0.1416667
0.2755906 0.2755906 0.2834646 0.3937008 0.4724409 0.5354331 0.519685 0.5590551 0.5826772 0.6141732 0.5590551
0.5254237 0.6016949 0.6440678 0.6525424 0.720339 0.7881356 0.7966102 0.8644068 0.898305 0.940678 0.9067797
0.05645161 0.08870968 0.1935484 0.3306452 0.4032258 0.5322581 0.5 0.5967742 0.5806452 0.6370968 0.5725806
0.808 0.824 0.824 0.848 0.864 0.816 0.864 0.784 0.792 0.848 0.784
0.8965517 0.8534483 0.9051724 0.8793103 0.9051724 0.8793103 0.8103448 0.75 0.6465517 0.5344828 0.4913793
0.1983471 0.1652893 0.2231405 0.1735537 0.2066116 0.2396694 0.2727273 0.2479339 0.3223140 0.3057851 0.3553719
0.1551724 0.1293103 0.1379310 0.0775862 0.06896552 0.05172414 0.01724138 0.06896552 0.02586207 0.06896552 0.04310345
0.375 0.3583333 0.3 0.325 0.2583333 0.3166667 0.2583333 0.225 0.25 0.25 0.2916667
0.446281 0.553719 0.5702479 0.6694215 0.7190083 0.7190083 0.8512397 0.876033 0.9586777 0.983471 0.9917355
0.898305 0.7966102 0.8559322 0.8474576 0.8474576 0.898305 0.9067797 0.9237288 0.9152542 0.940678 0.9067797
0.3790323 0.4032258 0.3306452 0.3870968 0.3387097 0.2983871 0.2661290 0.2741935 0.2258065 0.2016129 0.1532258
0.7768595 0.785124 0.7190083 0.7190083 0.7355372 0.6446281 0.6363636 0.6033058 0.7107438 0.7603306 0.7355372
0.1818182 0.1735537 0.1900826 0.2314050 0.2561983 0.2148760 0.3140496 0.2892562 0.2479339 0.2396694 0.2479339
0.5172414 0.4137931 0.5172414 0.5086207 0.4913793 0.5172414 0.4568966 0.5086207 0.4482759 0.5 0.4482759
0.7881356 0.7966102 0.779661 0.8220339 0.8644068 0.898305 0.8898305 0.898305 0.8644068 0.881356 0.9067797
0.02479339 0.02479339 0.04132231 0.05785124 0.0661157 0.04132231 0.04132231 0.05785124 0.04132231 0.04958678 0.04958678
0.3706897 0.2931034 0.1810345 0.1810345 0.1810345 0.1982759 0.1551724 0.1896552 0.1896552 0.1724138 0.1637931
0.2396694 0.2892562 0.2892562 0.4049587 0.4710744 0.4876033 0.5289256 0.5206612 0.5950413 0.6033058 0.6198347
0.5645161 0.5322581 0.3629032 0.3225806 0.2580645 0.1854839 0.1451613 0.1693548 0.1209677 0.07258065 0.07258065
0.6724138 0.6465517 0.5603448 0.6810345 0.6551724 0.7068966 0.7155172 0.7413793 0.7931034 0.7844828 0.7844828
0.1610169 0.1525424 0.1694915 0.1440678 0.1694915 0.1101695 0.1610169 0.1525424 0.1440678 0.1271186 0.1779661
0.6612903 0.6048387 0.6209677 0.5403226 0.5564516 0.4596774 0.4193548 0.4274194 0.3387097 0.3064516 0.2983871
0.07627119 0.07627119 0.1355932 0.06779661 0.09322034 0.1186441 0.1016949 0.1440678 0.1271186 0.1101695 0.07627119
0.608 0.632 0.44 0.4 0.296 0.28 0.216 0.144 0.12 0.072 0.048
0.7416667 0.7333333 0.775 0.7333333 0.7 0.7333333 0.725 0.6833333 0.8166667 0.75 0.725
0.1818182 0.1652893 0.1900826 0.2314050 0.1818182 0.2148760 0.1900826 0.1735537 0.2066116 0.1900826 0.2148760
0.362069 0.4568966 0.5086207 0.5862069 0.637931 0.7068966 0.7413793 0.7844828 0.7844828 0.7844828 0.8017241
0.4322034 0.3474576 0.3644068 0.2288136 0.2542373 0.1440678 0.1440678 0.1101695 0.1271186 0.09322034 0.07627119
0.3706897 0.3534483 0.3534483 0.3965517 0.5172414 0.5689655 0.5344828 0.5948276 0.7413793 0.8793103 0.8706897
0.175 0.08333333 0.1333333 0.1666667 0.2083333 0.2083333 0.2333333 0.275 0.325 0.3833333 0.425
0.8429752 0.8264463 0.7768595 0.7520661 0.8264463 0.6446281 0.7355372 0.661157 0.4793388 0.5123967 0.5206612
0.890625 0.890625 0.8984375 0.8203125 0.828125 0.828125 0.8671875 0.8828125 0.7734375 0.875 0.859375
0.3223140 0.3719008 0.2644628 0.3553719 0.3636364 0.2975207 0.2809917 0.3305785 0.3305785 0.3057851 0.2479339
0.5344828 0.5 0.4913793 0.4051724 0.3965517 0.362069 0.2672414 0.3103448 0.2844828 0.25 0.2155172
0.2966102 0.3898305 0.4067797 0.3898305 0.4830508 0.5 0.5762712 0.5254237 0.5423729 0.6525424 0.5847458
0.3471074 0.3305785 0.446281 0.4793388 0.4710744 0.5206612 0.5454545 0.5454545 0.6942149 0.6528926 0.661157
0.2661290 0.1290323 0.1290323 0.02419355 0.06451613 0 0.008064516 0.008064516 0.01612903 0 0.008064516
0.6949153 0.7118644 0.7288136 0.7118644 0.6779661 0.6864407 0.6779661 0.720339 0.7118644 0.7457627 0.7711864
0.816 0.824 0.768 0.84 0.808 0.768 0.76 0.624 0.784 0.632 0.592
0.1983471 0.2314050 0.2231405 0.1735537 0.1487603 0.1818182 0.2231405 0.1818182 0.2231405 0.2727273 0.2479339
0.9666667 0.9166667 0.9333333 0.95 0.8833333 0.8916667 0.875 0.9333333 0.8583333 0.9333333 0.875
0.9137931 0.9482759 0.9396552 0.9827586 0.9310345 0.9051724 0.7844828 0.75 0.7413793 0.5603448 0.5172414
0.6115702 0.6446281 0.6446281 0.6363636 0.6115702 0.6694215 0.5785124 0.677686 0.7603306 0.661157 0.6859504
0.408 0.36 0.384 0.408 0.36 0.384 0.4 0.352 0.352 0.344 0.312
1 0.9916667 0.9833333 1 0.9916667 0.9916667 0.9916667 0.9916667 0.9833333 0.9833333 0.9583333
0.3629032 0.3548387 0.3951613 0.3467742 0.3467742 0.2983871 0.2903226 0.2822581 0.2580645 0.2258065 0.2096774
0.4094488 0.3858268 0.2755906 0.2834646 0.1653543 0.1496063 0.1259843 0.1338583 0.09448819 0.07874016 0.1023622
0.2396694 0.2231405 0.1570248 0.1570248 0.1322314 0.1239669 0.0909091 0.1074380 0.1404959 0.1404959 0.1652893
0.7024793 0.6942149 0.5702479 0.4793388 0.4049587 0.3305785 0.3801653 0.2396694 0.2479339 0.2148760 0.2479339
0.1935484 0.1290323 0.1370968 0.08064516 0.08870968 0.1532258 0.06451613 0.1370968 0.1935484 0.2580645 0.2822581
0.5775862 0.5948276 0.5086207 0.4396552 0.3448276 0.2413793 0.1982759 0.1465517 0.1293103 0.1034483 0.1206897
0.1129032 0.2419355 0.2661290 0.4193548 0.5403226 0.6451613 0.6935484 0.7419355 0.8145161 0.733871 0.7580645
0.6583333 0.6833333 0.6666667 0.7166667 0.7083333 0.6416667 0.6166667 0.6416667 0.6916667 0.6583333 0.7
0.8951613 0.8870968 0.9354839 0.8467742 0.8951613 0.8870968 0.8951613 0.9112903 0.8064516 0.7580645 0.6693548
0.6141732 0.519685 0.5669291 0.6377953 0.6220472 0.7244094 0.6614173 0.7401575 0.8110236 0.7716535 0.7795276
0.1451613 0.1129032 0.08870968 0.05645161 0.02419355 0.05645161 0.02419355 0.0483871 0.03225806 0.04032258 0.0967742
0.392 0.336 0.344 0.32 0.376 0.32 0.344 0.328 0.352 0.344 0.408
0.703125 0.6875 0.6015625 0.6484375 0.6015625 0.609375 0.6015625 0.5546875 0.53125 0.6171875 0.5
0.5603448 0.5603448 0.5172414 0.4913793 0.5172414 0.5172414 0.4741379 0.4568966 0.4655172 0.4741379 0.4396552
0.2677165 0.3228346 0.2362205 0.2598425 0.1574803 0.2283465 0.2362205 0.2204724 0.1653543 0.2125984 0.2598425
0.65 0.6083333 0.6083333 0.5916667 0.5583333 0.5583333 0.5416667 0.6083333 0.5416667 0.5583333 0.6666667
0.9491525 0.898305 0.9067797 0.9067797 0.9152542 0.898305 0.9067797 0.8644068 0.8559322 0.8728814 0.8135593
0.02479339 0.01652893 0.01652893 0.01652893 0.01652893 0.09917355 0.09917355 0.1487603 0.1735537 0.2727273 0.1818182
0.5950413 0.5950413 0.5702479 0.5619835 0.5041322 0.4793388 0.4545455 0.3801653 0.3305785 0.3057851 0.338843
0.8644068 0.8644068 0.8728814 0.898305 0.9152542 0.940678 0.9237288 0.9237288 0.940678 0.940678 0.9067797
0.9827586 0.9913793 0.9913793 0.9827586 0.974138 0.9655172 0.9568966 0.9655172 0.9568966 0.862069 0.7672414
0.88 0.92 0.92 0.904 0.912 0.952 0.936 0.928 0.872 0.88 0.952
0.7016129 0.6854839 0.7016129 0.75 0.7580645 0.7903226 0.8306452 0.8306452 0.782258 0.8145161 0.8548387
0.625 0.6083333 0.65 0.6333333 0.6916667 0.6333333 0.6083333 0.6083333 0.6916667 0.75 0.8583333
0.1015625 0.140625 0.2109375 0.1875 0.265625 0.296875 0.265625 0.296875 0.3125 0.3671875 0.359375
0.9137931 0.8534483 0.8793103 0.7327586 0.7413793 0.6551724 0.5603448 0.5431034 0.5172414 0.4913793 0.5
0.3149606 0.2125984 0.2755906 0.2913386 0.3228346 0.2519685 0.3700787 0.3937008 0.480315 0.511811 0.5590551
0.387931 0.3706897 0.4827586 0.4482759 0.4482759 0.4137931 0.387931 0.4568966 0.2931034 0.3103448 0.25
0.1610169 0.1440678 0.07627119 0.1440678 0.1355932 0.09322034 0.09322034 0.04237288 0.1186441 0.1101695 0.1186441
0.6016949 0.5932203 0.5677966 0.5932203 0.661017 0.7118644 0.661017 0.7118644 0.7457627 0.7881356 0.7966102
0.6583333 0.6083333 0.6666667 0.7083333 0.625 0.6166667 0.6583333 0.6416667 0.6583333 0.675 0.7583333
0.08 0.184 0.12 0.176 0.216 0.264 0.264 0.24 0.248 0.304 0.28
0.56 0.48 0.432 0.368 0.32 0.344 0.296 0.32 0.272 0.272 0.264
0.3064516 0.3064516 0.2661290 0.2338710 0.2258065 0.1854839 0.2419355 0.2016129 0.2258065 0.2177419 0.2096774
0.6363636 0.677686 0.6446281 0.677686 0.677686 0.7024793 0.768595 0.8347107 0.8429752 0.8099174 0.7355372
0.9090909 0.9008264 0.768595 0.8264463 0.9090909 0.8512397 0.9090909 0.8099174 0.8429752 0.6859504 0.7024793
0.3149606 0.3937008 0.3779528 0.4173228 0.4173228 0.5905512 0.5669291 0.6535433 0.7637795 0.8661417 0.8188976
0.6033058 0.6280992 0.5123967 0.5950413 0.5123967 0.4958678 0.446281 0.4380165 0.4214876 0.3719008 0.3553719
0.06034483 0.06034483 0.0862069 0.1637931 0.2241379 0.3534483 0.4568966 0.4827586 0.6034483 0.5517241 0.637931
0.6779661 0.7118644 0.7288136 0.7457627 0.7457627 0.8220339 0.8559322 0.8644068 0.9152542 0.940678 0.9067797
0.2421875 0.2734375 0.2421875 0.3359375 0.2890625 0.3515625 0.4609375 0.4140625 0.421875 0.375 0.359375
0.8016529 0.8016529 0.8016529 0.8181818 0.7024793 0.7768595 0.6859504 0.661157 0.5619835 0.5950413 0.5123967
0.4921875 0.5390625 0.4765625 0.4375 0.4296875 0.3984375 0.40625 0.3359375 0.3671875 0.359375 0.34375
0.1983471 0.2148760 0.1983471 0.1983471 0.3140496 0.2314050 0.2644628 0.2314050 0.3057851 0.3305785 0.338843
0.7795276 0.7244094 0.7480315 0.7559055 0.7401575 0.7795276 0.8110236 0.8267717 0.7559055 0.7716535 0.5984252
0.516129 0.4112903 0.5322581 0.5403226 0.6129032 0.5806452 0.6693548 0.6774194 0.6612903 0.6693548 0.75
0.2583333 0.2083333 0.175 0.15 0.125 0.08333333 0.09166667 0.09166667 0.1 0.08333333 0.1583333
0.00862069 0.01724138 0.00862069 0.02586207 0.06034483 0.03448276 0.03448276 0.03448276 0.03448276 0.03448276 0.04310345
0.3305785 0.3719008 0.2727273 0.2892562 0.2561983 0.3140496 0.2148760 0.1900826 0.2314050 0.2148760 0.2066116
0.2966102 0.3050847 0.3559322 0.2711864 0.3644068 0.3813559 0.3983051 0.4576271 0.4745763 0.4576271 0.4661017
0.6525424 0.5677966 0.6101695 0.5169492 0.5423729 0.4322034 0.440678 0.4576271 0.440678 0.3983051 0.3813559
0.1416667 0.08333333 0.1333333 0.1833333 0.1583333 0.075 0.1333333 0.09166667 0.1 0.09166667 0.125
0.6833333 0.7416667 0.7083333 0.7083333 0.7 0.6416667 0.5833333 0.6 0.5666667 0.45 0.5166667
0.07438017 0.09917355 0.1652893 0.1735537 0.1735537 0.2148760 0.1900826 0.1900826 0.1570248 0.1570248 0.1652893
0.832 0.904 0.912 0.816 0.832 0.768 0.76 0.704 0.664 0.648 0.648
0.9576271 0.9661017 0.9745763 0.9830508 0.9830508 0.9915254 0.9745763 0.9322034 0.940678 0.940678 0.9067797
0.6198347 0.677686 0.5950413 0.6280992 0.553719 0.5619835 0.5123967 0.5454545 0.553719 0.6280992 0.6859504
0.01724138 0.02586207 0.0775862 0.09482759 0.1465517 0.2241379 0.2155172 0.3448276 0.362069 0.4913793 0.5603448
0.2258065 0.1290323 0.1290323 0.0483871 0.03225806 0.008064516 0.008064516 0.008064516 0 0.01612903 0.008064516
0.01612903 0.008064516 0 0 0.008064516 0.01612903 0.03225806 0.0483871 0.06451613 0.08870968 0.0967742
0.9173554 0.9173554 0.9008264 0.9173554 0.9173554 0.8181818 0.8677686 0.8099174 0.7272727 0.7933884 0.6694215
0.1935484 0.1290323 0.1532258 0.06451613 0.07258065 0.08064516 0.0483871 0.0967742 0.1129032 0.08870968 0.06451613
0.6640625 0.6875 0.6015625 0.6796875 0.6796875 0.7578125 0.90625 0.8515625 0.9375 0.953125 0.953125
0.325 0.3916667 0.3583333 0.425 0.4333333 0.4 0.4333333 0.475 0.4083333 0.4166667 0.45
0.3629032 0.3629032 0.3870968 0.3064516 0.3387097 0.3467742 0.4032258 0.3387097 0.4032258 0.3870968 0.3790323
0.4330709 0.488189 0.5433071 0.6535433 0.6614173 0.7716535 0.7637795 0.8188976 0.8346457 0.8740157 0.8976378
0.3983051 0.4152542 0.3983051 0.4237288 0.4576271 0.3898305 0.3983051 0.4576271 0.4576271 0.3983051 0.4067797
0.5 0.5703125 0.515625 0.4375 0.515625 0.6015625 0.4765625 0.4609375 0.4453125 0.453125 0.3828125
0.1666667 0.2 0.1916667 0.2083333 0.2083333 0.3083333 0.275 0.2916667 0.275 0.3833333 0.4
0.872 0.944 0.92 0.92 0.864 0.784 0.92 0.928 0.888 0.912 0.936
0.2903226 0.2258065 0.2419355 0.25 0.2419355 0.2983871 0.2661290 0.2419355 0.3306452 0.3548387 0.3709677
0.9568966 0.9913793 0.9913793 0.9310345 0.9396552 0.9482759 0.8706897 0.75 0.7931034 0.6810345 0.637931
0.7741935 0.8306452 0.782258 0.7983871 0.766129 0.8467742 0.8951613 0.9032258 0.8387097 0.8064516 0.7580645
0.9396552 0.8965517 0.9051724 0.862069 0.8017241 0.775862 0.724138 0.6810345 0.5517241 0.5258621 0.4568966
0.2975207 0.4628099 0.3553719 0.4628099 0.3553719 0.4049587 0.3057851 0.338843 0.2644628 0.3223140 0.3719008
0.1239669 0.1404959 0.1983471 0.2314050 0.3223140 0.2644628 0.3140496 0.3801653 0.4380165 0.5041322 0.5785124
0.8425197 0.8661417 0.8346457 0.8425197 0.8267717 0.7322835 0.6929134 0.6220472 0.5669291 0.5275591 0.511811
0.785124 0.7190083 0.7190083 0.6280992 0.6115702 0.553719 0.4710744 0.3801653 0.4132231 0.3719008 0.3553719
0.8870968 0.8548387 0.8709677 0.9193548 0.8709677 0.9354839 0.8790323 0.8225806 0.8145161 0.7580645 0.7580645
0.536 0.424 0.44 0.44 0.448 0.376 0.368 0.328 0.32 0.272 0.264
0.8387097 0.8306452 0.8709677 0.9112903 0.8629032 0.9112903 0.8790323 0.8064516 0.8790323 0.8951613 0.8951613
0.9112903 0.9516129 0.8951613 0.9193548 0.8870968 0.9193548 0.9193548 0.8629032 0.8629032 0.8467742 0.8709677
0.8416667 0.8333333 0.8 0.8416667 0.8416667 0.7833333 0.6333333 0.6416667 0.5333333 0.4333333 0.4833333
