0.274 0.26 0.24 0.254 0.202 0.176 0.17 0.132 0.138 0.086 0.066
0.196 0.192 0.162 0.188 0.172 0.144 0.146 0.104 0.14 0.14 0.106
0.13 0.098 0.104 0.136 0.116 0.07 0.074 0.066 0.07 0.08 0.072
0.086 0.118 0.112 0.102 0.086 0.096 0.072 0.098 0.072 0.084 0.112
0.534 0.548 0.496 0.512 0.464 0.45 0.438 0.35 0.324 0.31 0.286
0.396 0.376 0.304 0.274 0.214 0.18 0.154 0.12 0.098 0.078 0.074
0.644 0.622 0.586 0.572 0.55 0.558 0.534 0.62 0.548 0.586 0.586
0.464 0.392 0.4 0.504 0.444 0.49 0.534 0.556 0.522 0.528 0.544
0.372 0.324 0.29 0.278 0.21 0.182 0.116 0.132 0.11 0.046 0.08
0.24 0.224 0.182 0.152 0.114 0.074 0.062 0.05 0.052 0.028 0.028
0.59 0.55 0.478 0.406 0.336 0.306 0.248 0.206 0.192 0.15 0.176
0.1 0.098 0.094 0.084 0.09 0.062 0.078 0.09 0.064 0.078 0.05
0.066 0.062 0.056 0.068 0.052 0.058 0.066 0.09 0.092 0.11 0.134
0.492 0.458 0.494 0.43 0.428 0.47 0.462 0.476 0.448 0.458 0.432
0.516 0.504 0.512 0.532 0.522 0.484 0.456 0.414 0.32 0.324 0.278
0.49 0.468 0.532 0.518 0.49 0.518 0.52 0.48 0.442 0.428 0.362
0.33 0.268 0.208 0.194 0.156 0.132 0.098 0.064 0.032 0.028 0.02
0.146 0.144 0.154 0.126 0.126 0.102 0.116 0.096 0.084 0.068 0.062
0.36 0.36 0.344 0.358 0.338 0.376 0.43 0.468 0.492 0.52 0.532
0.158 0.19 0.15 0.156 0.228 0.19 0.19 0.248 0.172 0.2 0.21
0.41 0.412 0.374 0.396 0.354 0.282 0.288 0.26 0.27 0.286 0.286
0.322 0.31 0.318 0.272 0.248 0.25 0.256 0.204 0.214 0.188 0.162
0.04 0.026 0.02 0.042 0.03 0.022 0.024 0.006 0.014 0.012 0.006
0.68 0.66 0.65 0.684 0.664 0.7 0.692 0.668 0.694 0.73 0.66
0.414 0.42 0.448 0.468 0.488 0.524 0.522 0.538 0.554 0.524 0.548
0.34 0.296 0.286 0.214 0.208 0.164 0.132 0.08 0.076 0.052 0.036
0.294 0.286 0.396 0.418 0.472 0.542 0.578 0.626 0.65 0.712 0.708
0.138 0.17 0.134 0.126 0.122 0.092 0.062 0.046 0.032 0.028 0.02
0.626 0.498 0.552 0.57 0.568 0.574 0.548 0.554 0.57 0.54 0.5
0.266 0.294 0.254 0.25 0.278 0.266 0.314 0.316 0.358 0.346 0.396
0.638 0.616 0.662 0.654 0.61 0.554 0.604 0.548 0.6 0.584 0.62
0.18 0.174 0.242 0.308 0.304 0.364 0.418 0.492 0.524 0.574 0.556
0.334 0.312 0.276 0.298 0.298 0.278 0.242 0.214 0.192 0.206 0.166
0.462 0.464 0.434 0.442 0.458 0.448 0.466 0.444 0.47 0.386 0.458
0.39 0.386 0.284 0.228 0.166 0.15 0.108 0.098 0.084 0.096 0.072
0.316 0.346 0.41 0.444 0.488 0.55 0.634 0.65 0.596 0.646 0.664
0.238 0.228 0.202 0.194 0.158 0.162 0.094 0.062 0.034 0.018 0.018
0.586 0.542 0.516 0.496 0.42 0.428 0.376 0.328 0.266 0.256 0.212
0.078 0.06 0.06 0.086 0.074 0.078 0.078 0.094 0.1 0.11 0.114
0.074 0.076 0.06 0.08 0.082 0.064 0.086 0.08 0.072 0.082 0.068
0.378 0.394 0.37 0.362 0.314 0.334 0.282 0.288 0.3 0.28 0.272
0.194 0.19 0.224 0.22 0.26 0.266 0.324 0.358 0.348 0.4 0.386
0.548 0.494 0.458 0.394 0.342 0.298 0.254 0.254 0.206 0.176 0.114
0.342 0.296 0.28 0.24 0.214 0.196 0.136 0.108 0.068 0.068 0.056
0.324 0.39 0.418 0.458 0.49 0.512 0.58 0.592 0.608 0.608 0.614
0.19 0.178 0.162 0.186 0.146 0.116 0.116 0.102 0.102 0.086 0.082
0.128 0.128 0.132 0.1 0.082 0.086 0.078 0.08 0.084 0.102 0.094
0.476 0.442 0.452 0.464 0.472 0.452 0.478 0.464 0.482 0.458 0.426
0.058 0.09 0.06 0.07 0.08 0.076 0.05 0.07 0.06 0.052 0.042
0.054 0.034 0.056 0.048 0.062 0.034 0.06 0.076 0.086 0.108 0.098
0.064 0.084 0.062 0.084 0.072 0.05 0.05 0.042 0.038 0.016 0.026
0.406 0.398 0.382 0.342 0.322 0.364 0.362 0.322 0.412 0.408 0.378
0.012 0.018 0.012 0.016 0.014 0.014 0.014 0.012 0.026 0.022 0.032
0.334 0.36 0.32 0.34 0.358 0.374 0.378 0.382 0.408 0.368 0.416
0.296 0.326 0.39 0.404 0.472 0.476 0.526 0.586 0.624 0.62 0.608
0.558 0.568 0.554 0.638 0.628 0.636 0.706 0.678 0.654 0.668 0.638
0.16 0.192 0.2 0.262 0.248 0.274 0.308 0.298 0.36 0.354 0.408
0.496 0.492 0.51 0.51 0.516 0.542 0.542 0.51 0.398 0.406 0.298
0.186 0.176 0.198 0.248 0.292 0.402 0.394 0.446 0.446 0.486 0.48
0.46 0.422 0.344 0.288 0.188 0.116 0.096 0.044 0.046 0.044 0.03
0.172 0.174 0.208 0.162 0.17 0.13 0.13 0.124 0.134 0.102 0.086
0.078 0.08 0.082 0.06 0.062 0.082 0.11 0.09 0.09 0.084 0.1
0.212 0.182 0.154 0.11 0.11 0.12 0.096 0.052 0.052 0.03 0.022
0.448 0.474 0.484 0.458 0.442 0.458 0.468 0.512 0.472 0.46 0.454
0.372 0.362 0.338 0.35 0.318 0.284 0.304 0.278 0.296 0.272 0.292
0.184 0.178 0.186 0.194 0.146 0.192 0.184 0.186 0.208 0.2 0.206
0.334 0.318 0.33 0.292 0.294 0.292 0.31 0.268 0.27 0.254 0.29
0.466 0.458 0.474 0.452 0.45 0.454 0.484 0.492 0.49 0.512 0.49
0.202 0.232 0.214 0.26 0.26 0.226 0.232 0.2 0.184 0.166 0.134
0.036 0.028 0.024 0.04 0.02 0.044 0.038 0.046 0.022 0.03 0.066
0.702 0.71 0.698 0.644 0.656 0.688 0.634 0.588 0.604 0.556 0.538
0.262 0.254 0.272 0.212 0.258 0.234 0.212 0.316 0.258 0.298 0.302
0.062 0.066 0.064 0.06 0.054 0.06 0.04 0.054 0.044 0.028 0.036
0.008 0.028 0.024 0.02 0.022 0.006 0.016 0.018 0.022 0.012 0.016
0.094 0.092 0.092 0.08 0.068 0.026 0.05 0.048 0.048 0.056 0.02
0.238 0.226 0.16 0.15 0.118 0.106 0.128 0.08 0.08 0.064 0.068
0.254 0.21 0.172 0.228 0.19 0.166 0.148 0.128 0.074 0.07 0.072
0.6 0.542 0.476 0.422 0.448 0.392 0.328 0.358 0.286 0.284 0.252
0.1 0.09 0.094 0.106 0.118 0.14 0.152 0.166 0.174 0.236 0.17
0.544 0.562 0.546 0.516 0.446 0.394 0.476 0.364 0.272 0.258 0.19
0.282 0.27 0.248 0.258 0.224 0.264 0.218 0.258 0.244 0.234 0.288
0.542 0.534 0.58 0.58 0.594 0.642 0.608 0.598 0.588 0.532 0.498
0.192 0.226 0.152 0.146 0.124 0.074 0.098 0.08 0.048 0.032 0.034
0.23 0.228 0.228 0.178 0.188 0.156 0.128 0.126 0.118 0.074 0.094
0.664 0.602 0.58 0.486 0.472 0.474 0.45 0.472 0.426 0.406 0.324
0.232 0.212 0.232 0.27 0.236 0.262 0.21 0.218 0.214 0.24 0.284
0.598 0.606 0.662 0.654 0.652 0.658 0.652 0.628 0.642 0.59 0.574
0.236 0.25 0.204 0.168 0.15 0.12 0.096 0.098 0.094 0.098 0.088
0.112 0.102 0.092 0.064 0.064 0.054 0.058 0.03 0.036 0.034 0.016
0.416 0.35 0.31 0.244 0.238 0.204 0.178 0.13 0.1 0.08 0.05
0.11 0.102 0.132 0.152 0.174 0.152 0.138 0.136 0.12 0.086 0.112
0.708 0.668 0.652 0.536 0.514 0.47 0.424 0.338 0.37 0.306 0.314
0.18 0.174 0.17 0.12 0.116 0.1 0.09 0.092 0.074 0.052 0.036
0.454 0.408 0.418 0.372 0.354 0.346 0.262 0.288 0.312 0.276 0.26
0.066 0.08 0.066 0.076 0.088 0.106 0.084 0.112 0.128 0.104 0.136
0.264 0.296 0.368 0.366 0.33 0.424 0.406 0.414 0.486 0.496 0.564
0.526 0.496 0.452 0.448 0.422 0.434 0.382 0.36 0.34 0.332 0.288
0.086 0.094 0.096 0.092 0.092 0.108 0.072 0.068 0.064 0.066 0.06
0.276 0.254 0.236 0.2 0.152 0.132 0.1 0.088 0.104 0.088 0.09
0.336 0.384 0.41 0.362 0.394 0.44 0.446 0.472 0.456 0.456 0.41
0.696 0.65 0.66 0.66 0.614 0.586 0.54 0.598 0.568 0.606 0.594
0.416 0.4 0.41 0.416 0.412 0.454 0.52 0.502 0.472 0.512 0.53
0.408 0.378 0.358 0.306 0.242 0.286 0.276 0.258 0.188 0.154 0.152
0.262 0.274 0.338 0.334 0.338 0.31 0.33 0.332 0.384 0.372 0.378
0.482 0.424 0.43 0.42 0.404 0.442 0.442 0.516 0.476 0.488 0.512
0.164 0.152 0.166 0.134 0.12 0.126 0.118 0.122 0.106 0.102 0.118
0.73 0.706 0.656 0.61 0.562 0.59 0.592 0.596 0.582 0.598 0.598
0.056 0.064 0.09 0.094 0.08 0.08 0.084 0.1 0.082 0.09 0.08
0.008 0.01 0.01 0.004 0.004 0.004 0.004 0 0 0 0
0.134 0.152 0.136 0.168 0.15 0.136 0.086 0.128 0.114 0.096 0.072
0.582 0.582 0.586 0.526 0.452 0.414 0.348 0.276 0.216 0.188 0.132
0.532 0.616 0.622 0.688 0.662 0.776 0.796 0.812 0.812 0.82 0.818
0.77 0.744 0.742 0.79 0.742 0.74 0.718 0.678 0.678 0.68 0.622
0.068 0.056 0.062 0.05 0.08 0.088 0.08 0.082 0.106 0.068 0.076
0.346 0.376 0.39 0.404 0.428 0.448 0.474 0.48 0.518 0.492 0.522
0.142 0.178 0.146 0.13 0.098 0.11 0.084 0.048 0.054 0.024 0.022
0.434 0.382 0.298 0.312 0.298 0.278 0.248 0.206 0.212 0.242 0.252
0.29 0.278 0.296 0.272 0.274 0.292 0.246 0.256 0.236 0.236 0.252
0.42 0.406 0.286 0.226 0.192 0.11 0.1 0.084 0.074 0.062 0.032
0.484 0.478 0.448 0.354 0.372 0.33 0.3 0.318 0.278 0.304 0.24
0.314 0.292 0.298 0.23 0.268 0.276 0.26 0.254 0.234 0.25 0.244
0.338 0.278 0.278 0.26 0.2 0.178 0.138 0.1 0.062 0.038 0.038
0.06 0.058 0.062 0.084 0.072 0.076 0.084 0.074 0.096 0.058 0.046
0.4 0.4 0.414 0.384 0.364 0.348 0.34 0.288 0.306 0.27 0.22
0.034 0.05 0.034 0.05 0.048 0.074 0.08 0.09 0.082 0.094 0.088
0.124 0.09 0.126 0.104 0.074 0.09 0.082 0.07 0.076 0.08 0.068
0.062 0.05 0.064 0.044 0.052 0.066 0.052 0.082 0.1 0.088 0.088
0.446 0.392 0.396 0.408 0.374 0.37 0.376 0.354 0.352 0.302 0.288
0.53 0.452 0.41 0.364 0.342 0.316 0.28 0.224 0.174 0.12 0.092
0.064 0.034 0.048 0.082 0.056 0.082 0.072 0.104 0.098 0.13 0.11
0.182 0.2 0.2 0.23 0.26 0.294 0.324 0.424 0.466 0.468 0.472
0.064 0.066 0.064 0.072 0.09 0.064 0.046 0.064 0.056 0.048 0.05
0.356 0.302 0.32 0.262 0.3 0.302 0.296 0.264 0.306 0.284 0.354
0.128 0.094 0.076 0.078 0.062 0.052 0.066 0.08 0.058 0.048 0.034
0.084 0.078 0.07 0.08 0.078 0.068 0.078 0.062 0.064 0.054 0.036
0.112 0.114 0.084 0.108 0.1 0.112 0.1 0.176 0.14 0.226 0.22
