0.08527132 0.1860465 0.124031 0.04651163 0.05426357 0.02325581 0.007751938 0 0 0 0
0.7883212 0.7372263 0.8029197 0.7080292 0.7883212 0.7810219 0.7007299 0.7372263 0.7153285 0.7956204 0.7664234
0.530303 0.5833333 0.5 0.4545455 0.5151515 0.3787879 0.3181818 0.3636364 0.3181818 0.3181818 0.3257576
0.7985075 0.8656716 0.8880597 0.858209 0.8358209 0.8880597 0.8059701 0.8432836 0.858209 0.6791045 0.6940299
0.8914729 0.8604651 0.9147287 0.8372093 0.9224806 0.9457364 0.9224806 0.8914729 0.9457364 0.883721 0.8527132
0.1865672 0.1791045 0.1791045 0.2238806 0.2686567 0.2686567 0.2835821 0.3059701 0.3432836 0.3507463 0.380597
0.6590909 0.5833333 0.5984848 0.6363636 0.810606 0.7651515 0.8560606 0.7727273 0.810606 0.7954545 0.8636364
0.4316547 0.352518 0.352518 0.4028777 0.5179856 0.5755396 0.6115108 0.6402878 0.6690647 0.8201439 0.8057554
0.02205882 0.02205882 0.02941176 0.1029412 0.05147059 0.07352941 0.0882353 0.09558824 0.1764706 0.1176471 0.125
0.6277372 0.6861314 0.6423358 0.5766423 0.4963504 0.3576642 0.3576642 0.2116788 0.2043796 0.1897810 0.1532847
0.7131783 0.5891473 0.6744186 0.6899225 0.6899225 0.7596899 0.7209302 0.6976744 0.6666667 0.7209302 0.7054264
0.7131783 0.5968992 0.6821705 0.6976744 0.6976744 0.6899225 0.8294574 0.8294574 0.7984496 0.883721 0.7596899
0.1240876 0.1094891 0.1751825 0.1824818 0.2189781 0.3576642 0.3503650 0.4160584 0.4379562 0.4379562 0.459854
0.7651515 0.7954545 0.7954545 0.7954545 0.7954545 0.780303 0.719697 0.6818182 0.7045455 0.7424242 0.7045455
0.8560606 0.8863636 0.8939394 0.8333333 0.8712121 0.8712121 0.8409091 0.719697 0.7045455 0.6363636 0.6439394
0.1287879 0.09848485 0.1060606 0.1136364 0.1666667 0.1439394 0.1818182 0.2348485 0.2272727 0.2575758 0.2803030
0.1397059 0.1691176 0.1764706 0.1102941 0.1102941 0.09558824 0.0882353 0.125 0.1985294 0.1029412 0.1029412
0.1313869 0.3065693 0.2408759 0.1970803 0.2043796 0.1094891 0.1532847 0.1897810 0.2335766 0.2408759 0.2335766
0.5789474 0.4285714 0.4661654 0.593985 0.6917293 0.7368421 0.6766917 0.7443609 0.8045113 0.962406 0.9774436
0.810219 0.7810219 0.7445255 0.7591241 0.8175182 0.8029197 0.839416 0.8029197 0.9562044 0.9343066 0.919708
0.3309353 0.2589928 0.3021583 0.2805755 0.323741 0.3381295 0.3741007 0.352518 0.3165468 0.2877698 0.294964
0.7142857 0.7218045 0.7067669 0.6390977 0.6390977 0.6240602 0.518797 0.5413534 0.5338346 0.4736842 0.4887218
0.3428571 0.3428571 0.3214286 0.4 0.3214286 0.4 0.4285714 0.4714286 0.4142857 0.4428571 0.3857143
0.9767442 0.9612403 0.9534884 0.9844961 0.9612403 0.9612403 1 0.992248 0.992248 0.992248 0.992248
0.1267606 0.1197183 0.1830986 0.1901408 0.2253521 0.2816901 0.2676056 0.2183099 0.2112676 0.2394366 0.1408451
0.2058824 0.3235294 0.25 0.2279412 0.1397059 0.1397059 0.1176471 0.1470588 0.1323529 0.1544118 0.1838235
0.3233083 0.2706767 0.2556391 0.2857143 0.2932331 0.3533835 0.3458647 0.4962406 0.4661654 0.6015038 0.5714286
0.3571429 0.4857143 0.45 0.3214286 0.3 0.1142857 0.1071429 0.08571429 0.08571429 0.07142857 0.07857143
0.6691729 0.6842105 0.6541353 0.5714286 0.6917293 0.631579 0.6616541 0.7443609 0.6165414 0.6541353 0.6766917
0.1079137 0.1582734 0.1079137 0.1007194 0.1151079 0.1582734 0.07194245 0.09352518 0.1079137 0.1223022 0.1654676
0.2170543 0.2945736 0.2403101 0.1705426 0.1782946 0.1627907 0.1705426 0.124031 0.07751938 0.1317829 0.06976744
0.7941176 0.6691176 0.7058824 0.8014706 0.8235294 0.9411765 0.8308824 0.867647 0.8382353 0.867647 0.875
0.01470588 0.06617647 0.03676471 0.01470588 0.02941176 0.02205882 0.01470588 0.02205882 0.02205882 0.03676471 0.02941176
0.5581395 0.751938 0.6434109 0.627907 0.4341085 0.3410853 0.2713178 0.2558140 0.1317829 0.1627907 0.1472868
0.3909774 0.3759398 0.4661654 0.3082707 0.2781955 0.2932331 0.3383459 0.3834586 0.3609023 0.4736842 0.4511278
0.3576642 0.2846715 0.3284672 0.3357664 0.3138686 0.3430657 0.2554745 0.3211679 0.2554745 0.2408759 0.2043796
0.5984848 0.4166667 0.4469697 0.5 0.6439394 0.689394 0.719697 0.6818182 0.7424242 0.7878788 0.7272727
0.4571429 0.6071429 0.4857143 0.4071429 0.3642857 0.2071429 0.1357143 0.1285714 0.08571429 0.07857143 0.07142857
0.1969697 0.2045455 0.1893939 0.1212121 0.1666667 0.1818182 0.2272727 0.2878788 0.3333333 0.3484848 0.3409091
0.1194030 0.1716418 0.1343284 0.1119403 0.1044776 0.1641791 0.1567164 0.1492537 0.2835821 0.2462687 0.2835821
0.7714286 0.8071429 0.7285714 0.75 0.6857143 0.65 0.5642857 0.4785714 0.4 0.4357143 0.4285714
0.8759124 0.8686131 0.8467153 0.8978102 0.890511 0.890511 0.839416 0.8467153 0.7810219 0.8175182 0.7664234
0.2957746 0.3380282 0.2535211 0.2957746 0.2253521 0.1901408 0.1408451 0.1338028 0.1830986 0.1126761 0.1338028
0.5597015 0.641791 0.6119403 0.5522388 0.5447761 0.5 0.4402985 0.3582090 0.3656716 0.3582090 0.3283582
0.5036496 0.4379562 0.4452555 0.4671533 0.4744526 0.4452555 0.4671533 0.4671533 0.540146 0.5328467 0.5766423
0.6268657 0.5970149 0.5746269 0.5746269 0.6865672 0.6865672 0.6865672 0.7238806 0.8208955 0.8432836 0.761194
0.02205882 0.02205882 0.02941176 0.02941176 0.04411765 0.02941176 0.05882353 0.07352941 0.0882353 0.06617647 0.06617647
0.6423358 0.6715328 0.6642336 0.649635 0.649635 0.6569343 0.729927 0.6788321 0.6715328 0.7518248 0.6788321
0.751938 0.7829457 0.7364341 0.7596899 0.7209302 0.6744186 0.6124031 0.5116279 0.4883721 0.496124 0.4418605
0.9270073 0.9343066 0.9416058 0.9562044 0.9416058 0.919708 0.9562044 0.9635036 0.9562044 0.970803 0.9270073
0.4647887 0.3943662 0.4577465 0.4788732 0.4859155 0.5 0.471831 0.6338028 0.528169 0.5211268 0.5774648
0.2785714 0.2142857 0.3142857 0.3214286 0.3857143 0.4642857 0.4285714 0.4928571 0.5642857 0.5428571 0.5785714
0.9366197 0.9577465 0.971831 1 0.9788732 0.9647887 0.9647887 0.9929577 0.9859155 0.971831 0.9788732
0.9626866 0.9552239 0.977612 0.9626866 0.9701493 0.9626866 0.9626866 0.8955224 0.9477612 0.9104478 0.8656716
0.8273381 0.9064748 0.8633094 0.8920863 0.8273381 0.7985612 0.705036 0.76259 0.6618705 0.676259 0.6258993
0.3142857 0.3071429 0.3071429 0.2714286 0.3142857 0.3142857 0.3 0.2785714 0.2928571 0.3 0.2642857
0.9774436 0.9699248 0.9323308 0.9323308 0.8796992 0.9473684 0.849624 0.7593985 0.7894737 0.6541353 0.6390977
0.01550388 0.04651163 0.03875969 0.02325581 0 0 0 0 0 0 0
0.2089552 0.3283582 0.2611940 0.1865672 0.1492537 0.04477612 0.04477612 0.03731343 0.03731343 0.01492537 0.02238806
0.1617647 0.1323529 0.1691176 0.1176471 0.1029412 0.125 0.06617647 0.1397059 0.0882353 0.09558824 0.06617647
0.5671642 0.7089552 0.5820896 0.4328358 0.3283582 0.2686567 0.1417910 0.1044776 0.05970149 0.05223881 0.04477612
0.3741007 0.4604317 0.352518 0.2517986 0.1942446 0.323741 0.294964 0.2877698 0.323741 0.4172662 0.4676259
0.3939394 0.5454545 0.4393939 0.3484848 0.2196970 0.1439394 0.1287879 0.08333333 0.0909091 0.08333333 0.06818182
0.5915493 0.3943662 0.528169 0.5704225 0.5985915 0.6197183 0.6830986 0.8098592 0.7816901 0.6619718 0.6549296
0.7445255 0.7810219 0.7445255 0.7737226 0.729927 0.6934307 0.729927 0.6788321 0.6350365 0.6934307 0.6715328
0.007142857 0.01428571 0 0 0.007142857 0.02142857 0.03571429 0.04285714 0.04285714 0.07857143 0.07857143
0.8372093 0.875969 0.7209302 0.8139535 0.868217 0.8062016 0.8604651 0.8062016 0.8604651 0.8992248 0.883721
0.2014925 0.2686567 0.2014925 0.1865672 0.2089552 0.1641791 0.1417910 0.1194030 0.09701493 0.1567164 0.1567164
0.2406015 0.2706767 0.3233083 0.4210526 0.2932331 0.3458647 0.3007519 0.3458647 0.3533835 0.4135338 0.3834586
0.5714286 0.6071429 0.5857143 0.4357143 0.4571429 0.3714286 0.4 0.3642857 0.3642857 0.2928571 0.3
0.6691729 0.7218045 0.6616541 0.5789474 0.6090226 0.5338346 0.5112782 0.4285714 0.4586466 0.4736842 0.4661654
0.2348485 0.2878788 0.2651515 0.3106061 0.2651515 0.1893939 0.1893939 0.2196970 0.2045455 0.1666667 0.1666667
0.4671533 0.5182482 0.4014599 0.4744526 0.4233577 0.4233577 0.3065693 0.4233577 0.4087591 0.4671533 0.4963504
0.9489051 0.9489051 0.9416058 0.919708 0.8613139 0.9343066 0.8467153 0.8759124 0.8759124 0.8540146 0.8832117
0.2170543 0.2015504 0.1937984 0.2170543 0.3333333 0.2248062 0.2015504 0.2713178 0.2558140 0.2790698 0.2558140
0.5714286 0.6240602 0.593985 0.5789474 0.6766917 0.5263158 0.6390977 0.5789474 0.6390977 0.6691729 0.7443609
0.8294574 0.883721 0.7984496 0.8449612 0.8527132 0.868217 0.9224806 0.8527132 0.9302326 0.883721 0.8914729
0.970803 0.9489051 0.9489051 0.9781022 0.9781022 0.9635036 0.9416058 0.9343066 0.8978102 0.8467153 0.890511
0.8712121 0.8712121 0.8484848 0.8712121 0.8863636 0.9469697 0.9166667 0.8333333 0.8712121 0.9015152 0.8939394
0.4084507 0.4154930 0.4295775 0.5492958 0.5211268 0.5774648 0.6197183 0.6830986 0.7535211 0.7887324 0.7676056
0.5348837 0.4263566 0.4651163 0.5581395 0.5271318 0.5503876 0.627907 0.5813953 0.5658915 0.6821705 0.6356589
0.03030303 0.007575758 0.01515152 0.01515152 0.1136364 0.1439394 0.3181818 0.4015152 0.4242424 0.5454545 0.5757576
0.6992481 0.7142857 0.7293233 0.6917293 0.7218045 0.7218045 0.7142857 0.6240602 0.6842105 0.6541353 0.6917293
0.7751938 0.6666667 0.7364341 0.7751938 0.8604651 0.8914729 0.9224806 0.9379845 0.9457364 0.9457364 0.9147287
0.2279412 0.2426471 0.2794118 0.25 0.375 0.3382353 0.4926471 0.5514706 0.5882353 0.6029412 0.6764706
0.729927 0.7810219 0.7007299 0.6934307 0.7007299 0.6934307 0.620438 0.5182482 0.4963504 0.3941606 0.4087591
0.4210526 0.443609 0.3909774 0.3157895 0.3684211 0.2781955 0.2706767 0.2781955 0.2706767 0.2857143 0.3233083
0.7058824 0.6691176 0.7352941 0.8014706 0.7941176 0.8161765 0.9191176 0.867647 0.9264706 0.9191176 0.8897059
0.7142857 0.7593985 0.7293233 0.7142857 0.7518797 0.8045113 0.7518797 0.7443609 0.7518797 0.7518797 0.8947368
0.2 0.1357143 0.1357143 0.3214286 0.2571429 0.3571429 0.3928571 0.4785714 0.4571429 0.5142857 0.4357143
0.1879699 0.3157895 0.2105263 0.2406015 0.1278195 0.08270677 0.07518797 0.1503759 0.09774436 0.1127820 0.09774436
0.7357143 0.6714286 0.7428571 0.6214286 0.6 0.6642857 0.5 0.5642857 0.4285714 0.4428571 0.4357143
0.2043796 0.2846715 0.2116788 0.2846715 0.2262774 0.2919708 0.3211679 0.3284672 0.3284672 0.3576642 0.3649635
0.8613139 0.9051095 0.8540146 0.890511 0.890511 0.890511 0.8321168 0.7956204 0.7591241 0.8248175 0.810219
0.9343066 0.9343066 0.9416058 0.9270073 0.9270073 0.8978102 0.9124088 0.839416 0.7153285 0.7372263 0.8029197
0.4820144 0.4676259 0.4388489 0.5035971 0.5107914 0.5467626 0.6258993 0.6978417 0.7122302 0.8992806 0.8417266
0.1268657 0.3059701 0.1791045 0.1641791 0.1641791 0.1641791 0.1567164 0.1791045 0.2835821 0.2462687 0.2835821
0.6131387 0.5328467 0.5474453 0.620438 0.6423358 0.6131387 0.5839416 0.6715328 0.5620438 0.6058394 0.5985401
0.9489051 0.9343066 0.9416058 0.919708 0.9562044 0.9927007 0.9635036 0.9489051 0.970803 0.9489051 0.9270073
0.1654135 0.1578947 0.1353383 0.2255639 0.1804511 0.1654135 0.2631579 0.2932331 0.3007519 0.3157895 0.3308271
0.962406 0.9323308 0.9323308 0.9473684 0.9548872 0.9849624 0.962406 0.9323308 0.9849624 0.9774436 0.9849624
0.2214286 0.2142857 0.2428571 0.2142857 0.3142857 0.2142857 0.2214286 0.25 0.1071429 0.1142857 0.1642857
0.6549296 0.6830986 0.6690141 0.6197183 0.5985915 0.612676 0.5352113 0.5140845 0.4577465 0.3661972 0.3873239
0.4962406 0.4887218 0.4887218 0.4736842 0.5413534 0.4887218 0.518797 0.5413534 0.4586466 0.5112782 0.4661654
0.8030303 0.8787879 0.8409091 0.8484848 0.8030303 0.8257576 0.7651515 0.6439394 0.6818182 0.6818182 0.5984848
0.3636364 0.3560606 0.2651515 0.3409091 0.3030303 0.3712121 0.3863636 0.4015152 0.4090909 0.4393939 0.4848485
0.7941176 0.8235294 0.6985294 0.8014706 0.75 0.7720588 0.8382353 0.6911765 0.7352941 0.7867647 0.6838235
0.5348837 0.5658915 0.4806202 0.5658915 0.6046512 0.6511628 0.6356589 0.6124031 0.5736434 0.6821705 0.6589147
0.1678832 0.2116788 0.2116788 0.1532847 0.1751825 0.09489051 0.1094891 0.08029197 0.1021898 0.0729927 0.05839416
0.3649635 0.2992701 0.3138686 0.4014599 0.4525547 0.3868613 0.5255474 0.5620438 0.6642336 0.6350365 0.7153285
0.8540146 0.8248175 0.8467153 0.8759124 0.7883212 0.7737226 0.8175182 0.7372263 0.6131387 0.620438 0.5912409
0 0.02238806 0.02985075 0 0 0.01492537 0.01492537 0.007462687 0.007462687 0.007462687 0.007462687
0.3309353 0.2158273 0.3165468 0.3669065 0.3741007 0.4460432 0.381295 0.4244604 0.3956835 0.3741007 0.3309353
0.1492537 0.1492537 0.1417910 0.1641791 0.2014925 0.2985075 0.2761194 0.2313433 0.2462687 0.2462687 0.2686567
0.1742424 0.08333333 0.1212121 0.1893939 0.2045455 0.3333333 0.3560606 0.4015152 0.3712121 0.4090909 0.4318182
0.4338235 0.3823529 0.4926471 0.4044118 0.3970588 0.4117647 0.3529412 0.3676471 0.3382353 0.3088235 0.2867647
0.4388489 0.3669065 0.3597122 0.381295 0.4748201 0.4100719 0.4532374 0.3956835 0.4460432 0.4604317 0.4676259
0.8467153 0.7810219 0.8029197 0.8759124 0.8175182 0.8467153 0.8248175 0.7591241 0.6350365 0.6350365 0.540146
0.08633094 0.02158273 0.04316547 0.05035971 0.07194245 0.1223022 0.1079137 0.09352518 0.05755396 0.07194245 0.09352518
0.9779412 0.9852941 0.9411765 0.9779412 0.9705882 0.9558824 0.9191176 0.9044118 0.882353 0.875 0.7867647
0.970803 0.919708 0.9416058 0.9562044 0.9562044 0.9781022 0.9270073 0.9270073 0.9343066 0.9489051 0.9270073
0.6716418 0.6940299 0.7164179 0.6343284 0.6716418 0.6492537 0.6044776 0.7313433 0.6567164 0.6492537 0.761194
0.270073 0.1167883 0.1313869 0.2846715 0.3430657 0.4379562 0.4817518 0.5182482 0.5620438 0.6058394 0.7226277
0.2272727 0.3560606 0.2878788 0.2727273 0.1742424 0.1439394 0.09848485 0.0909091 0.0909091 0.04545455 0.08333333
0.007352941 0.01470588 0.007352941 0.01470588 0.007352941 0.02205882 0.01470588 0 0.02205882 0.01470588 0.02205882
0.5503876 0.4728682 0.5271318 0.5658915 0.6046512 0.496124 0.5658915 0.5968992 0.5736434 0.5348837 0.5736434
0.9166667 0.969697 0.939394 0.9545455 0.9242424 0.9318182 0.8787879 0.9242424 0.8560606 0.8863636 0.9469697
0.4552239 0.4477612 0.3955224 0.4253731 0.3507463 0.2835821 0.1791045 0.1865672 0.2164179 0.1567164 0.1268657
0.6131387 0.5182482 0.5839416 0.6642336 0.6715328 0.810219 0.7810219 0.8467153 0.839416 0.9270073 0.890511
0.1870504 0.1582734 0.1654676 0.1294964 0.2086331 0.2230216 0.2517986 0.1942446 0.2661871 0.2446043 0.2517986
0.3007519 0.3759398 0.4736842 0.3834586 0.4135338 0.3609023 0.3233083 0.3233083 0.3308271 0.3533835 0.3383459
0.2279412 0.07352941 0.1397059 0.25 0.2794118 0.3970588 0.4117647 0.4779412 0.5441176 0.6029412 0.5808824
0.01550388 0.01550388 0.02325581 0.04651163 0.04651163 0.0620155 0.1162791 0.124031 0.1705426 0.2945736 0.2945736
0.4477612 0.4701493 0.5 0.5522388 0.5074627 0.4253731 0.4626866 0.4850746 0.4104478 0.4029851 0.380597
0.5813953 0.5813953 0.503876 0.6356589 0.6046512 0.6589147 0.627907 0.5503876 0.5736434 0.6356589 0.5813953
0.04225352 0.07042254 0.06338028 0.08450704 0.1126761 0.1478873 0.2183099 0.2676056 0.2887324 0.3028169 0.2535211
0.03676471 0.1029412 0.03676471 0.0882353 0.03676471 0.05147059 0.03676471 0.06617647 0.05147059 0.05882353 0.06617647
0.751938 0.7829457 0.7364341 0.7596899 0.7984496 0.8062016 0.8372093 0.8914729 0.8217054 0.8992248 0.883721
0.4166667 0.5833333 0.4545455 0.3409091 0.3484848 0.3560606 0.2803030 0.2878788 0.2348485 0.1969697 0.1969697
0.9302326 0.9767442 0.9457364 0.9379845 0.868217 0.8604651 0.7751938 0.6821705 0.6821705 0.6511628 0.6821705
0.1971831 0.1267606 0.2535211 0.1549296 0.2253521 0.2112676 0.2183099 0.2112676 0.2887324 0.2605634 0.1830986
0.5746269 0.5223881 0.5820896 0.5970149 0.5522388 0.5447761 0.5149254 0.4477612 0.4850746 0.4925373 0.4402985
0.8560606 0.8787879 0.8712121 0.8257576 0.8257576 0.7348485 0.5909091 0.5909091 0.469697 0.4772727 0.4772727
0.7218045 0.7142857 0.6842105 0.7067669 0.6842105 0.7293233 0.6992481 0.593985 0.6165414 0.6015038 0.5488722
0.1942446 0.2086331 0.2086331 0.2374101 0.3165468 0.3669065 0.381295 0.4172662 0.4820144 0.4604317 0.5251799
0.5116279 0.372093 0.4651163 0.5658915 0.5116279 0.5968992 0.5658915 0.5968992 0.6666667 0.6821705 0.8139535
0.469697 0.4848485 0.4318182 0.5833333 0.5681818 0.5833333 0.5681818 0.5984848 0.5909091 0.5909091 0.5909091
0.7956204 0.8686131 0.810219 0.7737226 0.6934307 0.6423358 0.5474453 0.4671533 0.4160584 0.3795620 0.3430657
0.6618705 0.6978417 0.7122302 0.6546763 0.7266187 0.7913669 0.6906475 0.7410072 0.676259 0.7697842 0.76259
0.7462687 0.6940299 0.7089552 0.7985075 0.8358209 0.8432836 0.902985 0.8507463 0.8283582 0.8880597 0.8955224
0.8294574 0.875969 0.8527132 0.7596899 0.751938 0.7286822 0.6124031 0.5658915 0.4418605 0.496124 0.3953488
