0.004 0.004
0.136 0.138
0.002 0.004
0.008 0.008
0.518 0.566
0.002 0
0.07 0.034
0.154 0.178
0.048 0.038
0.006 0.008
0.218 0.208
0.018 0.008
0.004 0
0.03 0.008
0.206 0.184
0.166 0.174
0.054 0.038
0.012 0.014
0.004 0.01
0.072 0.07
0.046 0.06
0.054 0.06
0.006 0.006
0.15 0.138
0.444 0.408
0.272 0.224
0.054 0.038
0.038 0.036
0.586 0.642
0.05 0.042
0.308 0.308
0.092 0.064
0.328 0.4
0.012 0.014
0.008 0.01
0.03 0.024
0.378 0.436
0.416 0.456
0.56 0.576
0.004 0.006
0.008 0.012
0.148 0.174
0.076 0.082
0.008 0.018
0.38 0.382
0.046 0.034
0.006 0.004
0.278 0.27
0 0
0 0
0.02 0.01
0.038 0.034
0.022 0.02
0.36 0.384
0.34 0.384
0.09 0.072
0.03 0.018
0.192 0.164
0.166 0.204
0.002 0
0.028 0.026
0.068 0.094
0.006 0
0.098 0.094
0 0
0.054 0.074
0.104 0.126
0.138 0.106
0.008 0.01
0.164 0.11
0.05 0.06
0.006 0.002
0.066 0.05
0.006 0.004
0.01 0.004
0.012 0.008
0.084 0.102
0.002 0.002
0.012 0.006
0.358 0.388
0.038 0.03
0.032 0.014
0.428 0.432
0.36 0.394
0.238 0.218
0.08 0.118
0 0.002
0.05 0.044
0.072 0.046
0.076 0.082
0.004 0.014
0.024 0.024
0.026 0.036
0.214 0.22
0.13 0.09
0.004 0.004
0.236 0.25
0.11 0.1
0.056 0.034
0.052 0.062
0.45 0.462
0.136 0.12
0.018 0.008
0.026 0.012
0.072 0.068
0.004 0.002
0 0
0 0
0.086 0.076
0.292 0.254
0.192 0.222
0.006 0
0.066 0.046
0.08 0.092
0.262 0.28
0.052 0.048
0.116 0.096
0.076 0.06
0.028 0.026
0.274 0.288
0.008 0.008
0.198 0.19
0.098 0.094
0.012 0.008
0.03 0.014
0.13 0.108
0.004 0.002
0.002 0
0.036 0.02
0.154 0.126
0 0
0.394 0.33
0.008 0.004
0.01 0.004
0.032 0.034
