0 0.006
0.078 0.068
0.004 0
0.006 0.006
0.59 0.644
0.002 0
0.036 0.04
0.126 0.158
0.012 0.012
0.006 0.006
0.204 0.188
0.086 0.084
0.016 0.002
0.038 0.046
0.23 0.228
0.324 0.31
0.06 0.036
0.012 0.008
0.008 0.006
0.054 0.06
0.058 0.038
0.044 0.04
0 0.002
0.086 0.062
0.49 0.436
0.264 0.206
0.038 0.036
0.048 0.05
0.672 0.688
0.084 0.1
0.366 0.374
0.072 0.062
0.3 0.308
0.022 0.012
0.008 0.008
0.036 0.004
0.34 0.362
0.53 0.522
0.534 0.484
0.022 0.008
0.01 0.012
0.212 0.178
0.03 0.026
0.004 0.008
0.298 0.32
0.006 0.004
0.02 0.006
0.34 0.338
0 0
0 0
0.034 0.032
0.042 0.03
0.038 0.054
0.366 0.374
0.288 0.364
0.066 0.122
0.028 0.01
0.166 0.162
0.196 0.18
0.01 0.002
0.028 0.026
0.082 0.06
0.002 0.002
0.138 0.12
0 0.002
0.09 0.06
0.156 0.114
0.092 0.116
0.006 0.002
0.174 0.152
0.05 0.03
0.004 0.002
0.008 0.01
0.006 0.004
0.008 0.004
0.004 0
0.1 0.098
0.004 0.004
0.008 0.012
0.348 0.384
0.03 0.032
0.032 0.022
0.356 0.32
0.412 0.448
0.236 0.238
0.08 0.054
0 0.002
0.084 0.088
0.05 0.038
0.144 0.118
0.004 0.004
0.032 0.034
0.038 0.034
0.33 0.352
0.128 0.11
0.004 0.004
0.256 0.282
0.098 0.096
0.012 0.014
0.024 0.022
0.284 0.308
0.114 0.086
0.044 0.03
0.012 0.012
0.096 0.1
0.002 0
0 0
0 0
0.074 0.048
0.352 0.444
0.584 0.496
0.002 0.004
0.214 0.262
0.076 0.058
0.246 0.192
0.074 0.052
0.106 0.114
0.194 0.21
0.028 0.038
0.314 0.302
0.022 0.006
0.108 0.11
0.048 0.056
0 0.012
0.006 0.012
0.14 0.128
0.006 0
0 0
0.014 0.012
0.136 0.206
0 0
0.336 0.386
0.01 0
0.014 0.002
0.016 0.014
