0 0.006
0.242 0.254
0 0.004
0.02 0.028
0.59 0.574
0.002 0
0.052 0.054
0.116 0.144
0.04 0.03
0.016 0
0.222 0.178
0.078 0.076
0.016 0.032
0.04 0.016
0.054 0.038
0.356 0.318
0.068 0.042
0.018 0.004
0.006 0.002
0.03 0.068
0.062 0.028
0.06 0.092
0 0.004
0.042 0.042
0.506 0.496
0.276 0.252
0.024 0.03
0.026 0.038
0.654 0.696
0.04 0.034
0.32 0.342
0.044 0.024
0.31 0.36
0.024 0.008
0.006 0.006
0.028 0.026
0.378 0.378
0.424 0.388
0.47 0.52
0.032 0.026
0.018 0.02
0.11 0.152
0.036 0.026
0.014 0.014
0.22 0.25
0.016 0.022
0.01 0.002
0.336 0.366
0 0
0 0.006
0.022 0.032
0.058 0.03
0.004 0.004
0.464 0.496
0.32 0.364
0.038 0.036
0.016 0.01
0.168 0.132
0.294 0.312
0.002 0.002
0.02 0.012
0.066 0.076
0.004 0.004
0.124 0.108
0 0
0.09 0.064
0.098 0.14
0.148 0.116
0.008 0.008
0.196 0.144
0.056 0.038
0.002 0.004
0.002 0.002
0.006 0.002
0.004 0
0.002 0
0.068 0.08
0 0.002
0.01 0.002
0.38 0.396
0.006 0.012
0.04 0.026
0.466 0.426
0.504 0.45
0.192 0.216
0.086 0.078
0.002 0
0.088 0.102
0.02 0.02
0.26 0.188
0.01 0.006
0.066 0.06
0.032 0.022
0.136 0.112
0.33 0.276
0.004 0.002
0.29 0.336
0.144 0.104
0.024 0.014
0.014 0.016
0.058 0.046
0.098 0.106
0.056 0.04
0.012 0.012
0.1 0.052
0.002 0.002
0 0.002
0 0
0.066 0.042
0.326 0.362
0.498 0.498
0.002 0
0.212 0.2
0.104 0.098
0.244 0.222
0.05 0.03
0.238 0.28
0.154 0.16
0.066 0.058
0.272 0.302
0.002 0.004
0.186 0.18
0.048 0.08
0.004 0.002
0.014 0.008
0.132 0.106
0 0.002
0.006 0
0 0
0.118 0.14
0.002 0
0.392 0.412
0.008 0.014
0.018 0.008
0.048 0.018
