0.006 0.004
0.13 0.086
0.004 0.008
0.012 0.01
0.344 0.352
0.002 0
0.094 0.074
0.142 0.128
0.022 0.026
0.004 0.008
0.098 0.082
0.098 0.106
0.002 0
0.012 0.018
0.066 0.034
0.264 0.302
0.052 0.052
0.022 0.008
0.002 0.004
0.054 0.064
0.066 0.05
0.164 0.15
0.004 0
0.272 0.282
0.482 0.462
0.312 0.284
0.048 0.05
0.034 0.04
0.456 0.468
0.082 0.098
0.328 0.304
0.092 0.048
0.28 0.316
0.024 0.02
0.004 0.01
0.018 0.016
0.334 0.358
0.494 0.474
0.572 0.558
0.03 0.012
0.012 0.02
0.178 0.176
0.096 0.13
0.004 0.004
0.308 0.332
0.02 0.03
0.026 0.004
0.258 0.262
0 0
0 0
0.024 0.044
0.048 0.04
0.026 0.034
0.364 0.392
0.318 0.344
0.116 0.108
0.038 0.018
0.072 0.072
0.176 0.252
0.006 0.004
0.026 0.026
0.068 0.096
0.002 0
0.146 0.126
0 0
0.056 0.064
0.104 0.146
0.128 0.114
0.002 0.002
0.168 0.132
0.068 0.042
0.006 0.004
0.038 0.046
0.008 0.004
0.006 0.014
0.008 0
0.11 0.13
0.008 0.01
0.006 0.004
0.29 0.362
0.054 0.028
0.028 0.028
0.342 0.29
0.458 0.416
0.206 0.162
0.062 0.064
0 0.008
0.062 0.052
0.022 0.036
0.068 0.1
0.008 0.012
0.06 0.042
0.044 0.062
0.262 0.324
0.212 0.144
0.01 0.004
0.324 0.352
0.15 0.08
0.026 0.006
0.116 0.104
0.36 0.384
0.118 0.114
0.02 0.012
0.004 0.008
0.066 0.05
0 0
0 0
0 0
0.112 0.082
0.238 0.284
0.334 0.316
0.002 0.004
0.228 0.212
0.096 0.104
0.238 0.212
0.064 0.054
0.188 0.192
0.2 0.236
0.026 0.03
0.278 0.268
0.012 0.006
0.198 0.188
0.07 0.054
0.004 0.012
0.006 0.004
0.156 0.124
0.002 0.002
0 0.002
0.016 0.022
0.054 0.058
0.002 0.002
0.374 0.392
0.008 0
0.018 0
0.032 0.042
