0.026 0.036
0.148 0.134
0.06 0.048
0.006 0.012
0.242 0.204
0.02 0.012
0.114 0.136
0.044 0.054
0.032 0.028
0.01 0.014
0.092 0.128
0.03 0.042
0.038 0.038
0.192 0.178
0.046 0.024
0.25 0.28
0.05 0.03
0.014 0
0.1 0.122
0.142 0.164
0.012 0.016
0.076 0.07
0.004 0.006
0.202 0.204
0.142 0.136
0.012 0.01
0.456 0.448
0.07 0.052
0.398 0.456
0.278 0.294
0.132 0.122
0.332 0.326
0.03 0.038
0.084 0.08
0.048 0.05
0.316 0.33
0.09 0.096
0.4 0.412
0.052 0.066
0.02 0.014
0.322 0.362
0.064 0.062
0.124 0.136
0.096 0.14
0.198 0.218
0.08 0.048
0.042 0.024
0.242 0.296
0.048 0.028
0.024 0.018
0.12 0.144
0.062 0.06
0.054 0.052
0.094 0.082
0.288 0.238
0.126 0.112
0.062 0.092
0.042 0.032
0.06 0.064
0.076 0.066
0.13 0.11
0.08 0.072
0.022 0.018
0.116 0.108
0.002 0.002
0.054 0.062
0.182 0.164
0.054 0.034
0.106 0.122
0.064 0.08
0.096 0.098
0.286 0.324
0.008 0.006
0.02 0.02
0.034 0.024
0.026 0.01
0.03 0.032
0.174 0.166
0.064 0.082
0.108 0.106
0.12 0.122
0.03 0.018
0.03 0.022
0.072 0.086
0.054 0.07
0.086 0.096
0.1 0.104
0.054 0.016
0.018 0.008
0.05 0.06
0.228 0.2
0.112 0.122
0.016 0.006
0.09 0.058
0.108 0.138
0.224 0.232
0.036 0.032
0.02 0.012
0.054 0.074
0.294 0.298
0.252 0.256
0.328 0.328
0.046 0.038
0.218 0.21
0.048 0.054
0.056 0.098
0.032 0.024
0.008 0.008
0.01 0
0.02 0.014
0.26 0.26
0.238 0.262
0.1 0.138
0.034 0.02
0.074 0.108
0.098 0.088
0.09 0.086
0.062 0.062
0.08 0.074
0.192 0.148
0.04 0.04
0.484 0.45
0.012 0.008
0.168 0.2
0.072 0.096
0.058 0.056
0.01 0.018
0.338 0.372
0.02 0.036
0.044 0.038
0.094 0.106
0.016 0.012
0.142 0.126
0 0
0.038 0.014
0.156 0.138
