0.7768595 0.6528926
0.6065574 0.6885246
0.8571429 0.8907563
0.744 0.784
0.1130435 0.1652174
0.984252 0.984252
0.5327869 0.5491803
0.2622951 0.1639344
0.6782609 0.7391304
0.9262295 0.8688525
0.02608696 0.04347826
0.416 0.352
0.7731092 0.7647059
0.5798319 0.5378151
0.1304348 0.1130435
0.3865546 0.4201681
0.5041322 0.5950413
0.9090909 0.8347107
0.2786885 0.2540984
0.5238095 0.3809524
0.2231405 0.2809917
0.1147541 0.1721311
0.6302521 0.5966387
0.3652174 0.3478261
0.04201681 0.03361345
0.573913 0.7826087
0.01587302 0.01587302
0.6608696 0.6782609
0.4453782 0.4117647
0.328 0.288
0.01587302 0
0 0.04098361
0.7310924 0.7142857
0.6638655 0.6806723
0.7983193 0.8403361
0.3739130 0.3652174
0.07377049 0.07377049
0.04098361 0.06557377
0.7131148 0.7786885
0.7563025 0.8991597
0.44 0.424
0.1640625 0.296875
0.3606557 0.1967213
0.5634921 0.5238095
0.072 0.12
0.72 0.584
0.4285714 0.4285714
0.3445378 0.4705882
0.9672131 0.8934426
0.96 0.96
0.4566929 0.5826772
0.6434783 0.7043478
0.7731092 0.9327731
0.02608696 0.04347826
0.4260870 0.3217391
0.21875 0.171875
0.4262295 0.4180328
0.05737705 0.08196721
0.2148760 0.1322314
0.6782609 0.5391304
0.557377 0.4672131
0.4409449 0.5669291
0.8595041 0.9256198
0.2184874 0.4537815
0.8487395 0.9495798
0.6722689 0.6890756
0.394958 0.4705882
0.1557377 0.2213115
0.1811024 0.1653543
0.8360656 0.8442623
0.3223140 0.4545455
0.28 0.168
0.909836 0.8770492
0.7107438 0.6033058
0.9765625 0.9765625
0.9672131 0.8770492
0.8956522 0.9391304
0.557377 0.5655738
0.5785124 0.4545455
0.4672131 0.6147541
0.6782609 0.6956522
0.3193277 0.394958
0.6065574 0.6147541
0.7826087 0.6956522
0.05217391 0.04347826
0.3697479 0.4117647
0.05042017 0.07563025
0.2377049 0.1803279
0.6722689 0.7647059
0.9016393 0.8688525
0.3203125 0.3515625
0.2857143 0.3193277
0.8595041 0.9256198
0.5950413 0.5041322
0.7637795 0.6456693
0 0
0.4920635 0.5079365
0.9090909 0.9256198
0.3228346 0.2913386
0.4285714 0.394958
0.1130435 0.2434783
0.3779528 0.3385827
0.1181102 0.1259843
0.5630252 0.5966387
0.625 0.4765625
0.76 0.784
0.552 0.496
0.928 0.944
0.8956522 0.8521739
0.8739496 0.9327731
0.3193277 0.3865546
0.1570248 0.2231405
0.1967213 0.3278689
0.8595041 0.9752066
0.03968254 0.01587302
0.8015873 0.6904762
0.3739130 0.2782609
0.6722689 0.7478992
0.07826087 0.06956522
0.2619048 0.2936508
0.5042017 0.5630252
0.1130435 0.08695652
0.3622047 0.4251969
0.3770492 0.4344262
0.7983193 0.815126
0.4047619 0.3809524
0.7438017 0.7768595
0.3361345 0.4537815
0.8278689 0.8442623
0.734375 0.515625
0.05042017 0.05042017
0.9590164 0.909836
0.1848739 0.3193277
0.9761905 0.920635
0.75 0.8359375
0.4921875 0.3671875
