0.5619835 0.5371901
0.4830508 0.5932203
0.7226891 0.5210084
0.4201681 0.3445378
0.04 0.072
0.92 0.88
0.6942149 0.768595
0.6068376 0.5726496
0.7398374 0.8536585
0.56 0.568
0.3902439 0.4796748
0.5772358 0.6097561
0.4878049 0.4552846
0.4552846 0.6097561
0.1355932 0.08474576
0.1694915 0.279661
0.4380165 0.5785124
0.8264463 0.9504132
0.3220339 0.3220339
0.6581197 0.5470085
0.2307692 0.2649573
0.3888889 0.3253968
0.9669421 0.9421488
0.2698413 0.2539683
0.1623932 0.2051282
0.5454545 0.4710744
0.3170732 0.3902439
0.7109375 0.71875
0.04878049 0.06504065
0.4628099 0.5041322
0.04201681 0.1008403
0.03361345 0.03361345
0.6033058 0.5702479
0.4365079 0.3888889
0.7521368 0.931624
0.1596639 0.1092437
0.1864407 0.3135593
0.2051282 0.2649573
0.7235772 0.699187
0.6923077 0.5811966
0.1282051 0.1367521
0.5371901 0.553719
0.6446281 0.785124
0.4471545 0.4796748
0.3650794 0.3015873
0.6923077 0.7008547
0.7619048 0.8968254
0.1074380 0.1404959
0.97479 0.9243697
0.9661017 0.940678
0.6153846 0.5384615
0.8547009 0.8803419
0.8898305 0.9152542
0.1484375 0.109375
0.08474576 0.09322034
0.4375 0.4140625
0.6825397 0.5952381
0.1367521 0.1196581
0 0
0.5726496 0.5726496
0.6101695 0.4576271
0.5952381 0.547619
0.6186441 0.6525424
0.4876033 0.4628099
0.983471 0.9504132
0.487395 0.5546218
0.4628099 0.4958678
0.4878049 0.4552846
0.04201681 0.05882353
0.6587302 0.7460317
0.2809917 0.2975207
0.1239669 0.1322314
0.9140625 0.796875
0.75 0.7265625
0.7317073 0.796748
0.8373984 0.9268293
0.6859504 0.6115702
0.2479339 0.2561983
0.3636364 0.2479339
0.3884298 0.3305785
0.5454545 0.5371901
0.632 0.496
0.7310924 0.789916
0.6428571 0.5714286
0.3671875 0.46875
0.2457627 0.3389831
0.3418803 0.3675214
0.03968254 0.03174603
0.92 0.88
0.53125 0.6875
0.3968254 0.4206349
0.1538462 0.1965812
0.952381 0.9444444
0.6186441 0.6355932
0.779661 0.6864407
0.008547009 0
0.8067227 0.7815126
0.9243697 0.9495798
0.1074380 0.1322314
0.528 0.424
0.09917355 0.09917355
0.328 0.336
0.1282051 0.1196581
0.4297521 0.4876033
0.376 0.528
0.8907563 0.882353
0.5952381 0.5873016
0.936508 0.968254
0.968254 0.9444444
0.9243697 0.9495798
0.04201681 0.05882353
0.08730159 0.08730159
0.04132231 0.02479339
0.9669421 0.983471
0.1484375 0.1015625
0.677686 0.7107438
0.3220339 0.3220339
0.376 0.392
0.5128205 0.4444444
0.1190476 0.1269841
0.3553719 0.2975207
0.2881356 0.279661
0.779661 0.6694915
0.1074380 0.1900826
0.272 0.312
0.547619 0.5793651
0.88 0.88
0.03968254 0.07936508
0.9576271 0.9576271
0.7310924 0.7731092
0.04201681 0.09243697
0.8174603 0.8650794
0.3613445 0.2857143
0.7521368 0.931624
0.8644068 0.898305
0.5772358 0.6747967
