0.132 0.152
0.042 0.058
0.042 0.05
0.08 0.09
0.376 0.35
0.036 0.014
0.05 0.05
0.164 0.148
0.044 0.048
0.022 0.056
0.248 0.228
0.232 0.164
0.002 0.004
0.04 0.058
0.052 0.044
0.264 0.218
0.096 0.082
0.008 0.006
0.094 0.088
0.024 0.04
0.164 0.206
0.118 0.104
0.008 0.012
0.114 0.094
0.116 0.13
0.142 0.126
0.126 0.13
0.128 0.176
0.396 0.406
0.206 0.262
0.132 0.098
0.046 0.08
0.016 0.006
0.074 0.042
0.058 0.03
0.308 0.3
0.138 0.136
0.28 0.246
0.076 0.056
0.08 0.064
0.19 0.214
0.124 0.122
0.152 0.122
0.156 0.172
0.09 0.09
0.042 0.034
0.036 0.032
0.256 0.276
0.01 0.012
0.048 0.04
0.032 0.018
0.066 0.09
0.048 0.04
0.27 0.314
0.37 0.364
0.144 0.154
0.106 0.118
0.104 0.102
0.16 0.182
0.012 0.006
0.03 0.032
0.06 0.078
0.028 0.026
0.052 0.062
0.016 0.016
0.156 0.198
0.07 0.076
0.068 0.06
0.032 0.05
0.066 0.054
0.096 0.054
0.074 0.088
0.032 0.028
0.036 0.038
0.038 0.028
0.052 0.048
0.038 0.024
0.14 0.144
0.07 0.09
0.07 0.082
0.056 0.048
0.166 0.14
0.02 0.006
0.094 0.056
0.316 0.348
0.038 0.07
0.056 0.06
0.058 0.082
0.016 0.02
0.082 0.068
0.138 0.116
0.182 0.186
0.012 0.008
0.108 0.09
0.024 0.032
0.194 0.23
0.056 0.028
0.016 0.022
0.032 0.042
0.202 0.202
0.046 0.034
0.052 0.056
0.208 0.172
0.174 0.18
0.02 0.024
0.024 0.012
0.424 0.43
0.004 0.002
0.036 0.044
0.01 0.012
0.198 0.216
0.334 0.388
0.238 0.218
0.018 0.018
0.382 0.304
0.056 0.036
0.092 0.098
0.036 0.028
0.194 0.152
0.096 0.09
0.016 0.014
0.258 0.262
0.05 0.04
0.206 0.202
0.022 0.032
0.056 0.058
0.044 0.046
0.196 0.17
0.03 0.03
0.002 0.01
0.072 0.084
0.01 0.002
0.182 0.212
0.002 0
0.074 0.06
0.084 0.092
