0.058 0.05
0.05 0.05
0.06 0.048
0.094 0.062
0.06 0.066
0.006 0.006
0.196 0.186
0.052 0.038
0.072 0.046
0.03 0.068
0.036 0.034
0.062 0.038
0.048 0.054
0.126 0.112
0.226 0.246
0.066 0.062
0.092 0.072
0.006 0.016
0.082 0.096
0.06 0.08
0.076 0.072
0.102 0.106
0.052 0.072
0.092 0.04
0.098 0.106
0.04 0.02
0.176 0.192
0.074 0.07
0.298 0.26
0.028 0.036
0.144 0.118
0.122 0.11
0.056 0.06
0.042 0.034
0.04 0.024
0.096 0.092
0.134 0.156
0.284 0.234
0.036 0.044
0.026 0.028
0.168 0.12
0.106 0.082
0.108 0.136
0.088 0.118
0.184 0.21
0.14 0.098
0.042 0.042
0.248 0.208
0.028 0.024
0.038 0.024
0.02 0.026
0.052 0.058
0.094 0.084
0.164 0.134
0.324 0.366
0.144 0.154
0.07 0.088
0.15 0.144
0.12 0.124
0.058 0.066
0.068 0.05
0.056 0.056
0.044 0.048
0.098 0.088
0.004 0.002
0.046 0.052
0.176 0.182
0.164 0.122
0.068 0.076
0.034 0.036
0.256 0.248
0.126 0.132
0.028 0.03
0.038 0.006
0.028 0.026
0.012 0.014
0.046 0.026
0.05 0.058
0.102 0.096
0.068 0.076
0.012 0.016
0.178 0.18
0.052 0.06
0.112 0.102
0.212 0.212
0.138 0.126
0.046 0.054
0.104 0.12
0.018 0.016
0.028 0.028
0.216 0.228
0.33 0.34
0.01 0.008
0.07 0.072
0.066 0.074
0.09 0.09
0.144 0.156
0.06 0.036
0.12 0.096
0.262 0.284
0.208 0.198
0.142 0.116
0.276 0.276
0.066 0.068
0.068 0.1
0.048 0.048
0.066 0.058
0.016 0.008
0.01 0.006
0.002 0.002
0.134 0.104
0.176 0.196
0.15 0.138
0.018 0.01
0.198 0.182
0.038 0.018
0.136 0.142
0.15 0.136
0.24 0.224
0.174 0.188
0.108 0.086
0.17 0.166
0.024 0.02
0.106 0.12
0.054 0.06
0.096 0.102
0.028 0.018
0.172 0.122
0.012 0.014
0.042 0.048
0.092 0.106
0.022 0.01
0.062 0.05
0.008 0.004
0.026 0.026
0.094 0.14
