0.626087 0.6347826
0.352459 0.3934426
0.8956522 0.9565217
0.8 0.8583333
0.04098361 0.04098361
0.9609375 0.9765625
0.5333333 0.4666667
0.5655738 0.4836066
0.9416667 0.9416667
0.6779661 0.8050847
0.1694915 0.1949153
0.4 0.5304348
0.4173228 0.3385827
0.4603175 0.3809524
0.2260870 0.2434783
0.2125984 0.1889764
0.671875 0.75
0.4296875 0.5078125
0.2434783 0.3478261
0.7131148 0.6065574
0.4754098 0.3606557
0.875 0.675
0.838983 0.8559322
0.2916667 0.4666667
0.1065574 0.06557377
0.8 0.8583333
0.2833333 0.2166667
0.9508197 0.9344262
0.03174603 0.03968254
0.4047619 0.4444444
0.1864407 0.1271186
0.3515625 0.359375
0.3571429 0.3571429
0.4754098 0.5901639
0.7652174 0.6782609
0.3416667 0.325
0.2 0.1833333
0.1229508 0.1803279
0.84375 0.8359375
0.7916667 0.75
0.3583333 0.425
0.5163934 0.5327869
0.3852459 0.4426230
0.6850394 0.7007874
0.07142857 0.07936508
0.647541 0.704918
0.7380952 0.6428571
0.2377049 0.3032787
0.8278689 0.6393443
0.9180328 0.8442623
0.6608696 0.8086957
0.5762712 0.5254237
0.6666667 0.5555556
0.3571429 0.2301587
0.4 0.6086957
0.3220339 0.3813559
0.6825397 0.7222222
0.109375 0.09375
0 0
0.75 0.7583333
0.2204724 0.2519685
0.7 0.5166667
0.8606557 0.8114754
0.4098361 0.3688525
0.7916667 0.95
1 0.9833333
0.3809524 0.2936508
0.4067797 0.3898305
0.1065574 0.1967213
0.704918 0.6721311
0.5655738 0.5327869
0.2627119 0.3305085
0.8114754 0.8688525
0.5416667 0.6166667
0.7913043 0.7130435
0.9833333 0.9916667
0.559322 0.5423729
0.1428571 0.2142857
0.5565217 0.4782609
0.5762712 0.661017
0.6355932 0.5084746
0.2333333 0.3
0.53125 0.578125
0.7913043 0.7478261
0.008333333 0.03333333
0.04761905 0.07142857
0.2 0.1333333
0.2619048 0.2380952
0.720339 0.6864407
0.6 0.5913043
0.1984127 0.1746032
0.5491803 0.5901639
0.9491525 0.9661017
0.2608696 0.2173913
0.8166667 0.9416667
0.6782609 0.8956522
0.3416667 0.5333333
1 0.9833333
0.8434783 0.8956522
0.4152542 0.4067797
0.3730159 0.3095238
0.1666667 0.08333333
0.1166667 0.075
0.3220339 0.3389831
0.3095238 0.2698413
0.7916667 0.8083333
0.5043478 0.5304348
0.976378 0.9370079
0.9416667 0.975
1 0.9916667
0.2377049 0.3032787
0.06779661 0.05932203
0.04761905 0.07142857
0.7913043 0.8347826
0.03125 0.0078125
0.4262295 0.3278689
0.01694915 0.01694915
0.4782609 0.4869565
0.1355932 0.1186441
0.2377049 0.1639344
0.8661417 0.7952756
0.2622951 0.3442623
0.3416667 0.225
0.07086614 0.03937008
0.4333333 0.5416667
0.9833333 0.8166667
0.7559055 0.7165354
0.2173913 0.2086957
0.9508197 0.9344262
0.7652174 0.7217391
0.5793651 0.5555556
0.9448819 0.9212598
0.08695652 0.04347826
0.795082 0.852459
0.7166667 0.7916667
0.4920635 0.6746032
