0.75 0.6612903
0.192 0.184
0.7741935 0.6612903
0.4516129 0.4919355
0.08064516 0.08064516
0.9495798 0.97479
0.1612903 0.3225806
0.6016949 0.4661017
0.7096774 0.8709677
0.6752137 0.7777778
0.2295082 0.3360656
0.1085271 0.08527132
0.704918 0.8442623
0.5658915 0.5968992
0.4322034 0.6525424
0.3953488 0.3953488
0.4180328 0.4590164
0.4067797 0.4322034
0.1779661 0.1694915
0.4369748 0.5378151
0.6209677 0.6370968
0.6693548 0.6370968
0.7131783 0.8294574
0.2580645 0.3064516
0.1065574 0.1229508
0.8461538 0.991453
0.2991453 0.1880342
0.5806452 0.6209677
0.08870968 0.05645161
0.3474576 0.3135593
0.1311475 0.1639344
0.4596774 0.516129
0.6976744 0.6899225
0.6065574 0.6803279
0.8217054 0.8914729
0.3220339 0.3983051
0.5726496 0.5641026
0 0
0.8717949 0.8717949
0.7213115 0.6721311
0.2661290 0.1693548
0.483871 0.516129
0.4262295 0.4016393
0.5322581 0.5403226
0.3760684 0.4444444
0.7419355 0.8709677
0.768 0.824
0.4262295 0.5491803
0.9344262 0.9836066
0.9915254 0.9915254
0.5983607 0.5901639
0.2377049 0.2213115
0.8548387 0.8225806
0.32 0.16
0.02521008 0.008403361
0.1344538 0.1512605
0.1538462 0.05982906
0.5080645 0.516129
0.3709677 0.4274194
0.704918 0.7213115
0.6854839 0.6370968
0.5483871 0.4032258
0.8606557 0.7131148
0.04918033 0.04098361
0.9193548 0.9354839
0.3278689 0.3688525
0.344 0.352
0.2288136 0.2881356
0.6324786 0.7008547
0.909836 0.8278689
0.2983871 0.4032258
0.6048387 0.4677419
0.9495798 0.8991597
0.792 0.832
0.8067227 0.7394958
0.7647059 0.7394958
0.8220339 0.8559322
0.3548387 0.4032258
0.456 0.568
0.6470588 0.7058824
0.4435484 0.3548387
0.2051282 0.2735043
0.8135593 0.881356
0.6693548 0.5645161
0.09016393 0.08196721
0.1967213 0.2540984
0.5163934 0.5327869
0.1282051 0.1709402
0.6752137 0.7008547
0.7948718 0.8376068
0.2295082 0.2704918
0.2661290 0.4032258
0.864 0.952
0.3813559 0.5338983
0.8387097 0.7903226
0.192 0.136
0.557377 0.5901639
0.9344262 0.909836
0.2393162 0.2393162
0.25 0.2177419
0.2377049 0.3114754
0.2131148 0.2786885
0.2436975 0.2857143
0.8135593 0.7627119
0.2711864 0.3644068
0.8387097 0.8145161
0.8461538 0.8205128
0.9919355 0.9354839
0.9193548 0.9354839
0.942623 0.9672131
0.2857143 0.1260504
0.04273504 0.03418803
0.1355932 0.1101695
0.872 0.76
0.4537815 0.4453782
0.8067227 0.5714286
0.016 0.016
0.6923077 0.6239316
0.2950820 0.3688525
0.06722689 0.06722689
0.6890756 0.6470588
0.4322034 0.5084746
0.656 0.632
0.2542373 0.2542373
0.4745763 0.440678
0.8655462 0.7394958
0.9915966 0.8739496
0 0
0.9159664 0.97479
0.795082 0.8196721
0.1538462 0.1538462
0.8548387 0.8629032
0.1451613 0.2177419
0.8372093 0.9224806
0.7692308 0.6581197
0.3305085 0.3644068
