0.6101695 0.6186441
0.7731092 0.8655462
0.8032787 0.909836
0.4590164 0.3442623
0.5123967 0.677686
0.9663866 0.9663866
0.3559322 0.4745763
0.625 0.5166667
0.736 0.912
0.6218487 0.7478992
0.192 0.28
0.2741935 0.2338710
0.2741935 0.3548387
0.6859504 0.7355372
0.3709677 0.3790323
0.4628099 0.5867769
0.7118644 0.6694915
0.8548387 0.9354839
0.4958678 0.3884298
0.752 0.784
0.376 0.504
0.352 0.448
0.940678 0.898305
0.4545455 0.553719
0.04918033 0.04098361
0.5677966 0.5169492
0.1344538 0.1260504
0.64 0.672
0.16 0.12
0.3253968 0.2698413
0.312 0.416
0.01680672 0.02521008
0.6 0.552
0.7933884 0.8264463
0.6280992 0.8016529
0.07627119 0.06779661
0.2096774 0.1612903
0.07258065 0.1048387
0.9 0.875
0.712 0.712
0.704918 0.6065574
0.544 0.512
0.717742 0.6129032
0.5508475 0.4152542
0.192 0.168
0.547619 0.6428571
0.6693548 0.782258
0.01680672 0.05042017
0.856 0.872
0.8347107 0.9173554
0.8083333 0.675
0.4435484 0.5
0.920635 0.7857143
0.4180328 0.5163934
0.5634921 0.3968254
0.5294118 0.487395
0.4435484 0.4516129
0.1525424 0.1355932
0 0
0.65 0.75
0.516129 0.4435484
0.6190476 0.6349206
0.9583333 0.95
0.6186441 0.6525424
0.9516129 0.9193548
0.2644628 0.1818182
0.1652893 0.2231405
0.6583333 0.7083333
0.4369748 0.2436975
0.8306452 0.8870968
0.02419355 0.03225806
0.2184874 0.2352941
0.9916667 0.9916667
0.7622951 0.7622951
0.8032787 0.7622951
0.8809524 0.8412698
0.838983 0.9237288
0.275 0.2666667
0.3888889 0.4444444
0.3064516 0.3064516
0.5677966 0.6186441
0.2213115 0.2213115
0.6 0.6333333
0.56 0.504
0.168 0.192
0.096 0.096
0.2542373 0.1949153
0.4789916 0.4369748
0.8220339 0.9745763
0.8114754 0.8032787
0.2916667 0.2333333
0.1904762 0.1587302
0.9 0.8583333
0.4876033 0.4380165
0.4758065 0.5887097
0.3253968 0.2222222
0.376 0.416
0.5564516 0.7096774
0.4453782 0.487395
0.2268908 0.2184874
0.1290323 0.1451613
0.2118644 0.1610169
0.016 0.024
0.5080645 0.5
0.5916667 0.4083333
0.704 0.808
0.5338983 0.5169492
0.984 0.952
0.8606557 0.8196721
0.920635 0.9047619
0.3109244 0.2352941
0.3898305 0.4322034
0.3966942 0.2479339
0.8135593 0.720339
0.1967213 0.1803279
0.5702479 0.8016529
0.1290323 0.1693548
0.2975207 0.3884298
0.1916667 0.2416667
0.125 0.1416667
0.512605 0.5042017
0.3387097 0.2661290
0.6198347 0.4628099
0.4918033 0.3442623
0.815126 0.6554622
0.472 0.424
0.5655738 0.6721311
0.4453782 0.4285714
0.9916667 0.95
0.4067797 0.4661017
0.2822581 0.2177419
0.9919355 0.983871
0.1803279 0.1803279
0.9516129 0.983871
0.85 0.7916667
0.3529412 0.4033613
