0.768595 0.768595
0.3719008 0.2727273
0.9067797 0.9661017
0.4576271 0.5762712
0.232 0.304
0.9256198 0.9421488
0.3196721 0.3934426
0.4754098 0.4016393
0.7540984 0.8770492
0.8688525 0.9344262
0.3174603 0.2222222
0.6016949 0.5
0.5950413 0.5454545
0.24 0.152
0.3223140 0.3471074
0.3015873 0.3412698
0.4471545 0.4634146
0.6525424 0.7457627
0.4 0.36
0.3135593 0.2542373
0.8442623 0.7868852
0.4237288 0.4237288
0.9344262 0.8770492
0.1239669 0.1983471
0.2950820 0.3114754
0.8333333 0.8095238
0.0661157 0.04958678
0.5555556 0.5396825
0.04237288 0.04237288
0.1953125 0.28125
0.0661157 0.04958678
0.02542373 0.02542373
0.8474576 0.8135593
0.8135593 0.7033898
0.6525424 0.7372881
0.05737705 0.04098361
0.768 0.72
0.2561983 0.2892562
0.5289256 0.5619835
0.7540984 0.7377049
0.1779661 0.1101695
0.5 0.4590164
0.6260163 0.7642276
0.8220339 0.6525424
0.09322034 0.1101695
0.5338983 0.5338983
0.6311475 0.557377
0.07627119 0.1101695
0.984 0.944
0.9672131 0.8688525
0.6016949 0.5
0.7288136 0.7627119
0.5772358 0.6178862
0.1900826 0.09917355
0.1900826 0.05785124
0 0
0.140625 0.171875
0.1239669 0.0661157
0.1147541 0.1557377
0.5041322 0.5454545
0.1355932 0.2881356
0.7622951 0.5819672
0.890625 0.8359375
0.4508197 0.4918033
0.9491525 0.9830508
0.3220339 0.3220339
0.2479339 0.2727273
0.720339 0.8050847
0.2734375 0.25
0.952 0.936
0.296875 0.28125
0.1475410 0.1229508
0.8196721 0.8688525
0.8347107 0.8429752
0.8220339 0.881356
0.796748 0.8292683
0.8852459 0.9344262
0.5123967 0.6363636
0.6229508 0.647541
0.4710744 0.5454545
0.2396694 0.2727273
0.3414634 0.495935
0.6280992 0.6198347
0.4491525 0.4152542
0.279661 0.3474576
0.4 0.36
0.4308943 0.3333333
0.2857143 0.2698413
0.9504132 0.9421488
0.5121951 0.6504065
0.3305085 0.2288136
0.2314050 0.4049587
0.9338843 0.892562
0.5163934 0.5819672
0.5983607 0.4590164
0.1652893 0.1570248
0.53125 0.484375
0.8347107 0.8512397
0.4237288 0.4915254
0.03305785 0.04132231
0.2380952 0.3412698
0.05084746 0.04237288
0.04237288 0.04237288
0.5762712 0.6016949
0.3305085 0.2542373
0.6065574 0.5901639
0.2032520 0.1544715
0.8220339 0.881356
0.9285714 0.8968254
0.984 0.904
0.3492063 0.2142857
0.015625 0
0.04132231 0.04958678
0.942623 0.8852459
0.5169492 0.4915254
0.6015625 0.59375
0.1900826 0.1818182
0.6721311 0.5819672
0.3902439 0.4227642
0.495935 0.4796748
0.5365854 0.6829268
0.744 0.72
0.7560976 0.7642276
0.1779661 0.1864407
0.4590164 0.4180328
0.7380952 0.8809524
0.6984127 0.7777778
0.368 0.32
0.9268293 0.9674797
0.704918 0.7377049
0.528 0.456
0.909836 0.8770492
0.04132231 0.04958678
0.8512397 0.876033
0.8559322 0.881356
0.5508475 0.5084746
