0.3057851 0.4628099
0.387931 0.5517241
0.5862069 0.724138
0.5950413 0.5289256
0.2213115 0.2295082
0.8275862 0.8793103
0.3448276 0.3275862
0.2727273 0.3223140
0.7024793 0.8429752
0.6803279 0.7213115
0.6393443 0.6557377
0.5454545 0.6198347
0.8852459 0.7868852
0.4214876 0.5123967
0.1206897 0.1206897
0.6557377 0.647541
0.6229508 0.5409836
0.8442623 0.9016393
0.5867769 0.7024793
0.6803279 0.5901639
0.3471074 0.2231405
0.1551724 0.1551724
0.848 0.864
0.1015625 0.0703125
0.00862069 0.00862069
0.5491803 0.6147541
0.06349206 0.08730159
0.8188976 0.8503937
0.1065574 0.1147541
0.4251969 0.519685
0 0
0.3275862 0.2586207
0.2327586 0.25
0.3636364 0.3223140
0.7933884 0.7024793
0.07438017 0.08264463
0.1639344 0.1229508
0.3966942 0.4958678
0.5245902 0.557377
0.6982759 0.724138
0.344 0.28
0.734375 0.6015625
0.6904762 0.6269841
0.362069 0.2931034
0.3534483 0.3275862
0.28125 0.1953125
0.7155172 0.6982759
0.3730159 0.2460317
0.8017241 0.9224138
0.9137931 0.974138
0.3730159 0.4047619
0.4126984 0.5
0.6446281 0.5123967
0.3362069 0.4568966
0.4603175 0.3412698
0.046875 0.0390625
0.6446281 0.6942149
0.2857143 0.2936508
0.02586207 0.01724138
0.8 0.768
0.488189 0.5590551
0.5123967 0.4876033
0.8267717 0.8818898
0.5327869 0.4590164
0.9508197 0.8606557
0.2622951 0.3278689
0.3543307 0.3464567
0.6859504 0.7024793
0.07438017 0.08264463
0.736 0.76
0.4310345 0.5172414
0.3965517 0.5172414
0.832 0.888
0.9482759 0.9224138
0.9504132 0.9008264
0.6982759 0.724138
0.5344828 0.5862069
0.04918033 0.08196721
0.2327586 0.3017241
0.816 0.712
0.512 0.464
0.5603448 0.724138
0.9482759 0.974138
0.2068966 0.1551724
0.1338583 0.1417323
0.1171875 0.046875
0.2049180 0.1885246
0.6694215 0.5206612
0.9504132 0.9256198
0.338843 0.5206612
0.4180328 0.4180328
0.2155172 0.2155172
0.775862 0.8706897
0.4344262 0.5819672
0.6115702 0.7024793
0.06034483 0.06034483
0.1065574 0.09836066
0.8677686 0.8264463
0.1885246 0.1475410
0.2809917 0.2561983
0.1724138 0.1637931
0.024 0.048
0.637931 0.5862069
0.909836 0.8770492
0.3057851 0.2809917
0.8793103 0.8275862
0.795082 0.6967213
0.8852459 0.9016393
1 0.9262295
0.9827586 0.9913793
0.1393443 0.1311475
0.1551724 0.1551724
0.1034483 0.1379310
0.88 0.864
0.088 0.072
0.387931 0.4051724
0.5078125 0.4453125
0.2148760 0.1818182
0.5245902 0.5901639
0.04918033 0.09836066
0.5689655 0.5603448
0.6637931 0.5172414
0.4793388 0.6198347
0.25 0.203125
0.7024793 0.661157
0.84 0.856
0.8017241 0.8706897
0.1111111 0.2063492
0.8267717 0.9291339
0.6220472 0.7716535
0.265625 0.296875
0.936508 0.920635
0.1102362 0.1417323
0.9338843 0.892562
0.6465517 0.4913793
0.6859504 0.7024793
