0.17 0.16 0.184 0.238 0.592 0.75 0.814 0.858 0.918 0.94 0.968
0 0 0 0.002 0.016 0.07 0.126 0.266 0.402 0.614 0.69
0.012 0.02 0.05 0.194 0.664 0.914 0.97 0.982 0.972 0.976 0.982
0 0 0 0.002 0.01 0.03 0.062 0.16 0.304 0.506 0.624
0 0 0 0 0 0.002 0.012 0.066 0.166 0.37 0.492
0.014 0.014 0.044 0.224 0.658 0.91 0.952 0.96 0.974 0.982 0.986
0 0 0 0 0 0.002 0.01 0.066 0.166 0.37 0.492
0 0 0 0 0 0.002 0.004 0.034 0.086 0.248 0.36
0.012 0.01 0.034 0.046 0.172 0.44 0.544 0.644 0.742 0.81 0.87
0.004 0.014 0.012 0.122 0.562 0.796 0.876 0.934 0.944 0.968 0.966
0 0 0 0 0 0.008 0.006 0.06 0.188 0.37 0.514
0 0 0 0 0 0 0 0.002 0.002 0.034 0.12
0.034 0.034 0.138 0.38 0.786 0.956 0.97 0.984 0.986 0.996 0.998
0.012 0.022 0.02 0.038 0.154 0.304 0.366 0.532 0.628 0.728 0.82
0 0 0 0 0.008 0.062 0.09 0.202 0.364 0.528 0.66
0.014 0.03 0.07 0.272 0.744 0.91 0.962 0.96 0.98 0.98 0.97
0.008 0.024 0.022 0.084 0.37 0.548 0.66 0.794 0.842 0.87 0.91
0.054 0.074 0.132 0.31 0.774 0.954 0.984 0.984 0.998 0.984 0.986
0.008 0.014 0.026 0.078 0.484 0.738 0.844 0.934 0.95 0.952 0.954
0 0 0 0 0.002 0.022 0.076 0.144 0.26 0.328 0.304
0.038 0.06 0.104 0.266 0.764 0.966 0.994 0.998 1 1 1
0 0 0.006 0.09 0.392 0.678 0.8 0.854 0.896 0.9 0.924
0 0 0.008 0.054 0.336 0.534 0.694 0.742 0.804 0.854 0.868
0 0 0 0 0 0.014 0.022 0.134 0.25 0.462 0.552
0.174 0.22 0.272 0.43 0.852 0.964 0.988 0.992 0.996 0.994 0.988
0.038 0.062 0.124 0.304 0.766 0.942 0.96 0.97 0.986 0.974 0.978
0.01 0.012 0.018 0.114 0.562 0.802 0.864 0.912 0.938 0.952 0.952
0.034 0.022 0.046 0.246 0.678 0.936 0.97 0.982 0.994 0.992 0.994
0.054 0.08 0.158 0.328 0.732 0.916 0.946 0.972 0.974 0.988 0.976
0.012 0.016 0.044 0.132 0.596 0.834 0.908 0.948 0.954 0.966 0.96
0.022 0.036 0.028 0.064 0.176 0.322 0.388 0.578 0.66 0.768 0.84
0 0 0 0.002 0 0 0 0.002 0.002 0.036 0.12
0.034 0.064 0.084 0.234 0.688 0.944 0.98 0.982 0.982 0.994 0.99
0 0 0.008 0.054 0.336 0.532 0.694 0.738 0.804 0.854 0.868
0.016 0.022 0.056 0.198 0.664 0.92 0.97 0.982 0.972 0.976 0.982
0.206 0.276 0.28 0.446 0.85 0.97 0.942 0.962 0.96 0.958 0.962
0.03 0.022 0.032 0.034 0.034 0.05 0.062 0.14 0.262 0.418 0.588
0.064 0.06 0.126 0.336 0.748 0.94 0.99 0.994 0.992 0.992 0.998
0.006 0.012 0.034 0.132 0.574 0.89 0.95 0.982 0.97 0.962 0.974
0.198 0.18 0.184 0.354 0.766 0.932 0.96 0.966 0.982 0.99 0.982
0.064 0.032 0.078 0.178 0.506 0.688 0.768 0.8 0.862 0.848 0.858
0.01 0.014 0.014 0.022 0.02 0.044 0.082 0.138 0.214 0.368 0.356
0.002 0.006 0.074 0.322 0.718 0.91 0.946 0.966 0.974 0.976 0.972
0.012 0.02 0.1 0.35 0.752 0.912 0.934 0.918 0.932 0.954 0.96
0 0 0 0 0 0 0.018 0.068 0.202 0.336 0.496
0.04 0.046 0.062 0.222 0.736 0.948 0.982 0.988 0.992 0.998 1
0.004 0.012 0.022 0.158 0.65 0.842 0.926 0.948 0.962 0.97 0.96
0.084 0.078 0.112 0.184 0.54 0.722 0.79 0.84 0.9 0.926 0.954
0 0 0 0 0.008 0.026 0.074 0.168 0.312 0.488 0.634
0.002 0.01 0.008 0.008 0.016 0.022 0.03 0.154 0.254 0.466 0.556
0.044 0.04 0.082 0.164 0.524 0.712 0.786 0.83 0.888 0.92 0.95
0.002 0.006 0.044 0.238 0.712 0.902 0.906 0.94 0.95 0.928 0.948
0.002 0.002 0.01 0.004 0.004 0.01 0.024 0.076 0.174 0.384 0.498
0 0 0 0 0 0 0.018 0.056 0.212 0.408 0.524
0 0.004 0.014 0.07 0.474 0.728 0.83 0.908 0.946 0.948 0.96
0 0 0 0 0 0 0 0.002 0.004 0.034 0.12
0.11 0.12 0.082 0.108 0.244 0.354 0.44 0.542 0.658 0.774 0.846
0.006 0.018 0.046 0.244 0.734 0.904 0.954 0.952 0.972 0.968 0.962
0.012 0.014 0.038 0.128 0.594 0.834 0.906 0.948 0.954 0.966 0.96
0.236 0.25 0.286 0.4 0.812 0.972 0.988 0.992 0.992 1 0.996
0.014 0.004 0.014 0.056 0.47 0.738 0.862 0.928 0.938 0.978 0.964
0.02 0.038 0.05 0.082 0.36 0.552 0.734 0.816 0.872 0.918 0.926
0 0.002 0.014 0.136 0.584 0.778 0.868 0.89 0.912 0.932 0.946
0.03 0.038 0.036 0.054 0.058 0.034 0.062 0.108 0.182 0.362 0.476
0 0.002 0 0 0 0.014 0.022 0.134 0.25 0.462 0.552
0.006 0.008 0.046 0.238 0.712 0.902 0.91 0.94 0.954 0.928 0.952
0 0 0 0 0 0 0.006 0.052 0.162 0.338 0.484
0.084 0.11 0.086 0.202 0.606 0.908 0.974 0.988 0.996 0.99 0.988
0.072 0.11 0.096 0.108 0.136 0.144 0.188 0.328 0.426 0.608 0.7
0.014 0.02 0.098 0.35 0.754 0.922 0.946 0.958 0.974 0.97 0.976
0.018 0.032 0.088 0.254 0.748 0.924 0.968 0.976 0.986 0.98 0.986
0.134 0.102 0.132 0.188 0.518 0.726 0.818 0.842 0.956 0.962 0.968
0.046 0.062 0.154 0.34 0.752 0.934 0.968 0.978 0.98 0.986 0.984
0 0 0 0.002 0.016 0.07 0.126 0.266 0.402 0.614 0.69
0.038 0.06 0.104 0.266 0.764 0.966 0.994 0.998 1 1 1
0.02 0.046 0.078 0.25 0.748 0.95 0.974 0.984 0.986 0.992 0.994
0 0 0 0 0.008 0.03 0.066 0.108 0.192 0.332 0.324
0.11 0.126 0.112 0.126 0.248 0.4 0.518 0.646 0.758 0.85 0.89
0 0 0 0 0.002 0.022 0.076 0.144 0.26 0.328 0.304
0 0 0 0 0 0.014 0.022 0.134 0.25 0.462 0.552
0 0 0 0.002 0.006 0.04 0.078 0.156 0.256 0.314 0.366
0.46 0.452 0.408 0.554 0.914 0.96 0.964 0.962 0.936 0.942 0.942
0.022 0.038 0.05 0.082 0.36 0.552 0.734 0.816 0.872 0.918 0.926
0 0.002 0 0.004 0 0.002 0.004 0.034 0.086 0.248 0.36
0.012 0.01 0.04 0.224 0.652 0.912 0.952 0.96 0.984 0.984 0.978
0 0 0 0 0.008 0.062 0.09 0.202 0.364 0.528 0.662
0.002 0 0.004 0.074 0.37 0.674 0.788 0.846 0.894 0.914 0.932
0.006 0.01 0.014 0.016 0.018 0.024 0.038 0.036 0.04 0.074 0.162
0 0 0 0 0.008 0.026 0.068 0.142 0.34 0.512 0.61
0.082 0.1 0.128 0.226 0.708 0.914 0.974 0.984 0.996 0.992 0.994
0.044 0.044 0.076 0.152 0.586 0.83 0.91 0.952 0.97 0.976 0.98
0.014 0.012 0.024 0.178 0.642 0.864 0.926 0.954 0.976 0.978 0.986
0.012 0.008 0.046 0.248 0.714 0.906 0.91 0.946 0.952 0.934 0.954
0 0 0 0 0.008 0.062 0.09 0.202 0.364 0.528 0.66
0 0 0 0.002 0.008 0.024 0.07 0.132 0.236 0.354 0.358
0.034 0.056 0.062 0.112 0.384 0.638 0.72 0.838 0.882 0.914 0.938
0.002 0.016 0.02 0.136 0.586 0.784 0.872 0.904 0.926 0.95 0.96
0.008 0.004 0.034 0.184 0.652 0.886 0.944 0.942 0.962 0.97 0.98
0 0 0 0 0.002 0 0.026 0.056 0.114 0.244 0.272
0.002 0.01 0.044 0.218 0.706 0.914 0.94 0.95 0.94 0.968 0.966
0 0 0 0.002 0 0.024 0.064 0.134 0.25 0.332 0.328
0.014 0.03 0.056 0.284 0.78 0.97 0.986 0.994 0.994 0.998 0.992
0 0 0 0 0.004 0.026 0.072 0.132 0.26 0.47 0.596
0.004 0.006 0.032 0.182 0.662 0.878 0.92 0.93 0.942 0.95 0.958
0.012 0.018 0.02 0.016 0.036 0.028 0.068 0.1 0.176 0.204 0.262
0.012 0.01 0.042 0.262 0.746 0.95 0.96 0.97 0.988 0.984 0.978
0 0 0 0 0 0 0.018 0.056 0.212 0.408 0.524
0.076 0.072 0.106 0.274 0.69 0.886 0.936 0.966 0.982 0.972 0.974
0.026 0.028 0.044 0.138 0.474 0.748 0.84 0.89 0.922 0.932 0.944
0.044 0.082 0.09 0.226 0.652 0.844 0.918 0.944 0.952 0.958 0.972
0 0.014 0.016 0.13 0.584 0.784 0.87 0.9 0.926 0.95 0.96
0.002 0.008 0.02 0.054 0.336 0.532 0.712 0.798 0.86 0.904 0.918
0.1 0.118 0.148 0.232 0.614 0.832 0.906 0.94 0.972 0.97 0.984
0.028 0.038 0.054 0.216 0.73 0.938 0.972 0.982 0.988 0.994 0.99
0 0.002 0.014 0.136 0.584 0.778 0.868 0.89 0.912 0.932 0.946
0.046 0.036 0.032 0.038 0.078 0.13 0.196 0.306 0.452 0.594 0.696
0 0 0 0 0 0.008 0.006 0.06 0.188 0.37 0.514
0 0 0 0 0 0.002 0.004 0.05 0.172 0.352 0.506
0.292 0.284 0.342 0.5 0.808 0.922 0.886 0.89 0.904 0.888 0.902
0.138 0.166 0.14 0.138 0.158 0.182 0.238 0.35 0.472 0.66 0.746
0.012 0.034 0.03 0.034 0.03 0.03 0.062 0.112 0.172 0.312 0.374
0.004 0.004 0.004 0.006 0.002 0.012 0.028 0.062 0.12 0.25 0.282
0.134 0.124 0.14 0.282 0.74 0.836 0.856 0.826 0.832 0.822 0.828
0.016 0.026 0.036 0.202 0.694 0.91 0.92 0.912 0.952 0.94 0.966
0.238 0.26 0.306 0.444 0.788 0.858 0.832 0.794 0.756 0.744 0.754
0 0 0 0.002 0.016 0.07 0.126 0.266 0.402 0.614 0.69
0 0 0 0 0 0.01 0.048 0.072 0.154 0.176 0.246
0.184 0.206 0.202 0.312 0.73 0.902 0.952 0.984 0.976 0.982 0.988
0.17 0.16 0.184 0.238 0.592 0.75 0.814 0.858 0.918 0.94 0.968
0.01 0.008 0.046 0.188 0.668 0.918 0.97 0.972 0.972 0.99 0.992
0 0 0 0 0 0 0 0.002 0.002 0.034 0.12
0.318 0.36 0.416 0.47 0.784 0.93 0.93 0.936 0.928 0.934 0.936
0.156 0.19 0.224 0.344 0.772 0.936 0.974 0.968 0.962 0.984 0.982
0 0 0 0 0.008 0.026 0.074 0.168 0.312 0.488 0.634
0 0 0 0 0 0.002 0.004 0.05 0.172 0.352 0.506
0.006 0.006 0.046 0.232 0.702 0.904 0.936 0.942 0.966 0.964 0.96
0.062 0.088 0.1 0.178 0.638 0.878 0.95 0.964 0.974 0.98 0.986
0.01 0.022 0.024 0.142 0.586 0.788 0.878 0.908 0.938 0.962 0.97
0.018 0.028 0.054 0.224 0.684 0.892 0.95 0.984 0.98 0.988 0.988
0.012 0.022 0.02 0.038 0.154 0.304 0.366 0.532 0.628 0.728 0.82
0.024 0.044 0.048 0.164 0.614 0.82 0.906 0.918 0.938 0.96 0.966
0.012 0.018 0.06 0.196 0.668 0.9 0.97 0.972 0.988 0.992 0.994
0.004 0.008 0.022 0.044 0.17 0.434 0.542 0.638 0.738 0.8 0.866
0 0 0 0 0 0.002 0.004 0.034 0.086 0.248 0.36
0.066 0.068 0.086 0.268 0.706 0.914 0.934 0.97 0.97 0.964 0.982
0 0 0 0.002 0.008 0.024 0.07 0.132 0.236 0.354 0.358
0.112 0.128 0.114 0.128 0.254 0.404 0.524 0.65 0.762 0.85 0.892
0.03 0.036 0.03 0.132 0.584 0.828 0.902 0.944 0.962 0.97 0.98
0 0 0 0 0 0 0.018 0.068 0.202 0.336 0.496
0 0 0 0.002 0.006 0.04 0.078 0.156 0.256 0.314 0.366
0.064 0.098 0.094 0.084 0.088 0.136 0.168 0.258 0.438 0.604 0.758
