0.6956522 0.7391304 0.7246377 0.7971014 0.8768116 0.8768116 0.826087 0.7536232 0.731884 0.731884 0.731884
0.1052632 0.2030075 0.1503759 0.2030075 0.1654135 0.2030075 0 0.02255639 0.1278195 0.2105263 0.1729323
0.6090226 0.6090226 0.6165414 0.5413534 0.556391 0.5488722 0.5413534 0.5488722 0.5413534 0.5112782 0.518797
0.7769784 0.884892 0.7913669 0.733813 0.7194245 0.7194245 0.7122302 0.7194245 0.7841727 0.7841727 0.705036
0.2910448 0.380597 0.4029851 0.3656716 0.3358209 0.3432836 0.3507463 0.3656716 0.3656716 0.3656716 0.380597
0.7923077 0.7923077 0.7923077 0.7923077 0.7923077 0.7923077 0.8 0.8 0.7923077 0.7923077 0.7923077
0.9172932 0.7669173 0.8421053 0.8345865 0.7819549 0.8571429 0.8571429 0.8571429 0.924812 0.9398496 0.887218
0.5434783 0.5217391 0.5217391 0.5362319 0.5434783 0.5652174 0.5797101 0.5652174 0.5724638 0.557971 0.5362319
0.4893617 0.4822695 0.4751773 0.4751773 0.4751773 0.4751773 0.4751773 0.4751773 0.4964539 0.4964539 0.4964539
0.8985507 0.8550725 0.8623188 0.8623188 0.8115942 0.7971014 0.8695652 0.8768116 0.942029 0.942029 0.9275362
0.716312 0.7375887 0.6950355 0.6950355 0.6950355 0.6950355 0.6879433 0.6950355 0.7234043 0.7304965 0.7943262
0.05263158 0.09774436 0.02255639 0.01503759 0.1278195 0.02255639 0.1879699 0.05263158 0.2030075 0.05263158 0.1278195
0.593985 0.593985 0.593985 0.5338346 0.5338346 0.5338346 0.5338346 0.5338346 0.5263158 0.5037594 0.5037594
0.7238806 0.738806 0.738806 0.7313433 0.7238806 0.7313433 0.738806 0.738806 0.738806 0.7313433 0.7238806
0.2706767 0.3082707 0.2857143 0.2932331 0.2781955 0.2556391 0.3458647 0.3157895 0.3157895 0.2781955 0.2781955
0.5755396 0.5755396 0.5755396 0.5755396 0.5755396 0.5755396 0.5755396 0.5755396 0.5755396 0.5755396 0.5755396
0.1461538 0.1384615 0.1384615 0.1384615 0.1384615 0.1384615 0.1384615 0.1384615 0.1461538 0.1461538 0.1384615
0.4316547 0.4316547 0.4892086 0.4604317 0.4964029 0.4892086 0.5107914 0.5107914 0.4892086 0.5107914 0.4604317
0.7669173 0.8421053 0.849624 0.9548872 0.9548872 0.9548872 0.962406 0.849624 0.6917293 0.6766917 0.6766917
0.1954887 0.3157895 0.2556391 0.2706767 0.3233083 0.3383459 0.2255639 0.2481203 0.2481203 0.3082707 0.2932331
0.4316547 0.4316547 0.4892086 0.4604317 0.4964029 0.4892086 0.5107914 0.5107914 0.4892086 0.5107914 0.4604317
0.1428571 0.1278195 0.1954887 0.1127820 0.1127820 0.2105263 0.1127820 0.1654135 0.1203008 0.1127820 0.1804511
0.2536232 0.1086957 0.1159420 0.1739130 0.04347826 0.07971014 0.05797101 0.1014493 0.07246377 0 0.1014493
0.9179104 0.858209 0.8656716 0.858209 0.858209 0.858209 0.8656716 0.880597 0.902985 0.8880597 0.8880597
0.2846154 0.3384615 0.3846154 0.4 0.4230769 0.4230769 0.4153846 0.4230769 0.3846154 0.3846154 0.3846154
0.4307692 0.4307692 0.4307692 0.4307692 0.4 0.3923077 0.3923077 0.3923077 0.4307692 0.4307692 0.4307692
0.2857143 0.3383459 0.3609023 0.3533835 0.3609023 0.3533835 0.3007519 0.3308271 0.3458647 0.3533835 0.3383459
0.1729323 0.1428571 0.2932331 0.1879699 0.1578947 0.3157895 0.1879699 0.1654135 0.1654135 0.1278195 0.1503759
0.08270677 0.07518797 0.06766917 0.09022556 0 0 0 0 0.06015038 0.1353383 0.09022556
0.7769784 0.884892 0.7913669 0.733813 0.7194245 0.7194245 0.7122302 0.7194245 0.7841727 0.7841727 0.705036
0.1044776 0.01492537 0 0 0 0 0 0.05223881 0 0.05223881 0
0.4285714 0.4285714 0.4360902 0.4285714 0.4285714 0.4285714 0.4285714 0.4285714 0.4736842 0.4736842 0.4736842
0.1449275 0.0942029 0.2246377 0.07246377 0.07971014 0.2101449 0.1811594 0.1449275 0.1231884 0 0.1231884
0.1914894 0.2553191 0.04964539 0.1702128 0.2553191 0.2624113 0.2127660 0.1773050 0.1631206 0.2127660 0.1418440
0.7230769 0.7307692 0.7307692 0.7230769 0.7307692 0.7307692 0.7307692 0.7307692 0.7307692 0.7307692 0.7307692
0.1428571 0.1578947 0.1879699 0.1654135 0.2406015 0.2706767 0.2105263 0.2105263 0.2030075 0.1954887 0.2105263
0.3093525 0.1654676 0.1870504 0.2589928 0.1942446 0.1870504 0.2086331 0.2302158 0.2805755 0.2589928 0.1870504
0.05263158 0.09774436 0.02255639 0.01503759 0.1278195 0.02255639 0.1879699 0.05263158 0.2030075 0.05263158 0.1278195
0.5942029 0.5942029 0.5942029 0.5942029 0.5 0.5 0.5 0.5 0.4927536 0.5 0.5
0.8923077 0.9 0.9076923 0.9076923 0.9076923 0.9076923 0.9076923 0.9076923 0.8538462 0.8307692 0.8153846
0.3165468 0.2805755 0.294964 0.294964 0.294964 0.2877698 0.2805755 0.2877698 0.2877698 0.2877698 0.2805755
0.8076923 0.823077 0.8538462 0.823077 0.823077 0.8384615 0.8461538 0.8538462 0.9461538 0.9461538 0.9384615
0.381295 0.2014388 0.2302158 0.3021583 0.2733813 0.2374101 0.2446043 0.294964 0.294964 0.2877698 0.3021583
0.1954887 0.2556391 0.2556391 0.2857143 0.3233083 0.3233083 0.2105263 0.2481203 0.2481203 0.2857143 0.2857143
0.2481203 0.2932331 0.2631579 0.2706767 0.2706767 0.2706767 0.2781955 0.2706767 0.2932331 0.2706767 0.2706767
0.4637681 0.4565217 0.4492754 0.4492754 0.4492754 0.4492754 0.4492754 0.4492754 0.4275362 0.4202899 0.4275362
0.7537313 0.738806 0.738806 0.7313433 0.7238806 0.7313433 0.738806 0.738806 0.7313433 0.7313433 0.7238806
0.9280576 0.8345324 0.8489209 0.8633094 0.8417266 0.8417266 0.8417266 0.9280576 0.9208633 0.9208633 0.9280576
0.6014493 0.6014493 0.6014493 0.6014493 0.5144928 0.5144928 0.5144928 0.5144928 0.5072464 0.5144928 0.5144928
0.5746269 0.4701493 0.4850746 0.4552239 0.4552239 0.4328358 0.4477612 0.4328358 0.4477612 0.4328358 0.4328358
0.3082707 0.3609023 0.3533835 0.3458647 0.3609023 0.3609023 0.3533835 0.3533835 0.3609023 0.3609023 0.3609023
0.6015038 0.6015038 0.6090226 0.6090226 0.6090226 0.6090226 0.6090226 0.6090226 0.6090226 0.6015038 0.6090226
0.8731343 0.8283582 0.8059701 0.7985075 0.7985075 0.8059701 0.8134328 0.8208955 0.977612 0.977612 0.977612
0.7971014 0.8550725 0.8623188 0.8623188 0.8043478 0.7971014 0.7971014 0.8695652 0.9275362 0.9347826 0.9275362
0.4962406 0.481203 0.4887218 0.5112782 0.5037594 0.5037594 0.5037594 0.5037594 0.5112782 0.5037594 0.5112782
0.6384615 0.6307692 0.6307692 0.6230769 0.6230769 0.6153846 0.6230769 0.6153846 0.6230769 0.6230769 0.6230769
0.3165468 0.2805755 0.294964 0.294964 0.294964 0.2877698 0.2805755 0.2877698 0.2877698 0.2877698 0.2805755
0.3383459 0.1578947 0.1428571 0.1879699 0.2105263 0.1353383 0.2631579 0.2180451 0.2030075 0.2255639 0.2030075
0.5037594 0.518797 0.481203 0.5037594 0.5037594 0.5037594 0.5037594 0.5037594 0.5037594 0.5037594 0.5037594
0.7443609 0.7443609 0.7443609 0.7443609 0.7443609 0.7443609 0.7443609 0.7443609 0.7443609 0.7443609 0.6616541
0.4285714 0.4210526 0.406015 0.406015 0.406015 0.406015 0.406015 0.406015 0.3759398 0.3834586 0.3834586
0.3165468 0.2805755 0.294964 0.294964 0.294964 0.2877698 0.2805755 0.2877698 0.2877698 0.2877698 0.2805755
0.647482 0.6618705 0.6546763 0.6546763 0.6546763 0.6115108 0.6043165 0.6115108 0.6546763 0.6546763 0.6546763
0.8 0.8153846 0.8 0.8 0.8 0.8 0.7923077 0.7923077 0.8076923 0.8307692 0.8153846
0.4100719 0.3884892 0.381295 0.3597122 0.3741007 0.3884892 0.3741007 0.4100719 0.4172662 0.3884892 0.3741007
0.9179104 0.858209 0.8656716 0.858209 0.858209 0.858209 0.8656716 0.880597 0.902985 0.8880597 0.8880597
0.3383459 0.1578947 0.1428571 0.1879699 0.2105263 0.1353383 0.2631579 0.2180451 0.2030075 0.2255639 0.2030075
0.8923077 0.9 0.923077 0.923077 0.923077 0.923077 0.923077 0.923077 0.8615385 0.8307692 0.8153846
0.3381295 0.352518 0.3453237 0.3453237 0.3309353 0.3093525 0.294964 0.3165468 0.3453237 0.3021583 0.294964
0.3609023 0.3383459 0.3308271 0.3759398 0.3759398 0.3984962 0.3759398 0.3834586 0.3383459 0.3383459 0.3458647
0.4586466 0.443609 0.443609 0.4511278 0.4511278 0.4586466 0.4511278 0.4511278 0.4210526 0.4285714 0.4210526
0.03597122 0.08633094 0.04316547 0.08633094 0 0.05755396 0.05755396 0.05755396 0.08633094 0.08633094 0.04316547
0.647482 0.647482 0.647482 0.6546763 0.6546763 0.6546763 0.6115108 0.589928 0.6043165 0.589928 0.6043165
0.381295 0.2014388 0.2302158 0.3021583 0.2733813 0.2374101 0.2446043 0.294964 0.294964 0.2877698 0.3021583
0.2706767 0.2481203 0.1804511 0.2932331 0.2406015 0.1353383 0.3007519 0.2706767 0.2857143 0.2857143 0.2706767
0.6616541 0.6691729 0.6691729 0.6691729 0.6691729 0.6691729 0.6766917 0.6691729 0.6466165 0.6466165 0.6691729
0.6690647 0.6546763 0.6618705 0.6546763 0.6618705 0.6618705 0.618705 0.5971223 0.6115108 0.589928 0.6115108
0.7801418 0.8156028 0.8652482 0.964539 0.964539 0.964539 0.9007092 0.7801418 0.7588652 0.787234 0.7234043
0.8129496 0.7841727 0.8345324 0.8345324 0.76259 0.76259 0.76259 0.8489209 0.913669 0.913669 0.913669
0.7730496 0.7801418 0.787234 0.7234043 0.7234043 0.716312 0.7092199 0.7092199 0.7588652 0.787234 0.7234043
0 0.1503759 0.2105263 0.04511278 0.2406015 0.1729323 0.2406015 0.2180451 0.2180451 0.1729323 0.2030075
0.4964029 0.4964029 0.4676259 0.4892086 0.4892086 0.4892086 0.4892086 0.4820144 0.4820144 0.4820144 0.4892086
0.9179104 0.858209 0.8656716 0.858209 0.858209 0.858209 0.8656716 0.8880597 0.902985 0.8880597 0.8880597
0.3758865 0.3758865 0.3758865 0.3758865 0.3829787 0.3758865 0.3829787 0.3758865 0.3758865 0.3687943 0.3758865
0.6616541 0.6616541 0.7368421 0.6691729 0.6616541 0.6691729 0.7443609 0.6917293 0.7593985 0.7518797 0.7593985
0.2846154 0.3384615 0.3846154 0.4 0.4230769 0.4230769 0.4153846 0.4230769 0.3846154 0.3846154 0.3846154
0.4328358 0.5074627 0.5074627 0.5074627 0.5074627 0.5074627 0.5074627 0.5074627 0.5074627 0.4776119 0.4776119
0.7819549 0.81203 0.7894737 0.7443609 0.7593985 0.7593985 0.7669173 0.7518797 0.7669173 0.7518797 0.6691729
0.6766917 0.6917293 0.6842105 0.6917293 0.8571429 0.7593985 0.7669173 0.7067669 0.6917293 0.6917293 0.6917293
0.1151079 0.04316547 0.02877698 0.02877698 0.03597122 0.09352518 0.05755396 0 0 0.02877698 0.09352518
0.1692308 0.1384615 0.1384615 0.1384615 0.1384615 0.1384615 0.1384615 0.1384615 0.1384615 0.1384615 0.1384615
0.3880597 0.08208955 0.1044776 0.05970149 0.05970149 0 0.03731343 0 0.05970149 0 0
0.7122302 0.6978417 0.7266187 0.6978417 0.6906475 0.705036 0.7841727 0.7122302 0.7122302 0.705036 0.6978417
0.6170213 0.6241135 0.6312057 0.6170213 0.6312057 0.6312057 0.6312057 0.6382979 0.6312057 0.6382979 0.6312057
0.7461538 0.7538462 0.7461538 0.7461538 0.7384615 0.7384615 0.7307692 0.7307692 0.7384615 0.7384615 0.7461538
0.2706767 0.3082707 0.2857143 0.2932331 0.2781955 0.2556391 0.3458647 0.3157895 0.3157895 0.2781955 0.2781955
0.7669173 0.8421053 0.849624 0.9548872 0.9548872 0.9548872 0.962406 0.849624 0.6917293 0.6766917 0.6766917
0.4460432 0.5035971 0.4964029 0.4964029 0.5251799 0.5251799 0.5251799 0.5251799 0.5251799 0.5251799 0.5251799
0.4244604 0.4244604 0.4244604 0.4244604 0.4244604 0.4244604 0.4244604 0.4244604 0.4244604 0.4244604 0.4244604
0.2014925 0.2537313 0.2611940 0.2611940 0.1492537 0.1567164 0.2164179 0.1492537 0.2089552 0.1492537 0.2089552
0.8923077 0.9 0.923077 0.9307692 0.9461538 0.9307692 0.923077 0.923077 0.8615385 0.8307692 0.8153846
0.1846154 0.1846154 0.1769231 0.1846154 0.1769231 0.1923077 0.1846154 0.1769231 0.1846154 0.1923077 0.1769231
0.7801418 0.8156028 0.8652482 0.964539 0.964539 0.964539 0.9078014 0.7801418 0.7588652 0.787234 0.7234043
0.3358209 0.2910448 0.3134328 0.2611940 0.1716418 0.2313433 0.2462687 0.1791045 0.2238806 0.2388060 0.2388060
0.7443609 0.7443609 0.7443609 0.7443609 0.7443609 0.7443609 0.7443609 0.7443609 0.7443609 0.7443609 0.6616541
0.1729323 0.1428571 0.2932331 0.1879699 0.1578947 0.3157895 0.1879699 0.1654135 0.1654135 0.1278195 0.1503759
0.7841727 0.8345324 0.8417266 0.9280576 0.9280576 0.8633094 0.8561151 0.76259 0.7553957 0.7122302 0.7122302
0.3550725 0.3405797 0.3768116 0.3405797 0.384058 0.3623188 0.3115942 0.3550725 0.3695652 0.3550725 0.3768116
0.9172932 0.7669173 0.8421053 0.8345865 0.7819549 0.8571429 0.8571429 0.8571429 0.924812 0.9398496 0.887218
0.5179856 0.5323741 0.5323741 0.5323741 0.5323741 0.5323741 0.5251799 0.5251799 0.5395683 0.5323741 0.5395683
0.3609023 0.1654135 0.1052632 0.1879699 0.1879699 0.09022556 0.2105263 0.1954887 0.1804511 0.2030075 0.1127820
0.05263158 0.09774436 0.02255639 0.01503759 0.1278195 0.02255639 0.1879699 0.05263158 0.2030075 0.05263158 0.1278195
0.4316547 0.4316547 0.4892086 0.4604317 0.4964029 0.4892086 0.5107914 0.5107914 0.4892086 0.5107914 0.4604317
0.406015 0.3157895 0.3082707 0.2255639 0.1578947 0.3157895 0.1654135 0.1654135 0.1654135 0.2481203 0.1503759
0.5413534 0.443609 0.443609 0.4285714 0.4210526 0.4285714 0.4285714 0.4360902 0.443609 0.443609 0.4135338
0.4887218 0.481203 0.481203 0.4736842 0.4887218 0.481203 0.481203 0.4962406 0.5037594 0.5338346 0.5338346
0.8985507 0.8550725 0.8623188 0.8623188 0.8115942 0.7971014 0.8695652 0.8768116 0.942029 0.942029 0.9275362
0.7461538 0.7461538 0.7461538 0.7461538 0.7384615 0.7384615 0.7307692 0.7307692 0.7384615 0.7615385 0.7461538
0.03597122 0.1366906 0.1510791 0.2446043 0.1942446 0.07194245 0.1870504 0.2805755 0.1870504 0.1870504 0.1151079
0.8705036 0.8129496 0.7266187 0.7194245 0.7194245 0.7194245 0.733813 0.7410072 0.7482014 0.8129496 0.8057554
0.8923077 0.9 0.923077 0.923077 0.923077 0.923077 0.923077 0.923077 0.8615385 0.8307692 0.8153846
0.8705036 0.7769784 0.705036 0.7122302 0.705036 0.705036 0.705036 0.7122302 0.6978417 0.6978417 0.6978417
0.2846154 0.3384615 0.3846154 0.3923077 0.3923077 0.4076923 0.4076923 0.4076923 0.3846154 0.3846154 0.3846154
0.5223881 0.5373134 0.5298507 0.5223881 0.5298507 0.5223881 0.5298507 0.5298507 0.5298507 0.4925373 0.5
0.2706767 0.3082707 0.2857143 0.2932331 0.2781955 0.2556391 0.3458647 0.3157895 0.3157895 0.2781955 0.2781955
0.03597122 0.1366906 0.05755396 0.05755396 0.05755396 0.0647482 0.05755396 0.05755396 0.0647482 0.07913669 0.05755396
0.556391 0.556391 0.4887218 0.4661654 0.4661654 0.4661654 0.4661654 0.443609 0.4285714 0.406015 0.4210526
0.7910448 0.9328358 0.9328358 0.9328358 0.9328358 0.9328358 0.9328358 0.858209 0.8134328 0.7910448 0.7835821
0.1914894 0.2553191 0.04964539 0.1702128 0.2553191 0.2624113 0.2127660 0.1773050 0.1631206 0.2127660 0.1418440
0.5864662 0.5864662 0.5864662 0.5864662 0.593985 0.593985 0.593985 0.593985 0.5864662 0.5864662 0.5864662
0.3550725 0.3405797 0.3768116 0.3405797 0.384058 0.3623188 0.3115942 0.3550725 0.3695652 0.3550725 0.3768116
0.7819549 0.81203 0.7894737 0.7443609 0.7593985 0.7593985 0.7669173 0.7518797 0.7669173 0.7518797 0.6691729
0 0.03007519 0.03759398 0.05263158 0.04511278 0.05263158 0 0.04511278 0.04511278 0 0
0.03597122 0.1366906 0.05755396 0.0647482 0.07194245 0.1510791 0.0647482 0.0647482 0.0647482 0.07913669 0.05755396
0.7443609 0.7443609 0.7443609 0.7443609 0.7443609 0.7443609 0.7443609 0.7443609 0.7443609 0.7443609 0.6616541
0.2105263 0.1654135 0.1278195 0.2406015 0.2105263 0.1353383 0.2631579 0.2330827 0.2330827 0.1578947 0.1954887
0.2330827 0.1428571 0.1578947 0.2255639 0.2406015 0.1729323 0.1879699 0.1503759 0.2030075 0.1127820 0.1353383
0.5179856 0.5323741 0.5323741 0.5323741 0.5323741 0.5323741 0.5251799 0.5251799 0.5323741 0.5323741 0.5323741
0.1343284 0.01492537 0.03731343 0 0 0.07462687 0.05970149 0.07462687 0 0.05223881 0
0.2846154 0.3384615 0.3846154 0.4 0.4230769 0.4230769 0.4153846 0.4230769 0.3846154 0.3846154 0.3846154
0.4586466 0.4511278 0.4511278 0.443609 0.4511278 0.4511278 0.4511278 0.4736842 0.4661654 0.4661654 0.4661654
0.1079137 0.02158273 0.1079137 0.1079137 0.1079137 0.08633094 0.09352518 0.1079137 0.1079137 0.1079137 0.1079137
0.2706767 0.3157895 0.3082707 0.3082707 0.3157895 0.3082707 0.3082707 0.3082707 0.3233083 0.3082707 0.3233083
0.913669 0.9280576 0.8489209 0.8489209 0.7841727 0.7841727 0.7913669 0.9280576 0.9208633 0.942446 0.9208633
0.07518797 0.07518797 0.07518797 0.07518797 0.07518797 0.07518797 0.07518797 0.07518797 0.07518797 0.07518797 0.07518797
0.826087 0.9347826 0.9565217 0.9637681 0.9565217 0.9637681 0.9565217 0.9565217 0.8115942 0.7826087 0.7826087
0.6595745 0.6737589 0.6666667 0.6666667 0.6666667 0.6666667 0.6595745 0.6595745 0.6666667 0.6666667 0.6666667
0.5538462 0.5692308 0.5538462 0.5692308 0.5538462 0.5615385 0.5615385 0.5692308 0.5615385 0.5538462 0.5461538
0.7697842 0.7697842 0.8273381 0.8273381 0.7553957 0.7553957 0.7482014 0.7697842 0.9064748 0.9064748 0.9064748
0.8923077 0.9 0.923077 0.9307692 0.9461538 0.9307692 0.923077 0.923077 0.8615385 0.8307692 0.8153846
0.7238806 0.7238806 0.7313433 0.7313433 0.7238806 0.7313433 0.738806 0.738806 0.738806 0.7313433 0.7238806
