0.7266187 0.705036 0.6978417 0.6978417 0.6978417 0.6978417 0.76259 0.7122302 0.7194245 0.6978417 0.6978417
0.1594203 0.1304348 0.1956522 0.1666667 0.1159420 0.1376812 0.1231884 0.1159420 0.1304348 0.1304348 0.1304348
0.6131387 0.6131387 0.6131387 0.620438 0.5328467 0.5328467 0.5328467 0.5328467 0.5109489 0.4890511 0.5036496
0.7697842 0.7769784 0.7697842 0.7697842 0.7697842 0.7769784 0.7122302 0.7697842 0.7697842 0.8561151 0.8561151
0.2686567 0.3955224 0.1492537 0.2985075 0.3283582 0.2985075 0.3731343 0.3955224 0.3656716 0.2537313 0.2835821
0.9126984 0.9126984 0.8571429 0.8571429 0.8095238 0.8571429 0.9126984 0.9126984 0.8730159 0.8730159 0.8809524
0.7984496 0.8217054 0.8139535 0.8062016 0.8139535 0.8139535 0.8139535 0.8139535 0.8139535 0.7829457 0.7131783
0.5116279 0.5348837 0.5116279 0.5193798 0.503876 0.6124031 0.620155 0.620155 0.6046512 0.6046512 0.5968992
0.468254 0.4603175 0.4523810 0.4444444 0.4444444 0.4444444 0.4761905 0.4761905 0.484127 0.5079365 0.5
0.839416 0.8467153 0.8759124 0.8613139 0.8540146 0.8540146 0.8540146 0.8759124 0.8613139 0.8686131 0.8467153
0.7205882 0.6985294 0.6838235 0.6764706 0.6764706 0.6764706 0.6764706 0.6764706 0.6911765 0.6911765 0.6985294
0.01459854 0 0 0 0 0 0.09489051 0 0 0 0
0.6124031 0.627907 0.627907 0.627907 0.627907 0.5503876 0.5503876 0.5581395 0.5503876 0.5426357 0.5426357
0.7380952 0.7619048 0.7460317 0.7460317 0.7380952 0.7380952 0.7460317 0.7460317 0.7539683 0.7380952 0.7539683
0.2919708 0.3357664 0.3357664 0.3357664 0.3284672 0.3284672 0.3065693 0.2043796 0.3065693 0.2335766 0.3430657
0.5736434 0.5813953 0.5968992 0.6124031 0.6124031 0.5271318 0.5348837 0.5426357 0.496124 0.4806202 0.4806202
0.1985816 0.2553191 0.2482270 0.2695035 0.2269504 0.2411348 0.2127660 0.1985816 0.2340426 0.2624113 0.2056738
0.4852941 0.5073529 0.5073529 0.5073529 0.5073529 0.5294118 0.5294118 0.5294118 0.5294118 0.5220588 0.5294118
0.7936508 0.8015873 0.9603175 0.968254 0.9603175 0.968254 0.8730159 0.8809524 0.8095238 0.8015873 0.7857143
0.2116788 0.2262774 0.1751825 0.2189781 0.1532847 0.1459854 0.2481752 0.1532847 0.1532847 0.1605839 0.2116788
0.4728682 0.4806202 0.4806202 0.4806202 0.4806202 0.5891473 0.5891473 0.5348837 0.503876 0.5813953 0.5813953
0.1386861 0.06569343 0.1313869 0.1021898 0.00729927 0.1459854 0.1897810 0.08029197 0.09489051 0.0729927 0.1459854
0.1942446 0.01438849 0.05035971 0.1438849 0.1510791 0.1079137 0.1079137 0.1079137 0.04316547 0 0.0647482
0.822695 0.8085106 0.822695 0.858156 0.8085106 0.8652482 0.7943262 0.8794326 0.9361702 0.893617 0.9361702
0.2573529 0.2867647 0.2720588 0.2941176 0.2573529 0.2941176 0.2720588 0.3676471 0.2720588 0.2720588 0.2867647
0.4263566 0.4263566 0.4263566 0.4341085 0.4263566 0.4341085 0.4418605 0.4341085 0.4263566 0.4263566 0.4263566
0.3134328 0.3731343 0.2611940 0.3134328 0.3507463 0.3955224 0.3880597 0.3656716 0.3880597 0.3507463 0.1791045
0.1240876 0.1167883 0.1021898 0.1459854 0.0729927 0.1094891 0.01459854 0.0729927 0.1240876 0.09489051 0.1751825
0.1102941 0.1102941 0.08088235 0 0.08088235 0.02941176 0 0 0.08088235 0 0.08088235
0.867647 0.7941176 0.7867647 0.7132353 0.7279412 0.7279412 0.7205882 0.7352941 0.7867647 0.867647 0.875
0 0.05882353 0 0 0 0.02941176 0 0 0 0 0
0.4130435 0.4130435 0.4202899 0.4202899 0.4130435 0.4057971 0.4057971 0.4130435 0.442029 0.4275362 0.442029
0.1376812 0.1304348 0.1811594 0.1666667 0.1159420 0.1304348 0.1231884 0.1159420 0.1304348 0.1304348 0.1376812
0.2945736 0.1782946 0 0.2093023 0.248062 0.2093023 0.2170543 0.2558140 0.248062 0.2635659 0.2248062
0.6642336 0.7664234 0.7664234 0.9416058 0.9343066 0.9270073 0.9343066 0.7664234 0.9270073 0.8175182 0.8175182
0.0620155 0.07751938 0.1550388 0.08527132 0.08527132 0.09302326 0.08527132 0.08527132 0.07751938 0.04651163 0.07751938
0.1678832 0.1386861 0.1605839 0.05839416 0.00729927 0.1094891 0.1459854 0.03649635 0.02919708 0.02919708 0.06569343
0.1366906 0.1798561 0 0 0 0 0 0.01438849 0.1007194 0.2014388 0
0.5661765 0.5661765 0.5661765 0.5661765 0.5661765 0.5661765 0.5661765 0.5661765 0.5661765 0.5661765 0.5661765
0.8550725 0.8623188 0.7391304 0.7246377 0.7246377 0.731884 0.7246377 0.731884 0.8188406 0.7971014 0.8043478
0.3088235 0.3088235 0.3161765 0.2720588 0.3088235 0.2794118 0.3014706 0.2279412 0.3088235 0.3088235 0.2720588
0.822695 0.8085106 0.822695 0.858156 0.8156028 0.8652482 0.7943262 0.8794326 0.9503546 0.893617 0.9503546
0.3284672 0.1678832 0.3138686 0.2919708 0.2627737 0.3065693 0.1824818 0.2481752 0.2627737 0.3138686 0.2335766
0.3571429 0.2777778 0.3571429 0.3571429 0.3571429 0.3571429 0.3412698 0.2936508 0.3571429 0.3650794 0.3015873
0.3571429 0.2777778 0.3571429 0.3571429 0.3571429 0.3571429 0.3412698 0.2936508 0.3571429 0.3650794 0.3015873
0.4532374 0.4532374 0.4460432 0.4460432 0.4460432 0.4460432 0.4244604 0.4460432 0.4172662 0.4172662 0.4172662
0.7042254 0.7323944 0.7816901 0.7816901 0.7816901 0.7887324 0.7887324 0.7394366 0.7183099 0.7183099 0.7253521
0.9057971 0.9130435 0.8623188 0.8043478 0.7826087 0.7971014 0.7971014 0.9492754 0.9275362 0.942029 0.9202899
0.6115108 0.6115108 0.6115108 0.6115108 0.6115108 0.6115108 0.618705 0.618705 0.6115108 0.6115108 0.6115108
0.5673759 0.5673759 0.4680851 0.4680851 0.4680851 0.4539007 0.4539007 0.4468085 0.4255319 0.4397163 0.4397163
0.3661972 0.3661972 0.3591549 0.3661972 0.3661972 0.3661972 0.3732394 0.3732394 0.3732394 0.3732394 0.3591549
0.6330935 0.6258993 0.6258993 0.6330935 0.6330935 0.6330935 0.6330935 0.6330935 0.6330935 0.6330935 0.6330935
0.7984496 0.8217054 0.8139535 0.8062016 0.8139535 0.8139535 0.8139535 0.8139535 0.8139535 0.7829457 0.7131783
0.9124088 0.9124088 0.8321168 0.7518248 0.7372263 0.7445255 0.7372263 0.919708 0.839416 0.9051095 0.9124088
0.4926471 0.5147059 0.5073529 0.5073529 0.5073529 0.5294118 0.5294118 0.5294118 0.5294118 0.5367647 0.5367647
0.615942 0.6086957 0.6014493 0.5942029 0.5942029 0.5942029 0.5869565 0.5942029 0.6014493 0.6014493 0.6014493
0.294964 0.3093525 0.2446043 0.05755396 0.05755396 0.05035971 0.05755396 0.0647482 0.1007194 0.2517986 0
0.3432836 0.2238806 0.380597 0.1716418 0.2164179 0.3134328 0.2089552 0.1865672 0.2537313 0.3731343 0.3731343
0.4850746 0.5 0.5 0.5223881 0.5223881 0.5223881 0.5223881 0.5223881 0.5223881 0.5223881 0.5223881
0.729927 0.6715328 0.7445255 0.919708 0.919708 0.919708 0.919708 0.7591241 0.8248175 0.8175182 0.8175182
0.4776119 0.4477612 0.4402985 0.4402985 0.4402985 0.4402985 0.4402985 0.4402985 0.4402985 0.4179104 0.4179104
0.3178295 0.3178295 0.3488372 0.2868217 0.3488372 0.2790698 0.3255814 0.3255814 0.3100775 0.3488372 0.3488372
0.6423358 0.6423358 0.6569343 0.649635 0.6131387 0.6058394 0.6058394 0.6131387 0.6058394 0.620438 0.6423358
0.7686567 0.761194 0.7537313 0.7089552 0.6940299 0.7537313 0.6865672 0.6865672 0.7537313 0.7537313 0.7537313
0.3284672 0.3722628 0.3357664 0.3357664 0.3357664 0.2919708 0.3138686 0.3065693 0.3357664 0.3284672 0.3941606
0.936508 0.9285714 0.8730159 0.8730159 0.8809524 0.8730159 0.920635 0.9285714 0.9285714 0.936508 0.936508
0.04316547 0 0.05035971 0.1438849 0.1510791 0.1079137 0.1079137 0.1079137 0.0647482 0 0.1510791
0.8650794 0.8730159 0.8253968 0.8412698 0.8412698 0.8174603 0.8253968 0.8333333 0.9047619 0.920635 0.9126984
0.3284672 0.3649635 0.3284672 0.3211679 0.3284672 0.2846715 0.2992701 0.2992701 0.2846715 0.2919708 0.3357664
0.3309859 0.3239437 0.3239437 0.3309859 0.3309859 0.3309859 0.3309859 0.3239437 0.3239437 0.2887324 0.3239437
0.4701493 0.4477612 0.4402985 0.4402985 0.4402985 0.4402985 0.4402985 0.4402985 0.4402985 0.4179104 0.4179104
0.09859155 0.05633803 0.0915493 0.07042254 0 0.05633803 0.08450704 0.05633803 0 0.02816901 0
0.6356589 0.5891473 0.5891473 0.5891473 0.5891473 0.503876 0.503876 0.5116279 0.5193798 0.5193798 0.5193798
0.1904762 0.1190476 0.1269841 0.1269841 0.1190476 0.1269841 0.1190476 0.1269841 0.1269841 0.1269841 0.1269841
0.2605634 0.1478873 0.2464789 0.1690141 0.1760563 0.1619718 0.1408451 0.1478873 0.1478873 0.1549296 0.2323944
0.7080292 0.7737226 0.7737226 0.7737226 0.7737226 0.7737226 0.7737226 0.7737226 0.7591241 0.6788321 0.6788321
0.6589147 0.6046512 0.6046512 0.5968992 0.5968992 0.5193798 0.503876 0.5193798 0.5193798 0.5193798 0.5193798
0.7887324 0.8028169 0.9577465 0.9577465 0.9577465 0.9577465 0.9577465 0.859155 0.8028169 0.7816901 0.7816901
0.7829457 0.7829457 0.7829457 0.7829457 0.7829457 0.7829457 0.7829457 0.7829457 0.7829457 0.7829457 0.7131783
0.7816901 0.7746479 0.7183099 0.7112676 0.7112676 0.7183099 0.7112676 0.7183099 0.7887324 0.7816901 0.7816901
0.02985075 0.05970149 0.05970149 0.05970149 0.05970149 0.05970149 0.05970149 0.08208955 0.05970149 0.06716418 0.08208955
0.4761905 0.468254 0.4523810 0.4523810 0.4444444 0.4603175 0.4920635 0.484127 0.484127 0.5079365 0.5
0.9264706 0.9264706 0.8382353 0.8382353 0.8529412 0.7867647 0.8529412 0.9338235 0.9191176 0.9264706 0.9264706
0.3623188 0.3550725 0.3623188 0.3623188 0.3623188 0.3623188 0.3623188 0.3623188 0.3478261 0.3478261 0.3550725
0.6791045 0.6791045 0.6791045 0.6791045 0.6865672 0.6865672 0.6940299 0.6940299 0.6791045 0.6791045 0.6791045
0.1349206 0.2063492 0.1984127 0.1984127 0.1984127 0.1904762 0.1984127 0.2222222 0.2142857 0.2063492 0.2142857
0.4444444 0.4444444 0.4444444 0.5079365 0.5079365 0.5079365 0.5079365 0.5079365 0.4761905 0.4761905 0.4761905
0.7984496 0.8217054 0.8139535 0.8062016 0.8139535 0.8139535 0.8139535 0.8139535 0.8139535 0.7829457 0.7131783
0.6865672 0.6865672 0.6865672 0.6940299 0.7089552 0.6940299 0.761194 0.7089552 0.6940299 0.6940299 0.6865672
0.1085271 0.03100775 0.0620155 0 0 0 0.007751938 0.007751938 0 0 0
0.05426357 0.1550388 0.2248062 0.1162791 0.1162791 0.07751938 0.124031 0.1472868 0.1162791 0.1395349 0.1162791
0.08527132 0 0.0620155 0 0 0 0.007751938 0.007751938 0 0 0
0.716312 0.716312 0.716312 0.7801418 0.8794326 0.7943262 0.8794326 0.7943262 0.7304965 0.7234043 0.7304965
0.618705 0.618705 0.618705 0.6258993 0.618705 0.6258993 0.6258993 0.6258993 0.618705 0.618705 0.618705
0.7380952 0.7619048 0.7460317 0.7460317 0.7380952 0.7380952 0.7460317 0.7460317 0.7539683 0.7380952 0.7539683
0.2919708 0.3357664 0.3357664 0.3357664 0.3284672 0.3284672 0.3065693 0.2043796 0.3065693 0.2335766 0.3430657
0.7936508 0.8015873 0.9603175 0.968254 0.9603175 0.968254 0.8730159 0.8809524 0.8095238 0.8015873 0.7857143
0.5319149 0.5248227 0.5460993 0.5319149 0.5319149 0.5319149 0.5390071 0.5319149 0.5319149 0.5319149 0.5319149
0.4191176 0.4191176 0.4191176 0.3602941 0.4191176 0.4191176 0.4191176 0.4191176 0.4191176 0.4191176 0.4191176
0.2015504 0.2015504 0.2713178 0.2015504 0.1627907 0.1627907 0.1705426 0.1782946 0.1627907 0.1627907 0.1627907
0.8059701 0.9477612 0.9477612 0.9402985 0.9477612 0.9477612 0.9477612 0.858209 0.7910448 0.761194 0.761194
0.2957746 0.1619718 0.2253521 0.1619718 0.1549296 0.1760563 0.1408451 0.1760563 0.1690141 0.1549296 0.1549296
0.7984496 0.8217054 0.8139535 0.8062016 0.8139535 0.8139535 0.8139535 0.8139535 0.8139535 0.7829457 0.7131783
0.3650794 0.2777778 0.3650794 0.3650794 0.3730159 0.3809524 0.3730159 0.3095238 0.3571429 0.3650794 0.3015873
0.6746032 0.6746032 0.6746032 0.6746032 0.6666667 0.6746032 0.6746032 0.6746032 0.6746032 0.6746032 0.6666667
0.3687943 0.1702128 0.2907801 0.2907801 0.2127660 0.2056738 0.1985816 0.2978723 0.1914894 0.1843972 0.2624113
0.7936508 0.8015873 0.8650794 0.9444444 0.9444444 0.8650794 0.8571429 0.8571429 0.8095238 0.8015873 0.7857143
0.3255814 0.3333333 0.3178295 0.3023256 0.3255814 0.3023256 0.2945736 0.2868217 0.2790698 0.3178295 0.3178295
0.822695 0.8085106 0.822695 0.858156 0.8156028 0.8652482 0.7943262 0.8794326 0.9503546 0.893617 0.9503546
0.5 0.5147059 0.5073529 0.5073529 0.5073529 0.5294118 0.5294118 0.5294118 0.5294118 0.5367647 0.5367647
0.3829787 0.2127660 0.2836879 0.2340426 0.1702128 0.1702128 0.1773050 0.2695035 0.1134752 0.1205674 0.2411348
0.1746032 0.2301587 0.2222222 0.1984127 0.2063492 0.2063492 0.2063492 0.2142857 0.2380952 0.2380952 0.2380952
0.4233577 0.4233577 0.4817518 0.5036496 0.5036496 0.5036496 0.5036496 0.5036496 0.4744526 0.4744526 0.4744526
0.3941606 0.270073 0.3065693 0.1459854 0.05839416 0.2189781 0.09489051 0.1167883 0.05839416 0.1313869 0.03649635
0.4761905 0.468254 0.4523810 0.4523810 0.4444444 0.4603175 0.4920635 0.484127 0.484127 0.5079365 0.5
0.4705882 0.4852941 0.4705882 0.4852941 0.4705882 0.4779412 0.4705882 0.4705882 0.5 0.4705882 0.4705882
0.9444444 0.9285714 0.8730159 0.8730159 0.8809524 0.8730159 0.920635 0.9444444 0.9285714 0.936508 0.936508
0.6906475 0.705036 0.7266187 0.6978417 0.6978417 0.6978417 0.76259 0.7122302 0.7194245 0.6978417 0.6978417
0.02898551 0.2536232 0.2173913 0.2318841 0.2753623 0.2898551 0.2898551 0.2898551 0.2898551 0.2898551 0.2898551
0.859155 0.8943662 0.7464789 0.7464789 0.7464789 0.7323944 0.7464789 0.8169014 0.8802817 0.8802817 0.8732394
0.7984496 0.8217054 0.8139535 0.8062016 0.8139535 0.8139535 0.8139535 0.8139535 0.8139535 0.7829457 0.7131783
0.8492063 0.8650794 0.8095238 0.8015873 0.8015873 0.8095238 0.8015873 0.8095238 0.8650794 0.8650794 0.8650794
0.02985075 0.05970149 0.05970149 0.05970149 0.05970149 0.05970149 0.05970149 0.08208955 0.05970149 0.06716418 0.08208955
0.5 0.5 0.5 0.5298507 0.5223881 0.5298507 0.5223881 0.5298507 0.5298507 0.5223881 0.5298507
0.2313433 0.2835821 0.1119403 0.2014925 0.1716418 0.2089552 0.2985075 0.3059701 0.2761194 0.2089552 0.1194030
0.02898551 0.2536232 0.2173913 0.2246377 0.2753623 0.2898551 0.2898551 0.2898551 0.2898551 0.2898551 0.2898551
0.5766423 0.5109489 0.4671533 0.4963504 0.5036496 0.4671533 0.4671533 0.4671533 0.4452555 0.4379562 0.4452555
0.7936508 0.8015873 0.8650794 0.9444444 0.9444444 0.8650794 0.8571429 0.8571429 0.8095238 0.8015873 0.7857143
0.2301587 0.2460317 0.2460317 0.2460317 0.2539683 0.2539683 0.2460317 0.2460317 0.2460317 0.2539683 0.2539683
0.6058394 0.6058394 0.6131387 0.6058394 0.5328467 0.5328467 0.5328467 0.5328467 0.5036496 0.4890511 0.5036496
0.3235294 0.3602941 0.3897059 0.3970588 0.3897059 0.3970588 0.3897059 0.3970588 0.3602941 0.3823529 0.3897059
0.839416 0.8467153 0.8759124 0.8613139 0.8540146 0.8540146 0.8540146 0.8759124 0.8613139 0.8686131 0.8467153
0.02836879 0.02836879 0.04964539 0.04964539 0.06382979 0.04255319 0.04964539 0.04255319 0.04255319 0.04255319 0.07092199
0.02898551 0.2536232 0.2173913 0.2318841 0.2753623 0.2898551 0.2898551 0.2898551 0.2898551 0.2898551 0.2898551
0.6746032 0.6746032 0.6746032 0.6746032 0.6666667 0.6746032 0.6746032 0.6746032 0.6746032 0.6746032 0.6666667
0.1897810 0.270073 0.2189781 0.2262774 0.2919708 0.2335766 0.2554745 0.3065693 0.1751825 0.2481752 0.2335766
0.3283582 0.2537313 0.3507463 0.1940299 0.2537313 0.2164179 0.1567164 0.2089552 0.3134328 0.3283582 0.2462687
0.5 0.5147059 0.5073529 0.5073529 0.5073529 0.5294118 0.5294118 0.5294118 0.5294118 0.5367647 0.5367647
0.1678832 0.1386861 0.1605839 0.05839416 0.00729927 0.1094891 0.1459854 0.03649635 0.02919708 0.02919708 0.06569343
0.007246377 0.1811594 0 0.1159420 0.2173913 0.1739130 0.1666667 0.1666667 0.1666667 0.1739130 0.2173913
0.5149254 0.4701493 0.4552239 0.4552239 0.4552239 0.4552239 0.4626866 0.4626866 0.4776119 0.4776119 0.4776119
0.3722628 0.2627737 0.2846715 0.1459854 0.05839416 0.08759124 0.05839416 0.1021898 0.05839416 0.08759124 0
0.3649635 0.3503650 0.3503650 0.3649635 0.3576642 0.3503650 0.3138686 0.3576642 0.3138686 0.3576642 0.3503650
0.839416 0.8467153 0.8759124 0.8613139 0.8540146 0.8540146 0.8540146 0.8759124 0.8613139 0.8686131 0.8467153
0.2301587 0.2460317 0.2460317 0.2460317 0.2539683 0.2539683 0.2460317 0.2460317 0.2460317 0.2539683 0.2539683
0.789855 0.8115942 0.9492754 0.9565217 0.9710145 0.9637681 0.8913043 0.8695652 0.768116 0.7101449 0.7173913
0.6330935 0.6330935 0.6402878 0.6402878 0.6330935 0.6330935 0.6330935 0.6330935 0.6330935 0.6330935 0.6330935
0.5271318 0.5348837 0.5116279 0.5193798 0.503876 0.6124031 0.620155 0.620155 0.6046512 0.6046512 0.5968992
0.7537313 0.7537313 0.7835821 0.8208955 0.8208955 0.8208955 0.8208955 0.8208955 0.8955224 0.8507463 0.8432836
0.789855 0.8115942 0.9492754 0.9565217 0.9710145 0.9637681 0.8913043 0.8695652 0.768116 0.7101449 0.7173913
0.6642336 0.7591241 0.7664234 0.9416058 0.9343066 0.9270073 0.9343066 0.7664234 0.9270073 0.8175182 0.8175182
