0.058 0.076 0.086 0.152 0.356 0.57 0.678 0.786 0.884 0.926 0.944
0 0 0 0 0.006 0.042 0.066 0.162 0.302 0.52 0.614
0.008 0.006 0.036 0.256 0.698 0.92 0.952 0.98 0.978 0.972 0.972
0 0 0 0 0.01 0.018 0.058 0.16 0.274 0.472 0.622
0 0 0 0 0.002 0 0.022 0.072 0.198 0.384 0.532
0.012 0.02 0.044 0.182 0.702 0.926 0.95 0.966 0.976 0.986 0.986
0 0 0 0 0 0 0.018 0.088 0.208 0.388 0.536
0 0 0 0 0 0.006 0.026 0.052 0.174 0.37 0.52
0.024 0.002 0.018 0.058 0.152 0.29 0.4 0.478 0.492 0.624 0.686
0.012 0.012 0.014 0.128 0.532 0.754 0.832 0.904 0.924 0.93 0.956
0 0 0 0 0 0 0.018 0.088 0.208 0.388 0.536
0 0 0 0 0 0 0 0.012 0.062 0.218 0.368
0.024 0.038 0.094 0.308 0.75 0.938 0.97 0.984 0.99 0.992 0.992
0.01 0.002 0.014 0.022 0.152 0.304 0.356 0.466 0.65 0.756 0.818
0 0 0 0.002 0.01 0.03 0.07 0.094 0.222 0.388 0.494
0.026 0.028 0.102 0.286 0.716 0.89 0.932 0.972 0.958 0.986 0.992
0.012 0.018 0.022 0.036 0.264 0.462 0.616 0.738 0.848 0.876 0.91
0.016 0.02 0.05 0.286 0.728 0.938 0.974 0.986 0.986 0.988 0.986
0.01 0.014 0.03 0.152 0.586 0.856 0.914 0.938 0.958 0.968 0.97
0 0 0 0 0 0.02 0.058 0.114 0.212 0.282 0.288
0.054 0.064 0.064 0.284 0.776 0.98 0.998 1 1 0.998 0.998
0 0 0.004 0.06 0.478 0.748 0.858 0.882 0.93 0.948 0.962
0 0.002 0.004 0.092 0.362 0.604 0.724 0.776 0.844 0.872 0.868
0 0 0 0 0 0.006 0.026 0.052 0.174 0.37 0.52
0.342 0.33 0.32 0.474 0.866 0.978 0.996 0.998 0.992 1 0.996
0.046 0.06 0.122 0.26 0.714 0.926 0.976 0.984 0.974 0.99 0.976
0.008 0 0.008 0.066 0.484 0.754 0.878 0.894 0.946 0.956 0.966
0.032 0.054 0.068 0.23 0.7 0.944 0.982 0.986 0.994 0.998 0.996
0.03 0.058 0.056 0.272 0.76 0.96 0.978 0.982 0.986 0.988 0.992
0.022 0.026 0.062 0.288 0.702 0.904 0.95 0.976 0.97 0.978 0.988
0.05 0.022 0.042 0.048 0.19 0.34 0.41 0.52 0.708 0.802 0.848
0 0 0 0 0 0.002 0.008 0.074 0.182 0.372 0.582
0.09 0.078 0.17 0.386 0.776 0.966 0.988 0.988 0.992 0.992 0.99
0 0.002 0.01 0.104 0.458 0.712 0.802 0.848 0.904 0.912 0.922
0.012 0.006 0.05 0.204 0.65 0.924 0.95 0.958 0.97 0.97 0.956
0.208 0.266 0.314 0.428 0.748 0.932 0.952 0.956 0.962 0.976 0.986
0.064 0.062 0.066 0.064 0.1 0.132 0.116 0.214 0.354 0.534 0.74
0.014 0.038 0.06 0.168 0.606 0.938 0.982 0.998 0.992 1 0.998
0.004 0.026 0.054 0.23 0.67 0.916 0.956 0.948 0.978 0.97 0.978
0.238 0.22 0.286 0.356 0.766 0.962 0.976 0.984 0.988 0.976 0.984
0.026 0.048 0.052 0.096 0.372 0.616 0.77 0.824 0.888 0.92 0.938
0.026 0.036 0.036 0.046 0.076 0.096 0.142 0.23 0.32 0.436 0.466
0.006 0.008 0.072 0.286 0.706 0.92 0.938 0.972 0.954 0.958 0.976
0.022 0.05 0.068 0.156 0.546 0.876 0.932 0.956 0.938 0.954 0.956
0 0 0 0 0 0 0.014 0.078 0.184 0.372 0.516
0.064 0.078 0.144 0.378 0.772 0.966 0.986 0.99 0.998 0.992 0.994
0.008 0.006 0.038 0.172 0.636 0.88 0.948 0.946 0.956 0.976 0.966
0.016 0.02 0.044 0.12 0.41 0.694 0.744 0.824 0.844 0.882 0.892
0 0 0 0 0.006 0.06 0.104 0.156 0.278 0.472 0.642
0 0 0 0 0.002 0 0 0.006 0.04 0.134 0.278
0.006 0.004 0.02 0.036 0.222 0.404 0.486 0.634 0.774 0.848 0.88
0 0.004 0.024 0.164 0.596 0.85 0.922 0.928 0.926 0.944 0.952
0.004 0.004 0.008 0.008 0.004 0.012 0.03 0.092 0.212 0.394 0.54
0 0 0 0 0 0 0.004 0.022 0.068 0.166 0.324
0.002 0.004 0.014 0.09 0.43 0.716 0.81 0.896 0.946 0.96 0.956
0 0 0 0 0 0 0 0.012 0.062 0.218 0.368
0.098 0.112 0.098 0.104 0.262 0.372 0.47 0.54 0.634 0.708 0.82
0.008 0.026 0.044 0.19 0.626 0.908 0.952 0.952 0.958 0.962 0.948
0.006 0.004 0.014 0.142 0.602 0.874 0.908 0.946 0.95 0.958 0.982
0.188 0.172 0.198 0.336 0.778 0.942 0.982 0.984 0.994 0.99 0.998
0 0.012 0.016 0.144 0.59 0.85 0.912 0.932 0.95 0.964 0.974
0.138 0.13 0.158 0.23 0.532 0.814 0.928 0.958 0.978 0.98 0.994
0 0.004 0.03 0.24 0.678 0.862 0.884 0.92 0.914 0.942 0.94
0.064 0.062 0.066 0.064 0.1 0.132 0.116 0.214 0.354 0.534 0.74
0 0 0.002 0.004 0 0.006 0.028 0.052 0.174 0.37 0.524
0.008 0.008 0.048 0.264 0.714 0.91 0.934 0.966 0.96 0.968 0.978
0 0 0 0 0 0 0.022 0.072 0.198 0.384 0.532
0.156 0.132 0.152 0.28 0.656 0.878 0.952 0.968 0.974 0.98 0.98
0.074 0.078 0.086 0.108 0.112 0.118 0.144 0.272 0.37 0.532 0.678
0.004 0.012 0.032 0.192 0.666 0.876 0.95 0.964 0.976 0.976 0.976
0.066 0.072 0.136 0.37 0.768 0.964 0.978 0.986 0.99 0.98 0.984
0.076 0.09 0.144 0.186 0.486 0.716 0.802 0.904 0.94 0.952 0.972
0.082 0.074 0.154 0.366 0.756 0.96 0.978 0.98 0.98 0.982 0.988
0 0 0 0 0.006 0.01 0.038 0.12 0.238 0.43 0.634
0.032 0.036 0.066 0.146 0.556 0.898 0.982 0.996 0.988 0.992 1
0.02 0.042 0.088 0.276 0.73 0.952 0.986 0.986 0.988 0.992 0.996
0 0 0.002 0 0.002 0.018 0.072 0.136 0.212 0.29 0.31
0.14 0.122 0.136 0.152 0.312 0.49 0.596 0.656 0.738 0.796 0.89
0 0 0 0.002 0.02 0.05 0.11 0.166 0.268 0.356 0.348
0 0 0 0 0 0 0.018 0.088 0.208 0.388 0.536
0 0 0 0 0.002 0.012 0.05 0.118 0.188 0.288 0.272
0.522 0.388 0.394 0.472 0.78 0.954 0.982 0.962 0.958 0.958 0.958
0.014 0.014 0.016 0.092 0.372 0.64 0.758 0.822 0.906 0.926 0.942
0 0 0.002 0.004 0 0.008 0.028 0.054 0.176 0.37 0.526
0.002 0.008 0.024 0.106 0.514 0.854 0.926 0.958 0.946 0.956 0.97
0 0 0 0 0.006 0.012 0.08 0.164 0.304 0.504 0.608
0.002 0.004 0.01 0.12 0.532 0.752 0.832 0.902 0.918 0.93 0.956
0.012 0.012 0.016 0.014 0.012 0.014 0.016 0.02 0.064 0.168 0.304
0 0 0 0 0.008 0.032 0.066 0.15 0.306 0.486 0.682
0.1 0.12 0.102 0.294 0.768 0.968 0.986 0.994 0.994 0.99 0.998
0.038 0.026 0.048 0.19 0.584 0.864 0.918 0.948 0.966 0.976 0.974
0.002 0.004 0.01 0.12 0.528 0.752 0.832 0.9 0.918 0.93 0.954
0 0.006 0.034 0.24 0.678 0.864 0.884 0.924 0.914 0.942 0.94
0 0 0 0 0 0 0 0.012 0.062 0.218 0.368
0 0 0 0 0.004 0.026 0.066 0.126 0.188 0.3 0.264
0.052 0.044 0.068 0.12 0.386 0.634 0.772 0.834 0.89 0.91 0.934
0 0 0.004 0.108 0.468 0.784 0.85 0.894 0.928 0.932 0.946
0.002 0 0.012 0.096 0.52 0.85 0.908 0.912 0.932 0.954 0.97
0 0 0 0.002 0.008 0.032 0.092 0.164 0.222 0.35 0.398
0 0.01 0.05 0.246 0.684 0.922 0.954 0.948 0.96 0.97 0.974
0 0 0 0.002 0.02 0.05 0.11 0.166 0.268 0.356 0.348
0.054 0.064 0.064 0.284 0.776 0.98 0.998 1 1 0.998 0.998
0 0 0 0 0.006 0.042 0.066 0.162 0.302 0.52 0.614
0.006 0.02 0.03 0.15 0.594 0.834 0.902 0.928 0.95 0.962 0.934
0.026 0.036 0.036 0.046 0.076 0.096 0.142 0.23 0.32 0.436 0.466
0.012 0.018 0.048 0.212 0.684 0.922 0.974 0.978 0.986 0.982 0.982
0 0 0 0 0 0.004 0.014 0.072 0.196 0.354 0.542
0.062 0.056 0.06 0.168 0.45 0.706 0.836 0.9 0.952 0.974 0.958
0.024 0.022 0.036 0.102 0.466 0.76 0.834 0.902 0.93 0.932 0.932
0.156 0.2 0.258 0.41 0.798 0.964 0.958 0.976 0.984 0.986 0.98
0 0.002 0.006 0.07 0.424 0.722 0.802 0.876 0.906 0.916 0.928
0 0.004 0.002 0.072 0.364 0.634 0.744 0.818 0.904 0.922 0.942
0.106 0.132 0.126 0.168 0.538 0.804 0.91 0.926 0.974 0.986 0.988
0.064 0.07 0.136 0.368 0.764 0.962 0.976 0.984 0.99 0.978 0.984
0.024 0.054 0.07 0.154 0.546 0.884 0.938 0.958 0.942 0.958 0.958
0.062 0.054 0.052 0.056 0.118 0.214 0.278 0.332 0.434 0.576 0.728
0 0 0 0 0 0.004 0.01 0.062 0.174 0.374 0.496
0 0 0.002 0 0 0.004 0.014 0.074 0.198 0.354 0.542
0.28 0.28 0.292 0.478 0.834 0.928 0.956 0.94 0.946 0.928 0.952
0.064 0.072 0.082 0.118 0.11 0.138 0.146 0.194 0.27 0.39 0.544
0.064 0.072 0.082 0.118 0.11 0.138 0.146 0.194 0.27 0.39 0.544
0.006 0.018 0.01 0.022 0.032 0.03 0.094 0.164 0.254 0.362 0.376
0.082 0.138 0.144 0.272 0.714 0.81 0.842 0.826 0.792 0.838 0.836
0.022 0.042 0.092 0.292 0.69 0.904 0.908 0.928 0.952 0.932 0.934
0.144 0.136 0.152 0.264 0.662 0.8 0.776 0.76 0.744 0.736 0.69
0 0 0 0.002 0.002 0.018 0.08 0.144 0.33 0.534 0.592
0 0 0 0.002 0.008 0.032 0.092 0.164 0.222 0.35 0.398
0.252 0.242 0.272 0.386 0.752 0.95 0.978 0.968 0.982 0.986 0.988
0.132 0.128 0.16 0.216 0.496 0.742 0.774 0.854 0.886 0.924 0.932
0.01 0.016 0.03 0.118 0.546 0.864 0.938 0.94 0.962 0.978 0.99
0 0 0 0 0 0 0 0.012 0.062 0.218 0.368
0.254 0.26 0.264 0.44 0.826 0.928 0.934 0.96 0.938 0.928 0.94
0.14 0.19 0.248 0.402 0.772 0.95 0.944 0.956 0.972 0.966 0.974
0 0 0 0 0 0 0 0.012 0.062 0.218 0.368
0 0 0 0 0 0 0.004 0.022 0.068 0.166 0.324
0.002 0.01 0.038 0.178 0.662 0.906 0.926 0.962 0.978 0.982 0.98
0.024 0.018 0.04 0.18 0.574 0.862 0.914 0.944 0.966 0.962 0.954
0.006 0.008 0.016 0.11 0.464 0.722 0.81 0.864 0.91 0.924 0.934
0.03 0.058 0.056 0.272 0.76 0.96 0.978 0.982 0.986 0.988 0.992
0.07 0.096 0.08 0.134 0.328 0.494 0.61 0.676 0.756 0.814 0.884
0.002 0.018 0.01 0.072 0.492 0.808 0.878 0.91 0.956 0.958 0.956
0.044 0.044 0.102 0.324 0.77 0.954 0.988 0.992 0.994 0.99 0.992
0.008 0.012 0.016 0.074 0.28 0.482 0.594 0.722 0.8 0.88 0.888
0 0 0 0 0 0 0.014 0.078 0.184 0.372 0.516
0.044 0.074 0.098 0.246 0.684 0.878 0.946 0.966 0.962 0.968 0.972
0 0 0 0 0.004 0.026 0.066 0.126 0.188 0.3 0.264
0.14 0.122 0.136 0.152 0.314 0.49 0.596 0.656 0.74 0.796 0.89
0 0.002 0.004 0.092 0.362 0.604 0.724 0.776 0.844 0.872 0.868
0 0 0 0 0 0 0.014 0.078 0.184 0.372 0.516
0 0 0 0 0 0.014 0.012 0.062 0.124 0.21 0.276
0 0 0 0 0 0 0 0.012 0.062 0.218 0.368
