0.7112676 0.6901408 0.7112676 0.7676056 0.7746479 0.7816901 0.7676056 0.7253521 0.7042254 0.7042254 0.7042254
0.1791045 0.2164179 0.1417910 0.1940299 0.1268657 0.2462687 0.1641791 0.1417910 0.1119403 0.2313433 0.2462687
0.5915493 0.6056338 0.5985915 0.5985915 0.5985915 0.6056338 0.6056338 0.6056338 0.6056338 0.6056338 0.6056338
0.8549618 0.8015267 0.778626 0.7862595 0.7862595 0.778626 0.778626 0.7862595 0.8625954 0.870229 0.8778626
0.2887324 0.3732394 0.3521127 0.3591549 0.3450704 0.3309859 0.3450704 0.3521127 0.3450704 0.3380282 0.3450704
0.9104478 0.9104478 0.9104478 0.7985075 0.7835821 0.7835821 0.7910448 0.9104478 0.9104478 0.9104478 0.9104478
0.9236641 0.9236641 0.8396947 0.8778626 0.8625954 0.8473282 0.8473282 0.9389313 0.9236641 0.9312977 0.961832
0.5147059 0.5294118 0.5294118 0.5441176 0.5367647 0.5441176 0.5367647 0.5441176 0.5367647 0.5294118 0.5441176
0.4888889 0.4814815 0.4740741 0.4740741 0.4740741 0.4888889 0.4888889 0.4888889 0.4888889 0.4888889 0.4888889
0.9185185 0.9185185 0.8592593 0.8666667 0.8666667 0.8666667 0.874074 0.9333333 0.8888889 0.8666667 0.8666667
0.7080292 0.7080292 0.7007299 0.7007299 0.6934307 0.6934307 0.6861314 0.6861314 0.6934307 0.6934307 0.7007299
0.04929577 0.01408451 0 0 0 0 0 0 0 0 0
0.5895522 0.5895522 0.5895522 0.5895522 0.5895522 0.5970149 0.5970149 0.5895522 0.5895522 0.5895522 0.5895522
0.7279412 0.7352941 0.7352941 0.7205882 0.7205882 0.7867647 0.757353 0.742647 0.7352941 0.7352941 0.7279412
0.2116788 0.270073 0.270073 0.2335766 0.2335766 0.2408759 0.2992701 0.2919708 0.2335766 0.2408759 0.270073
0.5857143 0.5857143 0.5857143 0.5857143 0.5142857 0.5428571 0.5428571 0.5214286 0.4785714 0.4785714 0.4785714
0.2137405 0.1068702 0.1068702 0.09160305 0.1526718 0.1068702 0.06870229 0.1068702 0.1068702 0.1068702 0.1068702
0.4656489 0.519084 0.519084 0.519084 0.519084 0.519084 0.519084 0.519084 0.519084 0.519084 0.519084
0.7761194 0.8283582 0.8656716 0.9626866 0.9701493 0.9626866 0.9701493 0.8656716 0.7835821 0.7238806 0.7089552
0.2519084 0.1450382 0.1603053 0.1450382 0.1068702 0.1450382 0.1450382 0.1603053 0.1603053 0.1450382 0.1603053
0.4632353 0.4926471 0.5147059 0.5147059 0.5147059 0.5147059 0.5147059 0.5147059 0.5147059 0.5147059 0.5147059
0.1127820 0.1278195 0.2330827 0.2105263 0.2330827 0.1353383 0.2105263 0.2105263 0.2105263 0.3007519 0.2105263
0.3661972 0.1619718 0.2535211 0.1971831 0.2183099 0.1690141 0.1056338 0.09859155 0.1971831 0.2887324 0.1549296
0.9338235 0.9264706 0.8602941 0.7794118 0.7720588 0.7720588 0.8088235 0.9338235 0.9338235 0.9264706 0.9338235
0.01470588 0.1176471 0.07352941 0.06617647 0.06617647 0.08088235 0.07352941 0.09558824 0.05882353 0.1102941 0.05882353
0.4210526 0.4210526 0.4210526 0.4285714 0.4285714 0.4285714 0.4285714 0.4210526 0.4210526 0.4210526 0.4210526
0.3602941 0.3308824 0.2941176 0.2867647 0.2941176 0.3088235 0.2941176 0.2720588 0.3088235 0.3088235 0.3235294
0.1259259 0.1407407 0.1333333 0.1555556 0.05925926 0.1481481 0.04444444 0.04444444 0.08888889 0.1925926 0.08888889
0.1478873 0.1267606 0.1056338 0.08450704 0.0915493 0.1197183 0.1760563 0.1619718 0.0915493 0.0915493 0.1760563
0.875 0.7352941 0.742647 0.7279412 0.7279412 0.7132353 0.7352941 0.742647 0.7352941 0.8088235 0.8161765
0.08450704 0.08450704 0.1267606 0.08450704 0.0915493 0.08450704 0.1056338 0.1126761 0.0915493 0.1126761 0.1056338
0.4104478 0.4104478 0.4104478 0.4104478 0.4104478 0.4104478 0.4104478 0.4104478 0.4104478 0.4104478 0.4104478
0.1851852 0.2074074 0.1703704 0.1777778 0.07407407 0.1481481 0.1481481 0.1629630 0.08888889 0.08888889 0.08888889
0.06569343 0.06569343 0.06569343 0.02919708 0.06569343 0.04379562 0.02919708 0.06569343 0.06569343 0.02919708 0.02919708
0.7142857 0.6766917 0.7443609 0.7443609 0.7443609 0.7443609 0.7443609 0.7593985 0.6842105 0.8345865 0.7819549
0.1603053 0.06870229 0.06870229 0.06870229 0.06870229 0.06870229 0.06870229 0.06870229 0.06870229 0.06870229 0.06870229
0.1703704 0.1555556 0.1481481 0.2148148 0.1259259 0.1481481 0.1851852 0.1629630 0.08888889 0.2222222 0.08888889
0.1068702 0.2061069 0.1908397 0.1908397 0.1908397 0.2061069 0.1908397 0.1908397 0.1908397 0.1908397 0.1908397
0.5928571 0.6 0.5928571 0.6 0.55 0.55 0.55 0.5571429 0.4857143 0.4857143 0.4857143
0.9632353 0.882353 0.8014706 0.7941176 0.8014706 0.742647 0.8014706 0.8014706 0.8088235 0.9705882 0.8897059
0.3382353 0.3602941 0.3161765 0.3235294 0.3161765 0.2941176 0.3308824 0.3088235 0.2352941 0.2867647 0.2867647
0.9097744 0.849624 0.8345865 0.8195489 0.8345865 0.8345865 0.849624 0.9172932 0.924812 0.9172932 0.9097744
0.1127820 0.1278195 0.2330827 0.2105263 0.2330827 0.1353383 0.2105263 0.2105263 0.2105263 0.3007519 0.2105263
0.2611940 0.2910448 0.2910448 0.2985075 0.2910448 0.3059701 0.2910448 0.2985075 0.2910448 0.2910448 0.2910448
0.2611940 0.2910448 0.2910448 0.2985075 0.2910448 0.3059701 0.2910448 0.2985075 0.2910448 0.2910448 0.2910448
0.4503817 0.4427481 0.4427481 0.4427481 0.4351145 0.4351145 0.4351145 0.4351145 0.4351145 0.4351145 0.4351145
0.7111111 0.7111111 0.7111111 0.7185185 0.7185185 0.7111111 0.7185185 0.7185185 0.7185185 0.7185185 0.7185185
0.8014706 0.8014706 0.8455882 0.8455882 0.8455882 0.8602941 0.8529412 0.8602941 0.9264706 0.9117647 0.9338235
0.6102941 0.6102941 0.6102941 0.617647 0.617647 0.617647 0.617647 0.617647 0.6102941 0.6102941 0.6102941
0.5777778 0.5111111 0.4962963 0.4962963 0.4962963 0.4592593 0.4592593 0.4740741 0.4518519 0.4592593 0.4592593
0.3481481 0.3555556 0.3555556 0.3555556 0.3333333 0.3555556 0.3555556 0.3185185 0.3185185 0.3555556 0.3037037
0.6015038 0.631579 0.6090226 0.6240602 0.6090226 0.6090226 0.6090226 0.6240602 0.6240602 0.6090226 0.6165414
0.867647 0.7352941 0.7352941 0.7279412 0.75 0.7132353 0.7352941 0.75 0.7647059 0.8161765 0.8235294
0.7941176 0.8014706 0.8455882 0.8455882 0.8455882 0.8455882 0.8455882 0.8529412 0.9264706 0.8897059 0.9264706
0.5214286 0.5214286 0.5428571 0.5285714 0.6071429 0.6071429 0.6071429 0.6214286 0.5928571 0.5857143 0.5785714
0.6015038 0.631579 0.6090226 0.6240602 0.6090226 0.6090226 0.6090226 0.6240602 0.6240602 0.6090226 0.6165414
0.2714286 0.3214286 0.2285714 0.2642857 0.2785714 0.2785714 0.2714286 0.2785714 0.2642857 0.2142857 0.2785714
0.3897059 0.1838235 0.2647059 0.2205882 0.3897059 0.2794118 0.1985294 0.1985294 0.2058824 0.1691176 0.2573529
0.5 0.5220588 0.5220588 0.5220588 0.5220588 0.5220588 0.5220588 0.5220588 0.5220588 0.5220588 0.5220588
0.7259259 0.6518519 0.6740741 0.6740741 0.7703704 0.6814815 0.6740741 0.7777778 0.6740741 0.6518519 0.6518519
0.4444444 0.437037 0.4222222 0.4222222 0.4222222 0.4222222 0.4222222 0.4222222 0.4 0.4 0.4
0.3037037 0.3037037 0.3037037 0.3111111 0.3111111 0.3111111 0.3111111 0.3037037 0.3037037 0.3037037 0.3037037
0.6412214 0.6412214 0.6412214 0.648855 0.648855 0.648855 0.648855 0.648855 0.648855 0.648855 0.648855
0.7794118 0.7794118 0.7794118 0.7720588 0.7720588 0.7132353 0.7132353 0.7132353 0.7205882 0.7279412 0.6985294
0.3481481 0.3555556 0.3555556 0.3555556 0.3629630 0.3555556 0.3555556 0.3259259 0.3185185 0.3555556 0.3333333
0.9179104 0.9179104 0.9402985 0.8731343 0.8134328 0.8059701 0.880597 0.9328358 0.9328358 0.9328358 0.9328358
0 0 0 0 0 0 0 0 0 0 0
0.867647 0.7352941 0.7352941 0.7279412 0.75 0.7132353 0.7352941 0.75 0.7647059 0.8161765 0.8235294
0.3609023 0.3383459 0.3383459 0.3533835 0.2781955 0.3383459 0.3383459 0.3383459 0.3383459 0.3308271 0.3308271
0.2794118 0.3529412 0.3676471 0.3382353 0.3455882 0.3897059 0.3897059 0.3455882 0.3308824 0.3235294 0.3308824
0.5037594 0.481203 0.443609 0.443609 0.4360902 0.443609 0.4360902 0.4360902 0.443609 0.4360902 0.4360902
0.09558824 0.0882353 0.1176471 0.1176471 0.125 0.1176471 0.1617647 0.1176471 0.1470588 0.05882353 0.09558824
0.649635 0.649635 0.6569343 0.5620438 0.5474453 0.5547445 0.540146 0.5474453 0.6569343 0.5912409 0.5912409
0.1555556 0.1777778 0.1703704 0.1777778 0.1259259 0.1481481 0.1851852 0.1629630 0.08888889 0.2222222 0.08888889
0.1985294 0.25 0.25 0.2647059 0.2132353 0.2352941 0.25 0.2867647 0.2720588 0.25 0.1691176
0.7956204 0.8029197 0.8029197 0.8029197 0.8029197 0.8029197 0.8029197 0.7956204 0.7883212 0.7883212 0.7883212
0.6015038 0.6165414 0.6090226 0.6240602 0.6390977 0.6090226 0.6090226 0.6240602 0.6240602 0.6090226 0.6165414
0.7956204 0.8029197 0.8029197 0.810219 0.810219 0.810219 0.810219 0.8029197 0.7883212 0.7883212 0.7883212
0.7941176 0.8014706 0.8455882 0.8455882 0.8455882 0.8455882 0.8455882 0.8529412 0.9264706 0.8897059 0.9264706
0.7686567 0.7761194 0.7761194 0.7164179 0.7238806 0.7089552 0.7089552 0.7089552 0.7835821 0.7238806 0.7089552
0.01408451 0.04929577 0.04929577 0.05633803 0.05633803 0.05633803 0.05633803 0.05633803 0.05633803 0.05633803 0.05633803
0.5114504 0.4885496 0.4656489 0.480916 0.4885496 0.480916 0.480916 0.480916 0.4656489 0.4732824 0.4656489
0.9051095 0.890511 0.8759124 0.890511 0.8832117 0.8832117 0.8759124 0.9051095 0.890511 0.8978102 0.8686131
0.3111111 0.3555556 0.3555556 0.3629630 0.3629630 0.3555556 0.3555556 0.3481481 0.3407407 0.3037037 0.3481481
0.6717557 0.6717557 0.6717557 0.6717557 0.6717557 0.6717557 0.6717557 0.6717557 0.6717557 0.6717557 0.6717557
0.09923664 0.2366412 0.2213740 0.1908397 0.1908397 0.2213740 0.2213740 0.1908397 0.2213740 0.2213740 0.1908397
0.5 0.5 0.5 0.5071429 0.5857143 0.5857143 0.5857143 0.5928571 0.5857143 0.5571429 0.5571429
0.9051095 0.890511 0.8759124 0.890511 0.8832117 0.8832117 0.8759124 0.9051095 0.890511 0.8978102 0.8686131
0.7111111 0.7111111 0.7111111 0.7185185 0.7185185 0.7111111 0.7185185 0.7185185 0.7185185 0.7185185 0.7185185
0 0 0 0 0 0 0 0 0 0 0
0.2061069 0.1068702 0.1068702 0.09160305 0.1068702 0.1068702 0.06870229 0.1068702 0.1068702 0.1068702 0.1374046
0.3208955 0.1716418 0.2537313 0.1268657 0.1567164 0.1567164 0.2238806 0.1567164 0.2089552 0.1044776 0.1343284
0.7279412 0.7352941 0.7352941 0.7205882 0.7205882 0.7867647 0.757353 0.742647 0.7352941 0.7352941 0.7279412
0.6071429 0.6142857 0.6071429 0.6142857 0.5642857 0.5571429 0.5642857 0.5714286 0.5071429 0.5 0.5
0.7185185 0.7259259 0.7185185 0.7185185 0.7185185 0.7185185 0.7185185 0.7259259 0.7185185 0.7259259 0.7185185
0.3609023 0.3383459 0.3458647 0.3383459 0.3609023 0.3533835 0.3909774 0.3609023 0.3458647 0.3909774 0.3383459
0.7777778 0.8592593 0.962963 0.9555556 0.962963 0.9703704 0.962963 0.8888889 0.7925926 0.7703704 0.7777778
0.5267176 0.5267176 0.5267176 0.5267176 0.5343511 0.5267176 0.5343511 0.5343511 0.5343511 0.5267176 0.5343511
0.4 0.4 0.4 0.4 0.4 0.4 0.4 0.4 0.4222222 0.4222222 0.4222222
0.2611940 0.2910448 0.2910448 0.2985075 0.2910448 0.3059701 0.2910448 0.2985075 0.2910448 0.2910448 0.2910448
0.778626 0.870229 0.9465649 0.9465649 0.9465649 0.9465649 0.9465649 0.8625954 0.7862595 0.778626 0.7862595
0.2611940 0.2910448 0.2910448 0.2985075 0.2910448 0.3134328 0.2985075 0.3059701 0.2910448 0.2910448 0.2985075
0.8962963 0.9037037 0.8888889 0.9037037 0.9037037 0.8962963 0.925926 0.9037037 0.8888889 0.762963 0.7555556
0.2627737 0.3284672 0.3138686 0.3211679 0.3211679 0.3284672 0.3284672 0.3284672 0.3211679 0.3284672 0.3284672
0.6814815 0.6666667 0.6740741 0.6666667 0.6592593 0.6592593 0.6592593 0.6518519 0.6518519 0.6518519 0.6518519
0.3897059 0.1838235 0.2647059 0.2205882 0.3897059 0.2794118 0.1985294 0.1985294 0.2058824 0.1691176 0.2573529
0.7941176 0.75 0.8529412 0.9264706 0.9264706 0.8529412 0.7720588 0.757353 0.75 0.7279412 0.7279412
0.3602941 0.3308824 0.2941176 0.2867647 0.2941176 0.3088235 0.2941176 0.2720588 0.3088235 0.3088235 0.3235294
0.9236641 0.9236641 0.8396947 0.8625954 0.8625954 0.8473282 0.8473282 0.9389313 0.9236641 0.9312977 0.9465649
0.5263158 0.518797 0.518797 0.5413534 0.5413534 0.5263158 0.5413534 0.5338346 0.5338346 0.5413534 0.5413534
0.3795620 0.2116788 0.1751825 0.1094891 0.1240876 0.1094891 0.1021898 0.1021898 0.1021898 0.1021898 0.1021898
0.1764706 0.2647059 0.2352941 0.2352941 0.2352941 0.2352941 0.2352941 0.2867647 0.2352941 0.2352941 0.2352941
0.4360902 0.4360902 0.4360902 0.481203 0.5037594 0.5037594 0.5037594 0.5037594 0.481203 0.481203 0.481203
0 0 0 0 0 0 0 0 0 0 0
0.4671533 0.4525547 0.4525547 0.4525547 0.4452555 0.4379562 0.4452555 0.4452555 0.4452555 0.4525547 0.4525547
0.4647887 0.4577465 0.4507042 0.4577465 0.4577465 0.4577465 0.4577465 0.4577465 0.4788732 0.4788732 0.4788732
0.8428571 0.85 0.8642857 0.85 0.85 0.8714286 0.8571429 0.85 0.8642857 0.85 0.85
0.7185185 0.7259259 0.7333333 0.7185185 0.7333333 0.7185185 0.7333333 0.7259259 0.7185185 0.7259259 0.7185185
0.1654135 0.2105263 0.1353383 0.1879699 0.06766917 0.07518797 0.1127820 0.07518797 0.1804511 0.06766917 0.06766917
0.867647 0.7352941 0.7352941 0.7279412 0.75 0.7132353 0.7352941 0.75 0.7647059 0.8161765 0.8235294
0.8962963 0.9037037 0.8888889 0.9037037 0.9037037 0.8962963 0.9037037 0.9037037 0.8888889 0.762963 0.7555556
0.849624 0.7669173 0.6917293 0.6842105 0.6842105 0.6917293 0.6842105 0.6842105 0.6917293 0.7744361 0.7744361
0.2740741 0.3851852 0.3925926 0.4148148 0.4148148 0.4148148 0.4148148 0.4148148 0.3851852 0.3777778 0.3851852
0.5220588 0.5294118 0.5220588 0.5441176 0.5441176 0.5514706 0.5514706 0.5514706 0.5441176 0.5441176 0.5441176
0.3333333 0.3037037 0.3407407 0.3407407 0.2962963 0.3037037 0.3111111 0.2962963 0.2962963 0.2962963 0.2962963
0.2740741 0.3851852 0.3925926 0.4148148 0.4148148 0.4148148 0.4148148 0.4148148 0.3851852 0.3777778 0.3851852
0.5555556 0.5555556 0.4814815 0.4814815 0.4814815 0.4814815 0.4518519 0.4518519 0.4518519 0.4518519 0.4518519
0.7956204 0.8029197 0.8029197 0.8029197 0.8029197 0.8029197 0.8029197 0.7956204 0.7883212 0.7883212 0.7883212
0.2357143 0.2928571 0.1857143 0.2142857 0.2642857 0.2285714 0.2714286 0.2285714 0.2642857 0.2142857 0.2642857
0.6071429 0.6142857 0.6071429 0.6142857 0.5642857 0.5571429 0.5642857 0.5714286 0.5071429 0.5 0.5
0.3777778 0.3185185 0.3111111 0.3185185 0.3407407 0.3333333 0.3259259 0.3407407 0.3407407 0.3037037 0.3481481
0.8428571 0.85 0.8642857 0.85 0.85 0.8714286 0.8571429 0.85 0.8642857 0.85 0.85
0.04379562 0.02919708 0.04379562 0.06569343 0.04379562 0.06569343 0.06569343 0.04379562 0.03649635 0.05839416 0.05839416
0.02222222 0.02962963 0.05925926 0.05185185 0.2592593 0.05185185 0.1185185 0.1333333 0.04444444 0.04444444 0.04444444
0.6717557 0.6717557 0.6717557 0.6717557 0.6717557 0.6717557 0.6717557 0.6717557 0.6717557 0.6717557 0.6717557
0.2631579 0.2631579 0.2631579 0.2631579 0.2857143 0.1353383 0.2932331 0.2706767 0.2706767 0.2330827 0.2631579
0.1641791 0.1567164 0.1567164 0.2089552 0.2388060 0.1567164 0.1417910 0.2388060 0.1268657 0.1940299 0.1268657
0.5220588 0.5294118 0.5220588 0.5441176 0.5441176 0.5514706 0.5514706 0.5514706 0.5441176 0.5441176 0.5441176
0.03759398 0.04511278 0.1879699 0.1052632 0.1203008 0.1353383 0 0.1428571 0.06015038 0.1052632 0.1578947
0 0.01459854 0 0 0 0 0 0 0 0 0
0.4887218 0.4586466 0.4736842 0.4586466 0.4661654 0.4736842 0.4661654 0.481203 0.4887218 0.4887218 0.4887218
0.3208955 0.1716418 0.2537313 0.1268657 0.1567164 0.1567164 0.2238806 0.1567164 0.2089552 0.1044776 0.1343284
0.3507463 0.3208955 0.3208955 0.3507463 0.3208955 0.3507463 0.3283582 0.3208955 0.3208955 0.3507463 0.3507463
0.9338235 0.9264706 0.8602941 0.7794118 0.7720588 0.7720588 0.8088235 0.9411765 0.9338235 0.9264706 0.9338235
0.2148148 0.2814815 0.2148148 0.07407407 0.2814815 0.07407407 0.2814815 0.1185185 0.07407407 0.07407407 0.07407407
0.7761194 0.8283582 0.8656716 0.9626866 0.9701493 0.9626866 0.9701493 0.8656716 0.7835821 0.7238806 0.7089552
0.6428571 0.6428571 0.6571429 0.6428571 0.5285714 0.5285714 0.5214286 0.5357143 0.5357143 0.5285714 0.5285714
0.5111111 0.5037037 0.5259259 0.5111111 0.5259259 0.5185185 0.5333333 0.5259259 0.5333333 0.5185185 0.5185185
0.7555556 0.7555556 0.762963 0.6666667 0.6518519 0.6518519 0.6666667 0.6592593 0.6666667 0.7555556 0.8962963
0.7777778 0.8592593 0.962963 0.9555556 0.962963 0.9703704 0.962963 0.8888889 0.7925926 0.7703704 0.7777778
0.7313433 0.7313433 0.7238806 0.8283582 0.8880597 0.8955224 0.8283582 0.7537313 0.7313433 0.7910448 0.8656716
