0.4545455 0.2196970
0.0882353 0.2647059
0.6791045 0.2014925
0.9924242 0.5227273
0.8985507 0.5072464
0.7462687 0.6343284
0.2366412 0.7251908
0.1240876 0.8686131
0.6287879 0.719697
0.4885496 0.9007634
0.6691176 0.2132353
0.7424242 0.6439394
0.3623188 0.4710145
0.1865672 0.5746269
0.2366412 0.8244275
0.5648855 0.5572519
0.07092199 0.02127660
0.6343284 0.2462687
0.1323529 0.8014706
0.6343284 0.4477612
0.5572519 0.4274809
0.3731343 0.4477612
0.4782609 0.4855072
0.2536232 0.6811594
0.1594203 0.6666667
0 0
0.4926471 0.2426471
0.02941176 0.6764706
0.6716418 0.7462687
0.4893617 0.04255319
0.3758865 0.2836879
0.7153285 0.7956204
0.3120567 0.4255319
0.0882353 0.3897059
0.789855 0.6666667
0.719697 0.3106061
0.4779412 0.8161765
0.5434783 0.1956522
0.4710145 0.5217391
0.7761194 0.1044776
0.4029851 0.1044776
0.5673759 0.4042553
0.8283582 0.7985075
0.9562044 0.1532847
0.2898551 0.1594203
0.7801418 0.2978723
0.6594203 0.789855
0.9701493 0.4477612
0.4351145 0.6793893
0.789855 1
0.6439394 0.3181818
0.4776119 0.7313433
0.380597 0.5223881
0.761194 0.5373134
0.08029197 0.7372263
0.6865672 0.9552239
0.03030303 0.1363636
0.2014925 0.4776119
0.9770992 0.7251908
0.4087591 0.2481752
0.2463768 0.1159420
0.8955224 0.9552239
0.8913043 0.9782609
0.4925373 0.5597015
0.7537313 0.977612
0.2014925 0.8358209
0.9626866 0.8507463
0.1449275 0.1521739
0.3129771 0.8015267
0.4029851 0.9104478
0.4166667 0.3181818
0.4545455 0.1060606
0.7446809 0.4609929
0.9848485 0.08333333
0.6183206 0.7251908
0.9848485 0.0530303
0.1240876 0.2262774
0.9562044 0.9124088
0.6956522 0.6304348
0.902985 0.3059701
0.530303 0.08333333
0.7633588 0.3816794
0.1865672 0.5149254
0.07633588 0.3587786
0.6940299 0.1940299
0.08955224 0.2537313
0.5441176 0.9117647
0.2137405 0
0.7826087 0.1159420
0.4104478 0.5149254
0.6717557 0.4274809
0.8043478 0.6376812
0.2573529 0.2941176
0 0.5724638
0 0.6044776
0.5147059 0.4044118
0.2835821 0.1343284
0.2262774 0.9927007
0.4045802 0.5496183
0.1323529 0.1691176
0.6940299 0.8134328
0.9770992 0.7328244
0.6335878 0.7938931
0.6666667 0.6956522
0.02127660 0.4113475
0.1159420 0.1014493
0.6865672 0.8955224
0.05970149 0.2238806
0.2954545 0.7575758
0.5072464 0.4347826
0.4485294 0.4044118
0.6641221 0.6412214
0.1605839 0.8540146
0.4117647 0.6544118
0.719697 0.2727273
0.4621212 0.530303
0.1679389 0.5648855
0.5942029 0.6666667
0.5744681 0.2411348
0.7536232 0.8623188
0.5833333 0.4469697
0.5985401 0.1678832
0.1014493 0.1376812
0.9705882 0.4044118
0.02189781 0.6934307
0.5 0.6376812
0.9492754 1
0.9416058 0.6934307
0.3333333 0.768116
0.1594203 0.942029
0.2794118 0.7941176
0.9275362 0.1884058
0.8695652 0.2028986
0.1343284 0.8134328
0.2014925 0.2164179
0.826087 0.5434783
0.4087591 0.1386861
0.768116 0.6014493
0.9160305 0.9847328
0.5681818 0.2651515
0.2536232 0.1014493
0.1594203 0.1304348
0.8043478 0.2391304
0.6014493 0.4275362
0.1739130 0.8695652
0.3829787 0.02127660
0.731884 0.3623188
0.740458 0.9007634
0.0942029 0.884058
0.0530303 0.4015152
0.4306569 0.1897810
