0.00729927 0.00729927
0.6241135 0.6595745
0.4113475 0.2411348
0.6212121 0.6439394
0.4822695 0.1560284
0.887218 0.593985
0.610687 0.778626
0.00729927 0.5474453
0.007575758 0.9015152
0.6277372 0.839416
0.9361702 0.3404255
0.8970588 0.3455882
0.3609023 0.7969925
0.7293233 0.9774436
0.7092199 0.6453901
0.1843972 0.1985816
0.1268657 0.2910448
0.0610687 0.1603053
0.8507463 0.05970149
0.7443609 0.2932331
0.3684211 0.3383459
0.5820896 0.7910448
0.4621212 0.8257576
0.3533835 0.1804511
0.08510638 0.07801418
0.7941176 0.4632353
0.7368421 0.1278195
0.03007519 0.8947368
0.6099291 0.04964539
0.1450382 0.5343511
0.7659574 0.3333333
0.3823529 0.4632353
0.007575758 0.1363636
0.6595745 0.680851
0.887218 0.9323308
0.5114504 0.2519084
0.2121212 0.3787879
0.1060606 0.4393939
0.6969697 0.6439394
0.07518797 0.3684211
0.6439394 0.1287879
0.4776119 0.1343284
0.5954198 0.778626
0.3834586 0.6165414
0.3740458 0.2061069
0.9160305 0.04580153
0.6312057 0.8439716
0.07518797 0.3383459
0.5572519 0.2137405
0.4360902 0.9097744
0.1503759 0.4511278
0.1532847 0.5328467
0.7443609 0.5263158
0.9312977 0.6870229
0.619403 0.07462687
0.2727273 0.8030303
0.641791 0.9552239
0.5985401 0.7737226
0.8778626 0.3664122
0.5514706 0.8235294
0.2554745 0.5620438
0.4626866 0.2014925
0.5985401 0.5547445
0.9489051 0.9051095
0.5620438 0.7226277
0.6240602 0.2556391
0.2941176 0.375
0.7234043 0.4042553
0.2941176 0.875
0.6567164 0.7014925
0.6382979 0.7588652
0.3787879 0.6742424
0.7328244 0.8778626
0.6466165 0.9774436
0.2366412 0.8778626
0.593985 0.2105263
0.7443609 0.6842105
0.6617647 0.3014706
0.9312977 0.5725191
0.4210526 0.2932331
0.1417910 0.1119403
0.3235294 0.8970588
0.1985816 0.1914894
0.6287879 0.2424242
0.9858156 0.9007092
0.2671756 0.7175573
0.3684211 0.4210526
0.04511278 0.2932331
0.5886525 0.6737589
0.6861314 0.8759124
0.8947368 0.1052632
0.6818182 0.3560606
0.1843972 0.1063830
0.2765957 0.6170213
0.9503546 0.5177305
0.03731343 0.3134328
0.1666667 0.3106061
0.5447761 0.3731343
0.6861314 0.5985401
0.2932331 0.849624
0.5970149 0.2761194
0.6569343 0.970803
0.8156028 0.9574468
0.4661654 0.1428571
0.4242424 0.8484848
0.3383459 0.09774436
0.4042553 0.2624113
0.9007092 0.9148936
0.3282443 0.3206107
0.7022901 0.8854962
0.5714286 0.1954887
0.05673759 0.3617021
0.5 0.7867647
0.02919708 0.5255474
0.2553191 0.7659574
0.3684211 0.3759398
0.887218 0.1503759
0.1212121 0.4166667
0.6666667 0.8439716
0.4779412 0.5808824
0.9924812 0.9774436
0.9849624 0.3233083
0.06870229 0.03053435
0.5970149 0.4253731
0.05970149 0.4925373
0.9007092 0.2340426
0.9562044 0.7372263
0.2900763 0.6259542
0.2932331 0.849624
0.05970149 0.4328358
0.7969925 0.8646617
0.4242424 0.6818182
0.5673759 0.8297872
0.8308824 0.05147059
0.7518797 0.09022556
0.04964539 0.3758865
0.3233083 0.7819549
0.2977099 0.4122137
0.832061 0.519084
0.7021277 0.3687943
0.2348485 0.2651515
0.3059701 0.7462687
0.1323529 0.5882353
0.01515152 0.6287879
0.6544118 0.632353
0.25 0.1617647
0.7132353 0.875
0.5378788 0.8484848
1 0.2706767
0.2537313 0.8880597
0.7943262 0.964539
