0.3333333 0.1395349
0.5142857 0.8357143
0.1870504 0.647482
0.07751938 0.6976744
0.6740741 0.9777778
0.07407407 0.2740741
0.8294574 0.1162791
0.6590909 0.7651515
0.3014706 0.2647059
0.1079137 0.05755396
0.5467626 0.4244604
0.874074 0.5407407
0.7357143 0.6928571
0.9224806 0.2558140
0.1323529 0.4411765
0.6136364 0.4318182
0.8148148 0.3925926
0.1333333 0.1037037
0.7352941 0.9411765
0.6785714 0.1642857
0.8571429 0.6
0.03007519 0.2180451
0.3409091 0.7424242
0.248062 0.8217054
0.4586466 0.6691729
0 0.4044118
0.01550388 0.6356589
0.5338346 0.4511278
0.562963 0.1037037
0.2170543 0.6434109
0.5214286 0.3071429
0.1472868 0.503876
0.4469697 0.9015152
0.8333333 0.8333333
0.1942446 0.9208633
0.1928571 0.8214286
0.2878788 0.75
0.7111111 0.7481481
0.2857143 0.6214286
0.06976744 0.2325581
0.08888889 0.925926
0.9555556 0.8222222
0.8217054 0.992248
0.875969 0.2248062
0.8148148 0.962963
0.8928571 0.9285714
0.2740741 0.2962963
0.06015038 0.2556391
0.3597122 0.03597122
0.9545455 0.8333333
0.8071429 0.3357143
0.1285714 0.45
0.6142857 0.5357143
0.1481481 0.3481481
0.9555556 0.2962963
0.4772727 0.2878788
0.85 0.6642857
0.9111111 0.925926
0.5428571 0.1285714
0.3571429 0.6428571
0.4857143 0.1214286
0.530303 0.09848485
0.08571429 0.2642857
0.1629630 0.7481481
0.1893939 0.9469697
0.4264706 0.7647059
0.8270677 0.7518797
0.6911765 0.1323529
0.9481481 1
0.9857143 0.5142857
0.7333333 0.2
0.7819549 0.5413534
0.6785714 0.5142857
0.2868217 0.868217
0.2170543 0.1705426
0.6642857 0.2857143
0.3703704 0.5555556
0.5606061 0.8333333
0.4411765 0.5294118
0.4748201 0.07194245
0.5037594 0.81203
0.4285714 0.4714286
0.1 0.04285714
0.1617647 0.1323529
0.1395349 0.7131783
0.2878788 0.7424242
0.4074074 0.5407407
0.5263158 0.1578947
0.95 0.6285714
0.06015038 0.8646617
0.4518519 0.07407407
0.9473684 0.8571429
0.7894737 0.02255639
0.3021583 0.1079137
0.5808824 0.4705882
0.9689922 0.6356589
0.4338235 0.2941176
0.8357143 0.7785714
0.9457364 0.03875969
0.4044118 0.1397059
0.8 0.3333333
0.4705882 0.2279412
0.9851852 0.8814815
0.5530303 0.9015152
0.9407407 0.8444444
0.02877698 0.884892
0.2348485 0.4469697
0.7352941 0.8088235
0.503876 0.4186047
0.9457364 0.1705426
0.15 0.45
0.5 0.25
0.7142857 0.8646617
0.705036 0.9208633
1 0.7651515
0.3257576 0.7272727
0.03787879 0.2348485
0.9534884 0.3178295
0.1629630 0.07407407
0.9208633 0.9928058
0.6571429 0.7
0.762963 0.8666667
0.4592593 0.5555556
0.4848485 0.7045455
0.6592593 0.3629630
0.6071429 0.1642857
0.1654676 0.1510791
0.2255639 0.962406
0.3571429 0.3642857
0.593985 0.8421053
0.2148148 0.3407407
0.5407407 0.437037
0.3642857 0.2785714
0.1629630 0.3037037
0.6165414 0.5413534
0.5142857 0.007142857
0.4748201 0.1726619
0.4015152 0.7727273
0.9457364 0.4496124
0.4135338 0.4736842
0.2170543 0.2325581
0.8 0.8592593
0.6214286 0.1285714
0.3984962 0.8270677
0.1323529 0
0.6714286 0.05714286
0.9285714 0.4
0.8270677 0.9699248
0.5882353 0.5073529
0.4222222 0.05185185
0.9767442 0.3178295
