0.06716418 0.7238806
0.8846154 0.4384615
0.1278195 0.4661654
0.6917293 0.887218
0.4130435 0.768116
0.02173913 0.1086957
0.02238806 1
0.2748092 0.5648855
0.874074 0.7703704
0.6086957 0.5144928
0.4740741 0.06666667
0.007407407 0.962963
0.007407407 0.1777778
0.837037 0.06666667
0.7692308 0.9307692
0.8692308 0.5538462
0.2985075 0.6716418
0.5037037 0.8074074
0.4538462 0.6769231
0.5267176 0.3587786
0.4656489 0.9236641
0.1142857 0.007142857
0.5597015 0.3507463
0.05714286 0.4357143
0.2061069 0.6412214
0.3333333 0.5333333
0.5037037 0.4962963
0.6713287 0.4405594
0.7851852 0.4518519
0.2074074 0.3481481
0.556391 0.7142857
0.2932331 0.5338346
0.07462687 0.8955224
0.9285714 0.8071429
0.870229 0.8549618
0.8721805 0.7894737
0.6307692 0.9384615
0.3816794 0.6183206
0.437037 0.925926
0.2519084 0.4885496
0.9007634 0.3435115
0.8074074 0.6074074
0.4925373 0.858209
0.9333333 0.762963
0.1357143 0.3857143
0.2061069 0.5343511
0.2928571 0.5142857
0.9626866 0.03731343
0.8947368 0.1052632
0.8153846 0.3
0.4351145 0.02290076
0.6259542 0.4885496
0.3076923 0.3
0.5944056 0.3496503
0.7923077 0.3076923
0.0979021 0.3496503
0.8071429 0.7142857
0.7938931 0.7557252
0.06716418 0.8955224
0.9389313 0.2442748
0.1 0.08461538
0.3785714 0.9785714
0.9538462 0.6769231
0.07462687 0.3656716
0.5185185 0.9407407
0.06015038 0.406015
0.3703704 0.8962963
0.762963 0.637037
0.7518797 0.2255639
0.2357143 0.4642857
0.8074074 0.8074074
0.3555556 0.2444444
0.3356643 0.2027972
0.08391608 0.2867133
0.7777778 0.04444444
0.1777778 0.2962963
0.2985075 0.2313433
0.8731343 0.9179104
0.4 0.08888889
0.962963 0.0962963
0.5037037 0.2666667
0.384058 0.1884058
0.2105263 0.887218
0.5928571 0.85
0.4195804 0.916084
0.7 0.2538462
0.4656489 0.6030534
0.15 0.06428571
1 0.2608696
0.5664336 0.3426573
0.6428571 0.8571429
0.6793893 0.08396947
0.8071429 0.4428571
0.4461538 0.02307692
0.9461538 0.6769231
0.5114504 0.1221374
0.3383459 0.4661654
0.3759398 0.887218
0.07462687 1
0.2536232 0.4130435
0.2962963 0.0962963
0.5434783 0.9057971
0.129771 0.8091603
0.8444444 0.925926
0.1666667 0.03623188
0.1654135 0.7593985
0.02857143 0.2928571
0.2285714 0.1785714
0.7785714 0.7285714
0.7744361 0.09774436
0.9924812 0.887218
0.05714286 0.8
0.3134328 0.1119403
0.4701493 0.2388060
0.8881119 0.2867133
0.4 0.2444444
0.1307692 0.3692308
0.7246377 0.731884
0.2213740 0.6412214
0.1571429 0.4714286
0.4814815 0.5777778
0.823077 0.2538462
0.5846154 0.923077
0 0.3656716
0.4275362 0.1811594
0.6857143 0.4214286
0.3043478 0.3333333
0.2571429 0.07142857
0.9384615 0.5615385
0.06015038 0.1578947
0.1203008 0.6090226
0.2357143 0.4142857
0.3458647 0.4962406
0.6793893 0.4045802
0.3076923 0.4923077
0.3333333 0.6222222
0.7428571 0.7928571
0.7313433 0.858209
0.8444444 0.4666667
0.8148148 0.4666667
0.2142857 0.3642857
0.5864662 0.6466165
0.2753623 0.7028986
0.6461538 0.1076923
0.7461538 0.6461538
0.9389313 0.740458
0.2898551 0.5724638
0.7923077 0.8
0.9037037 0.08148148
0.04477612 0.1940299
0.2888889 0.0962963
