0.453125 0.8671875
0.4661654 0.2857143
0.3383459 0.1954887
0.7593985 0.1052632
0.9705882 0.7132353
0.4014599 0.1605839
0.04511278 0.4285714
0.1459854 0.3211679
0.1970803 0.2408759
0.6934307 0.4525547
0.4525547 0.2773723
0.1605839 0.4744526
0.2647059 0.3161765
0.007246377 0.6594203
0.71875 0.84375
0.4887218 0.3233083
0.3503650 0.9927007
0.2279412 0.3014706
0.4160584 0.4014599
0.9057971 0.8768116
0.7445255 0.7007299
0.5869565 0.7753623
0.7608696 0.1594203
0.8571429 1
0.8043478 0.6231884
0.0625 0.28125
0.2992701 0.08759124
0.5390625 0.53125
0.6328125 0.4765625
0.46875 0.109375
0.6350365 0.8613139
0.40625 0.0859375
0.4477612 0.4104478
0.3503650 0.4160584
0.8695652 0.3188406
0.6058394 0.03649635
0.00729927 0.06569343
0.4379562 0.8613139
0.46875 0.53125
0.3082707 0.7218045
0.1489362 0.9219858
0.6642336 0.5255474
0.0703125 0.1484375
0.4710145 0.7753623
0.2846715 0.8540146
0.15625 0.84375
0.03649635 0.7810219
0.75 0.40625
0.2867647 0.6470588
0.4609375 0.859375
0.2681159 0.0942029
0.7028986 0.7971014
0.6466165 0.6616541
0.6171875 0.140625
0.1970803 0.2408759
0.3617021 0.7304965
0.7819549 0.9323308
0.8308824 0.1323529
0.729927 0.3211679
0.3191489 0.6666667
0.8358209 0.2985075
0.5149254 0.1343284
0.1594203 0.5434783
0.1532847 0.8175182
0.7101449 0.5362319
0.5546875 0.453125
0.880597 0.05970149
0.4632353 0.3823529
0.9328358 0.4104478
0.9637681 0.3405797
0.1278195 0.1428571
0.02941176 0.1102941
0.5182482 0.08029197
0.4233577 0.7737226
0.5036496 0.459854
0.2109375 0
0.6376812 0.9710145
0.9057971 0.2971014
1 0.4042553
0.2773723 0.5328467
0.9503546 0.9787234
0.03125 0.328125
0.3649635 0.4452555
0.3049645 0.964539
0.9172932 0.6842105
0.6044776 0.9402985
0.2706767 0.481203
0.453125 0.703125
0.6376812 0.8913043
0.2536232 0
0.3533835 0.4511278
0.8721805 0.2857143
0.1875 0.3359375
0.04477612 0.641791
0.6642336 0.9489051
0.3115942 0.9927536
0.09929078 0.6595745
0.7801418 0.6595745
0.729927 0.7956204
0.4338235 0.07352941
0.5373134 0.4402985
0.05797101 0.4565217
0.8897059 0
0.5625 0.2109375
0.9492754 0.615942
0.5373134 0.6940299
0.203125 0.2109375
0.8235294 0.8088235
0.8529412 0.8161765
0.8723404 0.787234
0.5625 0.6171875
0 0.7218045
0.7067669 0.7067669
0.03649635 0.08029197
0.6956522 0.6594203
0.2335766 0.5912409
0.06382979 0.3687943
0.6492537 0.5
0.9328358 0.7089552
0.05797101 0.3695652
0.9781022 0.839416
0.6934307 0.1386861
0.7810219 0.8467153
0.738806 0.4776119
0.3722628 0.7226277
0.880597 0.8731343
0.5441176 0.07352941
0.4963504 0.270073
0.3609023 0.4511278
0.2391304 0.7753623
0.1751825 0.3503650
0.0942029 0.2971014
0.9632353 0.2426471
0.4233577 0.7591241
0.625 0.3823529
0.4637681 0.3188406
0.4104478 0.5149254
0.9416058 0.2262774
0.9477612 0.2388060
0.890511 0.1751825
0.5223881 0.1268657
0.4963504 0.3503650
0.75 0.9453125
0.1029412 0.007352941
0.3333333 0.442029
0.7226277 0.6569343
0.5625 0.8125
0.3984962 0.1503759
0.1459854 0.02189781
0.1884058 0.557971
0.6492537 0.5149254
