0.6885246 0.5901639 0.5327869 0.6885246 0.6311475 0.6393443 0.4918033 0.5163934 0.4098361 0.4098361 0.3770492
0.6428571 0.6428571 0.6746032 0.5714286 0.5952381 0.6825397 0.468254 0.5873016 0.5079365 0.4603175 0.5555556
0.7652174 0.8608696 0.6869565 0.7130435 0.8173913 0.8 0.773913 0.7565217 0.8347826 0.6695652 0.6608696
0.6347826 0.7478261 0.6869565 0.6956522 0.6086957 0.7217391 0.5565217 0.5130435 0.4434783 0.4782609 0.3565217
0.2539683 0.1904762 0.1507937 0.2222222 0.1587302 0.2380952 0.1904762 0.3095238 0.2539683 0.3095238 0.2936508
0.8434783 0.8956522 0.8 0.8434783 0.8173913 0.9217391 0.8608696 0.8521739 0.8347826 0.826087 0.8782609
0.1612903 0.2016129 0.1048387 0.1370968 0.1451613 0.2258065 0.3225806 0.3387097 0.3629032 0.4274194 0.4193548
0.7435897 0.7521368 0.7863248 0.7606838 0.7606838 0.7350427 0.6837607 0.7692308 0.7094017 0.6410256 0.5384615
0.1825397 0.2380952 0.2698413 0.3253968 0.3412698 0.4920635 0.4603175 0.515873 0.4761905 0.5079365 0.547619
0.2983871 0.3709677 0.3870968 0.4435484 0.4596774 0.4758065 0.5725806 0.5645161 0.6532258 0.7580645 0.6370968
0.015625 0.0234375 0.046875 0.0546875 0.0546875 0.046875 0.1484375 0.2265625 0.25 0.3203125 0.375
0.8951613 0.8225806 0.8629032 0.8951613 0.8064516 0.8467742 0.8548387 0.8387097 0.7741935 0.7903226 0.6693548
0.8536585 0.8455285 0.8292683 0.796748 0.8699187 0.7804878 0.6747967 0.6178862 0.4878049 0.4878049 0.4308943
0.3833333 0.4416667 0.4333333 0.4333333 0.475 0.4666667 0.6416667 0.525 0.6833333 0.6083333 0.75
0.1532258 0.1693548 0.1612903 0.1209677 0.1854839 0.1935484 0.1370968 0.1935484 0.2177419 0.25 0.2741935
0.3760684 0.2905983 0.2905983 0.3247863 0.3076923 0.2051282 0.2051282 0.1794872 0.2307692 0.2564103 0.2649573
0.1282051 0.2820513 0.3760684 0.5555556 0.5641026 0.6837607 0.7008547 0.7179487 0.7521368 0.8205128 0.7606838
0.5130435 0.4608696 0.5652174 0.5913043 0.5913043 0.6695652 0.773913 0.6608696 0.6608696 0.826087 0.6608696
0.9354839 0.8951613 0.8548387 0.9112903 0.8951613 0.8306452 0.8467742 0.8548387 0.8064516 0.8467742 0.8467742
0.8376068 0.8717949 0.8974359 0.8974359 0.8461538 0.8376068 0.8034188 0.91453 0.8290598 0.8803419 0.7606838
0.1367521 0.1025641 0.2478632 0.3076923 0.3760684 0.3760684 0.4786325 0.5299145 0.5042735 0.5213675 0.6239316
0.4672131 0.4180328 0.3770492 0.4180328 0.4098361 0.4098361 0.4918033 0.4590164 0.5163934 0.5163934 0.6065574
0.8125 0.8203125 0.7421875 0.71875 0.75 0.78125 0.8359375 0.7734375 0.859375 0.875 0.796875
0.5826087 0.4608696 0.4782609 0.3478261 0.3391304 0.3739130 0.5043478 0.3652174 0.4086957 0.4260870 0.4260870
0.2213115 0.1803279 0.1803279 0.1475410 0.2049180 0.1557377 0.2213115 0.2950820 0.3032787 0.3196721 0.2868852
0.01666667 0.06666667 0.05 0.1083333 0.1416667 0.2 0.2416667 0.3083333 0.35 0.3916667 0.3666667
0.8290598 0.7777778 0.8034188 0.7008547 0.5982906 0.5897436 0.4957265 0.3760684 0.3846154 0.3162393 0.1794872
0.9596774 0.9758065 0.9516129 0.967742 0.9435484 0.9354839 0.9193548 0.8709677 0.8951613 0.8790323 0.782258
0.1282051 0.1709402 0.1111111 0.1623932 0.04273504 0.07692308 0.02564103 0.03418803 0.008547009 0.04273504 0.04273504
0.3666667 0.4166667 0.3916667 0.3833333 0.4166667 0.4666667 0.4166667 0.4333333 0.4833333 0.3916667 0.3916667
0.1111111 0.1709402 0.08547009 0.06837607 0.04273504 0.04273504 0.04273504 0.03418803 0.01709402 0.01709402 0.05128205
0.6422764 0.5203252 0.4715447 0.4308943 0.3577236 0.3414634 0.2195122 0.2601626 0.1626016 0.1626016 0.1138211
0.8695652 0.9304348 0.9217391 0.9391304 0.8695652 0.8347826 0.8086957 0.8521739 0.7826087 0.8695652 0.8782609
0.7073171 0.7560976 0.7560976 0.7154472 0.699187 0.7154472 0.7317073 0.6910569 0.7886179 0.7317073 0.796748
0.1209677 0.1370968 0.2419355 0.1935484 0.3467742 0.4193548 0.4435484 0.4435484 0.5322581 0.6209677 0.6209677
0.472 0.408 0.336 0.152 0.224 0.128 0.08 0.032 0.048 0.008 0.032
0.2295082 0.2459016 0.2131148 0.2459016 0.1967213 0.3442623 0.3032787 0.3032787 0.3032787 0.2622951 0.3278689
0.08870968 0.1693548 0.1451613 0.1209677 0.08870968 0.1451613 0.1370968 0.2096774 0.2096774 0.25 0.2822581
0.7777778 0.8034188 0.8034188 0.8290598 0.7863248 0.8376068 0.8547009 0.8547009 0.7863248 0.7692308 0.8290598
0.5967742 0.7741935 0.75 0.7580645 0.6451613 0.6935484 0.7258065 0.6854839 0.7903226 0.6854839 0.6290323
0.4583333 0.425 0.475 0.4833333 0.4916667 0.4916667 0.5166667 0.4916667 0.5583333 0.5583333 0.4666667
0.904 0.888 0.872 0.896 0.864 0.88 0.832 0.856 0.888 0.792 0.728
0.08695652 0.09565217 0.08695652 0.05217391 0.06086957 0.04347826 0.1043478 0.06956522 0.07826087 0.1391304 0.1391304
0.8617886 0.8617886 0.8617886 0.8617886 0.8780488 0.8373984 0.8536585 0.8536585 0.894309 0.7317073 0.804878
0.304 0.336 0.328 0.312 0.304 0.272 0.296 0.208 0.184 0.168 0.184
0.4836066 0.6639344 0.7131148 0.6885246 0.7622951 0.6803279 0.704918 0.8032787 0.8114754 0.8360656 0.852459
0.56 0.48 0.568 0.552 0.536 0.504 0.544 0.488 0.448 0.64 0.552
0.2583333 0.175 0.2166667 0.2083333 0.175 0.1333333 0.1666667 0.075 0.08333333 0.09166667 0.08333333
0.8608696 0.7826087 0.8434783 0.9043478 0.8695652 0.8347826 0.8086957 0.9043478 0.8347826 0.8695652 0.8782609
0.9140625 0.9609375 0.953125 0.90625 0.9375 0.8984375 0.84375 0.90625 0.859375 0.875 0.796875
0.9180328 0.9344262 0.9754098 0.942623 0.9262295 0.8688525 0.8852459 0.8606557 0.8688525 0.8360656 0.852459
0.0625 0.0625 0.03125 0.0625 0.03125 0.03125 0.0390625 0.03125 0.0390625 0.0390625 0.0703125
0.968254 0.984127 0.968254 0.9603175 0.9126984 0.9047619 0.920635 0.8888889 0.8809524 0.8492063 0.8888889
0.6178862 0.5447154 0.4390244 0.4552846 0.4471545 0.3658537 0.3739837 0.4227642 0.3414634 0.2601626 0.2439024
0.4180328 0.3934426 0.2950820 0.3032787 0.1557377 0.1557377 0.07377049 0.04098361 0.04098361 0.04098361 0.04098361
0.3252033 0.300813 0.2357724 0.2357724 0.2601626 0.2439024 0.2520325 0.2113821 0.1463415 0.1626016 0.1219512
0.5217391 0.4695652 0.6173913 0.5652174 0.5652174 0.5565217 0.4782609 0.5652174 0.6173913 0.6173913 0.5217391
0.032 0.04 0.032 0.024 0.048 0.016 0.072 0.088 0.136 0.192 0.2
0.5652174 0.5565217 0.4956522 0.4521739 0.3565217 0.2521739 0.1826087 0.1217391 0.1130435 0.08695652 0.05217391
0.7391304 0.9304348 0.7217391 0.8434783 0.8086957 0.7478261 0.7304348 0.7565217 0.6608696 0.6695652 0.6521739
0.5666667 0.625 0.4916667 0.4916667 0.4916667 0.5 0.5583333 0.425 0.3416667 0.3916667 0.3333333
0.7380952 0.8333333 0.8809524 0.7936508 0.8492063 0.7777778 0.8095238 0.8888889 0.8174603 0.8492063 0.8888889
0.536 0.56 0.624 0.536 0.656 0.624 0.656 0.592 0.672 0.752 0.592
0.3442623 0.4180328 0.2950820 0.3032787 0.2622951 0.2213115 0.2213115 0.2786885 0.2868852 0.3032787 0.3278689
0.896 0.88 0.88 0.896 0.952 0.88 0.92 0.872 0.888 0.88 0.84
0.8145161 0.8629032 0.8225806 0.8306452 0.8709677 0.8225806 0.733871 0.6774194 0.6451613 0.5564516 0.4919355
0.8461538 0.7777778 0.7521368 0.7777778 0.7692308 0.6837607 0.6581197 0.6410256 0.5213675 0.5641026 0.5299145
0.1794872 0.1452991 0.1196581 0.1880342 0.1965812 0.2051282 0.2820513 0.2820513 0.2820513 0.3418803 0.4615385
0.8032787 0.6803279 0.8196721 0.6639344 0.6311475 0.6803279 0.6639344 0.5901639 0.4672131 0.4180328 0.3278689
0.8034188 0.7948718 0.7350427 0.8461538 0.7521368 0.6837607 0.7008547 0.6837607 0.6923077 0.5555556 0.5726496
0.1304348 0.1565217 0.2 0.2173913 0.2695652 0.3739130 0.3043478 0.2782609 0.3304348 0.3304348 0.3304348
0.5 0.4677419 0.4758065 0.4516129 0.5 0.5241935 0.5080645 0.5564516 0.5725806 0.5806452 0.5725806
0.8166667 0.8 0.7833333 0.8 0.725 0.7416667 0.7666667 0.7 0.6833333 0.7333333 0.7083333
0.8951613 0.983871 0.9274194 0.9516129 0.8951613 0.9274194 0.9193548 0.9193548 0.8951613 0.8467742 0.8467742
0.4700855 0.4358974 0.4102564 0.5128205 0.5213675 0.5897436 0.6495726 0.6752137 0.6666667 0.7435897 0.7264957
0.304 0.312 0.352 0.36 0.36 0.392 0.544 0.512 0.48 0.696 0.68
0.5403226 0.6451613 0.6451613 0.7096774 0.7983871 0.8790323 0.8467742 0.8145161 0.8387097 0.7580645 0.7741935
0.09836066 0.1147541 0.1229508 0.09836066 0.1475410 0.1557377 0.2131148 0.2131148 0.3688525 0.3934426 0.4508197
0.4916667 0.4916667 0.475 0.4666667 0.4083333 0.4916667 0.4416667 0.4666667 0.3333333 0.4583333 0.3666667
0.4296875 0.59375 0.5703125 0.625 0.6640625 0.6953125 0.7265625 0.703125 0.703125 0.765625 0.796875
0.8347826 0.8347826 0.7826087 0.7826087 0.826087 0.7565217 0.8521739 0.6173913 0.6347826 0.7043478 0.4260870
0.1328125 0.203125 0.1953125 0.1953125 0.15625 0.2578125 0.296875 0.15625 0.234375 0.1953125 0.2421875
0.2764228 0.2682927 0.2926829 0.2601626 0.3495935 0.3821138 0.3577236 0.4390244 0.4227642 0.504065 0.5528455
0.4140625 0.3671875 0.375 0.3359375 0.390625 0.328125 0.40625 0.375 0.359375 0.28125 0.3671875
0.008333333 0 0.008333333 0 0.01666667 0.025 0.05 0.05 0.04166667 0.09166667 0.1333333
0.3414634 0.3170732 0.2195122 0.1951220 0.1382114 0.1219512 0.0894309 0.07317073 0.04065041 0.04065041 0.03252033
0.2032520 0.2032520 0.06504065 0.0894309 0.06504065 0.02439024 0.04878049 0.04878049 0.02439024 0.008130081 0.03252033
0.4919355 0.4596774 0.4758065 0.5322581 0.5 0.516129 0.6209677 0.5967742 0.5967742 0.5806452 0.6370968
0.6774194 0.75 0.7016129 0.766129 0.7419355 0.6774194 0.7580645 0.733871 0.8064516 0.8064516 0.8467742
0.28125 0.2890625 0.375 0.40625 0.46875 0.546875 0.59375 0.6796875 0.703125 0.703125 0.6640625
0.9130435 0.9217391 0.8869565 0.8695652 0.8695652 0.9130435 0.8782609 0.9043478 0.9043478 0.8695652 0.8782609
0.007936508 0.007936508 0.01587302 0.06349206 0.06349206 0.1031746 0.2619048 0.3095238 0.3650794 0.4206349 0.4365079
0.3391304 0.3913043 0.3565217 0.4521739 0.5913043 0.5913043 0.7391304 0.7391304 0.8347826 0.8695652 0.8782609
0.2377049 0.1557377 0.2377049 0.2131148 0.2704918 0.1885246 0.3442623 0.3770492 0.3770492 0.4508197 0.4016393
0.5083333 0.4666667 0.4666667 0.4583333 0.475 0.4666667 0.4166667 0.475 0.525 0.6 0.5666667
0.4583333 0.4833333 0.475 0.475 0.4083333 0.3916667 0.2916667 0.2083333 0.175 0.15 0.1333333
0.2032520 0.2032520 0.2113821 0.2601626 0.2439024 0.2682927 0.3414634 0.398374 0.4308943 0.495935 0.6747967
0.6048387 0.5645161 0.5564516 0.717742 0.6370968 0.6290323 0.733871 0.7903226 0.8387097 0.8790323 0.5806452
0.3913043 0.4434783 0.4 0.5652174 0.4260870 0.5043478 0.4782609 0.5652174 0.5565217 0.5304348 0.5043478
0.3577236 0.2845528 0.2601626 0.2357724 0.2032520 0.2195122 0.1626016 0.1544715 0.09756098 0.0894309 0.1138211
0.007936508 0.01587302 0.02380952 0.06349206 0.06349206 0.07142857 0.1904762 0.1746032 0.3095238 0.3253968 0.3174603
0.7063492 0.6746032 0.6269841 0.7063492 0.6111111 0.5238095 0.5079365 0.5555556 0.484127 0.4285714 0.4761905
0.06349206 0.02380952 0.0952381 0.06349206 0.1190476 0.1111111 0.1904762 0.2380952 0.2380952 0.3095238 0.3095238
0.5528455 0.5934959 0.4390244 0.4308943 0.3577236 0.2682927 0.2195122 0.1951220 0.1463415 0.1626016 0.1138211
0.5641026 0.6410256 0.5470085 0.5897436 0.5982906 0.5641026 0.6837607 0.6068376 0.6923077 0.5897436 0.6324786
0.592 0.608 0.568 0.552 0.448 0.352 0.36 0.352 0.368 0.304 0.304
0.1587302 0.1746032 0.1984127 0.2222222 0.2619048 0.2698413 0.3253968 0.3492063 0.4285714 0.4285714 0.4126984
0.9349593 0.9756098 0.9674797 0.8861789 0.9105691 0.9268293 0.9349593 0.8536585 0.894309 0.8536585 0.8617886
0.9391304 0.9304348 0.9391304 0.9391304 0.9130435 0.9217391 0.9565217 0.9043478 0.9043478 0.8695652 0.8782609
0.9596774 0.9193548 0.9516129 0.967742 0.9435484 0.9354839 0.9193548 0.8709677 0.8951613 0.8790323 0.782258
0.05128205 0.03418803 0.08547009 0.05982906 0.07692308 0.08547009 0.1709402 0.1965812 0.2307692 0.2393162 0.2393162
0.5409836 0.4754098 0.4426230 0.4426230 0.2704918 0.1885246 0.1967213 0.08196721 0.09016393 0.06557377 0.06557377
0.1478261 0.1478261 0.1652174 0.08695652 0.1043478 0.07826087 0.08695652 0.1130435 0.1043478 0.1043478 0.06086957
0.8951613 0.8790323 0.8870968 0.8951613 0.9193548 0.9354839 0.8870968 0.8387097 0.8951613 0.8790323 0.782258
0.2903226 0.3064516 0.2338710 0.1693548 0.1451613 0.1532258 0.1935484 0.1935484 0.2177419 0.1290323 0.1209677
0.5043478 0.5565217 0.5391304 0.6086957 0.6 0.5913043 0.6608696 0.6608696 0.7217391 0.7043478 0.7565217
0.06666667 0.09166667 0.06666667 0.1083333 0.04166667 0.05833333 0.05833333 0.05 0.05833333 0.04166667 0.08333333
0.225 0.2 0.175 0.1333333 0.1666667 0.1083333 0.1166667 0.075 0.1 0.05 0.06666667
0.4112903 0.4677419 0.4758065 0.483871 0.5 0.4596774 0.6854839 0.5241935 0.5887097 0.4919355 0.5725806
0.256 0.296 0.336 0.28 0.328 0.352 0.344 0.328 0.384 0.328 0.344
0.6935484 0.516129 0.516129 0.5241935 0.4112903 0.4596774 0.4193548 0.3870968 0.3709677 0.2661290 0.2741935
0.03418803 0.04273504 0.06837607 0.05982906 0.03418803 0.04273504 0.07692308 0.06837607 0.1367521 0.1111111 0.1709402
0.983871 0.9274194 0.967742 0.9516129 0.8870968 0.9274194 0.9193548 0.9193548 0.8951613 0.8467742 0.8467742
0.5083333 0.5333333 0.4833333 0.4333333 0.4166667 0.475 0.3583333 0.3833333 0.3416667 0.375 0.325
0.6311475 0.7131148 0.704918 0.6065574 0.5655738 0.5983607 0.5737705 0.4590164 0.5409836 0.4836066 0.4836066
0.8387097 0.8064516 0.8225806 0.8306452 0.8145161 0.8306452 0.8225806 0.8387097 0.8387097 0.7903226 0.782258
0.983871 0.983871 0.967742 0.9516129 0.9435484 0.9274194 0.9193548 0.9193548 0.8951613 0.8467742 0.8467742
0.15 0.15 0.1416667 0.075 0.06666667 0.03333333 0.03333333 0.03333333 0.025 0.04166667 0.06666667
0.8290598 0.8717949 0.8547009 0.8119658 0.8461538 0.8119658 0.8547009 0.8119658 0.8803419 0.8205128 0.8290598
0.948718 0.957265 0.982906 0.923077 0.923077 0.948718 0.9059829 0.8547009 0.8803419 0.8205128 0.8290598
0.8416667 0.8333333 0.825 0.7083333 0.825 0.7666667 0.7083333 0.8166667 0.7666667 0.6333333 0.5833333
0.5826087 0.7652174 0.7130435 0.8 0.7652174 0.8521739 0.8086957 0.8521739 0.8347826 0.826087 0.8782609
0.4262295 0.4754098 0.4180328 0.3934426 0.4672131 0.3852459 0.4180328 0.4262295 0.4262295 0.4754098 0.4508197
0.3760684 0.2735043 0.4188034 0.5128205 0.5384615 0.6068376 0.7264957 0.7435897 0.8205128 0.5897436 0.7606838
0.7565217 0.7826087 0.7304348 0.6173913 0.6434783 0.5043478 0.4 0.3913043 0.3391304 0.3304348 0.3304348
0.544 0.552 0.552 0.456 0.4 0.368 0.344 0.232 0.144 0.12 0.088
