0.795082 0.7295082 0.7540984 0.7295082 0.6967213 0.6803279 0.704918 0.6803279 0.6147541 0.5737705 0.647541
0.7603306 0.6363636 0.6033058 0.6942149 0.661157 0.7024793 0.6363636 0.6942149 0.6859504 0.6363636 0.5867769
0.8770492 0.8688525 0.8278689 0.8688525 0.8852459 0.8688525 0.8688525 0.795082 0.8278689 0.7868852 0.8032787
0.8135593 0.8644068 0.8644068 0.8559322 0.779661 0.7118644 0.6101695 0.6101695 0.5847458 0.4067797 0.4152542
0.1875 0.15625 0.171875 0.203125 0.1640625 0.15625 0.1484375 0.2421875 0.2734375 0.2734375 0.296875
0.7416667 0.7833333 0.7833333 0.775 0.85 0.9083333 0.9416667 0.8666667 0.925 0.9083333 0.8666667
0.1557377 0.1721311 0.1229508 0.1393443 0.1803279 0.1885246 0.3278689 0.3360656 0.4016393 0.3852459 0.3934426
0.677686 0.6859504 0.7768595 0.7272727 0.8347107 0.7520661 0.7024793 0.6528926 0.6859504 0.6363636 0.5785124
0.2601626 0.2601626 0.2682927 0.3333333 0.3577236 0.4065041 0.4634146 0.5447154 0.5203252 0.5691057 0.5121951
0.312 0.432 0.376 0.392 0.392 0.536 0.664 0.648 0.68 0.728 0.688
0.02380952 0.01587302 0.04761905 0.07142857 0.05555556 0.0952381 0.1349206 0.2063492 0.3015873 0.3095238 0.3650794
0.7179487 0.8205128 0.6495726 0.7777778 0.7777778 0.7094017 0.7692308 0.6410256 0.6581197 0.6068376 0.6495726
0.7692308 0.8205128 0.5982906 0.7008547 0.8803419 0.6837607 0.6068376 0.6410256 0.5811966 0.5042735 0.4358974
0.4793388 0.5206612 0.5289256 0.5041322 0.5950413 0.661157 0.6528926 0.661157 0.6446281 0.6859504 0.7272727
0.1370968 0.08870968 0.0967742 0.0967742 0.1129032 0.1774194 0.1774194 0.2177419 0.3145161 0.2661290 0.2741935
0.3125 0.2890625 0.390625 0.25 0.1796875 0.265625 0.2265625 0.21875 0.2421875 0.2578125 0.3046875
0.1854839 0.2258065 0.3629032 0.4032258 0.5483871 0.5080645 0.5241935 0.6693548 0.6532258 0.7096774 0.6290323
0.4710744 0.5123967 0.5289256 0.553719 0.5619835 0.6363636 0.6859504 0.661157 0.677686 0.6694215 0.7603306
0.896 0.888 0.888 0.856 0.92 0.944 0.848 0.84 0.808 0.768 0.768
0.9745763 0.898305 0.8728814 0.8728814 0.898305 0.9067797 0.881356 0.9067797 0.898305 0.7457627 0.838983
0.2916667 0.325 0.375 0.475 0.4416667 0.5833333 0.4916667 0.625 0.6416667 0.6666667 0.6666667
0.2845528 0.2601626 0.3252033 0.4065041 0.3089431 0.3902439 0.3577236 0.3739837 0.4390244 0.4308943 0.5121951
0.704918 0.647541 0.6639344 0.7622951 0.7786885 0.7213115 0.8114754 0.795082 0.7786885 0.9180328 0.8770492
0.4793388 0.446281 0.446281 0.4710744 0.4297521 0.4132231 0.338843 0.3966942 0.4132231 0.4380165 0.4380165
0.1694915 0.05932203 0.1525424 0.1271186 0.1186441 0.07627119 0.05932203 0.07627119 0.05932203 0.1016949 0.1101695
0.1854839 0.2177419 0.1774194 0.2338710 0.2983871 0.2822581 0.3870968 0.3951613 0.516129 0.5080645 0.6290323
0.8166667 0.7916667 0.725 0.6166667 0.4666667 0.5166667 0.4 0.35 0.2416667 0.2 0.1333333
0.9752066 0.983471 0.9586777 0.9421488 0.9669421 0.9338843 0.9421488 0.9008264 0.892562 0.8429752 0.8347107
0.1854839 0.1854839 0.1774194 0.1693548 0.08064516 0.05645161 0.05645161 0.03225806 0.03225806 0.04032258 0.06451613
0.4188034 0.4102564 0.4102564 0.4700855 0.4017094 0.3675214 0.4102564 0.4358974 0.4529915 0.4188034 0.3333333
0.06557377 0.03278689 0.04098361 0.01639344 0.01639344 0.02459016 0.01639344 0.008196721 0.008196721 0.008196721 0.008196721
0.6129032 0.5967742 0.5725806 0.5 0.4435484 0.4274194 0.3387097 0.2258065 0.2258065 0.1774194 0.1370968
0.9180328 0.8442623 0.909836 0.9508197 0.8852459 0.8688525 0.8114754 0.8852459 0.8934426 0.795082 0.8770492
0.7190083 0.8181818 0.7190083 0.7272727 0.785124 0.8099174 0.8181818 0.6942149 0.7603306 0.7933884 0.7603306
0.1111111 0.1111111 0.2460317 0.2777778 0.3095238 0.4206349 0.4285714 0.468254 0.6269841 0.6269841 0.6031746
0.44 0.344 0.24 0.216 0.088 0.064 0.008 0.008 0 0.008 0.016
0.3666667 0.3416667 0.35 0.3916667 0.3666667 0.3666667 0.4333333 0.35 0.3666667 0.4166667 0.3916667
0.05932203 0.04237288 0.05084746 0.09322034 0.08474576 0.08474576 0.06779661 0.08474576 0.1186441 0.1610169 0.1355932
0.8461538 0.91453 0.8034188 0.7179487 0.948718 0.8376068 0.8376068 0.9059829 0.7008547 0.7521368 0.8632479
0.7542373 0.661017 0.8135593 0.7627119 0.7627119 0.8220339 0.8305085 0.7118644 0.6864407 0.6016949 0.5847458
0.6694215 0.677686 0.5702479 0.6446281 0.6859504 0.6859504 0.7024793 0.7024793 0.5702479 0.5619835 0.4793388
0.88 0.928 0.912 0.856 0.912 0.872 0.848 0.84 0.888 0.816 0.688
0.1190476 0.1349206 0.1031746 0.06349206 0.07936508 0.08730159 0.05555556 0.07936508 0.1269841 0.1031746 0.1190476
0.785124 0.8677686 0.9008264 0.9090909 0.8347107 0.8099174 0.8099174 0.9008264 0.892562 0.8429752 0.768595
0.2338710 0.2258065 0.2741935 0.2580645 0.2419355 0.2419355 0.1774194 0.2016129 0.1693548 0.1532258 0.1370968
0.609375 0.59375 0.6015625 0.59375 0.6328125 0.6015625 0.546875 0.6796875 0.71875 0.7421875 0.65625
0.4444444 0.531746 0.484127 0.4603175 0.4603175 0.5873016 0.5238095 0.515873 0.5793651 0.547619 0.5714286
0.168 0.24 0.12 0.096 0.072 0.08 0.08 0.072 0.096 0.136 0.176
0.9 0.875 0.8916667 0.875 0.9 0.9083333 0.9416667 0.9 0.925 0.9083333 0.8666667
0.9067797 0.898305 0.9237288 0.8728814 0.898305 0.8559322 0.8474576 0.9067797 0.898305 0.7881356 0.838983
0.975 0.9583333 0.9416667 0.9666667 0.925 0.95 0.9416667 0.9 0.925 0.9083333 0.8666667
0.03174603 0.03968254 0.06349206 0.04761905 0.03174603 0.03174603 0.02380952 0.02380952 0.02380952 0.03174603 0.03968254
0.9919355 0.9758065 0.9516129 0.9516129 0.9516129 0.9354839 0.9354839 0.8870968 0.8709677 0.8225806 0.8225806
0.3333333 0.1904762 0.1984127 0.1746032 0.2063492 0.1746032 0.1984127 0.2222222 0.1349206 0.1428571 0.1269841
0.440678 0.3983051 0.3050847 0.2881356 0.2627119 0.1694915 0.1016949 0.09322034 0.02542373 0.02542373 0.008474576
0.4700855 0.3931624 0.4444444 0.4700855 0.3760684 0.4273504 0.4188034 0.4017094 0.3675214 0.2735043 0.2735043
0.5853659 0.6097561 0.4878049 0.4878049 0.5691057 0.4552846 0.4796748 0.495935 0.4552846 0.4146341 0.4796748
0.1300813 0.03252033 0.06504065 0.04065041 0.06504065 0.04878049 0.01626016 0.02439024 0.06504065 0.1300813 0.1382114
0.528 0.48 0.464 0.392 0.344 0.248 0.152 0.072 0.096 0.056 0.032
0.7886179 0.7154472 0.6829268 0.7235772 0.7479675 0.7642276 0.7317073 0.7235772 0.7154472 0.6829268 0.7479675
0.3813559 0.3898305 0.3050847 0.3305085 0.3305085 0.2542373 0.3050847 0.2542373 0.2118644 0.1864407 0.1355932
0.828125 0.7890625 0.703125 0.828125 0.7578125 0.828125 0.8125 0.75 0.7265625 0.7578125 0.6953125
0.525 0.4166667 0.5833333 0.6083333 0.55 0.5916667 0.6166667 0.75 0.6916667 0.8333333 0.8666667
0.1796875 0.171875 0.2265625 0.1796875 0.2109375 0.2578125 0.2734375 0.359375 0.375 0.4140625 0.4296875
0.876033 0.9008264 0.9586777 0.9090909 0.9173554 0.8677686 0.9421488 0.9008264 0.8181818 0.8429752 0.8347107
0.8898305 0.7627119 0.7457627 0.7627119 0.7966102 0.6440678 0.6101695 0.6101695 0.6355932 0.4237288 0.440678
0.6854839 0.733871 0.7016129 0.6048387 0.7016129 0.6612903 0.6129032 0.5322581 0.4919355 0.4758065 0.4516129
0.1016949 0.05084746 0.1186441 0.1440678 0.1525424 0.1440678 0.1779661 0.2711864 0.2288136 0.2542373 0.2711864
0.795082 0.6967213 0.8114754 0.7622951 0.7295082 0.6803279 0.6311475 0.6065574 0.557377 0.5409836 0.6147541
0.8114754 0.8032787 0.8770492 0.8032787 0.7786885 0.795082 0.7786885 0.795082 0.6803279 0.7459016 0.6885246
0.02542373 0.05084746 0.04237288 0.1271186 0.1101695 0.09322034 0.1355932 0.1694915 0.1694915 0.1864407 0.1355932
0.4700855 0.4615385 0.4102564 0.4188034 0.3846154 0.3504274 0.4529915 0.3589744 0.3760684 0.4273504 0.4957265
0.6694215 0.7107438 0.785124 0.6446281 0.7024793 0.7024793 0.7024793 0.7190083 0.677686 0.7933884 0.7603306
0.9344262 0.9590164 0.9508197 0.9016393 0.9344262 0.9508197 0.9262295 0.8852459 0.8934426 0.9180328 0.8770492
0.225 0.325 0.3166667 0.4 0.3916667 0.4666667 0.5166667 0.6666667 0.5666667 0.6166667 0.7916667
0.4491525 0.4491525 0.4915254 0.5338983 0.5508475 0.6016949 0.6864407 0.7288136 0.6440678 0.7457627 0.7457627
0.525 0.6833333 0.6416667 0.7916667 0.7666667 0.8666667 0.8916667 0.8583333 0.925 0.9083333 0.8666667
0.2520325 0.2195122 0.3089431 0.300813 0.3089431 0.3495935 0.3414634 0.4308943 0.3658537 0.3495935 0.4146341
0.4957265 0.6068376 0.5641026 0.4700855 0.5726496 0.5042735 0.4529915 0.4957265 0.5384615 0.5726496 0.6239316
0.4957265 0.3760684 0.5128205 0.3931624 0.3846154 0.4615385 0.4615385 0.4358974 0.4871795 0.4529915 0.6239316
0.5299145 0.4700855 0.5128205 0.5641026 0.6324786 0.6239316 0.5213675 0.4700855 0.4700855 0.5128205 0.4358974
0.2338710 0.2338710 0.2741935 0.2661290 0.25 0.2741935 0.2580645 0.2822581 0.2016129 0.2419355 0.25
0.352459 0.3360656 0.4426230 0.5081967 0.5409836 0.4344262 0.5 0.4918033 0.4426230 0.4672131 0.5901639
0.4016393 0.3934426 0.4508197 0.3852459 0.4344262 0.4836066 0.4098361 0.4426230 0.4426230 0.4590164 0.3688525
0.008474576 0.03389831 0.04237288 0.03389831 0.06779661 0.05932203 0.07627119 0.07627119 0.1271186 0.1610169 0.1610169
0.1951220 0.2113821 0.1951220 0.0894309 0.0894309 0.04878049 0.04878049 0.03252033 0.04878049 0.02439024 0.04065041
0.1587302 0.1031746 0.04761905 0.03968254 0.02380952 0.01587302 0.01587302 0.01587302 0.007936508 0.007936508 0.02380952
0.2809917 0.4132231 0.4049587 0.3966942 0.4297521 0.5041322 0.5619835 0.5371901 0.5041322 0.5785124 0.5867769
0.6328125 0.671875 0.734375 0.6171875 0.7265625 0.65625 0.703125 0.8046875 0.8515625 0.703125 0.7578125
0.2857143 0.3571429 0.3571429 0.4444444 0.4761905 0.484127 0.6111111 0.6825397 0.6746032 0.7063492 0.6825397
0.9032258 0.967742 0.8467742 0.8709677 0.8790323 0.8064516 0.7580645 0.782258 0.8306452 0.766129 0.766129
0.03305785 0.008264463 0.01652893 0.04132231 0.1570248 0.2148760 0.3305785 0.3884298 0.4214876 0.446281 0.4628099
0.325 0.35 0.275 0.4166667 0.45 0.5583333 0.7 0.725 0.7666667 0.8333333 0.7916667
0.1951220 0.1707317 0.2195122 0.2845528 0.2601626 0.2845528 0.3333333 0.3902439 0.4065041 0.398374 0.5528455
0.4700855 0.4700855 0.4871795 0.3760684 0.4017094 0.4273504 0.4102564 0.4273504 0.3931624 0.4358974 0.4017094
0.3333333 0.3333333 0.3760684 0.2735043 0.3333333 0.2393162 0.2735043 0.2735043 0.2222222 0.1880342 0.2136752
0.1694915 0.1016949 0.1525424 0.1525424 0.1949153 0.1779661 0.2033898 0.2966102 0.2881356 0.3305085 0.3220339
0.6666667 0.6341463 0.601626 0.6666667 0.7073171 0.6747967 0.7642276 0.7642276 0.7560976 0.6910569 0.7560976
0.3688525 0.4098361 0.4508197 0.5409836 0.4754098 0.5245902 0.6557377 0.5327869 0.6147541 0.5819672 0.5901639
0.336 0.336 0.352 0.248 0.24 0.128 0.152 0.096 0.12 0.08 0.08
0.02564103 0.04273504 0.05128205 0.1025641 0.08547009 0.1282051 0.1965812 0.1880342 0.1623932 0.2136752 0.2393162
0.8119658 0.6666667 0.6324786 0.6410256 0.5470085 0.5042735 0.5299145 0.4358974 0.4700855 0.4615385 0.3589744
0.1300813 0.09756098 0.1626016 0.1219512 0.1463415 0.2195122 0.3252033 0.2845528 0.300813 0.3495935 0.3089431
0.55 0.6416667 0.5916667 0.475 0.4166667 0.35 0.3083333 0.325 0.15 0.1166667 0.175
0.5555556 0.5634921 0.4206349 0.5793651 0.4761905 0.515873 0.484127 0.5555556 0.6269841 0.6269841 0.6190476
0.7521368 0.7350427 0.6495726 0.6410256 0.5726496 0.5811966 0.4957265 0.4700855 0.4700855 0.4957265 0.5128205
0.1583333 0.2333333 0.175 0.2916667 0.3083333 0.35 0.3666667 0.3833333 0.4333333 0.45 0.4083333
0.9067797 0.9237288 0.9745763 0.8728814 0.9322034 0.940678 0.881356 0.9067797 0.898305 0.838983 0.838983
0.856 0.912 0.888 0.928 0.88 0.944 0.848 0.88 0.888 0.816 0.856
0.953125 0.90625 0.9609375 0.96875 0.9375 0.9296875 0.9140625 0.9140625 0.9140625 0.875 0.90625
0.4786325 0.4017094 0.4529915 0.4444444 0.4786325 0.4358974 0.4957265 0.4273504 0.4871795 0.4615385 0.6239316
0.525 0.55 0.4333333 0.3916667 0.2666667 0.2416667 0.1916667 0.1 0.075 0.1166667 0.05
0.02564103 0.03418803 0.01709402 0.008547009 0 0.008547009 0 0.008547009 0.008547009 0 0.01709402
0.888 0.896 0.92 0.888 0.912 0.872 0.896 0.88 0.888 0.816 0.856
0.32 0.32 0.28 0.224 0.24 0.128 0.152 0.184 0.208 0.2 0.176
0.5299145 0.5726496 0.5213675 0.6410256 0.5470085 0.7008547 0.6923077 0.7948718 0.6923077 0.8119658 0.7606838
0.1300813 0.1138211 0.0894309 0.08130081 0.0894309 0.1219512 0.1138211 0.1138211 0.1382114 0.1463415 0.1869919
0.1949153 0.2033898 0.2288136 0.1779661 0.1694915 0.1779661 0.1101695 0.09322034 0.1694915 0.1440678 0.1271186
0.3966942 0.446281 0.446281 0.4710744 0.5289256 0.553719 0.5702479 0.6280992 0.5041322 0.4876033 0.553719
0.3387097 0.3467742 0.3145161 0.3145161 0.2903226 0.3145161 0.3467742 0.3629032 0.3467742 0.3145161 0.3548387
0.6 0.4916667 0.6 0.5333333 0.425 0.4666667 0.4 0.35 0.3333333 0.25 0.2
0.024 0.016 0.008 0.024 0.056 0.064 0.08 0.072 0.096 0.144 0.16
0.920635 0.9126984 0.936508 0.8888889 0.9285714 0.8968254 0.8888889 0.8968254 0.9285714 0.8650794 0.8253968
0.5123967 0.5371901 0.5206612 0.4793388 0.4297521 0.3801653 0.3966942 0.3553719 0.3305785 0.2727273 0.2561983
0.8145161 0.7419355 0.7419355 0.782258 0.8064516 0.7258065 0.6612903 0.5887097 0.5645161 0.5887097 0.5080645
0.8606557 0.8442623 0.8770492 0.8032787 0.8852459 0.9016393 0.795082 0.7868852 0.8360656 0.795082 0.8770492
0.9756098 1 0.9674797 0.9430894 0.9186992 0.902439 0.9105691 0.9105691 0.8780488 0.8373984 0.8130081
0.08474576 0.09322034 0.05084746 0.03389831 0.07627119 0.03389831 0.008474576 0.008474576 0.02542373 0.03389831 0.03389831
0.6666667 0.7 0.6416667 0.7916667 0.8416667 0.825 0.8083333 0.8583333 0.7916667 0.85 0.7916667
0.9296875 0.953125 0.9609375 0.96875 0.9375 0.9296875 0.9140625 0.9140625 0.9140625 0.875 0.90625
0.6416667 0.6416667 0.575 0.6166667 0.5166667 0.5916667 0.4666667 0.4 0.3666667 0.325 0.2583333
0.7094017 0.6068376 0.6752137 0.6410256 0.8461538 0.7606838 0.7264957 0.9059829 0.7948718 0.8119658 0.8632479
0.3688525 0.2704918 0.2786885 0.2868852 0.2377049 0.2540984 0.2459016 0.1803279 0.1557377 0.1229508 0.1639344
0.6186441 0.6525424 0.7457627 0.7627119 0.779661 0.898305 0.8305085 0.8135593 0.7881356 0.838983 0.838983
0.7642276 0.7073171 0.7398374 0.6422764 0.6422764 0.5853659 0.5691057 0.4715447 0.4390244 0.4308943 0.3495935
0.5726496 0.5384615 0.4273504 0.4615385 0.4786325 0.4615385 0.4529915 0.4358974 0.4188034 0.2735043 0.2735043
