0.068 0.028 0.058 0.04 0.068 0.06 0.046 0.04 0.056 0.046 0.048
0.068 0.064 0.092 0.068 0.05 0.072 0.044 0.05 0.046 0.04 0.032
0.012 0.012 0.02 0.008 0.014 0.008 0.012 0.01 0.01 0.002 0.004
0.052 0.066 0.05 0.042 0.056 0.052 0.088 0.06 0.088 0.094 0.124
0.302 0.3 0.306 0.302 0.286 0.262 0.164 0.19 0.204 0.18 0.19
0.02 0.018 0.016 0.008 0.012 0.008 0.004 0 0.002 0.002 0.002
0.294 0.292 0.286 0.24 0.29 0.228 0.218 0.176 0.136 0.108 0.088
0.044 0.024 0.018 0.016 0.03 0.012 0.018 0.012 0.03 0.018 0.024
0.136 0.114 0.082 0.094 0.066 0.054 0.044 0.026 0.016 0.014 0.014
0.178 0.182 0.19 0.12 0.108 0.078 0.064 0.046 0.022 0.012 0.014
0.366 0.35 0.364 0.258 0.248 0.228 0.166 0.186 0.146 0.098 0.102
0.034 0.03 0.026 0.014 0.02 0.018 0.018 0.024 0.014 0.014 0.018
0.01 0.016 0.03 0.02 0.022 0.022 0.042 0.02 0.036 0.056 0.08
0.146 0.13 0.154 0.096 0.084 0.07 0.06 0.032 0.018 0.012 0.02
0.392 0.392 0.39 0.458 0.462 0.47 0.488 0.452 0.476 0.454 0.448
0.224 0.234 0.24 0.242 0.254 0.284 0.296 0.262 0.296 0.25 0.218
0.34 0.246 0.182 0.162 0.112 0.068 0.058 0.04 0.024 0.02 0.006
0.16 0.164 0.114 0.108 0.086 0.06 0.052 0.048 0.028 0.026 0.01
0.004 0.006 0.004 0.008 0.004 0.002 0.008 0.004 0.002 0.002 0.002
0.008 0.022 0.02 0.014 0.012 0.014 0.018 0.01 0.002 0.006 0.006
0.108 0.122 0.096 0.084 0.086 0.058 0.024 0.032 0.018 0.016 0.014
0.232 0.212 0.204 0.146 0.18 0.182 0.18 0.142 0.09 0.082 0.054
0.042 0.024 0.032 0.012 0.024 0.008 0.028 0.018 0.008 0.006 0.004
0.078 0.12 0.124 0.134 0.154 0.144 0.172 0.132 0.144 0.116 0.122
0.328 0.352 0.35 0.414 0.418 0.402 0.446 0.434 0.418 0.4 0.45
0.266 0.238 0.214 0.182 0.126 0.098 0.072 0.04 0.034 0.03 0.014
0.04 0.054 0.042 0.064 0.112 0.124 0.158 0.212 0.236 0.298 0.374
0.016 0.012 0.01 0.002 0 0 0.006 0.002 0 0.002 0.002
0.306 0.298 0.322 0.34 0.308 0.346 0.378 0.402 0.42 0.394 0.372
0.132 0.112 0.132 0.108 0.114 0.112 0.112 0.12 0.138 0.126 0.126
0.46 0.454 0.454 0.38 0.448 0.514 0.43 0.464 0.454 0.46 0.484
0.058 0.054 0.086 0.06 0.104 0.09 0.088 0.11 0.13 0.138 0.178
0.018 0.014 0.006 0.004 0.006 0.004 0.008 0.006 0.004 0.006 0
0.026 0.022 0.02 0.018 0.028 0.016 0.018 0.014 0.006 0.012 0.006
0.388 0.284 0.274 0.242 0.15 0.132 0.086 0.056 0.064 0.034 0.018
0.13 0.156 0.194 0.164 0.272 0.296 0.34 0.364 0.41 0.418 0.43
0.186 0.188 0.184 0.152 0.178 0.132 0.15 0.116 0.104 0.082 0.112
0.45 0.502 0.478 0.51 0.498 0.504 0.504 0.492 0.468 0.442 0.47
0.034 0.038 0.05 0.044 0.04 0.054 0.032 0.028 0.036 0.026 0.03
0.032 0.036 0.034 0.038 0.022 0.014 0.022 0.016 0.012 0.008 0.008
0.086 0.088 0.09 0.082 0.052 0.058 0.084 0.046 0.066 0.058 0.036
0.038 0.06 0.05 0.076 0.04 0.028 0.018 0.028 0.008 0.01 0.016
0.41 0.422 0.418 0.346 0.364 0.376 0.32 0.36 0.286 0.278 0.252
0.018 0.02 0.016 0.02 0.01 0.006 0 0.012 0.006 0.002 0.01
0.19 0.202 0.222 0.25 0.248 0.238 0.218 0.244 0.262 0.256 0.296
0.082 0.06 0.064 0.062 0.052 0.04 0.046 0.032 0.012 0.016 0.006
0.126 0.12 0.118 0.092 0.088 0.076 0.07 0.054 0.054 0.044 0.024
0.178 0.19 0.176 0.224 0.196 0.18 0.242 0.218 0.212 0.214 0.202
0.01 0.004 0.008 0.01 0.008 0.008 0.012 0.002 0.004 0 0
0.004 0.004 0.004 0 0.004 0.002 0 0 0.002 0.002 0
0.008 0.004 0.006 0.006 0.006 0.004 0.004 0 0.002 0 0
0.288 0.284 0.274 0.264 0.272 0.308 0.27 0.286 0.298 0.284 0.318
0.002 0.004 0 0.002 0 0.004 0 0 0 0.002 0
0.18 0.194 0.262 0.282 0.254 0.246 0.28 0.306 0.28 0.274 0.272
0.102 0.108 0.13 0.14 0.196 0.2 0.264 0.27 0.35 0.45 0.442
0.148 0.148 0.174 0.184 0.178 0.18 0.178 0.192 0.202 0.262 0.272
0.082 0.058 0.064 0.038 0.054 0.05 0.058 0.064 0.038 0.048 0.034
0.402 0.382 0.41 0.394 0.408 0.418 0.408 0.394 0.346 0.332 0.336
0.042 0.06 0.054 0.078 0.07 0.074 0.124 0.128 0.166 0.244 0.272
0.042 0.052 0.046 0.044 0.036 0.042 0.02 0.028 0.014 0.018 0.02
0.224 0.214 0.176 0.182 0.216 0.222 0.23 0.248 0.29 0.244 0.286
0.012 0.012 0.012 0.006 0.01 0.004 0.004 0.002 0.002 0 0.002
0.118 0.114 0.088 0.072 0.07 0.056 0.046 0.054 0.018 0.016 0.01
0.278 0.254 0.226 0.22 0.206 0.184 0.198 0.14 0.142 0.094 0.052
0.02 0.008 0.014 0.014 0.012 0.01 0.002 0.006 0 0.002 0.004
0.014 0.012 0.01 0.004 0.012 0.01 0.004 0.006 0.002 0.008 0.004
0.05 0.052 0.064 0.054 0.076 0.038 0.08 0.076 0.054 0.068 0.042
0.298 0.302 0.224 0.258 0.268 0.188 0.186 0.134 0.142 0.128 0.086
0.042 0.03 0.032 0.044 0.034 0.034 0.036 0.026 0.03 0.024 0.038
0.04 0.034 0.042 0.042 0.044 0.042 0.026 0.022 0.026 0.02 0.018
0.312 0.25 0.194 0.226 0.158 0.158 0.134 0.138 0.144 0.15 0.134
0.144 0.128 0.108 0.126 0.108 0.102 0.08 0.082 0.05 0.046 0.036
0.066 0.06 0.07 0.06 0.024 0.056 0.036 0.032 0.018 0.014 0.008
0.008 0.018 0.004 0.006 0.006 0.002 0.002 0.004 0 0.004 0.002
0.108 0.098 0.082 0.042 0.036 0.06 0.042 0.024 0.018 0.014 0.004
0.212 0.178 0.158 0.13 0.124 0.106 0.042 0.052 0.048 0.024 0.026
0.098 0.068 0.056 0.032 0.028 0.01 0.01 0.008 0.002 0.006 0.004
0.302 0.28 0.23 0.218 0.2 0.17 0.172 0.124 0.138 0.102 0.066
0.088 0.07 0.06 0.072 0.066 0.058 0.054 0.042 0.032 0.026 0.028
0.114 0.13 0.08 0.106 0.098 0.07 0.04 0.036 0.036 0.016 0.014
0.056 0.042 0.044 0.038 0.044 0.044 0.064 0.084 0.084 0.12 0.136
0.226 0.198 0.204 0.186 0.186 0.15 0.158 0.158 0.142 0.162 0.154
0.214 0.176 0.16 0.136 0.112 0.106 0.084 0.086 0.082 0.054 0.05
0.136 0.102 0.124 0.12 0.138 0.134 0.106 0.1 0.078 0.09 0.08
0.566 0.548 0.536 0.514 0.416 0.476 0.452 0.394 0.386 0.336 0.318
0.146 0.168 0.196 0.206 0.288 0.23 0.306 0.362 0.386 0.384 0.442
0.33 0.332 0.372 0.424 0.45 0.472 0.458 0.496 0.518 0.566 0.522
0.094 0.09 0.07 0.068 0.06 0.072 0.032 0.026 0.01 0.018 0.004
0.066 0.052 0.032 0.052 0.032 0.024 0.026 0.008 0.01 0.012 0.002
0.224 0.23 0.168 0.14 0.104 0.09 0.09 0.064 0.04 0.04 0.03
0.004 0.008 0.01 0.004 0.012 0.014 0.01 0.004 0.006 0.008 0.004
0.518 0.484 0.466 0.456 0.418 0.3 0.246 0.188 0.18 0.132 0.106
0.218 0.168 0.136 0.13 0.094 0.078 0.034 0.046 0.014 0.01 0.014
0.306 0.324 0.268 0.206 0.224 0.198 0.188 0.16 0.092 0.084 0.052
0.166 0.128 0.126 0.146 0.102 0.11 0.094 0.066 0.062 0.058 0.058
0.196 0.176 0.172 0.206 0.222 0.218 0.218 0.23 0.266 0.276 0.302
0.264 0.244 0.246 0.234 0.172 0.164 0.122 0.106 0.088 0.066 0.04
0.078 0.06 0.062 0.062 0.058 0.058 0.036 0.034 0.026 0.014 0.018
0.156 0.144 0.136 0.106 0.084 0.076 0.044 0.04 0.032 0.026 0.024
0.182 0.18 0.176 0.186 0.248 0.254 0.272 0.306 0.328 0.356 0.372
0.512 0.53 0.45 0.432 0.412 0.386 0.328 0.294 0.242 0.232 0.15
0.07 0.086 0.072 0.066 0.074 0.056 0.072 0.056 0.09 0.098 0.098
0.356 0.316 0.29 0.266 0.21 0.218 0.194 0.156 0.11 0.098 0.106
0.118 0.126 0.106 0.126 0.156 0.178 0.226 0.274 0.288 0.298 0.302
0.108 0.124 0.064 0.082 0.088 0.062 0.042 0.04 0.032 0.02 0.032
0.096 0.078 0.12 0.13 0.144 0.184 0.17 0.2 0.23 0.252 0.188
0.294 0.234 0.208 0.2 0.156 0.15 0.136 0.08 0.07 0.072 0.056
0.002 0.01 0.002 0.006 0.002 0.004 0.002 0 0 0.002 0
0.016 0.012 0.006 0.006 0.006 0.008 0.006 0.006 0 0 0
0.002 0.006 0.002 0.002 0 0 0 0 0 0 0
0.28 0.272 0.248 0.234 0.146 0.168 0.17 0.146 0.136 0.108 0.094
0.066 0.07 0.098 0.102 0.142 0.18 0.218 0.272 0.326 0.332 0.34
0.316 0.272 0.29 0.282 0.278 0.27 0.282 0.324 0.332 0.298 0.324
0.014 0.016 0.012 0.012 0.012 0.01 0.002 0.008 0 0.004 0
0.236 0.242 0.244 0.238 0.254 0.242 0.236 0.27 0.284 0.268 0.29
0.11 0.13 0.108 0.094 0.09 0.074 0.036 0.054 0.022 0.026 0.024
0.408 0.368 0.362 0.336 0.318 0.334 0.324 0.334 0.362 0.322 0.294
0.154 0.206 0.186 0.166 0.222 0.242 0.258 0.238 0.296 0.288 0.296
0.17 0.152 0.152 0.162 0.146 0.11 0.096 0.086 0.098 0.064 0.08
0.192 0.168 0.178 0.166 0.154 0.144 0.14 0.114 0.138 0.11 0.104
0.08 0.098 0.084 0.092 0.086 0.09 0.128 0.114 0.146 0.13 0.176
0.356 0.344 0.322 0.324 0.306 0.318 0.27 0.298 0.236 0.256 0.212
0.01 0.006 0.002 0.004 0.006 0 0.004 0.004 0.004 0 0
0.12 0.138 0.152 0.142 0.166 0.176 0.162 0.218 0.202 0.25 0.244
0.04 0.05 0.044 0.044 0.06 0.042 0.058 0.05 0.052 0.066 0.058
0.024 0.024 0.03 0.03 0.022 0.018 0.018 0.012 0.008 0.004 0.008
0.002 0.002 0 0 0 0.002 0 0.002 0.002 0 0.002
0.268 0.258 0.284 0.302 0.32 0.328 0.342 0.356 0.342 0.364 0.348
0.046 0.04 0.03 0.036 0.016 0.01 0.016 0.002 0.002 0.004 0.004
0.002 0 0.002 0 0.004 0 0.004 0 0.008 0 0
0.052 0.058 0.066 0.048 0.052 0.056 0.072 0.094 0.114 0.124 0.128
0.076 0.04 0.038 0.024 0.016 0.016 0.006 0.002 0.002 0.012 0.006
0.142 0.136 0.14 0.146 0.138 0.13 0.122 0.176 0.15 0.164 0.194
0.148 0.118 0.088 0.094 0.044 0.06 0.016 0.026 0.01 0.016 0.002
0.032 0.034 0.04 0.036 0.058 0.058 0.064 0.072 0.066 0.062 0.064
0.098 0.064 0.104 0.112 0.106 0.15 0.152 0.214 0.256 0.314 0.34
