0.671875 0.640625 0.6015625 0.625 0.5 0.5078125 0.5625 0.671875 0.71875 0.6953125 0.71875
0.390625 0.40625 0.3671875 0.3203125 0.328125 0.3671875 0.3671875 0.4140625 0.421875 0.5859375 0.5859375
0.5434783 0.6086957 0.615942 0.731884 0.7463768 0.7391304 0.7101449 0.6594203 0.5 0.4855072 0.5144928
0.6690647 0.676259 0.6115108 0.6043165 0.589928 0.6258993 0.6043165 0.6402878 0.676259 0.6906475 0.6546763
0.2857143 0.2706767 0.1578947 0.06015038 0.03007519 0.03007519 0.02255639 0.1503759 0.1278195 0.1203008 0.1503759
0.9852941 1 1 1 0.9044118 0.8897059 0.9044118 0.9117647 0.9852941 0.9117647 0.8382353
0.2366412 0.1832061 0.1526718 0.1603053 0.1450382 0.129771 0.1603053 0.1374046 0.1603053 0.1755725 0.1908397
0.08633094 0.1079137 0.1654676 0.1510791 0.1942446 0.2086331 0.1870504 0.1798561 0.1654676 0.1510791 0.1294964
0.593985 0.631579 0.7368421 0.7593985 0.7518797 0.7518797 0.7593985 0.7593985 0.7518797 0.7669173 0.7142857
0.2977099 0.3435115 0.3664122 0.3587786 0.3435115 0.3816794 0.4274809 0.4503817 0.5954198 0.5343511 0.5725191
0.4184397 0.3971631 0.3333333 0.3546099 0.5460993 0.5602837 0.4255319 0.5319149 0.3758865 0.3262411 0.2765957
0.02290076 0.03816794 0.09160305 0.1526718 0.1832061 0.2061069 0.2290076 0.2442748 0.1603053 0.129771 0.1374046
0.328125 0.3125 0.390625 0.4140625 0.421875 0.515625 0.4453125 0.46875 0.3515625 0.328125 0.3125
0.7463768 0.6884058 0.673913 0.6376812 0.5434783 0.615942 0.6521739 0.6231884 0.6956522 0.615942 0.6884058
0.4893617 0.5035461 0.5390071 0.5531915 0.5177305 0.5248227 0.6099291 0.5177305 0.5531915 0.5035461 0.5248227
0.1875 0.1796875 0.1015625 0.0625 0.0234375 0.0234375 0.03125 0.078125 0.046875 0.0703125 0.0546875
0.2421875 0.265625 0.25 0.203125 0.1640625 0.1953125 0.2578125 0.25 0.28125 0.2890625 0.265625
0.4964029 0.4964029 0.5395683 0.5611511 0.5395683 0.5755396 0.5395683 0.4964029 0.4820144 0.4100719 0.3597122
0.4822695 0.4539007 0.3758865 0.3829787 0.4255319 0.2978723 0.3049645 0.2836879 0.2978723 0.2695035 0.2695035
0.75 0.6911765 0.742647 0.6838235 0.6911765 0.6617647 0.6764706 0.757353 0.75 0.75 0.757353
0.9140625 0.921875 0.875 0.7890625 0.8828125 0.8203125 0.9140625 0.8828125 0.90625 0.8828125 0.921875
0.3669065 0.352518 0.3741007 0.381295 0.4028777 0.3741007 0.3669065 0.3381295 0.3741007 0.3597122 0.4244604
0.2109375 0.1953125 0.140625 0.1640625 0.1640625 0.140625 0.1484375 0.140625 0.1484375 0.1328125 0.1328125
0.7265625 0.765625 0.78125 0.7890625 0.796875 0.765625 0.8359375 0.8359375 0.8359375 0.8671875 0.8515625
0.3284672 0.2919708 0.3065693 0.2992701 0.2773723 0.2773723 0.2408759 0.2846715 0.2554745 0.2846715 0.3284672
0.2132353 0.2279412 0.2867647 0.2867647 0.2867647 0.2867647 0.2867647 0.3088235 0.3602941 0.3161765 0.4117647
0.7226277 0.729927 0.7080292 0.6131387 0.6131387 0.540146 0.5912409 0.6277372 0.649635 0.6350365 0.5839416
0.71875 0.8203125 0.828125 0.7421875 0.7421875 0.7265625 0.859375 0.8984375 0.8671875 0.796875 0.8515625
0.05673759 0.07092199 0.07092199 0.04964539 0.05673759 0.02836879 0.02836879 0.05673759 0.02127660 0.007092199 0.007092199
0.3741007 0.4028777 0.4676259 0.4604317 0.4100719 0.4964029 0.5539568 0.5467626 0.6115108 0.5467626 0.6978417
0.03816794 0.02290076 0.04580153 0.0610687 0.08396947 0.05343511 0.09160305 0.06870229 0.03053435 0.05343511 0.0610687
0.705036 0.6978417 0.6690647 0.6043165 0.6043165 0.6258993 0.6330935 0.6618705 0.6978417 0.6906475 0.6402878
0.9489051 0.9124088 0.9270073 0.8978102 0.9343066 0.9051095 0.8832117 0.8978102 0.8175182 0.9343066 0.970803
0.6992481 0.6466165 0.6842105 0.6842105 0.7067669 0.6015038 0.481203 0.4586466 0.5789474 0.6240602 0.6090226
0.1313869 0.1459854 0.1167883 0.1751825 0.2116788 0.1824818 0.2189781 0.2554745 0.1605839 0.1313869 0.09489051
0.352518 0.323741 0.3021583 0.2589928 0.2374101 0.2158273 0.2374101 0.2374101 0.2374101 0.2086331 0.2446043
0.2481752 0.2627737 0.2335766 0.2189781 0.2116788 0.2116788 0.2335766 0.2262774 0.2408759 0.2262774 0.2408759
0.3188406 0.2608696 0.1956522 0.1304348 0.07246377 0.05797101 0.02173913 0.08695652 0.1231884 0.08695652 0.0942029
0.890625 0.90625 0.921875 0.8671875 0.8515625 0.8671875 0.8359375 0.8203125 0.8203125 0.84375 0.8203125
0.6240602 0.6165414 0.5338346 0.4135338 0.518797 0.4360902 0.3984962 0.3909774 0.4285714 0.4360902 0.481203
0.919708 0.9124088 0.839416 0.839416 0.9927007 0.8467153 0.9343066 0.8759124 0.8759124 0.9854015 0.919708
0.1773050 0.1631206 0.1134752 0.1276596 0.1205674 0.1205674 0.1205674 0.08510638 0.09929078 0.09219858 0.09219858
0.8832117 0.9489051 0.8540146 0.919708 0.9854015 0.9489051 0.7737226 0.8467153 0.8321168 0.7518248 0.7445255
0.703125 0.796875 0.8046875 0.734375 0.8125 0.796875 0.78125 0.78125 0.7734375 0.796875 0.7578125
0.5744681 0.5106383 0.4680851 0.4539007 0.4184397 0.3546099 0.3900709 0.3617021 0.4042553 0.4113475 0.3758865
0.40625 0.40625 0.4609375 0.421875 0.3671875 0.3671875 0.3046875 0.3125 0.3203125 0.296875 0.265625
0.6618705 0.6834532 0.647482 0.6043165 0.647482 0.4892086 0.5035971 0.4028777 0.5251799 0.4820144 0.4604317
0.7067669 0.7218045 0.6917293 0.631579 0.6466165 0.6015038 0.5037594 0.6165414 0.5789474 0.6015038 0.5714286
0.875 0.9140625 0.9453125 0.859375 0.8515625 0.8671875 0.9140625 1 0.9765625 0.9609375 0.9375
0.05263158 0.07518797 0.1578947 0.1729323 0.1804511 0.1879699 0.2255639 0.2406015 0.1954887 0.1729323 0.1503759
0.00729927 0.02189781 0.05839416 0.1094891 0.1021898 0.09489051 0.1532847 0.06569343 0.06569343 0.1386861 0.09489051
0.5620438 0.5109489 0.5182482 0.4379562 0.5109489 0.4160584 0.4233577 0.4671533 0.4160584 0.4452555 0.4087591
0.9124088 0.9051095 0.890511 0.890511 0.9124088 0.9051095 0.8467153 0.8321168 0.8175182 0.9270073 0.9562044
0.8091603 0.7938931 0.8015267 0.8167939 0.8091603 0.870229 0.8244275 0.8244275 0.8778626 0.870229 0.8396947
0.9781022 0.9781022 0.9416058 1 0.9854015 0.9489051 0.7664234 0.8540146 0.8832117 0.7591241 0.7737226
0.9847328 0.8931298 0.9312977 0.9160305 0.8854962 0.8549618 0.8625954 0.961832 0.9541985 0.908397 0.9236641
0.3157895 0.2932331 0.3233083 0.3157895 0.3308271 0.3082707 0.3007519 0.2706767 0.2706767 0.2781955 0.2631579
0.647482 0.6546763 0.6330935 0.6618705 0.5323741 0.589928 0.5539568 0.6258993 0.5179856 0.589928 0.4892086
0.4492754 0.4637681 0.4347826 0.5072464 0.5434783 0.4637681 0.3550725 0.3043478 0.3188406 0.3115942 0.2971014
0.1838235 0.1691176 0.1617647 0.1838235 0.2352941 0.2205882 0.2205882 0.2205882 0.1838235 0.1617647 0.1764706
0.5864662 0.556391 0.4661654 0.3684211 0.4210526 0.3233083 0.3082707 0.3383459 0.3383459 0.3383459 0.3383459
0.5546875 0.6015625 0.625 0.65625 0.7109375 0.7265625 0.671875 0.671875 0.7265625 0.703125 0.6953125
0.6412214 0.6335878 0.5954198 0.6793893 0.6946565 0.6946565 0.7099237 0.7099237 0.648855 0.5954198 0.5954198
0.617647 0.5441176 0.4632353 0.4852941 0.4264706 0.4338235 0.4117647 0.4632353 0.4264706 0.4264706 0.3602941
0.1007194 0.1151079 0.1079137 0.1079137 0.1151079 0.07194245 0.1007194 0.09352518 0.09352518 0.1366906 0.1151079
0.7553957 0.7769784 0.7769784 0.7985612 0.8201439 0.7769784 0.7769784 0.7697842 0.7482014 0.7769784 0.7769784
0.5724638 0.5217391 0.4710145 0.4347826 0.3768116 0.3333333 0.3478261 0.3478261 0.4782609 0.4202899 0.4347826
0.6978417 0.733813 0.7985612 0.8201439 0.884892 0.9640288 0.884892 0.8705036 0.8417266 0.8345324 0.8201439
0.7293233 0.7142857 0.6992481 0.631579 0.6616541 0.6240602 0.5639098 0.6165414 0.6240602 0.6090226 0.593985
0.5289855 0.5434783 0.5652174 0.5869565 0.615942 0.6521739 0.6304348 0.5362319 0.4347826 0.4347826 0.4565217
0.270073 0.2554745 0.2043796 0.1897810 0.1751825 0.05839416 0.06569343 0.1021898 0.1094891 0.0729927 0.06569343
0.7482014 0.76259 0.733813 0.7122302 0.6690647 0.676259 0.647482 0.6546763 0.705036 0.6978417 0.6978417
0.9275362 0.8913043 0.826087 0.8333333 0.8695652 0.8550725 0.768116 0.7608696 0.768116 0.8115942 0.7753623
0.2056738 0.2340426 0.2553191 0.2695035 0.2198582 0.2695035 0.2624113 0.2482270 0.2553191 0.3262411 0.3475177
0.6402878 0.6546763 0.705036 0.6618705 0.6546763 0.5539568 0.5611511 0.589928 0.4820144 0.5251799 0.5251799
0.7557252 0.7557252 0.7328244 0.7175573 0.7099237 0.7633588 0.7633588 0.7633588 0.778626 0.7557252 0.7328244
0.970803 0.9489051 0.9124088 0.9051095 0.9051095 0.9416058 0.890511 0.9416058 0.839416 0.9124088 0.9270073
0.5620438 0.6861314 0.7883212 0.8029197 0.8613139 0.8686131 0.7737226 0.7883212 0.7956204 0.7883212 0.8029197
0.4117647 0.3308824 0.3235294 0.4191176 0.4264706 0.4411765 0.3308824 0.2941176 0.3161765 0.3382353 0.3382353
0.2846715 0.3795620 0.4014599 0.4379562 0.5912409 0.5474453 0.4671533 0.4160584 0.3284672 0.3576642 0.3065693
0.02205882 0.04411765 0.1176471 0.125 0.1029412 0.1176471 0.1102941 0.1102941 0.06617647 0.1323529 0.1323529
0.8057554 0.7985612 0.7769784 0.8129496 0.7985612 0.7697842 0.76259 0.7410072 0.733813 0.733813 0.733813
0.3138686 0.3138686 0.3284672 0.3357664 0.3357664 0.4087591 0.5182482 0.5547445 0.3868613 0.6131387 0.5912409
0.6691729 0.631579 0.6390977 0.6541353 0.6766917 0.4586466 0.3684211 0.443609 0.5338346 0.5263158 0.5112782
0.740458 0.7022901 0.6793893 0.7251908 0.6412214 0.6564885 0.6335878 0.6870229 0.6946565 0.6412214 0.6793893
0.375 0.3602941 0.3823529 0.3235294 0.3382353 0.3602941 0.2867647 0.2867647 0.3897059 0.4191176 0.4044118
0.3260870 0.3260870 0.2898551 0.2246377 0.1956522 0.1376812 0.2536232 0.4637681 0.4710145 0.615942 0.4637681
0.06569343 0.0729927 0.1313869 0.1751825 0.1824818 0.1824818 0.2189781 0.2262774 0.1240876 0.1167883 0.1094891
0.4744526 0.5036496 0.5109489 0.5036496 0.4890511 0.6058394 0.5620438 0.540146 0.5109489 0.5109489 0.5255474
0.00729927 0.01459854 0.05839416 0.1167883 0.1021898 0.1313869 0.1532847 0.05839416 0.06569343 0.0729927 0.08759124
0.6090226 0.5789474 0.5789474 0.5714286 0.5263158 0.5338346 0.4887218 0.4962406 0.5037594 0.4736842 0.5112782
0.1386861 0.1459854 0.1313869 0.1605839 0.1386861 0.1751825 0.1824818 0.1605839 0.1678832 0.2043796 0.1897810
0.2826087 0.3188406 0.3115942 0.3405797 0.3478261 0.4130435 0.5942029 0.4130435 0.3260870 0.3043478 0.3043478
0.2109375 0.1875 0.1171875 0.1015625 0.109375 0.0859375 0.09375 0.09375 0.0546875 0.0859375 0.0390625
0.1953125 0.2578125 0.296875 0.3046875 0.3125 0.3046875 0.34375 0.328125 0.390625 0.40625 0.5078125
0.2900763 0.2900763 0.2900763 0.2900763 0.2977099 0.2900763 0.2900763 0.2824427 0.2900763 0.2671756 0.2748092
0.5474453 0.6861314 0.7956204 0.8467153 0.8613139 0.8540146 0.8248175 0.7956204 0.8248175 0.810219 0.8029197
0.2279412 0.2573529 0.3088235 0.4191176 0.3161765 0.3382353 0.3897059 0.4264706 0.5073529 0.4779412 0.5661765
0.03816794 0.03053435 0.04580153 0.03816794 0.09160305 0.0610687 0.01526718 0.03816794 0.03053435 0.05343511 0.0610687
0.03007519 0.04511278 0.1203008 0.1578947 0.1127820 0.1654135 0.1654135 0.2330827 0.1052632 0.07518797 0.03759398
0.9398496 0.887218 0.8796992 0.849624 0.8571429 0.81203 0.849624 0.8045113 0.81203 0.81203 0.8571429
0.01449275 0.03623188 0.1449275 0.1086957 0.1594203 0.1449275 0.1449275 0.0942029 0.1014493 0.1014493 0.1014493
0.8188406 0.7971014 0.7463768 0.7608696 0.768116 0.7826087 0.7463768 0.7028986 0.7101449 0.7101449 0.7246377
0.729927 0.729927 0.7226277 0.7372263 0.7372263 0.7080292 0.5839416 0.5328467 0.649635 0.540146 0.5766423
0.359375 0.3125 0.3515625 0.3515625 0.3515625 0.375 0.34375 0.328125 0.34375 0.3359375 0.359375
0.40625 0.40625 0.390625 0.390625 0.3359375 0.3203125 0.328125 0.3125 0.3203125 0.3046875 0.296875
0.6259542 0.6259542 0.610687 0.5801527 0.5267176 0.5877863 0.5954198 0.6412214 0.6793893 0.6259542 0.6030534
0.1603053 0.1832061 0.1832061 0.1374046 0.1145038 0.09923664 0.05343511 0.1068702 0.1526718 0.1450382 0.1068702
0.742647 0.6470588 0.6029412 0.617647 0.5808824 0.617647 0.6470588 0.7279412 0.75 0.6838235 0.7352941
0.5474453 0.5255474 0.6642336 0.7080292 0.649635 0.7372263 0.7153285 0.6934307 0.5766423 0.5255474 0.5328467
0.4962406 0.4736842 0.5338346 0.481203 0.5263158 0.443609 0.3609023 0.3834586 0.4210526 0.406015 0.3458647
0.3884892 0.3741007 0.4172662 0.4244604 0.5107914 0.4532374 0.4820144 0.4100719 0.4388489 0.4388489 0.3669065
0.8625954 0.870229 0.8015267 0.7862595 0.8091603 0.7709924 0.7633588 0.7709924 0.778626 0.8015267 0.7862595
0.1063830 0.1418440 0.2056738 0.2340426 0.2269504 0.1843972 0.1843972 0.1418440 0.1702128 0.1914894 0.2198582
0.4411765 0.3823529 0.3676471 0.3235294 0.3382353 0.3602941 0.3088235 0.2941176 0.4117647 0.4264706 0.4779412
0.1838235 0.1764706 0.1911765 0.1764706 0.1764706 0.2132353 0.2573529 0.2867647 0.3161765 0.2867647 0.3161765
0.1167883 0.1240876 0.1386861 0.1751825 0.1678832 0.1751825 0.1824818 0.1532847 0.1678832 0.1313869 0.1167883
0.7226277 0.7591241 0.7883212 0.7810219 0.7810219 0.7737226 0.7591241 0.7518248 0.7518248 0.7518248 0.7445255
0.3834586 0.3308271 0.3533835 0.3609023 0.406015 0.406015 0.3308271 0.3082707 0.3383459 0.3308271 0.3308271
0.7266187 0.733813 0.7985612 0.8201439 0.7841727 0.8705036 0.8417266 0.7769784 0.7985612 0.7841727 0.8201439
0.9635036 0.9562044 0.9562044 0.9562044 0.9781022 0.9854015 0.970803 0.9927007 0.9854015 0.9489051 0.9854015
0.9787234 0.9503546 0.9503546 0.9787234 0.9148936 0.9148936 1 1 1 0.9787234 0.929078
0.0882353 0.06617647 0.1029412 0.1029412 0.1029412 0.1470588 0.1102941 0.1102941 0.0882353 0.1323529 0.1102941
0.882353 0.9558824 0.9191176 0.882353 0.882353 1 0.9632353 0.992647 0.9705882 0.9705882 0.992647
0.6259542 0.5343511 0.5343511 0.5267176 0.3816794 0.3206107 0.3435115 0.4122137 0.5572519 0.5648855 0.480916
0.1532847 0.1532847 0.1897810 0.1459854 0.1751825 0.1751825 0.1605839 0.1313869 0.1532847 0.1751825 0.1313869
0.5859375 0.5390625 0.5234375 0.4140625 0.390625 0.390625 0.3671875 0.3671875 0.5234375 0.453125 0.4765625
0.4296875 0.4609375 0.46875 0.484375 0.703125 0.7265625 0.7109375 0.671875 0.7265625 0.71875 0.8203125
0.3405797 0.3260870 0.3115942 0.3260870 0.3333333 0.3478261 0.3478261 0.3188406 0.3333333 0.3333333 0.3333333
0.2977099 0.3129771 0.3053435 0.3664122 0.3969466 0.3816794 0.4045802 0.3129771 0.3053435 0.3206107 0.2900763
0.375 0.3125 0.3046875 0.2734375 0.2421875 0.2890625 0.296875 0.296875 0.3046875 0.3046875 0.3046875
0.1503759 0.1578947 0.1804511 0.1729323 0.1804511 0.1729323 0.1954887 0.1503759 0.1954887 0.1578947 0.2105263
0.3157895 0.3157895 0.3308271 0.3308271 0.3383459 0.3383459 0.3233083 0.3007519 0.3082707 0.3082707 0.2857143
0.359375 0.3125 0.328125 0.3203125 0.3515625 0.3203125 0.328125 0.3203125 0.3203125 0.296875 0.296875
0.5971223 0.5755396 0.5827338 0.5611511 0.5251799 0.5467626 0.6043165 0.6043165 0.6618705 0.6834532 0.6618705
0.125 0.1691176 0.1617647 0.1691176 0.1691176 0.1838235 0.1764706 0.1838235 0.1764706 0.1617647 0.1691176
0.2158273 0.2086331 0.1582734 0.1438849 0.1366906 0.1654676 0.2014388 0.2086331 0.2158273 0.2302158 0.2302158
0.9064748 0.971223 0.8633094 0.8705036 0.9568345 0.9928058 0.8129496 0.9352518 0.8561151 0.913669 0.8776978
0.519084 0.5267176 0.5267176 0.5267176 0.4198473 0.4274809 0.3511450 0.3511450 0.389313 0.3816794 0.3816794
0.2781955 0.2706767 0.3233083 0.3157895 0.3308271 0.3383459 0.3233083 0.3007519 0.3007519 0.3082707 0.2857143
0.8561151 0.942446 0.8345324 0.8920863 0.971223 0.7769784 0.884892 0.8057554 0.8273381 0.8345324 0.8273381
0.3430657 0.3503650 0.3211679 0.2773723 0.2919708 0.2992701 0.3065693 0.4379562 0.4452555 0.4817518 0.540146
0.7801418 0.7588652 0.751773 0.7730496 0.716312 0.7234043 0.7304965 0.7730496 0.787234 0.7659574 0.8156028
0.2900763 0.2748092 0.2366412 0.2290076 0.1755725 0.2137405 0.2442748 0.2442748 0.259542 0.2442748 0.259542
0.03816794 0.07633588 0.09923664 0.1374046 0.1526718 0.1221374 0.1068702 0.06870229 0.04580153 0.1145038 0.1145038
0.7697842 0.7913669 0.8273381 0.8201439 0.8776978 0.9640288 0.8273381 0.7913669 0.7985612 0.8345324 0.8920863
0.8201439 0.7985612 0.8129496 0.8057554 0.8273381 0.9208633 0.884892 0.9352518 0.8776978 0.8345324 0.8201439
0.8671875 0.875 0.875 0.7421875 0.796875 0.8046875 0.8046875 0.796875 0.8046875 0.8125 0.7734375
0.942029 0.942029 0.9710145 0.9637681 0.8695652 0.9202899 0.8985507 0.8550725 0.8768116 0.8623188 0.8768116
0.705036 0.7553957 0.7769784 0.7769784 0.7913669 0.8129496 0.8273381 0.8345324 0.8705036 0.7985612 0.8201439
0.7328244 0.6641221 0.5877863 0.5725191 0.4351145 0.4122137 0.3740458 0.5343511 0.5419847 0.4885496 0.5267176
