0.094 0.05 0.046 0.054 0.046 0.046 0.046 0.028 0.028 0.044 0.046
0.034 0.032 0.04 0.054 0.05 0.048 0.03 0.042 0.046 0.046 0.036
0.024 0.024 0.026 0.034 0.022 0.022 0.02 0.014 0.024 0.008 0.008
0.078 0.048 0.058 0.062 0.056 0.042 0.084 0.102 0.1 0.154 0.114
0.292 0.302 0.284 0.338 0.262 0.31 0.256 0.244 0.198 0.204 0.192
0.02 0.03 0.022 0.006 0.012 0.01 0.004 0.004 0.004 0 0
0.356 0.35 0.332 0.326 0.382 0.344 0.298 0.242 0.204 0.164 0.146
0.054 0.046 0.04 0.032 0.046 0.032 0.04 0.026 0.038 0.034 0.016
0.224 0.19 0.166 0.13 0.104 0.108 0.078 0.056 0.058 0.022 0.054
0.182 0.178 0.108 0.134 0.07 0.066 0.06 0.064 0.044 0.024 0.02
0.47 0.45 0.348 0.344 0.32 0.27 0.22 0.186 0.148 0.11 0.078
0.038 0.03 0.026 0.03 0.022 0.022 0.026 0.034 0.026 0.02 0.018
0.026 0.024 0.022 0.02 0.016 0.014 0.022 0.036 0.03 0.046 0.048
0.1 0.09 0.06 0.076 0.062 0.042 0.044 0.028 0.014 0.012 0.014
0.362 0.272 0.304 0.354 0.35 0.364 0.388 0.364 0.362 0.286 0.31
0.14 0.156 0.172 0.122 0.134 0.116 0.104 0.076 0.062 0.066 0.04
0.228 0.216 0.192 0.102 0.094 0.06 0.048 0.026 0.024 0.004 0.01
0.1 0.088 0.08 0.062 0.064 0.042 0.034 0.046 0.022 0.012 0.008
0.014 0.028 0.034 0.028 0.028 0.018 0.008 0.01 0.01 0.012 0.01
0.024 0.014 0.006 0.03 0.024 0.012 0.006 0.016 0.016 0.014 0.006
0.244 0.214 0.19 0.166 0.168 0.118 0.132 0.1 0.068 0.042 0.036
0.166 0.138 0.15 0.148 0.17 0.126 0.094 0.066 0.044 0.038 0.046
0.046 0.072 0.04 0.034 0.028 0.018 0.016 0.008 0.004 0.004 0.002
0.096 0.088 0.074 0.088 0.126 0.102 0.09 0.08 0.06 0.076 0.048
0.22 0.204 0.29 0.29 0.306 0.33 0.3 0.31 0.282 0.282 0.282
0.236 0.248 0.218 0.15 0.132 0.096 0.096 0.062 0.05 0.012 0.02
0.028 0.044 0.036 0.066 0.064 0.064 0.096 0.156 0.158 0.216 0.24
0 0.002 0 0 0 0.002 0.002 0 0 0 0
0.284 0.3 0.278 0.27 0.33 0.352 0.366 0.398 0.416 0.454 0.466
0.026 0.042 0.058 0.056 0.05 0.058 0.038 0.04 0.032 0.03 0.038
0.432 0.452 0.446 0.476 0.452 0.466 0.48 0.478 0.512 0.484 0.496
0.12 0.098 0.112 0.124 0.178 0.158 0.17 0.184 0.254 0.27 0.294
0.026 0.014 0.014 0.008 0.006 0.006 0.008 0.006 0.006 0.002 0
0.066 0.056 0.054 0.054 0.042 0.062 0.026 0.012 0.012 0.018 0.01
0.4 0.322 0.268 0.216 0.178 0.114 0.118 0.096 0.044 0.034 0.028
0.098 0.12 0.184 0.206 0.274 0.3 0.346 0.432 0.424 0.47 0.458
0.202 0.212 0.152 0.144 0.15 0.132 0.144 0.128 0.104 0.106 0.08
0.246 0.258 0.246 0.22 0.196 0.22 0.194 0.182 0.188 0.172 0.13
0.04 0.03 0.026 0.018 0.024 0.02 0.026 0.018 0.012 0.006 0.008
0.024 0.038 0.038 0.038 0.042 0.028 0.026 0.02 0.006 0.014 0.014
0.14 0.08 0.076 0.08 0.074 0.06 0.056 0.05 0.046 0.07 0.072
0.06 0.052 0.054 0.052 0.04 0.044 0.022 0.02 0.024 0.03 0.006
0.334 0.326 0.312 0.336 0.342 0.328 0.268 0.316 0.262 0.28 0.252
0.038 0.024 0.036 0.018 0.022 0.02 0.01 0.016 0.01 0.008 0.008
0.148 0.162 0.172 0.17 0.174 0.18 0.222 0.166 0.194 0.222 0.218
0.076 0.062 0.048 0.044 0.04 0.038 0.018 0.022 0.008 0.004 0.002
0.114 0.102 0.106 0.084 0.098 0.088 0.084 0.074 0.074 0.048 0.046
0.114 0.12 0.134 0.138 0.116 0.122 0.118 0.078 0.076 0.056 0.074
0.012 0.012 0.006 0.004 0.002 0.006 0 0 0 0 0
0.024 0.024 0.008 0.006 0.006 0.004 0.004 0.006 0.004 0.006 0.002
0.018 0.006 0.008 0.006 0.002 0.008 0 0 0 0 0
0.416 0.422 0.42 0.398 0.382 0.444 0.45 0.402 0.448 0.418 0.398
0.002 0 0.004 0.002 0 0.002 0.002 0 0.002 0 0
0.118 0.1 0.106 0.104 0.092 0.07 0.08 0.074 0.11 0.09 0.098
0.114 0.116 0.114 0.174 0.186 0.232 0.258 0.266 0.366 0.372 0.356
0.228 0.202 0.224 0.23 0.232 0.214 0.238 0.24 0.274 0.282 0.318
0.076 0.104 0.058 0.082 0.07 0.058 0.056 0.06 0.032 0.052 0.038
0.31 0.274 0.276 0.296 0.302 0.286 0.27 0.254 0.238 0.224 0.254
0.07 0.05 0.098 0.086 0.142 0.176 0.226 0.278 0.334 0.36 0.43
0.036 0.034 0.024 0.038 0.016 0.02 0.034 0.02 0.018 0.018 0.014
0.15 0.198 0.14 0.172 0.166 0.2 0.224 0.256 0.218 0.234 0.264
0.03 0.018 0.026 0.022 0.018 0.008 0.01 0.018 0.01 0.006 0.008
0.074 0.102 0.064 0.066 0.06 0.068 0.038 0.022 0.028 0.012 0.012
0.222 0.258 0.242 0.206 0.236 0.186 0.162 0.164 0.116 0.066 0.064
0.038 0.018 0.022 0.022 0.018 0.018 0.01 0.01 0.006 0.002 0.002
0.038 0.028 0.046 0.02 0.03 0.02 0.022 0.036 0.038 0.042 0.04
0.038 0.036 0.038 0.05 0.028 0.032 0.052 0.058 0.06 0.05 0.05
0.304 0.294 0.294 0.304 0.29 0.29 0.244 0.208 0.194 0.188 0.134
0.068 0.052 0.046 0.042 0.054 0.064 0.032 0.04 0.038 0.044 0.058
0.018 0.01 0.008 0.006 0.008 0.008 0.006 0.008 0.008 0.002 0.006
0.332 0.29 0.292 0.21 0.2 0.18 0.126 0.11 0.116 0.102 0.058
0.114 0.112 0.124 0.116 0.086 0.07 0.07 0.05 0.044 0.044 0.022
0.072 0.044 0.042 0.05 0.054 0.026 0.04 0.024 0.018 0.006 0.012
0.006 0.004 0.002 0.002 0.008 0.008 0.002 0 0 0.002 0
0.138 0.086 0.086 0.054 0.066 0.05 0.038 0.03 0.026 0.022 0.008
0.224 0.202 0.18 0.178 0.11 0.104 0.1 0.1 0.064 0.054 0.04
0.096 0.082 0.062 0.058 0.022 0.008 0.016 0.01 0.006 0 0
0.412 0.36 0.376 0.36 0.3 0.288 0.29 0.238 0.184 0.172 0.172
0.054 0.044 0.046 0.044 0.054 0.032 0.026 0.018 0.012 0.022 0.008
0.106 0.088 0.076 0.08 0.078 0.044 0.03 0.022 0.022 0.016 0.016
0.082 0.056 0.062 0.032 0.062 0.058 0.05 0.056 0.086 0.104 0.1
0.228 0.244 0.226 0.218 0.152 0.14 0.122 0.07 0.078 0.04 0.036
0.18 0.168 0.17 0.148 0.108 0.124 0.09 0.07 0.036 0.05 0.046
0.17 0.16 0.168 0.13 0.122 0.136 0.17 0.138 0.142 0.118 0.118
0.59 0.54 0.474 0.494 0.42 0.418 0.384 0.38 0.364 0.312 0.3
0.12 0.156 0.194 0.202 0.248 0.256 0.3 0.316 0.378 0.354 0.388
0.128 0.15 0.188 0.236 0.252 0.234 0.256 0.216 0.222 0.188 0.232
0.152 0.146 0.14 0.108 0.102 0.108 0.062 0.044 0.046 0.034 0.04
0.058 0.07 0.068 0.074 0.03 0.038 0.032 0.024 0.02 0.012 0.004
0.256 0.214 0.21 0.156 0.13 0.07 0.066 0.07 0.04 0.032 0.022
0.028 0.012 0.016 0.014 0.032 0.016 0.01 0.008 0.012 0.01 0.016
0.472 0.472 0.438 0.36 0.368 0.26 0.204 0.166 0.126 0.09 0.094
0.17 0.15 0.124 0.126 0.094 0.062 0.046 0.032 0.02 0.014 0.002
0.364 0.346 0.366 0.34 0.33 0.31 0.294 0.268 0.236 0.202 0.222
0.104 0.084 0.096 0.078 0.074 0.086 0.094 0.102 0.084 0.086 0.068
0.092 0.092 0.102 0.106 0.116 0.126 0.142 0.156 0.168 0.192 0.25
0.18 0.17 0.184 0.142 0.13 0.132 0.102 0.066 0.054 0.026 0.02
0.082 0.088 0.092 0.064 0.052 0.064 0.028 0.024 0.026 0.026 0.006
0.11 0.104 0.122 0.076 0.076 0.062 0.07 0.066 0.032 0.02 0.028
0.178 0.196 0.198 0.198 0.254 0.252 0.218 0.286 0.332 0.338 0.38
0.37 0.414 0.36 0.346 0.334 0.282 0.204 0.208 0.156 0.148 0.142
0.072 0.052 0.072 0.078 0.102 0.072 0.062 0.082 0.068 0.062 0.072
0.394 0.348 0.34 0.342 0.276 0.298 0.242 0.184 0.15 0.118 0.128
0.094 0.08 0.11 0.138 0.162 0.184 0.224 0.268 0.264 0.306 0.372
0.054 0.076 0.064 0.064 0.044 0.072 0.04 0.048 0.03 0.036 0.026
0.042 0.054 0.066 0.072 0.066 0.064 0.1 0.106 0.108 0.076 0.052
0.166 0.16 0.128 0.112 0.098 0.07 0.076 0.034 0.038 0.026 0.024
0.004 0.002 0.008 0.006 0.002 0.004 0.002 0.002 0 0 0
0.036 0.014 0.028 0.02 0.016 0.026 0.008 0.01 0.006 0.002 0
0 0.004 0.004 0 0.004 0 0 0 0.002 0 0.002
0.208 0.186 0.218 0.174 0.16 0.128 0.154 0.104 0.104 0.088 0.076
0.052 0.092 0.106 0.068 0.084 0.104 0.084 0.09 0.068 0.06 0.054
0.39 0.362 0.418 0.466 0.496 0.528 0.6 0.612 0.636 0.582 0.624
0.018 0.018 0.016 0.01 0.01 0.004 0.004 0 0.002 0.004 0
0.132 0.122 0.146 0.166 0.178 0.204 0.196 0.24 0.252 0.208 0.286
0.138 0.142 0.136 0.096 0.11 0.084 0.072 0.038 0.034 0.02 0.01
0.25 0.236 0.236 0.234 0.194 0.232 0.244 0.218 0.238 0.232 0.21
0.202 0.224 0.252 0.236 0.244 0.252 0.266 0.302 0.358 0.314 0.332
0.158 0.124 0.13 0.11 0.092 0.096 0.076 0.064 0.042 0.062 0.064
0.198 0.186 0.194 0.166 0.168 0.184 0.17 0.16 0.146 0.116 0.114
0.08 0.108 0.064 0.07 0.086 0.072 0.106 0.09 0.108 0.152 0.17
0.288 0.25 0.26 0.234 0.238 0.204 0.244 0.194 0.186 0.2 0.17
0.006 0.012 0.006 0.004 0.01 0.004 0 0.002 0 0 0
0.11 0.098 0.1 0.094 0.118 0.1 0.108 0.144 0.146 0.182 0.166
0.034 0.048 0.044 0.032 0.044 0.048 0.042 0.042 0.034 0.032 0.034
0.062 0.046 0.04 0.028 0.036 0.018 0.02 0.008 0.008 0 0.008
0.002 0.002 0.002 0.002 0 0 0 0 0 0.002 0
0.214 0.212 0.244 0.256 0.312 0.284 0.3 0.298 0.274 0.318 0.34
0.054 0.058 0.044 0.022 0.018 0.012 0.01 0.008 0.002 0.002 0
0 0 0.006 0 0 0 0.002 0.006 0 0 0
0.046 0.05 0.052 0.064 0.082 0.064 0.078 0.08 0.092 0.13 0.144
0.044 0.068 0.042 0.016 0.018 0.026 0.02 0.012 0.014 0.008 0.008
0.254 0.224 0.266 0.286 0.258 0.278 0.272 0.258 0.288 0.306 0.26
0.09 0.098 0.09 0.074 0.046 0.03 0.048 0.026 0.006 0.004 0.004
0.036 0.054 0.06 0.054 0.094 0.074 0.08 0.06 0.076 0.082 0.068
0.088 0.076 0.088 0.092 0.11 0.12 0.14 0.208 0.252 0.294 0.348
