0.775 0.8333333
0.6115702 0.7190083
0.940678 0.881356
0.6129032 0.4919355
0.07894737 0.0877193
0.8809524 0.8809524
0.2644628 0.338843
0.3636364 0.3636364
0.3421053 0.3596491
0.6033058 0.6280992
0.1315789 0.1315789
0.6048387 0.516129
0.6016949 0.6016949
0.7711864 0.7033898
0.1228070 0.1315789
0.1864407 0.2033898
0.5916667 0.65
0.5833333 0.6666667
0.9173554 0.8181818
0.68 0.688
0.6083333 0.6166667
0.5454545 0.6198347
0.898305 0.8559322
0.02631579 0.02631579
0.3898305 0.3898305
0.1578947 0.1403509
0.592 0.528
0.8070175 0.8596491
0 0
0.3629032 0.2983871
0.04 0.064
0.338843 0.4628099
0.1101695 0.1101695
0.6355932 0.7118644
0.8728814 0.9237288
0.5175439 0.6754386
0.03305785 0.04132231
0.1900826 0.2148760
0.1652893 0.1735537
0.8135593 0.8559322
0.6290323 0.6451613
0.4375 0.328125
0.7768595 0.7272727
0.816 0.912
0.1129032 0.08870968
0.516129 0.4919355
0.5847458 0.6355932
0.02542373 0.03389831
0.8842975 0.8016529
0.8467742 0.9274194
0.7619048 0.8333333
0.1578947 0.1666667
0.6864407 0.6355932
0.02631579 0.03508772
0.4736842 0.3947368
0.328125 0.21875
0.6115702 0.6115702
0.1570248 0.1818182
0.25 0.1833333
0.4473684 0.4649123
0.2479339 0.3057851
0.6587302 0.6666667
0.6083333 0.6833333
0.5 0.4745763
0.9491525 0.898305
0.3813559 0.4322034
0.5762712 0.5169492
0.5123967 0.5454545
0.484127 0.4603175
0.2809917 0.338843
0.675 0.7
0.8467742 0.8225806
0.5289256 0.5454545
0.6083333 0.6833333
0.4375 0.4921875
0.8842975 0.8016529
0.6666667 0.6842105
0.661157 0.6446281
0.6333333 0.5666667
0.2479339 0.1900826
0.3684211 0.3684211
0.3474576 0.3474576
0.0909091 0.09917355
0.04385965 0.04385965
0.1228070 0.1140351
0.5423729 0.5169492
0.8474576 0.7542373
0.5950413 0.5454545
0.8559322 0.8050847
0.3636364 0.4132231
0.75 0.671875
0.07627119 0.1101695
0.1916667 0.1333333
0.2083333 0.175
0.531746 0.6031746
0.7288136 0.779661
0.128 0.168
0.1916667 0.275
0.3333333 0.3015873
0.6271186 0.6864407
0.03508772 0.07017544
0.08730159 0.07142857
0.6984127 0.8333333
0.2033898 0.1779661
0.5078125 0.6015625
0.9274194 0.9274194
0.9274194 0.9274194
0.9274194 0.9274194
0.2543860 0.2017544
0.02542373 0.02542373
0.02542373 0.06779661
0.825 0.8833333
0.03305785 0.0661157
0.5166667 0.5833333
0.072 0.12
0.136 0.12
0.1666667 0.1491228
0.4576271 0.440678
0.3596491 0.4035088
0.272 0.208
0.940678 0.9237288
0.3421053 0.3684211
0.547619 0.5555556
0.7768595 0.7603306
0.940678 0.9237288
0.064 0.072
0.825 0.8333333
0.7457627 0.881356
0.8677686 0.6280992
0.4375 0.4453125
0.9491525 0.898305
0.1239669 0.1487603
0.8474576 0.8644068
0.592 0.56
0.3984375 0.328125
