0.7815126 0.6638655
0.4957983 0.487395
0.9 0.85
0.6271186 0.5338983
0.220339 0.2033898
0.902439 0.9268293
0.3220339 0.3389831
0.4916667 0.55
0.408 0.448
0.553719 0.5206612
0.296 0.304
0.5950413 0.5454545
0.56 0.512
0.6355932 0.6271186
0.1300813 0.1788618
0.05084746 0.08474576
0.6355932 0.7457627
0.736 0.832
0.864 0.856
0.6747967 0.6829268
0.496 0.616
0.5916667 0.575
0.84 0.696
0.05084746 0.03389831
0.1764706 0.3697479
0.09756098 0.1219512
0.792 0.728
0.8739496 0.8235294
0.05882353 0.03361345
0.368 0.304
0.01652893 0.01652893
0.425 0.5333333
0.1544715 0.0894309
0.6166667 0.575
0.84 0.832
0.6440678 0.7372881
0.03361345 0.03361345
0.2711864 0.2372881
0.1610169 0.1949153
0.804878 0.8617886
0.553719 0.4710744
0.3728814 0.3389831
0.4915254 0.4152542
0.8739496 0.8991597
0.075 0.075
0.495935 0.5853659
0.704 0.696
0.03252033 0.02439024
0.9067797 0.9491525
0.8861789 0.8373984
0.9 0.85
0.05691057 0.05691057
0.7033898 0.6779661
0.08264463 0.08264463
0.1707317 0.1788618
0.3902439 0.2764228
0.6166667 0.575
0.2083333 0.2333333
0.24 0.192
0.7235772 0.7886179
0.5677966 0.5084746
0.8050847 0.7711864
0.7457627 0.7372881
0.4661017 0.5508475
0.8699187 0.9430894
0.4308943 0.3170732
0.4416667 0.3666667
0.5677966 0.6525424
0.504065 0.4634146
0.28 0.32
0.525 0.575
0.7804878 0.8699187
0.736 0.664
0.8292683 0.7804878
0.5677966 0.5508475
0.7804878 0.8780488
0.4745763 0.5338983
0.8050847 0.7711864
0.6115702 0.5702479
0.2727273 0.2892562
0.4705882 0.4201681
0.3697479 0.3697479
0.05042017 0.05882353
0.07317073 0.0894309
0.3728814 0.2627119
0.4201681 0.4621849
0.84 0.888
0.525 0.575
0.6864407 0.7372881
0.45 0.5
0.504065 0.504065
0.1570248 0.1652893
0.220339 0.1440678
0.2066116 0.1074380
0.3495935 0.4878049
0.7723577 0.7723577
0.1056911 0.1626016
0.2066116 0.2314050
0.5254237 0.4152542
0.699187 0.7723577
0.2 0.184
0.2083333 0.2083333
0.736 0.696
0.2764228 0.2439024
0.4876033 0.4545455
0.9067797 0.9491525
0.912 0.888
0.9067797 0.9491525
0.5121951 0.4796748
0.08474576 0.06779661
0 0
0.9152542 0.9067797
0.1610169 0.1271186
0.4830508 0.4661017
0.064 0.112
0.09756098 0.1138211
0.45 0.4083333
0.3170732 0.300813
0.3170732 0.2276423
0.1404959 0.1735537
0.9152542 0.9067797
0.3414634 0.3170732
0.5121951 0.5284553
0.8319328 0.8991597
0.892562 0.9090909
0.1869919 0.1869919
0.8319328 0.8235294
0.8016529 0.8512397
0.7563025 0.7310924
0.495935 0.4390244
0.9152542 0.9067797
0.05042017 0.03361345
0.7398374 0.9430894
0.7226891 0.7058824
0.28 0.192
