0.018 0.026
0.106 0.108
0.02 0.016
0.084 0.09
0.274 0.204
0.002 0.008
0.174 0.15
0.08 0.096
0.056 0.068
0.064 0.052
0.15 0.128
0.068 0.062
0.024 0.03
0.03 0.02
0.232 0.236
0.24 0.23
0.054 0.04
0.022 0.012
0.002 0.004
0.014 0.01
0.028 0.026
0.046 0.032
0.022 0.01
0.41 0.418
0.208 0.19
0.236 0.186
0.038 0.058
0.004 0.004
0.53 0.538
0.138 0.16
0.51 0.542
0.078 0.044
0.26 0.282
0.054 0.028
0.004 0.002
0.006 0.01
0.32 0.34
0.15 0.15
0.218 0.178
0.008 0.014
0.032 0.042
0.16 0.162
0.012 0.02
0.004 0
0.294 0.33
0.096 0.064
0.02 0.036
0.42 0.382
0.004 0
0.002 0.01
0.026 0.02
0.292 0.258
0.026 0.036
0.228 0.266
0.104 0.098
0.194 0.21
0.04 0.04
0.162 0.132
0.306 0.308
0.028 0.022
0.162 0.14
0.028 0.024
0.024 0.026
0.102 0.076
0.004 0
0.062 0.078
0.142 0.146
0.04 0.056
0.042 0.068
0.12 0.094
0.02 0.014
0.02 0.014
0.02 0.046
0.02 0.01
0.02 0.01
0.034 0.02
0.016 0.012
0.014 0.006
0.036 0.054
0.094 0.082
0.092 0.082
0.204 0.162
0.136 0.098
0.258 0.236
0.416 0.392
0.062 0.066
0.006 0.016
0.114 0.118
0.016 0.006
0.084 0.06
0.022 0.006
0.24 0.22
0.252 0.236
0.274 0.248
0.072 0.05
0.026 0.016
0.164 0.176
0.228 0.188
0.158 0.098
0.042 0.056
0.236 0.248
0.228 0.252
0.02 0.03
0.12 0.124
0.056 0.068
0 0
0 0
0.002 0
0.094 0.09
0.136 0.122
0.606 0.642
0.004 0
0.16 0.17
0.094 0.076
0.352 0.346
0.272 0.272
0.144 0.152
0.134 0.1
0.138 0.16
0.232 0.18
0.002 0
0.148 0.108
0.034 0.036
0.01 0.008
0 0.004
0.194 0.178
0.012 0.01
0.002 0.002
0.012 0.032
0.06 0.102
0.004 0.004
0.178 0.176
0.014 0.002
0.056 0.044
0.202 0.23
