0.7058824 0.6722689
0.2845528 0.2926829
0.894309 0.804878
0.5934959 0.5609756
0.1652893 0.1983471
0.9516129 0.9274194
0.3032787 0.3360656
0.5121951 0.5121951
0.3418803 0.4188034
0.6581197 0.6495726
0.0967742 0.1048387
0.5528455 0.5365854
0.7540984 0.6803279
0.6806723 0.7478992
0.1176471 0.1848739
0.1147541 0.1475410
0.6209677 0.6290323
0.768 0.76
0.8617886 0.7642276
0.7226891 0.7058824
0.5934959 0.6097561
0.4793388 0.5702479
0.7540984 0.8114754
0.2649573 0.2905983
0.24 0.224
0.2213115 0.2213115
0.6153846 0.5128205
0.894309 0.804878
0 0
0.302521 0.3445378
0.02439024 0.03252033
0.5128205 0.5299145
0.1652893 0.1239669
0.6747967 0.804878
0.8803419 0.8803419
0.8803419 0.8034188
0.02564103 0.01709402
0.304 0.32
0.1176471 0.1848739
0.8099174 0.6694215
0.6153846 0.6666667
0.3719008 0.3140496
0.5630252 0.4033613
0.9059829 0.8803419
0.1709402 0.1709402
0.6370968 0.5645161
0.7521368 0.6837607
0.02564103 0.02564103
0.9059829 0.8803419
0.9495798 0.9411765
0.8632479 0.8034188
0.1935484 0.1612903
0.448 0.448
0.03252033 0.02439024
0.3577236 0.2764228
0.2307692 0.2222222
0.6752137 0.6410256
0.2213115 0.3196721
0.2393162 0.1880342
0.7264957 0.5470085
0.2689076 0.3109244
0.8130081 0.7642276
0.8016529 0.6694215
0.5853659 0.6422764
0.9262295 0.8852459
0.4754098 0.4836066
0.2822581 0.1935484
0.6209677 0.5887097
0.5630252 0.487395
0.232 0.288
0.6532258 0.6693548
0.856 0.864
0.661157 0.5950413
0.7024793 0.8264463
0.5121951 0.601626
0.6693548 0.5080645
0.5447154 0.495935
0.7777778 0.7435897
0.5619835 0.4876033
0.3790323 0.3467742
0.4677419 0.4032258
0.3225806 0.3387097
0.03252033 0.1056911
0.09243697 0.1092437
0.1048387 0.08870968
0.4065041 0.4634146
0.7983193 0.7563025
0.5245902 0.4672131
0.7521368 0.8803419
0.3445378 0.3697479
0.733871 0.7096774
0.4214876 0.4876033
0.2983871 0.2338710
0.0940171 0.1282051
0.376 0.368
0.8951613 0.8790323
0.1709402 0.1709402
0.2649573 0.3247863
0.2764228 0.2764228
0.864 0.816
0.1626016 0.2195122
0.1404959 0.1239669
0.7560976 0.7479675
0.3418803 0.3760684
0.4214876 0.4297521
0.9262295 0.8852459
0.928 0.864
0.8803419 0.8803419
0.4214876 0.338843
0.3089431 0.2032520
0 0
0.8803419 0.8803419
0.1370968 0.1532258
0.3089431 0.3170732
0.0940171 0.1111111
0.0940171 0.08547009
0.3688525 0.3606557
0.5384615 0.6324786
0.2564103 0.1794872
0.2066116 0.2561983
0.9495798 0.9411765
0.1709402 0.1538462
0.796748 0.5934959
0.9495798 0.8739496
0.8803419 0.8803419
0.304 0.288
0.8688525 0.704918
0.8803419 0.8803419
0.8548387 0.8790323
0.5726496 0.4358974
0.9112903 0.9193548
0.3951613 0.4274194
0.9516129 0.8790323
0.5811966 0.5213675
0.2983871 0.25
