0.026 0.014
0.082 0.08
0.004 0.006
0.092 0.07
0.308 0.284
0.004 0.002
0.158 0.108
0.108 0.096
0.092 0.062
0.052 0.032
0.184 0.132
0.038 0.044
0.058 0.062
0.036 0.022
0.252 0.224
0.322 0.298
0.046 0.05
0.04 0.02
0.012 0.026
0.014 0.012
0.022 0.016
0.104 0.048
0.016 0.014
0.384 0.382
0.206 0.2
0.142 0.134
0.068 0.062
0.006 0.006
0.542 0.542
0.122 0.136
0.532 0.506
0.05 0.036
0.256 0.294
0.044 0.034
0.004 0.004
0.016 0.006
0.3 0.34
0.162 0.162
0.23 0.196
0.018 0.024
0.042 0.044
0.044 0.06
0.114 0.104
0.008 0.004
0.328 0.312
0.02 0.024
0.044 0.036
0.384 0.4
0.006 0.004
0.004 0.002
0.022 0.016
0.406 0.396
0.026 0.034
0.182 0.216
0.186 0.226
0.152 0.166
0.068 0.082
0.178 0.142
0.274 0.274
0.018 0.022
0.122 0.16
0.024 0.02
0.026 0.016
0.142 0.068
0 0
0.06 0.068
0.054 0.084
0.072 0.044
0.008 0.008
0.176 0.136
0.076 0.048
0.01 0.014
0.002 0.012
0.018 0.016
0.08 0.044
0.016 0.012
0.036 0.038
0.022 0
0.05 0.054
0.08 0.058
0.098 0.07
0.234 0.226
0.334 0.308
0.266 0.228
0.324 0.352
0.088 0.088
0.012 0.004
0.124 0.112
0.016 0.006
0.118 0.056
0.03 0.014
0.102 0.07
0.18 0.2
0.294 0.288
0.142 0.104
0.01 0.004
0.286 0.262
0.182 0.142
0.124 0.156
0.032 0.032
0.252 0.274
0.274 0.318
0.026 0.022
0.096 0.08
0.146 0.112
0.002 0
0.002 0.002
0 0
0.05 0.038
0.426 0.5
0.666 0.64
0 0
0.278 0.31
0.096 0.076
0.296 0.28
0.188 0.146
0.108 0.104
0.084 0.082
0.174 0.244
0.12 0.104
0.004 0
0.158 0.15
0.022 0.034
0.014 0.018
0.006 0.008
0.202 0.206
0.012 0.034
0.004 0
0.014 0.006
0.05 0.06
0 0.002
0.22 0.252
0.016 0.002
0.036 0.03
0.164 0.174
