0.026 0.016
0.146 0.14
0 0.002
0.038 0.02
0.282 0.222
0.004 0.002
0.26 0.234
0.064 0.094
0.108 0.086
0.018 0.016
0.162 0.162
0.004 0.008
0.016 0.018
0.05 0.022
0.112 0.1
0.318 0.26
0.052 0.022
0.036 0.01
0.012 0.002
0.01 0.034
0.048 0.024
0.042 0.034
0.016 0.012
0.392 0.418
0.178 0.116
0.182 0.168
0.038 0.026
0 0
0.534 0.528
0.114 0.118
0.438 0.494
0.078 0.03
0.19 0.196
0.064 0.046
0.002 0.012
0.02 0.01
0.39 0.434
0.068 0.052
0.244 0.244
0.004 0.006
0.004 0.008
0.102 0.144
0.098 0.108
0 0
0.186 0.264
0.064 0.056
0.024 0.012
0.428 0.436
0.004 0
0.008 0.002
0.022 0.02
0.25 0.312
0.028 0.056
0.374 0.388
0.206 0.252
0.102 0.124
0.016 0.026
0.198 0.142
0.1 0.126
0.03 0.024
0.156 0.158
0.01 0.026
0.028 0.024
0.094 0.068
0 0.002
0.066 0.05
0.068 0.07
0.034 0.022
0.044 0.078
0.168 0.132
0.036 0.034
0.01 0.018
0.03 0.032
0.016 0.014
0.044 0.042
0.008 0.008
0.044 0.042
0.014 0.014
0.078 0.048
0.178 0.14
0.064 0.056
0.16 0.154
0.102 0.118
0.094 0.066
0.404 0.35
0.08 0.068
0.01 0.012
0.006 0.008
0.014 0.008
0.152 0.118
0.042 0.022
0.182 0.226
0.214 0.232
0.244 0.23
0.098 0.078
0.012 0.008
0.24 0.232
0.292 0.252
0.118 0.096
0.032 0.032
0.162 0.162
0.19 0.226
0.006 0.016
0.124 0.154
0.094 0.07
0.006 0
0 0
0 0
0.146 0.154
0.462 0.526
0.652 0.678
0.01 0
0.224 0.24
0.05 0.034
0.286 0.276
0.306 0.27
0.09 0.114
0.134 0.112
0.17 0.154
0.142 0.088
0 0
0.13 0.14
0.032 0.05
0.002 0.004
0.004 0.002
0.194 0.184
0.01 0.012
0.012 0.004
0.008 0.01
0.072 0.088
0.004 0.006
0.118 0.134
0.012 0.008
0.028 0.028
0.19 0.182
