0.7092199 0.7092199 0.7092199 0.7092199 0.7092199 0.7092199 0.7092199 0.7092199 0.7092199 0.7092199 0.6382979
0.25 0.2928571 0.2642857 0.2642857 0.2642857 0.2571429 0.3714286 0.3857143 0.3285714 0.3142857 0.3142857
0.632353 0.625 0.632353 0.6029412 0.5955882 0.6029412 0.617647 0.617647 0.6029412 0.5955882 0.617647
0.6567164 0.6716418 0.6567164 0.6492537 0.6567164 0.6492537 0.6641791 0.6492537 0.641791 0.6343284 0.5970149
0.3333333 0.3629630 0.3629630 0.3629630 0.3259259 0.3629630 0.2962963 0.2962963 0.3333333 0.3259259 0.4074074
0.6567164 0.6716418 0.6567164 0.6492537 0.6567164 0.6492537 0.6641791 0.6492537 0.641791 0.6343284 0.5970149
0.742647 0.7352941 0.742647 0.7352941 0.742647 0.7205882 0.7205882 0.7205882 0.7205882 0.7132353 0.6397059
0.5248227 0.5602837 0.5390071 0.6241135 0.6170213 0.6241135 0.5390071 0.5319149 0.5390071 0.5248227 0.5460993
0.4565217 0.2826087 0.2898551 0.4637681 0.442029 0.442029 0.2246377 0.2826087 0.2681159 0.3985507 0.2681159
0.6567164 0.6716418 0.6567164 0.6492537 0.6567164 0.6492537 0.6641791 0.6492537 0.641791 0.6343284 0.5970149
0.7293233 0.7368421 0.7142857 0.7368421 0.7293233 0.7293233 0.7293233 0.7293233 0.7218045 0.7443609 0.6390977
0.1449275 0.1304348 0.1376812 0 0 0.1086957 0.1159420 0.1159420 0.1739130 0.1086957 0.1884058
0.5942029 0.5942029 0.6086957 0.6014493 0.6014493 0.6014493 0.6014493 0.6014493 0.5942029 0.5942029 0.5942029
0.7058824 0.7279412 0.7205882 0.7279412 0.7205882 0.7205882 0.7205882 0.7205882 0.7205882 0.7132353 0.6397059
0.3676471 0.4779412 0.4926471 0.3676471 0.3308824 0.3602941 0.5073529 0.5147059 0.5073529 0.5 0.5073529
0.5735294 0.5955882 0.5882353 0.5808824 0.5808824 0.5808824 0.5808824 0.5808824 0.5808824 0.5735294 0.5735294
0.3382353 0.3602941 0.3382353 0.3602941 0.3382353 0.3602941 0.4117647 0.4044118 0.375 0.3455882 0.3676471
0.4779412 0.3308824 0.2941176 0.5294118 0.5294118 0.5294118 0.3970588 0.3602941 0.3235294 0.3676471 0.3676471
0.7173913 0.7173913 0.7391304 0.7101449 0.7101449 0.7391304 0.7173913 0.7246377 0.7246377 0.7246377 0.6231884
0.2781955 0.2781955 0.2932331 0.3007519 0.3007519 0.3308271 0.3909774 0.3684211 0.3383459 0.3383459 0.3383459
0.4736842 0.2706767 0.2932331 0.518797 0.4135338 0.518797 0.2932331 0.2932331 0.2932331 0.2857143 0.2932331
0.1911765 0.1470588 0.125 0.125 0.1176471 0.1176471 0.1397059 0.1323529 0.1838235 0.1176471 0.1985294
0.1654135 0.08270677 0.1879699 0.1879699 0.1879699 0.1954887 0.1654135 0.1654135 0.1729323 0.06015038 0.1503759
0.742647 0.7352941 0.742647 0.7352941 0.742647 0.7205882 0.7205882 0.7205882 0.7205882 0.7132353 0.6397059
0.3059701 0.5671642 0.5671642 0.5671642 0.5671642 0.5671642 0.5671642 0.5671642 0.5447761 0.5298507 0.5149254
0.2631579 0.2180451 0.2255639 0.3533835 0.2105263 0.2781955 0.2255639 0.2255639 0.2180451 0.2105263 0.2481203
0.4029851 0.4552239 0.4328358 0.4477612 0.4552239 0.4701493 0.4701493 0.4701493 0.5 0.4477612 0.4701493
0.01503759 0 0 0 0 0 0.03007519 0.007518797 0 0 0
0.3382353 0.3602941 0.3382353 0.3602941 0.3382353 0.3602941 0.4117647 0.4044118 0.375 0.3455882 0.3676471
0.7293233 0.7368421 0.7142857 0.7368421 0.7293233 0.7293233 0.7293233 0.7293233 0.7218045 0.7443609 0.6390977
0.01503759 0 0 0 0 0 0.03007519 0.007518797 0 0 0
0.406015 0.1578947 0.406015 0.4135338 0.4135338 0.4135338 0.3684211 0.2631579 0.443609 0.3984962 0.443609
0.2074074 0.1037037 0.2074074 0.1629630 0.1185185 0.1333333 0.1185185 0.1111111 0.1629630 0.1037037 0.1629630
0.1449275 0.1304348 0.1376812 0 0 0.1086957 0.1159420 0.1159420 0.1739130 0.1086957 0.1884058
0.6985294 0.6985294 0.6985294 0.6985294 0.6985294 0.6985294 0.6985294 0.6985294 0.6985294 0.6985294 0.6397059
0.2481203 0.2781955 0.4135338 0.2706767 0.2857143 0.2556391 0.4210526 0.3984962 0.3684211 0.3684211 0.3684211
0.06766917 0.06015038 0.06015038 0.06766917 0.06015038 0.06766917 0.03007519 0.007518797 0.06015038 0 0
0.2835821 0.5074627 0.4925373 0.5522388 0.5447761 0.5447761 0.5522388 0.5522388 0.5447761 0.5298507 0.5149254
0.5957447 0.5957447 0.6028369 0.5177305 0.5177305 0.5177305 0.6028369 0.6028369 0.5957447 0.5957447 0.5957447
0.6567164 0.6716418 0.6567164 0.6492537 0.6567164 0.6492537 0.6641791 0.6492537 0.641791 0.6343284 0.5970149
0.3308271 0.3308271 0.3308271 0.2631579 0.3383459 0.2857143 0.4210526 0.3383459 0.3759398 0.3759398 0.3684211
0.7142857 0.7 0.7 0.7285714 0.7 0.7071429 0.7214286 0.7142857 0.7071429 0.7071429 0.6071429
0.2074074 0.1037037 0.2074074 0.1629630 0.1185185 0.1333333 0.1185185 0.1111111 0.1629630 0.1037037 0.1629630
0.2781955 0.2781955 0.2932331 0.3308271 0.3007519 0.3609023 0.3834586 0.3609023 0.3308271 0.3308271 0.3308271
0.2781955 0.2781955 0.2932331 0.3308271 0.3007519 0.3609023 0.3834586 0.3609023 0.3308271 0.3308271 0.3308271
0.562963 0.4444444 0.4666667 0.4740741 0.4666667 0.4444444 0.4222222 0.4296296 0.4148148 0.4222222 0.3407407
0.7067669 0.7067669 0.7067669 0.7067669 0.7067669 0.7067669 0.7067669 0.7067669 0.7067669 0.7067669 0.6466165
0.6985294 0.6985294 0.7132353 0.6985294 0.7058824 0.7205882 0.7058824 0.7205882 0.7794118 0.7058824 0.617647
0.6028369 0.6028369 0.6170213 0.5319149 0.5319149 0.5319149 0.6099291 0.6099291 0.6028369 0.6028369 0.6028369
0.5639098 0.5714286 0.406015 0.4887218 0.4360902 0.4360902 0.2556391 0.3007519 0.2932331 0.2857143 0.2932331
0.375 0.4852941 0.4926471 0.3676471 0.3308824 0.375 0.5220588 0.5147059 0.5073529 0.5 0.5147059
0.632353 0.625 0.632353 0.6029412 0.5955882 0.6029412 0.617647 0.617647 0.6029412 0.5955882 0.617647
0.6567164 0.6716418 0.6567164 0.6492537 0.6567164 0.6492537 0.6641791 0.6492537 0.641791 0.6343284 0.5970149
0.7185185 0.7111111 0.7111111 0.7333333 0.7185185 0.7185185 0.7185185 0.7259259 0.7259259 0.7111111 0.6222222
0.5074627 0.2238806 0.2537313 0.2611940 0.2910448 0.2910448 0.2910448 0.2910448 0.2910448 0.2686567 0.2611940
0.6466165 0.631579 0.631579 0.6090226 0.593985 0.593985 0.6090226 0.6240602 0.6015038 0.6015038 0.6165414
0.1804511 0.2255639 0.2481203 0.2105263 0.2105263 0.2105263 0.3082707 0.3007519 0.2781955 0.3533835 0.2857143
0.125 0.04411765 0.1470588 0.1397059 0.1397059 0.1544118 0.1176471 0.1323529 0.09558824 0.04411765 0.1029412
0.4857143 0.4928571 0.5142857 0.5142857 0.5142857 0.5142857 0.5214286 0.5214286 0.5142857 0.4142857 0.5071429
0.6567164 0.6716418 0.6567164 0.6492537 0.6567164 0.6492537 0.6641791 0.6492537 0.641791 0.6343284 0.5970149
0.5263158 0.4511278 0.4511278 0.4586466 0.4285714 0.4360902 0.4736842 0.4736842 0.4586466 0.481203 0.4586466
0.3529412 0.4632353 0.4926471 0.3529412 0.3235294 0.3529412 0.5 0.5 0.4926471 0.4926471 0.4926471
0.6086957 0.6376812 0.6304348 0.6086957 0.6304348 0.615942 0.6449275 0.6376812 0.6449275 0.6304348 0.6231884
0.7293233 0.7368421 0.7142857 0.7368421 0.7293233 0.7293233 0.7293233 0.7293233 0.7218045 0.7443609 0.6390977
0.2720588 0.3088235 0.2720588 0.2794118 0.2720588 0.2720588 0.2941176 0.3308824 0.3235294 0.3014706 0.3161765
0.7293233 0.6992481 0.7067669 0.7067669 0.7142857 0.6917293 0.7142857 0.6992481 0.7142857 0.7067669 0.6165414
0 0.01428571 0 0 0.05714286 0.08571429 0.007142857 0.007142857 0 0 0.03571429
0.6567164 0.6716418 0.6567164 0.6492537 0.6567164 0.6492537 0.6641791 0.6492537 0.641791 0.6343284 0.5970149
0.2279412 0.25 0.2205882 0.2647059 0.2426471 0.2279412 0.2647059 0.2867647 0.2941176 0.2647059 0.2794118
0.3609023 0.3308271 0.3609023 0.2556391 0.2631579 0.3082707 0.2781955 0.2255639 0.2481203 0.3082707 0.3533835
0.5285714 0.2642857 0.3714286 0.4285714 0.4285714 0.4285714 0.2214286 0.1714286 0.15 0.15 0.2571429
0.07857143 0.04285714 0.07857143 0 0 0.08571429 0.007142857 0.05714286 0 0 0
0.625 0.617647 0.6102941 0.6029412 0.5955882 0.6029412 0.617647 0.617647 0.6029412 0.5955882 0.617647
0.2481203 0.2781955 0.4135338 0.2706767 0.2857143 0.2556391 0.4210526 0.3984962 0.3684211 0.3684211 0.3684211
0.3233083 0.3684211 0.3007519 0.3458647 0.3684211 0.3834586 0.2330827 0.3458647 0.3007519 0.2706767 0.2255639
0.7185185 0.7111111 0.7111111 0.7333333 0.7185185 0.7185185 0.7185185 0.7259259 0.7259259 0.7111111 0.6222222
0.6165414 0.6090226 0.6090226 0.6240602 0.6240602 0.6165414 0.6390977 0.631579 0.6466165 0.6390977 0.6466165
0.7293233 0.6992481 0.7067669 0.7067669 0.7142857 0.6917293 0.7142857 0.6992481 0.7142857 0.7067669 0.6165414
0.7142857 0.7218045 0.7368421 0.7443609 0.7142857 0.7218045 0.7218045 0.7293233 0.7218045 0.7067669 0.6466165
0.7293233 0.7368421 0.7142857 0.7368421 0.7293233 0.7293233 0.7293233 0.7293233 0.7218045 0.7443609 0.6390977
0.1176471 0.2058824 0.3382353 0.2647059 0.1470588 0.2279412 0.3529412 0.4044118 0.3676471 0.3308824 0.3235294
0.5263158 0.4511278 0.4511278 0.4586466 0.4285714 0.4360902 0.4736842 0.4736842 0.4586466 0.481203 0.4586466
0.7185185 0.7111111 0.7111111 0.7333333 0.7185185 0.7185185 0.7185185 0.7259259 0.7259259 0.7111111 0.6222222
0.3609023 0.3308271 0.3609023 0.2556391 0.2631579 0.3082707 0.2781955 0.2255639 0.2481203 0.3082707 0.3533835
0.6879433 0.6879433 0.6879433 0.6879433 0.6879433 0.6879433 0.6879433 0.6879433 0.6879433 0.6879433 0.6382979
0.1176471 0.2573529 0.2647059 0.2058824 0.1470588 0.1470588 0.3161765 0.3235294 0.2867647 0.2794118 0.25
0.4296296 0.4962963 0.4962963 0.5037037 0.5037037 0.5037037 0.5037037 0.5037037 0.4962963 0.4666667 0.4666667
0.7293233 0.6992481 0.7067669 0.7067669 0.7142857 0.6917293 0.7142857 0.6992481 0.7142857 0.7067669 0.6165414
0.6764706 0.6764706 0.6764706 0.6764706 0.6764706 0.6764706 0.6764706 0.6764706 0.6764706 0.6764706 0.617647
0.07407407 0.08888889 0.1333333 0 0 0.08888889 0.08888889 0.007407407 0.05925926 0 0.05925926
0.25 0.2928571 0.2642857 0.2642857 0.2642857 0.2571429 0.3714286 0.3857143 0.3285714 0.3142857 0.3142857
0.0962963 0.07407407 0.1333333 0 0.08888889 0.08148148 0.08888889 0.007407407 0.05925926 0 0.05925926
0.7142857 0.7218045 0.7218045 0.7218045 0.7142857 0.7218045 0.7218045 0.7293233 0.7218045 0.7067669 0.6466165
0.6074074 0.6296296 0.6296296 0.6148148 0.6148148 0.6148148 0.6148148 0.6148148 0.6074074 0.6074074 0.6074074
0.6567164 0.6716418 0.6567164 0.6492537 0.6567164 0.6492537 0.6641791 0.6492537 0.641791 0.6343284 0.5970149
0.25 0.2794118 0.2279412 0.2426471 0.25 0.25 0.3014706 0.3014706 0.2941176 0.2647059 0.2867647
0.7293233 0.7368421 0.7142857 0.7368421 0.7293233 0.7293233 0.7293233 0.7293233 0.7218045 0.7443609 0.6390977
0.5289855 0.5 0.5289855 0.5362319 0.5362319 0.5289855 0.5362319 0.5434783 0.5362319 0.5289855 0.5362319
0.4148148 0.437037 0.4888889 0.4888889 0.4962963 0.4962963 0.4962963 0.4962963 0.4592593 0.4592593 0.4592593
0.2971014 0.2971014 0.3188406 0.2463768 0.2391304 0.2463768 0.3043478 0.3115942 0.2898551 0.2753623 0.2898551
0.7293233 0.7368421 0.7142857 0.7368421 0.7293233 0.7293233 0.7293233 0.7293233 0.7218045 0.7443609 0.6390977
0.2781955 0.2781955 0.2932331 0.3007519 0.3007519 0.3308271 0.3909774 0.3684211 0.3383459 0.3383459 0.3383459
0.716312 0.716312 0.716312 0.7234043 0.7234043 0.7304965 0.7375887 0.7234043 0.7446809 0.716312 0.6382979
0.2781955 0.2781955 0.2932331 0.3007519 0.3007519 0.3308271 0.3909774 0.3684211 0.3383459 0.3383459 0.3383459
0.5808824 0.5735294 0.5661765 0.5588235 0.4852941 0.4852941 0 0 0.5735294 0.5955882 0.617647
0.07462687 0.05223881 0.04477612 0.03731343 0.04477612 0.08955224 0.04477612 0.06716418 0.05970149 0.08208955 0.1044776
0.7142857 0.7 0.7 0.7285714 0.7 0.7071429 0.7214286 0.7142857 0.7071429 0.7071429 0.6071429
0.4135338 0.518797 0.5488722 0.481203 0.4511278 0.4210526 0.5037594 0.4887218 0.4887218 0.4887218 0.5488722
0.742647 0.7352941 0.742647 0.7352941 0.742647 0.7205882 0.7205882 0.7205882 0.7205882 0.7132353 0.6397059
0.5460993 0.5602837 0.5390071 0.6241135 0.6170213 0.6241135 0.5390071 0.5319149 0.5390071 0.5248227 0.5460993
0.1544118 0.05882353 0.1617647 0.1764706 0.1617647 0.1397059 0.1323529 0.1176471 0.1176471 0.125 0.1176471
0.2835821 0.5074627 0.4925373 0.5522388 0.5447761 0.5447761 0.5522388 0.5522388 0.5447761 0.5298507 0.5149254
0.4285714 0.4571429 0.5 0.5 0.5 0.5 0.4071429 0.5071429 0.5 0.3928571 0.5
0.06015038 0.04511278 0.02255639 0.02255639 0 0 0.03007519 0.007518797 0 0 0
0.5602837 0.4822695 0.4822695 0.4822695 0.4822695 0.4751773 0.4822695 0.4822695 0.4822695 0.4822695 0.4893617
0.4661654 0.2406015 0.2330827 0.2180451 0.2330827 0.2180451 0.2255639 0.2706767 0.2631579 0.2706767 0.2706767
0.7185185 0.7111111 0.7111111 0.7333333 0.7185185 0.7185185 0.7185185 0.7259259 0.7259259 0.7111111 0.6222222
0.7293233 0.6992481 0.7067669 0.7067669 0.7142857 0.6917293 0.7142857 0.6992481 0.7142857 0.7067669 0.6165414
0.1063830 0.1773050 0.1702128 0.1773050 0.1773050 0.2198582 0.1843972 0.2978723 0.1702128 0.1702128 0.1702128
0.7185185 0.7111111 0.7111111 0.7333333 0.7185185 0.7185185 0.7185185 0.7259259 0.7259259 0.7111111 0.6222222
0.7142857 0.7218045 0.7368421 0.7443609 0.7142857 0.7218045 0.7218045 0.7293233 0.7218045 0.7067669 0.6466165
0.7142857 0.7218045 0.7368421 0.7443609 0.7142857 0.7218045 0.7218045 0.7293233 0.7218045 0.7067669 0.6466165
0.01503759 0.1278195 0.06015038 0.06015038 0.06015038 0.06015038 0.06766917 0.1804511 0.06015038 0.1729323 0.1729323
0.4926471 0.3455882 0.2941176 0.5441176 0.5294118 0.5294118 0.4044118 0.3602941 0.3235294 0.375 0.3676471
0.2556391 0.2932331 0.3233083 0.2255639 0.2330827 0.2406015 0.3157895 0.2857143 0.1729323 0.2180451 0.2706767
0.3059701 0.5671642 0.5671642 0.5671642 0.5671642 0.5671642 0.5671642 0.5671642 0.5447761 0.5298507 0.5149254
0.5714286 0.5714286 0.2556391 0.3609023 0.2556391 0.3308271 0.2105263 0.2180451 0.2330827 0.1954887 0.2330827
0.6567164 0.6716418 0.6567164 0.6492537 0.6567164 0.6492537 0.6641791 0.6492537 0.641791 0.6343284 0.5970149
0.1449275 0.1304348 0.1376812 0 0 0.1086957 0.1159420 0.1159420 0.1739130 0.1086957 0.1884058
0.6074074 0.6296296 0.6296296 0.6148148 0.6148148 0.6148148 0.6148148 0.6148148 0.6074074 0.6074074 0.6074074
0.4135338 0.518797 0.5488722 0.481203 0.4511278 0.4210526 0.5037594 0.4887218 0.4887218 0.4887218 0.5488722
0.7173913 0.7173913 0.7391304 0.7101449 0.7101449 0.7391304 0.7173913 0.7246377 0.7246377 0.7246377 0.6231884
0.1071429 0.15 0.15 0.1571429 0.1571429 0.05714286 0.3214286 0.3 0.25 0.2571429 0.15
0.01503759 0.1503759 0.1503759 0.09774436 0.06766917 0.1578947 0.2556391 0.2481203 0.1578947 0.2255639 0.1954887
0.673913 0.673913 0.673913 0.673913 0.673913 0.673913 0.6376812 0.673913 0.673913 0.673913 0.6231884
0.2444444 0.2370370 0.2592593 0.3111111 0.2592593 0.2666667 0.2148148 0.2370370 0.2148148 0.2 0.2148148
0.1159420 0.05797101 0.07246377 0.1014493 0.1086957 0 0.0942029 0.07971014 0.05797101 0 0
0.5073529 0.3308824 0.2941176 0.5441176 0.5294118 0.5294118 0.4044118 0.3602941 0.3235294 0.375 0.3676471
0.06766917 0.06015038 0.06015038 0.06766917 0.06015038 0.06766917 0.03007519 0.007518797 0.06015038 0 0
0.1071429 0.1142857 0.1 0.1 0.1 0 0.1357143 0.1071429 0.1 0.1 0.1
0.4661654 0.2406015 0.2330827 0.2180451 0.2330827 0.2180451 0.2255639 0.2706767 0.2631579 0.2706767 0.2706767
0.09774436 0 0.07518797 0.07518797 0.1203008 0.06015038 0.06766917 0.05263158 0.05263158 0.05263158 0
0.3609023 0.3308271 0.3609023 0.2556391 0.2631579 0.3082707 0.2781955 0.2255639 0.2481203 0.3082707 0.3533835
0.716312 0.716312 0.716312 0.7234043 0.7234043 0.7304965 0.7375887 0.7234043 0.7446809 0.716312 0.6382979
0.1397059 0.1838235 0.03676471 0.08088235 0.03676471 0.03676471 0.04411765 0.04411765 0.01470588 0.08088235 0.07352941
0.7173913 0.7173913 0.7391304 0.7101449 0.7101449 0.7391304 0.7173913 0.7246377 0.7246377 0.7246377 0.6231884
0.6567164 0.6716418 0.6567164 0.6492537 0.6567164 0.6492537 0.6641791 0.6492537 0.641791 0.6343284 0.5970149
0.5037594 0.5112782 0.518797 0.5263158 0.5413534 0.5338346 0.518797 0.5338346 0.5338346 0.518797 0.518797
0.742647 0.7352941 0.742647 0.7352941 0.742647 0.7205882 0.7205882 0.7205882 0.7205882 0.7132353 0.6397059
0.7293233 0.7368421 0.7142857 0.7368421 0.7293233 0.7293233 0.7293233 0.7293233 0.7218045 0.7443609 0.6390977
0.7142857 0.7218045 0.7368421 0.7218045 0.7142857 0.7218045 0.7218045 0.7293233 0.7218045 0.7067669 0.6466165
