0.096 0.114 0.118 0.17 0.53 0.738 0.78 0.836 0.828 0.846 0.834
0 0 0 0 0 0 0 0 0 0 0
0 0.002 0.01 0.128 0.594 0.816 0.886 0.88 0.918 0.94 0.928
0 0 0 0 0 0 0 0 0 0 0
0 0 0 0 0 0 0 0 0 0 0
0 0 0 0.122 0.538 0.732 0.81 0.844 0.87 0.876 0.904
0 0 0 0 0 0 0 0 0 0 0
0 0 0 0 0 0 0 0 0 0 0
0 0.002 0 0.012 0.102 0.232 0.364 0.478 0.542 0.538 0.566
0.016 0.024 0.066 0.252 0.698 0.884 0.914 0.92 0.944 0.952 0.95
0 0 0 0 0 0 0 0 0 0 0
0 0 0 0 0 0 0 0 0 0 0
0.004 0.01 0.042 0.228 0.63 0.86 0.918 0.918 0.96 0.924 0.96
0.006 0.012 0.014 0.066 0.21 0.394 0.482 0.534 0.602 0.666 0.602
0 0 0 0 0 0 0 0 0 0 0
0 0 0.008 0.132 0.546 0.734 0.846 0.862 0.884 0.916 0.91
0.006 0.006 0.02 0.092 0.388 0.616 0.708 0.786 0.828 0.81 0.832
0 0 0.006 0.084 0.508 0.78 0.888 0.904 0.894 0.936 0.918
0.064 0.05 0.094 0.204 0.5 0.724 0.844 0.866 0.912 0.934 0.936
0 0 0 0 0 0 0 0 0 0 0
0.022 0.036 0.036 0.174 0.622 0.882 0.97 0.976 0.974 0.992 0.98
0.002 0.002 0.026 0.14 0.606 0.872 0.918 0.932 0.942 0.934 0.95
0 0 0.004 0.11 0.466 0.704 0.854 0.87 0.882 0.912 0.914
0 0 0 0 0 0 0 0 0 0 0
0.148 0.164 0.168 0.224 0.626 0.888 0.948 0.972 0.974 0.972 0.986
0.05 0.068 0.138 0.378 0.726 0.93 0.962 0.964 0.958 0.966 0.95
0.014 0.01 0.07 0.25 0.718 0.886 0.936 0.958 0.948 0.95 0.952
0.03 0.032 0.05 0.314 0.672 0.896 0.95 0.964 0.968 0.982 0.984
0.028 0.04 0.09 0.252 0.742 0.926 0.974 0.99 0.99 0.982 0.98
0.056 0.09 0.164 0.422 0.782 0.946 0.98 0.97 0.96 0.97 0.978
0.024 0.038 0.064 0.128 0.414 0.594 0.594 0.668 0.666 0.708 0.68
0 0 0 0 0 0 0 0 0 0 0
0.028 0.038 0.094 0.256 0.728 0.94 0.984 0.976 0.984 0.986 0.982
0.002 0.002 0.028 0.162 0.596 0.858 0.952 0.948 0.936 0.956 0.97
0 0.002 0.004 0.134 0.584 0.804 0.886 0.914 0.92 0.928 0.93
0.216 0.274 0.282 0.412 0.782 0.908 0.946 0.942 0.964 0.946 0.966
0 0 0 0 0 0 0 0 0 0 0
0.008 0.01 0.04 0.172 0.648 0.88 0.952 0.982 0.964 0.966 0.982
0.012 0.03 0.062 0.242 0.684 0.918 0.968 0.96 0.976 0.974 0.972
0.258 0.246 0.264 0.35 0.736 0.86 0.932 0.948 0.944 0.966 0.958
0.036 0.046 0.068 0.142 0.488 0.674 0.772 0.832 0.852 0.862 0.836
0 0 0 0 0 0 0 0 0 0 0
0 0 0.024 0.162 0.594 0.84 0.916 0.926 0.952 0.964 0.956
0.002 0.012 0.024 0.142 0.604 0.808 0.864 0.86 0.908 0.906 0.924
0 0 0 0 0 0 0 0 0 0 0
0.018 0.026 0.062 0.212 0.682 0.89 0.954 0.962 0.98 0.988 0.976
0.004 0.006 0.016 0.184 0.55 0.778 0.836 0.864 0.906 0.908 0.932
0.024 0.022 0.062 0.154 0.532 0.714 0.76 0.786 0.796 0.824 0.81
0 0 0 0 0 0 0 0 0 0 0
0 0 0 0 0 0 0 0 0 0 0
0.006 0.02 0.054 0.15 0.528 0.714 0.76 0.776 0.792 0.818 0.808
0 0 0 0.122 0.538 0.732 0.81 0.844 0.87 0.876 0.904
0 0 0 0 0 0 0 0 0 0 0
0 0 0 0 0 0 0 0 0 0 0
0.016 0.024 0.066 0.252 0.698 0.884 0.914 0.92 0.944 0.952 0.95
0 0 0 0 0 0 0 0 0.002 0 0
0.184 0.14 0.15 0.192 0.306 0.456 0.542 0.586 0.652 0.696 0.628
0.002 0.014 0.024 0.14 0.604 0.808 0.864 0.86 0.908 0.906 0.922
0.012 0.03 0.046 0.238 0.676 0.882 0.928 0.952 0.974 0.964 0.972
0.286 0.262 0.29 0.378 0.748 0.874 0.95 0.964 0.96 0.972 0.968
0.002 0.01 0.028 0.116 0.582 0.836 0.908 0.938 0.95 0.964 0.944
0.102 0.144 0.162 0.248 0.694 0.898 0.952 0.968 0.98 0.964 0.974
0 0 0.008 0.132 0.546 0.734 0.846 0.862 0.884 0.916 0.912
0 0 0 0 0 0 0 0 0 0 0
0 0 0 0 0 0 0 0 0 0 0
0.006 0.008 0.018 0.096 0.542 0.82 0.87 0.898 0.944 0.936 0.942
0 0 0 0 0 0 0 0 0 0 0
0.122 0.138 0.172 0.336 0.768 0.958 0.986 0.988 0.994 0.996 0.996
0 0 0 0 0 0 0 0 0 0 0
0 0 0 0.122 0.538 0.732 0.81 0.844 0.87 0.876 0.904
0.05 0.07 0.14 0.388 0.728 0.932 0.964 0.968 0.958 0.966 0.95
0.096 0.114 0.126 0.246 0.636 0.816 0.876 0.92 0.934 0.936 0.944
0.052 0.102 0.184 0.432 0.796 0.948 0.982 0.974 0.968 0.982 0.982
0 0 0 0 0 0 0 0 0 0 0
0.03 0.032 0.09 0.228 0.708 0.918 0.966 0.972 0.968 0.986 0.974
0.01 0.016 0.012 0.154 0.618 0.834 0.902 0.928 0.942 0.946 0.942
0 0 0 0 0 0 0 0 0 0 0
0.184 0.14 0.15 0.192 0.306 0.456 0.542 0.586 0.652 0.696 0.628
0 0 0 0 0 0 0 0 0 0 0
0 0 0 0 0 0 0 0 0 0 0
0 0 0 0 0 0 0 0 0 0 0
0.156 0.206 0.172 0.31 0.614 0.716 0.75 0.682 0.692 0.592 0.574
0 0 0.01 0.072 0.308 0.544 0.71 0.764 0.842 0.882 0.878
0 0 0 0 0 0 0 0 0 0 0
0.006 0.006 0.036 0.182 0.602 0.824 0.904 0.93 0.958 0.96 0.95
0 0 0.002 0 0.002 0 0 0.002 0 0 0
0.006 0.006 0.016 0.12 0.488 0.766 0.868 0.864 0.91 0.944 0.952
0 0 0 0 0 0 0 0 0 0 0
0 0 0 0 0 0 0 0 0 0 0
0.062 0.084 0.112 0.24 0.716 0.942 0.988 0.992 0.998 0.996 0.992
0.052 0.064 0.098 0.232 0.686 0.942 0.966 0.982 0.976 0.98 0.982
0.034 0.028 0.088 0.28 0.73 0.92 0.956 0.96 0.972 0.974 0.968
0.002 0.004 0.026 0.222 0.624 0.824 0.864 0.86 0.924 0.876 0.928
0 0 0 0 0 0 0 0 0 0 0
0 0 0 0 0 0 0 0 0 0 0
0.006 0.006 0.02 0.092 0.388 0.616 0.708 0.786 0.828 0.81 0.832
0.002 0.002 0.024 0.186 0.632 0.858 0.912 0.892 0.928 0.936 0.904
0.004 0.004 0.014 0.122 0.592 0.782 0.868 0.896 0.916 0.938 0.934
0 0 0 0 0 0 0 0 0 0 0
0 0.002 0.02 0.206 0.622 0.856 0.91 0.922 0.944 0.948 0.96
0 0 0 0 0 0 0 0 0 0 0
0.088 0.13 0.222 0.456 0.818 0.974 0.99 0.988 0.998 1 0.996
0 0 0 0 0 0 0 0 0 0 0
0 0.01 0.024 0.156 0.614 0.87 0.96 0.962 0.958 0.978 0.966
0 0 0 0 0 0 0 0 0 0 0
0.006 0.014 0.018 0.11 0.558 0.838 0.872 0.924 0.922 0.924 0.952
0 0 0 0 0 0 0 0 0 0 0
0.034 0.044 0.062 0.214 0.668 0.872 0.898 0.922 0.94 0.946 0.946
0.01 0.008 0.026 0.142 0.616 0.858 0.94 0.954 0.958 0.972 0.968
0.104 0.152 0.17 0.29 0.714 0.908 0.928 0.944 0.964 0.962 0.962
0.002 0.002 0.018 0.124 0.596 0.846 0.93 0.942 0.944 0.96 0.958
0 0.002 0.018 0.12 0.486 0.768 0.866 0.868 0.908 0.944 0.95
0 0 0.01 0.072 0.308 0.546 0.71 0.764 0.842 0.882 0.878
0.012 0.026 0.056 0.188 0.65 0.866 0.932 0.952 0.95 0.962 0.956
0 0.006 0.016 0.122 0.536 0.772 0.844 0.914 0.904 0.914 0.906
0 0 0 0 0 0 0 0 0 0 0
0 0 0 0 0 0 0 0 0 0 0
0 0 0 0 0 0 0 0 0 0 0
0.202 0.178 0.212 0.332 0.696 0.82 0.906 0.886 0.886 0.884 0.884
0 0 0 0 0 0 0 0 0 0 0
0 0 0 0 0 0 0 0 0 0 0
0 0 0 0 0 0 0 0 0 0 0
0.198 0.156 0.202 0.314 0.686 0.812 0.894 0.878 0.868 0.868 0.86
0.014 0.028 0.024 0.136 0.55 0.79 0.846 0.922 0.908 0.922 0.914
0.156 0.206 0.172 0.31 0.614 0.716 0.75 0.682 0.692 0.592 0.574
0 0 0 0 0 0 0 0 0 0 0
0 0 0 0 0 0 0 0 0 0 0
0.136 0.144 0.162 0.204 0.62 0.866 0.932 0.954 0.968 0.95 0.97
0.096 0.114 0.118 0.17 0.53 0.738 0.78 0.836 0.828 0.846 0.834
0.012 0.02 0.022 0.156 0.618 0.844 0.918 0.916 0.95 0.964 0.964
0 0 0 0 0 0 0 0 0 0 0
0.218 0.244 0.224 0.448 0.716 0.828 0.856 0.85 0.816 0.806 0.794
0.256 0.288 0.248 0.418 0.724 0.888 0.936 0.928 0.934 0.934 0.932
0 0 0 0 0 0.002 0.002 0 0 0 0
0 0 0 0 0 0 0 0 0 0 0
0 0 0.01 0.128 0.594 0.816 0.886 0.88 0.918 0.94 0.928
0.056 0.066 0.09 0.244 0.736 0.938 0.98 0.994 0.992 0.996 0.99
0.012 0.014 0.036 0.154 0.626 0.866 0.926 0.944 0.958 0.962 0.944
0 0.01 0.026 0.158 0.614 0.874 0.962 0.962 0.96 0.98 0.968
0.008 0.004 0.012 0.064 0.318 0.45 0.52 0.572 0.604 0.622 0.614
0.022 0.022 0.022 0.136 0.49 0.724 0.866 0.882 0.892 0.916 0.928
0.044 0.044 0.074 0.278 0.68 0.9 0.956 0.974 0.986 0.982 0.986
0.02 0.034 0.062 0.124 0.506 0.704 0.758 0.806 0.81 0.824 0.816
0 0 0 0 0 0 0 0 0 0 0
0.014 0.01 0.028 0.164 0.552 0.752 0.834 0.87 0.904 0.928 0.908
0 0 0 0 0 0 0 0 0 0 0
0.068 0.04 0.058 0.102 0.298 0.432 0.562 0.578 0.602 0.606 0.62
0.04 0.026 0.058 0.164 0.554 0.814 0.908 0.908 0.95 0.968 0.972
0 0 0 0 0 0 0 0 0 0 0
0 0 0 0 0 0 0 0 0 0 0
0 0 0 0 0 0 0 0 0 0 0
