0.7022901 0.7022901 0.7022901 0.7022901 0.7022901 0.7022901 0.7022901 0.7022901 0.7022901 0.7022901 0.6335878
0.2391304 0.3043478 0.3623188 0.2608696 0.2608696 0.2101449 0.4130435 0.4057971 0.384058 0.3768116 0.3333333
0.649635 0.6642336 0.649635 0.5547445 0.5693431 0.6350365 0.6350365 0.6350365 0.6350365 0.6277372 0.6277372
0.7007299 0.7080292 0.7153285 0.7153285 0.6934307 0.7080292 0.7007299 0.729927 0.7080292 0.7080292 0.620438
0.3235294 0.4264706 0.4558824 0.4411765 0.4485294 0.4485294 0.4485294 0.4485294 0.4852941 0.4779412 0.4779412
0.7028986 0.7101449 0.7101449 0.7028986 0.7101449 0.7608696 0.7101449 0.7246377 0.7028986 0.7101449 0.6086957
0.7058824 0.7058824 0.7279412 0.7132353 0.7205882 0.7352941 0.7205882 0.7058824 0.7132353 0.7132353 0.6102941
0.5109489 0.540146 0.5182482 0.5985401 0.6058394 0.5328467 0.540146 0.5255474 0.5255474 0.5109489 0.5182482
0.4525547 0.2262774 0.2262774 0.2773723 0.2335766 0.2846715 0.2773723 0.2043796 0.2043796 0.2262774 0.2262774
0.7007299 0.7080292 0.7153285 0.7153285 0.6934307 0.7080292 0.7007299 0.729927 0.7080292 0.7080292 0.620438
0.7328244 0.7557252 0.740458 0.7328244 0.7480916 0.7480916 0.7328244 0.740458 0.7328244 0.7251908 0.6412214
0.05839416 0.02919708 0.00729927 0 0 0 0.00729927 0.00729927 0 0 0
0.6148148 0.6888889 0.6518519 0.6222222 0.6222222 0.6222222 0.6222222 0.6444444 0.6222222 0.6148148 0.6148148
0.7328244 0.7251908 0.740458 0.7328244 0.7328244 0.740458 0.7328244 0.740458 0.7328244 0.7251908 0.6412214
0.3609023 0.3909774 0.3609023 0.2781955 0.2781955 0.2706767 0.3684211 0.4511278 0.4360902 0.481203 0.4285714
0.6 0.6222222 0.6296296 0.6074074 0.6074074 0.6074074 0.6074074 0.6074074 0.6074074 0.6 0.6
0.3587786 0.4274809 0.4198473 0.3740458 0.3435115 0.3969466 0.5343511 0.5267176 0.4885496 0.4656489 0.4732824
0.5114504 0.4961832 0.5267176 0.5343511 0.5343511 0.5343511 0.4580153 0.4580153 0.389313 0.3740458 0.4045802
0.7185185 0.7259259 0.7333333 0.7407407 0.7481481 0.7407407 0.7407407 0.7407407 0.7407407 0.7407407 0.6296296
0.1838235 0.2205882 0.2794118 0.1911765 0.2720588 0.1911765 0.2794118 0.2794118 0.2720588 0.2426471 0.2720588
0.4814815 0.4888889 0.5185185 0.4962963 0.5259259 0.5259259 0.5333333 0.5333333 0.5259259 0.5259259 0.5259259
0.3587786 0.4274809 0.4198473 0.3740458 0.3435115 0.3969466 0.5343511 0.5267176 0.4885496 0.4656489 0.4732824
0.2074074 0.07407407 0.1481481 0.1629630 0.0962963 0.08888889 0.1407407 0.1629630 0.1333333 0.1481481 0.1481481
0.7328244 0.7557252 0.740458 0.7328244 0.7480916 0.7480916 0.7328244 0.740458 0.7328244 0.7251908 0.6412214
0.2706767 0.4285714 0.443609 0.3533835 0.3533835 0.3533835 0.5338346 0.5413534 0.5338346 0.518797 0.5338346
0.1908397 0.1221374 0.1908397 0.1908397 0.1908397 0.1221374 0.1984733 0.1755725 0.1908397 0.1908397 0.1908397
0.4198473 0.4045802 0.3969466 0.3358779 0.3358779 0.3969466 0.3435115 0.4045802 0.3587786 0.389313 0.389313
0.1679389 0.01526718 0.07633588 0.02290076 0.05343511 0 0.0610687 0.04580153 0 0 0
0.0942029 0.1014493 0.1449275 0.0942029 0.1521739 0.0942029 0.1594203 0.2028986 0.1956522 0.2536232 0.1449275
0.7007299 0.7080292 0.7080292 0.7226277 0.7153285 0.7226277 0.7080292 0.729927 0.7080292 0.7007299 0.6277372
0 0.01449275 0.01449275 0.02173913 0 0 0.02898551 0.02173913 0 0.05072464 0
0.443609 0.481203 0.481203 0.481203 0.4887218 0.4887218 0.4511278 0.2406015 0.2781955 0.2781955 0.2030075
0.3587786 0.4274809 0.4198473 0.3740458 0.3435115 0.3969466 0.5343511 0.5267176 0.4885496 0.4656489 0.4732824
0.1532847 0.2189781 0.1970803 0.03649635 0.03649635 0.01459854 0.1386861 0.1313869 0.1970803 0.1459854 0.1459854
0.7099237 0.7099237 0.7099237 0.7099237 0.7099237 0.7099237 0.7099237 0.7099237 0.7099237 0.7099237 0.6412214
0.1678832 0.08759124 0.1240876 0.1678832 0.1751825 0.1386861 0 0.1167883 0.05839416 0.1167883 0.08029197
0.1459854 0.1459854 0.1386861 0.1459854 0.1386861 0.1386861 0.09489051 0.06569343 0.1386861 0.05839416 0.08029197
0.1729323 0.2631579 0.3007519 0.2330827 0.2180451 0.2330827 0.3308271 0.4135338 0.3984962 0.3909774 0.3909774
0.5839416 0.5839416 0.5839416 0.5912409 0.5912409 0.5912409 0.5912409 0.5912409 0.5839416 0.5839416 0.5839416
0.7328244 0.7557252 0.740458 0.7328244 0.7480916 0.7480916 0.7328244 0.740458 0.7328244 0.7251908 0.6412214
0.3211679 0.2992701 0.4379562 0.4014599 0.4014599 0.4014599 0.3795620 0.2992701 0.2773723 0.3284672 0.3284672
0.7185185 0.7259259 0.7333333 0.7407407 0.7481481 0.7407407 0.7407407 0.7407407 0.7407407 0.7407407 0.6296296
0.3587786 0.4274809 0.4198473 0.3740458 0.3435115 0.3969466 0.5343511 0.5267176 0.4885496 0.4656489 0.4732824
0.1691176 0.2205882 0.25 0.1764706 0.1985294 0.1764706 0.2647059 0.2647059 0.2279412 0.2279412 0.2279412
0.3816794 0.3358779 0.4045802 0.3587786 0.3358779 0.3587786 0.519084 0.519084 0.4580153 0.4656489 0.4732824
0.5693431 0.4671533 0.4744526 0.4671533 0.4525547 0.4671533 0.4671533 0.4671533 0.459854 0.4306569 0.4306569
0.7022901 0.7022901 0.7022901 0.7022901 0.7022901 0.7022901 0.7022901 0.7022901 0.7022901 0.7022901 0.6335878
0.7328244 0.7557252 0.740458 0.7328244 0.7480916 0.7480916 0.7328244 0.740458 0.7328244 0.7251908 0.6412214
0.6183206 0.6183206 0.6335878 0.6259542 0.6259542 0.6259542 0.6259542 0.6259542 0.6183206 0.6183206 0.6183206
0.5488722 0.4736842 0.1278195 0.4210526 0.443609 0.4135338 0.1278195 0.1278195 0.1203008 0.1203008 0.1203008
0.3430657 0.4087591 0.4963504 0.4306569 0.4963504 0.4963504 0.4233577 0.3941606 0.3649635 0.3649635 0.3649635
0.649635 0.6642336 0.649635 0.5547445 0.5693431 0.6350365 0.6350365 0.6350365 0.6350365 0.6277372 0.6277372
0.7185185 0.7259259 0.7333333 0.7407407 0.7481481 0.7407407 0.7407407 0.7407407 0.7407407 0.7407407 0.6296296
0.7328244 0.7557252 0.740458 0.7328244 0.7480916 0.7480916 0.7328244 0.740458 0.7328244 0.7251908 0.6412214
0.4671533 0.4890511 0.3211679 0.5109489 0.4306569 0.4306569 0.5036496 0.4963504 0.4817518 0.4817518 0.4744526
0.6814815 0.6444444 0.6592593 0.6222222 0.6296296 0.6222222 0.6518519 0.6444444 0.6222222 0.637037 0.6296296
0.1532847 0.2189781 0.1970803 0.03649635 0.03649635 0.01459854 0.1386861 0.1313869 0.1970803 0.1459854 0.1459854
0.1605839 0.1678832 0.1605839 0.1605839 0.1386861 0.1386861 0.09489051 0.06569343 0.1386861 0.05839416 0.08029197
0.4962963 0.4962963 0.5333333 0.5333333 0.5333333 0.5333333 0.5407407 0.5407407 0.5333333 0.5333333 0.5333333
0.6131387 0.6423358 0.6058394 0.6058394 0.5985401 0.6131387 0.6058394 0.5985401 0.6277372 0.5912409 0.5547445
0.4503817 0.2442748 0.259542 0.4351145 0.4351145 0.3816794 0.2061069 0.1984733 0.1603053 0.1603053 0.1603053
0.3609023 0.3759398 0.3533835 0.2706767 0.2781955 0.2706767 0.3609023 0.4511278 0.4285714 0.481203 0.4285714
0.6641221 0.648855 0.6335878 0.6259542 0.6183206 0.6183206 0.648855 0.648855 0.6412214 0.6412214 0.6335878
0.7361111 0.7291667 0.7222222 0.7361111 0.7430556 0.7361111 0.7361111 0.7430556 0.7569444 0.7361111 0.6388889
0.3129771 0.3664122 0.389313 0.3053435 0.2900763 0.3053435 0.4045802 0.4045802 0.5419847 0.4580153 0.389313
0.7328244 0.7557252 0.740458 0.7328244 0.7480916 0.7480916 0.7328244 0.740458 0.7328244 0.7251908 0.6412214
0 0.01470588 0 0 0 0 0.007352941 0.04411765 0 0 0
0.6131387 0.6423358 0.6058394 0.6058394 0.5985401 0.6131387 0.6058394 0.5985401 0.6277372 0.5912409 0.5547445
0.3082707 0.3157895 0.3383459 0.2631579 0.2631579 0.2631579 0.3233083 0.3984962 0.4360902 0.4285714 0.4285714
0.4057971 0.4275362 0.4347826 0.3550725 0.3333333 0.3043478 0.4565217 0.4855072 0.4927536 0.5289855 0.4782609
0.5474453 0.1970803 0.1970803 0.270073 0.2335766 0.2627737 0.2335766 0.1605839 0.08029197 0.1678832 0.1678832
0.08088235 0.03676471 0.04411765 0.0882353 0.04411765 0 0.07352941 0.007352941 0.01470588 0.08088235 0.05147059
0.6131387 0.649635 0.649635 0.5547445 0.5693431 0.6423358 0.6423358 0.6350365 0.6423358 0.6277372 0.6277372
0.3587786 0.4274809 0.4198473 0.3740458 0.3435115 0.3969466 0.5343511 0.5267176 0.4885496 0.4656489 0.4732824
0.2030075 0.1804511 0.2481203 0.1654135 0.1729323 0.1804511 0.2857143 0.2781955 0.2932331 0.2932331 0.2857143
0.7058824 0.7058824 0.7279412 0.7132353 0.7205882 0.7352941 0.7205882 0.7058824 0.7132353 0.7132353 0.6102941
0.6277372 0.620438 0.6058394 0.6131387 0.6058394 0.6131387 0.6350365 0.6277372 0.6350365 0.6131387 0.620438
0.7185185 0.7259259 0.7333333 0.7407407 0.7481481 0.7407407 0.7407407 0.7407407 0.7407407 0.7407407 0.6296296
0.6917293 0.6992481 0.6917293 0.6917293 0.6917293 0.7142857 0.7067669 0.7142857 0.6917293 0.6917293 0.6015038
0.6917293 0.6992481 0.6917293 0.6917293 0.6917293 0.7142857 0.7067669 0.7142857 0.6917293 0.6917293 0.6015038
0.09160305 0.1526718 0.04580153 0.04580153 0.1679389 0.1832061 0.05343511 0.1908397 0.1679389 0.1679389 0.1679389
0.562963 0.5555556 0.5111111 0.5111111 0.4962963 0.5037037 0.4962963 0.5111111 0.4888889 0.4962963 0.4888889
0.7007299 0.7080292 0.7080292 0.7226277 0.7153285 0.7226277 0.7080292 0.729927 0.7080292 0.7007299 0.6277372
0.3795620 0.3722628 0.3795620 0.3795620 0.3795620 0.4014599 0.3868613 0.3868613 0.3649635 0.3649635 0.3649635
0.625 0.6111111 0.5972222 0.5972222 0.5972222 0.5277778 0 0 0.6180556 0.6319444 0.6388889
0.09160305 0.1374046 0.03053435 0 0.1526718 0.03053435 0.007633588 0.1603053 0 0 0.1526718
0.443609 0.481203 0.481203 0.481203 0.4887218 0.4887218 0.4511278 0.2406015 0.2781955 0.2781955 0.2030075
0.7185185 0.7259259 0.7333333 0.7407407 0.7481481 0.7407407 0.7407407 0.7407407 0.7407407 0.7407407 0.6296296
0.7022901 0.7022901 0.7022901 0.7022901 0.7022901 0.7022901 0.7022901 0.7022901 0.7022901 0.7022901 0.6335878
0.07518797 0.09022556 0.04511278 0.09022556 0 0 0.007518797 0.09022556 0.05263158 0.04511278 0
0.2627737 0.3138686 0.4452555 0.3649635 0.3357664 0.3649635 0.3357664 0.3211679 0.2919708 0.2919708 0.2919708
0.1751825 0.1313869 0.1678832 0.1605839 0.1678832 0.1678832 0.1751825 0.1751825 0.1824818 0.1678832 0.1751825
0.7058824 0.7058824 0.7279412 0.7132353 0.7205882 0.7352941 0.7205882 0.7058824 0.7132353 0.7132353 0.6102941
0.648855 0.6412214 0.6564885 0.6259542 0.6183206 0.6183206 0.6259542 0.6259542 0.6183206 0.6183206 0.6183206
0.7022901 0.7022901 0.7022901 0.7022901 0.7022901 0.7022901 0.7022901 0.7022901 0.7022901 0.7022901 0.6335878
0.2627737 0.270073 0.2919708 0.270073 0.2554745 0.2992701 0.2992701 0.3065693 0.3430657 0.3357664 0.3357664
0.7007299 0.7080292 0.7080292 0.7226277 0.7153285 0.7226277 0.7080292 0.729927 0.7080292 0.7007299 0.6277372
0.5072464 0.4927536 0.3115942 0.5289855 0.5144928 0.5289855 0.3405797 0.3333333 0.3043478 0.2971014 0.3695652
0.1897810 0.08029197 0.08029197 0.1897810 0.1678832 0.1970803 0.1970803 0.1240876 0.1751825 0.1897810 0.1386861
0.2132353 0.2647059 0.25 0.1691176 0.1911765 0.1691176 0.2573529 0.2573529 0.2205882 0.2205882 0.2205882
0.7007299 0.7080292 0.7080292 0.7226277 0.7153285 0.7226277 0.7080292 0.729927 0.7080292 0.7007299 0.6277372
0.2030075 0.1654135 0.2481203 0.1654135 0.1729323 0.1654135 0.2706767 0.2781955 0.2857143 0.2857143 0.2781955
0.7251908 0.7251908 0.7175573 0.7175573 0.7175573 0.7175573 0.7328244 0.7251908 0.7328244 0.7251908 0.6335878
0.1838235 0.2205882 0.2794118 0.1911765 0.2720588 0.1911765 0.2794118 0.2794118 0.2720588 0.2426471 0.2720588
0.625 0.6111111 0.5972222 0.5972222 0.5972222 0.5277778 0 0 0.6180556 0.6319444 0.6388889
0.1605839 0.1678832 0.1605839 0.1605839 0.1386861 0.1386861 0.09489051 0.06569343 0.1386861 0.05839416 0.08029197
0.7028986 0.7101449 0.7101449 0.7028986 0.7101449 0.7608696 0.7101449 0.7246377 0.7028986 0.7101449 0.6086957
0.3233083 0.3308271 0.3834586 0.3157895 0.3157895 0.3007519 0.3984962 0.481203 0.4736842 0.443609 0.4661654
0.7185185 0.7259259 0.7333333 0.7407407 0.7481481 0.7407407 0.7407407 0.7407407 0.7407407 0.7407407 0.6296296
0.5072464 0.4927536 0.3115942 0.5289855 0.5144928 0.5289855 0.3405797 0.3333333 0.3043478 0.2971014 0.3695652
0.08270677 0.07518797 0.04511278 0.07518797 0.08270677 0 0.06015038 0.08270677 0.08270677 0.06766917 0.06766917
0.1221374 0.1679389 0.03816794 0 0.1526718 0.03053435 0.007633588 0.1603053 0 0 0.1526718
0.459854 0.3138686 0.2992701 0.3430657 0.3430657 0.3430657 0.2992701 0.2627737 0.2481752 0.2481752 0.2481752
0.06521739 0.03623188 0.07246377 0.03623188 0 0 0.02898551 0.06521739 0.07246377 0 0.07246377
0.5625 0.5277778 0.4930556 0.4930556 0.4930556 0.4930556 0.5 0.5 0.4722222 0.4722222 0.4722222
0.5555556 0.4791667 0.4791667 0.4652778 0.4583333 0.4583333 0.4791667 0.4791667 0.5 0.5 0.5208333
0.7328244 0.7557252 0.740458 0.7328244 0.7480916 0.7480916 0.7328244 0.740458 0.7328244 0.7251908 0.6412214
0.7099237 0.7175573 0.7175573 0.7175573 0.7175573 0.7175573 0.7175573 0.7175573 0.7175573 0.7022901 0.6335878
0.09160305 0.1755725 0.04580153 0.04580153 0.1679389 0.1832061 0.05343511 0.1908397 0.1679389 0.1679389 0.1679389
0.6131387 0.6423358 0.6058394 0.6058394 0.5985401 0.6131387 0.6058394 0.5985401 0.6277372 0.5912409 0.5547445
0.7007299 0.7080292 0.7153285 0.7153285 0.6934307 0.7080292 0.7007299 0.729927 0.7080292 0.7080292 0.620438
0.7058824 0.7058824 0.7279412 0.7132353 0.7205882 0.7352941 0.7205882 0.7058824 0.7132353 0.7132353 0.6102941
0 0.1386861 0.1459854 0.05109489 0.05109489 0.1313869 0.2116788 0.1751825 0.1386861 0.1532847 0.1751825
0.5220588 0.3455882 0.3308824 0.4044118 0.3823529 0.3970588 0.3970588 0.3823529 0.3823529 0.375 0.3897059
0.2900763 0.2671756 0.2900763 0.2213740 0.2977099 0.3664122 0.3053435 0.3664122 0.4122137 0.3511450 0.3435115
0.2647059 0.5367647 0.5367647 0.5441176 0.5514706 0.5441176 0.5441176 0.5441176 0.4264706 0.4264706 0.4264706
0.5413534 0.4661654 0.1428571 0.4210526 0.4586466 0.4135338 0.1127820 0.1127820 0.1052632 0.1052632 0.1052632
0.7058824 0.7058824 0.7279412 0.7132353 0.7205882 0.7352941 0.7205882 0.7058824 0.7132353 0.7132353 0.6102941
0.25 0.375 0.375 0.3161765 0.3235294 0.3235294 0.3161765 0.3308824 0.3235294 0.3161765 0.3235294
0.6183206 0.6183206 0.6335878 0.6259542 0.6259542 0.6259542 0.6259542 0.6259542 0.6183206 0.6183206 0.6183206
0.4014599 0.540146 0.5474453 0.5328467 0.5474453 0.5474453 0.540146 0.5547445 0.540146 0.540146 0.5328467
0.7251908 0.7251908 0.7175573 0.7175573 0.7175573 0.7175573 0.7251908 0.7251908 0.7251908 0.7251908 0.6335878
0.02919708 0.05109489 0.05109489 0.05839416 0.05839416 0.05839416 0.06569343 0.06569343 0.05109489 0.05109489 0.05109489
0.09160305 0.1755725 0.04580153 0.04580153 0.1679389 0.1832061 0.05343511 0.1908397 0.1679389 0.1679389 0.1679389
0.625 0.6111111 0.5972222 0.5972222 0.5972222 0.5277778 0 0 0.6180556 0.6319444 0.6388889
0.2391304 0.2536232 0.3550725 0.2536232 0.2173913 0.2028986 0.3913043 0.3768116 0.3695652 0.3695652 0.3043478
0.1386861 0.05839416 0.05839416 0.1459854 0.1459854 0.02189781 0 0.09489051 0.08029197 0.05839416 0.05839416
0.4962406 0.5112782 0.5338346 0.4887218 0.5037594 0.4962406 0.4661654 0.3383459 0.3308271 0.3308271 0.3157895
0.07246377 0.07246377 0.01449275 0.07246377 0 0 0.02898551 0.02173913 0.03623188 0.07246377 0.03623188
0 0.08396947 0.01526718 0.03816794 0 0.1374046 0.1145038 0.1450382 0.08396947 0.1068702 0.08396947
0.4492754 0.2318841 0.1811594 0.4492754 0.4275362 0.4492754 0.2173913 0.1811594 0.1739130 0.1594203 0.1739130
0.01526718 0.03053435 0.08396947 0.06870229 0 0.04580153 0.07633588 0.007633588 0.04580153 0.04580153 0
0.4 0.437037 0.4444444 0.3407407 0.3555556 0.3851852 0.4296296 0.4148148 0.3925926 0.3703704 0.3481481
0.7028986 0.7101449 0.7101449 0.7028986 0.7101449 0.7608696 0.7101449 0.7246377 0.7028986 0.7101449 0.6086957
0.1532847 0.2189781 0.1970803 0.03649635 0.04379562 0.1021898 0.1459854 0.1459854 0.2043796 0.1386861 0.1459854
0.7185185 0.7259259 0.7333333 0.7407407 0.7481481 0.7407407 0.7407407 0.7407407 0.7407407 0.7407407 0.6296296
0.6277372 0.620438 0.6058394 0.6131387 0.6058394 0.6131387 0.6350365 0.6277372 0.6350365 0.6131387 0.620438
0.5182482 0.3430657 0.3211679 0.3649635 0.4233577 0.3722628 0.3065693 0.2627737 0.3065693 0.2554745 0.2554745
0.7185185 0.7259259 0.7333333 0.7407407 0.7481481 0.7407407 0.7407407 0.7407407 0.7407407 0.7407407 0.6296296
0.6917293 0.6992481 0.6917293 0.6917293 0.6917293 0.7142857 0.7067669 0.7142857 0.6917293 0.6917293 0.6015038
0.7361111 0.7291667 0.7222222 0.7361111 0.7430556 0.7361111 0.7361111 0.7430556 0.7430556 0.7361111 0.6388889
