0.7101449 0.7101449 0.7101449 0.7101449 0.7101449 0.7101449 0.7101449 0.7101449 0.7101449 0.7101449 0.6231884
0.2205882 0.1764706 0.2720588 0.2941176 0.2867647 0.3529412 0.2867647 0.2941176 0.25 0.2647059 0.2352941
0.6717557 0.6717557 0.6717557 0.6259542 0.6335878 0.6259542 0.6335878 0.6412214 0.6259542 0.6183206 0.6259542
0.6985294 0.7132353 0.6985294 0.7205882 0.7132353 0.7132353 0.7132353 0.7132353 0.7132353 0.7058824 0.625
0.3913043 0.3913043 0.4347826 0.3405797 0.4347826 0.3913043 0.4637681 0.4637681 0.4347826 0.4347826 0.4057971
0.7251908 0.740458 0.7328244 0.7328244 0.7557252 0.740458 0.7480916 0.7328244 0.740458 0.7175573 0.6259542
0.7222222 0.7222222 0.7361111 0.7222222 0.7291667 0.7430556 0.7222222 0.7222222 0.7222222 0.7291667 0.6319444
0.5367647 0.5441176 0.5073529 0.5073529 0.5955882 0.5955882 0.5147059 0.5147059 0.5 0.4852941 0.5220588
0.4565217 0.4637681 0.4130435 0.4637681 0.3913043 0.4637681 0.3623188 0.3333333 0.4855072 0.4855072 0.4927536
0.7251908 0.740458 0.7328244 0.7328244 0.7557252 0.740458 0.7480916 0.7328244 0.740458 0.7175573 0.6259542
0.6390977 0.631579 0.6390977 0.631579 0.6466165 0.6390977 0.631579 0.631579 0.6390977 0.6240602 0.5789474
0.129771 0.1145038 0.1145038 0 0.1145038 0.1221374 0.1221374 0.1221374 0.1145038 0 0.1145038
0.5797101 0.5797101 0.5869565 0.5869565 0.5869565 0.5869565 0.5869565 0.5869565 0.5797101 0.5797101 0.5797101
0.6956522 0.7028986 0.7028986 0.6956522 0.7101449 0.6956522 0.7101449 0.6956522 0.6956522 0.6956522 0.6376812
0.2740741 0.4 0.3703704 0.3037037 0.2518519 0.2518519 0.4148148 0.4222222 0.437037 0.437037 0.4444444
0.5735294 0.5735294 0.5955882 0.5808824 0.5808824 0.5808824 0.5808824 0.5808824 0.5808824 0.5735294 0.5735294
0.3260870 0.3550725 0.4565217 0.3768116 0.384058 0.384058 0.5289855 0.5362319 0.4492754 0.5072464 0.3695652
0.5076923 0.4846154 0.5153846 0.5153846 0.5153846 0.5153846 0.5230769 0.5230769 0.5153846 0.5153846 0.5153846
0.7173913 0.7173913 0.7173913 0.7173913 0.731884 0.7246377 0.731884 0.7391304 0.7246377 0.7173913 0.6231884
0.2826087 0.3768116 0.4347826 0.3695652 0.3623188 0.2898551 0.4710145 0.442029 0.4275362 0.4275362 0.4275362
0.4888889 0.5037037 0.4074074 0.5185185 0.5185185 0.5185185 0.3185185 0.3185185 0.3111111 0.3111111 0.3111111
0.1879699 0.1052632 0.1203008 0.1503759 0.1127820 0.1052632 0.1654135 0.1278195 0.1278195 0.1428571 0.1428571
0.0625 0.09027778 0.08333333 0.07638889 0.09027778 0.08333333 0.09722222 0.09027778 0.08333333 0.08333333 0.09027778
0.7407407 0.7185185 0.7555556 0.7407407 0.7259259 0.7259259 0.7259259 0.7259259 0.7259259 0.7185185 0.637037
0.1908397 0.2061069 0.1603053 0.1755725 0.3969466 0.3053435 0.4122137 0.4045802 0.2748092 0.2061069 0.389313
0.2536232 0.2536232 0.2463768 0.2536232 0.2173913 0.2391304 0.2101449 0.2101449 0.2246377 0.2536232 0.2028986
0.3985507 0.5 0.5289855 0.442029 0.384058 0.4057971 0.5434783 0.5 0.5 0.5217391 0.5217391
0.007518797 0.01503759 0.01503759 0 0 0 0 0.01503759 0.01503759 0 0
0.1029412 0.1323529 0.1397059 0.1102941 0.1323529 0.1397059 0.1470588 0.1397059 0.1323529 0.1323529 0.1323529
0.7407407 0.7185185 0.7555556 0.7407407 0.7259259 0.7259259 0.7259259 0.7259259 0.7259259 0.7185185 0.637037
0.01449275 0 0.02173913 0 0 0 0.007246377 0.02173913 0 0 0
0.3308824 0.1985294 0.1985294 0.1985294 0.1985294 0.1985294 0.2279412 0.2279412 0.2205882 0.2573529 0.2205882
0.1769231 0.2076923 0.2153846 0.2076923 0.1076923 0.2153846 0.1769231 0.2230769 0.1461538 0.1615385 0.2384615
0.1145038 0.1145038 0.1145038 0 0.1145038 0.1221374 0.1221374 0.1221374 0.1145038 0 0.1145038
0.6390977 0.631579 0.6390977 0.631579 0.6466165 0.6390977 0.631579 0.631579 0.6390977 0.6240602 0.5789474
0.2058824 0.2205882 0.2426471 0.2352941 0.2279412 0.2573529 0.3308824 0.3014706 0.2426471 0.2867647 0.25
0.1739130 0.07971014 0.08695652 0.1231884 0 0.06521739 0.07246377 0.03623188 0 0.06521739 0.07246377
0.1203008 0.1879699 0.1654135 0.1278195 0.1353383 0.1353383 0.1428571 0.1729323 0.1729323 0.1052632 0.1052632
0.5864662 0.5864662 0.5864662 0.5864662 0.5864662 0.5864662 0.5864662 0.5864662 0.5864662 0.5864662 0.5789474
0.6911765 0.7205882 0.7205882 0.7058824 0.7279412 0.7058824 0.7132353 0.7205882 0.7058824 0.7132353 0.6397059
0.2061069 0.2671756 0.2061069 0.1679389 0.1374046 0.2137405 0.1908397 0.2366412 0.1603053 0.1603053 0.1603053
0.7 0.7153846 0.7153846 0.7076923 0.7153846 0.7153846 0.7076923 0.7153846 0.7153846 0.7153846 0.6153846
0.1846154 0.2076923 0.2153846 0.2076923 0.1076923 0.2153846 0.1769231 0.2230769 0.1461538 0.1615385 0.2384615
0.2255639 0.2406015 0.2180451 0.2180451 0.1879699 0.1954887 0.2105263 0.2556391 0.2180451 0.1729323 0.2105263
0.3235294 0.3235294 0.3897059 0.3308824 0.3823529 0.3823529 0.4558824 0.4191176 0.3897059 0.3970588 0.3897059
0.5639098 0.4661654 0.3458647 0.2932331 0.2932331 0.2932331 0.2180451 0.1954887 0.1203008 0.5639098 0.5639098
0.6390977 0.631579 0.6390977 0.631579 0.6466165 0.6390977 0.631579 0.631579 0.6390977 0.6240602 0.5789474
0.7251908 0.740458 0.7328244 0.7328244 0.7557252 0.740458 0.7480916 0.7328244 0.740458 0.7175573 0.6259542
0.6617647 0.6470588 0.6470588 0.625 0.6029412 0.6029412 0.6029412 0.6102941 0.6029412 0.5955882 0.5955882
0.5797101 0.5724638 0.5 0.4855072 0.5 0.4855072 0.3043478 0.2753623 0.3478261 0.2826087 0.2681159
0.3383459 0.3834586 0.3984962 0.3984962 0.406015 0.3984962 0.3834586 0.3684211 0.3533835 0.3383459 0.3082707
0.632353 0.632353 0.6617647 0.625 0.6029412 0.6029412 0.6102941 0.632353 0.6102941 0.6029412 0.6029412
0.6911765 0.7205882 0.7205882 0.7058824 0.7279412 0.7058824 0.7132353 0.7205882 0.7058824 0.7132353 0.6397059
0.6390977 0.631579 0.6390977 0.631579 0.6466165 0.6390977 0.631579 0.631579 0.6390977 0.6240602 0.5789474
0.4769231 0.4923077 0.5230769 0.5307692 0.5153846 0.5230769 0.5384615 0.5230769 0.5153846 0.5153846 0.5153846
0.6592593 0.6518519 0.6592593 0.6148148 0.6222222 0.6222222 0.6444444 0.6444444 0.637037 0.6296296 0.637037
0.1145038 0.1145038 0.1145038 0 0.1145038 0.1221374 0.1221374 0.1221374 0.1145038 0 0.1145038
0.2230769 0.1769231 0.1846154 0.2307692 0.2153846 0.1230769 0.06923077 0.1846154 0.2 0.1153846 0.1769231
0.4855072 0.5144928 0.5434783 0.5362319 0.5507246 0.5507246 0.3188406 0.4637681 0.3550725 0.3985507 0.3550725
0.6390977 0.631579 0.6390977 0.631579 0.6466165 0.6390977 0.631579 0.631579 0.6390977 0.6240602 0.5789474
0.4307692 0.4307692 0.4230769 0.4230769 0.4230769 0.4230769 0.4307692 0.4307692 0.3923077 0.3538462 0.3923077
0.2592593 0.3925926 0.3703704 0.2814815 0.2518519 0.2370370 0.4148148 0.4148148 0.4296296 0.3851852 0.4296296
0.6376812 0.6304348 0.6304348 0.6231884 0.6231884 0.6304348 0.6521739 0.6449275 0.6521739 0.6449275 0.6376812
0.6985294 0.7132353 0.6985294 0.7205882 0.7132353 0.7132353 0.7132353 0.7132353 0.7132353 0.7058824 0.625
0.4027778 0.4166667 0.4375 0.3541667 0.3541667 0.3402778 0.4791667 0.5208333 0.5486111 0.5486111 0.5069444
0.7 0.7153846 0.7153846 0.7076923 0.7153846 0.7153846 0.7076923 0.7153846 0.7153846 0.7153846 0.6153846
0 0 0 0 0 0 0.02962963 0.007407407 0 0 0
0.7251908 0.740458 0.7328244 0.7328244 0.7557252 0.740458 0.7480916 0.7328244 0.740458 0.7175573 0.6259542
0.3161765 0.3235294 0.3235294 0.3235294 0.3161765 0.2647059 0.3235294 0.3676471 0.375 0.3455882 0.3455882
0.4191176 0.4117647 0.4779412 0.3529412 0.3529412 0.4191176 0.5367647 0.4264706 0.5220588 0.5220588 0.4191176
0.4814815 0.1777778 0.1407407 0.437037 0.437037 0.437037 0.1481481 0.1555556 0.1185185 0.1111111 0.1185185
0.08088235 0.08088235 0.06617647 0.05147059 0 0.02205882 0.05882353 0.007352941 0 0.08088235 0.05147059
0.6304348 0.6304348 0.6304348 0.6086957 0.6014493 0.6014493 0.6231884 0.6304348 0.615942 0.6086957 0.6231884
0.2058824 0.2205882 0.2426471 0.2352941 0.2279412 0.2573529 0.3308824 0.3014706 0.2426471 0.2867647 0.25
0.3037037 0.3555556 0.4296296 0.3333333 0.3333333 0.3037037 0.5111111 0.5111111 0.4962963 0.4962963 0.4888889
0.7251908 0.740458 0.7328244 0.7328244 0.7557252 0.740458 0.7480916 0.7328244 0.740458 0.7175573 0.6259542
0.6376812 0.615942 0.615942 0.6231884 0.6231884 0.6304348 0.6521739 0.6449275 0.6521739 0.6449275 0.6376812
0.7 0.7153846 0.7153846 0.7076923 0.7153846 0.7153846 0.7076923 0.7153846 0.7153846 0.7153846 0.6153846
0.6985294 0.7132353 0.6985294 0.7205882 0.7132353 0.7132353 0.7132353 0.7132353 0.7132353 0.7058824 0.625
0.7222222 0.7222222 0.7361111 0.7222222 0.7291667 0.7430556 0.7222222 0.7222222 0.7222222 0.7291667 0.6319444
0.06015038 0.1503759 0.1804511 0.1879699 0.2105263 0.2631579 0.2857143 0.2180451 0.2330827 0.2406015 0.1729323
0.5 0.5073529 0.5073529 0.5073529 0.5955882 0.5955882 0.5147059 0.5147059 0.5 0.4852941 0.5220588
0.6956522 0.7028986 0.7028986 0.6956522 0.7173913 0.6956522 0.7101449 0.6956522 0.6956522 0.6956522 0.6376812
0.3538462 0.3461538 0.3615385 0.3230769 0.3538462 0.3538462 0.3615385 0.3538462 0.3538462 0.4 0.3538462
0.6764706 0.6764706 0.6764706 0.6764706 0.6764706 0.6764706 0.6764706 0.6764706 0.6764706 0.6764706 0.6397059
0.1407407 0.2296296 0.2444444 0.1481481 0.1481481 0.1481481 0.2592593 0.2518519 0.2814815 0.2814815 0.2814815
0.4736842 0.4962406 0.4962406 0.4962406 0.4962406 0.4962406 0.4962406 0.4962406 0.4962406 0.443609 0.443609
0.7 0.7153846 0.7153846 0.7076923 0.7153846 0.7153846 0.7076923 0.7153846 0.7153846 0.7153846 0.6153846
0.6911765 0.6911765 0.6911765 0.6911765 0.6911765 0.6911765 0.6911765 0.6911765 0.6911765 0.6911765 0.625
0.06617647 0.03676471 0.03676471 0 0 0 0.007352941 0.0882353 0 0.02941176 0.02205882
0.3455882 0.3382353 0.3970588 0.3970588 0.3897059 0.4558824 0.4779412 0.4632353 0.4705882 0.4558824 0.4485294
0.1654135 0.06766917 0.04511278 0.08270677 0.08270677 0.08270677 0.08270677 0.09022556 0.08270677 0 0.09022556
0.7028986 0.7173913 0.7173913 0.7101449 0.7101449 0.7101449 0.7101449 0.7246377 0.7028986 0.7101449 0.6376812
0.6029412 0.6617647 0.632353 0.6029412 0.5147059 0.5147059 0.6102941 0.617647 0.6102941 0.6029412 0.6029412
0.7251908 0.7328244 0.7328244 0.7328244 0.7251908 0.7328244 0.7328244 0.7328244 0.7251908 0.7175573 0.6259542
0.2615385 0.3384615 0.2846154 0.2615385 0.2923077 0.3384615 0.2923077 0.2769231 0.3153846 0.3230769 0.2846154
0.7407407 0.7185185 0.7555556 0.7407407 0.7259259 0.7259259 0.7259259 0.7259259 0.7259259 0.7185185 0.637037
0.5144928 0.3260870 0.3043478 0.5217391 0.5144928 0.5217391 0.2898551 0.3115942 0.2753623 0.2681159 0.2246377
0.4122137 0.1984733 0.2137405 0.3053435 0.3664122 0.1145038 0.1450382 0.1832061 0.4122137 0.4122137 0.2519084
0.2923077 0.2615385 0.2461538 0.2769231 0.1769231 0.2461538 0.2153846 0.2538462 0.2307692 0.1923077 0.1538462
0.7222222 0.7222222 0.7361111 0.7222222 0.7291667 0.7430556 0.7222222 0.7222222 0.7222222 0.7291667 0.6319444
0.3037037 0.3555556 0.4222222 0.3333333 0.3333333 0.2962963 0.4888889 0.4888889 0.4814815 0.4814815 0.4814815
0.7028986 0.7173913 0.7173913 0.7101449 0.7101449 0.7101449 0.7101449 0.7246377 0.7608696 0.7101449 0.6376812
0.3153846 0.2692308 0.3153846 0.3538462 0.3076923 0.2769231 0.3153846 0.3 0.2538462 0.2615385 0.3076923
0.625 0.6111111 0.5972222 0.5902778 0.5902778 0.5902778 0 0 0.6111111 0.6458333 0.6319444
0.2230769 0.1769231 0.1846154 0.2307692 0.2153846 0.1230769 0.06923077 0.1846154 0.2 0.1153846 0.1769231
0.6911765 0.7205882 0.7205882 0.7058824 0.7279412 0.7058824 0.7132353 0.7205882 0.7058824 0.7132353 0.6397059
0.3538462 0.3461538 0.3615385 0.3230769 0.3538462 0.3538462 0.3615385 0.3538462 0.3538462 0.4 0.3538462
0.7407407 0.7185185 0.7555556 0.7407407 0.7259259 0.7259259 0.7259259 0.7259259 0.7259259 0.7185185 0.637037
0.5144928 0.3260870 0.3043478 0.5217391 0.5144928 0.5217391 0.2898551 0.3115942 0.2753623 0.2681159 0.2246377
0.1739130 0.1739130 0.1666667 0.1811594 0.1884058 0.1666667 0.1739130 0.1666667 0.1594203 0.1304348 0.1594203
0.06153846 0.03846154 0 0 0 0 0.007692308 0.007692308 0 0 0
0.3308824 0.1985294 0.1985294 0.1985294 0.1985294 0.1985294 0.2279412 0.2279412 0.2205882 0.2573529 0.2205882
0.08695652 0.01449275 0.07246377 0.08695652 0 0 0.007246377 0.03623188 0 0.02173913 0.02173913
0.5496183 0.5496183 0.4885496 0.4885496 0.4885496 0.480916 0.4885496 0.4580153 0.4503817 0.4503817 0.4503817
0.4710145 0.1521739 0.1956522 0.2608696 0.4492754 0.4565217 0.1739130 0.1956522 0.1884058 0.1666667 0.1956522
0.7251908 0.740458 0.7328244 0.7328244 0.7557252 0.740458 0.7480916 0.7328244 0.740458 0.7175573 0.6259542
0.7251908 0.740458 0.7328244 0.7328244 0.740458 0.740458 0.7480916 0.7328244 0.740458 0.7175573 0.6259542
0.1304348 0.2536232 0.2318841 0.1739130 0.1811594 0.2101449 0.3768116 0.3985507 0.3768116 0.3768116 0.3768116
0.7173913 0.7173913 0.7173913 0.7173913 0.731884 0.7246377 0.731884 0.7391304 0.7246377 0.7173913 0.6231884
0.7 0.7153846 0.7153846 0.7076923 0.7153846 0.7153846 0.7076923 0.7153846 0.7153846 0.7153846 0.6153846
0.7407407 0.7185185 0.7555556 0.7407407 0.7259259 0.7259259 0.7259259 0.7259259 0.7259259 0.7185185 0.637037
0 0.07246377 0.05797101 0.05797101 0.05797101 0.05797101 0.06521739 0.06521739 0.05797101 0.05797101 0.05797101
0.4927536 0.3260870 0.3043478 0.5217391 0.5144928 0.5217391 0.2898551 0.3115942 0.2753623 0.2681159 0.2246377
0.2615385 0.3307692 0.2846154 0.1923077 0.2846154 0.3307692 0.2769231 0.2769231 0.3153846 0.3230769 0.2692308
0.1666667 0.5347222 0.5555556 0.4861111 0.4791667 0.4791667 0.5625 0.5625 0.4513889 0.4027778 0.5486111
0.5797101 0.5724638 0.3623188 0.5 0.5 0.4927536 0.1884058 0.1811594 0.1884058 0.1956522 0.2028986
0.6390977 0.631579 0.6390977 0.631579 0.6466165 0.6390977 0.631579 0.631579 0.6390977 0.6240602 0.5789474
0.2941176 0.3161765 0.3161765 0.2647059 0.3235294 0.2720588 0.375 0.375 0.3308824 0.3235294 0.3235294
0.5923077 0.6230769 0.6230769 0.6 0.6 0.6 0.6 0.6 0.6 0.5923077 0.5923077
0.3777778 0.4444444 0.5259259 0.3703704 0.3851852 0.3851852 0.5555556 0.5407407 0.5407407 0.5407407 0.5407407
0.7407407 0.7185185 0.7555556 0.7407407 0.7259259 0.7259259 0.7259259 0.7259259 0.7259259 0.7185185 0.637037
0.01470588 0.1470588 0.05882353 0.06617647 0.06617647 0.08088235 0.1617647 0.1617647 0.05882353 0.1470588 0.1470588
0 0.04347826 0.05797101 0.06521739 0.06521739 0.05797101 0.07971014 0.07246377 0.05797101 0.05797101 0.05797101
0.6811594 0.6811594 0.6811594 0.6811594 0.6811594 0.6811594 0.6231884 0.6304348 0.6811594 0.6811594 0.6231884
0.3358779 0.3587786 0.3282443 0.3206107 0.259542 0.3816794 0.2977099 0.2824427 0.2671756 0.3587786 0.2748092
0.0610687 0.0610687 0 0.1221374 0 0.0610687 0.007633588 0.007633588 0.02290076 0.04580153 0
0.5220588 0.5147059 0.5073529 0.5073529 0.5955882 0.5955882 0.5073529 0.5073529 0.5 0.4852941 0.5
0.1739130 0.07971014 0.08695652 0.1231884 0 0.06521739 0.07246377 0.03623188 0 0.06521739 0.07246377
0.06015038 0.1353383 0.1503759 0.1278195 0.1353383 0.1353383 0.1428571 0.1729323 0.1578947 0.1052632 0.1052632
0.4710145 0.1521739 0.1956522 0.2608696 0.4492754 0.4565217 0.1739130 0.1956522 0.1884058 0.1666667 0.1956522
0.05797101 0.01449275 0.01449275 0.05797101 0 0 0.007246377 0.007246377 0 0 0
0.3206107 0.3511450 0.389313 0.389313 0.3206107 0.3358779 0.3587786 0.3587786 0.3664122 0.2900763 0.3511450
0.6390977 0.631579 0.6390977 0.631579 0.6466165 0.6390977 0.631579 0.631579 0.6390977 0.6240602 0.5789474
0.2941176 0.3161765 0.3161765 0.2647059 0.3235294 0.2720588 0.375 0.375 0.3308824 0.3235294 0.3235294
0.7028986 0.7173913 0.7173913 0.7101449 0.7101449 0.7101449 0.7101449 0.7246377 0.7608696 0.7101449 0.6376812
0.615942 0.6231884 0.6231884 0.6231884 0.6304348 0.6304348 0.6594203 0.6449275 0.6376812 0.6231884 0.6231884
0.4961832 0.5114504 0.4961832 0.5419847 0.5496183 0.5343511 0.5648855 0.5496183 0.5343511 0.5419847 0.5496183
0.7173913 0.7173913 0.7173913 0.7173913 0.731884 0.7246377 0.731884 0.7391304 0.7246377 0.7173913 0.6231884
0.7 0.7153846 0.7153846 0.7076923 0.7153846 0.7153846 0.7076923 0.7153846 0.7153846 0.7153846 0.6153846
0.7028986 0.7173913 0.7173913 0.7101449 0.7101449 0.7101449 0.7101449 0.7246377 0.7028986 0.7101449 0.6376812
