0.7153285 0.7153285 0.7153285 0.7153285 0.7153285 0.7153285 0.7153285 0.7153285 0.7153285 0.7153285 0.6350365
0.3206107 0.3053435 0.3206107 0.3358779 0.3206107 0.3206107 0.3358779 0.3282443 0.2900763 0.2824427 0.2671756
0.6527778 0.6527778 0.6388889 0.6041667 0.6111111 0.6111111 0.6180556 0.6319444 0.625 0.6041667 0.6180556
0.7328244 0.7251908 0.740458 0.7480916 0.7328244 0.740458 0.7557252 0.7328244 0.740458 0.7251908 0.6717557
0.3834586 0.4887218 0.4887218 0.3759398 0.4887218 0.481203 0.4962406 0.4887218 0.481203 0.481203 0.481203
0.7142857 0.7067669 0.7218045 0.7067669 0.7142857 0.7293233 0.7142857 0.7067669 0.7368421 0.7142857 0.6165414
0.6220472 0.6299213 0.6299213 0.6141732 0.6377953 0.6377953 0.6141732 0.6220472 0.6062992 0.6062992 0.5669291
0.5 0.5142857 0.5214286 0.5285714 0.5285714 0.5285714 0.5214286 0.5214286 0.5285714 0.5285714 0.5142857
0.4817518 0.1605839 0.1605839 0.1459854 0.2846715 0.2335766 0.1970803 0.1970803 0.1897810 0.1897810 0.1897810
0.6220472 0.6299213 0.6299213 0.6141732 0.6377953 0.6377953 0.6141732 0.6220472 0.6062992 0.6062992 0.5669291
0.6220472 0.6299213 0.6299213 0.6141732 0.6377953 0.6377953 0.6141732 0.6220472 0.6062992 0.6062992 0.5669291
0.1791045 0.1492537 0.1194030 0.1194030 0 0.1417910 0.1567164 0.1492537 0.1194030 0.1417910 0.1417910
0.5724638 0.5724638 0.5869565 0.5797101 0.5797101 0.5797101 0.5797101 0.5797101 0.5724638 0.5724638 0.5724638
0.7067669 0.7067669 0.7067669 0.7067669 0.7067669 0.7067669 0.7067669 0.7067669 0.7067669 0.6992481 0.6165414
0.2714286 0.3 0.3142857 0.3714286 0.2785714 0.2714286 0.2928571 0.2928571 0.3071429 0.3571429 0.3642857
0.5763889 0.5763889 0.5833333 0.5833333 0.5833333 0.5833333 0.5833333 0.5833333 0.5763889 0.5763889 0.5763889
0.2440945 0.2677165 0.2598425 0.2125984 0.3622047 0.4409449 0.2992126 0.2992126 0.2519685 0.2440945 0.2362205
0.2631579 0.1503759 0.1729323 0.3609023 0.4586466 0.3007519 0.2105263 0.2105263 0.2030075 0.2030075 0.2030075
0.7152778 0.7152778 0.7083333 0.7083333 0.7083333 0.7083333 0.7152778 0.7013889 0.7222222 0.7083333 0.6180556
0.2706767 0.3609023 0.3909774 0.2706767 0.3233083 0.3308271 0.406015 0.3909774 0.3834586 0.3909774 0.3834586
0.2631579 0.1503759 0.1729323 0.3609023 0.4586466 0.3007519 0.2105263 0.2105263 0.2030075 0.2030075 0.2030075
0.2013889 0.1111111 0.2013889 0.1666667 0.1736111 0.2013889 0.1805556 0.1736111 0.1111111 0.1666667 0.1666667
0.2 0.08571429 0.15 0.1642857 0.07857143 0.09285714 0.15 0.1071429 0.1357143 0.1357143 0.1785714
0.6220472 0.6299213 0.6299213 0.6141732 0.6377953 0.6377953 0.6141732 0.6220472 0.6062992 0.6062992 0.5669291
0.1739130 0.4275362 0.4347826 0.4275362 0.5289855 0.5434783 0.4492754 0.4492754 0.4275362 0.3768116 0.4275362
0.4214286 0.2642857 0.2214286 0.3071429 0.1785714 0.1714286 0.4285714 0.3857143 0.2071429 0.2142857 0.35
0.3464567 0.3858268 0.3464567 0.3464567 0.2125984 0.3385827 0.4251969 0.3858268 0.4251969 0.4251969 0.4251969
0.02255639 0.03007519 0 0 0 0 0.007518797 0.03759398 0.01503759 0 0
0.09774436 0.1729323 0.1203008 0.09774436 0.2030075 0.1954887 0.2330827 0.2180451 0.1954887 0.2030075 0.2180451
0.7014925 0.7164179 0.738806 0.7313433 0.7238806 0.7089552 0.738806 0.7164179 0.7089552 0.7089552 0.6044776
0.04724409 0.01574803 0 0.05511811 0 0.04724409 0 0 0 0 0
0.1879699 0.1127820 0.1127820 0.1954887 0.1353383 0.1127820 0.1203008 0.1203008 0.1127820 0.1127820 0.1127820
0.2238806 0.1194030 0.1716418 0.1716418 0.2089552 0.1194030 0.1268657 0.1268657 0.1641791 0.1194030 0.1194030
0.06870229 0.06870229 0.04580153 0.03816794 0.03816794 0.03816794 0.04580153 0.007633588 0.01526718 0 0
0.7007299 0.7007299 0.7007299 0.7007299 0.7007299 0.7007299 0.7007299 0.7007299 0.7007299 0.7007299 0.6350365
0.08270677 0.07518797 0.04511278 0.08270677 0.08270677 0.04511278 0.1203008 0.05263158 0.05263158 0.09022556 0.08270677
0.1374046 0.1603053 0.1526718 0.1526718 0.2061069 0.1603053 0.2061069 0.1603053 0.1679389 0.1374046 0.1679389
0.2173913 0.3115942 0.3405797 0.3333333 0.3768116 0.3260870 0.3260870 0.3260870 0.3405797 0.3188406 0.3188406
0.5714286 0.5714286 0.5714286 0.5789474 0.5789474 0.5789474 0.5789474 0.5789474 0.5714286 0.5714286 0.5714286
0.7214286 0.7285714 0.7357143 0.7285714 0.7357143 0.7285714 0.7142857 0.7214286 0.7214286 0.7142857 0.6285714
0.3458647 0.4511278 0.4511278 0.4360902 0.4586466 0.4511278 0.4661654 0.4586466 0.443609 0.443609 0.443609
0.7142857 0.7067669 0.7218045 0.7067669 0.7142857 0.7293233 0.7142857 0.7067669 0.7368421 0.7142857 0.6165414
0.2089552 0.1194030 0.1716418 0.1716418 0.2089552 0.1194030 0.1268657 0.1268657 0.1641791 0.1194030 0.1194030
0.1968504 0.2283465 0.2047244 0.1259843 0.1496063 0.2598425 0.2125984 0.2598425 0.2283465 0.2283465 0.2283465
0.3308271 0.4586466 0.5037594 0.4887218 0.4285714 0.4135338 0.4586466 0.5112782 0.4511278 0.4586466 0.5037594
0.5694444 0.5694444 0.5694444 0.5763889 0.5763889 0.5763889 0.5763889 0.5763889 0.5694444 0.5694444 0.5694444
0.6884058 0.6884058 0.6884058 0.6884058 0.6884058 0.6884058 0.6884058 0.6884058 0.6884058 0.6811594 0.6086957
0.7067669 0.7067669 0.6992481 0.6992481 0.7067669 0.7067669 0.7142857 0.6992481 0.6992481 0.6992481 0.6240602
0.593985 0.593985 0.6165414 0.6015038 0.6015038 0.6015038 0.6015038 0.6015038 0.593985 0.593985 0.593985
0.5714286 0.2406015 0.1879699 0.3458647 0.1729323 0.1729323 0.09774436 0.1203008 0.1127820 0.007518797 0.1127820
0.3507463 0.3507463 0.3432836 0.3582090 0.3358209 0.3358209 0.4104478 0.3880597 0.3432836 0.3955224 0.3731343
0.6090226 0.6541353 0.631579 0.6165414 0.6015038 0.6015038 0.6165414 0.6165414 0.6165414 0.6090226 0.6090226
0.7214286 0.7285714 0.7357143 0.7285714 0.7357143 0.7285714 0.7142857 0.7214286 0.7214286 0.7142857 0.6285714
0.7226277 0.7372263 0.7226277 0.729927 0.7591241 0.7518248 0.7445255 0.7226277 0.7372263 0.7226277 0.6350365
0.4565217 0.2028986 0.2318841 0.2536232 0.3333333 0.3623188 0.2318841 0.2318841 0.2246377 0.2391304 0.2246377
0.6428571 0.65 0.6571429 0.6571429 0.6214286 0.6214286 0.6285714 0.6428571 0.6285714 0.6214286 0.6285714
0.2773723 0.4160584 0.4160584 0.3503650 0.2773723 0.3430657 0.4233577 0.4233577 0.4160584 0.4160584 0.4160584
0.0915493 0.03521127 0 0.05633803 0.0915493 0.02112676 0.06338028 0.07042254 0.05633803 0.05633803 0.05633803
0.4566929 0.488189 0.5275591 0.5275591 0.5275591 0.5275591 0.503937 0.480315 0.488189 0.488189 0.488189
0.6220472 0.6299213 0.6299213 0.6141732 0.6377953 0.6377953 0.6141732 0.6220472 0.6062992 0.6062992 0.5669291
0.4744526 0.1532847 0.1313869 0.1459854 0.2846715 0.2335766 0.1532847 0.1240876 0.1240876 0.1167883 0.1167883
0.3283582 0.3283582 0.3283582 0.3283582 0.3283582 0.3283582 0.3358209 0.380597 0.3283582 0.3731343 0.3731343
0.6390977 0.631579 0.6240602 0.6090226 0.6240602 0.6165414 0.631579 0.631579 0.6390977 0.6240602 0.6165414
0.7014925 0.7164179 0.738806 0.7313433 0.7238806 0.7089552 0.738806 0.7164179 0.7089552 0.7089552 0.6044776
0.3142857 0.4 0.3428571 0.3928571 0.3428571 0.3 0.3857143 0.4071429 0.3071429 0.3928571 0.3928571
0.6220472 0.6299213 0.6299213 0.6141732 0.6377953 0.6377953 0.6141732 0.6220472 0.6062992 0.6062992 0.5669291
0 0 0 0 0 0 0 0 0 0 0
0.7067669 0.7067669 0.6992481 0.6992481 0.7067669 0.7067669 0.7142857 0.6992481 0.6992481 0.6992481 0.6240602
0.3507463 0.3507463 0.3432836 0.3582090 0.3358209 0.3358209 0.4104478 0.3880597 0.3432836 0.3955224 0.3731343
0.3142857 0.4071429 0.4071429 0.4071429 0.3428571 0.3 0.3857143 0.4071429 0.3071429 0.3928571 0.3928571
0.4626866 0.4104478 0.4104478 0.4179104 0.4104478 0.4104478 0.3432836 0.3507463 0.4179104 0.3432836 0.3059701
0.07086614 0.07086614 0.07086614 0.07086614 0.07086614 0.07086614 0.07086614 0.07086614 0.07086614 0.07086614 0.07086614
0.6267606 0.6408451 0.6478873 0.6267606 0.6338028 0.6267606 0.6408451 0.6408451 0.6549296 0.6549296 0.6408451
0.2440945 0.2677165 0.2598425 0.2125984 0.3622047 0.4409449 0.2992126 0.2992126 0.2519685 0.2440945 0.2362205
0.2686567 0.2686567 0.2761194 0.2611940 0.3134328 0.2910448 0.2910448 0.2686567 0.2537313 0.2164179 0.2313433
0.7014925 0.7164179 0.738806 0.7313433 0.7238806 0.7089552 0.738806 0.7164179 0.7089552 0.7089552 0.6044776
0.6267606 0.6197183 0.6197183 0.6267606 0.6338028 0.6267606 0.6408451 0.6408451 0.6549296 0.6549296 0.6408451
0.7226277 0.7372263 0.7226277 0.729927 0.7591241 0.7518248 0.7445255 0.7226277 0.7372263 0.7226277 0.6350365
0.7214286 0.7285714 0.7357143 0.7285714 0.7357143 0.7285714 0.7142857 0.7214286 0.7214286 0.7142857 0.6285714
0.7328244 0.7251908 0.740458 0.7480916 0.7328244 0.740458 0.7557252 0.7328244 0.740458 0.7251908 0.6717557
0.007633588 0 0.01526718 0.0610687 0.0610687 0.0610687 0.06870229 0.06870229 0.0610687 0.0610687 0.0610687
0.556338 0.4929577 0.4859155 0.4788732 0.4788732 0.5 0.5 0.5 0.5140845 0.4929577 0.5
0.7328244 0.7251908 0.740458 0.7480916 0.7328244 0.740458 0.7557252 0.7328244 0.740458 0.7251908 0.6717557
0.3507463 0.3507463 0.3432836 0.3582090 0.3358209 0.3358209 0.4253731 0.3880597 0.3432836 0.3955224 0.3731343
0.7022901 0.7022901 0.7022901 0.7022901 0.7022901 0.7022901 0.7022901 0.7022901 0.7022901 0.7022901 0.6717557
0.08661417 0.1496063 0.1259843 0.1732283 0.1653543 0.1496063 0.1496063 0.1496063 0.1496063 0.1496063 0.1496063
0.480916 0.5114504 0.5114504 0.519084 0.519084 0.519084 0.519084 0.519084 0.5114504 0.480916 0.480916
0.6220472 0.6299213 0.6299213 0.6141732 0.6377953 0.6377953 0.6141732 0.6220472 0.6062992 0.6062992 0.5669291
0.6842105 0.6842105 0.6842105 0.6842105 0.6842105 0.6842105 0.6842105 0.6842105 0.6842105 0.6842105 0.6240602
0 0 0 0 0 0 0 0 0 0 0
0.2681159 0.3550725 0.4057971 0.3768116 0.2971014 0.2753623 0.3985507 0.4202899 0.3913043 0.4347826 0.3913043
0.06015038 0.06015038 0.08270677 0.06015038 0.04511278 0.07518797 0.06766917 0.08270677 0.07518797 0.1278195 0.05263158
0.7328244 0.7251908 0.740458 0.7480916 0.7328244 0.740458 0.740458 0.7328244 0.740458 0.7251908 0.6717557
0.6793893 0.6870229 0.6717557 0.6412214 0.6335878 0.6412214 0.6412214 0.6412214 0.6412214 0.6335878 0.6335878
0.6220472 0.6299213 0.6299213 0.6141732 0.6377953 0.6377953 0.6141732 0.6220472 0.6062992 0.6062992 0.5669291
0.2781955 0.4135338 0.4135338 0.3308271 0.3233083 0.3233083 0.4210526 0.4135338 0.4135338 0.406015 0.4135338
0.7328244 0.7251908 0.740458 0.7480916 0.7328244 0.740458 0.7557252 0.7328244 0.740458 0.7251908 0.6717557
0.4782609 0.2028986 0.2318841 0.2536232 0.3333333 0.3623188 0.2318841 0.2318841 0.2246377 0.2391304 0.2246377
0.2313433 0.1417910 0.2313433 0.3059701 0.2537313 0.2537313 0.2014925 0.2089552 0.2462687 0.2835821 0.1940299
0.2834646 0.2283465 0.1968504 0.1181102 0.1496063 0.2598425 0.2362205 0.2519685 0.2204724 0.2204724 0.2204724
0.7152778 0.7152778 0.7083333 0.7083333 0.7083333 0.7083333 0.7152778 0.7013889 0.7222222 0.7083333 0.6180556
0.2388060 0.2686567 0.2686567 0.2611940 0.2835821 0.2910448 0.2910448 0.2537313 0.2537313 0.2014925 0.2313433
0.7112676 0.7323944 0.7323944 0.7323944 0.7183099 0.7183099 0.7323944 0.7253521 0.7323944 0.7183099 0.6408451
0.2125984 0.2677165 0.2519685 0.2047244 0.3622047 0.4409449 0.2992126 0.2992126 0.2519685 0.2440945 0.2362205
0.6165414 0.6015038 0.5864662 0.5789474 0.5413534 0.5413534 0 0 0.6090226 0.6240602 0.6165414
0.1221374 0.129771 0.1755725 0.1984733 0.1832061 0.1603053 0.1526718 0.1755725 0.1679389 0.1603053 0.1679389
0.7328244 0.7251908 0.740458 0.7480916 0.7328244 0.740458 0.7557252 0.7328244 0.740458 0.7251908 0.6717557
0.3873239 0.3873239 0.3732394 0.3802817 0.3239437 0.3521127 0.3309859 0.3943662 0.3521127 0.3309859 0.3380282
0.7214286 0.7285714 0.7357143 0.7285714 0.7357143 0.7285714 0.7142857 0.7214286 0.7214286 0.7142857 0.6285714
0.481203 0.1954887 0.1879699 0.5263158 0.5263158 0.3759398 0.2255639 0.2781955 0.2255639 0.2255639 0.2706767
0.07518797 0.07518797 0.07518797 0.07518797 0.07518797 0 0.07518797 0.09022556 0.07518797 0.08270677 0.07518797
0.2173913 0.3115942 0.3405797 0.3333333 0.3768116 0.3260870 0.3260870 0.3260870 0.3405797 0.3188406 0.3188406
0.4511278 0.2030075 0.2255639 0.4661654 0.2255639 0.2255639 0.2030075 0.2030075 0.2255639 0.1954887 0.1954887
0.04347826 0.03623188 0.03623188 0 0 0 0.02898551 0.02898551 0 0.02173913 0.02898551
0.5354331 0.5354331 0.4724409 0.4409449 0.4488189 0.2283465 0.496063 0.5354331 0.5354331 0.5354331 0.5354331
0.4586466 0.1503759 0.1503759 0.3233083 0.1503759 0.1503759 0.1503759 0.1503759 0.1729323 0.1503759 0.1729323
0.7112676 0.7323944 0.7323944 0.7323944 0.7183099 0.7183099 0.7323944 0.7253521 0.7323944 0.7183099 0.6408451
0.7112676 0.7323944 0.7323944 0.7323944 0.7183099 0.7183099 0.7323944 0.7253521 0.7323944 0.7183099 0.6408451
0.09448819 0.1811024 0.1496063 0.4094488 0.3149606 0.1889764 0.1889764 0.2204724 0.1811024 0.1811024 0.1889764
0.7226277 0.7372263 0.7226277 0.729927 0.7591241 0.7518248 0.7445255 0.7226277 0.7372263 0.7226277 0.6350365
0.6220472 0.6299213 0.6299213 0.6141732 0.6377953 0.6377953 0.6141732 0.6220472 0.6062992 0.6062992 0.5669291
0.7226277 0.7372263 0.7226277 0.729927 0.7591241 0.7518248 0.7445255 0.7226277 0.7372263 0.7226277 0.6350365
0.007633588 0 0.01526718 0.0610687 0.0610687 0.0610687 0.06870229 0.06870229 0.0610687 0.0610687 0.0610687
0.5182482 0.2919708 0.2992701 0.3722628 0.5547445 0.4890511 0.2481752 0.2408759 0.2335766 0.2846715 0.2846715
0.2137405 0.2137405 0.2137405 0.2137405 0.1068702 0.2213740 0.1450382 0.2290076 0.3206107 0.3206107 0.3206107
0.2030075 0.5413534 0.5413534 0.5413534 0.5488722 0.5488722 0.5488722 0.5488722 0.5338346 0.5338346 0.5338346
0.5839416 0.4014599 0.1897810 0.2481752 0.3430657 0.3138686 0.1532847 0.1459854 0.1386861 0.1313869 0.1313869
0.6956522 0.6884058 0.7028986 0.7173913 0.7028986 0.7101449 0.7101449 0.6956522 0.6884058 0.7101449 0.6086957
0.2043796 0.3430657 0.3576642 0.2189781 0.1678832 0.1824818 0.3649635 0.3649635 0.3211679 0.2627737 0.270073
0.6131387 0.6131387 0.6277372 0.620438 0.620438 0.620438 0.620438 0.620438 0.6131387 0.6131387 0.6131387
0.4014599 0.5474453 0.5474453 0.5036496 0.4671533 0.540146 0.5620438 0.5620438 0.5547445 0.5474453 0.5693431
0.7014925 0.7164179 0.738806 0.7313433 0.7238806 0.7089552 0.738806 0.7164179 0.7089552 0.7089552 0.6044776
0.1268657 0.2164179 0.1940299 0.2014925 0.1791045 0.2014925 0.2537313 0.2985075 0.1940299 0.2462687 0.2686567
0.125 0.1527778 0.1666667 0.2013889 0.2083333 0.1736111 0.3194444 0.2638889 0.3263889 0.1944444 0.1944444
0.6165414 0.6015038 0.5864662 0.5789474 0.5413534 0.5413534 0 0 0.6090226 0.6240602 0.6165414
0.3053435 0.3053435 0.3053435 0.3053435 0.3053435 0.3053435 0.3129771 0.3129771 0.2748092 0.2671756 0.2671756
0.05072464 0.05072464 0.05072464 0.05072464 0.06521739 0.05072464 0.07246377 0.05797101 0.06521739 0.05072464 0.06521739
0.4782609 0.2028986 0.2318841 0.2536232 0.3333333 0.3623188 0.2318841 0.2318841 0.2246377 0.2391304 0.2246377
0.08270677 0.07518797 0.04511278 0.08270677 0.08270677 0.04511278 0.1203008 0.05263158 0.05263158 0.09022556 0.08270677
0.1127820 0.2255639 0.2330827 0.1052632 0.1052632 0.1654135 0.2631579 0.2180451 0.2556391 0.2556391 0.2105263
0.5112782 0.1654135 0.1503759 0.2631579 0.2330827 0.2180451 0.1879699 0.1879699 0.1804511 0.1804511 0.1879699
0.07518797 0.07518797 0.07518797 0.07518797 0.07518797 0 0.07518797 0.09022556 0.07518797 0.08270677 0.07518797
0.3768116 0.4782609 0.4855072 0.5217391 0.4782609 0.4855072 0.5 0.5362319 0.5217391 0.4710145 0.5144928
0.7067669 0.7067669 0.6992481 0.6992481 0.7067669 0.7067669 0.7142857 0.6992481 0.6992481 0.6992481 0.6240602
0.2030075 0.3007519 0.2556391 0.1353383 0.1578947 0.2406015 0.2932331 0.2481203 0.2857143 0.2857143 0.2481203
0.7328244 0.7251908 0.740458 0.7480916 0.7328244 0.740458 0.7557252 0.7328244 0.740458 0.7251908 0.6717557
0.648855 0.6412214 0.6335878 0.648855 0.648855 0.6564885 0.648855 0.6641221 0.648855 0.6564885 0.6717557
0.480315 0.496063 0.5275591 0.5354331 0.5354331 0.5511811 0.511811 0.480315 0.488189 0.503937 0.496063
0.7328244 0.7251908 0.740458 0.7480916 0.7328244 0.740458 0.7557252 0.7328244 0.740458 0.7251908 0.6717557
0.7014925 0.7164179 0.738806 0.7313433 0.7238806 0.7089552 0.738806 0.7164179 0.7089552 0.7089552 0.6044776
0.7112676 0.7323944 0.7323944 0.7323944 0.7183099 0.7183099 0.7323944 0.7253521 0.7323944 0.7183099 0.6408451
