0.6434109 0.5968992 0.5116279 0.4496124 0.4263566 0.4108527 0.4496124 0.5193798 0.5891473 0.496124 0.5581395
0.4285714 0.5285714 0.4357143 0.4928571 0.5714286 0.65 0.5714286 0.6928571 0.7 0.6214286 0.6928571
0.5683453 0.5323741 0.6043165 0.7410072 0.7266187 0.7122302 0.6330935 0.6978417 0.5395683 0.6402878 0.6402878
0.6744186 0.6356589 0.4651163 0.4496124 0.4341085 0.4263566 0.4496124 0.4883721 0.5426357 0.4806202 0.496124
0.2370370 0.2074074 0.07407407 0.04444444 0.02962963 0.03703704 0.02962963 0.03703704 0.02222222 0.02222222 0.02222222
0.9037037 0.925926 0.9481481 0.9925926 0.9481481 0.8296296 0.9777778 0.9777778 0.9851852 0.9185185 0.8666667
0.2170543 0.1860465 0.2170543 0.2015504 0.2093023 0.2093023 0.1860465 0.1627907 0.1550388 0.1627907 0.1705426
0.1212121 0.1893939 0.2651515 0.2348485 0.2424242 0.1969697 0.1969697 0.1969697 0.2272727 0.2121212 0.1969697
0.6544118 0.6911765 0.7647059 0.7647059 0.7720588 0.7941176 0.757353 0.8014706 0.7867647 0.8014706 0.8014706
0.4028777 0.381295 0.4172662 0.4028777 0.5467626 0.5107914 0.6618705 0.5611511 0.6043165 0.5683453 0.618705
0.4244604 0.3597122 0.3597122 0.5107914 0.5323741 0.5107914 0.5251799 0.5539568 0.4244604 0.4748201 0.4316547
0.05925926 0.1555556 0.2444444 0.2962963 0.3259259 0.3185185 0.3259259 0.3259259 0.3037037 0.2592593 0.2444444
0.4 0.4214286 0.6071429 0.6928571 0.7285714 0.7285714 0.6928571 0.55 0.5428571 0.5714286 0.6214286
0.6821705 0.6434109 0.503876 0.4496124 0.4186047 0.4263566 0.4496124 0.5271318 0.5891473 0.496124 0.5658915
0.4044118 0.4411765 0.3897059 0.4264706 0.4338235 0.4191176 0.3970588 0.3676471 0.4117647 0.4558824 0.4411765
0.06060606 0.03030303 0.03030303 0.03030303 0.03030303 0.03030303 0.03030303 0.03030303 0.01515152 0.02272727 0.02272727
0.1259259 0.1407407 0.1407407 0.1259259 0.1629630 0.1555556 0.1703704 0.1555556 0.1259259 0.1703704 0.1407407
0.4592593 0.4148148 0.3925926 0.4074074 0.4148148 0.4222222 0.4 0.3703704 0.3629630 0.4074074 0.4296296
0.5808824 0.5073529 0.5073529 0.4852941 0.5514706 0.5147059 0.5294118 0.4926471 0.5441176 0.5441176 0.5735294
0.75 0.7285714 0.7285714 0.6928571 0.7142857 0.7142857 0.7642857 0.7785714 0.8357143 0.7714286 0.8214286
0.8357143 0.85 0.8428571 0.8142857 0.7928571 0.8071429 0.9 0.8857143 0.8928571 0.8928571 0.9071429
0.443609 0.4511278 0.5413534 0.6466165 0.6240602 0.6691729 0.5488722 0.5338346 0.6015038 0.631579 0.6165414
0.2121212 0.2045455 0.1666667 0.1969697 0.1969697 0.2121212 0.1818182 0.2121212 0.2272727 0.2121212 0.2272727
0.7751938 0.7984496 0.7906977 0.7984496 0.7984496 0.8062016 0.7984496 0.7906977 0.7829457 0.7906977 0.8139535
0.2556391 0.3007519 0.2781955 0.2706767 0.2631579 0.2706767 0.2781955 0.2857143 0.2932331 0.2481203 0.2631579
0.1617647 0.2867647 0.3088235 0.3382353 0.3602941 0.4926471 0.4779412 0.4779412 0.4926471 0.5 0.632353
0.6744186 0.6511628 0.4263566 0.4186047 0.4186047 0.3953488 0.372093 0.372093 0.3953488 0.3565891 0.372093
0.8947368 0.8646617 0.8571429 0.8345865 0.8571429 0.8270677 0.924812 0.9548872 0.9548872 0.8721805 0.9398496
0.2222222 0.2 0.1703704 0.1555556 0.1629630 0.1629630 0.1703704 0.2074074 0.1777778 0.1777778 0.1629630
0.3875969 0.4573643 0.5736434 0.6744186 0.7209302 0.7286822 0.6666667 0.6899225 0.7131783 0.7209302 0.7286822
0.05 0.04285714 0.06428571 0.09285714 0.07857143 0.1 0.1142857 0.1 0.08571429 0.07142857 0.05
0.6821705 0.6589147 0.5813953 0.4728682 0.4728682 0.4573643 0.5193798 0.5116279 0.5426357 0.4418605 0.496124
0.8939394 0.8787879 0.8787879 0.9015152 0.8787879 0.8484848 0.8257576 0.7954545 0.8333333 0.8333333 0.8030303
0.6136364 0.6439394 0.6515152 0.4848485 0.4166667 0.3333333 0.3181818 0.3181818 0.4318182 0.4545455 0.4242424
0.2589928 0.2661871 0.3165468 0.3165468 0.3453237 0.3597122 0.4172662 0.4172662 0.3093525 0.3165468 0.3309353
0.3071429 0.2714286 0.1142857 0.04285714 0.04285714 0.05 0.1142857 0.2357143 0.25 0.1857143 0.1714286
0.1439394 0.1439394 0.1363636 0.1666667 0.1893939 0.1969697 0.1969697 0.1969697 0.1666667 0.1893939 0.1969697
0.2518519 0.1629630 0.1185185 0.08148148 0.03703704 0.03703704 0.03703704 0.05925926 0.1111111 0.05185185 0.07407407
0.9857143 0.9071429 0.9285714 0.9214286 0.9 0.85 0.7928571 0.8214286 0.8142857 0.7785714 0.7785714
0.7286822 0.6976744 0.6821705 0.6356589 0.620155 0.5736434 0.5581395 0.5426357 0.5193798 0.5658915 0.5426357
0.8222222 0.7777778 0.7925926 0.7555556 0.7555556 0.7703704 0.762963 0.7777778 0.7925926 0.7703704 0.7333333
0.2074074 0.1555556 0.1481481 0.1703704 0.1851852 0.1703704 0.1703704 0.1777778 0.1407407 0.1851852 0.1629630
0.8139535 0.8449612 0.8139535 0.8449612 0.868217 0.883721 0.7906977 0.751938 0.7674419 0.7906977 0.8992248
0.7131783 0.7286822 0.751938 0.8294574 0.7674419 0.7984496 0.7984496 0.7984496 0.8217054 0.8294574 0.7751938
0.4592593 0.4 0.3777778 0.3333333 0.3259259 0.3185185 0.2962963 0.2814815 0.3037037 0.3037037 0.3037037
0.5142857 0.4857143 0.4428571 0.5142857 0.5214286 0.5714286 0.45 0.4928571 0.5214286 0.4857143 0.4642857
0.7851852 0.7407407 0.7555556 0.7481481 0.7259259 0.7111111 0.6814815 0.6592593 0.6074074 0.6444444 0.6
0.7593985 0.7218045 0.6766917 0.5789474 0.5112782 0.4962406 0.481203 0.5639098 0.5639098 0.5714286 0.4586466
0.9568345 0.9928058 1 0.9928058 0.8920863 0.913669 0.9568345 0.9784173 0.9856115 0.9928058 0.9856115
0.1363636 0.1742424 0.2575758 0.2803030 0.2878788 0.3181818 0.3030303 0.3787879 0.2878788 0.3106061 0.2954545
0.01428571 0.07142857 0.1285714 0.1357143 0.1357143 0.1714286 0.1785714 0.1928571 0.1785714 0.2357143 0.2071429
0.4714286 0.4571429 0.4428571 0.4 0.3857143 0.3785714 0.35 0.3428571 0.3428571 0.3428571 0.35
0.9214286 0.9357143 0.9285714 0.9857143 1 0.9285714 0.8642857 0.8785714 0.8928571 0.8428571 0.8571429
0.8222222 0.7777778 0.7703704 0.7555556 0.762963 0.7703704 0.8074074 0.9037037 0.8666667 0.8444444 0.8592593
0.9555556 0.962963 0.962963 0.9037037 0.9333333 0.8814815 0.8666667 0.8888889 0.9037037 0.874074 0.8444444
0.7424242 0.7954545 0.7878788 0.780303 0.7954545 0.8030303 0.8484848 0.7878788 0.780303 0.8712121 0.780303
0.3428571 0.3428571 0.3642857 0.3928571 0.3857143 0.3071429 0.3357143 0.3357143 0.3142857 0.3285714 0.3
0.6 0.5777778 0.5185185 0.3629630 0.3259259 0.2962963 0.3629630 0.3777778 0.3925926 0.4888889 0.4222222
0.4857143 0.55 0.5642857 0.4785714 0.4285714 0.4142857 0.3785714 0.3785714 0.3571429 0.4071429 0.4142857
0.1857143 0.1714286 0.1857143 0.2 0.1857143 0.2071429 0.2142857 0.2071429 0.1857143 0.1928571 0.2
0.6 0.55 0.4714286 0.5142857 0.5571429 0.4642857 0.5071429 0.5 0.5214286 0.5571429 0.4785714
0.5 0.5227273 0.4621212 0.469697 0.4242424 0.3863636 0.3939394 0.3939394 0.4015152 0.4924242 0.4393939
0.5428571 0.5642857 0.6071429 0.6071429 0.7071429 0.7142857 0.6857143 0.65 0.6214286 0.5142857 0.5071429
0.6444444 0.6222222 0.6666667 0.6518519 0.5851852 0.6 0.5037037 0.4666667 0.5333333 0.5333333 0.5407407
0.04545455 0.1439394 0.1515152 0.1893939 0.1893939 0.1818182 0.1818182 0.1060606 0.1515152 0.1893939 0.2045455
0.7794118 0.7867647 0.7867647 0.8455882 0.7720588 0.7794118 0.742647 0.7647059 0.75 0.742647 0.75
0.5864662 0.5864662 0.5639098 0.518797 0.443609 0.3834586 0.3684211 0.3834586 0.3909774 0.3834586 0.406015
0.8382353 0.8161765 0.9411765 0.9044118 0.9779412 0.875 0.9044118 0.9485294 0.9338235 0.9705882 0.8897059
0.7259259 0.7111111 0.6962963 0.5259259 0.5037037 0.4814815 0.4740741 0.4740741 0.5111111 0.5111111 0.4740741
0.5357143 0.5357143 0.5357143 0.4785714 0.5071429 0.4142857 0.4 0.4 0.3642857 0.3714286 0.3571429
0.3407407 0.2814815 0.2074074 0.1111111 0.04444444 0.03703704 0.04444444 0.07407407 0.1111111 0.07407407 0.05925926
0.6165414 0.631579 0.6466165 0.5639098 0.481203 0.4962406 0.443609 0.4736842 0.4661654 0.5263158 0.4285714
0.8285714 0.7714286 0.85 0.8214286 0.8571429 0.7714286 0.7571429 0.75 0.7285714 0.75 0.7428571
0.2635659 0.2248062 0.2170543 0.2093023 0.2093023 0.2558140 0.3023256 0.2868217 0.3333333 0.3100775 0.3565891
0.6124031 0.5503876 0.620155 0.4728682 0.4341085 0.4031008 0.3798450 0.3798450 0.4418605 0.3953488 0.4341085
0.8142857 0.8071429 0.8357143 0.7928571 0.8 0.8142857 0.9142857 0.9642857 0.95 0.8642857 0.8714286
0.962963 0.9407407 0.962963 0.8962963 0.874074 0.9333333 0.925926 0.9111111 0.8888889 0.9111111 0.9407407
0.7272727 0.8030303 0.8333333 0.9090909 0.8787879 0.8787879 0.9090909 0.9166667 0.9318182 0.9318182 0.9166667
0.4852941 0.4705882 0.5294118 0.5735294 0.4411765 0.5294118 0.4705882 0.4338235 0.4558824 0.4926471 0.4558824
0.3453237 0.381295 0.5395683 0.6618705 0.7266187 0.7122302 0.6115108 0.5971223 0.4604317 0.5467626 0.5827338
0.08270677 0.2105263 0.2857143 0.3007519 0.2781955 0.2857143 0.2706767 0.2857143 0.3007519 0.2781955 0.2932331
0.8857143 0.8 0.8 0.8142857 0.8142857 0.7428571 0.7642857 0.7571429 0.7428571 0.7428571 0.75
0.3714286 0.3714286 0.3642857 0.3785714 0.3857143 0.4142857 0.4285714 0.4071429 0.45 0.6 0.5285714
0.5514706 0.5955882 0.5808824 0.4558824 0.4191176 0.375 0.4338235 0.375 0.4264706 0.3823529 0.4117647
0.6744186 0.6589147 0.5116279 0.4573643 0.4263566 0.4263566 0.4031008 0.4263566 0.5426357 0.4651163 0.496124
0.2954545 0.2803030 0.2954545 0.2651515 0.2045455 0.1893939 0.1590909 0.1666667 0.1666667 0.1666667 0.1969697
0.3407407 0.3333333 0.2222222 0.1555556 0.08888889 0.0962963 0.3777778 0.4592593 0.4444444 0.4148148 0.4222222
0.1654135 0.2481203 0.2781955 0.2706767 0.3233083 0.3157895 0.3684211 0.3834586 0.3157895 0.2857143 0.2932331
0.5214286 0.4857143 0.4 0.3928571 0.3928571 0.3714286 0.3928571 0.4071429 0.4214286 0.3857143 0.3785714
0.08270677 0.07518797 0.1353383 0.1428571 0.1729323 0.1503759 0.1578947 0.1503759 0.1503759 0.1428571 0.1428571
0.4592593 0.4666667 0.437037 0.3333333 0.3259259 0.3333333 0.3037037 0.2962963 0.3407407 0.3111111 0.3259259
0.06015038 0.05263158 0.1428571 0.1578947 0.1729323 0.1654135 0.1503759 0.1729323 0.1353383 0.1353383 0.1278195
0.3082707 0.3007519 0.3759398 0.5112782 0.5263158 0.6541353 0.6691729 0.631579 0.4360902 0.4285714 0.406015
0.1007194 0.07194245 0.05035971 0.07913669 0.07194245 0.08633094 0.08633094 0.05035971 0.03597122 0.02877698 0.04316547
0.2352941 0.3161765 0.3455882 0.3676471 0.4411765 0.5661765 0.617647 0.6029412 0.7132353 0.6985294 0.6838235
0.3333333 0.3178295 0.248062 0.1782946 0.1162791 0.1007752 0.09302326 0.1627907 0.1937984 0.1627907 0.1472868
0.6985294 0.75 0.7867647 0.8602941 0.8602941 0.867647 0.8897059 0.8897059 0.8602941 0.8897059 0.8161765
0.2642857 0.3285714 0.3642857 0.3785714 0.3857143 0.4142857 0.4071429 0.3857143 0.3928571 0.6 0.4928571
0.1007752 0.1085271 0.2093023 0.1705426 0.2093023 0.1007752 0.1782946 0.2015504 0.2325581 0.2403101 0.2015504
0.02941176 0.03676471 0.09558824 0.1323529 0.1470588 0.1029412 0.2132353 0.2279412 0.125 0.05147059 0.05882353
0.9037037 0.9185185 0.9407407 0.9703704 0.9407407 0.9185185 0.8592593 0.874074 0.8148148 0.9185185 0.925926
0.06617647 0.1102941 0.1470588 0.1838235 0.1911765 0.1985294 0.1985294 0.1764706 0.1838235 0.2058824 0.1985294
0.9851852 0.9185185 0.8444444 0.837037 0.7851852 0.7703704 0.7407407 0.7407407 0.7333333 0.7481481 0.762963
0.6136364 0.6363636 0.6439394 0.5757576 0.5 0.4015152 0.3863636 0.4242424 0.4772727 0.4924242 0.4166667
0.4074074 0.4148148 0.3925926 0.4740741 0.437037 0.4444444 0.3555556 0.3703704 0.4 0.4 0.3851852
0.2661871 0.2733813 0.3165468 0.2661871 0.2374101 0.2446043 0.1870504 0.2302158 0.2877698 0.2805755 0.2661871
0.7045455 0.6515152 0.6287879 0.5151515 0.5 0.4545455 0.4772727 0.5606061 0.689394 0.6590909 0.6515152
0.125 0.01470588 0.03676471 0.05147059 0.05147059 0.05147059 0.05147059 0.05882353 0.02941176 0.02941176 0.02941176
0.7674419 0.7286822 0.7364341 0.620155 0.6124031 0.5736434 0.7209302 0.7209302 0.7364341 0.7286822 0.751938
0.620155 0.6511628 0.6821705 0.7054264 0.7054264 0.6976744 0.7131783 0.6434109 0.6124031 0.5736434 0.6046512
0.5785714 0.6142857 0.6285714 0.5714286 0.6071429 0.6071429 0.5714286 0.5928571 0.5571429 0.6 0.6071429
0.4214286 0.4214286 0.5214286 0.5785714 0.6357143 0.5142857 0.5071429 0.4928571 0.4714286 0.4285714 0.5071429
0.9548872 0.9022556 0.8345865 0.7593985 0.7894737 0.7819549 0.7894737 0.81203 0.81203 0.8045113 0.8045113
0.07913669 0.1151079 0.1798561 0.2230216 0.2158273 0.1870504 0.2086331 0.1798561 0.2014388 0.1798561 0.1942446
0.3636364 0.4090909 0.3030303 0.3181818 0.2878788 0.2954545 0.2651515 0.25 0.2424242 0.2954545 0.3106061
0.1666667 0.1515152 0.1363636 0.1590909 0.1818182 0.1893939 0.4772727 0.5681818 0.469697 0.5075758 0.530303
0.1818182 0.2045455 0.1893939 0.2348485 0.2424242 0.2424242 0.2348485 0.2727273 0.2575758 0.2651515 0.25
0.751938 0.7674419 0.744186 0.744186 0.744186 0.744186 0.7364341 0.7209302 0.7209302 0.7286822 0.7131783
0.2370370 0.2296296 0.2074074 0.2 0.1925926 0.1629630 0.1259259 0.1703704 0.1777778 0.1703704 0.1925926
0.8057554 0.8129496 0.8345324 0.8920863 0.9064748 1 0.9568345 0.971223 0.9496403 0.8129496 0.8633094
0.9571429 0.9928571 0.9714286 1 0.9857143 0.9571429 0.9928571 0.9785714 0.9785714 0.9857143 1
0.8444444 0.9185185 0.9185185 0.925926 0.9481481 0.962963 0.9703704 0.9703704 0.9703704 0.9777778 0.9777778
0.07407407 0.06666667 0.1703704 0.1703704 0.1851852 0.1777778 0.1925926 0.1481481 0.1407407 0.1851852 0.1851852
0.9621212 0.9772727 0.9772727 0.9772727 0.9924242 0.9621212 0.9621212 0.969697 0.969697 0.9772727 0.9621212
0.6222222 0.5703704 0.4666667 0.3629630 0.1925926 0.1851852 0.2592593 0.3037037 0.3333333 0.3555556 0.2888889
0.07142857 0.1 0.15 0.15 0.1714286 0.1714286 0.15 0.1071429 0.1 0.1214286 0.1285714
0.5107914 0.4964029 0.5467626 0.589928 0.6330935 0.618705 0.4748201 0.4820144 0.5179856 0.4748201 0.4676259
0.4962406 0.556391 0.6466165 0.7368421 0.7443609 0.7443609 0.7293233 0.7218045 0.7218045 0.7218045 0.7218045
0.4857143 0.4928571 0.4071429 0.3642857 0.3357143 0.3571429 0.3357143 0.3357143 0.3785714 0.3428571 0.3357143
0.2781955 0.3233083 0.4360902 0.5714286 0.6541353 0.6015038 0.518797 0.4360902 0.4887218 0.4661654 0.5639098
0.3925926 0.3185185 0.2962963 0.2444444 0.2296296 0.2740741 0.2666667 0.2814815 0.2444444 0.2814815 0.2666667
0.1925926 0.2 0.1555556 0.1555556 0.1851852 0.1629630 0.1703704 0.1629630 0.1259259 0.1703704 0.1629630
0.3714286 0.3714286 0.4 0.5 0.4214286 0.4571429 0.3714286 0.3428571 0.3571429 0.35 0.35
0.1333333 0.1333333 0.1111111 0.03703704 0.04444444 0.04444444 0.04444444 0.07407407 0.05925926 0.05185185 0.08888889
0.5037594 0.481203 0.4210526 0.3834586 0.3759398 0.3834586 0.3984962 0.406015 0.4210526 0.3684211 0.3834586
0.1357143 0.1642857 0.1928571 0.1714286 0.1785714 0.2 0.2285714 0.2071429 0.2214286 0.1857143 0.2428571
0.2805755 0.2374101 0.2014388 0.2014388 0.1942446 0.1942446 0.2086331 0.2086331 0.2230216 0.2446043 0.2158273
0.7651515 0.8181818 0.8181818 0.9090909 0.8181818 0.8333333 0.8484848 0.8484848 0.7727273 0.8787879 0.8257576
0.4728682 0.4031008 0.3643411 0.4031008 0.4031008 0.372093 0.3410853 0.3565891 0.3565891 0.3565891 0.372093
0.2180451 0.2781955 0.3684211 0.4135338 0.4360902 0.4360902 0.3533835 0.3233083 0.3533835 0.3533835 0.3533835
0.9069767 0.7984496 0.7829457 0.8527132 0.8449612 0.744186 0.744186 0.751938 0.751938 0.744186 0.7364341
0.3555556 0.3629630 0.4518519 0.4074074 0.5851852 0.6518519 0.6222222 0.6518519 0.6740741 0.7037037 0.6740741
0.8357143 0.8071429 0.8642857 0.8285714 0.7571429 0.8 0.7714286 0.8285714 0.8071429 0.8428571 0.8071429
0.3458647 0.2781955 0.1654135 0.1578947 0.1729323 0.1729323 0.1879699 0.1804511 0.1954887 0.1804511 0.1804511
0.1102941 0.1691176 0.1985294 0.2132353 0.25 0.1985294 0.2279412 0.2279412 0.1985294 0.2058824 0.2058824
0.8 0.8285714 0.8714286 0.9071429 0.8642857 0.9857143 0.8928571 0.9071429 0.9285714 0.8571429 0.8928571
0.6428571 0.65 0.75 0.7571429 0.7785714 0.8071429 0.8785714 0.8571429 0.8071429 0.8214286 0.7928571
0.9473684 0.9022556 0.8421053 0.7819549 0.7593985 0.7819549 0.7819549 0.887218 0.9022556 0.81203 0.7744361
0.875 0.9117647 0.9411765 0.9117647 1 0.8455882 0.875 0.8235294 0.867647 0.9338235 0.8970588
0.8222222 0.8962963 0.8444444 0.925926 0.9407407 0.962963 0.962963 0.9703704 0.9703704 0.9555556 0.9777778
0.6976744 0.6046512 0.4418605 0.4186047 0.4031008 0.4031008 0.3875969 0.3875969 0.4573643 0.4496124 0.4573643
