0.04545455 0.03787879 0.03030303 0.02272727 0 0 0 0 0 0 0
0.593985 0.593985 0.6466165 0.593985 0.5714286 0.556391 0.5263158 0.5037594 0.5037594 0.4511278 0.4511278
0.5851852 0.7037037 0.6518519 0.5777778 0.5925926 0.6740741 0.6074074 0.6296296 0.6296296 0.6222222 0.6444444
0.822695 0.8085106 0.893617 0.8510638 0.893617 0.8368794 0.8156028 0.964539 0.8439716 0.7659574 0.8439716
0.5454545 0.5804196 0.5944056 0.5104895 0.5734266 0.5314685 0.4755245 0.5104895 0.4335664 0.4125874 0.4265734
0.2462687 0.3358209 0.2462687 0.2313433 0.2164179 0.1865672 0.1567164 0.1492537 0.1268657 0.1791045 0.2089552
0.8721805 0.8646617 0.8947368 0.887218 0.8947368 0.9022556 0.887218 0.962406 0.9172932 0.887218 0.8721805
0.1353383 0.1278195 0.1578947 0.2180451 0.2857143 0.4210526 0.481203 0.5338346 0.6090226 0.518797 0.5864662
0.3282443 0.2290076 0.1984733 0.2671756 0.2671756 0.2442748 0.3282443 0.3206107 0.3740458 0.4045802 0.3969466
0.6641221 0.648855 0.5954198 0.6030534 0.5114504 0.6259542 0.4274809 0.4427481 0.4198473 0.4274809 0.3969466
0.3880597 0.3656716 0.4328358 0.4925373 0.5223881 0.5149254 0.6268657 0.5074627 0.5746269 0.6119403 0.6492537
0.5259259 0.5925926 0.6666667 0.6666667 0.6962963 0.7777778 0.7777778 0.7333333 0.8296296 0.8888889 0.8518519
0.1510791 0.09352518 0.1151079 0.1366906 0.1510791 0.2086331 0.2589928 0.3381295 0.3669065 0.3669065 0.3741007
0.7372263 0.8321168 0.7810219 0.7664234 0.7372263 0.7883212 0.649635 0.7080292 0.5839416 0.5985401 0.5547445
0.7851852 0.7555556 0.637037 0.7555556 0.6 0.5333333 0.4 0.3407407 0.2518519 0.2370370 0.2296296
0.3722628 0.4306569 0.5109489 0.5182482 0.4890511 0.4160584 0.4744526 0.4744526 0.4379562 0.3868613 0.459854
0.03787879 0.03787879 0.0530303 0.02272727 0.04545455 0.03030303 0.03030303 0.03030303 0.03787879 0.03787879 0.04545455
0.09774436 0.1203008 0.09022556 0.06766917 0.06766917 0.08270677 0.09774436 0.1729323 0.1879699 0.2180451 0.2857143
0.323741 0.2446043 0.381295 0.5395683 0.4820144 0.647482 0.8201439 0.8129496 0.7985612 0.7410072 0.8201439
0.4887218 0.4736842 0.5864662 0.4210526 0.481203 0.593985 0.6165414 0.6541353 0.7368421 0.7593985 0.6691729
0.7518797 0.7669173 0.8045113 0.7744361 0.7669173 0.7443609 0.7293233 0.631579 0.5639098 0.4736842 0.4511278
0.8484848 0.8939394 0.8863636 0.8560606 0.8636364 0.810606 0.7954545 0.7121212 0.8257576 0.6818182 0.7045455
0.4892086 0.4748201 0.4964029 0.5107914 0.5107914 0.5539568 0.5539568 0.5035971 0.5395683 0.4892086 0.4604317
0.902985 0.9253731 0.9253731 0.8208955 0.8208955 0.7686567 0.8134328 0.858209 0.8432836 0.738806 0.858209
0.1439394 0.1060606 0.1363636 0.1439394 0.1439394 0.1742424 0.2348485 0.2651515 0.3181818 0.3712121 0.3636364
0.2442748 0.2977099 0.1755725 0.129771 0.1221374 0.04580153 0.03053435 0.04580153 0.03816794 0.03816794 0.0610687
0.2374101 0.323741 0.2661871 0.2230216 0.4100719 0.4316547 0.5323741 0.4892086 0.5683453 0.6330935 0.5827338
0.7862595 0.7328244 0.6946565 0.5954198 0.5572519 0.3282443 0.1908397 0.1679389 0.1374046 0.1374046 0.1526718
0.8601399 0.979021 0.8811189 0.8881119 0.93007 0.937063 0.8951049 0.8881119 0.8951049 0.8671329 0.8181818
0.1641791 0.1865672 0.2014925 0.2089552 0.1567164 0.1567164 0.1343284 0.1044776 0.1194030 0.1194030 0.1343284
0.129771 0.1145038 0.09923664 0.1526718 0.129771 0.0610687 0.1221374 0.07633588 0.05343511 0.08396947 0.07633588
0.4925373 0.4701493 0.4925373 0.5597015 0.6641791 0.6567164 0.7238806 0.7462687 0.761194 0.7313433 0.858209
0.06015038 0.03759398 0.05263158 0.04511278 0.02255639 0.01503759 0.01503759 0.02255639 0.06015038 0.1578947 0.1203008
0.6993007 0.7482517 0.7412587 0.6433566 0.6083916 0.4405594 0.4475524 0.3426573 0.2307692 0.2377622 0.2167832
0.8091603 0.8091603 0.7480916 0.8931298 0.8244275 0.8167939 0.8625954 0.8931298 0.8549618 0.8549618 0.9007634
0.4402985 0.4029851 0.4328358 0.4477612 0.4477612 0.4701493 0.4402985 0.380597 0.4104478 0.3656716 0.4029851
0.1865672 0.1567164 0.2238806 0.3358209 0.3507463 0.5149254 0.5970149 0.5522388 0.641791 0.6641791 0.7761194
0.6119403 0.6343284 0.6268657 0.5223881 0.3507463 0.2462687 0.1865672 0.1194030 0.06716418 0.03731343 0.04477612
0.2611940 0.3208955 0.2761194 0.2686567 0.2835821 0.2611940 0.2835821 0.3656716 0.3134328 0.3582090 0.3656716
0.1843972 0.1560284 0.1347518 0.1276596 0.1347518 0.1773050 0.1560284 0.2269504 0.2695035 0.1843972 0.2198582
0.93007 0.8461538 0.965035 0.93007 0.8391608 0.8741259 0.923077 0.8881119 0.8951049 0.8671329 0.9020979
0.8195489 0.8270677 0.7593985 0.7894737 0.7518797 0.8345865 0.7142857 0.7218045 0.6992481 0.7368421 0.6541353
0.129771 0.1221374 0.09923664 0.2213740 0.1374046 0.06870229 0.09923664 0.04580153 0.07633588 0.06870229 0.06870229
0.8148148 0.8074074 0.7407407 0.8444444 0.6962963 0.7037037 0.6222222 0.6148148 0.637037 0.6 0.6074074
0.2733813 0.2158273 0.2733813 0.323741 0.2805755 0.352518 0.352518 0.381295 0.4604317 0.4532374 0.4388489
0.4592593 0.4888889 0.4592593 0.5481481 0.6148148 0.6074074 0.6592593 0.7333333 0.762963 0.8074074 0.7555556
0.2089552 0.1716418 0.1865672 0.1567164 0.1343284 0.1791045 0.1567164 0.2164179 0.1716418 0.1567164 0.1343284
0.610687 0.5725191 0.5954198 0.6259542 0.6030534 0.6335878 0.6717557 0.6183206 0.7328244 0.6259542 0.7862595
0.5864662 0.5639098 0.5639098 0.5488722 0.6466165 0.6390977 0.5263158 0.6240602 0.4887218 0.4661654 0.4511278
0.8134328 0.8731343 0.7761194 0.7089552 0.738806 0.7313433 0.6940299 0.6119403 0.6268657 0.5895522 0.5671642
0.3969466 0.3664122 0.4732824 0.4122137 0.5267176 0.5419847 0.6030534 0.5038168 0.610687 0.5801527 0.6335878
0.2 0.1851852 0.2370370 0.1703704 0.2296296 0.2370370 0.3185185 0.3777778 0.3703704 0.3777778 0.4
0.9007634 0.9389313 0.9007634 0.9541985 0.9160305 0.9465649 0.9770992 0.961832 0.9389313 0.8549618 0.9007634
0.8776978 0.9064748 0.9784173 0.9856115 0.9496403 0.8129496 0.8705036 0.8057554 0.8417266 0.8489209 0.733813
0.8134328 0.8134328 0.7761194 0.9104478 0.9179104 0.8134328 0.8208955 0.8208955 0.8731343 0.8880597 0.880597
0.05925926 0.03703704 0.03703704 0.04444444 0.04444444 0.03703704 0.04444444 0.03703704 0.1111111 0.06666667 0.0962963
0.9772727 0.969697 0.9924242 0.9772727 0.9772727 0.8787879 0.8560606 0.780303 0.8257576 0.8484848 0.7121212
0.04895105 0.1048951 0.04895105 0.05594406 0.03496503 0.02797203 0.02797203 0.02797203 0.02097902 0.01398601 0.02097902
0.6268657 0.6791045 0.5597015 0.4701493 0.3731343 0.3507463 0.2761194 0.1791045 0.07462687 0.06716418 0.05970149
0.3664122 0.3587786 0.3511450 0.2748092 0.1908397 0.1908397 0.1603053 0.1526718 0.1374046 0.1450382 0.07633588
0.7313433 0.8432836 0.7985075 0.7686567 0.7835821 0.6567164 0.6044776 0.5895522 0.5298507 0.4626866 0.4253731
0.4850746 0.4029851 0.3880597 0.380597 0.3358209 0.3656716 0.380597 0.4029851 0.4402985 0.4477612 0.4402985
0.6183206 0.6412214 0.480916 0.3206107 0.259542 0.1832061 0.09923664 0.07633588 0.04580153 0.0610687 0.0610687
0.3453237 0.3884892 0.4748201 0.4460432 0.4388489 0.4892086 0.5683453 0.5611511 0.5251799 0.4676259 0.5107914
0.4924242 0.4772727 0.4545455 0.4166667 0.4318182 0.3939394 0.2651515 0.2878788 0.2954545 0.2196970 0.2727273
0.05925926 0.02962963 0.03703704 0.03703704 0.04444444 0.05185185 0.1037037 0.1481481 0.1703704 0.2666667 0.2740741
0.7819549 0.7518797 0.8045113 0.7819549 0.8195489 0.8345865 0.849624 0.8421053 0.9097744 0.887218 0.8721805
0.4244604 0.4460432 0.3453237 0.3956835 0.352518 0.4676259 0.4532374 0.4244604 0.4604317 0.4244604 0.4244604
0.9148936 0.7943262 0.8794326 0.964539 0.929078 0.8794326 0.9432624 0.929078 0.9007092 0.822695 0.8439716
0.9477612 0.8283582 0.8208955 0.9253731 0.8507463 0.8134328 0.761194 0.7164179 0.6865672 0.6268657 0.5671642
0.6592593 0.6148148 0.5925926 0.5185185 0.4888889 0.5259259 0.4666667 0.4518519 0.4962963 0.5037037 0.562963
0.1679389 0.1374046 0.2137405 0.2366412 0.2137405 0.2519084 0.3282443 0.3587786 0.3587786 0.4045802 0.4122137
0.6861314 0.7007299 0.6934307 0.5985401 0.5766423 0.6131387 0.5036496 0.5036496 0.459854 0.4963504 0.459854
0.9402985 0.9253731 0.9253731 0.880597 0.902985 0.8432836 0.8507463 0.9179104 0.8059701 0.7985075 0.7313433
0.2481752 0.2189781 0.1824818 0.2554745 0.3649635 0.270073 0.2773723 0.270073 0.3211679 0.3138686 0.3503650
0.5744681 0.6170213 0.5673759 0.5815603 0.5957447 0.5319149 0.6595745 0.6524823 0.6170213 0.6170213 0.5886525
0.7910448 0.8731343 0.9253731 0.8358209 0.9179104 0.8283582 0.8134328 0.9179104 0.9179104 0.7910448 0.858209
0.972028 0.979021 0.965035 0.937063 0.937063 0.9090909 0.979021 0.8881119 0.8391608 0.8671329 0.8181818
0.6934307 0.6934307 0.6934307 0.729927 0.7226277 0.7810219 0.8029197 0.7445255 0.8321168 0.8029197 0.8248175
0.2121212 0.2348485 0.3106061 0.3106061 0.3939394 0.4393939 0.5757576 0.5833333 0.6590909 0.7424242 0.7121212
0.7293233 0.593985 0.7368421 0.7819549 0.8421053 0.9022556 0.849624 0.8947368 0.9097744 0.887218 0.8721805
0.07462687 0.08955224 0.1119403 0.1268657 0.1865672 0.2611940 0.4179104 0.4850746 0.5373134 0.5298507 0.5820896
0.8156028 0.7588652 0.7588652 0.7375887 0.751773 0.7588652 0.7446809 0.7375887 0.7730496 0.7659574 0.6595745
0.5373134 0.5970149 0.5597015 0.6044776 0.619403 0.6865672 0.7537313 0.619403 0.6865672 0.7238806 0.7462687
0.4772727 0.4621212 0.4242424 0.5 0.5075758 0.5075758 0.5606061 0.5909091 0.6363636 0.6060606 0.6060606
0.6119403 0.6940299 0.5746269 0.619403 0.5074627 0.4701493 0.380597 0.2985075 0.3208955 0.2611940 0.1865672
0.3030303 0.3106061 0.3257576 0.2272727 0.2424242 0.3030303 0.2651515 0.2651515 0.2424242 0.2651515 0.2727273
0.4850746 0.4850746 0.5447761 0.5597015 0.619403 0.6492537 0.641791 0.641791 0.6865672 0.7014925 0.6865672
0.6240602 0.5639098 0.5413534 0.5864662 0.4962406 0.4360902 0.3533835 0.3082707 0.2932331 0.3157895 0.3458647
0 0 0 0 0.02238806 0.02238806 0.02238806 0.07462687 0.06716418 0.07462687 0.1119403
0.2748092 0.3053435 0.2748092 0.1526718 0.1221374 0.06870229 0.03816794 0.07633588 0.08396947 0.08396947 0.07633588
0.962963 0.962963 0.9851852 0.962963 0.9555556 0.9703704 0.9111111 0.9407407 0.9703704 0.8074074 0.8518519
0.06015038 0.03007519 0.06766917 0.06766917 0.1353383 0.1278195 0.2781955 0.3157895 0.2706767 0.3157895 0.3609023
0.689394 0.6136364 0.6136364 0.5757576 0.6060606 0.5151515 0.5984848 0.5681818 0.5378788 0.5530303 0.5075758
0.8358209 0.8208955 0.8507463 0.9477612 0.9402985 0.8507463 0.902985 0.8134328 0.8731343 0.8880597 0.880597
0.1985816 0.1560284 0.2127660 0.2340426 0.2553191 0.4468085 0.4680851 0.4822695 0.6099291 0.5744681 0.6524823
0.4701493 0.4104478 0.4850746 0.3731343 0.4402985 0.2462687 0.2761194 0.2686567 0.2164179 0.2089552 0.2014925
0.5984848 0.6363636 0.6136364 0.6136364 0.6969697 0.6515152 0.7424242 0.810606 0.780303 0.7121212 0.7121212
0.8297872 0.8368794 0.8510638 0.8439716 0.822695 0.9219858 0.858156 0.964539 0.8439716 0.822695 0.8439716
0.1194030 0.08955224 0.1119403 0.1119403 0.1194030 0.1865672 0.1940299 0.2388060 0.2985075 0.2313433 0.2985075
0.8368794 0.8368794 0.9078014 0.8439716 0.8865248 0.893617 0.9432624 0.929078 0.9007092 0.822695 0.8439716
0.4244604 0.4460432 0.381295 0.4388489 0.3884892 0.4676259 0.4244604 0.4316547 0.3669065 0.352518 0.2805755
0.589928 0.589928 0.5395683 0.4460432 0.4748201 0.4676259 0.5179856 0.4244604 0.4028777 0.3884892 0.4172662
0.5343511 0.5648855 0.5114504 0.5496183 0.4656489 0.5038168 0.3969466 0.3435115 0.3740458 0.3206107 0.3358779
0.5912409 0.7226277 0.6423358 0.649635 0.6715328 0.5328467 0.5328467 0.5255474 0.5036496 0.4963504 0.5985401
0.2366412 0.1755725 0.2137405 0.2442748 0.2671756 0.2900763 0.4045802 0.3969466 0.4122137 0.4885496 0.5114504
0.7709924 0.7022901 0.7557252 0.6717557 0.7557252 0.5954198 0.6641221 0.7175573 0.7328244 0.7328244 0.6946565
0.5179856 0.5035971 0.5755396 0.5611511 0.647482 0.618705 0.618705 0.5755396 0.5251799 0.4676259 0.4892086
0.2803030 0.3030303 0.3106061 0.3257576 0.3863636 0.3712121 0.3484848 0.3560606 0.2651515 0.2272727 0.2424242
0.3030303 0.3863636 0.2954545 0.3257576 0.3333333 0.3863636 0.4393939 0.5151515 0.5378788 0.6060606 0.5833333
0.8666667 0.837037 0.8518519 0.9185185 0.8888889 0.8592593 0.8148148 0.8518519 0.7259259 0.762963 0.7851852
0.0530303 0.03030303 0.02272727 0.02272727 0.03787879 0.01515152 0.02272727 0.03787879 0.03787879 0.02272727 0.03030303
0.4328358 0.4104478 0.4701493 0.4104478 0.4328358 0.4925373 0.4552239 0.4552239 0.4328358 0.3358209 0.3656716
0.3357664 0.3503650 0.4452555 0.459854 0.5036496 0.5036496 0.5036496 0.5693431 0.5547445 0.5620438 0.5766423
0.03703704 0.02962963 0.02222222 0.03703704 0.08148148 0.06666667 0.1037037 0.1481481 0.2296296 0.2222222 0.2222222
0.4924242 0.4545455 0.4242424 0.4318182 0.4772727 0.4393939 0.4393939 0.3636364 0.4545455 0.3257576 0.3636364
0.3208955 0.2835821 0.2985075 0.3059701 0.2761194 0.2388060 0.3208955 0.3656716 0.4328358 0.4626866 0.5373134
0.8721805 0.7819549 0.8045113 0.7744361 0.7142857 0.7518797 0.6992481 0.7218045 0.6541353 0.6165414 0.5864662
0.05185185 0.02962963 0.03703704 0.05185185 0.08148148 0.05925926 0.1851852 0.1851852 0.2518519 0.2444444 0.2370370
0.962963 0.9407407 0.9555556 0.962963 0.9925926 0.9703704 0.9703704 0.9407407 0.9703704 0.8888889 0.8518519
0.9160305 0.9236641 0.9465649 0.9847328 0.9160305 0.9923664 0.9770992 0.961832 0.9389313 0.8549618 0.9007634
0.9270073 0.970803 0.9416058 0.9562044 0.9124088 0.970803 0.8832117 0.8686131 0.9343066 0.8978102 0.8248175
0.08955224 0.1194030 0.1044776 0.1268657 0.1044776 0.1492537 0.1044776 0.1417910 0.1417910 0.2164179 0.2910448
0.5895522 0.5820896 0.5522388 0.5895522 0.5 0.4328358 0.3059701 0.2537313 0.1865672 0.1865672 0.1268657
0.2482270 0.2695035 0.1347518 0.09929078 0.06382979 0.03546099 0.02836879 0.02127660 0.007092199 0.007092199 0.007092199
0.2296296 0.1777778 0.2370370 0.2666667 0.2592593 0.2666667 0.3925926 0.437037 0.4592593 0.4888889 0.5259259
0.7575758 0.8939394 0.8863636 0.7878788 0.7575758 0.7878788 0.780303 0.75 0.7045455 0.6590909 0.7121212
0.4963504 0.5474453 0.4452555 0.3649635 0.4671533 0.2335766 0.2116788 0.1751825 0.1313869 0.1532847 0.1240876
0.5594406 0.5314685 0.5944056 0.6223776 0.6783217 0.7132867 0.7552448 0.7412587 0.7972028 0.7482517 0.9020979
0.3863636 0.3787879 0.3106061 0.4242424 0.4545455 0.4469697 0.4318182 0.3409091 0.3863636 0.3030303 0.2272727
0.1578947 0.1879699 0.09774436 0.06766917 0.06766917 0.05263158 0.04511278 0.03007519 0.04511278 0.03007519 0.02255639
0.3007519 0.2556391 0.2406015 0.3458647 0.3533835 0.3533835 0.481203 0.5338346 0.4661654 0.4736842 0.4661654
0.02985075 0.007462687 0.02985075 0.03731343 0.01492537 0.02238806 0.02985075 0.04477612 0.05223881 0.07462687 0.06716418
0.3656716 0.4029851 0.3582090 0.3731343 0.3283582 0.2611940 0.2761194 0.2462687 0.1641791 0.1343284 0.1268657
0.5447761 0.5074627 0.5223881 0.4776119 0.5149254 0.6567164 0.6343284 0.5820896 0.6865672 0.5820896 0.619403
0.05109489 0.06569343 0.05109489 0.1094891 0.1751825 0.1970803 0.2043796 0.2846715 0.2919708 0.3211679 0.3503650
0.2587413 0.2167832 0.1748252 0.1188811 0.07692308 0.1468531 0.06993007 0.05594406 0.1188811 0.1118881 0.0909091
0.887218 0.9097744 0.9022556 0.9172932 0.887218 0.924812 0.9323308 0.8947368 0.9172932 0.887218 0.8721805
0.5766423 0.620438 0.5474453 0.4671533 0.3941606 0.3649635 0.2043796 0.2043796 0.1167883 0.1532847 0.1167883
0.9925926 0.9407407 0.9851852 0.9481481 0.9777778 0.9185185 0.8148148 0.9111111 0.8296296 0.7333333 0.6888889
0.04964539 0.08510638 0.1418440 0.1773050 0.1489362 0.3191489 0.3617021 0.4184397 0.4964539 0.4893617 0.5602837
0.8015267 0.8549618 0.7557252 0.7862595 0.7862595 0.8091603 0.870229 0.8931298 0.8091603 0.7709924 0.6946565
0.9927007 1 0.9927007 0.970803 0.9781022 0.970803 0.8832117 0.8686131 0.9343066 0.8978102 0.8248175
0.3939394 0.3939394 0.3939394 0.3257576 0.2954545 0.2121212 0.1818182 0.1590909 0.2196970 0.1969697 0.1742424
0.1526718 0.1526718 0.1374046 0.2213740 0.1908397 0.1908397 0.1679389 0.2290076 0.2061069 0.2061069 0.2442748
0.6969697 0.780303 0.719697 0.7954545 0.8409091 0.7878788 0.7651515 0.8636364 0.8333333 0.8484848 0.8257576
0.7153285 0.7153285 0.7518248 0.6788321 0.6715328 0.7810219 0.7883212 0.7445255 0.7810219 0.7810219 0.8248175
0.7593985 0.7518797 0.7894737 0.7443609 0.6766917 0.6766917 0.5263158 0.4285714 0.3834586 0.3157895 0.3157895
0.4890511 0.459854 0.4671533 0.5839416 0.6715328 0.6934307 0.7445255 0.7445255 0.8321168 0.8978102 0.8248175
0.6978417 0.7194245 0.7122302 0.7553957 0.8273381 0.8129496 0.9064748 0.8561151 0.9280576 0.8489209 0.8201439
0.6119403 0.6343284 0.5970149 0.5597015 0.5149254 0.4402985 0.3059701 0.2537313 0.1567164 0.1567164 0.1119403
