0.424 0.448 0.466 0.502 0.586 0.686 0.68 0.738 0.78 0.768 0.786
0.08 0.094 0.116 0.094 0.11 0.12 0.144 0.138 0.146 0.148 0.112
0.12 0.116 0.124 0.11 0.122 0.124 0.102 0.07 0.06 0.072 0.034
0.028 0.036 0.034 0.038 0.02 0.006 0.014 0.01 0.01 0.012 0.002
0.11 0.118 0.126 0.14 0.184 0.158 0.154 0.174 0.146 0.154 0.166
0.278 0.33 0.304 0.31 0.306 0.302 0.312 0.334 0.356 0.3 0.278
0.02 0.016 0.02 0.016 0.002 0.012 0.008 0.01 0.002 0.002 0.004
0.452 0.362 0.344 0.3 0.216 0.182 0.168 0.134 0.106 0.062 0.042
0.35 0.288 0.352 0.268 0.236 0.248 0.166 0.116 0.092 0.112 0.076
0.062 0.06 0.072 0.08 0.062 0.076 0.054 0.064 0.088 0.072 0.044
0.182 0.162 0.138 0.112 0.088 0.08 0.054 0.034 0.022 0.026 0.018
0.192 0.146 0.094 0.1 0.068 0.042 0.042 0.026 0.012 0.008 0.004
0.428 0.39 0.344 0.314 0.328 0.286 0.224 0.208 0.186 0.118 0.126
0.058 0.054 0.036 0.038 0.034 0.034 0.058 0.042 0.044 0.028 0.038
0.076 0.046 0.106 0.082 0.098 0.132 0.17 0.218 0.292 0.314 0.356
0.274 0.278 0.224 0.24 0.222 0.162 0.176 0.132 0.122 0.122 0.136
0.446 0.442 0.432 0.416 0.47 0.46 0.46 0.486 0.45 0.422 0.422
0.304 0.37 0.41 0.394 0.424 0.408 0.374 0.322 0.336 0.334 0.28
0.22 0.136 0.17 0.146 0.112 0.05 0.058 0.026 0.012 0.02 0.012
0.146 0.164 0.142 0.136 0.126 0.114 0.086 0.062 0.02 0.022 0.014
0.054 0.094 0.064 0.088 0.08 0.082 0.104 0.098 0.092 0.124 0.134
0.022 0.024 0.018 0.03 0.04 0.044 0.046 0.028 0.028 0.024 0.014
0.144 0.132 0.14 0.13 0.11 0.112 0.114 0.074 0.07 0.072 0.058
0.024 0.032 0.024 0.026 0.026 0.03 0.022 0.016 0.004 0.006 0.002
0.21 0.218 0.232 0.228 0.216 0.224 0.184 0.184 0.13 0.112 0.116
0.172 0.196 0.17 0.24 0.28 0.342 0.398 0.44 0.476 0.47 0.426
0.266 0.27 0.206 0.212 0.18 0.158 0.144 0.084 0.052 0.032 0.026
0.036 0.04 0.052 0.074 0.106 0.148 0.218 0.25 0.302 0.31 0.352
0.016 0.024 0.014 0.032 0.02 0.018 0.012 0.002 0.006 0.004 0
0.298 0.294 0.238 0.27 0.286 0.326 0.288 0.332 0.366 0.336 0.304
0.376 0.398 0.358 0.436 0.422 0.424 0.492 0.494 0.518 0.532 0.54
0.23 0.164 0.174 0.102 0.106 0.06 0.04 0.026 0.024 0.006 0.006
0.472 0.534 0.594 0.63 0.674 0.68 0.67 0.634 0.608 0.57 0.602
0.042 0.078 0.106 0.098 0.146 0.134 0.172 0.24 0.304 0.296 0.32
0.036 0.022 0.038 0.026 0.04 0.022 0.018 0.014 0.01 0.002 0.002
0.18 0.178 0.194 0.172 0.174 0.15 0.13 0.166 0.14 0.144 0.186
0.32 0.298 0.246 0.206 0.152 0.116 0.08 0.04 0.03 0.008 0.01
0.066 0.07 0.112 0.154 0.172 0.252 0.364 0.472 0.502 0.546 0.532
0.26 0.284 0.256 0.194 0.24 0.204 0.206 0.242 0.196 0.162 0.132
0.222 0.22 0.232 0.25 0.264 0.286 0.258 0.206 0.22 0.17 0.154
0.026 0.01 0.026 0.026 0.02 0.02 0.012 0.006 0.008 0 0
0.014 0.024 0.028 0.012 0.02 0.02 0.016 0.026 0.01 0.014 0.014
0.166 0.206 0.2 0.218 0.24 0.256 0.29 0.308 0.292 0.338 0.298
0.034 0.026 0.038 0.022 0.054 0.042 0.054 0.062 0.044 0.048 0.034
0.332 0.288 0.31 0.318 0.316 0.326 0.3 0.28 0.232 0.222 0.212
0.152 0.138 0.088 0.09 0.058 0.064 0.036 0.01 0.008 0.014 0.002
0.338 0.374 0.356 0.374 0.378 0.39 0.42 0.434 0.418 0.464 0.424
0.126 0.092 0.108 0.104 0.12 0.084 0.084 0.05 0.03 0.036 0.012
0.074 0.066 0.104 0.1 0.102 0.08 0.096 0.078 0.082 0.1 0.108
0.028 0.038 0.04 0.046 0.048 0.048 0.06 0.062 0.052 0.06 0.08
0.256 0.212 0.168 0.182 0.164 0.152 0.146 0.134 0.116 0.076 0.078
0.318 0.308 0.254 0.262 0.196 0.202 0.23 0.176 0.192 0.134 0.138
0.006 0.024 0.018 0.02 0.01 0.014 0.006 0.004 0 0 0.002
0.008 0.014 0.024 0.01 0.022 0.014 0.02 0.008 0.002 0.006 0.004
0.044 0.046 0.05 0.05 0.026 0.024 0.022 0.014 0.024 0.012 0.008
0.51 0.472 0.516 0.518 0.436 0.474 0.49 0.5 0.466 0.478 0.448
0 0.006 0.008 0.006 0.008 0.018 0.016 0.018 0.016 0.012 0.01
0.276 0.28 0.32 0.286 0.368 0.38 0.396 0.476 0.492 0.484 0.582
0.092 0.096 0.15 0.114 0.14 0.174 0.202 0.246 0.308 0.308 0.398
0.228 0.268 0.288 0.282 0.338 0.39 0.348 0.396 0.384 0.436 0.496
0.05 0.066 0.07 0.068 0.06 0.064 0.058 0.106 0.124 0.102 0.124
0.202 0.204 0.25 0.238 0.208 0.252 0.198 0.154 0.118 0.102 0.092
0.154 0.154 0.188 0.244 0.274 0.322 0.366 0.454 0.472 0.548 0.598
0.172 0.162 0.134 0.136 0.1 0.09 0.056 0.054 0.036 0.018 0.016
0.1 0.138 0.142 0.172 0.208 0.208 0.232 0.238 0.228 0.19 0.182
0.422 0.418 0.444 0.408 0.34 0.344 0.26 0.268 0.168 0.172 0.14
0.05 0.048 0.038 0.032 0.038 0.028 0.016 0.02 0.014 0.004 0
0.22 0.21 0.22 0.192 0.184 0.188 0.17 0.14 0.164 0.18 0.144
0.034 0.02 0.018 0.01 0.008 0.006 0.004 0.006 0 0 0
0.044 0.026 0.028 0.03 0.04 0.02 0.028 0.068 0.056 0.052 0.07
0.1 0.098 0.088 0.088 0.098 0.12 0.066 0.088 0.096 0.086 0.082
0.274 0.298 0.268 0.262 0.262 0.234 0.23 0.242 0.216 0.214 0.202
0.038 0.056 0.044 0.078 0.076 0.09 0.122 0.126 0.134 0.1 0.106
0.018 0.018 0.006 0.02 0.012 0.006 0.02 0.01 0.01 0.002 0.008
0.348 0.376 0.346 0.316 0.276 0.304 0.304 0.288 0.276 0.262 0.248
0.146 0.166 0.15 0.148 0.09 0.088 0.074 0.052 0.038 0.03 0.026
0.03 0.024 0.022 0.026 0.016 0.022 0.022 0.01 0.014 0.008 0.002
0.012 0.014 0.01 0.008 0.014 0.016 0.012 0.014 0.006 0.016 0.006
0.128 0.066 0.08 0.072 0.054 0.04 0.06 0.026 0.016 0.006 0.006
0.35 0.294 0.27 0.236 0.156 0.112 0.088 0.048 0.038 0.02 0.012
0.094 0.086 0.076 0.042 0.03 0.03 0.014 0.006 0.01 0 0.004
0.312 0.278 0.286 0.236 0.234 0.196 0.148 0.126 0.066 0.068 0.03
0.054 0.046 0.034 0.034 0.048 0.038 0.038 0.032 0.026 0.018 0.016
0.248 0.234 0.196 0.144 0.13 0.102 0.078 0.04 0.032 0.036 0.012
0.186 0.202 0.204 0.166 0.134 0.13 0.114 0.064 0.054 0.044 0.038
0.1 0.136 0.128 0.134 0.142 0.14 0.194 0.256 0.264 0.292 0.366
0.23 0.252 0.27 0.29 0.302 0.302 0.34 0.272 0.32 0.302 0.232
0.152 0.146 0.12 0.114 0.112 0.066 0.034 0.036 0.026 0.014 0.018
0.078 0.086 0.104 0.13 0.11 0.172 0.184 0.16 0.182 0.192 0.172
0.726 0.666 0.668 0.612 0.534 0.486 0.484 0.48 0.456 0.414 0.402
0.238 0.254 0.306 0.38 0.444 0.436 0.48 0.564 0.538 0.526 0.564
0.012 0.006 0.004 0.004 0.006 0.006 0.018 0.006 0.006 0.002 0.002
0.466 0.432 0.414 0.34 0.316 0.294 0.296 0.228 0.216 0.204 0.208
0.062 0.052 0.066 0.068 0.056 0.058 0.052 0.052 0.032 0.036 0.024
0.024 0.014 0.03 0.014 0.01 0.006 0.01 0.004 0.002 0 0.002
0.342 0.304 0.238 0.212 0.128 0.092 0.11 0.068 0.03 0.036 0.012
0.112 0.126 0.17 0.152 0.142 0.152 0.176 0.148 0.128 0.116 0.098
0.08 0.122 0.098 0.096 0.072 0.07 0.032 0.022 0.018 0.01 0.006
0.032 0.018 0.03 0.032 0.028 0.016 0.018 0.004 0.002 0 0
0.432 0.35 0.406 0.342 0.34 0.31 0.322 0.282 0.24 0.264 0.244
0.082 0.086 0.054 0.054 0.044 0.052 0.042 0.042 0.026 0.01 0.006
0.214 0.25 0.158 0.162 0.178 0.134 0.134 0.14 0.14 0.162 0.154
0.164 0.142 0.168 0.164 0.214 0.16 0.152 0.156 0.202 0.186 0.22
0.242 0.25 0.208 0.196 0.21 0.186 0.182 0.186 0.198 0.23 0.2
0.064 0.064 0.064 0.062 0.09 0.116 0.12 0.082 0.096 0.074 0.054
0.268 0.244 0.202 0.198 0.198 0.176 0.178 0.174 0.172 0.126 0.132
0.108 0.112 0.1 0.092 0.102 0.082 0.08 0.1 0.058 0.044 0.08
0.096 0.086 0.13 0.072 0.084 0.07 0.056 0.04 0.056 0.046 0.062
0.206 0.16 0.134 0.142 0.146 0.114 0.102 0.132 0.112 0.148 0.156
0.23 0.256 0.208 0.252 0.216 0.198 0.126 0.126 0.11 0.078 0.054
0.036 0.05 0.024 0.036 0.026 0.03 0.028 0.014 0.016 0.012 0.006
0.502 0.506 0.53 0.566 0.552 0.6 0.608 0.552 0.582 0.51 0.504
0.202 0.186 0.166 0.17 0.156 0.134 0.114 0.11 0.128 0.1 0.146
0.294 0.288 0.29 0.234 0.19 0.2 0.16 0.12 0.102 0.058 0.06
0.496 0.438 0.412 0.402 0.38 0.354 0.338 0.29 0.272 0.26 0.204
0.22 0.242 0.232 0.258 0.288 0.332 0.316 0.284 0.306 0.314 0.272
0.288 0.266 0.27 0.248 0.234 0.184 0.142 0.098 0.068 0.07 0.05
0.056 0.04 0.058 0.072 0.07 0.086 0.088 0.072 0.062 0.054 0.04
0.426 0.416 0.354 0.33 0.308 0.26 0.244 0.202 0.194 0.21 0.2
0.022 0.016 0.018 0.014 0.018 0.006 0.008 0.002 0.004 0.002 0
0.018 0.01 0.012 0.008 0.01 0.008 0.002 0.002 0.004 0 0
0.042 0.024 0.022 0.024 0.02 0.01 0.01 0.004 0 0.008 0
0.492 0.478 0.4 0.376 0.326 0.292 0.33 0.274 0.24 0.222 0.21
0.256 0.258 0.252 0.31 0.254 0.306 0.376 0.432 0.502 0.482 0.518
0.294 0.286 0.362 0.374 0.482 0.512 0.536 0.616 0.65 0.692 0.684
0.322 0.316 0.276 0.258 0.236 0.218 0.174 0.148 0.112 0.096 0.094
0.026 0.034 0.03 0.032 0.05 0.026 0.024 0.016 0.016 0.004 0.002
0.15 0.192 0.248 0.254 0.26 0.322 0.34 0.412 0.452 0.478 0.508
0.142 0.158 0.098 0.104 0.064 0.074 0.046 0.02 0.01 0.008 0.002
0.388 0.302 0.256 0.256 0.252 0.238 0.242 0.218 0.234 0.24 0.234
0.398 0.41 0.406 0.446 0.484 0.49 0.552 0.568 0.636 0.626 0.65
0.222 0.234 0.21 0.174 0.142 0.12 0.126 0.082 0.05 0.056 0.036
0.558 0.57 0.558 0.522 0.56 0.566 0.526 0.56 0.564 0.508 0.494
0.16 0.154 0.186 0.198 0.25 0.304 0.308 0.382 0.41 0.426 0.434
0.176 0.11 0.116 0.116 0.134 0.064 0.08 0.06 0.036 0.02 0.03
0.412 0.378 0.324 0.296 0.228 0.242 0.19 0.174 0.104 0.124 0.072
0.24 0.306 0.29 0.296 0.388 0.374 0.412 0.384 0.428 0.436 0.412
0.018 0.02 0.02 0.022 0.022 0.014 0.004 0.008 0.01 0.008 0
0.126 0.122 0.132 0.142 0.2 0.206 0.278 0.298 0.362 0.34 0.402
0.004 0.008 0.006 0.008 0.008 0.012 0.012 0.006 0.006 0.02 0.012
0.43 0.41 0.372 0.324 0.296 0.238 0.224 0.228 0.23 0.236 0.23
0.05 0.046 0.058 0.056 0.036 0.042 0.04 0.036 0.02 0.014 0.038
0.002 0.004 0.004 0 0.002 0.002 0 0.002 0.002 0.002 0.002
0.178 0.172 0.18 0.178 0.218 0.262 0.266 0.296 0.274 0.314 0.262
0.25 0.306 0.27 0.268 0.284 0.332 0.304 0.3 0.31 0.324 0.324
0.04 0.016 0.012 0.018 0.012 0.04 0.016 0.008 0.002 0.004 0.004
0.078 0.11 0.074 0.074 0.06 0.036 0.03 0.022 0.018 0.01 0.016
0.052 0.064 0.058 0.052 0.086 0.106 0.142 0.192 0.222 0.274 0.294
0.1 0.092 0.054 0.048 0.034 0.022 0.008 0.014 0.006 0 0
0.098 0.098 0.056 0.058 0.028 0.024 0.01 0.01 0.01 0.004 0
0.074 0.086 0.078 0.106 0.15 0.188 0.24 0.338 0.364 0.434 0.458
