0.6 0.5923077 0.5461538 0.5461538 0.4923077 0.4615385 0.5615385 0.5461538 0.5923077 0.5769231 0.5384615
0.3576642 0.3503650 0.3722628 0.3795620 0.4525547 0.4525547 0.5036496 0.6277372 0.5766423 0.6642336 0.7080292
0.5769231 0.5769231 0.6923077 0.7384615 0.7461538 0.7384615 0.7307692 0.7076923 0.6307692 0.6538462 0.6615385
0.6766917 0.6390977 0.5864662 0.4887218 0.4661654 0.443609 0.5037594 0.5112782 0.5639098 0.4962406 0.4586466
0.1954887 0.1052632 0.04511278 0.04511278 0.04511278 0.04511278 0.04511278 0.04511278 0.03759398 0.02255639 0.02255639
0.9507042 0.9859155 1 0.9788732 0.9366197 0.9647887 0.9366197 0.9577465 0.9577465 0.971831 0.8802817
0.2330827 0.2481203 0.2330827 0.2105263 0.2105263 0.2030075 0.1954887 0.1879699 0.1804511 0.1954887 0.1804511
0.1094891 0.2043796 0.2408759 0.2335766 0.2335766 0.2481752 0.2262774 0.2627737 0.2408759 0.1897810 0.2043796
0.647482 0.7122302 0.76259 0.7553957 0.7697842 0.7697842 0.7482014 0.7553957 0.7841727 0.7769784 0.7697842
0.3458647 0.3759398 0.3984962 0.4285714 0.5037594 0.5338346 0.5789474 0.556391 0.5864662 0.7067669 0.7067669
0.4525547 0.4379562 0.5182482 0.6569343 0.5985401 0.5985401 0.620438 0.5839416 0.4744526 0.4671533 0.4890511
0.01492537 0.08208955 0.1343284 0.1865672 0.2164179 0.1940299 0.1716418 0.1343284 0.1417910 0.1716418 0.1791045
0.4890511 0.5109489 0.6131387 0.7518248 0.7518248 0.7372263 0.6569343 0.6350365 0.5912409 0.6569343 0.6131387
0.6842105 0.631579 0.5037594 0.3984962 0.3458647 0.3909774 0.406015 0.518797 0.6090226 0.5864662 0.5714286
0.3576642 0.3576642 0.3649635 0.3868613 0.4087591 0.3795620 0.3576642 0.3576642 0.3503650 0.3576642 0.3649635
0.08955224 0.03731343 0.04477612 0.05970149 0.02985075 0.02985075 0.02985075 0.06716418 0.05223881 0.02238806 0.01492537
0.1654676 0.1942446 0.1798561 0.1726619 0.2014388 0.2086331 0.2158273 0.2014388 0.1942446 0.1510791 0.1510791
0.459854 0.3941606 0.3649635 0.3576642 0.3503650 0.3357664 0.3576642 0.3576642 0.4087591 0.4890511 0.4744526
0.6131387 0.5985401 0.4817518 0.4671533 0.4306569 0.4379562 0.4890511 0.4963504 0.5547445 0.5328467 0.4890511
0.810219 0.7372263 0.7445255 0.6861314 0.6642336 0.7080292 0.7737226 0.7883212 0.919708 0.7737226 0.9635036
0.7746479 0.7957746 0.8098592 0.8028169 0.8450704 0.8169014 0.8521127 0.8661972 0.8732394 0.7887324 0.9366197
0.4172662 0.4604317 0.4100719 0.4460432 0.4604317 0.4892086 0.4316547 0.4892086 0.4748201 0.5395683 0.5107914
0.2932331 0.2706767 0.2180451 0.2255639 0.2180451 0.2180451 0.2406015 0.2105263 0.2330827 0.2481203 0.2255639
0.9124088 0.8759124 0.8613139 0.8467153 0.9343066 0.9416058 0.7737226 0.8467153 0.7810219 0.9416058 0.9124088
0.2761194 0.2686567 0.2835821 0.2611940 0.2388060 0.2462687 0.1940299 0.2014925 0.2462687 0.2014925 0.1940299
0.2692308 0.3153846 0.3384615 0.3538462 0.3769231 0.6076923 0.5 0.6230769 0.6692308 0.6461538 0.6538462
0.6690647 0.6402878 0.5611511 0.4460432 0.3956835 0.3669065 0.352518 0.3453237 0.3669065 0.3669065 0.3669065
0.9 0.9 0.923077 0.8538462 0.8692308 0.923077 0.9384615 0.9307692 0.9384615 0.9307692 0.9
0.1923077 0.1461538 0.1538462 0.1615385 0.1692308 0.1846154 0.1769231 0.1769231 0.1846154 0.1538462 0.1615385
0.380597 0.4850746 0.5074627 0.5895522 0.5522388 0.7089552 0.5149254 0.5149254 0.6567164 0.6641791 0.7089552
0.05839416 0.0729927 0.09489051 0.06569343 0.1021898 0.1167883 0.1386861 0.1094891 0.08029197 0.08029197 0.08029197
0.6842105 0.6541353 0.631579 0.5864662 0.5413534 0.5338346 0.4962406 0.5338346 0.6015038 0.5714286 0.5864662
0.7846154 0.8692308 0.8692308 0.8692308 0.876923 0.823077 0.7692308 0.7692308 0.776923 0.823077 0.8153846
0.5839416 0.5912409 0.5109489 0.4087591 0.3503650 0.3503650 0.3430657 0.3722628 0.4306569 0.4014599 0.4087591
0.3153846 0.3307692 0.3461538 0.3615385 0.4 0.4461538 0.4384615 0.5076923 0.3538462 0.3769231 0.3769231
0.3007519 0.1879699 0.1353383 0.04511278 0.04511278 0.04511278 0.07518797 0.2255639 0.2030075 0.1954887 0.1879699
0.1824818 0.2189781 0.1605839 0.1678832 0.1532847 0.1824818 0.1751825 0.1824818 0.2189781 0.1970803 0.2116788
0.1940299 0.1417910 0.07462687 0.08208955 0.05223881 0.08208955 0.08955224 0.1268657 0.1417910 0.1119403 0.1268657
0.9548872 0.887218 0.8421053 0.8045113 0.8195489 0.7894737 0.8571429 0.8571429 0.8045113 0.7894737 0.7819549
0.7553957 0.6978417 0.6546763 0.6330935 0.6258993 0.5467626 0.5683453 0.5467626 0.5395683 0.5035971 0.5755396
0.7664234 0.7956204 0.7810219 0.7591241 0.7591241 0.7445255 0.7956204 0.7956204 0.839416 0.7664234 0.7372263
0.1578947 0.2030075 0.1879699 0.2180451 0.2180451 0.1954887 0.2030075 0.1729323 0.1879699 0.2030075 0.1954887
0.8571429 0.8721805 0.8721805 0.8421053 0.9022556 0.9699248 0.9097744 0.8571429 0.8195489 0.9097744 0.8796992
0.6267606 0.6901408 0.7605634 0.8098592 0.8450704 0.8309859 0.887324 0.8098592 0.8661972 0.8098592 0.8098592
0.5109489 0.4452555 0.4087591 0.3795620 0.3649635 0.3649635 0.3576642 0.3430657 0.3649635 0.3576642 0.3430657
0.5263158 0.4962406 0.4586466 0.5864662 0.6165414 0.5112782 0.5488722 0.5789474 0.5338346 0.5639098 0.4887218
0.7293233 0.7443609 0.7669173 0.7067669 0.7142857 0.7067669 0.6992481 0.6466165 0.7368421 0.5864662 0.6917293
0.7737226 0.7372263 0.6934307 0.6423358 0.6642336 0.6423358 0.6058394 0.6642336 0.6861314 0.6350365 0.6642336
1 0.9927007 0.970803 0.9416058 0.9854015 0.9635036 0.9635036 0.9562044 0.9927007 0.9854015 1
0.1751825 0.1824818 0.2408759 0.2846715 0.3065693 0.3065693 0.3065693 0.3138686 0.3211679 0.3065693 0.2773723
0.01492537 0.04477612 0.08208955 0.1044776 0.1119403 0.1417910 0.1268657 0.1641791 0.1492537 0.1194030 0.1492537
0.4676259 0.4676259 0.4028777 0.381295 0.3884892 0.3741007 0.3165468 0.3021583 0.3165468 0.3093525 0.3453237
0.8978102 0.9635036 0.9562044 0.9416058 0.890511 0.9124088 0.8613139 0.8686131 0.8321168 0.8540146 0.8467153
0.7615385 0.7846154 0.7692308 0.7692308 0.823077 0.8538462 0.8076923 0.8692308 0.823077 0.8615385 0.823077
0.8923077 0.9076923 0.9076923 0.9076923 0.823077 0.8461538 0.8 0.7846154 0.8692308 0.8307692 0.8538462
0.7810219 0.7737226 0.7664234 0.7664234 0.8029197 0.8321168 0.7810219 0.839416 0.8248175 0.839416 0.8321168
0.380597 0.3432836 0.3432836 0.3432836 0.3731343 0.3432836 0.3059701 0.3283582 0.3134328 0.2835821 0.3134328
0.540146 0.5182482 0.5328467 0.4963504 0.4160584 0.3649635 0.4014599 0.3868613 0.3868613 0.4306569 0.3941606
0.5328467 0.5109489 0.540146 0.5255474 0.5036496 0.4671533 0.4014599 0.3722628 0.4306569 0.4817518 0.4525547
0.1203008 0.1804511 0.1578947 0.1804511 0.1954887 0.1954887 0.2030075 0.1954887 0.1804511 0.1729323 0.1804511
0.5970149 0.5373134 0.5149254 0.5149254 0.4626866 0.4104478 0.5074627 0.4776119 0.4104478 0.4253731 0.4552239
0.4511278 0.4511278 0.3609023 0.3609023 0.3458647 0.3609023 0.3383459 0.3533835 0.3684211 0.406015 0.3984962
0.5328467 0.5912409 0.5547445 0.6277372 0.5766423 0.6569343 0.6569343 0.649635 0.4817518 0.5474453 0.5474453
0.6934307 0.7372263 0.7226277 0.7445255 0.6861314 0.5912409 0.5839416 0.5766423 0.4744526 0.5912409 0.5474453
0.1203008 0.1353383 0.2180451 0.2481203 0.2406015 0.2180451 0.2030075 0.1954887 0.2255639 0.2481203 0.2255639
0.8978102 0.8613139 0.810219 0.7883212 0.8540146 0.7664234 0.7591241 0.7445255 0.7445255 0.7445255 0.7445255
0.5766423 0.5839416 0.5182482 0.3868613 0.3795620 0.3576642 0.3576642 0.3576642 0.3503650 0.3357664 0.3430657
0.7593985 0.8045113 0.8721805 0.887218 0.9699248 0.9473684 0.962406 0.8721805 0.924812 0.9473684 0.9022556
0.7112676 0.7042254 0.7042254 0.5704225 0.5140845 0.5070423 0.5492958 0.528169 0.528169 0.5 0.4929577
0.4525547 0.4525547 0.3941606 0.3941606 0.4087591 0.4525547 0.4671533 0.5255474 0.3868613 0.3284672 0.3284672
0.2761194 0.2164179 0.1343284 0.1194030 0.08208955 0.05970149 0.02985075 0.05970149 0.06716418 0.05223881 0.01492537
0.6492537 0.6268657 0.6343284 0.6268657 0.5671642 0.4552239 0.5 0.5671642 0.4701493 0.5149254 0.5373134
0.8029197 0.8029197 0.7956204 0.7956204 0.8686131 0.7737226 0.7664234 0.7664234 0.7591241 0.7664234 0.7518248
0.2153846 0.1461538 0.1769231 0.1769231 0.1923077 0.2461538 0.2615385 0.2615385 0.2538462 0.3153846 0.2923077
0.6350365 0.620438 0.6934307 0.729927 0.5912409 0.4452555 0.4671533 0.459854 0.4744526 0.540146 0.5766423
0.8134328 0.7985075 0.7985075 0.8358209 0.7761194 0.7835821 0.7835821 0.8134328 0.7985075 0.7985075 0.7686567
0.8705036 0.9064748 0.8561151 0.8201439 0.9064748 0.8776978 0.8633094 0.7913669 0.8129496 0.8129496 0.8417266
0.6992481 0.7669173 0.7819549 0.7744361 0.8721805 0.8796992 0.8947368 0.887218 0.9022556 0.8796992 0.81203
0.4379562 0.4890511 0.459854 0.5693431 0.4890511 0.5109489 0.4452555 0.4306569 0.4087591 0.4963504 0.4525547
0.4307692 0.5461538 0.6692308 0.7384615 0.7538462 0.7153846 0.7153846 0.6769231 0.6230769 0.6769231 0.6615385
0.02919708 0.09489051 0.1751825 0.1897810 0.1897810 0.1824818 0.1751825 0.1751825 0.1897810 0.1897810 0.1897810
0.8832117 0.8248175 0.7810219 0.8175182 0.7810219 0.729927 0.7372263 0.7372263 0.7445255 0.7226277 0.7372263
0.3461538 0.3538462 0.3538462 0.3769231 0.4384615 0.6769231 0.5538462 0.6384615 0.6769231 0.7 0.7
0.5328467 0.5693431 0.4817518 0.459854 0.4306569 0.3722628 0.3649635 0.3795620 0.4160584 0.3868613 0.4306569
0.6058394 0.5985401 0.5547445 0.3868613 0.3795620 0.3722628 0.3868613 0.4014599 0.4817518 0.5036496 0.5036496
0.2985075 0.2835821 0.2985075 0.2611940 0.2313433 0.1791045 0.1865672 0.1641791 0.1716418 0.1791045 0.1716418
0.3661972 0.3380282 0.2464789 0.1478873 0.1126761 0.1478873 0.4929577 0.5633803 0.5915493 0.6690141 0.6619718
0.2262774 0.2189781 0.2116788 0.2043796 0.2481752 0.2919708 0.3211679 0.3430657 0.3138686 0.2992701 0.2919708
0.5547445 0.5620438 0.4233577 0.4160584 0.4087591 0.4160584 0.4233577 0.4306569 0.4306569 0.4087591 0.3941606
0.09489051 0.1386861 0.1678832 0.1532847 0.1824818 0.1751825 0.1678832 0.1532847 0.1459854 0.1313869 0.1459854
0.4230769 0.4461538 0.3615385 0.3615385 0.3461538 0.3230769 0.3384615 0.3384615 0.3153846 0.3538462 0.3230769
0.08461538 0.1307692 0.1615385 0.1692308 0.1769231 0.1692308 0.1692308 0.1692308 0.1307692 0.1307692 0.1461538
0.3503650 0.3576642 0.3649635 0.4890511 0.5620438 0.540146 0.5839416 0.6058394 0.3868613 0.4087591 0.3649635
0.1052632 0.08270677 0.06015038 0.07518797 0.06766917 0.1127820 0.08270677 0.06015038 0.03759398 0.03759398 0.03759398
0.2919708 0.3503650 0.4160584 0.4087591 0.5693431 0.4817518 0.5182482 0.6277372 0.6058394 0.7080292 0.7080292
0.2517986 0.2302158 0.1870504 0.1942446 0.1007194 0.07913669 0.1366906 0.1438849 0.1582734 0.1942446 0.1942446
0.6541353 0.6842105 0.7819549 0.7894737 0.8345865 0.9097744 0.8646617 0.8646617 0.8345865 0.81203 0.8045113
0.2030075 0.3007519 0.3458647 0.3759398 0.4135338 0.556391 0.4887218 0.4962406 0.5263158 0.5639098 0.6616541
0.08461538 0.1846154 0.1846154 0.1692308 0.2153846 0.2 0.1307692 0.2076923 0.1846154 0.2384615 0.2
0.01503759 0.06766917 0.05263158 0.09774436 0.09774436 0.08270677 0.08270677 0.1879699 0.05263158 0.03007519 0.03007519
0.7883212 0.839416 0.8248175 0.8467153 0.8540146 0.9124088 0.8467153 0.8540146 0.810219 0.8467153 0.8029197
0.04316547 0.05035971 0.1294964 0.1654676 0.1798561 0.2014388 0.1582734 0.1294964 0.1582734 0.1294964 0.1294964
0.9253731 0.8358209 0.8059701 0.761194 0.7537313 0.7985075 0.7238806 0.7238806 0.7164179 0.7238806 0.7313433
0.6277372 0.6569343 0.6715328 0.5255474 0.5109489 0.4744526 0.4014599 0.3649635 0.4160584 0.4306569 0.4306569
0.4028777 0.3956835 0.3956835 0.4460432 0.4100719 0.4244604 0.3597122 0.3381295 0.381295 0.4100719 0.4604317
0.3082707 0.2781955 0.2932331 0.2255639 0.1954887 0.1503759 0.1729323 0.1954887 0.2330827 0.1954887 0.1954887
0.6058394 0.6058394 0.5693431 0.5036496 0.4817518 0.3941606 0.459854 0.4817518 0.5912409 0.4671533 0.4963504
0.1313869 0.1240876 0.06569343 0.08029197 0.0729927 0.05839416 0.06569343 0.09489051 0.1021898 0.06569343 0.1313869
0.8175182 0.8321168 0.7737226 0.7737226 0.8029197 0.729927 0.7372263 0.7445255 0.7664234 0.7518248 0.7737226
0.5789474 0.6165414 0.6616541 0.7067669 0.7368421 0.7293233 0.7142857 0.7368421 0.6090226 0.6390977 0.5714286
0.6058394 0.649635 0.6934307 0.649635 0.6423358 0.6350365 0.5547445 0.5547445 0.5255474 0.459854 0.5255474
0.4014085 0.3873239 0.4014085 0.4507042 0.443662 0.4014085 0.3732394 0.3661972 0.3802817 0.3521127 0.3943662
0.9489051 0.8321168 0.7956204 0.7810219 0.7591241 0.7518248 0.7956204 0.8029197 0.839416 0.890511 0.7737226
0.1692308 0.1846154 0.2615385 0.2384615 0.2384615 0.2461538 0.2230769 0.2615385 0.2769231 0.2692308 0.2615385
0.3731343 0.3134328 0.3507463 0.3358209 0.3208955 0.2686567 0.2985075 0.2910448 0.2537313 0.2611940 0.3283582
0.1897810 0.2043796 0.1897810 0.1678832 0.1605839 0.2408759 0.4014599 0.4379562 0.4744526 0.5109489 0.6423358
0.270073 0.2408759 0.2481752 0.2262774 0.2481752 0.2408759 0.2189781 0.2481752 0.2846715 0.3065693 0.2408759
0.7664234 0.7956204 0.7737226 0.7883212 0.7664234 0.7664234 0.7518248 0.7591241 0.7591241 0.7445255 0.7518248
0.3065693 0.2919708 0.2262774 0.2262774 0.1824818 0.1678832 0.1532847 0.1751825 0.2116788 0.1678832 0.1605839
0.7810219 0.8175182 0.8029197 0.8467153 0.7956204 0.839416 0.919708 0.9416058 0.9124088 0.8029197 0.8175182
0.9854015 0.9854015 1 0.9781022 0.9927007 0.9562044 0.9854015 1 0.9854015 0.9854015 1
0.8059701 0.8134328 0.8283582 0.9104478 0.8432836 0.8358209 0.880597 0.9477612 0.9552239 0.9626866 0.9104478
0.02238806 0.04477612 0.1044776 0.1044776 0.1119403 0.08955224 0.08208955 0.05970149 0.05970149 0.08955224 0.1044776
0.970803 0.970803 1 0.919708 0.9927007 0.8978102 0.9416058 0.9781022 0.9343066 0.9635036 0.9562044
0.5488722 0.481203 0.3533835 0.2781955 0.2556391 0.1654135 0.1954887 0.2556391 0.2556391 0.2481203 0.1954887
0.04379562 0.0729927 0.1532847 0.1459854 0.1532847 0.1605839 0.1532847 0.1094891 0.1021898 0.1094891 0.1459854
0.5307692 0.4615385 0.6307692 0.5846154 0.6538462 0.5615385 0.5615385 0.5076923 0.5769231 0.6230769 0.5692308
0.5769231 0.6846154 0.7230769 0.7538462 0.8461538 0.8384615 0.8384615 0.776923 0.7923077 0.9 0.7692308
0.481203 0.4511278 0.3909774 0.3609023 0.3458647 0.3233083 0.3233083 0.3157895 0.3308271 0.3308271 0.3533835
0.3233083 0.3909774 0.4736842 0.6842105 0.6992481 0.5864662 0.5488722 0.4962406 0.481203 0.5263158 0.5413534
0.3082707 0.2857143 0.2481203 0.2330827 0.2105263 0.2406015 0.2406015 0.2481203 0.2330827 0.2631579 0.2556391
0.2406015 0.2105263 0.1879699 0.1954887 0.1879699 0.1954887 0.2030075 0.1729323 0.1578947 0.1428571 0.1804511
0.3098592 0.2957746 0.3521127 0.3802817 0.3873239 0.3591549 0.3239437 0.3098592 0.3239437 0.3169014 0.3169014
0.0915493 0.0915493 0.05633803 0.03521127 0.04225352 0.04225352 0.04225352 0.04225352 0.03521127 0.02112676 0.02816901
0.4586466 0.443609 0.3533835 0.3308271 0.3308271 0.3684211 0.3533835 0.4135338 0.3909774 0.3834586 0.3834586
0.1353383 0.1804511 0.1804511 0.1954887 0.1954887 0.2030075 0.2330827 0.2030075 0.2180451 0.2030075 0.1954887
0.3093525 0.2302158 0.2014388 0.2014388 0.2014388 0.2086331 0.2158273 0.1870504 0.2014388 0.1942446 0.2374101
0.8467153 0.8686131 0.9270073 0.9051095 0.8832117 0.9051095 0.8467153 0.8321168 0.8321168 0.8248175 0.8540146
0.4029851 0.3358209 0.2985075 0.2910448 0.3208955 0.3358209 0.3059701 0.3134328 0.3134328 0.3134328 0.3358209
0.2253521 0.2323944 0.3028169 0.3732394 0.3802817 0.3521127 0.3239437 0.2957746 0.3169014 0.3169014 0.3169014
0.9496403 0.8273381 0.8345324 0.8201439 0.8345324 0.7697842 0.8345324 0.8129496 0.8057554 0.7697842 0.7697842
0.2255639 0.2932331 0.3157895 0.3007519 0.3233083 0.3533835 0.3383459 0.4661654 0.443609 0.4210526 0.443609
0.7445255 0.7518248 0.729927 0.6715328 0.6861314 0.6861314 0.7664234 0.7445255 0.7518248 0.7518248 0.7372263
0.3153846 0.1692308 0.1769231 0.1692308 0.1923077 0.1923077 0.1846154 0.2076923 0.2 0.1923077 0.1923077
0.05839416 0.1970803 0.2262774 0.2408759 0.2481752 0.2189781 0.2043796 0.2043796 0.2043796 0.1678832 0.1824818
0.8195489 0.7969925 0.8345865 0.8646617 0.8947368 0.9774436 0.81203 0.8571429 0.8571429 0.8195489 0.8345865
0.7443609 0.7744361 0.7894737 0.7819549 0.7819549 0.849624 0.7744361 0.8345865 0.887218 0.7969925 0.8646617
0.9548872 0.887218 0.8270677 0.8947368 0.8721805 0.8270677 0.9172932 0.9323308 0.962406 0.9548872 0.8195489
0.8947368 0.9699248 0.9473684 0.8947368 0.8721805 0.9097744 0.8721805 0.849624 0.8270677 0.8796992 0.9172932
0.9 0.8923077 0.9461538 0.9153846 0.9692308 0.8846154 0.9384615 0.9384615 0.9692308 0.976923 0.9846154
0.7307692 0.6615385 0.5307692 0.4230769 0.4 0.4230769 0.4769231 0.4307692 0.5 0.4461538 0.4692308
