0.376 0.41 0.456 0.514 0.544 0.63 0.678 0.756 0.74 0.806 0.81
0.106 0.098 0.142 0.146 0.166 0.196 0.178 0.154 0.122 0.11 0.11
0.088 0.068 0.048 0.068 0.04 0.052 0.026 0.034 0.018 0.028 0.02
0.022 0.018 0.02 0.03 0.006 0.014 0.01 0.004 0.006 0.004 0
0.144 0.132 0.146 0.186 0.126 0.158 0.166 0.124 0.124 0.11 0.114
0.264 0.284 0.268 0.25 0.282 0.25 0.25 0.292 0.26 0.236 0.278
0.02 0.016 0.024 0.026 0.018 0.016 0.01 0.008 0.008 0 0.002
0.326 0.288 0.246 0.222 0.18 0.138 0.134 0.1 0.064 0.042 0.038
0.322 0.314 0.314 0.246 0.2 0.234 0.176 0.17 0.124 0.098 0.082
0.066 0.086 0.09 0.068 0.112 0.104 0.098 0.108 0.09 0.09 0.066
0.168 0.154 0.13 0.112 0.08 0.09 0.056 0.036 0.022 0.02 0.016
0.142 0.124 0.13 0.082 0.102 0.048 0.028 0.022 0.01 0.006 0.004
0.418 0.366 0.372 0.35 0.304 0.272 0.268 0.224 0.168 0.114 0.112
0.042 0.056 0.044 0.032 0.024 0.028 0.048 0.056 0.046 0.036 0.036
0.062 0.062 0.064 0.068 0.08 0.11 0.142 0.194 0.224 0.322 0.33
0.276 0.23 0.226 0.216 0.162 0.186 0.134 0.162 0.126 0.16 0.124
0.398 0.424 0.408 0.428 0.462 0.424 0.47 0.48 0.444 0.466 0.47
0.434 0.39 0.378 0.31 0.296 0.294 0.27 0.206 0.198 0.154 0.13
0.304 0.26 0.176 0.124 0.102 0.084 0.048 0.028 0.018 0.012 0.012
0.186 0.218 0.196 0.17 0.134 0.142 0.11 0.066 0.028 0.016 0.022
0.054 0.046 0.034 0.062 0.068 0.062 0.052 0.058 0.086 0.068 0.116
0.018 0.018 0.012 0.024 0.024 0.026 0.028 0.03 0.016 0.028 0.016
0.124 0.11 0.106 0.114 0.116 0.102 0.104 0.064 0.042 0.046 0.03
0.022 0.018 0.022 0.018 0.022 0.012 0.018 0.012 0.01 0.014 0.002
0.306 0.318 0.302 0.274 0.27 0.248 0.202 0.192 0.184 0.144 0.12
0.154 0.162 0.16 0.192 0.24 0.232 0.282 0.316 0.324 0.326 0.292
0.214 0.174 0.17 0.118 0.082 0.108 0.048 0.032 0.038 0.024 0.004
0.02 0.014 0.038 0.04 0.072 0.106 0.138 0.226 0.266 0.306 0.334
0.02 0.016 0.036 0.02 0.01 0.02 0.01 0.02 0.006 0.002 0.004
0.384 0.3 0.3 0.298 0.328 0.294 0.318 0.388 0.396 0.386 0.37
0.314 0.312 0.34 0.372 0.364 0.362 0.394 0.44 0.47 0.458 0.514
0.262 0.204 0.146 0.124 0.082 0.058 0.046 0.024 0.016 0.012 0.002
0.426 0.48 0.49 0.542 0.578 0.608 0.606 0.546 0.554 0.522 0.474
0.106 0.116 0.16 0.154 0.176 0.2 0.258 0.284 0.358 0.34 0.396
0.032 0.028 0.034 0.044 0.02 0.028 0.018 0.006 0.006 0.006 0.002
0.17 0.152 0.188 0.14 0.114 0.108 0.098 0.076 0.056 0.06 0.052
0.212 0.218 0.152 0.16 0.132 0.064 0.038 0.028 0.018 0.002 0.002
0.036 0.08 0.11 0.134 0.208 0.27 0.354 0.39 0.446 0.47 0.52
0.214 0.198 0.252 0.232 0.232 0.22 0.208 0.192 0.172 0.144 0.148
0.288 0.336 0.296 0.396 0.32 0.354 0.364 0.326 0.302 0.332 0.28
0.016 0.02 0.022 0.008 0.022 0.016 0.014 0.01 0.002 0.004 0.012
0.046 0.034 0.044 0.07 0.054 0.058 0.056 0.046 0.036 0.042 0.04
0.26 0.258 0.252 0.254 0.27 0.282 0.328 0.358 0.414 0.366 0.39
0.052 0.022 0.032 0.032 0.026 0.064 0.04 0.072 0.046 0.032 0.04
0.21 0.24 0.22 0.224 0.234 0.232 0.224 0.218 0.196 0.21 0.178
0.19 0.15 0.166 0.126 0.094 0.042 0.058 0.032 0.028 0.006 0.006
0.248 0.24 0.222 0.224 0.22 0.204 0.262 0.256 0.282 0.302 0.33
0.106 0.122 0.118 0.1 0.092 0.066 0.05 0.042 0.04 0.032 0.008
0.106 0.106 0.09 0.082 0.084 0.096 0.1 0.086 0.094 0.098 0.116
0.024 0.022 0.03 0.026 0.036 0.04 0.044 0.072 0.05 0.032 0.038
0.168 0.14 0.178 0.14 0.136 0.132 0.12 0.102 0.076 0.066 0.05
0.27 0.246 0.214 0.21 0.216 0.186 0.206 0.166 0.118 0.124 0.09
0.022 0.018 0.01 0.014 0.006 0.006 0.004 0.004 0.002 0 0
0.022 0.01 0.012 0.02 0.034 0.012 0.018 0.024 0.01 0.008 0
0.032 0.038 0.034 0.04 0.036 0.046 0.034 0.02 0.026 0.01 0.006
0.474 0.46 0.438 0.468 0.454 0.47 0.45 0.46 0.442 0.464 0.462
0.002 0.002 0.002 0.01 0.002 0.002 0.006 0.002 0.002 0 0.004
0.374 0.44 0.438 0.508 0.516 0.524 0.55 0.588 0.62 0.592 0.64
0.128 0.132 0.128 0.202 0.182 0.228 0.292 0.352 0.398 0.464 0.492
0.166 0.212 0.188 0.236 0.222 0.23 0.23 0.216 0.188 0.168 0.186
0.06 0.066 0.056 0.076 0.064 0.102 0.116 0.116 0.126 0.138 0.136
0.228 0.222 0.226 0.258 0.236 0.248 0.216 0.17 0.156 0.126 0.1
0.114 0.13 0.176 0.184 0.234 0.258 0.29 0.332 0.422 0.436 0.504
0.176 0.162 0.142 0.132 0.102 0.11 0.068 0.098 0.062 0.05 0.036
0.114 0.138 0.148 0.196 0.232 0.232 0.222 0.288 0.21 0.218 0.21
0.494 0.478 0.464 0.482 0.486 0.468 0.452 0.37 0.32 0.306 0.256
0.054 0.042 0.046 0.046 0.024 0.024 0.026 0.006 0.008 0 0
0.226 0.254 0.232 0.236 0.236 0.208 0.226 0.208 0.21 0.184 0.166
0.022 0.026 0.02 0.018 0.014 0.008 0.01 0.002 0.002 0.002 0
0.038 0.054 0.056 0.064 0.084 0.06 0.09 0.076 0.092 0.08 0.09
0.068 0.096 0.094 0.1 0.106 0.116 0.096 0.106 0.11 0.094 0.09
0.328 0.28 0.274 0.244 0.238 0.258 0.226 0.196 0.21 0.196 0.206
0.102 0.11 0.112 0.138 0.122 0.126 0.118 0.096 0.104 0.132 0.112
0.012 0.02 0.02 0.018 0.006 0.024 0.016 0.018 0.004 0.006 0.006
0.284 0.24 0.172 0.144 0.118 0.106 0.064 0.03 0.022 0.02 0.006
0.142 0.148 0.136 0.128 0.098 0.102 0.09 0.068 0.07 0.06 0.04
0.054 0.054 0.03 0.036 0.022 0.032 0.024 0.028 0.008 0.004 0.004
0.016 0.014 0.014 0.02 0.012 0.02 0.004 0.006 0.004 0.004 0.012
0.068 0.072 0.066 0.056 0.052 0.032 0.024 0.022 0.004 0 0
0.306 0.27 0.27 0.202 0.146 0.118 0.1 0.054 0.028 0.032 0.02
0.114 0.12 0.086 0.044 0.038 0.022 0.012 0.002 0.006 0.004 0
0.43 0.416 0.36 0.326 0.314 0.222 0.204 0.128 0.098 0.096 0.062
0.062 0.04 0.056 0.066 0.028 0.056 0.024 0.034 0.014 0.016 0.004
0.274 0.224 0.188 0.114 0.094 0.076 0.048 0.054 0.024 0.01 0.012
0.188 0.24 0.194 0.172 0.152 0.146 0.092 0.078 0.054 0.04 0.046
0.124 0.106 0.124 0.132 0.138 0.182 0.2 0.22 0.278 0.326 0.312
0.216 0.236 0.194 0.202 0.164 0.108 0.118 0.128 0.146 0.104 0.094
0.16 0.158 0.134 0.1 0.086 0.068 0.064 0.04 0.05 0.024 0.02
0.146 0.11 0.156 0.184 0.196 0.238 0.258 0.296 0.356 0.36 0.364
0.66 0.614 0.56 0.512 0.488 0.478 0.426 0.356 0.382 0.394 0.402
0.328 0.344 0.348 0.426 0.48 0.498 0.59 0.606 0.568 0.602 0.6
0.022 0.028 0.022 0.02 0.002 0.012 0.006 0.008 0.008 0.004 0.012
0.476 0.462 0.4 0.344 0.308 0.282 0.256 0.238 0.2 0.134 0.132
0.062 0.046 0.062 0.044 0.048 0.052 0.058 0.048 0.05 0.044 0.032
0.026 0.018 0.014 0.028 0.012 0.008 0.014 0.012 0.002 0 0
0.284 0.298 0.27 0.208 0.208 0.132 0.114 0.068 0.036 0.04 0.026
0.15 0.14 0.178 0.188 0.238 0.242 0.218 0.258 0.23 0.2 0.21
0.122 0.09 0.1 0.092 0.098 0.074 0.048 0.022 0.022 0.02 0.012
0.03 0.032 0.034 0.022 0.032 0.014 0.01 0.012 0.008 0 0
0.354 0.358 0.328 0.292 0.332 0.306 0.278 0.228 0.242 0.204 0.216
0.04 0.022 0.02 0.026 0.014 0.03 0.006 0.002 0.002 0.006 0
0.232 0.19 0.204 0.174 0.186 0.21 0.182 0.154 0.204 0.198 0.202
0.196 0.2 0.214 0.196 0.174 0.19 0.188 0.162 0.124 0.13 0.142
0.184 0.144 0.122 0.124 0.144 0.13 0.154 0.138 0.158 0.19 0.158
0.09 0.064 0.088 0.078 0.11 0.108 0.084 0.13 0.09 0.094 0.118
0.24 0.29 0.258 0.24 0.234 0.196 0.178 0.164 0.16 0.106 0.106
0.066 0.06 0.062 0.068 0.054 0.058 0.056 0.04 0.04 0.024 0.042
0.128 0.104 0.102 0.11 0.1 0.076 0.056 0.068 0.052 0.064 0.052
0.146 0.126 0.108 0.1 0.098 0.122 0.13 0.112 0.136 0.132 0.132
0.208 0.228 0.214 0.224 0.222 0.202 0.174 0.1 0.108 0.056 0.034
0.034 0.028 0.026 0.04 0.026 0.02 0.022 0.022 0.004 0.014 0.004
0.468 0.476 0.542 0.546 0.56 0.56 0.552 0.562 0.502 0.51 0.522
0.172 0.196 0.166 0.136 0.114 0.122 0.118 0.118 0.138 0.15 0.168
0.294 0.282 0.222 0.238 0.188 0.122 0.102 0.074 0.044 0.064 0.028
0.53 0.492 0.486 0.444 0.352 0.338 0.322 0.264 0.238 0.226 0.21
0.154 0.16 0.176 0.172 0.186 0.22 0.208 0.228 0.236 0.232 0.23
0.274 0.336 0.336 0.242 0.246 0.256 0.214 0.138 0.1 0.08 0.05
0.05 0.036 0.054 0.052 0.046 0.05 0.056 0.04 0.056 0.038 0.032
0.418 0.34 0.378 0.362 0.334 0.324 0.292 0.27 0.268 0.236 0.206
0.002 0.012 0.006 0.01 0.002 0.01 0.01 0.002 0.006 0.002 0.002
0.034 0.032 0.012 0.018 0.004 0.002 0.004 0 0.006 0 0
0.022 0.022 0.018 0.024 0.014 0.012 0.006 0.002 0.002 0 0
0.456 0.444 0.424 0.398 0.408 0.372 0.328 0.332 0.304 0.216 0.234
0.23 0.222 0.29 0.258 0.302 0.358 0.34 0.396 0.454 0.468 0.56
0.29 0.306 0.33 0.42 0.444 0.518 0.516 0.604 0.6 0.644 0.66
0.244 0.298 0.22 0.246 0.208 0.188 0.132 0.09 0.094 0.062 0.04
0.006 0.01 0.014 0.03 0.02 0.022 0.016 0.018 0.012 0.012 0.01
0.262 0.222 0.252 0.296 0.332 0.362 0.392 0.412 0.438 0.488 0.468
0.17 0.124 0.122 0.082 0.072 0.056 0.022 0.024 0.014 0.006 0.004
0.13 0.138 0.092 0.058 0.068 0.058 0.044 0.034 0.024 0.022 0.024
0.324 0.364 0.348 0.408 0.368 0.458 0.462 0.458 0.526 0.524 0.47
0.27 0.248 0.23 0.198 0.162 0.152 0.14 0.094 0.096 0.036 0.038
0.64 0.608 0.588 0.544 0.578 0.57 0.554 0.512 0.49 0.416 0.46
0.236 0.26 0.25 0.242 0.276 0.236 0.268 0.35 0.308 0.394 0.416
0.148 0.142 0.13 0.134 0.08 0.09 0.096 0.052 0.052 0.052 0.05
0.414 0.368 0.378 0.322 0.326 0.24 0.266 0.222 0.198 0.18 0.198
0.29 0.316 0.27 0.378 0.366 0.388 0.42 0.46 0.482 0.468 0.468
0.03 0.03 0.022 0.032 0.024 0.026 0.016 0.006 0.004 0.004 0.004
0.112 0.082 0.126 0.16 0.198 0.204 0.262 0.314 0.378 0.402 0.41
0.002 0.002 0 0 0.006 0.006 0.01 0.008 0.02 0.006 0.006
0.4 0.334 0.292 0.296 0.178 0.144 0.118 0.096 0.066 0.042 0.056
0.054 0.042 0.036 0.046 0.032 0.032 0.034 0.046 0.06 0.026 0.04
0.004 0.006 0.006 0 0.002 0 0.002 0.002 0 0 0.004
0.188 0.202 0.228 0.248 0.3 0.298 0.32 0.384 0.324 0.338 0.314
0.258 0.254 0.268 0.312 0.316 0.312 0.252 0.242 0.228 0.218 0.218
0.072 0.046 0.052 0.052 0.032 0.034 0.024 0.016 0.01 0 0
0.11 0.11 0.082 0.082 0.05 0.054 0.024 0.022 0.016 0.01 0.01
0.046 0.04 0.066 0.068 0.092 0.104 0.108 0.154 0.152 0.204 0.23
0.284 0.226 0.172 0.152 0.074 0.06 0.03 0.016 0.004 0.004 0.002
0.098 0.072 0.068 0.058 0.026 0.028 0.02 0.002 0.01 0.002 0
0.16 0.146 0.154 0.198 0.202 0.282 0.322 0.402 0.48 0.546 0.54
