0.412 0.45 0.548 0.562 0.638 0.674 0.742 0.76 0.786 0.832 0.818
0.098 0.09 0.116 0.114 0.12 0.118 0.106 0.102 0.1 0.126 0.066
0.128 0.14 0.14 0.114 0.108 0.11 0.108 0.068 0.062 0.038 0.04
0.026 0.02 0.018 0.014 0.014 0.016 0.012 0 0.004 0.006 0.004
0.136 0.13 0.13 0.19 0.13 0.136 0.178 0.154 0.114 0.116 0.078
0.39 0.386 0.434 0.348 0.386 0.41 0.41 0.44 0.432 0.474 0.45
0.022 0.024 0.024 0.02 0.02 0.012 0.02 0.01 0.008 0 0.004
0.424 0.382 0.362 0.308 0.27 0.24 0.156 0.15 0.088 0.076 0.056
0.352 0.33 0.284 0.29 0.25 0.262 0.236 0.172 0.13 0.12 0.064
0.096 0.102 0.126 0.126 0.104 0.126 0.104 0.132 0.13 0.078 0.072
0.214 0.16 0.172 0.142 0.126 0.094 0.052 0.068 0.048 0.034 0.018
0.132 0.14 0.128 0.094 0.048 0.044 0.024 0.016 0.008 0.008 0.002
0.356 0.344 0.342 0.296 0.28 0.256 0.21 0.182 0.134 0.102 0.088
0.1 0.086 0.052 0.048 0.052 0.048 0.058 0.042 0.05 0.052 0.048
0.054 0.056 0.08 0.082 0.086 0.134 0.164 0.244 0.268 0.294 0.302
0.222 0.18 0.204 0.192 0.172 0.126 0.154 0.124 0.134 0.126 0.14
0.406 0.42 0.492 0.474 0.49 0.476 0.542 0.522 0.436 0.49 0.476
0.28 0.294 0.28 0.326 0.326 0.34 0.312 0.29 0.272 0.236 0.268
0.278 0.198 0.156 0.102 0.102 0.102 0.058 0.034 0.014 0.004 0.008
0.17 0.166 0.154 0.168 0.126 0.112 0.08 0.056 0.038 0.022 0.006
0.046 0.046 0.036 0.054 0.066 0.038 0.062 0.062 0.09 0.104 0.082
0.004 0.002 0.006 0.008 0.016 0.008 0.006 0.01 0.01 0.016 0.016
0.194 0.156 0.174 0.15 0.14 0.152 0.104 0.094 0.048 0.068 0.054
0.018 0.026 0.018 0.02 0.032 0.024 0.024 0.02 0.004 0.004 0.002
0.32 0.364 0.312 0.332 0.28 0.248 0.238 0.174 0.156 0.148 0.134
0.362 0.318 0.354 0.352 0.392 0.434 0.454 0.492 0.502 0.504 0.466
0.346 0.302 0.302 0.25 0.238 0.168 0.142 0.11 0.07 0.046 0.032
0.056 0.04 0.062 0.062 0.098 0.138 0.148 0.21 0.238 0.294 0.33
0.026 0.014 0.034 0.018 0.01 0.02 0.014 0.012 0.006 0.002 0.002
0.314 0.338 0.306 0.314 0.306 0.334 0.28 0.296 0.338 0.312 0.294
0.31 0.27 0.28 0.262 0.27 0.294 0.328 0.348 0.4 0.394 0.424
0.284 0.244 0.182 0.194 0.13 0.096 0.046 0.054 0.042 0.026 0.01
0.514 0.532 0.556 0.574 0.58 0.584 0.532 0.51 0.484 0.42 0.404
0.038 0.074 0.046 0.084 0.096 0.134 0.13 0.17 0.208 0.238 0.28
0.028 0.03 0.024 0.03 0.024 0.02 0.026 0.014 0.008 0.006 0.004
0.212 0.19 0.206 0.204 0.172 0.164 0.174 0.176 0.192 0.184 0.202
0.348 0.308 0.246 0.184 0.172 0.13 0.074 0.034 0.024 0.02 0.012
0.054 0.078 0.104 0.158 0.168 0.238 0.25 0.38 0.434 0.402 0.456
0.324 0.324 0.34 0.292 0.38 0.322 0.294 0.314 0.242 0.238 0.242
0.29 0.33 0.29 0.278 0.28 0.256 0.294 0.262 0.23 0.212 0.25
0.02 0.03 0.034 0.04 0.03 0.018 0.024 0.028 0.02 0.01 0.006
0.038 0.032 0.028 0.038 0.056 0.034 0.046 0.026 0.02 0.016 0.012
0.314 0.296 0.292 0.268 0.294 0.318 0.334 0.38 0.404 0.414 0.432
0.038 0.044 0.038 0.03 0.028 0.046 0.062 0.044 0.038 0.04 0.044
0.32 0.306 0.3 0.254 0.322 0.344 0.302 0.288 0.278 0.28 0.242
0.088 0.052 0.064 0.054 0.034 0.034 0.026 0.01 0.006 0.008 0.002
0.264 0.31 0.306 0.256 0.296 0.274 0.322 0.338 0.342 0.37 0.396
0.06 0.084 0.088 0.078 0.074 0.04 0.044 0.024 0.018 0.016 0.008
0.092 0.102 0.106 0.106 0.082 0.106 0.104 0.088 0.096 0.132 0.148
0.02 0.022 0.02 0.032 0.038 0.048 0.04 0.078 0.052 0.06 0.05
0.214 0.262 0.23 0.194 0.16 0.15 0.148 0.11 0.09 0.09 0.056
0.326 0.276 0.28 0.286 0.234 0.236 0.238 0.208 0.192 0.17 0.156
0.006 0.024 0.006 0.018 0 0.012 0.006 0.004 0 0 0
0.026 0.008 0.02 0.018 0.022 0.018 0.012 0.012 0.01 0.006 0.004
0.014 0.03 0.03 0.034 0.032 0.036 0.046 0.022 0.018 0.018 0.006
0.426 0.412 0.446 0.452 0.432 0.398 0.412 0.402 0.442 0.47 0.41
0.006 0.004 0.002 0.008 0.006 0.006 0.008 0.008 0.016 0.006 0.002
0.342 0.376 0.378 0.47 0.466 0.516 0.548 0.542 0.6 0.604 0.64
0.11 0.118 0.116 0.166 0.2 0.218 0.282 0.362 0.39 0.414 0.466
0.2 0.222 0.266 0.258 0.248 0.28 0.272 0.302 0.34 0.36 0.394
0.058 0.08 0.068 0.076 0.084 0.092 0.094 0.126 0.094 0.16 0.15
0.22 0.274 0.3 0.284 0.262 0.28 0.282 0.286 0.206 0.202 0.198
0.082 0.116 0.132 0.132 0.198 0.246 0.316 0.396 0.43 0.454 0.484
0.18 0.154 0.128 0.144 0.108 0.09 0.07 0.066 0.056 0.046 0.026
0.128 0.138 0.176 0.176 0.172 0.23 0.234 0.292 0.204 0.206 0.2
0.464 0.436 0.462 0.418 0.394 0.4 0.396 0.298 0.248 0.192 0.168
0.036 0.032 0.034 0.024 0.024 0.028 0.02 0.004 0.006 0.01 0.002
0.16 0.208 0.196 0.164 0.16 0.18 0.172 0.172 0.168 0.16 0.162
0.056 0.042 0.038 0.022 0.02 0.016 0.008 0.008 0.004 0.002 0
0.022 0.04 0.034 0.028 0.016 0.058 0.054 0.062 0.078 0.052 0.052
0.1 0.104 0.122 0.114 0.096 0.092 0.136 0.132 0.09 0.102 0.064
0.44 0.398 0.386 0.322 0.338 0.298 0.3 0.276 0.256 0.258 0.236
0.136 0.112 0.114 0.132 0.122 0.15 0.154 0.142 0.138 0.132 0.138
0.012 0.014 0.014 0.016 0.016 0.016 0.006 0.01 0.014 0.006 0.004
0.388 0.314 0.268 0.29 0.238 0.182 0.204 0.176 0.184 0.158 0.176
0.118 0.116 0.12 0.102 0.088 0.052 0.074 0.056 0.046 0.018 0.032
0.032 0.034 0.026 0.014 0.016 0.022 0.016 0.004 0.006 0 0
0.01 0.014 0.008 0.008 0.012 0.024 0.008 0.006 0.012 0.012 0.016
0.1 0.082 0.102 0.074 0.052 0.036 0.024 0.016 0.016 0.01 0.008
0.294 0.232 0.232 0.2 0.182 0.138 0.1 0.072 0.04 0.042 0.032
0.254 0.136 0.098 0.058 0.032 0.02 0.012 0.008 0.006 0.008 0
0.51 0.482 0.438 0.364 0.304 0.216 0.162 0.086 0.072 0.05 0.02
0.054 0.046 0.054 0.042 0.046 0.03 0.024 0.028 0.014 0.008 0.008
0.276 0.242 0.198 0.116 0.094 0.066 0.042 0.032 0.022 0.016 0.008
0.158 0.154 0.14 0.11 0.116 0.084 0.098 0.064 0.034 0.048 0.028
0.08 0.072 0.078 0.09 0.086 0.118 0.132 0.146 0.16 0.19 0.212
0.216 0.246 0.266 0.252 0.236 0.248 0.254 0.282 0.28 0.218 0.21
0.164 0.136 0.134 0.082 0.088 0.074 0.048 0.038 0.026 0.024 0.016
0.124 0.064 0.112 0.11 0.164 0.16 0.18 0.204 0.284 0.264 0.244
0.708 0.682 0.6 0.582 0.548 0.462 0.448 0.44 0.434 0.386 0.394
0.246 0.252 0.322 0.374 0.464 0.486 0.536 0.582 0.58 0.62 0.63
0.018 0.014 0.01 0.016 0.01 0.004 0.01 0.002 0 0.002 0.002
0.474 0.44 0.43 0.392 0.34 0.288 0.268 0.226 0.192 0.184 0.156
0.07 0.06 0.06 0.072 0.062 0.06 0.056 0.06 0.048 0.036 0.026
0.03 0.012 0.016 0.016 0.02 0.012 0.002 0.008 0.002 0.002 0.004
0.26 0.238 0.228 0.19 0.116 0.136 0.09 0.062 0.05 0.02 0.022
0.206 0.218 0.208 0.25 0.254 0.248 0.212 0.218 0.248 0.224 0.182
0.074 0.082 0.094 0.074 0.064 0.062 0.04 0.026 0.028 0.006 0.012
0.034 0.03 0.022 0.026 0.018 0.016 0.004 0.006 0.008 0 0
0.298 0.264 0.226 0.206 0.154 0.16 0.122 0.07 0.054 0.054 0.016
0.086 0.084 0.078 0.078 0.08 0.058 0.05 0.044 0.02 0.022 0.01
0.204 0.18 0.134 0.162 0.162 0.178 0.16 0.172 0.148 0.21 0.218
0.134 0.174 0.134 0.14 0.118 0.158 0.124 0.13 0.098 0.106 0.14
0.238 0.226 0.186 0.186 0.19 0.17 0.194 0.208 0.18 0.214 0.208
0.096 0.11 0.112 0.114 0.122 0.172 0.126 0.116 0.108 0.094 0.088
0.336 0.322 0.302 0.262 0.25 0.242 0.152 0.206 0.154 0.162 0.134
0.07 0.076 0.066 0.052 0.048 0.044 0.054 0.03 0.038 0.042 0.042
0.132 0.094 0.09 0.096 0.074 0.058 0.058 0.058 0.048 0.054 0.046
0.206 0.204 0.188 0.146 0.17 0.156 0.106 0.16 0.1 0.184 0.224
0.284 0.218 0.168 0.228 0.182 0.182 0.118 0.08 0.062 0.046 0.032
0.032 0.034 0.018 0.032 0.016 0.034 0.026 0.022 0.012 0.01 0.016
0.51 0.546 0.554 0.522 0.58 0.574 0.578 0.574 0.63 0.61 0.558
0.258 0.202 0.184 0.182 0.144 0.148 0.132 0.138 0.122 0.142 0.176
0.316 0.29 0.224 0.208 0.154 0.11 0.086 0.086 0.052 0.016 0.02
0.44 0.416 0.402 0.366 0.354 0.336 0.28 0.256 0.252 0.232 0.23
0.238 0.22 0.238 0.22 0.228 0.27 0.26 0.252 0.306 0.236 0.252
0.242 0.24 0.212 0.188 0.146 0.124 0.11 0.088 0.032 0.026 0.022
0.06 0.066 0.054 0.076 0.058 0.062 0.074 0.09 0.064 0.048 0.046
0.398 0.368 0.378 0.344 0.304 0.314 0.276 0.26 0.23 0.254 0.268
0.02 0.012 0.018 0.006 0.006 0.012 0.01 0.008 0.006 0.01 0.004
0.028 0.014 0.008 0.008 0.01 0.012 0.004 0 0.002 0 0.002
0.04 0.03 0.038 0.028 0.016 0.014 0.002 0.002 0.002 0.002 0.002
0.496 0.422 0.418 0.392 0.358 0.318 0.27 0.242 0.246 0.168 0.184
0.196 0.174 0.22 0.234 0.274 0.28 0.33 0.358 0.362 0.39 0.436
0.238 0.258 0.286 0.308 0.374 0.442 0.502 0.552 0.58 0.628 0.63
0.25 0.282 0.268 0.238 0.238 0.17 0.144 0.126 0.11 0.072 0.06
0.02 0.034 0.04 0.022 0.034 0.026 0.028 0.012 0.008 0.004 0.006
0.154 0.19 0.24 0.296 0.328 0.334 0.428 0.422 0.472 0.516 0.498
0.222 0.204 0.124 0.106 0.082 0.058 0.032 0.026 0.008 0.004 0.002
0.276 0.242 0.228 0.194 0.188 0.198 0.202 0.174 0.21 0.23 0.216
0.312 0.364 0.38 0.344 0.36 0.364 0.398 0.462 0.412 0.434 0.394
0.24 0.186 0.16 0.178 0.094 0.11 0.108 0.056 0.056 0.018 0.034
0.568 0.614 0.598 0.586 0.574 0.55 0.564 0.522 0.492 0.43 0.442
0.178 0.15 0.19 0.194 0.182 0.21 0.24 0.284 0.274 0.382 0.414
0.098 0.106 0.104 0.078 0.09 0.072 0.068 0.028 0.022 0.016 0.024
0.44 0.454 0.388 0.364 0.336 0.302 0.27 0.22 0.208 0.164 0.106
0.234 0.21 0.26 0.29 0.304 0.3 0.332 0.336 0.41 0.398 0.422
0.024 0.014 0.044 0.042 0.024 0.022 0.016 0.008 0.004 0.004 0.002
0.138 0.106 0.13 0.152 0.16 0.234 0.268 0.298 0.354 0.398 0.418
0.006 0.004 0 0.002 0.004 0.016 0.012 0.014 0.018 0.014 0.01
0.386 0.356 0.31 0.268 0.186 0.17 0.146 0.096 0.076 0.048 0.032
0.032 0.044 0.052 0.03 0.01 0.022 0.022 0.008 0.006 0.002 0.004
0.002 0.004 0 0.004 0.006 0.004 0.004 0.002 0 0.002 0.002
0.202 0.184 0.21 0.212 0.278 0.282 0.342 0.36 0.376 0.342 0.304
0.234 0.198 0.21 0.238 0.196 0.232 0.262 0.244 0.268 0.252 0.27
0.068 0.05 0.058 0.03 0.028 0.014 0.01 0.01 0.012 0.004 0.004
0.078 0.098 0.092 0.084 0.056 0.044 0.042 0.026 0.028 0.006 0.01
0.03 0.044 0.03 0.034 0.064 0.078 0.09 0.136 0.166 0.18 0.21
0.168 0.172 0.142 0.14 0.084 0.07 0.036 0.022 0.014 0.006 0.004
0.112 0.098 0.078 0.054 0.036 0.04 0.012 0.012 0.002 0.004 0.002
0.066 0.11 0.12 0.132 0.15 0.174 0.212 0.296 0.392 0.396 0.414
