0.619403 0.6119403 0.5895522 0.5 0.4552239 0.4850746 0.6044776 0.5447761 0.6343284 0.5373134 0.5522388
0.3381295 0.3597122 0.381295 0.4028777 0.4820144 0.618705 0.6690647 0.676259 0.6978417 0.6906475 0.6690647
0.5390625 0.53125 0.578125 0.6875 0.765625 0.765625 0.7265625 0.671875 0.609375 0.6015625 0.6171875
0.6666667 0.6287879 0.5681818 0.4469697 0.4924242 0.3863636 0.4469697 0.5909091 0.6212121 0.6287879 0.5606061
0.07913669 0.03597122 0.03597122 0.02877698 0.03597122 0.03597122 0.04316547 0.03597122 0.02158273 0.02158273 0.02158273
0.9453125 0.953125 0.9375 0.9921875 1 0.9375 0.9375 0.9140625 0.9375 0.8984375 0.7890625
0.2676056 0.2535211 0.2253521 0.2253521 0.2042254 0.1971831 0.1971831 0.1690141 0.1549296 0.1619718 0.1901408
0.1268657 0.1865672 0.2238806 0.2388060 0.2537313 0.2238806 0.2164179 0.1940299 0.1865672 0.1940299 0.2089552
0.6978417 0.7266187 0.7482014 0.7482014 0.7482014 0.7553957 0.7697842 0.76259 0.7697842 0.7697842 0.7410072
0.3521127 0.3591549 0.4225352 0.3873239 0.4366197 0.471831 0.5915493 0.6056338 0.6690141 0.6830986 0.6690141
0.4140625 0.390625 0.4296875 0.578125 0.625 0.53125 0.4765625 0.4609375 0.46875 0.546875 0.5703125
0.00729927 0.1094891 0.1970803 0.2627737 0.2919708 0.270073 0.270073 0.2627737 0.1678832 0.2262774 0.2189781
0.3515625 0.3828125 0.390625 0.53125 0.609375 0.6484375 0.578125 0.4609375 0.46875 0.421875 0.4453125
0.6222222 0.6296296 0.5111111 0.4296296 0.4148148 0.4444444 0.5259259 0.5037037 0.5037037 0.5259259 0.4888889
0.4253731 0.4552239 0.4402985 0.5149254 0.5074627 0.4626866 0.4552239 0.4477612 0.4402985 0.4626866 0.4701493
0.007575758 0 0.01515152 0.02272727 0.02272727 0.02272727 0.01515152 0.01515152 0.01515152 0.01515152 0.01515152
0.2253521 0.2394366 0.2042254 0.1830986 0.2183099 0.2042254 0.1971831 0.2042254 0.2183099 0.2042254 0.2323944
0.4140625 0.3828125 0.359375 0.375 0.4140625 0.359375 0.4296875 0.4296875 0.453125 0.4921875 0.46875
0.5625 0.515625 0.4375 0.4921875 0.4921875 0.5 0.4921875 0.515625 0.5625 0.5546875 0.5546875
0.7692308 0.7342657 0.7062937 0.5944056 0.5734266 0.6433566 0.7692308 0.7692308 0.7902098 0.7552448 0.7762238
0.7737226 0.8175182 0.8175182 0.810219 0.810219 0.7810219 0.7956204 0.8613139 0.8686131 0.8248175 0.7956204
0.4822695 0.5035461 0.5319149 0.6028369 0.6524823 0.5886525 0.4751773 0.4964539 0.5815603 0.6524823 0.6595745
0.265625 0.2578125 0.21875 0.203125 0.234375 0.28125 0.25 0.2421875 0.2578125 0.2890625 0.296875
0.839416 0.8175182 0.810219 0.810219 0.810219 0.839416 0.8540146 0.8686131 0.7883212 0.839416 0.8540146
0.2836879 0.2695035 0.2836879 0.2482270 0.2624113 0.2340426 0.2411348 0.2836879 0.2836879 0.2411348 0.2482270
0.2888889 0.3111111 0.3407407 0.3555556 0.4148148 0.5481481 0.5703704 0.562963 0.5481481 0.5481481 0.5925926
0.6592593 0.637037 0.4888889 0.4 0.3851852 0.3851852 0.3555556 0.3851852 0.3851852 0.3481481 0.3703704
0.8712121 0.9090909 0.8560606 0.8409091 0.7424242 0.7727273 0.8863636 0.9242424 0.9545455 1 0.9924242
0.1818182 0.1287879 0.1287879 0.1363636 0.09848485 0.1666667 0.1666667 0.1969697 0.1590909 0.1439394 0.1287879
0.3984375 0.3828125 0.5546875 0.671875 0.6796875 0.734375 0.6484375 0.7109375 0.703125 0.7109375 0.7109375
0.078125 0.03125 0.0234375 0.0390625 0.046875 0.078125 0.0859375 0.0859375 0.0546875 0.0390625 0.0546875
0.734375 0.703125 0.6640625 0.7109375 0.7421875 0.6875 0.6875 0.71875 0.71875 0.734375 0.625
0.8251748 0.8601399 0.8671329 0.8531469 0.8391608 0.8671329 0.8251748 0.7972028 0.7902098 0.8321678 0.8111888
0.6044776 0.5746269 0.4552239 0.380597 0.3283582 0.2686567 0.2910448 0.3507463 0.3880597 0.380597 0.3955224
0.265625 0.2421875 0.2421875 0.3046875 0.3359375 0.34375 0.3359375 0.34375 0.2734375 0.265625 0.265625
0.375 0.28125 0.1796875 0.1171875 0.0546875 0.140625 0.1875 0.2421875 0.234375 0.21875 0.1953125
0.1484375 0.1484375 0.171875 0.15625 0.171875 0.203125 0.21875 0.1875 0.21875 0.2109375 0.2265625
0.1555556 0.1037037 0.04444444 0.05185185 0.04444444 0.04444444 0.04444444 0.05925926 0.04444444 0.02222222 0.02222222
0.9626866 0.8955224 0.8656716 0.858209 0.8208955 0.761194 0.7686567 0.7761194 0.7835821 0.7686567 0.7761194
0.7651515 0.75 0.7272727 0.689394 0.6742424 0.5681818 0.6590909 0.5833333 0.6439394 0.6515152 0.5681818
0.8129496 0.8417266 0.7769784 0.7482014 0.7482014 0.7482014 0.7697842 0.7769784 0.7769784 0.7697842 0.733813
0.2222222 0.1555556 0.1629630 0.1703704 0.1703704 0.1851852 0.1777778 0.2 0.1925926 0.1629630 0.1703704
0.9014085 0.8521127 0.8239437 0.9507042 0.8661972 0.859155 0.8098592 0.7746479 0.7605634 0.8169014 0.8661972
0.71875 0.7109375 0.765625 0.796875 0.8046875 0.78125 0.796875 0.8046875 0.859375 0.8046875 0.859375
0.484375 0.4765625 0.4375 0.4140625 0.3515625 0.359375 0.34375 0.34375 0.3515625 0.3359375 0.328125
0.4888889 0.5185185 0.4518519 0.5407407 0.4888889 0.4740741 0.4962963 0.4740741 0.5037037 0.4666667 0.4222222
0.7407407 0.6814815 0.6962963 0.6148148 0.6074074 0.6148148 0.5925926 0.562963 0.6296296 0.6296296 0.5925926
0.7333333 0.6962963 0.6 0.5481481 0.4666667 0.4888889 0.4962963 0.5185185 0.4962963 0.5259259 0.5333333
0.9921875 0.9921875 0.9921875 0.9765625 0.953125 1 0.984375 0.9921875 1 0.9921875 0.9921875
0.1690141 0.1971831 0.2323944 0.2816901 0.2816901 0.3169014 0.3028169 0.3098592 0.3098592 0.2816901 0.2957746
0.03125 0.1171875 0.171875 0.1953125 0.2265625 0.203125 0.1796875 0.21875 0.234375 0.2109375 0.1875
0.4477612 0.4328358 0.4104478 0.4029851 0.3880597 0.3731343 0.3358209 0.3358209 0.3283582 0.3582090 0.3582090
0.8731343 0.8955224 0.8731343 0.858209 0.880597 0.8507463 0.9253731 0.8283582 0.8059701 0.8656716 0.8656716
0.78125 0.796875 0.7734375 0.796875 0.8125 0.875 0.8671875 0.8125 0.8046875 0.7734375 0.7890625
0.8203125 0.84375 0.9609375 0.9921875 0.9921875 0.8984375 0.90625 0.8046875 0.8984375 0.9765625 0.9921875
0.8175182 0.8321168 0.8248175 0.810219 0.810219 0.7956204 0.7956204 0.839416 0.839416 0.8759124 0.810219
0.3884892 0.3669065 0.3741007 0.4172662 0.3956835 0.3741007 0.3381295 0.3309353 0.3453237 0.3021583 0.3093525
0.59375 0.5859375 0.4765625 0.359375 0.328125 0.2734375 0.359375 0.3984375 0.4296875 0.421875 0.4765625
0.421875 0.4609375 0.421875 0.390625 0.4375 0.390625 0.359375 0.3203125 0.3046875 0.3828125 0.3515625
0.1582734 0.1582734 0.1438849 0.1582734 0.1582734 0.1798561 0.1798561 0.1798561 0.2014388 0.1798561 0.1798561
0.6343284 0.5746269 0.4925373 0.4850746 0.4477612 0.4552239 0.4402985 0.5149254 0.4701493 0.4701493 0.4477612
0.5384615 0.5524476 0.4405594 0.4125874 0.4335664 0.4335664 0.4335664 0.4615385 0.3916084 0.4195804 0.4265734
0.5895522 0.5373134 0.5522388 0.6119403 0.5597015 0.6492537 0.6940299 0.6641791 0.6044776 0.5597015 0.5298507
0.6439394 0.6287879 0.6363636 0.6515152 0.5227273 0.5 0.5378788 0.4393939 0.4242424 0.4545455 0.4166667
0.06993007 0.2027972 0.2727273 0.2937063 0.3006993 0.2307692 0.2237762 0.2027972 0.2587413 0.3076923 0.3146853
0.8129496 0.8345324 0.8345324 0.8992806 0.942446 0.7913669 0.733813 0.7410072 0.7410072 0.7410072 0.76259
0.5703704 0.5185185 0.4518519 0.3703704 0.3777778 0.3481481 0.3259259 0.3555556 0.3851852 0.3777778 0.3777778
0.8368794 0.8794326 0.9219858 0.9148936 0.9432624 0.9361702 0.9078014 0.9574468 0.9503546 0.9929078 0.9858156
0.7421875 0.7265625 0.6875 0.59375 0.578125 0.515625 0.53125 0.53125 0.46875 0.4609375 0.453125
0.4744526 0.4817518 0.4087591 0.459854 0.5182482 0.4744526 0.5109489 0.4671533 0.3941606 0.3941606 0.3868613
0.2836879 0.2269504 0.1418440 0.05673759 0.05673759 0.05673759 0.04964539 0.07801418 0.06382979 0.03546099 0.02836879
0.6518519 0.6444444 0.5851852 0.5185185 0.4592593 0.4592593 0.4666667 0.4666667 0.437037 0.4518519 0.4888889
0.7956204 0.8175182 0.8248175 0.9051095 0.810219 0.7956204 0.7664234 0.7737226 0.7737226 0.7883212 0.7591241
0.2302158 0.2661871 0.3021583 0.3093525 0.3093525 0.3093525 0.294964 0.3165468 0.3093525 0.3309353 0.3093525
0.620438 0.6569343 0.649635 0.6058394 0.5182482 0.4160584 0.3503650 0.3868613 0.4233577 0.4160584 0.4233577
0.8257576 0.8257576 0.7954545 0.7878788 0.7424242 0.8409091 0.7878788 0.8560606 0.9015152 0.7954545 0.9015152
0.8943662 0.8521127 0.8521127 0.9507042 0.8732394 0.9225352 0.887324 0.8028169 0.8098592 0.9014085 0.8661972
0.6524823 0.7092199 0.7943262 0.8085106 0.8297872 0.8439716 0.822695 0.9007092 0.893617 0.8865248 0.8368794
0.4253731 0.4477612 0.4328358 0.4552239 0.4328358 0.3731343 0.3283582 0.3731343 0.4179104 0.4402985 0.4552239
0.4676259 0.5971223 0.7266187 0.7482014 0.7410072 0.7410072 0.6906475 0.7122302 0.6043165 0.589928 0.6546763
0.078125 0.1328125 0.1875 0.2421875 0.2109375 0.203125 0.1796875 0.21875 0.203125 0.1953125 0.171875
0.9242424 0.8333333 0.7954545 0.8030303 0.7424242 0.7272727 0.7575758 0.75 0.7651515 0.7272727 0.719697
0.4140625 0.390625 0.4921875 0.578125 0.59375 0.7109375 0.609375 0.609375 0.6796875 0.7109375 0.6953125
0.4964029 0.4460432 0.4388489 0.381295 0.352518 0.3597122 0.3093525 0.3597122 0.3453237 0.3669065 0.3309353
0.6296296 0.6296296 0.5037037 0.4222222 0.4148148 0.4444444 0.4 0.4740741 0.437037 0.4666667 0.4888889
0.3453237 0.3453237 0.352518 0.3381295 0.323741 0.2733813 0.2014388 0.2302158 0.1798561 0.2517986 0.2661871
0.3030303 0.3030303 0.3106061 0.3106061 0.3181818 0.4318182 0.3560606 0.3787879 0.3636364 0.4545455 0.5606061
0.1958042 0.2167832 0.2587413 0.2657343 0.2937063 0.3286713 0.3356643 0.3426573 0.3216783 0.3216783 0.3216783
0.5531915 0.5390071 0.5177305 0.3829787 0.3758865 0.3758865 0.3617021 0.3829787 0.4255319 0.3687943 0.3900709
0.04545455 0.04545455 0.1212121 0.1136364 0.1136364 0.1515152 0.1515152 0.1060606 0.1287879 0.1060606 0.1287879
0.4532374 0.3956835 0.3741007 0.3453237 0.352518 0.3309353 0.3093525 0.323741 0.3093525 0.323741 0.3165468
0.04545455 0.1060606 0.1212121 0.1287879 0.1515152 0.1742424 0.1439394 0.1060606 0.08333333 0.1060606 0.1136364
0.3941606 0.4014599 0.4233577 0.5547445 0.5620438 0.5912409 0.7007299 0.540146 0.4890511 0.4379562 0.4452555
0.078125 0.0625 0.078125 0.0546875 0.0625 0.1015625 0.0625 0.0546875 0.0625 0.03125 0.03125
0.2910448 0.3656716 0.4104478 0.4552239 0.6343284 0.6716418 0.6044776 0.6865672 0.6641791 0.6716418 0.6716418
0.3191489 0.2127660 0.1914894 0.1843972 0.1205674 0.1418440 0.1631206 0.1843972 0.1914894 0.2624113 0.2198582
0.6642336 0.810219 0.8248175 0.919708 0.9051095 0.8759124 0.8978102 0.839416 0.8686131 0.8686131 0.890511
0.1796875 0.2890625 0.4140625 0.546875 0.5859375 0.703125 0.5078125 0.5703125 0.6640625 0.6796875 0.6875
0.03030303 0.06060606 0.1439394 0.1439394 0.1893939 0.1287879 0.06060606 0.1363636 0.09848485 0.1439394 0.1287879
0.015625 0.0625 0.09375 0.09375 0.1171875 0.0859375 0.140625 0.171875 0.0859375 0.1015625 0.09375
0.7730496 0.8439716 0.8652482 0.9503546 0.8794326 0.8865248 0.822695 0.8723404 0.787234 0.8297872 0.8368794
0.09375 0.0703125 0.09375 0.1328125 0.1484375 0.15625 0.140625 0.1015625 0.140625 0.109375 0.1015625
0.951049 0.916084 0.8111888 0.8251748 0.8391608 0.7692308 0.7412587 0.7552448 0.7482517 0.7482517 0.7762238
0.5859375 0.6015625 0.640625 0.6328125 0.578125 0.46875 0.3984375 0.390625 0.4765625 0.375 0.40625
0.3828125 0.4140625 0.421875 0.4453125 0.5 0.4375 0.4296875 0.40625 0.4296875 0.515625 0.4921875
0.3515625 0.3359375 0.328125 0.3203125 0.3125 0.2734375 0.2734375 0.265625 0.28125 0.265625 0.2890625
0.7272727 0.7121212 0.6515152 0.5378788 0.530303 0.4393939 0.7045455 0.8560606 0.8712121 0.8712121 0.9242424
0.1567164 0.1044776 0.06716418 0.08955224 0.08208955 0.07462687 0.06716418 0.08208955 0.05970149 0.1343284 0.09701493
0.7578125 0.734375 0.703125 0.578125 0.4765625 0.4921875 0.71875 0.734375 0.71875 0.71875 0.75
0.5625 0.546875 0.578125 0.6484375 0.6484375 0.6484375 0.640625 0.6328125 0.59375 0.5546875 0.5625
0.5606061 0.530303 0.5681818 0.4621212 0.469697 0.4090909 0.4621212 0.4015152 0.4166667 0.3787879 0.3333333
0.4222222 0.4222222 0.4888889 0.5925926 0.6518519 0.5703704 0.4888889 0.4666667 0.5037037 0.5407407 0.4888889
0.984375 0.953125 0.9140625 0.8359375 0.7734375 0.8359375 0.8671875 0.8671875 0.9296875 0.9609375 0.9921875
0.1194030 0.2089552 0.2611940 0.3059701 0.3059701 0.2313433 0.2313433 0.2014925 0.2313433 0.2537313 0.2686567
0.3829787 0.3475177 0.3333333 0.3191489 0.2624113 0.2482270 0.2978723 0.2978723 0.2978723 0.3404255 0.3404255
0.2222222 0.2444444 0.1481481 0.1555556 0.1629630 0.1925926 0.5777778 0.6 0.562963 0.5703704 0.6222222
0.1818182 0.1969697 0.2196970 0.2272727 0.1969697 0.2272727 0.2272727 0.2045455 0.25 0.2424242 0.25
0.75 0.7348485 0.75 0.7727273 0.7348485 0.7272727 0.7348485 0.75 0.7727273 0.719697 0.7121212
0.3030303 0.2803030 0.2878788 0.2954545 0.2878788 0.2272727 0.2196970 0.2348485 0.2575758 0.25 0.25
0.8865248 0.8794326 0.8794326 0.8652482 0.9219858 0.9361702 0.9503546 0.9574468 0.9219858 0.8652482 0.9219858
0.9375 0.9765625 0.984375 0.9765625 0.984375 0.9921875 0.9921875 0.9765625 0.953125 0.9296875 0.96875
0.8828125 0.90625 0.96875 0.9296875 1 0.953125 0.984375 0.9140625 0.9921875 0.9765625 0.828125
0.0234375 0.03125 0.078125 0.1015625 0.1171875 0.125 0.109375 0.0625 0.078125 0.0703125 0.0703125
0.9854015 0.9489051 0.9562044 0.9489051 0.890511 0.9854015 0.9270073 0.9781022 0.919708 0.9343066 0.9270073
0.6013986 0.5034965 0.3426573 0.2657343 0.2237762 0.1888112 0.2307692 0.3146853 0.3006993 0.3146853 0.3216783
0.0703125 0.0703125 0.1171875 0.1328125 0.1484375 0.1484375 0.1015625 0.1015625 0.1015625 0.1171875 0.109375
0.5766423 0.540146 0.5766423 0.6715328 0.6642336 0.5839416 0.5182482 0.4963504 0.5328467 0.4890511 0.4671533
0.46875 0.5 0.4609375 0.515625 0.625 0.6875 0.6796875 0.6796875 0.7421875 0.7421875 0.734375
0.4242424 0.3484848 0.2954545 0.3030303 0.2954545 0.2954545 0.2727273 0.2651515 0.2878788 0.2727273 0.2651515
0.3521127 0.3591549 0.4295775 0.5915493 0.6408451 0.6619718 0.4929577 0.471831 0.4859155 0.4647887 0.5140845
0.4104478 0.380597 0.3059701 0.2611940 0.2537313 0.3059701 0.3358209 0.3059701 0.2985075 0.3208955 0.3134328
0.1185185 0.1555556 0.1333333 0.1703704 0.1777778 0.1777778 0.1703704 0.1555556 0.1481481 0.1555556 0.1333333
0.3125 0.3515625 0.390625 0.4296875 0.4921875 0.4140625 0.34375 0.296875 0.3359375 0.328125 0.3046875
0.1056338 0.08450704 0.04929577 0.04929577 0.05633803 0.04929577 0.04929577 0.04929577 0.04929577 0.03521127 0.03521127
0.5328467 0.5474453 0.4452555 0.4087591 0.4087591 0.4306569 0.5109489 0.4671533 0.4306569 0.4452555 0.4452555
0.1459854 0.1824818 0.2335766 0.2116788 0.2262774 0.2481752 0.2262774 0.2335766 0.2408759 0.2335766 0.2627737
0.2578125 0.234375 0.203125 0.1640625 0.1796875 0.203125 0.171875 0.1796875 0.21875 0.1875 0.1953125
0.953125 0.8828125 0.984375 0.9140625 0.9921875 0.96875 0.9296875 0.8984375 0.890625 0.9765625 0.9375
0.46875 0.4296875 0.3671875 0.34375 0.34375 0.328125 0.328125 0.34375 0.34375 0.3359375 0.3515625
0.2611940 0.3208955 0.3731343 0.4029851 0.4104478 0.4253731 0.3432836 0.3507463 0.3582090 0.3731343 0.380597
0.944056 0.8881119 0.8251748 0.8531469 0.8741259 0.7832168 0.7692308 0.7692308 0.8251748 0.7762238 0.7552448
0.2962963 0.3111111 0.3703704 0.3703704 0.4444444 0.5481481 0.5925926 0.562963 0.5407407 0.6074074 0.6222222
0.7686567 0.738806 0.7238806 0.6940299 0.6567164 0.619403 0.8059701 0.7462687 0.761194 0.761194 0.7761194
0.2740741 0.2222222 0.1481481 0.1703704 0.1851852 0.1851852 0.1777778 0.1925926 0.1851852 0.1555556 0.1703704
0.0703125 0.140625 0.21875 0.2265625 0.234375 0.1953125 0.1796875 0.1875 0.15625 0.1953125 0.1640625
0.765625 0.765625 0.8046875 0.8203125 0.8671875 0.875 0.8203125 0.8046875 0.7890625 0.796875 0.7734375
0.612676 0.6549296 0.7605634 0.7676056 0.7746479 0.9014085 0.8098592 0.7746479 0.7887324 0.7957746 0.8661972
0.919708 0.8467153 0.8248175 0.7956204 0.7956204 0.7956204 0.8832117 0.9416058 0.9051095 0.919708 0.810219
0.7727273 0.8181818 0.7727273 0.7878788 0.8560606 0.8636364 0.75 0.75 0.75 0.7651515 0.8939394
0.859375 0.890625 0.9140625 0.890625 0.9765625 0.9140625 0.9765625 0.9765625 0.9375 0.9453125 0.9140625
0.6940299 0.6567164 0.5970149 0.4402985 0.4179104 0.4402985 0.4328358 0.4477612 0.4776119 0.4402985 0.4253731
