0.05147059 0.04411765 0.01470588 0 0 0 0 0 0 0 0
0.5116279 0.6046512 0.5348837 0.5271318 0.5891473 0.3953488 0.372093 0.4108527 0.4496124 0.4573643 0.4573643
0.518797 0.5263158 0.4887218 0.4661654 0.4887218 0.556391 0.5413534 0.4736842 0.5338346 0.556391 0.5263158
0.8832117 0.8686131 0.8467153 0.919708 0.8978102 0.8978102 0.8978102 0.8978102 0.9270073 0.8467153 0.8978102
0.5177305 0.5602837 0.5602837 0.4468085 0.5248227 0.4751773 0.4113475 0.3900709 0.4539007 0.3971631 0.4042553
0.270073 0.2335766 0.2481752 0.1605839 0.1897810 0.1751825 0.1240876 0.1167883 0.1240876 0.1751825 0.1021898
0.9338235 0.8529412 0.867647 0.882353 0.9044118 0.8529412 0.875 0.9117647 0.8088235 0.875 0.8970588
0.1450382 0.1068702 0.1832061 0.2519084 0.2290076 0.3664122 0.3816794 0.4961832 0.4885496 0.5114504 0.6183206
0.2142857 0.2 0.1642857 0.1857143 0.2571429 0.2928571 0.3285714 0.4 0.3785714 0.4357143 0.4357143
0.5714286 0.6165414 0.6090226 0.6466165 0.6390977 0.6165414 0.593985 0.5864662 0.5639098 0.593985 0.5488722
0.4671533 0.4452555 0.4963504 0.5328467 0.6350365 0.6058394 0.5912409 0.6423358 0.6277372 0.7007299 0.7153285
0.5611511 0.5035971 0.6043165 0.589928 0.7482014 0.76259 0.7553957 0.7266187 0.8489209 0.8345324 0.8201439
0.1317829 0.1317829 0.1162791 0.1860465 0.2015504 0.2093023 0.3255814 0.3488372 0.4263566 0.4728682 0.5193798
0.6838235 0.7279412 0.7352941 0.7647059 0.7058824 0.6764706 0.6691176 0.617647 0.5514706 0.6029412 0.5441176
0.6046512 0.6434109 0.5426357 0.5891473 0.5813953 0.3953488 0.2945736 0.2945736 0.2170543 0.2015504 0.1550388
0.3816794 0.3206107 0.2977099 0.2977099 0.3206107 0.3358779 0.3816794 0.3740458 0.4427481 0.3969466 0.389313
0.1102941 0.1470588 0.1397059 0.1029412 0.08088235 0.06617647 0.08088235 0.09558824 0.1323529 0.1470588 0.1176471
0.03007519 0.05263158 0.03759398 0.03007519 0.03007519 0.04511278 0.06015038 0.06766917 0.09022556 0.09022556 0.1353383
0.3503650 0.2627737 0.4379562 0.4525547 0.5766423 0.6569343 0.6715328 0.7153285 0.7153285 0.7664234 0.7226277
0.5661765 0.5220588 0.5 0.4926471 0.5441176 0.5441176 0.5367647 0.625 0.7352941 0.7720588 0.7720588
0.742647 0.7352941 0.6911765 0.6102941 0.6985294 0.6617647 0.5661765 0.5514706 0.4779412 0.4632353 0.4117647
0.9302326 0.8604651 0.8992248 0.8604651 0.9379845 0.8139535 0.751938 0.751938 0.744186 0.6899225 0.6821705
0.4661654 0.4661654 0.4962406 0.4360902 0.4285714 0.5338346 0.5112782 0.5263158 0.4511278 0.4360902 0.4736842
0.9411765 0.8970588 0.9191176 0.882353 0.9264706 0.9411765 0.882353 0.7941176 0.8455882 0.875 0.7647059
0.2170543 0.1860465 0.1782946 0.2093023 0.2945736 0.3643411 0.3953488 0.4728682 0.4883721 0.4651163 0.5116279
0.2426471 0.3382353 0.2426471 0.1102941 0.09558824 0.05882353 0.0882353 0.02941176 0.02941176 0.02941176 0.01470588
0.270073 0.2408759 0.2919708 0.270073 0.3138686 0.4014599 0.459854 0.4817518 0.5182482 0.5182482 0.5839416
0.8914729 0.8139535 0.7596899 0.7829457 0.7286822 0.5116279 0.372093 0.2790698 0.1937984 0.2170543 0.2015504
0.8421053 0.9172932 0.8345865 0.8421053 0.8421053 0.849624 0.8947368 0.9323308 0.8345865 0.8345865 0.8421053
0.270073 0.1970803 0.2189781 0.2408759 0.2189781 0.270073 0.1970803 0.2043796 0.1678832 0.1751825 0.1678832
0.1052632 0.09774436 0.1203008 0.09022556 0.09022556 0.06766917 0.07518797 0.08270677 0.09022556 0.09022556 0.09022556
0.4748201 0.5107914 0.5035971 0.6258993 0.6618705 0.6618705 0.7769784 0.7913669 0.7769784 0.8345324 0.8201439
0.04580153 0.03816794 0.03816794 0.03816794 0.03053435 0.03053435 0.02290076 0.04580153 0.04580153 0.0610687 0.06870229
0.7058824 0.7279412 0.6838235 0.632353 0.6470588 0.4558824 0.4264706 0.3014706 0.1764706 0.1470588 0.1544118
0.9302326 0.9069767 0.8992248 0.9224806 0.9147287 0.8992248 0.8604651 0.8914729 0.875969 0.751938 0.9302326
0.3458647 0.3609023 0.4360902 0.3533835 0.3909774 0.3082707 0.2932331 0.3458647 0.3082707 0.2330827 0.2255639
0.2093023 0.1162791 0.1705426 0.3333333 0.3953488 0.6744186 0.6976744 0.6356589 0.6976744 0.8294574 0.9302326
0.5419847 0.6564885 0.5267176 0.4580153 0.4122137 0.2519084 0.1603053 0.08396947 0.04580153 0.05343511 0.03816794
0.3602941 0.4117647 0.3676471 0.3602941 0.3823529 0.3308824 0.4264706 0.3602941 0.3970588 0.4411765 0.4191176
0.1631206 0.1631206 0.2482270 0.1134752 0.1773050 0.1063830 0.1702128 0.2269504 0.2340426 0.2695035 0.2482270
0.7794118 0.7794118 0.8161765 0.7941176 0.8235294 0.9338235 0.8308824 0.8970588 0.8455882 0.875 0.7794118
0.8604651 0.9069767 0.9612403 0.8139535 0.8294574 0.7596899 0.7674419 0.7131783 0.6976744 0.6899225 0.7209302
0.2255639 0.2030075 0.2030075 0.1428571 0.1203008 0.09022556 0.08270677 0.1127820 0.09022556 0.1127820 0.1127820
0.8455882 0.8014706 0.8088235 0.8088235 0.8014706 0.7352941 0.7205882 0.7205882 0.625 0.6617647 0.5588235
0.2262774 0.2627737 0.1970803 0.1970803 0.1897810 0.1678832 0.2481752 0.2335766 0.3065693 0.3357664 0.3430657
0.4887218 0.4285714 0.4661654 0.4887218 0.5864662 0.6090226 0.6015038 0.7443609 0.6691729 0.8345865 0.7368421
0.1007194 0.1438849 0.1007194 0.07913669 0.1079137 0.1294964 0.1151079 0.1294964 0.1223022 0.1151079 0.1223022
0.5294118 0.5147059 0.5735294 0.5808824 0.6397059 0.6617647 0.6691176 0.617647 0.6838235 0.6470588 0.6911765
0.6259542 0.6793893 0.6335878 0.5801527 0.5954198 0.5496183 0.5954198 0.5572519 0.4885496 0.4656489 0.4427481
0.8604651 0.883721 0.8992248 0.8139535 0.8604651 0.7054264 0.6589147 0.5193798 0.4883721 0.5271318 0.503876
0.3088235 0.3382353 0.2647059 0.2794118 0.3014706 0.375 0.3823529 0.3897059 0.4191176 0.4485294 0.4558824
0.323741 0.2446043 0.2589928 0.3381295 0.2805755 0.323741 0.3884892 0.3669065 0.3884892 0.3956835 0.4820144
0.961832 0.9160305 0.9236641 0.961832 0.9160305 0.8854962 0.9541985 0.8854962 0.9236641 0.9007634 0.908397
0.9562044 0.9270073 0.919708 0.9343066 0.919708 0.9051095 0.8029197 0.890511 0.8613139 0.8467153 0.8978102
0.8357143 0.8571429 0.7928571 0.8357143 0.8428571 0.8571429 0.8 0.8071429 0.7714286 0.8142857 0.8357143
0.05882353 0.06617647 0.04411765 0.02941176 0.05882353 0.05882353 0.04411765 0.05882353 0.05882353 0.05882353 0.0882353
0.9852941 0.9779412 0.992647 0.992647 0.9338235 0.9705882 0.9044118 0.9705882 0.8529412 0.875 0.8970588
0.1094891 0.1240876 0.05839416 0.03649635 0.05109489 0.03649635 0.02189781 0.02189781 0.02919708 0.01459854 0.02189781
0.5348837 0.5813953 0.4728682 0.372093 0.2868217 0.1937984 0.1162791 0.09302326 0.1085271 0.05426357 0.03100775
0.3065693 0.3357664 0.3795620 0.2481752 0.2189781 0.1970803 0.1678832 0.1240876 0.1678832 0.1532847 0.1459854
0.8244275 0.7862595 0.7709924 0.7709924 0.7328244 0.6412214 0.5648855 0.4961832 0.4580153 0.4580153 0.4198473
0.3722628 0.3357664 0.2992701 0.2408759 0.2262774 0.2992701 0.3357664 0.3357664 0.3357664 0.4452555 0.4890511
0.5214286 0.5214286 0.5642857 0.3071429 0.2571429 0.1642857 0.1571429 0.1357143 0.08571429 0.1071429 0.05714286
0.5839416 0.6569343 0.5839416 0.620438 0.6642336 0.6350365 0.7007299 0.6642336 0.540146 0.5912409 0.5985401
0.5107914 0.5179856 0.5107914 0.4892086 0.2805755 0.3741007 0.352518 0.294964 0.3381295 0.3669065 0.3741007
0.03546099 0.04964539 0.02836879 0.04964539 0.05673759 0.04964539 0.09929078 0.1489362 0.2056738 0.2695035 0.3191489
0.9302326 0.9147287 0.875969 0.8372093 0.8294574 0.8992248 0.8217054 0.7829457 0.875969 0.8372093 0.9302326
0.3714286 0.4428571 0.4 0.3214286 0.3928571 0.4285714 0.4214286 0.4857143 0.4857143 0.4285714 0.5071429
0.8778626 0.8778626 0.9236641 0.832061 0.8625954 0.8854962 0.9541985 0.8854962 0.9236641 0.9007634 0.908397
0.8421053 0.81203 0.8796992 0.81203 0.7067669 0.6992481 0.6842105 0.5864662 0.6165414 0.5639098 0.5488722
0.5514706 0.5220588 0.5514706 0.5441176 0.5294118 0.375 0.4632353 0.4485294 0.4558824 0.4632353 0.4411765
0.1691176 0.1911765 0.1838235 0.1985294 0.2058824 0.2352941 0.2573529 0.25 0.1985294 0.2426471 0.2279412
0.6691729 0.6015038 0.6541353 0.5864662 0.631579 0.5864662 0.5488722 0.5639098 0.4887218 0.3909774 0.4511278
0.9302326 0.8992248 0.9379845 0.883721 0.8294574 0.8372093 0.8604651 0.8294574 0.8294574 0.8294574 0.7829457
0.07194245 0.09352518 0.1079137 0.1510791 0.2014388 0.1798561 0.2158273 0.2374101 0.2661871 0.2733813 0.294964
0.540146 0.5109489 0.4963504 0.540146 0.5328467 0.5766423 0.6277372 0.5839416 0.6058394 0.5693431 0.5985401
0.8244275 0.8473282 0.8473282 0.8549618 0.8396947 0.8625954 0.9007634 0.870229 0.9236641 0.9007634 0.908397
0.9929078 0.9787234 0.9858156 0.9503546 0.9574468 0.9574468 0.9148936 0.9007092 0.8368794 0.8156028 0.8794326
0.7906977 0.751938 0.7751938 0.7596899 0.8372093 0.8992248 0.8217054 0.8914729 0.9534884 0.8372093 0.9302326
0.3071429 0.25 0.3357143 0.3357143 0.4142857 0.4428571 0.55 0.5928571 0.6714286 0.8142857 0.6571429
0.6356589 0.6356589 0.7364341 0.7906977 0.7906977 0.9147287 0.8604651 0.9534884 0.883721 0.9379845 0.9302326
0.1353383 0.09022556 0.06766917 0.1278195 0.2030075 0.1729323 0.2781955 0.3383459 0.3308271 0.3308271 0.406015
0.7142857 0.7443609 0.6992481 0.6691729 0.6766917 0.7142857 0.6541353 0.6541353 0.6691729 0.631579 0.7293233
0.4122137 0.3435115 0.3664122 0.5648855 0.5725191 0.6870229 0.6717557 0.6870229 0.8396947 0.740458 0.8244275
0.3597122 0.3093525 0.3669065 0.4172662 0.4604317 0.4964029 0.5035971 0.5395683 0.5971223 0.6546763 0.6115108
0.6115108 0.6402878 0.6115108 0.5539568 0.4676259 0.4964029 0.4028777 0.3884892 0.3093525 0.323741 0.3597122
0.2919708 0.3284672 0.3065693 0.3211679 0.2335766 0.2262774 0.2335766 0.2262774 0.270073 0.2262774 0.2773723
0.4044118 0.4411765 0.4264706 0.4264706 0.5294118 0.5661765 0.6102941 0.5735294 0.5808824 0.5588235 0.6397059
0.5441176 0.5808824 0.5808824 0.5147059 0.4558824 0.375 0.375 0.3602941 0.3088235 0.3088235 0.2941176
0.007142857 0 0 0.02142857 0.02142857 0.02857143 0.05714286 0.1071429 0.1 0.1285714 0.1571429
0.1617647 0.1470588 0.1029412 0.05147059 0.02205882 0.007352941 0 0 0 0 0.007352941
0.9767442 0.992248 0.9844961 0.9689922 0.992248 0.9379845 1 0.8914729 0.9534884 0.9379845 0.9302326
0.08270677 0.1052632 0.1278195 0.2105263 0.1428571 0.1203008 0.1954887 0.2255639 0.2330827 0.3082707 0.2330827
0.6524823 0.6241135 0.680851 0.7588652 0.7021277 0.6241135 0.6170213 0.6099291 0.7092199 0.6666667 0.6241135
0.8529412 0.9117647 0.882353 0.9558824 0.9485294 0.9191176 0.9117647 0.9779412 0.8897059 0.875 0.8529412
0.2482270 0.2765957 0.2978723 0.3049645 0.4326241 0.4609929 0.5177305 0.6099291 0.6453901 0.680851 0.680851
0.1617647 0.2132353 0.125 0.07352941 0.0882353 0.05882353 0.0882353 0.06617647 0.07352941 0.07352941 0.0882353
0.6142857 0.5928571 0.5857143 0.6928571 0.7142857 0.6928571 0.6785714 0.7857143 0.7571429 0.8214286 0.7214286
0.7956204 0.8832117 0.9270073 0.8759124 0.919708 0.9124088 0.9051095 0.9416058 0.8759124 0.8978102 0.8321168
0.08396947 0.09160305 0.06870229 0.1145038 0.1221374 0.1068702 0.09160305 0.2366412 0.2366412 0.2977099 0.2519084
0.7829457 0.6434109 0.7364341 0.7131783 0.7596899 0.7751938 0.7751938 0.751938 0.7829457 0.8294574 0.9302326
0.3161765 0.3823529 0.3676471 0.4705882 0.4705882 0.4485294 0.3970588 0.3676471 0.2941176 0.2867647 0.2941176
0.5338346 0.5789474 0.5112782 0.5864662 0.5639098 0.5639098 0.6090226 0.5789474 0.481203 0.5037594 0.4360902
0.3458647 0.3383459 0.3684211 0.2781955 0.2781955 0.3082707 0.2706767 0.2180451 0.2330827 0.2255639 0.1954887
0.6564885 0.6946565 0.648855 0.5648855 0.519084 0.4274809 0.4961832 0.4732824 0.4885496 0.4503817 0.4961832
0.4122137 0.3358779 0.4351145 0.4122137 0.3206107 0.4503817 0.4427481 0.4961832 0.4885496 0.5038168 0.519084
0.6911765 0.5661765 0.6617647 0.6102941 0.6102941 0.6544118 0.5735294 0.5955882 0.5220588 0.5073529 0.4852941
0.6546763 0.6258993 0.6115108 0.647482 0.6690647 0.6906475 0.6978417 0.6978417 0.5971223 0.5539568 0.5755396
0.3383459 0.2932331 0.4285714 0.4285714 0.4285714 0.4511278 0.3759398 0.3308271 0.3007519 0.2631579 0.2030075
0.4705882 0.4705882 0.4632353 0.4779412 0.5073529 0.5220588 0.4705882 0.5882353 0.5514706 0.625 0.632353
0.9147287 0.883721 0.8992248 0.883721 0.8294574 0.8372093 0.8139535 0.7829457 0.7906977 0.751938 0.8139535
0.03649635 0.05839416 0.03649635 0.02189781 0.04379562 0.02189781 0.02189781 0.03649635 0.04379562 0.02189781 0.04379562
0.4087591 0.4087591 0.3722628 0.4379562 0.4671533 0.4452555 0.4525547 0.4890511 0.4671533 0.4233577 0.4233577
0.3970588 0.3529412 0.3088235 0.3529412 0.4485294 0.4852941 0.5514706 0.5955882 0.5735294 0.5147059 0.5588235
0.0729927 0.08029197 0.09489051 0.06569343 0.1094891 0.1094891 0.1970803 0.2481752 0.2554745 0.2846715 0.3357664
0.3475177 0.3120567 0.3191489 0.2482270 0.2836879 0.2765957 0.1914894 0.2269504 0.2553191 0.2127660 0.2127660
0.2748092 0.3129771 0.2900763 0.2824427 0.3206107 0.4198473 0.4732824 0.5267176 0.5572519 0.5801527 0.610687
0.7518248 0.729927 0.8248175 0.7591241 0.7664234 0.7591241 0.7226277 0.7080292 0.6788321 0.6569343 0.5693431
0.1 0.08571429 0.1571429 0.1857143 0.2285714 0.25 0.3285714 0.3785714 0.3785714 0.4 0.4357143
0.9699248 0.9473684 0.924812 0.8947368 0.9398496 0.9548872 0.9022556 0.849624 0.887218 0.8345865 0.8421053
0.964539 0.9148936 0.9361702 0.9716312 0.964539 0.9716312 0.9716312 0.9787234 0.9148936 0.8652482 0.8794326
0.8244275 0.8473282 0.870229 0.8625954 0.8396947 0.9312977 0.9007634 0.9770992 0.9236641 0.9007634 0.908397
0.07194245 0.1007194 0.09352518 0.1079137 0.08633094 0.1510791 0.1582734 0.2230216 0.2086331 0.2446043 0.2589928
0.4087591 0.4671533 0.4014599 0.2627737 0.2846715 0.2481752 0.1678832 0.0729927 0.1021898 0.08759124 0.05839416
0.1627907 0.1860465 0.1705426 0.1085271 0.04651163 0.03100775 0.01550388 0.007751938 0.007751938 0.007751938 0.007751938
0.1824818 0.1897810 0.2627737 0.2043796 0.2627737 0.2992701 0.3576642 0.4087591 0.4525547 0.4963504 0.4890511
0.9612403 0.9302326 0.9689922 0.9612403 0.9379845 0.9069767 0.875969 0.8914729 0.875969 0.8294574 0.9302326
0.4338235 0.4705882 0.3970588 0.3529412 0.2720588 0.1323529 0.1985294 0.1323529 0.1029412 0.0882353 0.05882353
0.5 0.4558824 0.4632353 0.5955882 0.6838235 0.6617647 0.7132353 0.75 0.742647 0.7205882 0.8529412
0.4071429 0.3785714 0.4428571 0.4071429 0.4428571 0.4642857 0.35 0.3357143 0.3214286 0.3071429 0.2642857
0.08088235 0.125 0.02941176 0.02941176 0.01470588 0.007352941 0 0.01470588 0.007352941 0.01470588 0.007352941
0.4525547 0.4452555 0.4379562 0.4963504 0.5036496 0.5036496 0.5255474 0.620438 0.6569343 0.6423358 0.6788321
0.007194245 0.007194245 0.007194245 0 0.01438849 0.01438849 0.01438849 0.05035971 0.04316547 0.1007194 0.1079137
0.3576642 0.3284672 0.3357664 0.3357664 0.2919708 0.2043796 0.1970803 0.1313869 0.1021898 0.1313869 0.1167883
0.5182482 0.5693431 0.4963504 0.540146 0.620438 0.5547445 0.5839416 0.5985401 0.6058394 0.6861314 0.6715328
0.0610687 0.05343511 0.04580153 0.1145038 0.1145038 0.1679389 0.2137405 0.2900763 0.3435115 0.3129771 0.4274809
0.08396947 0.1068702 0.1221374 0.1221374 0.09160305 0.06870229 0.0610687 0.06870229 0.08396947 0.1068702 0.07633588
0.8652482 0.8510638 0.787234 0.7801418 0.7588652 0.8794326 0.8510638 0.7943262 0.9148936 0.8652482 0.8794326
0.5744681 0.6241135 0.6028369 0.4893617 0.4326241 0.3758865 0.2836879 0.2056738 0.1489362 0.1489362 0.1560284
1 0.9457364 0.9767442 0.9457364 0.9147287 0.8372093 0.8139535 0.7984496 0.7829457 0.751938 0.7829457
0.1214286 0.1357143 0.1357143 0.2071429 0.2571429 0.25 0.3428571 0.3642857 0.35 0.3285714 0.3642857
0.8015267 0.8473282 0.7709924 0.7938931 0.8167939 0.8091603 0.7251908 0.7022901 0.6793893 0.6335878 0.6717557
0.9927007 1 0.9927007 0.970803 0.9781022 0.970803 0.970803 0.9562044 0.9270073 0.8467153 0.8978102
0.6564885 0.6793893 0.5267176 0.480916 0.4656489 0.3664122 0.3053435 0.2366412 0.2442748 0.1908397 0.2442748
0.1824818 0.1386861 0.1897810 0.1751825 0.2262774 0.1459854 0.1678832 0.2481752 0.2554745 0.2408759 0.2481752
0.8214286 0.7428571 0.7428571 0.7714286 0.8642857 0.7642857 0.8428571 0.8071429 0.8142857 0.8857143 0.8357143
0.6946565 0.6183206 0.6870229 0.7099237 0.6564885 0.7480916 0.7099237 0.7862595 0.778626 0.832061 0.7557252
0.7883212 0.839416 0.7518248 0.7372263 0.7518248 0.6423358 0.5255474 0.4817518 0.3503650 0.3503650 0.3503650
0.503876 0.4883721 0.503876 0.5968992 0.7674419 0.7596899 0.9302326 0.8294574 0.875969 0.9379845 0.9302326
0.810219 0.7518248 0.7372263 0.8467153 0.7956204 0.8832117 0.8686131 0.8029197 0.8759124 0.839416 0.8321168
0.5827338 0.5827338 0.6115108 0.5323741 0.5179856 0.3309353 0.2014388 0.1942446 0.1079137 0.1079137 0.08633094
