0.6617647 0.617647
0.1764706 0.1911765
0.8540146 0.7664234
0.5827338 0.589928
0.1838235 0.2279412
0.3669065 0.1798561
0.1397059 0.1544118
0.1151079 0.1510791
0.2785714 0.3642857
0.3134328 0.2835821
0.7410072 0.6906475
0.1590909 0.1439394
0.7878788 0.7651515
0.1798561 0.1870504
0.2214286 0.2285714
0.1439394 0.1742424
0.1060606 0.1212121
0.2424242 0.2045455
0.2761194 0.2089552
0.810219 0.7883212
0.2248062 0.1395349
0.7131783 0.7364341
0.2910448 0.2761194
0.3191489 0.3191489
0.1285714 0.1214286
0.1167883 0.1313869
0.3643411 0.3023256
0.4883721 0.6124031
0.1544118 0.1544118
0.1397059 0.1617647
0.2086331 0.1942446
0.649635 0.5036496
0.4253731 0.2313433
0.3741007 0.6330935
0.2651515 0.1439394
0.1798561 0.1726619
0.15 0.1428571
0.1240876 0.1240876
0.4469697 0.5075758
0.939394 0.9318182
0.1897810 0.1970803
0.1167883 0.1167883
0.3333333 0.372093
0.1838235 0.1617647
0.496124 0.3953488
0.1438849 0.1798561
0.294964 0.3309353
0.4883721 0.4573643
0.2573529 0.25
0.25 0.2571429
0.4242424 0.4772727
0.2230216 0.1942446
0.1870504 0.1798561
0.25 0.2571429
0.6617647 0.625
0.540146 0.4452555
0.3409091 0.25
0.4651163 0.3488372
0.2695035 0.3191489
0.1134752 0.1134752
0.822695 0.8014184
0.1857143 0.1785714
0.7089552 0.5746269
0.1702128 0.1276596
0.1136364 0.1136364
0.3488372 0.2248062
0.2835821 0.2835821
0.2635659 0.2558140
0.1970803 0.1605839
0.4015152 0.4318182
0.1151079 0.1223022
0.5142857 0.2714286
0.7984496 0.7596899
0.2403101 0.248062
0.2558140 0.1937984
0.5151515 0.3333333
0.1590909 0.1666667
0.1287879 0.1287879
0.2170543 0.2403101
0.780303 0.75
0.1223022 0.1223022
0.4924242 0.810606
0.1136364 0.1136364
0.3134328 0.3656716
0.4469697 0.5075758
0.3134328 0.3582090
0.1240876 0.1459854
0.1119403 0.1119403
0.3030303 0.4621212
0.1627907 0.248062
0.8529412 0.757353
0.1438849 0.1294964
0.1716418 0.1417910
0.2086331 0.2086331
0.1764706 0.2058824
0.6617647 0.7352941
0.2695035 0.1914894
0.1167883 0.1167883
0.1287879 0.1287879
0.3030303 0.2954545
0.4676259 0.4028777
0.1136364 0.1060606
0.2945736 0.3023256
0.1865672 0.1492537
0.6666667 0.7424242
0.4328358 0.3059701
0.6470588 0.632353
0.1285714 0.1214286
0.2279412 0.25
0.1726619 0.1582734
0.9562044 0.9562044
0.2045455 0.2348485
0.3023256 0.2635659
0.1119403 0.1119403
0.7214286 0.8357143
0.1162791 0.1162791
0.1044776 0.1044776
0.3409091 0.1969697
0.2713178 0.1937984
0.1798561 0.1942446
0.810606 0.8560606
0.4748201 0.5035971
0.1136364 0.1136364
0.2374101 0.294964
0.3410853 0.3023256
0.2230216 0.3093525
0.469697 0.2954545
0.2335766 0.2262774
0.3235294 0.3161765
0.5833333 0.6515152
0.1742424 0.1742424
0.2651515 0.25
0.5177305 0.6099291
0.2910448 0.3283582
0.2878788 0.25
0.1798561 0.1726619
0.2045455 0.1590909
0.5681818 0.780303
0.3785714 0.4785714
0.2089552 0.1791045
0.3636364 0.4166667
0.1386861 0.2043796
0.2713178 0.2325581
0.1134752 0.1134752
0.1136364 0.1136364
0.2985075 0.2089552
0.2086331 0.3093525
0.7424242 0.7121212
0.3178295 0.2403101
0.4680851 0.7304965
0.1702128 0.1560284
