0.5251799 0.5179856
0.1230769 0.1384615
0.2769231 0.2230769
0.1532847 0.1459854
0.1230769 0.1230769
0.9202899 0.768116
0.1510791 0.1726619
0.2406015 0.3082707
0.3503650 0.1824818
0.1503759 0.1428571
0.2928571 0.3714286
0.1478873 0.1619718
0.5263158 0.3684211
0.1846154 0.2076923
0.648855 0.7175573
0.1214286 0.1214286
0.09022556 0.1203008
0.1846154 0.2076923
0.7112676 0.5774648
0.1984733 0.1755725
0.4586466 0.3458647
0.3609023 0.2932331
0.1459854 0.1386861
0.5343511 0.6412214
0.1021898 0.1240876
0.1142857 0.1214286
0.2977099 0.3664122
0.2394366 0.2253521
0.09022556 0.1052632
0.1142857 0.1142857
0.1267606 0.1267606
0.2753623 0.2971014
0.4637681 0.4130435
0.1804511 0.1804511
0.7669173 0.6240602
0.1353383 0.1203008
0.1503759 0.2406015
0.1230769 0.1230769
0.4642857 0.5
0.5801527 0.6641221
0.4615385 0.4461538
0.2394366 0.2676056
0.1755725 0.1908397
0.1230769 0.1307692
0.1615385 0.1846154
0.323741 0.294964
0.2573529 0.25
0.1459854 0.1459854
0.3076923 0.2923077
0.1304348 0.1304348
0.3381295 0.2446043
0.3478261 0.3043478
0.5109489 0.3430657
0.2043796 0.270073
0.375 0.3161765
0.4014085 0.4647887
0.3759398 0.3533835
0.8571429 0.9428571
0.4705882 0.3676471
0.1353383 0.1278195
0.4928571 0.4571429
0.5547445 0.2992701
0.3093525 0.3165468
0.8345865 0.593985
0.1307692 0.1384615
0.3795620 0.2992701
0.6617647 0.5
0.4122137 0.4503817
0.5217391 0.5434783
0.2692308 0.3153846
0.1544118 0.1397059
0.3941606 0.3576642
0.1798561 0.1798561
0.1617647 0.1911765
0.1240876 0.1386861
0.2 0.1923077
0.3795620 0.5839416
0.3597122 0.2158273
0.6946565 0.6946565
0.2132353 0.1985294
0.1654676 0.1654676
0.5179856 0.4532374
0.1578947 0.1353383
0.3816794 0.3435115
0.1438849 0.1438849
0.3478261 0.3985507
0.1307692 0.1384615
0.1079137 0.1079137
0.648855 0.6412214
0.1304348 0.1304348
0.2928571 0.3642857
0.1428571 0.1729323
0.3142857 0.3285714
0.1461538 0.1384615
0.2394366 0.2676056
0.3692308 0.4384615
0.6616541 0.7894737
0.1578947 0.1503759
0.1203008 0.1203008
0.1203008 0.1278195
0.3785714 0.5428571
0.1176471 0.1102941
0.4285714 0.4661654
0.4285714 0.3609023
0.2857143 0.2105263
0.4285714 0.3834586
0.389313 0.4503817
0.09022556 0.09022556
0.1615385 0.1538462
0.4577465 0.4366197
0.4779412 0.3970588
0.2977099 0.3816794
0.1755725 0.1603053
0.1450382 0.1450382
0.3478261 0.3043478
0.129771 0.129771
0.2076923 0.2076923
0.4887218 0.3383459
0.2857143 0.2105263
0.3740458 0.4656489
0.1984733 0.2137405
0.4782609 0.442029
0.1461538 0.1384615
0.5488722 0.6240602
0.5714286 0.5037594
0.2992701 0.270073
0.3478261 0.3405797
0.4071429 0.4928571
0.4779412 0.3161765
0.2406015 0.1804511
0.2132353 0.25
0.1617647 0.1764706
0.1240876 0.1824818
0.648855 0.6717557
0.6541353 0.4285714
0.2137405 0.2137405
0.4736842 0.3834586
0.6946565 0.7862595
0.3383459 0.2105263
0.7142857 0.7293233
0.3669065 0.5035971
0.1549296 0.1690141
0.5923077 0.4076923
0.1470588 0.1323529
0.1911765 0.1691176
0.481203 0.4586466
0.2573529 0.2426471
0.9927536 0.8768116
0.1954887 0.2030075
0.7173913 0.8550725
0.9923077 0.9923077
