0.058 0.072
0.168 0.156
0.088 0.106
0.06 0.098
0.162 0.18
0.028 0.018
0.098 0.08
0.062 0.036
0.036 0.034
0.058 0.05
0.132 0.13
0.082 0.06
0.064 0.052
0.196 0.16
0.13 0.096
0.082 0.1
0.128 0.104
0.028 0.024
0.094 0.116
0.082 0.092
0.054 0.066
0.112 0.096
0.026 0.028
0.05 0.066
0.2 0.182
0.072 0.098
0.132 0.112
0.058 0.07
0.254 0.238
0.248 0.25
0.148 0.152
0.198 0.192
0.09 0.07
0.086 0.078
0.088 0.086
0.318 0.302
0.194 0.184
0.148 0.122
0.104 0.114
0.05 0.036
0.172 0.15
0.094 0.088
0.156 0.164
0.052 0.048
0.256 0.298
0.038 0.052
0.064 0.072
0.218 0.192
0.032 0.028
0.042 0.028
0.094 0.074
0.078 0.078
0.044 0.064
0.102 0.108
0.114 0.15
0.2 0.256
0.128 0.174
0.272 0.312
0.142 0.122
0.098 0.086
0.044 0.036
0.14 0.192
0.084 0.064
0.146 0.18
0.012 0.024
0.142 0.132
0.146 0.174
0.142 0.118
0.16 0.2
0.036 0.024
0.13 0.136
0.082 0.108
0.008 0.022
0.06 0.052
0.04 0.034
0.048 0.046
0.056 0.06
0.16 0.154
0.048 0.03
0.138 0.126
0.03 0.04
0.144 0.188
0.044 0.038
0.094 0.104
0.156 0.188
0.084 0.098
0.246 0.206
0.192 0.174
0.028 0.024
0.064 0.064
0.21 0.154
0.252 0.194
0.026 0.018
0.094 0.122
0.08 0.104
0.126 0.108
0.15 0.18
0.014 0.026
0.21 0.2
0.186 0.216
0.152 0.158
0.126 0.092
0.2 0.192
0.144 0.17
0.128 0.122
0.062 0.064
0.178 0.142
0.032 0.028
0.026 0.014
0.034 0.028
0.122 0.12
0.286 0.278
0.122 0.124
0.01 0.026
0.186 0.152
0.062 0.052
0.082 0.054
0.1 0.1
0.072 0.076
0.144 0.13
0.056 0.07
0.136 0.116
0.046 0.054
0.12 0.13
0.144 0.138
0.118 0.116
0.13 0.134
0.264 0.26
0.038 0.046
0.018 0.028
0.144 0.126
0.008 0.012
0.142 0.126
0.022 0.014
0.14 0.15
0.092 0.082
