0.6451613 0.6290323
0.6583333 0.7083333
0.7559055 0.6377953
0.8888889 0.8803419
0.2051282 0.3247863
0.9354839 0.9354839
0.336 0.472
0.4435484 0.3306452
0.88 0.936
0.9669421 0.9504132
0.4916667 0.45
0.5583333 0.5333333
0.4102564 0.3846154
0.232 0.232
0.5433071 0.6692913
0.1900826 0.05785124
0.08064516 0.1290323
0.8376068 0.8888889
0.2204724 0.2125984
0.8290598 0.7863248
0.7521368 0.8547009
0.5289256 0.5123967
0.8870968 0.9032258
0.5322581 0.6290323
0.1709402 0.2222222
0.5583333 0.6166667
0.008064516 0.008064516
0.88 0.936
0.1322314 0.0909091
0.224 0.16
0.7903226 0.7903226
0.08 0.056
0.7768595 0.6859504
0.2975207 0.4132231
0.7520661 0.5702479
0.01666667 0.025
0.06299213 0.05511811
0.3145161 0.2822581
0.35 0.4083333
0.472 0.328
0.6495726 0.5641026
0.2222222 0.1623932
0.4032258 0.4596774
0.8717949 0.7435897
0.0909091 0.0909091
0.256 0.136
0.6363636 0.785124
0.04958678 0.04132231
0.9916667 0.9916667
0.7833333 0.7583333
0.5897436 0.4444444
0.3719008 0.4876033
0.8429752 0.8429752
0.2083333 0.3166667
0.112 0.088
0.744 0.472
0.24 0.352
0.2051282 0.1452991
0.1196581 0.2905983
0.8264463 0.7603306
0.9256198 0.8264463
0.225 0.2916667
0.8548387 0.9193548
0.6062992 0.6456693
0.9833333 0.9166667
0.125 0.125
0.01612903 0.02419355
0.216 0.2
0.2136752 0.1880342
0.6771654 0.7244094
0.4677419 0.5483871
0.048 0.072
0.9583333 0.9416667
0.272 0.296
0.8595041 0.6859504
0.5123967 0.3305785
0.375 0.4333333
0.4274194 0.5403226
0.7833333 0.7583333
0.2096774 0.2258065
0.825 0.875
0.2083333 0.2083333
0.4330709 0.5905512
0.8306452 0.7983871
0.225 0.3083333
0.2580645 0.2741935
0.5322581 0.7016129
0.28 0.36
0.592 0.384
0.8842975 0.7768595
0.25 0.2166667
0.4083333 0.3833333
0.9166667 0.875
0.9669421 0.983471
0.7521368 0.7692308
0.2 0.175
0.552 0.432
0.7833333 0.775
0.6198347 0.5454545
0.1666667 0.1583333
0.8677686 0.9090909
0.416 0.352
0.2975207 0.2727273
0.5564516 0.6290323
0.125 0.225
0.6692913 0.5511811
0.008264463 0.01652893
0.876033 0.8677686
0.832 0.904
0.8677686 0.8181818
0.08547009 0.03418803
0.48 0.44
0.6033058 0.5785124
0.832 0.936
0.08870968 0.08870968
0.8951613 0.8709677
0.8387097 0.7016129
0.3 0.3666667
0.3416667 0.475
0.2083333 0.1583333
0.9256198 0.9669421
0.5833333 0.575
0.7419355 0.733871
0.6033058 0.5454545
0.3504274 0.2564103
0.8034188 0.7521368
0.3870968 0.3225806
0.008264463 0.008264463
0.8512397 0.8677686
0.4102564 0.3247863
0.8416667 0.9
0.96 0.976
0.553719 0.4049587
0.9833333 0.9333333
0.5833333 0.6333333
0.4566929 0.5511811
