0.076 0.076
0.16 0.142
0.078 0.078
0.068 0.082
0.086 0.1
0.03 0.022
0.052 0.032
0.162 0.152
0.036 0.032
0.082 0.094
0.166 0.184
0.118 0.118
0.076 0.07
0.152 0.152
0.248 0.212
0.096 0.094
0.182 0.194
0.04 0.058
0.124 0.154
0.08 0.088
0.068 0.068
0.15 0.128
0.032 0.018
0.036 0.05
0.29 0.214
0.048 0.034
0.134 0.146
0.094 0.114
0.268 0.274
0.15 0.134
0.298 0.268
0.17 0.188
0.078 0.078
0.042 0.044
0.064 0.064
0.072 0.082
0.112 0.068
0.194 0.218
0.07 0.062
0.03 0.042
0.068 0.036
0.074 0.08
0.112 0.092
0.098 0.108
0.172 0.19
0.076 0.062
0.032 0.04
0.184 0.152
0.036 0.018
0.05 0.06
0.108 0.118
0.134 0.144
0.04 0.044
0.132 0.134
0.094 0.074
0.088 0.09
0.17 0.152
0.176 0.142
0.202 0.178
0.146 0.16
0.076 0.076
0.026 0.022
0.018 0.02
0.116 0.134
0.018 0.036
0.154 0.158
0.17 0.214
0.078 0.074
0.15 0.146
0.05 0.046
0.032 0.034
0.154 0.15
0.044 0.018
0.118 0.102
0.024 0.03
0.034 0.042
0.08 0.096
0.112 0.112
0.162 0.128
0.104 0.136
0.058 0.064
0.12 0.122
0.044 0.042
0.15 0.13
0.32 0.326
0.348 0.372
0.186 0.132
0.182 0.158
0.028 0.018
0.068 0.052
0.102 0.138
0.17 0.14
0.008 0.016
0.098 0.12
0.052 0.048
0.04 0.026
0.132 0.136
0.16 0.144
0.302 0.33
0.356 0.336
0.18 0.224
0.13 0.104
0.078 0.114
0.148 0.13
0.124 0.08
0.042 0.036
0.132 0.12
0.098 0.088
0.01 0.018
0.052 0.036
0.244 0.278
0.246 0.256
0.048 0.046
0.022 0.03
0.094 0.084
0.056 0.036
0.098 0.08
0.028 0.034
0.124 0.124
0.148 0.14
0.18 0.192
0.168 0.186
0.05 0.042
0.174 0.16
0.158 0.192
0.104 0.086
0.038 0.042
0.044 0.06
0.06 0.058
0.064 0.034
0.188 0.15
0.02 0.024
0.106 0.098
0.056 0.018
0.07 0.106
0.12 0.158
