0.096 0.084
0.176 0.16
0.022 0.022
0.052 0.102
0.062 0.05
0.03 0.036
0.13 0.12
0.164 0.164
0.028 0.014
0.066 0.082
0.082 0.1
0.056 0.044
0.078 0.058
0.096 0.108
0.094 0.13
0.078 0.098
0.158 0.142
0.02 0.02
0.212 0.178
0.094 0.098
0.27 0.292
0.064 0.052
0.03 0.01
0.146 0.18
0.232 0.194
0.046 0.06
0.132 0.146
0.074 0.098
0.136 0.144
0.116 0.128
0.162 0.144
0.222 0.236
0.082 0.104
0.188 0.21
0.028 0.042
0.214 0.236
0.218 0.19
0.36 0.4
0.032 0.042
0.036 0.068
0.118 0.16
0.052 0.064
0.2 0.188
0.148 0.172
0.128 0.128
0.222 0.31
0.102 0.13
0.142 0.138
0.014 0.02
0.046 0.05
0.04 0.032
0.076 0.068
0.042 0.042
0.192 0.168
0.056 0.06
0.138 0.172
0.082 0.082
0.16 0.128
0.072 0.088
0.136 0.138
0.058 0.044
0.11 0.14
0.024 0.016
0.098 0.048
0.016 0.03
0.112 0.122
0.126 0.15
0.106 0.084
0.14 0.17
0.1 0.086
0.12 0.152
0.038 0.028
0.026 0.018
0.05 0.076
0.058 0.06
0.034 0.026
0.116 0.122
0.23 0.246
0.15 0.188
0.044 0.03
0.062 0.064
0.14 0.138
0.114 0.128
0.068 0.07
0.202 0.172
0.116 0.116
0.154 0.146
0.166 0.194
0.04 0.042
0.032 0.03
0.118 0.154
0.094 0.096
0.034 0.026
0.028 0.024
0.076 0.072
0.244 0.274
0.116 0.076
0.104 0.088
0.124 0.098
0.13 0.158
0.126 0.124
0.148 0.132
0.06 0.05
0.05 0.036
0.078 0.082
0.026 0.04
0.196 0.18
0.012 0.01
0.016 0.02
0.036 0.032
0.174 0.16
0.062 0.088
0.214 0.192
0.05 0.036
0.082 0.086
0.088 0.068
0.354 0.338
0.024 0.042
0.19 0.182
0.15 0.164
0.042 0.034
0.142 0.14
0.026 0.03
0.17 0.162
0.054 0.044
0.084 0.088
0.048 0.05
0.182 0.132
0.024 0.024
0.05 0.074
0.136 0.13
0.03 0.028
0.056 0.066
0.022 0.018
0.052 0.048
0.092 0.098
