0.6 0.584
0.1596639 0.2521008
0.5086207 0.4741379
0.6451613 0.5967742
0.3103448 0.2413793
0.8991597 0.882353
0.1885246 0.2213115
0.07563025 0.07563025
0.9508197 0.9508197
0.84 0.824
0 0.04098361
0.8898305 0.838983
0.8387097 0.9112903
0.8559322 0.7966102
0.1721311 0.2213115
0.1393443 0.07377049
0.5081967 0.5655738
0.9133858 0.8188976
0.5491803 0.7459016
0.5254237 0.661017
0.7086614 0.6299213
0.144 0.056
1 0.9754098
0.3559322 0.3305085
0.1612903 0.1290323
0.3790323 0.3629032
0.03149606 0.05511811
0.862069 0.8534483
0.1206897 0.1896552
0.04032258 0.06451613
0.1612903 0.1532258
0.1653543 0.1181102
0.4705882 0.5966387
0.5725806 0.4677419
0.6206897 0.5517241
0.08403361 0.1512605
0.02586207 0.00862069
0.03448276 0.05172414
0.9568966 0.9051724
0.8114754 0.795082
0.3709677 0.3306452
0.4621849 0.4369748
0.352459 0.3114754
0.4274194 0.4677419
0.5338983 0.6440678
0.4067797 0.279661
0.7226891 0.6470588
0.2131148 0.3114754
0.9344262 0.8770492
0.8629032 0.6774194
0.795082 0.852459
0.3385827 0.4488189
0.4251969 0.3228346
0.248 0.408
0.1694915 0.06779661
0.3559322 0.4745763
0.302521 0.4201681
0.4482759 0.4741379
0.5882353 0.605042
0.5403226 0.4032258
0.3697479 0.5966387
0.2047244 0.2834646
0.7377049 0.6803279
0.5655738 0.4426230
0.9827586 1
0.3149606 0.3070866
0.3225806 0.2016129
0.72 0.792
0.05932203 0.008474576
0.7457627 0.5338983
0.6465517 0.4482759
0.25 0.3103448
0.9262295 0.8606557
0.8976378 0.8818898
0.8661417 0.7480315
0.7966102 0.6949153
0.7731092 0.5630252
0.5 0.3448276
0.9590164 0.9262295
0.2440945 0.2519685
0.8387097 0.7903226
0.2204724 0.1968504
0.6982759 0.7844828
0.940678 0.9067797
0.2983871 0.1854839
0.5798319 0.4453782
0.05511811 0.06299213
0.552 0.448
0.9016393 0.8278689
0.6290323 0.5322581
0.4758065 0.6854839
0.4193548 0.3870968
0.6016949 0.6779661
0.5431034 0.5775862
0.8706897 0.9051724
0.5847458 0.4830508
0.3688525 0.2950820
0.7007874 0.6692913
0.768 0.656
0.1721311 0.2459016
0.5327869 0.5491803
0.3360656 0.2295082
0.302521 0.4201681
0.536 0.768
0.1721311 0.1557377
0.768 0.68
0.6206897 0.5775862
0.8559322 0.8644068
0.7983193 0.9243697
0.8135593 0.7966102
0.1896552 0.3103448
0.1034483 0.05172414
0.2755906 0.2834646
0.936 0.952
0.3017241 0.2844828
0.07377049 0.06557377
0.3865546 0.4453782
0.3360656 0.3032787
0.7478992 0.6890756
0.2372881 0.1779661
0.2677165 0.1811024
0.06557377 0.04098361
0.4621849 0.6890756
0.2540984 0.2049180
0.7580645 0.7903226
0.1290323 0.1370968
0.6935484 0.4354839
0.3306452 0.3790323
0.7903226 0.9112903
0.6935484 0.6451613
0.5080645 0.6854839
0.661017 0.6440678
0.08 0.144
0.8818898 0.8897638
0.6311475 0.6803279
0.3622047 0.3858268
