0.7627119 0.7627119
0.1848739 0.2773109
0.8196721 0.8360656
0.6147541 0.5819672
0.4132231 0.2727273
0.7478992 0.8319328
0.5169492 0.4322034
0.3666667 0.2916667
0.8 0.904
0.7731092 0.9495798
0.424 0.552
0.3145161 0.1209677
0.8709677 0.8629032
0.4793388 0.4793388
0.3790323 0.483871
0.9173554 0.9421488
0.3644068 0.3474576
0.4758065 0.5967742
0.8595041 0.9421488
0.152 0.176
0.816 0.736
0.016 0.048
0.661017 0.661017
0.4793388 0.3636364
0.352459 0.5327869
0.3813559 0.4152542
0.01680672 0.04201681
0.608 0.456
0.072 0.096
0.2777778 0.3174603
0.48 0.424
0.04201681 0.06722689
0.784 0.888
0.5785124 0.6446281
0.7272727 0.6859504
0.1016949 0.1864407
0.3870968 0.6129032
0.08064516 0.1451613
0.85 0.8
0.4 0.384
0.4754098 0.4672131
0.568 0.44
0.6935484 0.6854839
0.3898305 0.5423729
0.152 0.128
0.3809524 0.4285714
0.7741935 0.8629032
0.05882353 0.04201681
0.928 0.96
0.7520661 0.8099174
0.5166667 0.3916667
0.5080645 0.516129
0.547619 0.4365079
0.5245902 0.5327869
0.6825397 0.6269841
0.01680672 0.02521008
0.008064516 0.02419355
0.03389831 0.05084746
0.4 0.344
0.925 0.9
0.5564516 0.5403226
0.3571429 0.4126984
0.9 0.8333333
0.1355932 0.3305085
0.9435484 1
0.5619835 0.5289256
0.3884298 0.2975207
0.6166667 0.625
0.01680672 0.03361345
0.8225806 0.8387097
0.25 0.2177419
0.4453782 0.6806723
1 1
0.5491803 0.5819672
0.795082 0.942623
0.2698413 0.3492063
0.6271186 0.7966102
0.5166667 0.525
0.547619 0.484127
0.3790323 0.3870968
0.3050847 0.3305085
0.2868852 0.2540984
0.7083333 0.6833333
0.368 0.448
0.2 0.128
0.12 0.12
0.07627119 0.05084746
0.5546218 0.6134454
0.9237288 0.9576271
0.795082 0.7213115
0.7333333 0.7666667
0.2619048 0.3253968
0.7833333 0.8666667
0.2396694 0.2479339
0.1532258 0.1935484
0.4761905 0.2142857
0.16 0.08
0.766129 0.8145161
0.2436975 0.4201681
0.512605 0.5714286
0.5806452 0.5403226
0.3813559 0.4152542
0.072 0.024
0.5887097 0.717742
0.5583333 0.375
0.576 0.824
0.1016949 0.2288136
0.672 0.68
0.8196721 0.8114754
0.6825397 0.6428571
0.1512605 0.1176471
0 0
0.3884298 0.4793388
0.7372881 0.8305085
0.3852459 0.4672131
0.5123967 0.5867769
0.3387097 0.3548387
0.8264463 0.7933884
0.4 0.375
0.3666667 0.1416667
0.8991597 0.8319328
0.0967742 0.1451613
0.1652893 0.1735537
0.4672131 0.3278689
0.6470588 0.5714286
0.328 0.344
0.7459016 0.8114754
0.1596639 0.1176471
0.9333333 0.9583333
0.6864407 0.6016949
0.08064516 0.1209677
0.8709677 0.8225806
0.557377 0.557377
0.7741935 0.782258
0.7833333 0.625
0.7142857 0.6134454
