0.046 0.062 0.038 0.034 0.042 0.024 0.012 0.012 0.002 0.004 0.004
0.174 0.204 0.164 0.182 0.144 0.154 0.142 0.126 0.138 0.106 0.1
0.026 0.01 0.014 0.012 0.014 0.016 0.004 0.012 0.006 0 0.008
0.044 0.038 0.026 0.032 0.03 0.012 0.026 0.01 0.016 0.014 0.016
0.352 0.376 0.34 0.318 0.328 0.346 0.366 0.312 0.274 0.264 0.256
0.022 0.042 0.018 0.022 0.014 0.02 0.008 0.006 0.004 0.002 0.002
0.24 0.22 0.2 0.2 0.192 0.156 0.146 0.14 0.134 0.082 0.088
0.062 0.042 0.064 0.05 0.056 0.058 0.058 0.064 0.06 0.086 0.092
0.164 0.122 0.098 0.082 0.07 0.062 0.052 0.04 0.016 0.014 0.006
0.124 0.112 0.064 0.068 0.046 0.046 0.032 0.026 0.02 0.012 0.002
0.506 0.452 0.47 0.424 0.374 0.362 0.36 0.302 0.266 0.228 0.148
0.088 0.07 0.046 0.078 0.044 0.036 0.036 0.03 0.05 0.026 0.028
0.008 0.026 0.024 0.016 0.024 0.016 0.016 0.006 0.006 0.002 0.002
0.182 0.168 0.184 0.164 0.124 0.132 0.12 0.072 0.084 0.052 0.06
0.272 0.258 0.262 0.246 0.238 0.23 0.214 0.196 0.182 0.184 0.184
0.296 0.314 0.362 0.368 0.344 0.376 0.424 0.442 0.408 0.356 0.358
0.312 0.274 0.244 0.178 0.164 0.146 0.112 0.098 0.074 0.072 0.068
0.08 0.084 0.078 0.054 0.058 0.034 0.03 0.024 0.008 0.008 0.004
0.018 0.018 0.006 0.012 0.006 0.002 0.016 0.004 0.006 0.012 0.004
0.036 0.044 0.062 0.044 0.04 0.048 0.042 0.038 0.04 0.07 0.072
0.37 0.36 0.342 0.328 0.276 0.204 0.164 0.134 0.108 0.08 0.072
0.174 0.198 0.182 0.178 0.176 0.206 0.178 0.176 0.17 0.188 0.14
0.052 0.062 0.04 0.036 0.018 0.028 0.018 0.008 0.008 0.004 0.004
0.096 0.122 0.148 0.16 0.154 0.218 0.224 0.25 0.294 0.29 0.306
0.586 0.576 0.558 0.53 0.474 0.382 0.34 0.28 0.238 0.214 0.14
0.314 0.306 0.258 0.278 0.246 0.176 0.194 0.148 0.102 0.102 0.07
0.034 0.044 0.038 0.026 0.024 0.024 0.038 0.024 0.03 0.034 0.038
0.028 0.046 0.056 0.036 0.04 0.036 0.032 0.018 0.024 0.034 0.03
0.326 0.35 0.362 0.406 0.402 0.434 0.466 0.446 0.446 0.506 0.43
0.186 0.164 0.184 0.146 0.14 0.126 0.152 0.126 0.112 0.132 0.17
0.248 0.234 0.226 0.226 0.2 0.21 0.21 0.16 0.156 0.164 0.108
0.362 0.378 0.286 0.31 0.246 0.222 0.186 0.168 0.096 0.062 0.074
0.09 0.108 0.128 0.15 0.166 0.168 0.24 0.274 0.316 0.382 0.336
0.124 0.126 0.11 0.096 0.09 0.058 0.062 0.036 0.032 0.028 0.012
0.042 0.04 0.046 0.042 0.04 0.022 0.016 0.008 0.028 0.01 0.012
0.076 0.092 0.09 0.07 0.052 0.062 0.044 0.044 0.028 0.018 0.016
0.116 0.094 0.142 0.172 0.19 0.254 0.244 0.306 0.396 0.442 0.44
0.19 0.248 0.208 0.206 0.214 0.156 0.17 0.146 0.166 0.13 0.094
0.402 0.37 0.36 0.354 0.304 0.304 0.316 0.344 0.334 0.298 0.24
0.024 0.038 0.032 0.026 0.028 0.022 0.044 0.018 0.026 0.02 0.01
0.028 0.02 0.024 0.042 0.022 0.014 0.012 0.014 0.018 0.012 0.002
0.154 0.182 0.148 0.164 0.156 0.162 0.172 0.156 0.164 0.18 0.228
0.02 0.012 0.02 0.018 0.026 0.058 0.032 0.032 0.062 0.06 0.07
0.034 0.034 0.05 0.034 0.038 0.036 0.024 0.022 0.026 0.026 0.016
0.234 0.226 0.24 0.292 0.288 0.284 0.334 0.332 0.382 0.4 0.438
0.08 0.052 0.062 0.078 0.078 0.064 0.078 0.07 0.078 0.052 0.058
0.026 0.034 0.036 0.03 0.038 0.028 0.024 0.016 0.014 0.006 0.01
0.202 0.25 0.26 0.274 0.302 0.338 0.368 0.372 0.394 0.458 0.432
0.02 0.006 0.014 0.01 0.006 0.006 0.004 0.002 0.002 0 0
0.006 0.004 0.006 0.006 0.006 0 0 0.004 0.006 0.004 0.002
0.032 0.032 0.03 0.01 0.006 0.02 0.018 0.016 0.036 0.024 0.032
0.21 0.222 0.186 0.156 0.134 0.124 0.092 0.096 0.09 0.062 0.044
0.008 0.014 0.016 0.024 0.02 0.014 0.038 0.024 0.05 0.058 0.072
0.226 0.28 0.268 0.322 0.318 0.354 0.346 0.36 0.374 0.402 0.432
0.068 0.074 0.078 0.116 0.132 0.18 0.194 0.236 0.234 0.292 0.346
0.08 0.084 0.088 0.092 0.094 0.066 0.062 0.052 0.098 0.078 0.088
0.05 0.046 0.034 0.04 0.03 0.036 0.046 0.03 0.03 0.052 0.03
0.12 0.126 0.108 0.13 0.136 0.132 0.128 0.108 0.088 0.078 0.066
0.08 0.082 0.074 0.08 0.106 0.104 0.146 0.146 0.144 0.19 0.23
0.042 0.032 0.036 0.024 0.026 0.012 0.016 0.014 0.008 0.006 0.006
0.118 0.15 0.096 0.084 0.078 0.092 0.072 0.074 0.036 0.036 0.04
0.056 0.076 0.074 0.056 0.052 0.062 0.046 0.036 0.004 0.026 0.032
0.042 0.04 0.036 0.018 0.054 0.018 0.018 0.022 0.012 0.006 0.004
0.246 0.262 0.27 0.246 0.232 0.18 0.174 0.156 0.112 0.098 0.078
0.002 0.004 0 0.002 0 0.002 0 0 0 0 0
0.036 0.038 0.022 0.044 0.05 0.048 0.064 0.058 0.072 0.094 0.088
0.052 0.056 0.06 0.058 0.074 0.086 0.102 0.106 0.142 0.13 0.16
0.11 0.114 0.116 0.096 0.138 0.112 0.094 0.086 0.108 0.1 0.112
0.014 0.018 0.03 0.034 0.018 0.01 0.016 0.016 0.018 0.008 0.006
0.484 0.432 0.448 0.412 0.344 0.334 0.302 0.286 0.234 0.146 0.142
0.156 0.156 0.186 0.13 0.126 0.12 0.124 0.114 0.074 0.07 0.07
0.01 0.01 0.004 0.01 0.006 0.004 0.002 0 0.008 0.002 0.002
0.014 0.018 0.026 0.032 0.004 0.016 0.022 0.044 0.026 0.042 0.032
0.1 0.106 0.064 0.072 0.036 0.034 0.02 0.03 0.014 0.004 0
0.158 0.146 0.12 0.11 0.104 0.068 0.05 0.036 0.016 0.01 0.01
0.108 0.086 0.038 0.048 0.024 0.018 0.018 0.008 0.002 0.004 0.012
0.094 0.078 0.076 0.084 0.11 0.102 0.094 0.106 0.086 0.108 0.118
0.076 0.068 0.06 0.074 0.052 0.046 0.032 0.026 0.008 0.01 0.006
0.026 0.026 0.018 0.03 0.014 0.016 0.022 0.014 0.006 0.018 0.01
0.26 0.224 0.22 0.206 0.182 0.188 0.214 0.198 0.198 0.178 0.184
0.13 0.118 0.112 0.112 0.066 0.052 0.036 0.036 0.02 0.006 0.01
0.146 0.142 0.142 0.114 0.116 0.108 0.084 0.068 0.04 0.032 0.028
0.552 0.574 0.552 0.518 0.482 0.498 0.474 0.454 0.44 0.376 0.332
0.266 0.272 0.278 0.24 0.264 0.204 0.208 0.186 0.16 0.128 0.094
0.128 0.14 0.138 0.12 0.134 0.12 0.128 0.078 0.106 0.088 0.062
0.094 0.118 0.102 0.092 0.082 0.074 0.07 0.056 0.064 0.052 0.068
0.052 0.034 0.046 0.03 0.034 0.024 0.016 0.01 0.006 0 0.002
0.21 0.178 0.098 0.094 0.066 0.066 0.046 0.034 0.026 0.018 0.012
0.066 0.066 0.07 0.062 0.062 0.064 0.07 0.068 0.074 0.088 0.09
0.522 0.508 0.478 0.384 0.404 0.364 0.244 0.26 0.186 0.18 0.138
0.14 0.106 0.1 0.096 0.07 0.048 0.036 0.034 0.02 0.012 0.004
0.27 0.24 0.242 0.198 0.204 0.192 0.15 0.126 0.084 0.052 0.064
0.07 0.056 0.048 0.058 0.058 0.034 0.032 0.022 0.034 0.022 0.024
0.22 0.236 0.248 0.186 0.224 0.2 0.17 0.136 0.176 0.184 0.212
0.222 0.222 0.234 0.224 0.194 0.196 0.13 0.122 0.08 0.088 0.048
0.044 0.028 0.032 0.038 0.022 0.01 0.01 0.012 0.002 0.004 0
0.108 0.162 0.16 0.162 0.156 0.182 0.136 0.126 0.152 0.188 0.196
0.41 0.374 0.368 0.366 0.3 0.298 0.28 0.234 0.198 0.174 0.166
0.112 0.088 0.05 0.056 0.056 0.046 0.042 0.028 0.02 0.028 0.016
0.084 0.046 0.086 0.082 0.07 0.064 0.07 0.074 0.068 0.06 0.088
0.43 0.434 0.394 0.362 0.362 0.334 0.286 0.248 0.2 0.2 0.152
0.07 0.054 0.068 0.072 0.076 0.09 0.08 0.102 0.122 0.102 0.15
0.064 0.044 0.066 0.062 0.05 0.06 0.048 0.04 0.02 0.03 0.032
0.034 0.058 0.034 0.04 0.024 0.016 0.034 0.022 0.016 0.02 0.01
0.38 0.324 0.362 0.332 0.254 0.278 0.252 0.192 0.178 0.162 0.144
0.01 0.01 0.006 0.008 0.002 0.006 0.002 0 0 0 0
0.006 0.006 0 0 0.008 0 0 0 0.002 0 0
0.012 0.004 0.014 0 0 0.004 0.002 0 0 0 0
0.23 0.23 0.218 0.176 0.188 0.156 0.146 0.1 0.084 0.068 0.084
0.15 0.14 0.15 0.19 0.256 0.308 0.34 0.332 0.436 0.444 0.506
0.444 0.46 0.474 0.484 0.536 0.504 0.564 0.578 0.592 0.592 0.528
0.014 0.006 0.008 0.008 0 0.002 0.004 0.004 0 0 0
0.252 0.29 0.258 0.236 0.252 0.252 0.27 0.258 0.226 0.236 0.278
0.212 0.192 0.224 0.168 0.19 0.134 0.146 0.112 0.088 0.088 0.088
0.362 0.318 0.348 0.334 0.372 0.338 0.372 0.362 0.338 0.33 0.292
0.158 0.158 0.152 0.138 0.116 0.11 0.102 0.08 0.048 0.054 0.048
0.244 0.246 0.17 0.152 0.144 0.134 0.11 0.108 0.112 0.134 0.144
0.252 0.226 0.214 0.226 0.214 0.202 0.176 0.164 0.156 0.134 0.126
0.06 0.056 0.044 0.046 0.052 0.046 0.03 0.024 0.03 0.026 0.036
0.414 0.428 0.348 0.34 0.356 0.316 0.38 0.308 0.298 0.276 0.222
0.012 0.022 0.028 0.018 0.006 0.012 0.002 0.004 0.002 0 0.004
0.158 0.188 0.21 0.186 0.212 0.192 0.21 0.192 0.17 0.21 0.204
0.012 0.012 0.006 0.012 0.03 0.02 0.02 0.032 0.034 0.032 0.048
0.022 0.012 0.006 0.018 0.01 0.006 0.008 0.008 0.004 0.006 0.012
0.006 0 0.004 0.002 0.008 0.004 0.01 0.004 0 0.004 0.004
0.344 0.374 0.332 0.298 0.296 0.274 0.212 0.256 0.192 0.13 0.148
0.002 0.006 0.01 0.01 0.012 0.006 0.004 0.002 0 0.006 0.004
0.024 0.032 0.03 0.028 0.018 0.008 0.014 0.012 0.006 0.004 0
0.006 0.014 0.012 0.018 0.012 0.032 0.014 0.02 0.032 0.024 0.044
0.074 0.084 0.11 0.114 0.13 0.128 0.118 0.172 0.162 0.198 0.212
0.112 0.076 0.048 0.024 0.024 0.012 0.01 0.004 0.002 0 0.002
0.208 0.214 0.21 0.218 0.228 0.25 0.24 0.292 0.306 0.276 0.342
0.088 0.058 0.05 0.042 0.026 0.018 0.022 0.004 0.006 0.004 0.004
0.02 0.018 0.026 0.02 0.014 0.008 0.02 0.004 0.004 0 0.01
0.054 0.06 0.04 0.05 0.03 0.022 0.028 0.02 0.014 0.016 0.008
