0.8275862 0.7413793 0.8103448 0.8017241 0.8362069 0.7586207 0.8793103 0.8362069 0.8362069 0.6810345 0.775862
0.3095238 0.3571429 0.3730159 0.2857143 0.2857143 0.2619048 0.2619048 0.2619048 0.2698413 0.2460317 0.3253968
0.6942149 0.8181818 0.8181818 0.785124 0.785124 0.8016529 0.7355372 0.7768595 0.8512397 0.8595041 0.8099174
0.6829268 0.7804878 0.8699187 0.8536585 0.8455285 0.7804878 0.7804878 0.804878 0.8617886 0.7235772 0.6504065
0.1666667 0.1583333 0.1333333 0.1416667 0.1166667 0.1083333 0.1416667 0.1666667 0.2166667 0.1333333 0.225
0.8650794 0.9047619 0.8809524 0.968254 0.8888889 0.8730159 0.9285714 0.9126984 0.8968254 0.8809524 0.8730159
0.2166667 0.2416667 0.1833333 0.3166667 0.2916667 0.3083333 0.3416667 0.3333333 0.4 0.475 0.475
0.6446281 0.5619835 0.5041322 0.4628099 0.4876033 0.3884298 0.3719008 0.3553719 0.2975207 0.2644628 0.2314050
0.3658537 0.3577236 0.4065041 0.4065041 0.4634146 0.504065 0.4634146 0.5121951 0.495935 0.5691057 0.6178862
0.4471545 0.4308943 0.5365854 0.504065 0.5121951 0.5528455 0.5691057 0.6097561 0.5772358 0.7235772 0.6504065
0.02586207 0.02586207 0.01724138 0.06034483 0.0862069 0.0775862 0.1034483 0.06034483 0.1637931 0.1896552 0.2241379
0.4876033 0.5619835 0.6859504 0.6198347 0.6694215 0.6115702 0.6280992 0.785124 0.7355372 0.7438017 0.8099174
0.909836 0.9590164 0.8688525 0.9262295 0.9672131 0.852459 0.9590164 0.795082 0.9016393 0.8278689 0.8606557
0.3534483 0.3017241 0.3706897 0.3017241 0.3017241 0.4396552 0.4051724 0.4827586 0.4655172 0.5948276 0.5172414
0.2100840 0.1764706 0.2268908 0.1512605 0.1512605 0.1848739 0.2436975 0.1596639 0.2521008 0.2436975 0.3361345
0.1393443 0.09836066 0.06557377 0.08196721 0.03278689 0.02459016 0.02459016 0.008196721 0.01639344 0.02459016 0.02459016
0.1465517 0.1637931 0.2758621 0.3275862 0.3103448 0.4224138 0.4137931 0.4913793 0.5086207 0.5431034 0.5172414
0.4655172 0.4224138 0.4310345 0.5689655 0.4655172 0.6637931 0.5862069 0.6637931 0.6724138 0.7586207 0.775862
0.8606557 0.8770492 0.8032787 0.9262295 0.8606557 0.8114754 0.795082 0.795082 0.7786885 0.7295082 0.7622951
0.8416667 0.8166667 0.75 0.725 0.7 0.725 0.6416667 0.6166667 0.5833333 0.5166667 0.4666667
0.2704918 0.3114754 0.3852459 0.3114754 0.3360656 0.4262295 0.4344262 0.5901639 0.5655738 0.6967213 0.6393443
0.5086207 0.5172414 0.4741379 0.5086207 0.5 0.4224138 0.4655172 0.5431034 0.5172414 0.5172414 0.4568966
0.6967213 0.6393443 0.7622951 0.8278689 0.7704918 0.8032787 0.7786885 0.909836 0.8114754 0.8278689 0.8114754
0.3189655 0.2931034 0.2844828 0.25 0.1810345 0.1206897 0.1034483 0.06034483 0.0775862 0.06896552 0.03448276
0.01680672 0.02521008 0.008403361 0.01680672 0.03361345 0.02521008 0.05882353 0.06722689 0.1596639 0.1344538 0.1596639
0.2155172 0.2586207 0.2758621 0.2413793 0.2155172 0.2413793 0.1810345 0.1637931 0.1551724 0.1810345 0.2155172
0.8793103 0.7844828 0.7155172 0.7068966 0.6724138 0.637931 0.5948276 0.6551724 0.6206897 0.5431034 0.5
0.6206897 0.6637931 0.5689655 0.5431034 0.5603448 0.612069 0.5862069 0.5431034 0.637931 0.5086207 0.5172414
0.05555556 0.03968254 0.04761905 0.02380952 0.007936508 0 0 0 0 0 0
0.3884298 0.4132231 0.3884298 0.3636364 0.3966942 0.4132231 0.5371901 0.5041322 0.5371901 0.5041322 0.5702479
0.2460317 0.2936508 0.1746032 0.1825397 0.1190476 0.1587302 0.1190476 0.0952381 0.06349206 0.07936508 0.08730159
0.1260504 0.1260504 0.1932773 0.1680672 0.1764706 0.2605042 0.2605042 0.3193277 0.4033613 0.4705882 0.4621849
0.637931 0.5431034 0.4827586 0.3965517 0.4482759 0.3534483 0.3362069 0.2758621 0.1293103 0.09482759 0.06896552
0.4227642 0.4308943 0.4308943 0.4471545 0.4634146 0.504065 0.504065 0.6422764 0.5609756 0.6178862 0.7642276
0.7844828 0.6896552 0.6982759 0.6982759 0.7327586 0.724138 0.8275862 0.7413793 0.6982759 0.7931034 0.7155172
0.7317073 0.5934959 0.7560976 0.8211382 0.6829268 0.7154472 0.6666667 0.7317073 0.8292683 0.7073171 0.6910569
0.4065041 0.3821138 0.3414634 0.2195122 0.1382114 0.1219512 0.07317073 0.05691057 0.03252033 0.02439024 0.01626016
0.05042017 0.04201681 0.05042017 0.09243697 0.07563025 0.1176471 0.07563025 0.1008403 0.2016807 0.1764706 0.1680672
0.1463415 0.1544715 0.1626016 0.1788618 0.1382114 0.1788618 0.1707317 0.1869919 0.1626016 0.1382114 0.1544715
0.8534483 0.8706897 0.7844828 0.862069 0.7327586 0.8017241 0.7931034 0.75 0.6637931 0.6982759 0.6724138
0.7479675 0.7398374 0.796748 0.7886179 0.7560976 0.7886179 0.7560976 0.7886179 0.8292683 0.7723577 0.7642276
0.2213115 0.2786885 0.3196721 0.352459 0.3606557 0.3688525 0.3770492 0.3688525 0.3360656 0.352459 0.2622951
0.5603448 0.5517241 0.4568966 0.5431034 0.4655172 0.4310345 0.4482759 0.3362069 0.3793103 0.2758621 0.3017241
0.7166667 0.7666667 0.7666667 0.8166667 0.7083333 0.85 0.725 0.7916667 0.725 0.7083333 0.6333333
0.3448276 0.3706897 0.2413793 0.1810345 0.1551724 0.1551724 0.1465517 0.1724138 0.09482759 0.06034483 0.06896552
0.5123967 0.5206612 0.5950413 0.6115702 0.5206612 0.5371901 0.5619835 0.5454545 0.5867769 0.6033058 0.6446281
0.8275862 0.7586207 0.75 0.8534483 0.724138 0.8706897 0.8103448 0.8362069 0.7844828 0.8103448 0.8362069
0.1896552 0.1810345 0.2155172 0.1293103 0.1034483 0.0775862 0.0775862 0.01724138 0.03448276 0.01724138 0.01724138
0.9051724 0.9310345 0.9137931 0.9568966 0.9568966 0.9568966 0.9396552 0.9482759 0.9224138 0.887931 0.862069
0.9327731 0.9831933 0.9411765 0.9411765 0.9495798 0.9495798 0.9411765 0.9411765 0.882353 0.8991597 0.8319328
0.796748 0.8211382 0.8292683 0.8211382 0.902439 0.8373984 0.7560976 0.7886179 0.8292683 0.7398374 0.6260163
0.1404959 0.1157025 0.1735537 0.2314050 0.2561983 0.2396694 0.2892562 0.2809917 0.3636364 0.3801653 0.4132231
0.9590164 0.8770492 0.9836066 0.9262295 0.8606557 0.9344262 0.795082 0.795082 0.7459016 0.6967213 0.6393443
0.2241379 0.2672414 0.2155172 0.1551724 0.1551724 0.1034483 0.1120690 0.06034483 0.0775862 0.06896552 0.03448276
0.5772358 0.5772358 0.4552846 0.4146341 0.398374 0.3089431 0.2357724 0.2113821 0.1869919 0.1219512 0.1056911
0.2786885 0.3278689 0.4098361 0.4016393 0.4262295 0.3688525 0.4262295 0.3360656 0.3278689 0.3032787 0.2295082
0.6910569 0.6585366 0.699187 0.7235772 0.6260163 0.7235772 0.6829268 0.6097561 0.6422764 0.6097561 0.5121951
0.4065041 0.4308943 0.4471545 0.3739837 0.3739837 0.398374 0.3333333 0.4227642 0.398374 0.4065041 0.4390244
0.6967213 0.6803279 0.6885246 0.7131148 0.5163934 0.6311475 0.5245902 0.4262295 0.3852459 0.3032787 0.2540984
0.8292683 0.796748 0.7479675 0.804878 0.894309 0.7804878 0.7560976 0.9186992 0.894309 0.8617886 0.7642276
0.4137931 0.3965517 0.4051724 0.4482759 0.4482759 0.4310345 0.5172414 0.5948276 0.5517241 0.6465517 0.637931
0.5546218 0.5378151 0.6386555 0.5462185 0.5966387 0.6134454 0.5798319 0.5630252 0.7226891 0.6218487 0.605042
0.4655172 0.5172414 0.5689655 0.5862069 0.6034483 0.6293103 0.6293103 0.75 0.724138 0.6810345 0.7068966
0.2403101 0.248062 0.2093023 0.2015504 0.2325581 0.2248062 0.248062 0.2868217 0.3178295 0.3333333 0.4186047
0.9396552 0.9655172 0.9827586 0.9482759 0.9827586 0.9482759 0.9224138 0.9568966 0.9224138 0.8965517 0.8362069
0.8534483 0.862069 0.8103448 0.7413793 0.7068966 0.6982759 0.612069 0.5862069 0.6034483 0.5086207 0.4827586
0.65 0.625 0.55 0.5833333 0.4666667 0.4666667 0.3833333 0.3333333 0.2416667 0.2333333 0.2166667
0.601626 0.7073171 0.5284553 0.5284553 0.5447154 0.5447154 0.495935 0.4878049 0.4308943 0.4146341 0.3821138
0.907563 0.9159664 0.9159664 0.907563 0.8991597 0.907563 0.8655462 0.8655462 0.882353 0.8991597 0.8319328
0.03174603 0.01587302 0.03968254 0.01587302 0.05555556 0.01587302 0.06349206 0.0952381 0.1428571 0.1746032 0.2539683
0.398374 0.3577236 0.4065041 0.2926829 0.3577236 0.3902439 0.3739837 0.4146341 0.4146341 0.3739837 0.4390244
0.825 0.8166667 0.8083333 0.875 0.825 0.7833333 0.725 0.8833333 0.8416667 0.7916667 0.8666667
0.9338843 0.9504132 0.9256198 0.9338843 0.9090909 0.876033 0.9338843 0.8429752 0.8512397 0.8595041 0.7024793
0.4741379 0.5172414 0.5431034 0.5948276 0.4655172 0.6724138 0.6637931 0.637931 0.7931034 0.7155172 0.7068966
0.3193277 0.3361345 0.3697479 0.4957983 0.4789916 0.5798319 0.5630252 0.5714286 0.6806723 0.6218487 0.7058824
0.5416667 0.6083333 0.65 0.7083333 0.7333333 0.7583333 0.775 0.9333333 0.7916667 0.8083333 0.8666667
0.5284553 0.4715447 0.4878049 0.5121951 0.4471545 0.4227642 0.4552846 0.4715447 0.4471545 0.4390244 0.3658537
0.5983607 0.6803279 0.6393443 0.6803279 0.6967213 0.8442623 0.7213115 0.6885246 0.8114754 0.7786885 0.8606557
0.8487395 0.8067227 0.8403361 0.8487395 0.8067227 0.8403361 0.7226891 0.7310924 0.6806723 0.5630252 0.6218487
0.1596639 0.1512605 0.1932773 0.1428571 0.1764706 0.1344538 0.07563025 0.1260504 0.1008403 0.1092437 0.1092437
0.4051724 0.4051724 0.4310345 0.4913793 0.6034483 0.5775862 0.6034483 0.7155172 0.6637931 0.6465517 0.724138
0.4426230 0.4672131 0.5081967 0.5163934 0.5 0.4836066 0.5081967 0.5081967 0.6721311 0.6065574 0.557377
0.008264463 0 0.008264463 0.008264463 0.01652893 0.01652893 0.01652893 0.02479339 0.04132231 0.04132231 0.0661157
0.07438017 0.03305785 0.04132231 0.04132231 0.03305785 0.01652893 0.01652893 0.01652893 0.04132231 0.03305785 0.0661157
0.3255814 0.3333333 0.2868217 0.2945736 0.2403101 0.2170543 0.2093023 0.2248062 0.2015504 0.2093023 0.1705426
0.1896552 0.2241379 0.2844828 0.2413793 0.2155172 0.3017241 0.3362069 0.2672414 0.3448276 0.3275862 0.3362069
0.789916 0.7478992 0.7563025 0.8067227 0.7058824 0.789916 0.8655462 0.789916 0.882353 0.789916 0.8319328
0.1557377 0.1639344 0.1967213 0.3114754 0.3196721 0.3934426 0.3688525 0.3852459 0.3360656 0.3688525 0.3770492
0.4827586 0.6896552 0.5258621 0.4827586 0.5 0.4310345 0.5086207 0.4137931 0.5172414 0.3448276 0.4224138
0.008403361 0.008403361 0.008403361 0.01680672 0.01680672 0.02521008 0.06722689 0.1344538 0.2016807 0.2268908 0.2268908
0.4227642 0.4227642 0.4308943 0.5121951 0.4308943 0.5447154 0.5447154 0.6422764 0.7073171 0.7642276 0.8211382
0.3636364 0.3140496 0.3884298 0.3553719 0.3884298 0.3801653 0.4628099 0.4214876 0.5289256 0.446281 0.5041322
0.5416667 0.6 0.675 0.5916667 0.6166667 0.6666667 0.6416667 0.6 0.5916667 0.5416667 0.6166667
0.25 0.2586207 0.1637931 0.1637931 0.1379310 0.1120690 0.06896552 0.1120690 0.0862069 0.06034483 0.06896552
0.3706897 0.3793103 0.3448276 0.3017241 0.4137931 0.3275862 0.3965517 0.4051724 0.5086207 0.5172414 0.5172414
0.7107438 0.785124 0.7603306 0.785124 0.8429752 0.8016529 0.9338843 0.8429752 0.8512397 0.8595041 0.8099174
0.4049587 0.2975207 0.2644628 0.2066116 0.1818182 0.1735537 0.1322314 0.1570248 0.09917355 0.09917355 0.07438017
0.06349206 0.07142857 0.07936508 0.1111111 0.1269841 0.1349206 0.1984127 0.2222222 0.2539683 0.2698413 0.2936508
0.4796748 0.504065 0.5528455 0.6341463 0.699187 0.6504065 0.699187 0.6666667 0.5772358 0.6097561 0.6260163
0.5166667 0.6083333 0.4916667 0.7083333 0.5583333 0.6666667 0.4916667 0.5666667 0.475 0.4666667 0.425
0.02479339 0.04132231 0.04132231 0.0909091 0.07438017 0.07438017 0.1487603 0.1570248 0.1900826 0.2231405 0.2231405
0.6806723 0.6806723 0.6806723 0.6218487 0.6134454 0.5210084 0.5210084 0.4621849 0.4705882 0.4705882 0.4621849
0.5 0.4827586 0.4827586 0.5172414 0.4482759 0.4827586 0.4655172 0.5172414 0.5431034 0.5775862 0.637931
0.7833333 0.6333333 0.7833333 0.8 0.7083333 0.7333333 0.7416667 0.6583333 0.7 0.8083333 0.725
0.2015504 0.1317829 0.1860465 0.2093023 0.2403101 0.2248062 0.2790698 0.3178295 0.3023256 0.3255814 0.3410853
0.8292683 0.8861789 0.8699187 0.8536585 0.9512195 0.902439 0.902439 0.8780488 0.8617886 0.902439 0.8130081
0.952381 0.968254 0.9761905 0.968254 0.936508 0.9285714 0.9285714 0.9126984 0.8968254 0.8809524 0.8730159
0.9411765 0.9831933 0.9411765 0.9579832 0.9495798 0.9495798 0.9411765 0.9411765 0.882353 0.8991597 0.8319328
0.1721311 0.1639344 0.2295082 0.2459016 0.3114754 0.3688525 0.4180328 0.3606557 0.3770492 0.4426230 0.557377
0.547619 0.4285714 0.3968254 0.3650794 0.2857143 0.2460317 0.1587302 0.08730159 0.06349206 0.03968254 0.03968254
0.02521008 0.04201681 0.01680672 0.02521008 0.02521008 0.01680672 0.01680672 0.008403361 0.04201681 0.01680672 0.02521008
0.8793103 0.9310345 0.9655172 0.9568966 0.9568966 0.9568966 0.9396552 0.9482759 0.9224138 0.887931 0.862069
0.1463415 0.1138211 0.1300813 0.07317073 0.1056911 0.09756098 0.08130081 0.1463415 0.0894309 0.1056911 0.1382114
0.3253968 0.3015873 0.3095238 0.3730159 0.2936508 0.3968254 0.3650794 0.4047619 0.4603175 0.4365079 0.4206349
0.1395349 0.1317829 0.07751938 0.1007752 0.1317829 0.08527132 0.1317829 0.1007752 0.07751938 0.08527132 0.124031
0.3023256 0.3333333 0.3100775 0.3410853 0.3410853 0.3100775 0.3100775 0.3953488 0.3410853 0.3798450 0.4496124
0.09482759 0.1120690 0.2155172 0.1551724 0.1724138 0.2155172 0.3017241 0.1637931 0.1637931 0.2155172 0.1982759
0.3275862 0.362069 0.3534483 0.3189655 0.3275862 0.3534483 0.362069 0.3965517 0.3793103 0.3275862 0.3965517
0.8448276 0.6637931 0.7068966 0.6810345 0.6982759 0.5689655 0.5948276 0.5603448 0.5862069 0.6465517 0.6810345
0.1138211 0.1626016 0.1056911 0.1138211 0.1544715 0.0894309 0.1138211 0.1869919 0.1219512 0.1300813 0.1544715
0.9268293 0.9512195 0.796748 0.8536585 0.9512195 0.8292683 0.8292683 0.8780488 0.8617886 0.902439 0.7317073
0.4583333 0.4916667 0.3833333 0.3833333 0.35 0.3666667 0.3583333 0.3333333 0.3083333 0.3166667 0.3
0.8699187 0.8455285 0.902439 0.8617886 0.7642276 0.7642276 0.601626 0.699187 0.5609756 0.5772358 0.5284553
0.8166667 0.9 0.8083333 0.8916667 0.8666667 0.85 0.7083333 0.7916667 0.7916667 0.7083333 0.675
0.974138 0.9655172 0.9655172 0.9568966 0.9310345 0.9568966 0.9051724 0.9482759 0.8706897 0.75 0.724138
0.09166667 0.1583333 0.09166667 0.1416667 0.1083333 0.1583333 0.1916667 0.2416667 0.2166667 0.225 0.3166667
0.7983193 0.8655462 0.8907563 0.9411765 0.8067227 0.907563 0.9411765 0.697479 0.882353 0.8991597 0.8319328
0.8166667 0.7333333 0.875 0.9416667 0.8666667 0.8416667 0.8333333 0.9333333 0.8416667 0.8666667 0.8666667
0.975 0.9166667 0.975 0.9 0.9666667 0.85 0.8333333 0.8833333 0.8416667 0.8666667 0.7833333
0.612069 0.6637931 0.5431034 0.5862069 0.4913793 0.3965517 0.3534483 0.3706897 0.3362069 0.2068966 0.2241379
0.7317073 0.5853659 0.6178862 0.6829268 0.796748 0.8292683 0.8292683 0.8780488 0.8617886 0.7886179 0.8130081
0.4310345 0.3017241 0.3706897 0.3275862 0.3275862 0.2844828 0.1896552 0.2068966 0.09482759 0.09482759 0.06896552
0.6859504 0.5867769 0.8347107 0.7272727 0.8016529 0.7603306 0.8595041 0.8429752 0.7355372 0.8595041 0.8099174
0.9051724 0.9655172 0.9655172 0.8448276 0.9310345 0.8965517 0.8534483 0.7844828 0.7844828 0.887931 0.7155172
0.6356589 0.6124031 0.6511628 0.7364341 0.627907 0.6356589 0.6744186 0.6821705 0.5968992 0.6899225 0.6046512
