0.815126 0.7647059 0.882353 0.8991597 0.8739496 0.8739496 0.8655462 0.9243697 0.8235294 0.8991597 0.8487395
0.2881356 0.279661 0.2966102 0.2966102 0.2542373 0.2542373 0.2457627 0.2881356 0.2288136 0.2711864 0.220339
0.9338843 0.8677686 0.9173554 0.8429752 0.8595041 0.8099174 0.8347107 0.8677686 0.9008264 0.8595041 0.7933884
0.766129 0.7983871 0.8306452 0.7580645 0.8225806 0.8548387 0.7983871 0.75 0.8306452 0.8870968 0.766129
0.1785714 0.2410714 0.1964286 0.1785714 0.1517857 0.1428571 0.1875 0.1607143 0.1875 0.2232143 0.1964286
0.8951613 0.9596774 0.9274194 0.9032258 0.9596774 0.8790323 0.8870968 0.8709677 0.8306452 0.8870968 0.8790323
0.2177419 0.2419355 0.2983871 0.25 0.2983871 0.3629032 0.3387097 0.3951613 0.3790323 0.4274194 0.4435484
0.5619835 0.5619835 0.5950413 0.4876033 0.446281 0.3719008 0.3305785 0.338843 0.3223140 0.2809917 0.2396694
0.3064516 0.3548387 0.4435484 0.4193548 0.4758065 0.5241935 0.5806452 0.5645161 0.5887097 0.6451613 0.6451613
0.3529412 0.394958 0.4117647 0.4369748 0.5714286 0.5630252 0.4789916 0.7226891 0.6386555 0.7142857 0.7563025
0.03252033 0.03252033 0.03252033 0.06504065 0.03252033 0.04065041 0.06504065 0.04878049 0.1219512 0.1056911 0.1869919
0.4796748 0.4390244 0.5203252 0.495935 0.504065 0.5365854 0.5528455 0.5365854 0.4878049 0.5691057 0.495935
0.9512195 0.9349593 0.9593496 0.8861789 0.8861789 0.902439 0.9186992 0.9186992 0.902439 0.7804878 0.804878
0.4471545 0.4227642 0.398374 0.4146341 0.3902439 0.4634146 0.4878049 0.4552846 0.4878049 0.5365854 0.5284553
0.1889764 0.2283465 0.2204724 0.1968504 0.2204724 0.2047244 0.2204724 0.2755906 0.2283465 0.2598425 0.2834646
0.4464286 0.4017857 0.3035714 0.25 0.2767857 0.2053571 0.1875 0.1339286 0.1517857 0.1428571 0.1428571
0.1290323 0.1854839 0.2741935 0.2419355 0.3225806 0.3629032 0.3387097 0.483871 0.3951613 0.4919355 0.5564516
0.5169492 0.5169492 0.5169492 0.6271186 0.5677966 0.6355932 0.6440678 0.6355932 0.720339 0.7881356 0.8644068
0.8214286 0.9107143 0.7767857 0.8482143 0.7142857 0.8035714 0.75 0.7589286 0.6875 0.5982143 0.6160714
0.7024793 0.7272727 0.7190083 0.6115702 0.6280992 0.5289256 0.5454545 0.5371901 0.4049587 0.3966942 0.3305785
0.25 0.2258065 0.25 0.2258065 0.2903226 0.3145161 0.3870968 0.4274194 0.4596774 0.5 0.5
0.4732143 0.4017857 0.4553571 0.375 0.3303571 0.3571429 0.4017857 0.3125 0.2946429 0.3214286 0.3392857
0.6033058 0.6859504 0.7933884 0.7603306 0.6859504 0.7107438 0.8677686 0.8181818 0.785124 0.8347107 0.8016529
0.3140496 0.3471074 0.3057851 0.2314050 0.1983471 0.1157025 0.09917355 0.1322314 0.05785124 0.04958678 0.04132231
0.01694915 0.02542373 0.01694915 0.05084746 0.05932203 0.06779661 0.1101695 0.1694915 0.2372881 0.1949153 0.2881356
0.1694915 0.1949153 0.1355932 0.1694915 0.1101695 0.1525424 0.1525424 0.1694915 0.2288136 0.2288136 0.3305085
0.7542373 0.7627119 0.7033898 0.6949153 0.6271186 0.7118644 0.5423729 0.559322 0.5762712 0.440678 0.3813559
0.6964286 0.7857143 0.6339286 0.6517857 0.6607143 0.6428571 0.6160714 0.7232143 0.6875 0.75 0.6696429
0.1190476 0.1190476 0.04761905 0.02380952 0 0 0 0 0 0 0
0.6964286 0.7321429 0.6964286 0.7410714 0.7142857 0.6964286 0.5625 0.5 0.375 0.3303571 0.2767857
0.1693548 0.1854839 0.1774194 0.1612903 0.1774194 0.2096774 0.1451613 0.07258065 0.08064516 0.08870968 0.08870968
0.1785714 0.1339286 0.1964286 0.25 0.25 0.2767857 0.3214286 0.3125 0.4017857 0.3928571 0.5
0.5590551 0.511811 0.3858268 0.4173228 0.3228346 0.2913386 0.2362205 0.1181102 0.1023622 0.09448819 0.05511811
0.2352941 0.302521 0.302521 0.302521 0.4033613 0.4201681 0.3613445 0.487395 0.605042 0.6134454 0.7310924
0.6806723 0.7142857 0.7815126 0.8403361 0.7983193 0.7647059 0.7983193 0.6386555 0.7310924 0.7310924 0.7394958
0.7603306 0.7438017 0.7603306 0.6942149 0.6033058 0.7520661 0.6363636 0.6694215 0.785124 0.7603306 0.8016529
0.4146341 0.3658537 0.2926829 0.2926829 0.1869919 0.1707317 0.09756098 0.05691057 0.02439024 0.01626016 0.02439024
0.3303571 0.1875 0.1964286 0.1875 0.1875 0.1428571 0.2053571 0.2410714 0.1964286 0.1875 0.1964286
0.1507937 0.1269841 0.0952381 0.1666667 0.1428571 0.1349206 0.1587302 0.1587302 0.1190476 0.1746032 0.1746032
0.9512195 0.9349593 0.8130081 0.8130081 0.7560976 0.8211382 0.7317073 0.6422764 0.7804878 0.7804878 0.7154472
0.8897638 0.8425197 0.8818898 0.8661417 0.7716535 0.8503937 0.8503937 0.8503937 0.7795276 0.7874016 0.8110236
0.2903226 0.3387097 0.3387097 0.4193548 0.3790323 0.3629032 0.4354839 0.3870968 0.3306452 0.3467742 0.2258065
0.6949153 0.7033898 0.6864407 0.6525424 0.6271186 0.5932203 0.5423729 0.4745763 0.4322034 0.3728814 0.3389831
0.7355372 0.7438017 0.7933884 0.7603306 0.7603306 0.6942149 0.768595 0.6942149 0.7024793 0.7603306 0.8016529
0.2440945 0.2519685 0.2677165 0.1968504 0.1338583 0.1889764 0.1181102 0.08661417 0.09448819 0.07874016 0.04724409
0.4471545 0.495935 0.495935 0.4715447 0.4878049 0.4552846 0.4471545 0.4715447 0.4878049 0.4878049 0.504065
0.8145161 0.8629032 0.7983871 0.733871 0.9193548 0.717742 0.8790323 0.8145161 0.9032258 0.7258065 0.6612903
0.2314050 0.2479339 0.1818182 0.1652893 0.0909091 0.08264463 0.0661157 0.03305785 0.01652893 0.01652893 0.02479339
0.8214286 0.8928571 0.8482143 0.875 0.8125 0.9464286 0.9107143 0.9285714 0.8839286 0.8660714 0.8482143
0.8839286 0.9107143 0.8571429 0.875 0.9553571 0.8839286 0.9107143 0.9285714 0.8839286 0.8660714 0.8482143
0.7190083 0.7603306 0.7024793 0.6942149 0.7272727 0.7438017 0.7272727 0.7024793 0.4793388 0.5454545 0.4876033
0.2066116 0.1983471 0.1570248 0.338843 0.2314050 0.3553719 0.3140496 0.4132231 0.4297521 0.3884298 0.4214876
0.9444444 0.936508 0.9047619 0.8809524 0.8571429 0.8650794 0.8650794 0.8015873 0.7380952 0.6587302 0.5952381
0.2118644 0.1694915 0.1610169 0.1610169 0.1186441 0.1186441 0.07627119 0.06779661 0.03389831 0.03389831 0.02542373
0.4710744 0.4214876 0.338843 0.2231405 0.2314050 0.1322314 0.1652893 0.1570248 0.0909091 0.0661157 0.04132231
0.4876033 0.5867769 0.4628099 0.5454545 0.5289256 0.4380165 0.553719 0.553719 0.5206612 0.4628099 0.3966942
0.7355372 0.661157 0.661157 0.7272727 0.5619835 0.6198347 0.6198347 0.6446281 0.5371901 0.5785124 0.5785124
0.1190476 0.1269841 0.1428571 0.08730159 0.07936508 0.1111111 0.1428571 0.1111111 0.1666667 0.1746032 0.2539683
0.5932203 0.5169492 0.5254237 0.5254237 0.4491525 0.4745763 0.3728814 0.3135593 0.2372881 0.1271186 0.1101695
0.8492063 0.8253968 0.8333333 0.8015873 0.7936508 0.8650794 0.8650794 0.7936508 0.7936508 0.9047619 0.7698413
0.3660714 0.4017857 0.5089286 0.3928571 0.3482143 0.5625 0.5446429 0.4821429 0.5089286 0.5357143 0.6071429
0.5702479 0.5371901 0.553719 0.4628099 0.5950413 0.5454545 0.4628099 0.4049587 0.446281 0.4049587 0.4132231
0.6864407 0.6864407 0.7711864 0.6779661 0.6694915 0.7966102 0.6779661 0.7033898 0.6355932 0.8644068 0.779661
0.2066116 0.2314050 0.2148760 0.2644628 0.1900826 0.2314050 0.2644628 0.2809917 0.3305785 0.3801653 0.3966942
0.9915966 0.97479 0.9411765 0.9411765 0.9495798 0.9327731 0.9159664 0.9243697 0.8739496 0.8991597 0.8487395
0.9256198 0.8677686 0.9173554 0.7603306 0.8181818 0.7272727 0.8099174 0.5950413 0.4876033 0.4793388 0.4297521
0.661157 0.6033058 0.7355372 0.5619835 0.5289256 0.4793388 0.4545455 0.4380165 0.446281 0.3884298 0.2892562
0.5669291 0.5748031 0.4409449 0.5511811 0.496063 0.4094488 0.488189 0.4645669 0.4330709 0.480315 0.4094488
0.8016529 0.8842975 0.8016529 0.7520661 0.8016529 0.7933884 0.7272727 0.7768595 0.785124 0.7603306 0.768595
0.01680672 0.01680672 0.02521008 0.02521008 0.08403361 0.1512605 0.1512605 0.1596639 0.2605042 0.2436975 0.2857143
0.4444444 0.3809524 0.4285714 0.3650794 0.3968254 0.4365079 0.4285714 0.4365079 0.4285714 0.4126984 0.4761905
0.789916 0.815126 0.882353 0.815126 0.7478992 0.882353 0.7983193 0.815126 0.8739496 0.8991597 0.8487395
0.9105691 0.894309 0.9593496 0.9268293 0.8211382 0.8211382 0.9186992 0.9186992 0.7317073 0.6585366 0.5853659
0.516129 0.5080645 0.483871 0.5564516 0.5725806 0.6290323 0.7016129 0.7419355 0.75 0.6693548 0.75
0.5 0.4642857 0.5625 0.6339286 0.6785714 0.6428571 0.6517857 0.7589286 0.75 0.8660714 0.7410714
0.4596774 0.5564516 0.6370968 0.7016129 0.7419355 0.8629032 0.8467742 0.8709677 0.8306452 0.7983871 0.766129
0.601626 0.5284553 0.5609756 0.504065 0.4796748 0.5203252 0.4065041 0.4552846 0.3739837 0.3902439 0.3821138
0.5677966 0.5677966 0.6016949 0.6271186 0.6271186 0.6440678 0.6101695 0.7542373 0.7542373 0.7457627 0.7627119
0.9237288 0.8305085 0.8559322 0.8220339 0.9152542 0.8644068 0.881356 0.898305 0.7542373 0.7457627 0.7627119
0.3109244 0.3193277 0.3529412 0.3361345 0.2773109 0.2605042 0.3361345 0.2352941 0.2352941 0.1932773 0.2268908
0.3225806 0.4193548 0.4435484 0.4032258 0.4516129 0.5483871 0.5080645 0.6048387 0.6451613 0.6451613 0.717742
0.4112903 0.4354839 0.3870968 0.4193548 0.4758065 0.4274194 0.483871 0.5806452 0.5887097 0.5887097 0.6451613
0.008264463 0 0.008264463 0 0.008264463 0.008264463 0.01652893 0.01652893 0.02479339 0.02479339 0.04958678
0.09448819 0.1181102 0.05511811 0.07874016 0.05511811 0.03149606 0.05511811 0.07874016 0.07874016 0.07874016 0.1259843
0.3888889 0.4126984 0.3492063 0.3253968 0.2380952 0.2539683 0.2460317 0.1984127 0.1984127 0.1904762 0.1825397
0.1875 0.2410714 0.2410714 0.2678571 0.3303571 0.3482143 0.3214286 0.4107143 0.4732143 0.4553571 0.4821429
0.7258065 0.7419355 0.8306452 0.733871 0.7580645 0.8064516 0.8145161 0.8225806 0.8145161 0.7903226 0.8629032
0.2177419 0.2419355 0.2741935 0.3629032 0.3225806 0.4193548 0.3548387 0.3790323 0.4112903 0.4596774 0.4435484
0.6806723 0.7142857 0.7310924 0.6890756 0.6470588 0.6218487 0.6890756 0.4621849 0.4033613 0.5210084 0.4117647
0.008130081 0.008130081 0 0.008130081 0.02439024 0.04065041 0.06504065 0.09756098 0.1382114 0.1869919 0.2682927
0.3660714 0.3928571 0.4732143 0.4107143 0.4732143 0.6696429 0.6785714 0.7053571 0.8214286 0.8660714 0.8482143
0.220339 0.2542373 0.2288136 0.2457627 0.2881356 0.3728814 0.3898305 0.3813559 0.4322034 0.5677966 0.5762712
0.468254 0.531746 0.5634921 0.5 0.4761905 0.515873 0.5079365 0.6507937 0.5555556 0.5396825 0.515873
0.2561983 0.2396694 0.2066116 0.2479339 0.2148760 0.2396694 0.2479339 0.2148760 0.2231405 0.2148760 0.1818182
0.2711864 0.279661 0.2372881 0.2288136 0.2711864 0.2881356 0.2881356 0.3644068 0.3813559 0.4152542 0.4576271
0.5625 0.7321429 0.6875 0.7321429 0.6696429 0.6696429 0.7857143 0.8571429 0.8125 0.75 0.7410714
0.3529412 0.3193277 0.2689076 0.2689076 0.2689076 0.1596639 0.2100840 0.1596639 0.1428571 0.1008403 0.1260504
0.1260504 0.1008403 0.1260504 0.1344538 0.1428571 0.1680672 0.1596639 0.2352941 0.2184874 0.302521 0.2857143
0.4878049 0.5609756 0.6666667 0.6260163 0.5447154 0.5934959 0.7398374 0.6585366 0.504065 0.6585366 0.6341463
0.5967742 0.4758065 0.5241935 0.6209677 0.5403226 0.5483871 0.516129 0.5241935 0.4919355 0.516129 0.4596774
0.01680672 0.01680672 0.01680672 0.02521008 0.05882353 0.01680672 0.07563025 0.1008403 0.1764706 0.1512605 0.2268908
0.559322 0.6694915 0.6186441 0.5677966 0.5084746 0.5847458 0.5169492 0.3898305 0.3728814 0.3135593 0.3728814
0.6129032 0.5483871 0.5887097 0.5806452 0.5403226 0.6290323 0.5806452 0.5645161 0.6612903 0.6129032 0.5483871
0.6694215 0.7438017 0.7520661 0.7190083 0.6198347 0.6198347 0.6694215 0.6528926 0.7355372 0.7024793 0.768595
0.02678571 0.03571429 0.03571429 0.1071429 0.1071429 0.1517857 0.2053571 0.2142857 0.2767857 0.3303571 0.3392857
0.9576271 0.9322034 0.9491525 0.940678 0.9237288 0.881356 0.9237288 0.8135593 0.898305 0.8644068 0.8644068
0.984252 0.9370079 0.9370079 0.968504 0.968504 0.968504 0.9212598 0.9133858 0.8976378 0.8661417 0.8110236
0.9338843 0.9338843 0.9669421 0.9421488 0.9338843 0.9090909 0.9008264 0.9173554 0.9008264 0.8595041 0.7933884
0.08661417 0.1181102 0.1417323 0.1653543 0.2125984 0.2519685 0.2677165 0.2755906 0.3228346 0.3149606 0.3937008
0.4201681 0.4201681 0.4033613 0.2941176 0.2941176 0.2605042 0.2184874 0.08403361 0.05042017 0.05042017 0.03361345
0.1983471 0.1818182 0.1157025 0.1074380 0.05785124 0.04132231 0 0.01652893 0.008264463 0.008264463 0.01652893
0.9669421 0.9338843 0.9669421 0.9421488 0.9338843 0.9090909 0.9008264 0.9173554 0.9008264 0.8595041 0.7933884
0.1157025 0.1735537 0.1074380 0.0909091 0.0661157 0.0661157 0.0661157 0.1074380 0.09917355 0.0661157 0.08264463
0.2941176 0.2605042 0.2352941 0.2521008 0.2773109 0.3613445 0.2941176 0.3529412 0.394958 0.3529412 0.3529412
0.1290323 0.1612903 0.08870968 0.1209677 0.1532258 0.1209677 0.1451613 0.08870968 0.0483871 0.08870968 0.1451613
0.3140496 0.3719008 0.3305785 0.4793388 0.4380165 0.446281 0.3471074 0.4545455 0.4710744 0.5206612 0.4958678
0.04464286 0.05357143 0.125 0.1428571 0.2232143 0.3035714 0.3571429 0.3660714 0.4107143 0.4017857 0.4732143
0.2033898 0.220339 0.2372881 0.2118644 0.1949153 0.2457627 0.2711864 0.3135593 0.2881356 0.3135593 0.3050847
0.8064516 0.6612903 0.6774194 0.7016129 0.6693548 0.6774194 0.6451613 0.5241935 0.6048387 0.5725806 0.6935484
0.0661157 0.07438017 0.05785124 0.0909091 0.05785124 0.0909091 0.0661157 0.09917355 0.1157025 0.1900826 0.2148760
0.8660714 0.875 0.8392857 0.9017857 0.8303571 0.7946429 0.7321429 0.9285714 0.8839286 0.8660714 0.8482143
0.3870968 0.4032258 0.3548387 0.3709677 0.3387097 0.3145161 0.2983871 0.2580645 0.2338710 0.2096774 0.2096774
0.8536585 0.8292683 0.9593496 0.7642276 0.8211382 0.7886179 0.7317073 0.6910569 0.5528455 0.5447154 0.495935
0.8482143 0.8928571 0.8303571 0.9017857 0.7589286 0.8571429 0.7857143 0.8571429 0.7232143 0.6964286 0.5892857
0.9830508 0.9576271 0.9491525 0.940678 0.9661017 0.881356 0.9237288 0.898305 0.8050847 0.7881356 0.779661
0.1160714 0.1607143 0.1964286 0.1517857 0.1428571 0.125 0.1071429 0.1964286 0.1875 0.1875 0.1964286
0.9193548 0.8790323 0.9274194 0.8951613 0.9596774 0.8790323 0.8870968 0.9274194 0.8306452 0.8870968 0.8790323
0.785124 0.8842975 0.8677686 0.8264463 0.8595041 0.8677686 0.8677686 0.8512397 0.8264463 0.8842975 0.8842975
0.9821429 0.9375 0.9464286 0.9375 0.8482143 0.8571429 0.9107143 0.8214286 0.8214286 0.8660714 0.7410714
0.6134454 0.6470588 0.5546218 0.5462185 0.5546218 0.487395 0.5210084 0.3277311 0.3361345 0.3361345 0.2857143
0.7096774 0.7419355 0.7983871 0.7983871 0.8306452 0.8790323 0.9596774 0.9274194 0.8306452 0.8870968 0.8790323
0.4789916 0.4033613 0.3781513 0.3697479 0.4537815 0.3529412 0.302521 0.2521008 0.1764706 0.1512605 0.1260504
0.6904762 0.7539683 0.7619048 0.7698413 0.7222222 0.8650794 0.7777778 0.6984127 0.8968254 0.8015873 0.8571429
0.6964286 0.7946429 0.8392857 0.8482143 0.7589286 0.6964286 0.7857143 0.7053571 0.75 0.75 0.7410714
0.4642857 0.4464286 0.5625 0.5267857 0.5803571 0.5178571 0.6160714 0.4821429 0.6071429 0.5267857 0.4821429
