0.796748 0.8780488 0.796748 0.8699187 0.7723577 0.7804878 0.8861789 0.8617886 0.8536585 0.9105691 0.8617886
0.3965517 0.387931 0.3534483 0.387931 0.3275862 0.4137931 0.3448276 0.3189655 0.4655172 0.4137931 0.5344828
0.8717949 0.8547009 0.8290598 0.923077 0.7948718 0.8974359 0.8290598 0.8376068 0.91453 0.8632479 0.8632479
0.736 0.864 0.792 0.864 0.776 0.816 0.872 0.72 0.824 0.624 0.752
0.1788618 0.0894309 0.1463415 0.0894309 0.08130081 0.08130081 0.06504065 0.07317073 0.09756098 0.06504065 0.08130081
0.792 0.864 0.936 0.88 0.832 0.904 0.872 0.888 0.824 0.864 0.848
0.07377049 0.06557377 0.06557377 0.09836066 0.1147541 0.1147541 0.09016393 0.1721311 0.2459016 0.2295082 0.2786885
0.6465517 0.6293103 0.5431034 0.5603448 0.4741379 0.5 0.3448276 0.2586207 0.2155172 0.2327586 0.1896552
0.2540984 0.2704918 0.3852459 0.3770492 0.352459 0.3770492 0.4262295 0.4754098 0.5327869 0.4672131 0.5655738
0.5284553 0.5365854 0.5772358 0.5691057 0.6585366 0.6666667 0.699187 0.7479675 0.7804878 0.7073171 0.7642276
0.024 0.04 0.048 0.064 0.032 0.072 0.048 0.128 0.128 0.176 0.168
0.6097561 0.6504065 0.5691057 0.6422764 0.7642276 0.7073171 0.5772358 0.6422764 0.6585366 0.5528455 0.4878049
0.967742 0.9516129 0.8064516 0.8225806 0.8951613 0.8870968 0.782258 0.9032258 0.8548387 0.7741935 0.8548387
0.5645161 0.3870968 0.4677419 0.5080645 0.4354839 0.4919355 0.5241935 0.4516129 0.516129 0.6774194 0.6370968
0.1065574 0.1557377 0.1803279 0.1229508 0.1557377 0.1229508 0.1147541 0.1475410 0.1967213 0.2131148 0.1803279
0.08064516 0.1129032 0.05645161 0.0483871 0.03225806 0.03225806 0.03225806 0.03225806 0.08064516 0.1129032 0.1612903
0.1065574 0.2049180 0.2459016 0.3278689 0.3032787 0.3606557 0.4180328 0.4672131 0.4836066 0.5245902 0.5491803
0.4957265 0.4786325 0.5213675 0.5128205 0.5384615 0.6410256 0.6068376 0.6068376 0.6752137 0.7863248 0.7948718
0.7560976 0.7560976 0.7886179 0.7154472 0.7804878 0.7235772 0.699187 0.7479675 0.7560976 0.7398374 0.7154472
0.862069 0.8017241 0.6982759 0.7931034 0.7844828 0.75 0.8017241 0.6724138 0.7068966 0.6293103 0.6206897
0.1864407 0.220339 0.2372881 0.3559322 0.3813559 0.3813559 0.4322034 0.440678 0.5338983 0.6016949 0.6864407
0.4016393 0.4754098 0.4344262 0.4508197 0.4672131 0.4180328 0.5081967 0.4016393 0.4344262 0.4508197 0.4180328
0.6495726 0.7094017 0.7863248 0.6837607 0.7692308 0.8034188 0.7948718 0.8376068 0.91453 0.8632479 0.7863248
0.1544715 0.09756098 0.1219512 0.08130081 0.06504065 0.04878049 0.03252033 0.02439024 0.01626016 0.02439024 0.01626016
0.02459016 0.03278689 0.02459016 0.02459016 0.02459016 0.04918033 0.04098361 0.04918033 0.1393443 0.2213115 0.2540984
0.1209677 0.1451613 0.1209677 0.1451613 0.1693548 0.1693548 0.08870968 0.2177419 0.2419355 0.2338710 0.2741935
0.8717949 0.8974359 0.8205128 0.8632479 0.8974359 0.8205128 0.6410256 0.6666667 0.5982906 0.5982906 0.5128205
0.6495726 0.6324786 0.5811966 0.5982906 0.5811966 0.5213675 0.5128205 0.6581197 0.6068376 0.6153846 0.5982906
0.06504065 0.06504065 0.04878049 0.008130081 0 0 0 0 0 0 0
0.2845528 0.3089431 0.3170732 0.3902439 0.3577236 0.3902439 0.3821138 0.3495935 0.3739837 0.4065041 0.4471545
0.1880342 0.1196581 0.1538462 0.1452991 0.1623932 0.1880342 0.05128205 0.05128205 0.07692308 0.07692308 0.03418803
0.1129032 0.1129032 0.1209677 0.2016129 0.1532258 0.2177419 0.2419355 0.3709677 0.2903226 0.3387097 0.4274194
0.4435484 0.4354839 0.4112903 0.3306452 0.2903226 0.2338710 0.1048387 0.1451613 0.0483871 0.02419355 0.02419355
0.440678 0.4237288 0.440678 0.4661017 0.4830508 0.5 0.4745763 0.5084746 0.6440678 0.5847458 0.6864407
0.5772358 0.6422764 0.6097561 0.5772358 0.6585366 0.7073171 0.7723577 0.7073171 0.7479675 0.6341463 0.7804878
0.5555556 0.5042735 0.4615385 0.5811966 0.6239316 0.5982906 0.6068376 0.6666667 0.6324786 0.6923077 0.7606838
0.4102564 0.3675214 0.2393162 0.2136752 0.1111111 0.1452991 0.03418803 0.02564103 0.01709402 0.01709402 0.01709402
0.09322034 0.1610169 0.1186441 0.1440678 0.09322034 0.1271186 0.220339 0.1949153 0.2627119 0.2542373 0.2288136
0.1951220 0.2032520 0.1382114 0.1056911 0.09756098 0.08130081 0.08130081 0.05691057 0.06504065 0.05691057 0.05691057
0.902439 0.8211382 0.8455285 0.8130081 0.8211382 0.7804878 0.8373984 0.7317073 0.7642276 0.6504065 0.7723577
0.8709677 0.9274194 0.8306452 0.9274194 0.8225806 0.8145161 0.782258 0.7258065 0.8064516 0.7741935 0.6451613
0.3902439 0.3414634 0.3902439 0.3902439 0.4065041 0.4796748 0.398374 0.4065041 0.3577236 0.3089431 0.3170732
0.6440678 0.7118644 0.6186441 0.6779661 0.6186441 0.5508475 0.5677966 0.440678 0.4067797 0.3135593 0.2372881
0.7606838 0.7435897 0.8461538 0.7863248 0.7008547 0.7777778 0.7264957 0.7606838 0.8290598 0.7863248 0.7863248
0.2096774 0.1451613 0.1048387 0.1048387 0.0483871 0.0483871 0.02419355 0.04032258 0.01612903 0.01612903 0.02419355
0.601626 0.5609756 0.5772358 0.4715447 0.5691057 0.504065 0.5121951 0.5121951 0.495935 0.5284553 0.5284553
0.7560976 0.7723577 0.8780488 0.7317073 0.699187 0.7479675 0.8617886 0.7804878 0.7560976 0.7886179 0.7317073
0.2822581 0.1935484 0.1854839 0.1854839 0.1612903 0.0967742 0.06451613 0.0483871 0.02419355 0.01612903 0.02419355
0.9152542 0.898305 0.8898305 0.881356 0.898305 0.8898305 0.881356 0.9237288 0.9152542 0.8559322 0.8559322
0.909836 0.9590164 0.9754098 0.9016393 0.9508197 0.9590164 0.9262295 0.9262295 0.9262295 0.8606557 0.8606557
0.9512195 0.8292683 0.7560976 0.8130081 0.804878 0.7804878 0.7560976 0.7398374 0.699187 0.6260163 0.5853659
0.192 0.272 0.24 0.304 0.336 0.352 0.4 0.424 0.392 0.432 0.488
0.8793103 0.75 0.8362069 0.8362069 0.8103448 0.8103448 0.6551724 0.6206897 0.5172414 0.362069 0.3448276
0.300813 0.2682927 0.2682927 0.2601626 0.2113821 0.1382114 0.1626016 0.1219512 0.09756098 0.09756098 0.0894309
0.516129 0.5241935 0.4193548 0.3870968 0.3629032 0.2338710 0.2096774 0.1532258 0.1209677 0.1209677 0.07258065
0.3076923 0.3333333 0.3333333 0.3418803 0.3504274 0.3846154 0.3418803 0.3589744 0.4188034 0.3076923 0.3247863
0.6803279 0.6803279 0.704918 0.6557377 0.7377049 0.6721311 0.6311475 0.5491803 0.5819672 0.5655738 0.5655738
0.05645161 0.06451613 0.03225806 0.06451613 0.04032258 0.08870968 0.06451613 0.1290323 0.1612903 0.2016129 0.1693548
0.6551724 0.4827586 0.4482759 0.4051724 0.4051724 0.3017241 0.2327586 0.1551724 0.1465517 0.1120690 0.1120690
0.9137931 0.8103448 0.8706897 0.862069 0.8189655 0.8103448 0.862069 0.862069 0.8017241 0.7844828 0.724138
0.495935 0.4634146 0.5284553 0.5528455 0.495935 0.5365854 0.5528455 0.5203252 0.6260163 0.5365854 0.6585366
0.4754098 0.5081967 0.4918033 0.5081967 0.4836066 0.5 0.5327869 0.4754098 0.557377 0.4918033 0.4508197
0.6585366 0.5691057 0.6341463 0.699187 0.699187 0.7073171 0.7560976 0.8780488 0.7560976 0.796748 0.8292683
0.2926829 0.3089431 0.3089431 0.2276423 0.2601626 0.2601626 0.300813 0.3495935 0.398374 0.4552846 0.5528455
0.9105691 0.99187 0.9756098 0.99187 0.9756098 0.9593496 0.9186992 0.9268293 0.8617886 0.894309 0.8292683
0.712 0.656 0.664 0.728 0.736 0.64 0.536 0.512 0.448 0.408 0.312
0.5169492 0.720339 0.7118644 0.5677966 0.5 0.4491525 0.3644068 0.3220339 0.2457627 0.2457627 0.2033898
0.5338983 0.5932203 0.5508475 0.4491525 0.4745763 0.4491525 0.5 0.5 0.5 0.3898305 0.4237288
0.904 0.864 0.888 0.936 0.832 0.68 0.808 0.824 0.92 0.672 0.848
0.02586207 0.02586207 0.02586207 0.04310345 0.06896552 0.1034483 0.1896552 0.1982759 0.2672414 0.3017241 0.3103448
0.3050847 0.3474576 0.4237288 0.4237288 0.4152542 0.3813559 0.4067797 0.4491525 0.4322034 0.4152542 0.4322034
0.724138 0.7327586 0.775862 0.7413793 0.8017241 0.8275862 0.862069 0.7672414 0.8965517 0.7844828 0.8017241
0.967742 0.9112903 0.8467742 0.9274194 0.8951613 0.733871 0.8467742 0.8145161 0.8064516 0.7741935 0.7419355
0.5 0.4741379 0.5086207 0.5517241 0.612069 0.6637931 0.7155172 0.6810345 0.7844828 0.7586207 0.8017241
0.3852459 0.4016393 0.4754098 0.5163934 0.6229508 0.7295082 0.6721311 0.5491803 0.6721311 0.6885246 0.7459016
0.4274194 0.5403226 0.6612903 0.6048387 0.8387097 0.8145161 0.8467742 0.7983871 0.8145161 0.7741935 0.8548387
0.5284553 0.5772358 0.5203252 0.4390244 0.5609756 0.5121951 0.4715447 0.4146341 0.4065041 0.4390244 0.3902439
0.4491525 0.6101695 0.5932203 0.5932203 0.5169492 0.7288136 0.7118644 0.6864407 0.7288136 0.6864407 0.7372881
0.7542373 0.8135593 0.8220339 0.7118644 0.7542373 0.7372881 0.720339 0.8474576 0.7288136 0.7627119 0.7372881
0.1896552 0.1465517 0.2241379 0.1465517 0.2241379 0.2672414 0.2241379 0.1982759 0.2068966 0.2327586 0.1637931
0.3675214 0.3504274 0.3931624 0.4273504 0.4358974 0.4957265 0.5555556 0.5555556 0.6068376 0.7350427 0.7179487
0.440678 0.4237288 0.440678 0.4237288 0.4322034 0.4237288 0.4745763 0.5 0.5847458 0.6271186 0.661017
0 0.008547009 0.008547009 0 0.008547009 0.008547009 0.008547009 0.01709402 0.01709402 0.01709402 0.02564103
0.1465517 0.1034483 0.09482759 0.09482759 0.06896552 0.1206897 0.1637931 0.1293103 0.1465517 0.2327586 0.2413793
0.1612903 0.1612903 0.2096774 0.2016129 0.1129032 0.1048387 0.1209677 0.1129032 0.1048387 0.08870968 0.08870968
0.3846154 0.3760684 0.4273504 0.4529915 0.4615385 0.4615385 0.4957265 0.5384615 0.5384615 0.4700855 0.3931624
0.6637931 0.6206897 0.5431034 0.6551724 0.7068966 0.7586207 0.7413793 0.8017241 0.8017241 0.7844828 0.8706897
0.304 0.368 0.4 0.424 0.576 0.584 0.6 0.592 0.64 0.784 0.752
0.6752137 0.6581197 0.7179487 0.7692308 0.6666667 0.5982906 0.5555556 0.6495726 0.6752137 0.6068376 0.5982906
0.00862069 0.00862069 0.00862069 0 0.02586207 0.03448276 0.1034483 0.1293103 0.2068966 0.2672414 0.2413793
0.4137931 0.5517241 0.5086207 0.4913793 0.5603448 0.5948276 0.6293103 0.724138 0.7413793 0.7672414 0.7844828
0.25 0.1896552 0.2327586 0.2241379 0.2672414 0.2931034 0.3189655 0.362069 0.3965517 0.4224138 0.4568966
0.601626 0.6097561 0.5528455 0.5772358 0.5528455 0.5365854 0.601626 0.6097561 0.6585366 0.5528455 0.6341463
0.2439024 0.1869919 0.1869919 0.1869919 0.1300813 0.1300813 0.1463415 0.1219512 0.1544715 0.1300813 0.1056911
0.2950820 0.2950820 0.2950820 0.2622951 0.2704918 0.2868852 0.3196721 0.2868852 0.3442623 0.3770492 0.5
0.7419355 0.7258065 0.7016129 0.766129 0.8387097 0.766129 0.8145161 0.7983871 0.8870968 0.8790323 0.8548387
0.2881356 0.2711864 0.3135593 0.2881356 0.1864407 0.2033898 0.220339 0.1271186 0.1186441 0.2033898 0.1610169
0.04098361 0.04098361 0.04098361 0.04098361 0.04098361 0.04918033 0.04918033 0.06557377 0.1311475 0.1967213 0.2131148
0.3902439 0.4634146 0.4471545 0.5121951 0.504065 0.5365854 0.6097561 0.4796748 0.5203252 0.5447154 0.5609756
0.5169492 0.4830508 0.5932203 0.5 0.4830508 0.5338983 0.5338983 0.5084746 0.4915254 0.5423729 0.3898305
0.01724138 0.00862069 0.02586207 0.01724138 0.01724138 0.0775862 0.09482759 0.1379310 0.1465517 0.2155172 0.2241379
0.6585366 0.6260163 0.6747967 0.5447154 0.495935 0.3577236 0.4227642 0.300813 0.2926829 0.2520325 0.2601626
0.6410256 0.6495726 0.7264957 0.7179487 0.6068376 0.6239316 0.6068376 0.6324786 0.6068376 0.6239316 0.7606838
0.7235772 0.699187 0.7560976 0.6910569 0.6747967 0.7560976 0.7479675 0.7235772 0.7804878 0.6504065 0.6747967
0.3504274 0.3675214 0.4188034 0.4444444 0.3931624 0.4273504 0.4786325 0.4273504 0.5641026 0.5811966 0.5213675
0.9396552 0.9568966 0.9568966 0.9655172 0.9568966 0.9224138 0.974138 0.9137931 0.8965517 0.8793103 0.8706897
0.9237288 0.9661017 0.9491525 0.940678 0.9576271 0.9322034 0.9322034 0.9237288 0.9152542 0.8559322 0.8559322
0.9919355 0.983871 0.967742 0.967742 0.9032258 0.9516129 0.9112903 0.9032258 0.8548387 0.8548387 0.8548387
0.06504065 0.08130081 0.1138211 0.2357724 0.1626016 0.3333333 0.3414634 0.3495935 0.3658537 0.3495935 0.398374
0.48 0.376 0.32 0.32 0.224 0.144 0.184 0.088 0.056 0.048 0.032
0.05645161 0.01612903 0.03225806 0.01612903 0.008064516 0 0.01612903 0 0.01612903 0.01612903 0.06451613
0.7073171 0.7073171 0.9105691 0.7479675 0.8211382 0.7398374 0.7723577 0.7398374 0.7479675 0.7560976 0.7073171
0.1612903 0.0967742 0.1290323 0.1451613 0.0483871 0.08870968 0.0967742 0.0967742 0.1209677 0.1290323 0.1290323
0.3495935 0.2926829 0.2764228 0.4308943 0.3495935 0.4146341 0.3739837 0.3739837 0.3821138 0.4471545 0.3902439
0.12 0.128 0.128 0.112 0.136 0.08 0.112 0.048 0.064 0.128 0.128
0.1774194 0.1854839 0.1935484 0.2338710 0.2258065 0.2177419 0.2822581 0.25 0.2903226 0.2822581 0.3709677
0.1612903 0.2338710 0.3225806 0.3225806 0.3387097 0.4354839 0.4354839 0.3548387 0.3951613 0.3709677 0.2983871
0.4444444 0.4615385 0.4358974 0.4871795 0.4615385 0.4615385 0.4957265 0.5384615 0.5384615 0.4529915 0.5384615
0.612069 0.6206897 0.637931 0.6206897 0.6465517 0.775862 0.637931 0.637931 0.6293103 0.6293103 0.7155172
0.0483871 0.08064516 0.08064516 0.0967742 0.05645161 0.0483871 0.07258065 0.1129032 0.1129032 0.1209677 0.1290323
0.8536585 0.894309 0.796748 0.8536585 0.7723577 0.8130081 0.8536585 0.8617886 0.8536585 0.7398374 0.7886179
0.4227642 0.3089431 0.3821138 0.3333333 0.3252033 0.3414634 0.3170732 0.3333333 0.3170732 0.2845528 0.2276423
0.8780488 0.8699187 0.8617886 0.7317073 0.7560976 0.6829268 0.6260163 0.6178862 0.5528455 0.5284553 0.4552846
0.8898305 0.8305085 0.838983 0.8305085 0.7711864 0.7118644 0.7711864 0.7881356 0.7033898 0.7457627 0.7966102
0.9919355 0.983871 0.967742 0.967742 0.9516129 0.9516129 0.8467742 0.9032258 0.8145161 0.8548387 0.8548387
0.06504065 0.08130081 0.1544715 0.1138211 0.1626016 0.1869919 0.2276423 0.2276423 0.2601626 0.2439024 0.2032520
0.8861789 0.9186992 0.8455285 0.8455285 0.8780488 0.8617886 0.9268293 0.8699187 0.902439 0.9105691 0.8617886
0.804878 0.804878 0.8211382 0.804878 0.8373984 0.796748 0.8617886 0.8699187 0.7804878 0.796748 0.8292683
0.887931 0.887931 0.9051724 0.862069 0.8017241 0.8706897 0.75 0.7672414 0.7413793 0.6637931 0.6206897
0.6829268 0.6585366 0.495935 0.5203252 0.4146341 0.4146341 0.4390244 0.3821138 0.3333333 0.3089431 0.2032520
0.52 0.64 0.656 0.784 0.8 0.808 0.92 0.816 0.824 0.864 0.848
0.3688525 0.3934426 0.3852459 0.3442623 0.3032787 0.2622951 0.2622951 0.2131148 0.1885246 0.08196721 0.08196721
0.7350427 0.8034188 0.7264957 0.7863248 0.8205128 0.8205128 0.8290598 0.7948718 0.8461538 0.8632479 0.8632479
0.8898305 0.898305 0.838983 0.8728814 0.8474576 0.7627119 0.8474576 0.9237288 0.9152542 0.8135593 0.7966102
0.6694915 0.7118644 0.720339 0.6186441 0.7711864 0.661017 0.720339 0.7881356 0.661017 0.6864407 0.6186441
