0.7567568 0.7927928 0.8198198 0.7927928 0.7927928 0.7927928 0.7567568 0.8108108 0.7477477 0.8918919 0.8828829
0.5163934 0.4672131 0.4836066 0.4590164 0.3770492 0.3442623 0.3196721 0.2950820 0.3114754 0.2295082 0.2540984
0.9516129 0.8709677 0.9193548 0.9274194 0.967742 0.8629032 0.7983871 0.8387097 0.8145161 0.8870968 0.8467742
0.8018018 0.8648649 0.8018018 0.9009009 0.7927928 0.8108108 0.7567568 0.7567568 0.7927928 0.7927928 0.7747748
0.1074380 0.08264463 0.1487603 0.1074380 0.1404959 0.1157025 0.1735537 0.1322314 0.1652893 0.1652893 0.1983471
0.8181818 0.8099174 0.9504132 0.7933884 0.7933884 0.8512397 0.8595041 0.9090909 0.876033 0.876033 0.8181818
0.1984127 0.2222222 0.3015873 0.2857143 0.3809524 0.2698413 0.3968254 0.4047619 0.4365079 0.468254 0.4761905
0.5327869 0.5 0.5081967 0.5409836 0.4672131 0.4590164 0.4344262 0.4098361 0.3442623 0.352459 0.3114754
0.4285714 0.4621849 0.512605 0.5882353 0.5798319 0.6302521 0.6806723 0.7310924 0.6638655 0.6638655 0.7983193
0.4444444 0.4365079 0.484127 0.5079365 0.515873 0.6190476 0.5079365 0.5634921 0.5952381 0.6349206 0.5952381
0.03603604 0.08108108 0.04504505 0.08108108 0.0990991 0.1261261 0.1441441 0.1981982 0.2162162 0.1711712 0.2252252
0.4789916 0.5378151 0.5042017 0.5294118 0.5630252 0.5882353 0.6554622 0.5462185 0.5714286 0.4621849 0.5210084
0.9516129 0.9516129 0.8790323 0.9274194 0.9032258 0.9516129 0.7983871 0.8951613 0.8548387 0.7580645 0.7741935
0.4285714 0.4201681 0.4285714 0.3529412 0.3529412 0.4117647 0.4789916 0.512605 0.4621849 0.6134454 0.5966387
0.24 0.256 0.248 0.248 0.24 0.28 0.304 0.344 0.304 0.344 0.368
0.08264463 0.04958678 0.04132231 0.04132231 0.01652893 0 0 0 0.008264463 0.01652893 0.01652893
0.088 0.168 0.192 0.288 0.36 0.336 0.36 0.456 0.392 0.496 0.52
0.4754098 0.4508197 0.4672131 0.4918033 0.5655738 0.6967213 0.6639344 0.5655738 0.7786885 0.795082 0.7377049
0.896 0.768 0.768 0.752 0.768 0.744 0.72 0.792 0.744 0.712 0.808
0.7642276 0.6910569 0.6504065 0.6585366 0.6585366 0.7154472 0.601626 0.5691057 0.4634146 0.4878049 0.4634146
0.208 0.224 0.208 0.224 0.256 0.28 0.352 0.352 0.496 0.496 0.624
0.4132231 0.3636364 0.3471074 0.4380165 0.4214876 0.4297521 0.3719008 0.4380165 0.3223140 0.3305785 0.446281
0.6229508 0.6557377 0.5901639 0.704918 0.6721311 0.7540984 0.7213115 0.7868852 0.7786885 0.909836 0.7131148
0.2689076 0.2268908 0.1428571 0.1260504 0.1008403 0.09243697 0.05882353 0.03361345 0.02521008 0.06722689 0.05042017
0.03361345 0.05882353 0.05882353 0.04201681 0.06722689 0.09243697 0.1596639 0.1092437 0.1596639 0.2016807 0.1932773
0.302521 0.2857143 0.2016807 0.2521008 0.2352941 0.2941176 0.2773109 0.302521 0.3529412 0.3445378 0.3697479
0.8018018 0.8018018 0.7477477 0.7477477 0.7747748 0.7117117 0.6396396 0.6666667 0.5495495 0.5495495 0.5315315
0.7058824 0.7058824 0.6722689 0.6386555 0.6638655 0.6302521 0.7058824 0.6806723 0.7142857 0.7394958 0.5966387
0.07207207 0.04504505 0.05405405 0.01801802 0 0 0 0 0 0 0
0.2644628 0.3636364 0.2809917 0.4132231 0.3636364 0.3801653 0.4049587 0.4132231 0.4214876 0.3471074 0.3636364
0.3412698 0.3492063 0.3809524 0.2857143 0.3412698 0.3571429 0.2777778 0.3571429 0.4206349 0.3571429 0.3571429
0.1512605 0.1680672 0.2184874 0.3109244 0.3361345 0.3613445 0.4201681 0.4033613 0.4369748 0.5042017 0.5042017
0.5585586 0.5675676 0.5495495 0.3783784 0.4144144 0.2522523 0.1981982 0.1981982 0.0990991 0.0990991 0.04504505
0.3613445 0.394958 0.4033613 0.3613445 0.4369748 0.4957983 0.4705882 0.5378151 0.5462185 0.605042 0.5630252
0.5585586 0.5495495 0.6396396 0.7477477 0.6396396 0.6936937 0.6486486 0.7747748 0.7927928 0.6756757 0.7387387
0.4796748 0.5203252 0.5528455 0.5365854 0.6422764 0.6829268 0.7154472 0.6666667 0.7560976 0.8292683 0.6910569
0.4426230 0.352459 0.3196721 0.2540984 0.1311475 0.1229508 0.04918033 0.04098361 0.02459016 0.01639344 0.02459016
0.1008403 0.1344538 0.05042017 0.05042017 0.08403361 0.09243697 0.1176471 0.1176471 0.1260504 0.2436975 0.2184874
0.0894309 0.0894309 0.1138211 0.1056911 0.1382114 0.1300813 0.1788618 0.1300813 0.1382114 0.1788618 0.1544715
0.963964 0.936937 0.8018018 0.8018018 0.7747748 0.8198198 0.7117117 0.6666667 0.7207207 0.7297297 0.7027027
0.8264463 0.8429752 0.7438017 0.8512397 0.9421488 0.8512397 0.9173554 0.8512397 0.8099174 0.876033 0.8181818
0.256 0.24 0.272 0.288 0.4 0.304 0.288 0.296 0.304 0.264 0.24
0.6747967 0.6829268 0.5934959 0.6097561 0.5934959 0.5447154 0.5365854 0.4390244 0.4227642 0.3414634 0.2764228
0.7723577 0.6829268 0.699187 0.6585366 0.7154472 0.7154472 0.7560976 0.7398374 0.7073171 0.699187 0.7073171
0.3145161 0.2741935 0.2016129 0.2016129 0.1209677 0.0967742 0.1370968 0.06451613 0.04032258 0.04032258 0.0483871
0.6280992 0.6694215 0.7438017 0.7107438 0.6446281 0.677686 0.6115702 0.6528926 0.6363636 0.5950413 0.7190083
0.8677686 0.892562 0.8181818 0.7272727 0.7520661 0.785124 0.7355372 0.8429752 0.6942149 0.768595 0.8181818
0.3548387 0.3225806 0.2741935 0.2258065 0.2016129 0.0967742 0.0967742 0.06451613 0.06451613 0.0483871 0.07258065
0.963964 0.954955 0.8918919 0.90991 0.918919 0.90991 0.963964 0.8828829 0.8828829 0.8918919 0.8828829
0.983471 0.9586777 0.9504132 0.9586777 0.9421488 0.9173554 0.9173554 0.9090909 0.876033 0.876033 0.8181818
0.9421488 0.892562 0.9090909 0.7933884 0.876033 0.8512397 0.8429752 0.768595 0.7272727 0.7603306 0.7355372
0.2539683 0.2698413 0.3174603 0.3174603 0.3809524 0.3888889 0.3809524 0.4761905 0.5 0.5 0.4920635
0.8739496 0.907563 0.8991597 0.8907563 0.882353 0.8907563 0.7983193 0.7394958 0.6638655 0.6134454 0.5462185
0.3603604 0.3243243 0.2972973 0.2072072 0.1621622 0.1801802 0.1441441 0.1711712 0.08108108 0.05405405 0.04504505
0.456 0.464 0.384 0.432 0.36 0.304 0.24 0.136 0.144 0.136 0.088
0.4126984 0.4206349 0.3571429 0.3888889 0.3809524 0.4126984 0.4206349 0.4047619 0.3095238 0.3650794 0.3253968
0.6216216 0.6036036 0.6306306 0.5765766 0.5765766 0.6216216 0.5855856 0.5405405 0.4864865 0.5135135 0.4774775
0.09243697 0.09243697 0.07563025 0.02521008 0.05042017 0.05042017 0.05042017 0.07563025 0.1596639 0.1932773 0.1512605
0.4621849 0.5210084 0.4705882 0.4201681 0.3361345 0.2184874 0.1680672 0.1512605 0.07563025 0.07563025 0.05042017
0.7355372 0.7355372 0.8595041 0.7355372 0.8016529 0.7355372 0.7603306 0.8512397 0.7190083 0.7603306 0.7603306
0.4954955 0.4774775 0.5495495 0.4864865 0.6216216 0.5045045 0.5765766 0.5765766 0.5495495 0.6576577 0.6846847
0.7459016 0.7786885 0.7131148 0.7868852 0.7377049 0.6311475 0.6639344 0.5819672 0.6885246 0.6147541 0.5163934
0.672 0.704 0.656 0.672 0.656 0.688 0.792 0.768 0.776 0.752 0.744
0.1621622 0.2072072 0.1981982 0.2072072 0.2252252 0.2252252 0.2432432 0.2522523 0.2792793 0.3963964 0.4324324
0.944 0.944 0.976 0.976 0.936 0.952 0.96 0.92 0.936 0.856 0.928
0.7731092 0.789916 0.8067227 0.789916 0.7563025 0.7394958 0.789916 0.7310924 0.6638655 0.7478992 0.5630252
0.624 0.544 0.552 0.608 0.456 0.4 0.432 0.352 0.328 0.312 0.272
0.5 0.4677419 0.4354839 0.4112903 0.4677419 0.5 0.3548387 0.3790323 0.2580645 0.3064516 0.2661290
0.8571429 0.8487395 0.8739496 0.8907563 0.9411765 0.7983193 0.7983193 0.8487395 0.8235294 0.789916 0.7563025
0.04201681 0.05882353 0.07563025 0.1092437 0.1176471 0.1344538 0.2268908 0.2016807 0.2352941 0.2268908 0.2436975
0.5 0.4426230 0.4180328 0.4590164 0.5081967 0.4508197 0.3934426 0.4754098 0.4590164 0.4590164 0.5
0.704 0.736 0.872 0.768 0.816 0.816 0.792 0.896 0.776 0.752 0.84
0.8235294 0.8487395 0.8907563 0.8319328 0.8571429 0.8571429 0.8991597 0.7647059 0.7563025 0.7394958 0.7058824
0.7117117 0.6846847 0.6666667 0.7477477 0.7297297 0.8108108 0.8018018 0.8828829 0.7927928 0.8018018 0.8828829
0.456 0.464 0.36 0.488 0.52 0.536 0.768 0.592 0.704 0.688 0.76
0.3613445 0.5042017 0.5630252 0.5966387 0.6638655 0.7563025 0.7983193 0.7647059 0.9327731 0.8739496 0.8319328
0.5867769 0.5454545 0.5041322 0.5289256 0.4214876 0.4628099 0.4710744 0.4380165 0.4214876 0.3884298 0.338843
0.5855856 0.5405405 0.6216216 0.6846847 0.6306306 0.6936937 0.6216216 0.6936937 0.7297297 0.7297297 0.7027027
0.8429752 0.8429752 0.9256198 0.7933884 0.8842975 0.8512397 0.9173554 0.9090909 0.8099174 0.7603306 0.7603306
0.208 0.216 0.248 0.224 0.224 0.248 0.256 0.232 0.248 0.216 0.192
0.4262295 0.4426230 0.4344262 0.4918033 0.5655738 0.5491803 0.5983607 0.6885246 0.6885246 0.6147541 0.6885246
0.4672131 0.4508197 0.4344262 0.4672131 0.4754098 0.4754098 0.4590164 0.4672131 0.5081967 0.6147541 0.6147541
0.008403361 0.008403361 0.02521008 0.008403361 0.01680672 0.02521008 0.008403361 0.01680672 0.02521008 0.03361345 0.05882353
0.176 0.152 0.104 0.072 0.064 0.064 0.032 0.048 0.072 0.064 0.056
0.4054054 0.4234234 0.3243243 0.2522523 0.2252252 0.2522523 0.1981982 0.1801802 0.2072072 0.1711712 0.2162162
0.3790323 0.3306452 0.3709677 0.4596774 0.4274194 0.4677419 0.4193548 0.4758065 0.3548387 0.3548387 0.3790323
0.7394958 0.6554622 0.7478992 0.7815126 0.7731092 0.8487395 0.7815126 0.7647059 0.8403361 0.8235294 0.7983193
0.2213115 0.2950820 0.3852459 0.3852459 0.3934426 0.4098361 0.3934426 0.4098361 0.4016393 0.4262295 0.3934426
0.7142857 0.6554622 0.6890756 0.6638655 0.6302521 0.7058824 0.6134454 0.5798319 0.5042017 0.5042017 0.5294118
0.008403361 0 0.008403361 0.01680672 0.04201681 0.1092437 0.1260504 0.1764706 0.2184874 0.2941176 0.3193277
0.4193548 0.4919355 0.5241935 0.5241935 0.5887097 0.6370968 0.6612903 0.782258 0.8145161 0.8225806 0.8467742
0.1869919 0.2113821 0.3252033 0.2845528 0.2845528 0.2926829 0.4308943 0.4552846 0.4634146 0.5447154 0.5284553
0.487395 0.5042017 0.487395 0.5042017 0.4621849 0.5042017 0.512605 0.4705882 0.4957983 0.6134454 0.5042017
0.376 0.424 0.344 0.352 0.328 0.296 0.288 0.264 0.272 0.28 0.248
0.3613445 0.2268908 0.302521 0.2941176 0.2436975 0.3109244 0.2773109 0.3193277 0.4201681 0.394958 0.4537815
0.8018018 0.7567568 0.7657658 0.6846847 0.7927928 0.8108108 0.8378378 0.8378378 0.8108108 0.8018018 0.8828829
0.2926829 0.2601626 0.1707317 0.2195122 0.1869919 0.1463415 0.2113821 0.1544715 0.1382114 0.1219512 0.1219512
0.1428571 0.08403361 0.1176471 0.05042017 0.08403361 0.08403361 0.1008403 0.1596639 0.1764706 0.1764706 0.2268908
0.4878049 0.5203252 0.6666667 0.6341463 0.6910569 0.6747967 0.6585366 0.6422764 0.5772358 0.6422764 0.7560976
0.6557377 0.6557377 0.6147541 0.5737705 0.5983607 0.5737705 0.6147541 0.5409836 0.5163934 0.5327869 0.5327869
0.01680672 0.01680672 0.01680672 0.01680672 0.1092437 0.07563025 0.1596639 0.2100840 0.2352941 0.2268908 0.2184874
0.664 0.688 0.6 0.608 0.584 0.472 0.512 0.424 0.352 0.32 0.368
0.4365079 0.4365079 0.4444444 0.4365079 0.3968254 0.4206349 0.5079365 0.5 0.5 0.5793651 0.4444444
0.84 0.816 0.872 0.824 0.688 0.888 0.8 0.848 0.856 0.76 0.672
0.06451613 0.08064516 0.1370968 0.1370968 0.1209677 0.2096774 0.2661290 0.2983871 0.3064516 0.3225806 0.3467742
0.9512195 0.9349593 0.9593496 0.9674797 0.9674797 0.9430894 0.9430894 0.9105691 0.8780488 0.9186992 0.8455285
0.9758065 0.9758065 0.9596774 0.967742 0.967742 0.9516129 0.9274194 0.8951613 0.9274194 0.8870968 0.8467742
0.9674797 0.902439 0.9268293 0.9674797 0.9674797 0.9430894 0.9430894 0.9105691 0.8780488 0.9186992 0.8455285
0.2252252 0.2972973 0.3243243 0.3963964 0.3603604 0.4414414 0.3963964 0.4414414 0.4414414 0.4504505 0.5585586
0.3865546 0.4537815 0.3445378 0.2268908 0.1428571 0.09243697 0.04201681 0.02521008 0.01680672 0.01680672 0.01680672
0.02702703 0.01801802 0.009009009 0.02702703 0 0 0 0 0 0 0.01801802
0.944 0.864 0.904 0.912 0.936 0.952 0.96 0.92 0.936 0.856 0.928
0.1229508 0.1147541 0.1475410 0.1311475 0.1229508 0.1229508 0.1229508 0.1885246 0.09016393 0.1065574 0.1393443
0.2857143 0.2941176 0.302521 0.3361345 0.3361345 0.3865546 0.4453782 0.3697479 0.4621849 0.4537815 0.4453782
0.04504505 0.08108108 0.07207207 0.04504505 0.05405405 0.01801802 0.01801802 0.05405405 0.01801802 0.03603604 0.06306306
0.3865546 0.4201681 0.4285714 0.4537815 0.4369748 0.512605 0.512605 0.5462185 0.5210084 0.5546218 0.605042
0.1932773 0.2184874 0.2436975 0.2941176 0.302521 0.3781513 0.3361345 0.3193277 0.3781513 0.3865546 0.3865546
0.36 0.336 0.28 0.344 0.36 0.32 0.384 0.264 0.296 0.296 0.304
0.8018018 0.8018018 0.7477477 0.7747748 0.7387387 0.6486486 0.6216216 0.6126126 0.6036036 0.6486486 0.6486486
0.07317073 0.07317073 0.09756098 0.1056911 0.1300813 0.1300813 0.1788618 0.2113821 0.2032520 0.2032520 0.2195122
0.7539683 0.8650794 0.8809524 0.8015873 0.7380952 0.8174603 0.7301587 0.7460317 0.8888889 0.7857143 0.7460317
0.3333333 0.3577236 0.3414634 0.3089431 0.2764228 0.2357724 0.2357724 0.2601626 0.2195122 0.1626016 0.1544715
0.9009009 0.8018018 0.8918919 0.8558559 0.7927928 0.8198198 0.6486486 0.5765766 0.6036036 0.5315315 0.4324324
0.7747748 0.7747748 0.8378378 0.7837838 0.8288288 0.8468468 0.8648649 0.7387387 0.6936937 0.7927928 0.7117117
0.9761905 0.9603175 0.952381 0.9444444 0.936508 0.936508 0.920635 0.9047619 0.8888889 0.8968254 0.8809524
0.1935484 0.1370968 0.2016129 0.2096774 0.2580645 0.1774194 0.2661290 0.3064516 0.2741935 0.3064516 0.2983871
0.8677686 0.8512397 0.9090909 0.8595041 0.876033 0.8512397 0.8595041 0.9090909 0.876033 0.876033 0.8181818
0.8648649 0.918919 0.8198198 0.9009009 0.7927928 0.8558559 0.7567568 0.8468468 0.7387387 0.7477477 0.8828829
0.84 0.976 0.904 0.872 0.84 0.816 0.792 0.848 0.712 0.688 0.608
0.6386555 0.5966387 0.5546218 0.4957983 0.5042017 0.4117647 0.4117647 0.2605042 0.2436975 0.2268908 0.2016807
0.6803279 0.5901639 0.7459016 0.7786885 0.8114754 0.8114754 0.8442623 0.942623 0.8442623 0.909836 0.8442623
0.3412698 0.3174603 0.2301587 0.2619048 0.2460317 0.2301587 0.2063492 0.1984127 0.2222222 0.1507937 0.2063492
0.52 0.52 0.528 0.608 0.664 0.648 0.84 0.848 0.656 0.752 0.76
0.9243697 0.907563 0.7983193 0.7983193 0.8319328 0.815126 0.7142857 0.8319328 0.6638655 0.6218487 0.6302521
0.5725806 0.516129 0.5403226 0.6693548 0.6451613 0.5806452 0.6693548 0.6774194 0.6129032 0.5403226 0.5483871
