0.018 0.024 0.03 0.018 0.014 0.014 0.01 0.004 0.008 0.006 0.004
0.304 0.248 0.294 0.254 0.276 0.25 0.186 0.236 0.21 0.202 0.19
0.02 0.014 0.014 0.006 0.002 0.008 0.004 0 0 0.002 0
0.054 0.028 0.014 0.03 0.018 0.026 0.014 0.018 0.016 0.014 0.004
0.348 0.332 0.316 0.374 0.346 0.3 0.312 0.292 0.276 0.252 0.214
0.02 0.03 0.018 0.006 0.01 0.008 0.006 0.01 0.006 0.006 0
0.232 0.264 0.244 0.18 0.17 0.162 0.148 0.134 0.114 0.11 0.074
0.092 0.07 0.09 0.104 0.094 0.12 0.126 0.168 0.16 0.202 0.246
0.272 0.222 0.204 0.158 0.148 0.126 0.124 0.086 0.08 0.04 0.05
0.194 0.2 0.184 0.09 0.118 0.066 0.066 0.042 0.014 0.01 0.018
0.4 0.41 0.372 0.366 0.37 0.274 0.282 0.25 0.18 0.17 0.11
0.132 0.102 0.09 0.094 0.062 0.054 0.05 0.046 0.052 0.03 0.05
0.016 0.008 0.008 0.008 0.012 0.002 0.004 0.006 0.004 0.002 0
0.108 0.106 0.134 0.114 0.1 0.074 0.07 0.062 0.056 0.038 0.03
0.232 0.232 0.23 0.176 0.184 0.114 0.096 0.088 0.058 0.064 0.042
0.43 0.456 0.476 0.5 0.546 0.514 0.54 0.542 0.522 0.51 0.45
0.184 0.196 0.182 0.164 0.136 0.124 0.1 0.066 0.086 0.054 0.056
0.144 0.14 0.138 0.074 0.076 0.03 0.046 0.044 0.022 0.01 0.018
0.026 0.032 0.038 0.038 0.01 0.02 0.01 0.024 0.022 0.014 0.02
0.028 0.03 0.028 0.026 0.024 0.06 0.046 0.046 0.032 0.06 0.06
0.238 0.222 0.246 0.194 0.154 0.152 0.114 0.104 0.068 0.06 0.04
0.104 0.134 0.086 0.092 0.1 0.1 0.12 0.106 0.078 0.078 0.058
0.07 0.052 0.062 0.04 0.034 0.022 0.016 0.016 0.01 0.006 0.012
0.116 0.13 0.15 0.176 0.178 0.23 0.27 0.294 0.316 0.35 0.396
0.582 0.494 0.486 0.528 0.456 0.414 0.368 0.28 0.252 0.21 0.178
0.366 0.398 0.378 0.33 0.278 0.294 0.28 0.274 0.26 0.216 0.184
0.02 0.028 0.036 0.03 0.036 0.042 0.044 0.034 0.068 0.068 0.082
0.074 0.068 0.08 0.066 0.06 0.062 0.056 0.042 0.038 0.048 0.034
0.402 0.362 0.416 0.42 0.526 0.512 0.554 0.606 0.646 0.708 0.732
0.212 0.188 0.166 0.136 0.134 0.082 0.086 0.08 0.086 0.062 0.088
0.274 0.244 0.236 0.28 0.266 0.238 0.318 0.342 0.342 0.368 0.36
0.35 0.36 0.344 0.302 0.246 0.238 0.192 0.158 0.11 0.076 0.078
0.07 0.098 0.102 0.136 0.156 0.174 0.196 0.252 0.262 0.306 0.332
0.244 0.248 0.226 0.156 0.138 0.084 0.072 0.078 0.038 0.042 0.026
0.086 0.068 0.084 0.064 0.064 0.036 0.022 0.032 0.01 0.018 0.016
0.044 0.052 0.048 0.054 0.044 0.048 0.032 0.036 0.028 0.026 0.022
0.14 0.128 0.2 0.206 0.246 0.3 0.388 0.422 0.424 0.432 0.526
0.238 0.212 0.236 0.208 0.214 0.23 0.198 0.198 0.184 0.18 0.15
0.362 0.392 0.322 0.316 0.314 0.324 0.312 0.26 0.282 0.276 0.272
0.022 0.018 0.04 0.018 0.038 0.024 0.038 0.016 0.014 0.03 0.008
0.036 0.02 0.026 0.034 0.028 0.02 0.026 0.012 0.016 0.004 0.006
0.188 0.172 0.18 0.158 0.124 0.134 0.114 0.098 0.128 0.11 0.14
0.032 0.052 0.044 0.054 0.046 0.062 0.068 0.078 0.078 0.102 0.128
0.034 0.032 0.016 0.022 0.014 0.016 0.006 0.012 0.012 0.004 0.004
0.172 0.21 0.232 0.252 0.272 0.248 0.296 0.32 0.348 0.344 0.414
0.082 0.078 0.084 0.072 0.092 0.072 0.098 0.076 0.062 0.06 0.06
0.018 0.02 0.012 0.024 0.022 0.012 0.022 0.012 0.014 0.01 0.002
0.216 0.182 0.222 0.23 0.286 0.294 0.324 0.404 0.342 0.4 0.384
0.004 0.008 0.008 0.002 0.008 0.002 0.002 0.002 0.002 0 0.004
0.012 0.004 0.002 0.004 0.004 0.002 0.002 0 0.002 0.002 0
0.024 0.028 0.014 0.014 0.032 0.024 0.026 0.026 0.022 0.016 0.028
0.238 0.21 0.18 0.148 0.102 0.094 0.106 0.088 0.052 0.054 0.034
0.018 0.01 0.004 0.01 0.01 0.012 0.006 0.014 0.018 0.05 0.034
0.06 0.06 0.1 0.138 0.14 0.156 0.152 0.164 0.204 0.212 0.244
0.084 0.09 0.1 0.138 0.156 0.174 0.24 0.246 0.264 0.334 0.324
0.092 0.086 0.098 0.106 0.112 0.114 0.126 0.108 0.106 0.128 0.118
0.05 0.04 0.062 0.044 0.048 0.076 0.04 0.03 0.046 0.038 0.04
0.348 0.37 0.43 0.346 0.376 0.308 0.31 0.256 0.2 0.202 0.204
0.046 0.064 0.07 0.108 0.088 0.12 0.16 0.18 0.226 0.238 0.3
0.024 0.022 0.024 0.02 0.008 0.014 0.018 0.014 0.014 0.004 0.008
0.112 0.09 0.084 0.052 0.062 0.052 0.048 0.032 0.04 0.042 0.014
0.12 0.108 0.08 0.106 0.074 0.094 0.064 0.058 0.08 0.068 0.06
0.058 0.068 0.05 0.042 0.05 0.024 0.018 0.014 0.026 0 0.008
0.234 0.264 0.262 0.24 0.238 0.234 0.176 0.158 0.154 0.114 0.074
0.006 0.006 0.008 0.002 0 0 0 0.002 0 0 0.002
0.032 0.054 0.04 0.03 0.04 0.058 0.028 0.042 0.052 0.062 0.084
0.076 0.078 0.058 0.078 0.092 0.096 0.134 0.152 0.152 0.192 0.164
0.126 0.14 0.14 0.126 0.106 0.118 0.116 0.122 0.12 0.126 0.094
0.016 0.018 0.012 0.014 0.012 0.012 0.012 0.026 0.006 0.008 0.002
0.474 0.454 0.44 0.35 0.368 0.32 0.294 0.278 0.228 0.192 0.152
0.156 0.138 0.13 0.148 0.16 0.122 0.13 0.086 0.078 0.054 0.062
0.026 0.03 0.026 0.02 0.024 0.01 0.006 0.008 0.006 0.002 0.008
0.01 0.014 0.014 0.016 0.018 0.016 0.034 0.05 0.018 0.048 0.04
0.098 0.104 0.07 0.048 0.05 0.048 0.024 0.016 0.018 0.004 0.012
0.176 0.178 0.142 0.154 0.124 0.102 0.072 0.052 0.062 0.034 0.032
0.12 0.076 0.06 0.036 0.028 0.016 0.014 0.008 0.004 0.006 0.006
0.03 0.032 0.056 0.048 0.042 0.052 0.04 0.04 0.03 0.05 0.052
0.108 0.07 0.106 0.068 0.052 0.036 0.042 0.03 0.018 0.016 0.008
0.032 0.024 0.014 0.006 0.008 0.008 0.008 0.012 0.008 0.012 0.006
0.2 0.14 0.168 0.156 0.17 0.156 0.142 0.128 0.126 0.122 0.106
0.262 0.248 0.184 0.16 0.14 0.128 0.11 0.09 0.068 0.05 0.044
0.078 0.088 0.096 0.098 0.082 0.074 0.062 0.028 0.022 0.02 0.01
0.6 0.542 0.516 0.526 0.474 0.47 0.438 0.42 0.386 0.368 0.298
0.35 0.402 0.408 0.4 0.432 0.444 0.43 0.428 0.444 0.41 0.36
0.168 0.156 0.152 0.186 0.216 0.202 0.212 0.212 0.284 0.216 0.218
0.154 0.126 0.138 0.112 0.112 0.114 0.096 0.084 0.086 0.092 0.098
0.03 0.024 0.014 0.014 0.012 0.022 0.006 0.004 0.002 0 0
0.242 0.204 0.166 0.154 0.142 0.122 0.104 0.12 0.092 0.076 0.066
0.054 0.038 0.066 0.038 0.054 0.05 0.056 0.066 0.062 0.068 0.074
0.572 0.514 0.482 0.494 0.426 0.358 0.316 0.238 0.22 0.152 0.148
0.126 0.116 0.096 0.096 0.058 0.038 0.032 0.024 0.016 0.008 0.01
0.3 0.296 0.258 0.23 0.234 0.222 0.168 0.144 0.11 0.078 0.064
0.06 0.086 0.09 0.068 0.07 0.062 0.048 0.052 0.044 0.034 0.036
0.358 0.378 0.342 0.362 0.314 0.302 0.272 0.302 0.308 0.278 0.294
0.166 0.204 0.232 0.192 0.178 0.17 0.152 0.1 0.09 0.076 0.056
0.048 0.034 0.036 0.03 0.028 0.014 0.024 0.012 0.006 0.004 0
0.136 0.166 0.15 0.178 0.196 0.188 0.242 0.234 0.244 0.28 0.284
0.344 0.308 0.298 0.296 0.316 0.292 0.236 0.218 0.218 0.182 0.152
0.14 0.128 0.11 0.07 0.058 0.05 0.036 0.056 0.036 0.038 0.026
0.072 0.068 0.072 0.076 0.066 0.08 0.078 0.076 0.048 0.06 0.064
0.276 0.298 0.256 0.248 0.188 0.18 0.156 0.158 0.132 0.1 0.082
0.082 0.082 0.072 0.066 0.058 0.068 0.092 0.096 0.09 0.08 0.088
0.038 0.044 0.06 0.044 0.034 0.024 0.05 0.036 0.03 0.032 0.03
0.036 0.04 0.034 0.054 0.032 0.038 0.036 0.024 0.012 0.014 0.006
0.326 0.352 0.29 0.258 0.25 0.202 0.164 0.138 0.132 0.12 0.098
0.02 0.012 0.006 0.012 0.01 0 0.004 0.002 0 0 0
0.02 0.01 0.006 0.006 0.006 0 0 0 0 0.002 0
0.006 0.004 0.004 0.004 0 0.006 0 0.002 0.002 0.002 0
0.456 0.398 0.312 0.26 0.232 0.182 0.146 0.168 0.142 0.114 0.088
0.072 0.086 0.13 0.196 0.23 0.232 0.278 0.318 0.344 0.402 0.464
0.364 0.374 0.39 0.386 0.394 0.43 0.418 0.48 0.488 0.512 0.446
0.008 0.004 0.004 0 0.002 0.002 0.002 0 0 0 0.002
0.272 0.284 0.328 0.28 0.31 0.316 0.276 0.254 0.274 0.268 0.298
0.226 0.194 0.142 0.176 0.124 0.128 0.094 0.092 0.07 0.052 0.028
0.426 0.424 0.432 0.42 0.414 0.344 0.352 0.388 0.354 0.342 0.294
0.19 0.18 0.166 0.15 0.13 0.122 0.092 0.074 0.07 0.048 0.038
0.32 0.272 0.25 0.22 0.168 0.142 0.138 0.162 0.128 0.104 0.134
0.188 0.2 0.216 0.18 0.178 0.144 0.142 0.142 0.154 0.14 0.096
0.056 0.058 0.056 0.036 0.034 0.058 0.046 0.048 0.036 0.03 0.042
0.2 0.222 0.184 0.224 0.17 0.156 0.168 0.188 0.144 0.13 0.14
0.016 0.012 0.024 0.018 0.018 0.012 0.006 0.004 0.002 0.004 0.002
0.148 0.182 0.186 0.158 0.182 0.17 0.182 0.188 0.184 0.172 0.194
0.026 0.02 0.022 0.018 0.032 0.026 0.026 0.044 0.048 0.07 0.076
0.022 0.024 0.012 0.022 0.022 0.01 0.008 0.006 0.01 0.008 0.012
0.004 0.006 0.002 0.004 0.004 0.006 0.004 0.02 0.008 0.01 0.022
0.232 0.216 0.224 0.206 0.176 0.156 0.148 0.16 0.162 0.14 0.128
0.022 0.008 0.01 0.012 0.01 0.01 0.002 0.012 0.002 0.006 0
0.036 0.024 0.01 0.012 0.016 0.022 0.008 0.006 0.014 0.006 0
0.016 0.01 0.018 0.012 0.018 0.012 0.024 0.016 0.03 0.026 0.026
0.1 0.082 0.102 0.098 0.108 0.118 0.118 0.204 0.212 0.186 0.216
0.104 0.076 0.06 0.046 0.028 0.02 0.008 0.002 0.002 0.002 0
0.144 0.202 0.156 0.204 0.168 0.186 0.186 0.23 0.234 0.246 0.254
0.056 0.074 0.062 0.038 0.036 0.016 0.024 0.012 0.004 0.006 0.004
0.016 0.022 0.014 0.026 0.032 0.022 0.022 0.022 0.01 0.02 0.008
0.082 0.07 0.052 0.056 0.042 0.048 0.034 0.038 0.02 0.024 0.024
