0.8278689 0.7868852 0.795082 0.7213115 0.852459 0.7868852 0.8114754 0.8442623 0.8770492 0.8770492 0.8606557
0.4521739 0.4956522 0.4347826 0.4173913 0.4695652 0.3652174 0.3652174 0.3565217 0.3391304 0.3217391 0.3043478
0.9652174 0.8086957 0.8782609 0.8956522 0.8434783 0.9130435 0.9391304 0.8086957 0.8434783 0.8 0.7565217
0.8442623 0.7868852 0.8278689 0.8360656 0.852459 0.8852459 0.8114754 0.7540984 0.8114754 0.704918 0.7540984
0.2434783 0.2608696 0.2521739 0.1739130 0.2434783 0.2347826 0.2173913 0.2 0.1826087 0.1826087 0.2260870
0.795082 0.8852459 0.8934426 0.7459016 0.7868852 0.9016393 0.9344262 0.8770492 0.8688525 0.852459 0.795082
0.2260870 0.1913043 0.2260870 0.1739130 0.2608696 0.2782609 0.3043478 0.2695652 0.3130435 0.3304348 0.3217391
0.4590164 0.6065574 0.557377 0.5327869 0.4754098 0.4262295 0.4918033 0.4344262 0.4098361 0.3114754 0.2868852
0.1864407 0.220339 0.4067797 0.3559322 0.4152542 0.4067797 0.6016949 0.5847458 0.5508475 0.661017 0.6355932
0.525 0.55 0.5333333 0.575 0.6 0.65 0.65 0.6 0.675 0.6666667 0.7
0.02459016 0.03278689 0.04098361 0.07377049 0.06557377 0.1147541 0.1639344 0.1147541 0.1475410 0.2950820 0.2213115
0.6147541 0.6885246 0.647541 0.7295082 0.6393443 0.6803279 0.7377049 0.795082 0.8196721 0.8852459 0.7540984
0.9913043 0.973913 0.9304348 0.973913 0.9652174 0.9565217 0.9391304 0.8956522 0.8434783 0.8782609 0.8434783
0.4262295 0.3688525 0.4016393 0.4016393 0.4344262 0.4098361 0.4508197 0.4426230 0.4754098 0.6065574 0.5491803
0.2357724 0.2113821 0.2357724 0.2357724 0.2357724 0.2682927 0.2601626 0.2439024 0.2601626 0.2682927 0.2845528
0.0894309 0.05691057 0.07317073 0.04878049 0.04878049 0.03252033 0.01626016 0.01626016 0.04065041 0.04065041 0.0894309
0.1229508 0.1311475 0.1885246 0.2540984 0.2868852 0.3688525 0.3360656 0.4426230 0.4754098 0.5 0.5491803
0.4508197 0.5491803 0.4426230 0.5 0.5901639 0.5901639 0.5819672 0.647541 0.6967213 0.7377049 0.7786885
0.7711864 0.7881356 0.7711864 0.7372881 0.720339 0.6694915 0.6779661 0.7033898 0.7118644 0.779661 0.6525424
0.7377049 0.7704918 0.8114754 0.795082 0.6557377 0.7459016 0.6147541 0.6721311 0.6065574 0.5163934 0.5655738
0.1803279 0.2049180 0.1803279 0.1803279 0.2459016 0.2868852 0.3442623 0.3606557 0.3934426 0.4590164 0.5655738
0.3442623 0.3852459 0.3852459 0.4590164 0.4590164 0.4344262 0.3360656 0.4344262 0.4754098 0.3852459 0.4016393
0.7868852 0.8442623 0.8032787 0.7459016 0.8442623 0.9016393 0.8442623 0.795082 0.7540984 0.852459 0.795082
0.2786885 0.2540984 0.2704918 0.2295082 0.1639344 0.1475410 0.1147541 0.06557377 0.06557377 0.04098361 0.04098361
0.03278689 0.03278689 0.05737705 0.04918033 0.04918033 0.07377049 0.09016393 0.1229508 0.1721311 0.2131148 0.2540984
0.1788618 0.1626016 0.1788618 0.1300813 0.1788618 0.1463415 0.2113821 0.1951220 0.1463415 0.1951220 0.2520325
0.8114754 0.7295082 0.7704918 0.7295082 0.6885246 0.6885246 0.5819672 0.5081967 0.4672131 0.4098361 0.4016393
0.6521739 0.773913 0.6956522 0.6347826 0.6608696 0.6347826 0.6956522 0.6086957 0.6173913 0.8 0.6782609
0.1565217 0.09565217 0.05217391 0.08695652 0.06086957 0.03478261 0 0 0 0 0
0.3083333 0.3666667 0.4083333 0.4833333 0.4166667 0.5 0.4666667 0.4166667 0.4166667 0.4333333 0.3333333
0.3278689 0.2704918 0.2786885 0.2622951 0.2131148 0.1393443 0.09836066 0.1065574 0.06557377 0.08196721 0.08196721
0.08333333 0.1416667 0.1166667 0.15 0.2166667 0.2666667 0.2916667 0.375 0.4333333 0.4416667 0.4833333
0.5245902 0.5327869 0.4754098 0.4754098 0.3934426 0.3934426 0.3360656 0.2704918 0.2540984 0.2459016 0.1557377
0.4227642 0.4308943 0.4552846 0.4634146 0.504065 0.4390244 0.5284553 0.6504065 0.5772358 0.5934959 0.6260163
0.7459016 0.7377049 0.6639344 0.704918 0.7786885 0.7131148 0.8114754 0.7622951 0.7540984 0.7459016 0.7131148
0.4672131 0.5327869 0.4754098 0.5737705 0.5409836 0.557377 0.5819672 0.557377 0.6065574 0.6639344 0.5983607
0.3565217 0.2695652 0.2 0.1739130 0.1391304 0.08695652 0.05217391 0.06086957 0.008695652 0.01739130 0
0.1652174 0.1913043 0.1217391 0.1739130 0.2086957 0.1217391 0.1478261 0.2260870 0.2086957 0.2347826 0.2260870
0.06976744 0.124031 0.1007752 0.1007752 0.1162791 0.0620155 0.1550388 0.1550388 0.1317829 0.2093023 0.1937984
0.825 0.7416667 0.7666667 0.825 0.8166667 0.7666667 0.675 0.8583333 0.8166667 0.75 0.8166667
0.825 0.9 0.8333333 0.8583333 0.8166667 0.7416667 0.7333333 0.7583333 0.75 0.75 0.7666667
0.3196721 0.2950820 0.3442623 0.3032787 0.3278689 0.3114754 0.2950820 0.2704918 0.2295082 0.2049180 0.1639344
0.704918 0.6393443 0.5737705 0.6065574 0.6229508 0.6147541 0.6065574 0.5163934 0.6311475 0.5 0.352459
0.6721311 0.7295082 0.7131148 0.6803279 0.7786885 0.7868852 0.6803279 0.7131148 0.7540984 0.704918 0.6803279
0.3644068 0.2542373 0.2457627 0.2457627 0.1186441 0.07627119 0.1016949 0.07627119 0.05084746 0.05932203 0.04237288
0.5338983 0.5084746 0.5338983 0.3983051 0.4576271 0.4576271 0.4491525 0.4491525 0.4745763 0.4152542 0.4491525
0.8360656 0.7131148 0.7868852 0.7868852 0.7540984 0.6803279 0.9016393 0.7295082 0.9016393 0.8032787 0.8442623
0.1967213 0.1803279 0.1803279 0.1311475 0.06557377 0.1147541 0.08196721 0.02459016 0.03278689 0.04098361 0.04098361
0.85 0.8833333 0.9166667 0.9583333 0.875 0.925 0.9166667 0.9416667 0.8166667 0.875 0.8166667
0.9105691 0.9430894 0.9186992 0.9837398 0.9105691 0.9268293 0.9512195 0.902439 0.8455285 0.8455285 0.8617886
0.95 0.9916667 0.9083333 0.9166667 0.9 0.95 0.8583333 0.9416667 0.875 0.875 0.8166667
0.2868852 0.3114754 0.2622951 0.3114754 0.3442623 0.3606557 0.3442623 0.4426230 0.4590164 0.5491803 0.4672131
0.875969 0.883721 0.875969 0.8527132 0.8914729 0.8604651 0.744186 0.7674419 0.6744186 0.6124031 0.5348837
0.2333333 0.3 0.3083333 0.2166667 0.1666667 0.1333333 0.09166667 0.05 0.03333333 0.05833333 0.03333333
0.5 0.4836066 0.4426230 0.4016393 0.3606557 0.3196721 0.2295082 0.2377049 0.1721311 0.1065574 0.1065574
0.4590164 0.4754098 0.4590164 0.4590164 0.4426230 0.3934426 0.4180328 0.5163934 0.3934426 0.4344262 0.352459
0.704918 0.7459016 0.7131148 0.6803279 0.6639344 0.7377049 0.6393443 0.5655738 0.5737705 0.5983607 0.5
0.1 0.08333333 0.05 0.05833333 0.06666667 0.08333333 0.08333333 0.1 0.1333333 0.1916667 0.1916667
0.6639344 0.5901639 0.5983607 0.4754098 0.4672131 0.4918033 0.3278689 0.3196721 0.1721311 0.1475410 0.1475410
0.9590164 0.8688525 0.7622951 0.8360656 0.8114754 0.795082 0.7622951 0.9016393 0.8442623 0.8032787 0.8606557
0.3220339 0.4067797 0.4067797 0.4237288 0.4322034 0.4830508 0.5169492 0.5254237 0.6271186 0.5677966 0.6694915
0.4426230 0.4426230 0.5409836 0.4754098 0.4508197 0.4344262 0.4590164 0.4754098 0.4426230 0.4262295 0.3852459
0.6229508 0.7377049 0.6393443 0.6967213 0.5983607 0.6721311 0.704918 0.6885246 0.795082 0.6557377 0.8606557
0.2347826 0.2347826 0.2260870 0.1739130 0.2347826 0.2347826 0.2434783 0.2956522 0.2956522 0.3217391 0.4173913
0.9652174 0.973913 0.9652174 1 0.9652174 0.9565217 0.9391304 0.8956522 0.9217391 0.8782609 0.8434783
0.8292683 0.8292683 0.7642276 0.699187 0.7073171 0.6910569 0.5934959 0.6341463 0.4796748 0.4634146 0.4878049
0.5677966 0.5762712 0.5084746 0.440678 0.4322034 0.3220339 0.3220339 0.2372881 0.1694915 0.1186441 0.1186441
0.5762712 0.6694915 0.5338983 0.5847458 0.5677966 0.5423729 0.5677966 0.5677966 0.4322034 0.5169492 0.4152542
0.9016393 0.8688525 0.9344262 0.852459 0.8442623 0.8360656 0.909836 0.795082 0.704918 0.7704918 0.7540984
0 0 0 0 0 0.008196721 0.01639344 0.08196721 0.1065574 0.1639344 0.1721311
0.3770492 0.3114754 0.3442623 0.3688525 0.3770492 0.4426230 0.3442623 0.4426230 0.4836066 0.5409836 0.5983607
0.8770492 0.852459 0.8032787 0.8360656 0.8770492 0.8114754 0.8606557 0.9262295 0.7868852 0.8770492 0.8606557
0.9652174 0.8782609 0.9304348 0.973913 0.9652174 0.9565217 0.9391304 0.7652174 0.7391304 0.7652174 0.6434783
0.5333333 0.5666667 0.6333333 0.6 0.7083333 0.7166667 0.7333333 0.8583333 0.75 0.875 0.8166667
0.4016393 0.5491803 0.5 0.5737705 0.6229508 0.557377 0.7131148 0.6885246 0.6721311 0.7868852 0.7622951
0.4590164 0.5327869 0.5 0.7213115 0.7540984 0.7868852 0.7868852 0.6721311 0.8688525 0.7704918 0.7459016
0.6721311 0.557377 0.5163934 0.5245902 0.5409836 0.5163934 0.5245902 0.5409836 0.5081967 0.5 0.352459
0.5853659 0.601626 0.6341463 0.5691057 0.6829268 0.6910569 0.6422764 0.8211382 0.7560976 0.7642276 0.7642276
0.7627119 0.7966102 0.8474576 0.7711864 0.8050847 0.8135593 0.6779661 0.838983 0.8135593 0.6779661 0.6525424
0.2459016 0.2295082 0.2049180 0.2622951 0.2131148 0.2049180 0.1967213 0.2213115 0.2295082 0.2049180 0.1557377
0.3278689 0.4180328 0.4098361 0.4590164 0.4180328 0.4590164 0.4754098 0.5081967 0.6311475 0.5983607 0.6557377
0.45 0.4166667 0.4583333 0.4 0.475 0.475 0.475 0.5333333 0.5416667 0.575 0.5333333
0.008333333 0 0 0.008333333 0.01666667 0.008333333 0.01666667 0.03333333 0.025 0.1 0.1166667
0.1186441 0.05084746 0.05932203 0.008474576 0.02542373 0.008474576 0.008474576 0.01694915 0.04237288 0.05084746 0.05084746
0.3813559 0.3389831 0.3135593 0.279661 0.279661 0.2627119 0.2288136 0.2457627 0.2118644 0.1694915 0.1610169
0.3130435 0.3391304 0.3826087 0.3826087 0.3652174 0.3652174 0.3826087 0.3565217 0.4347826 0.4 0.4173913
0.8688525 0.8196721 0.7868852 0.8688525 0.8032787 0.795082 0.9016393 0.7295082 0.9016393 0.8032787 0.8442623
0.2276423 0.3089431 0.300813 0.3577236 0.3902439 0.398374 0.4390244 0.398374 0.3739837 0.4146341 0.4634146
0.6124031 0.620155 0.6589147 0.6124031 0.5581395 0.5968992 0.5116279 0.620155 0.4186047 0.5581395 0.496124
0.008695652 0.01739130 0.01739130 0.02608696 0.04347826 0.03478261 0.05217391 0.1130435 0.1304348 0.2 0.2347826
0.4098361 0.4016393 0.4836066 0.4836066 0.5163934 0.5983607 0.557377 0.6393443 0.704918 0.6393443 0.704918
0.1885246 0.2049180 0.2049180 0.1803279 0.2377049 0.2868852 0.3442623 0.4180328 0.4672131 0.4672131 0.5081967
0.5813953 0.4651163 0.4883721 0.503876 0.4418605 0.4031008 0.5116279 0.503876 0.4651163 0.4728682 0.5271318
0.2558140 0.2403101 0.2558140 0.2403101 0.2015504 0.2403101 0.1937984 0.1937984 0.1937984 0.1085271 0.1007752
0.3032787 0.3114754 0.1967213 0.2377049 0.2868852 0.2704918 0.2868852 0.2704918 0.3442623 0.4098361 0.4426230
0.7711864 0.6779661 0.7372881 0.7542373 0.7627119 0.8135593 0.8644068 0.898305 0.7627119 0.8728814 0.8474576
0.4016393 0.2868852 0.2786885 0.2704918 0.3114754 0.2131148 0.1475410 0.1885246 0.1229508 0.1229508 0.09016393
0.1393443 0.1639344 0.1557377 0.1721311 0.1393443 0.2213115 0.1885246 0.2131148 0.2622951 0.2540984 0.3032787
0.4237288 0.5169492 0.4915254 0.559322 0.559322 0.5932203 0.6016949 0.6101695 0.6355932 0.5677966 0.6779661
0.504065 0.5934959 0.5691057 0.5203252 0.5691057 0.5447154 0.4715447 0.4878049 0.4634146 0.4634146 0.4878049
0.03252033 0.03252033 0.03252033 0.06504065 0.09756098 0.1463415 0.1463415 0.2113821 0.2195122 0.2520325 0.2764228
0.7131148 0.6557377 0.557377 0.6721311 0.5245902 0.5491803 0.4098361 0.4180328 0.4262295 0.3852459 0.3852459
0.7295082 0.7377049 0.7213115 0.795082 0.7213115 0.7540984 0.7131148 0.7377049 0.8442623 0.8032787 0.704918
0.7711864 0.6949153 0.7118644 0.7711864 0.720339 0.6864407 0.720339 0.7711864 0.7118644 0.7033898 0.6525424
0.1130435 0.1217391 0.1217391 0.1391304 0.1478261 0.2086957 0.2695652 0.2956522 0.3478261 0.3217391 0.3652174
0.9583333 0.9916667 0.9583333 0.9583333 0.95 0.95 0.9166667 0.9416667 0.875 0.875 0.8166667
0.909836 0.909836 0.9180328 0.9672131 0.942623 0.9344262 0.942623 0.8852459 0.9016393 0.8852459 0.8606557
0.909836 0.9180328 0.9180328 0.9180328 0.942623 0.8852459 0.942623 0.8852459 0.9016393 0.8852459 0.8606557
0.2950820 0.2704918 0.3196721 0.3196721 0.3688525 0.4016393 0.4754098 0.4016393 0.4180328 0.5 0.4918033
0.4754098 0.4344262 0.3934426 0.3114754 0.2295082 0.1721311 0.06557377 0.02459016 0.04098361 0.04098361 0
0.03100775 0.02325581 0.007751938 0.007751938 0 0 0 0.007751938 0.007751938 0.007751938 0.007751938
0.9652174 0.8608696 0.8956522 0.9043478 0.9652174 0.9565217 0.9391304 0.8956522 0.9217391 0.8782609 0.8434783
0.1393443 0.1311475 0.1639344 0.1311475 0.1311475 0.1967213 0.2131148 0.2213115 0.2459016 0.2868852 0.2868852
0.3220339 0.2881356 0.4237288 0.4322034 0.4152542 0.5169492 0.5847458 0.5508475 0.5508475 0.6271186 0.5423729
0.1721311 0.1311475 0.1065574 0.1311475 0.1229508 0.1311475 0.08196721 0.09016393 0.07377049 0.09016393 0.1147541
0.4067797 0.3389831 0.3474576 0.3305085 0.4067797 0.3983051 0.440678 0.4237288 0.5254237 0.3813559 0.5338983
0.1803279 0.1721311 0.2049180 0.1885246 0.2704918 0.2868852 0.3606557 0.3032787 0.3278689 0.2540984 0.2868852
0.2786885 0.1803279 0.1885246 0.2377049 0.2459016 0.2622951 0.3442623 0.3114754 0.3606557 0.2950820 0.3196721
0.6721311 0.6721311 0.6147541 0.6557377 0.6229508 0.6229508 0.6393443 0.7377049 0.6803279 0.6721311 0.5901639
0.09836066 0.09016393 0.09016393 0.07377049 0.1311475 0.1147541 0.1229508 0.09836066 0.1065574 0.1311475 0.1147541
0.7666667 0.8833333 0.85 0.85 0.7583333 0.925 0.9166667 0.9416667 0.875 0.875 0.8166667
0.4918033 0.5081967 0.4836066 0.4180328 0.4508197 0.4262295 0.3852459 0.4344262 0.3196721 0.352459 0.3196721
0.8032787 0.8442623 0.8606557 0.795082 0.7868852 0.8032787 0.8442623 0.6721311 0.6885246 0.5081967 0.5
0.8347826 0.8782609 0.8782609 0.8956522 0.9652174 0.7391304 0.7652174 0.7652174 0.773913 0.7478261 0.8434783
0.9913043 0.973913 0.9391304 1 0.8521739 0.9130435 0.9391304 0.8086957 0.8434783 0.8 0.7565217
0.1016949 0.09322034 0.1271186 0.1779661 0.1779661 0.2033898 0.220339 0.220339 0.2627119 0.3050847 0.2118644
0.909836 0.8770492 0.8278689 0.7704918 0.8934426 0.8852459 0.9016393 0.8688525 0.9016393 0.8442623 0.8442623
0.7295082 0.7459016 0.7704918 0.7295082 0.8360656 0.795082 0.8688525 0.9016393 0.8442623 0.8032787 0.8606557
0.9512195 0.902439 0.9512195 0.8780488 0.8536585 0.8373984 0.8211382 0.7317073 0.6585366 0.6747967 0.6178862
0.504065 0.5772358 0.5934959 0.5772358 0.5203252 0.4146341 0.4471545 0.3333333 0.3170732 0.2845528 0.2682927
0.9652174 0.9652174 0.9304348 0.9043478 0.9304348 0.9565217 0.9391304 0.8956522 0.9217391 0.8782609 0.8434783
0.3135593 0.3898305 0.3305085 0.2542373 0.2627119 0.3135593 0.2288136 0.1694915 0.1355932 0.1101695 0.08474576
0.6086957 0.7652174 0.6434783 0.8 0.7217391 0.8086957 0.9043478 0.7652174 0.8434783 0.8 0.8434783
0.9344262 0.9180328 0.8852459 0.8196721 0.852459 0.8442623 0.8360656 0.7540984 0.9016393 0.8852459 0.8606557
0.65 0.625 0.6666667 0.675 0.6666667 0.5916667 0.6166667 0.6333333 0.6083333 0.6 0.55
