0.6940299 0.6791045 0.4776119 0.5820896 0.4477612 0.4626866 0.4328358 0.5373134 0.4477612 0.5671642 0.7835821
0.977612 0.9477612 0.9850746 0.9701493 0.9104478 0.9552239 0.9552239 0.9626866 0.8656716 0.902985 0.9701493
0.3868613 0.3284672 0.2627737 0.4306569 0.2992701 0.3211679 0.3430657 0.4452555 0.4452555 0.5255474 0.5255474
0.5820896 0.5447761 0.6716418 0.6940299 0.7313433 0.6343284 0.7910448 0.8880597 0.7462687 0.9402985 0.9328358
0.3787879 0.5151515 0.3863636 0.530303 0.7045455 0.6287879 0.7878788 0.8560606 0.8030303 0.8560606 0.8333333
0.03787879 0.007575758 0.03030303 0.04545455 0.02272727 0.01515152 0.03787879 0.0530303 0.06818182 0.1287879 0.1363636
0.625 0.5514706 0.6764706 0.6617647 0.6838235 0.5882353 0.7058824 0.9338235 0.8308824 0.9264706 0.8382353
0.2137405 0.129771 0.09160305 0.1221374 0.1450382 0.05343511 0.03816794 0.02290076 0.02290076 0.03053435 0.05343511
0.3656716 0.2835821 0.2238806 0.07462687 0.03731343 0.007462687 0 0.01492537 0 0.01492537 0.01492537
0.7686567 0.6641791 0.6865672 0.761194 0.7761194 0.7985075 0.8880597 0.8656716 0.9328358 0.7686567 0.880597
0.5223881 0.3208955 0.2686567 0.2910448 0.2835821 0.4701493 0.4925373 0.6119403 0.7164179 0.6791045 0.7014925
0.9779412 0.9485294 0.8529412 0.882353 0.9485294 0.8161765 0.7941176 0.5441176 0.617647 0.625 0.5294118
0.2318841 0.2971014 0.2173913 0.1594203 0.1304348 0.1521739 0.1304348 0.1231884 0.1666667 0.2173913 0.2246377
0.4477612 0.4029851 0.3731343 0.5895522 0.3955224 0.4328358 0.3880597 0.5 0.5298507 0.4850746 0.5298507
0.4044118 0.4852941 0.3308824 0.4264706 0.4926471 0.4779412 0.3676471 0.3088235 0.25 0.1691176 0.2205882
0.6268657 0.619403 0.6492537 0.619403 0.8507463 0.7910448 0.8880597 0.7686567 0.8432836 0.7164179 0.8134328
0.05970149 0.08955224 0.08955224 0.06716418 0.1194030 0.1268657 0.2014925 0.1716418 0.2835821 0.2835821 0.3880597
0.2537313 0.3880597 0.2686567 0.1641791 0.09701493 0.1119403 0.05223881 0.03731343 0.02985075 0.03731343 0.03731343
0.3208955 0.4477612 0.3432836 0.3731343 0.4776119 0.4179104 0.3283582 0.4850746 0.3955224 0.2910448 0.3432836
0.2045455 0.1515152 0.1287879 0.2196970 0.2121212 0.2954545 0.4166667 0.4242424 0.3863636 0.469697 0.4545455
0.9191176 0.9191176 0.8235294 0.8602941 0.9705882 0.632353 0.757353 0.7867647 0.7794118 0.617647 0.6764706
0.4195804 0.4685315 0.4615385 0.4265734 0.2727273 0.2797203 0.2657343 0.2517483 0.2027972 0.1888112 0.2517483
0.1751825 0.2554745 0.2627737 0.3722628 0.2919708 0.2773723 0.3868613 0.4452555 0.5474453 0.4890511 0.6131387
0.3134328 0.1417910 0.1940299 0.1716418 0.2388060 0.1567164 0.1865672 0.1417910 0.09701493 0.08955224 0.05223881
0.259542 0.2213740 0.1832061 0.1679389 0.1832061 0.1374046 0.1068702 0.07633588 0.0610687 0.07633588 0.0610687
0.0942029 0.1521739 0.1086957 0.1304348 0.1521739 0.2101449 0.2536232 0.3478261 0.3550725 0.4057971 0.5
0.007462687 0.05970149 0.04477612 0.05970149 0.1940299 0.2686567 0.4850746 0.7014925 0.738806 0.7835821 0.8208955
0.5820896 0.5149254 0.4179104 0.5447761 0.5223881 0.5895522 0.761194 0.6343284 0.6567164 0.5895522 0.7462687
0.6259542 0.6412214 0.6183206 0.7480916 0.7099237 0.4580153 0.3129771 0.2900763 0.2366412 0.2213740 0.2137405
0.3006993 0.3426573 0.3426573 0.2237762 0.2027972 0.3706294 0.2517483 0.2167832 0.3006993 0.3426573 0.3706294
0.2426471 0.2647059 0.2794118 0.3161765 0.3970588 0.2352941 0.4779412 0.3823529 0.4779412 0.5661765 0.4705882
0.5 0.3582090 0.3880597 0.4104478 0.3880597 0.2611940 0.2761194 0.3955224 0.3582090 0.4029851 0.3955224
0 0 0 0.03787879 0.02272727 0.02272727 0.0530303 0.0909091 0.08333333 0.1212121 0.2196970
0.6071429 0.5357143 0.5714286 0.5642857 0.5071429 0.5142857 0.6 0.6428571 0.7357143 0.6571429 0.6357143
0.778626 0.8091603 0.832061 0.8015267 0.7480916 0.519084 0.3664122 0.259542 0.2519084 0.2671756 0.1984733
0.3014706 0.3088235 0.3308824 0.3676471 0.375 0.3823529 0.5955882 0.6397059 0.6397059 0.7058824 0.6838235
0.858209 0.738806 0.8134328 0.8358209 0.9179104 0.9253731 0.9253731 0.9477612 0.8880597 0.9925373 0.9328358
0.6363636 0.8409091 0.7954545 0.6439394 0.7575758 0.5909091 0.5075758 0.8484848 0.5075758 0.6666667 0.5378788
0.1666667 0.2173913 0.4202899 0.3550725 0.3913043 0.4347826 0.2826087 0.4637681 0.3478261 0.4565217 0.3623188
0.4029851 0.5 0.3134328 0.4626866 0.4477612 0.3283582 0.5447761 0.4402985 0.5970149 0.7014925 0.8358209
0.5419847 0.6335878 0.5343511 0.389313 0.2671756 0.3129771 0.05343511 0.03816794 0.02290076 0.007633588 0
0.8529412 0.9191176 0.8382353 0.8455882 0.7058824 0.632353 0.3014706 0.2720588 0.2279412 0.1838235 0.1985294
0.6716418 0.7238806 0.8432836 0.8208955 0.6716418 0.761194 0.5522388 0.3955224 0.3358209 0.3134328 0.2238806
0.7238806 0.7238806 0.7835821 0.6865672 0.7014925 0.7686567 0.6044776 0.4776119 0.6044776 0.6492537 0.5447761
0.3053435 0.2290076 0.1068702 0.1068702 0.03816794 0.007633588 0.007633588 0.05343511 0.02290076 0.06870229 0.1526718
0.1363636 0.1212121 0.1742424 0.1666667 0.3106061 0.4469697 0.5833333 0.6287879 0.5530303 0.6666667 0.9015152
0.4233577 0.7153285 0.4744526 0.6642336 0.6131387 0.7810219 0.8613139 0.8832117 0.8540146 0.919708 0.9489051
0.7867647 0.882353 0.7867647 0.7279412 0.5882353 0.4779412 0.2058824 0.1764706 0.1470588 0.1176471 0.1176471
0.6119403 0.5149254 0.5447761 0.6343284 0.7537313 0.7686567 0.7985075 0.8208955 0.761194 0.7014925 0.6119403
0.8507463 0.8507463 0.8507463 0.761194 0.738806 0.6716418 0.6268657 0.380597 0.3059701 0.2686567 0.2611940
0.06716418 0.04477612 0.06716418 0.1417910 0.2238806 0.2910448 0.4253731 0.4179104 0.5970149 0.5895522 0.6567164
0.07575758 0.1287879 0.0909091 0.08333333 0.03030303 0.02272727 0.03787879 0.04545455 0.03787879 0.04545455 0.06060606
0.832061 0.9007634 0.9389313 0.8244275 0.9236641 0.778626 0.8854962 0.8473282 0.908397 0.8778626 0.8854962
0.9925373 0.9626866 0.977612 0.9925373 0.9328358 0.9552239 0.9477612 0.8656716 0.8507463 0.8134328 0.6791045
0.4545455 0.3776224 0.4755245 0.4965035 0.4475524 0.5244755 0.5034965 0.5874126 0.6013986 0.7342657 0.6153846
0.6642336 0.7445255 0.6861314 0.4890511 0.5255474 0.3722628 0.5255474 0.4087591 0.5036496 0.5328467 0.620438
0.007462687 0.02238806 0.02985075 0.05970149 0.06716418 0.1119403 0.1417910 0.2388060 0.2910448 0.3134328 0.3731343
0.1521739 0.2173913 0.2536232 0.2246377 0.1739130 0.3043478 0.2028986 0.3405797 0.3478261 0.4565217 0.4275362
0.3823529 0.25 0.4117647 0.5147059 0.5882353 0.6985294 0.757353 0.8602941 0.6764706 0.7720588 0.7205882
0.7482517 0.8671329 0.6223776 0.8041958 0.6013986 0.5244755 0.6083916 0.3426573 0.3776224 0.3706294 0.2587413
0.738806 0.6492537 0.6716418 0.761194 0.8059701 0.6865672 0.4850746 0.3208955 0.2835821 0.2014925 0.2835821
0.75 0.6 0.5214286 0.5857143 0.5071429 0.3785714 0.3785714 0.1857143 0.1714286 0.2 0.09285714
0.8863636 0.8257576 0.7954545 0.7045455 0.719697 0.5909091 0.4318182 0.4621212 0.4015152 0.2272727 0.3181818
0.5454545 0.6212121 0.4924242 0.530303 0.5530303 0.5909091 0.530303 0.6287879 0.719697 0.6363636 0.5530303
0.6259542 0.6030534 0.5954198 0.5267176 0.5877863 0.4580153 0.5496183 0.4351145 0.4885496 0.5343511 0.519084
0.3636364 0.3986014 0.3006993 0.2237762 0.2447552 0.4195804 0.2517483 0.3216783 0.3916084 0.4335664 0.4055944
0.8283582 0.8059701 0.9253731 0.9328358 0.9179104 0.9701493 0.9626866 0.977612 0.977612 0.9402985 0.9328358
0.1838235 0.3088235 0.3161765 0.3161765 0.3676471 0.5 0.5882353 0.6397059 0.7794118 0.742647 0.7352941
0.4926471 0.3529412 0.4779412 0.7279412 0.7794118 0.8014706 0.8529412 0.9485294 0.8602941 0.9044118 0.9558824
0.06060606 0.06060606 0.0530303 0.0909091 0.08333333 0.0530303 0.04545455 0.08333333 0.0530303 0.06060606 0.03787879
0.55 0.6 0.7 0.7142857 0.8714286 0.5928571 0.7571429 0.9142857 0.8357143 0.8428571 0.8071429
0.1119403 0.05970149 0.04477612 0.02985075 0.007462687 0.03731343 0.02985075 0.03731343 0.03731343 0.03731343 0.05970149
0.8432836 0.902985 0.8955224 0.8283582 0.8134328 0.8731343 0.9179104 0.8880597 0.9402985 0.902985 0.8432836
0.7238806 0.7462687 0.7686567 0.6865672 0.7238806 0.5895522 0.6567164 0.6791045 0.619403 0.5 0.5447761
0.1214286 0.1214286 0.04285714 0.1 0.06428571 0.02857143 0.07857143 0.06428571 0.05714286 0.07142857 0.08571429
0.9785714 0.9928571 0.9857143 0.9785714 0.9785714 0.9857143 0.9928571 0.9714286 0.9785714 0.95 0.8571429
0.08208955 0.1716418 0.1791045 0.3059701 0.2761194 0.3731343 0.2910448 0.2313433 0.2014925 0.1791045 0.1865672
0.5447761 0.3358209 0.3134328 0.3208955 0.4477612 0.4776119 0.7686567 0.7238806 0.8656716 0.7985075 0.9328358
0.7883212 0.8248175 0.8686131 0.839416 0.919708 0.8759124 0.8029197 0.8832117 0.8321168 0.6861314 0.5693431
0.937063 0.8881119 0.8881119 0.944056 0.923077 0.965035 0.972028 0.8951049 0.8811189 0.93007 0.8671329
0.2388060 0.2388060 0.2238806 0.2537313 0.3880597 0.6716418 0.6865672 0.7014925 0.7835821 0.6940299 0.8059701
0.2391304 0.4710145 0.4855072 0.4782609 0.4492754 0.4927536 0.731884 0.7826087 0.9202899 0.8333333 0.8333333
0.9565217 0.942029 0.9637681 0.942029 0.9057971 0.9202899 0.768116 0.8043478 0.8768116 0.6594203 0.6521739
0.05970149 0.01492537 0.03731343 0.09701493 0.09701493 0.09701493 0.1865672 0.1641791 0.1791045 0.2238806 0.2686567
0.902985 0.7835821 0.7537313 0.7537313 0.761194 0.5298507 0.2910448 0.1940299 0.09701493 0.08955224 0.06716418
0.5661765 0.6029412 0.4558824 0.7205882 0.4338235 0.4117647 0.4117647 0.3235294 0.3455882 0.3676471 0.3161765
0.4393939 0.4848485 0.5757576 0.5606061 0.7727273 0.6136364 0.8787879 0.7727273 0.9015152 0.939394 0.8333333
0.1357143 0.25 0.2857143 0.25 0.2 0.2357143 0.2285714 0.1714286 0.2857143 0.2428571 0.2857143
0.3695652 0.4275362 0.4130435 0.2826087 0.1376812 0.1159420 0.1159420 0.04347826 0.04347826 0.03623188 0.02898551
0.4701493 0.4253731 0.6343284 0.6343284 0.5820896 0.8283582 0.8283582 0.7089552 0.7835821 0.8134328 0.6865672
0.731884 0.6521739 0.5217391 0.4347826 0.2463768 0.2101449 0.1159420 0.0942029 0.1014493 0.0942029 0.1014493
0.03030303 0.007575758 0.02272727 0 0.02272727 0.02272727 0.08333333 0.1666667 0.2878788 0.4469697 0.3636364
0.5255474 0.5474453 0.5182482 0.6131387 0.4817518 0.5912409 0.4087591 0.4744526 0.3503650 0.3649635 0.2627737
0.2272727 0.2424242 0.2272727 0.1212121 0.03030303 0.01515152 0.03787879 0.02272727 0.01515152 0.01515152 0.007575758
0.5970149 0.5223881 0.6044776 0.5522388 0.7238806 0.6940299 0.5746269 0.7761194 0.8358209 0.7238806 0.8432836
0.3455882 0.4852941 0.3676471 0.4632353 0.5735294 0.6102941 0.757353 0.5441176 0.8308824 0.8014706 0.6911765
0.5693431 0.5109489 0.5182482 0.5036496 0.4817518 0.6861314 0.7372263 0.6715328 0.6423358 0.6861314 0.7080292
0.7910448 0.7835821 0.7835821 0.7537313 0.858209 0.5970149 0.5149254 0.4701493 0.6044776 0.4701493 0.4328358
0.5298507 0.4328358 0.4776119 0.5223881 0.5970149 0.5149254 0.6567164 0.619403 0.7014925 0.7686567 0.5746269
0.2954545 0.3257576 0.1287879 0.1439394 0.09848485 0.1590909 0.2045455 0.2727273 0.2348485 0.3787879 0.3106061
0.3138686 0.270073 0.3430657 0.3649635 0.3357664 0.1897810 0.1897810 0.1532847 0.1313869 0.1021898 0.08029197
0.673913 0.7028986 0.7028986 0.673913 0.7101449 0.8188406 0.768116 0.8043478 0.8695652 0.7391304 0.8333333
0.5681818 0.4242424 0.4924242 0.4621212 0.4469697 0.3333333 0.4318182 0.4166667 0.4469697 0.4772727 0.3106061
0.4242424 0.3787879 0.3863636 0.3030303 0.2651515 0.2954545 0.3484848 0.3636364 0.4242424 0.4393939 0.3636364
0.6865672 0.6641791 0.5746269 0.6641791 0.641791 0.6641791 0.5223881 0.5597015 0.5522388 0.6492537 0.6641791
0.08208955 0.1044776 0.08955224 0.1119403 0.1268657 0.1044776 0.1044776 0.1417910 0.2089552 0.2238806 0.3208955
0.7328244 0.8549618 0.7328244 0.9160305 0.7938931 0.7633588 0.7022901 0.7022901 0.5419847 0.5343511 0.519084
0.5149254 0.5 0.6716418 0.4328358 0.5149254 0.3283582 0.1791045 0.1641791 0.1567164 0.1044776 0.09701493
0.75 0.8428571 0.7857143 0.7571429 0.7714286 0.7071429 0.7428571 0.5642857 0.5214286 0.3071429 0.3142857
0.9242424 0.939394 0.9318182 0.9469697 0.9166667 0.9090909 0.8787879 0.6060606 0.4924242 0.3484848 0.2424242
0.9275362 0.9057971 0.9492754 0.942029 0.9275362 0.8695652 0.8768116 0.8115942 0.7826087 0.6014493 0.6594203
0.2213740 0.1526718 0.1679389 0.1374046 0.1450382 0.1603053 0.2519084 0.3358779 0.2977099 0.4732824 0.519084
0.5820896 0.5895522 0.5746269 0.5895522 0.4029851 0.5149254 0.4552239 0.5373134 0.3507463 0.4179104 0.4104478
0.2137405 0.2671756 0.3053435 0.2977099 0.4961832 0.4045802 0.4198473 0.5038168 0.5038168 0.5496183 0.4427481
0.4714286 0.6642857 0.5428571 0.5642857 0.8071429 0.8071429 0.8714286 0.7357143 0.8857143 0.8928571 0.8642857
0.0729927 0.08029197 0.08759124 0.08029197 0.1094891 0.1167883 0.1897810 0.3795620 0.3941606 0.5109489 0.5693431
0.1376812 0.1304348 0.1159420 0.08695652 0.05797101 0.05797101 0.04347826 0.03623188 0.03623188 0.02173913 0.02898551
0.8955224 0.8731343 0.8955224 0.9328358 0.9104478 0.8955224 0.9626866 0.9328358 0.8955224 0.9850746 0.9701493
0.9236641 0.9694656 0.9541985 0.9541985 0.9465649 0.8778626 0.8625954 0.7557252 0.8244275 0.7022901 0.5343511
0.519084 0.5725191 0.5954198 0.5267176 0.5954198 0.5038168 0.5496183 0.7022901 0.7251908 0.7022901 0.6793893
0.4071429 0.4285714 0.5714286 0.65 0.5357143 0.7 0.7857143 0.8071429 0.6357143 0.6285714 0.7071429
0.6363636 0.5909091 0.5757576 0.6287879 0.4924242 0.5227273 0.6287879 0.7121212 0.719697 0.7272727 0.9848485
0.1666667 0.2681159 0.1811594 0.1449275 0.07971014 0.1014493 0.05797101 0.05797101 0.1014493 0.08695652 0.1231884
0.4029851 0.4701493 0.2761194 0.2611940 0.1343284 0.2835821 0.2537313 0.4253731 0.4328358 0.5074627 0.4701493
0.7099237 0.6335878 0.7938931 0.8015267 0.648855 0.519084 0.4656489 0.5114504 0.4885496 0.5572519 0.519084
0.1428571 0.2214286 0.1857143 0.2857143 0.2785714 0.2785714 0.2642857 0.2142857 0.25 0.2571429 0.2714286
0.8167939 0.7862595 0.8244275 0.8244275 0.8244275 0.648855 0.7938931 0.4885496 0.7328244 0.5572519 0.5343511
0.2575758 0.2803030 0.1969697 0.2272727 0.2803030 0.1212121 0.3712121 0.3636364 0.3106061 0.3787879 0.2575758
0.4776119 0.4328358 0.4328358 0.6492537 0.7686567 0.7910448 0.8880597 0.9477612 0.8955224 0.9850746 0.9328358
0.2536232 0.2753623 0.2318841 0.5289855 0.3768116 0.2608696 0.3115942 0.5507246 0.4202899 0.5072464 0.6014493
0.5182482 0.4452555 0.4233577 0.3649635 0.1532847 0.1167883 0.1021898 0.1094891 0.1240876 0.1240876 0.1240876
0.7867647 0.6691176 0.7867647 0.75 0.6617647 0.75 0.6838235 0.5220588 0.4558824 0.4411765 0.4411765
0.7737226 0.8686131 0.729927 0.8686131 0.6788321 0.6058394 0.5036496 0.3065693 0.2773723 0.1678832 0.1678832
0.55 0.6357143 0.5857143 0.5642857 0.4 0.3428571 0.3785714 0.4714286 0.4214286 0.45 0.4928571
0.8507463 0.8358209 0.8731343 0.8432836 0.902985 0.9328358 0.8731343 0.8955224 0.738806 0.8731343 0.880597
0.4104478 0.3731343 0.2985075 0.2611940 0.1641791 0.1194030 0.1044776 0.08955224 0.1044776 0.08208955 0.1492537
0.3435115 0.3053435 0.3587786 0.2213740 0.129771 0.1450382 0.03816794 0.07633588 0.09160305 0.06870229 0.1221374
0.09701493 0.1641791 0.1194030 0.2238806 0.1492537 0.2537313 0.2462687 0.2537313 0.3208955 0.3507463 0.3358209
0.902985 0.8656716 0.8955224 0.7835821 0.8358209 0.7985075 0.4850746 0.4253731 0.3432836 0.2985075 0.2761194
0.4671533 0.4671533 0.4744526 0.6423358 0.6131387 0.6277372 0.6277372 0.7226277 0.6131387 0.810219 0.5693431
0.04580153 0.1068702 0.1450382 0.1984733 0.1908397 0.3282443 0.4656489 0.7557252 0.5419847 0.6564885 0.6793893
0.965035 0.986014 0.944056 0.972028 0.993007 0.972028 1 0.972028 0.944056 0.944056 0.923077
0.5912409 0.5620438 0.649635 0.5912409 0.5547445 0.7737226 0.8029197 0.7445255 0.7445255 0.810219 0.6788321
0.1068702 0.09160305 0.1679389 0.1603053 0.1603053 0.2519084 0.3664122 0.3435115 0.3053435 0.4503817 0.4427481
0.1417910 0.2089552 0.1343284 0.1567164 0.4104478 0.4179104 0.6641791 0.5895522 0.4925373 0.4626866 0.5671642
0.902985 0.9626866 0.8955224 0.6865672 0.5970149 0.4253731 0.1716418 0.1567164 0.08955224 0.08955224 0.05970149
0.7709924 0.740458 0.832061 0.8625954 0.8244275 0.9465649 0.7328244 0.740458 0.7251908 0.5648855 0.5038168
0.3006993 0.3356643 0.5384615 0.3776224 0.6223776 0.7062937 0.7902098 0.6713287 0.4755245 0.5454545 0.5174825
0.7022901 0.7557252 0.7557252 0.5267176 0.6259542 0.3816794 0.4198473 0.4580153 0.6030534 0.6335878 0.6259542
0.1459854 0.1751825 0.2189781 0.2043796 0.3795620 0.270073 0.4087591 0.3430657 0.6131387 0.4306569 0.459854
0.8014706 0.8382353 0.7941176 0.8088235 0.7647059 0.8014706 0.6691176 0.7867647 0.6764706 0.7720588 0.6102941
