0.01 0.016
0.156 0.118
0.004 0
0.016 0.016
0.132 0.162
0 0
0.064 0.05
0.098 0.11
0.024 0.006
0.012 0.008
0.442 0.37
0.006 0.004
0.026 0.022
0.034 0.032
0.13 0.136
0.234 0.248
0.03 0.03
0.032 0.016
0.026 0.018
0.024 0.012
0.036 0.032
0.12 0.118
0.004 0
0.148 0.128
0.284 0.32
0.04 0.03
0.056 0.06
0.022 0.024
0.722 0.668
0.14 0.144
0.508 0.494
0.246 0.25
0.006 0
0.016 0.006
0.042 0.024
0.498 0.522
0.25 0.268
0.228 0.212
0.006 0.006
0.014 0.002
0.15 0.146
0.016 0.014
0.01 0.002
0.002 0.004
0.27 0.316
0.042 0.042
0.01 0
0.366 0.386
0 0
0.002 0
0.008 0.008
0.026 0.026
0.014 0
0.488 0.53
0.336 0.364
0.078 0.11
0.014 0.01
0.314 0.234
0.252 0.282
0.006 0.002
0.014 0.004
0.036 0.036
0.004 0
0.084 0.05
0 0
0.04 0.062
0.21 0.244
0.112 0.11
0.11 0.118
0.004 0
0.372 0.39
0.08 0.068
0.004 0.002
0.014 0.004
0 0.002
0.026 0.01
0 0
0.084 0.054
0.04 0.046
0.02 0.008
0.008 0.006
0.16 0.202
0.038 0.018
0.032 0.028
0.376 0.278
0.652 0.6
0.476 0.536
0.114 0.092
0 0
0.016 0.032
0.012 0.014
0.18 0.122
0.016 0.01
0.046 0.06
0.044 0.032
0.188 0.224
0.048 0.05
0.01 0.006
0.176 0.22
0.398 0.404
0.128 0.102
0.09 0.096
0.034 0.03
0.152 0.128
0.048 0.05
0.008 0.004
0.058 0.048
0 0
0 0
0 0
0.124 0.132
0.172 0.208
0.396 0.382
0 0
0.242 0.248
0.074 0.064
0.326 0.32
0.066 0.092
0.078 0.082
0.14 0.096
0.062 0.076
0.362 0.3
0.006 0.002
0.308 0.324
0.018 0.038
0.012 0.002
0.002 0
0.196 0.18
0 0
0.02 0.004
0.2 0.216
0 0
0.428 0.42
0.002 0.002
0.008 0.008
0.028 0.02
