0.004 0.004
0.158 0.12
0.01 0.002
0.014 0.006
0.236 0.21
0.002 0
0.058 0.048
0.084 0.108
0.018 0.01
0.018 0.012
0.352 0.31
0.084 0.134
0.01 0.008
0.014 0.014
0.124 0.106
0.06 0.044
0.024 0.014
0.02 0.012
0.01 0.018
0.028 0.012
0.038 0.032
0.092 0.108
0.004 0
0.06 0.042
0.33 0.35
0.06 0.044
0.042 0.062
0.014 0.006
0.666 0.692
0.142 0.158
0.586 0.576
0.186 0.282
0.004 0
0.012 0.006
0.012 0.008
0.238 0.246
0.26 0.246
0.206 0.204
0.008 0.008
0.004 0.002
0.124 0.148
0.022 0.028
0.028 0.018
0.018 0.004
0.166 0.202
0.056 0.02
0.02 0.008
0.134 0.136
0 0
0 0
0.006 0.006
0.046 0.03
0.008 0
0.396 0.488
0.368 0.418
0.084 0.1
0.01 0.018
0.098 0.096
0.146 0.196
0.002 0.004
0.016 0.008
0.032 0.01
0.002 0.004
0.062 0.064
0 0
0.04 0.024
0.28 0.286
0.098 0.076
0.114 0.122
0.006 0.006
0.38 0.414
0.03 0.038
0 0.004
0.014 0.002
0 0.004
0.03 0.028
0.006 0.002
0.106 0.11
0.056 0.056
0.018 0.006
0.006 0.004
0.24 0.276
0.02 0.012
0.014 0.014
0.358 0.374
0.574 0.562
0.512 0.528
0.166 0.142
0 0
0.056 0.054
0.02 0.016
0.114 0.092
0.006 0.002
0.058 0.056
0.034 0.034
0.21 0.224
0.056 0.052
0.004 0.004
0.168 0.176
0.29 0.314
0.164 0.11
0.128 0.136
0.114 0.09
0.112 0.088
0.036 0.032
0.004 0.006
0.058 0.066
0.004 0
0.002 0
0 0
0.096 0.092
0.284 0.266
0.472 0.426
0.002 0
0.218 0.272
0.072 0.064
0.238 0.21
0.052 0.044
0.14 0.13
0.098 0.084
0.056 0.078
0.278 0.268
0.014 0
0.084 0.076
0.016 0.016
0.006 0.002
0 0
0.192 0.212
0 0
0.018 0.01
0.258 0.29
0 0
0.51 0.456
0 0
0.004 0.002
0.032 0.042
