0.7933884 0.8429752
0.3760684 0.3675214
0.7024793 0.6694215
0.608 0.632
0.2564103 0.3247863
0.8346457 0.8503937
0.68 0.648
0.44 0.352
0.656 0.696
0.712 0.632
0.112 0.128
0.744 0.76
0.72 0.696
0.6581197 0.5641026
0.3361345 0.3277311
0.09166667 0.09166667
0.4545455 0.4628099
0.7603306 0.8016529
0.6722689 0.6470588
0.6218487 0.5966387
0.3666667 0.325
0.2666667 0.2333333
0.7933884 0.8429752
0.3223140 0.3636364
0.05833333 0.06666667
0.4957265 0.5470085
0.553719 0.4876033
0.6280992 0.5371901
0 0.008
0.3109244 0.2857143
0.02479339 0.03305785
0.1811024 0.1574803
0.6806723 0.8403361
0.7521368 0.6923077
0.5641026 0.5982906
0.04 0.048
0.1487603 0.2314050
0.09166667 0.09166667
0.7480315 0.8503937
0.6923077 0.6068376
0.3666667 0.3166667
0.7438017 0.5785124
0.648 0.648
0.7563025 0.605042
0.216 0.2
0.808 0.76
0.712 0.632
0.05645161 0.08870968
0.848 0.816
0.8629032 0.7983871
0.8 0.7916667
0.456 0.512
0.7933884 0.6942149
0.24 0.216
0.096 0.064
0.264 0.224
0.6942149 0.6528926
0.0909091 0.1404959
0.2258065 0.1774194
0.8264463 0.8016529
0.6446281 0.8016529
0.5384615 0.6068376
0.7258065 0.7983871
0.416 0.472
0.8 0.7916667
0.7933884 0.6942149
0.2268908 0.1428571
0.4358974 0.4786325
0.2992126 0.2913386
0.8119658 0.7863248
0.048 0.08
0.4214876 0.4214876
0.8346457 0.8503937
0.7563025 0.7394958
0.8264463 0.8016529
0.677686 0.6528926
0.744 0.76
0.3781513 0.3781513
0.4916667 0.3416667
0.768595 0.5950413
0.808 0.76
0.1709402 0.1965812
0.5378151 0.5462185
0.6302521 0.5966387
0.1338583 0.1181102
0.007874016 0.007874016
0.01652893 0.01652893
0.2393162 0.1965812
0.7933884 0.8429752
0.483871 0.4677419
0.5726496 0.6068376
0.3361345 0.3781513
0.8 0.7916667
0.472 0.432
0.5984252 0.5275591
0.1854839 0.1451613
0.4416667 0.45
0.768595 0.8016529
0.3306452 0.2661290
0.06837607 0.07692308
0.3109244 0.3277311
0.2561983 0.2892562
0.3781513 0.394958
0.392 0.28
0.5702479 0.5785124
0.768595 0.6942149
0.4112903 0.3790323
0.848 0.816
0.808 0.76
0.8403361 0.8403361
0.288 0.264
0.07874016 0.07874016
0.0909091 0.08264463
0.8119658 0.7863248
0.2561983 0.2231405
0.4666667 0.5416667
0.2436975 0.2857143
0.3589744 0.4358974
0.3709677 0.3467742
0.3162393 0.3247863
0.4916667 0.475
0.08 0.072
0.6833333 0.675
0.152 0.088
0.5725806 0.7016129
0.6923077 0.7863248
0.8629032 0.7983871
0.075 0.1
0.824 0.76
0.8264463 0.8016529
0.152 0.152
0.8 0.7916667
0.008064516 0
0.8403361 0.8403361
0.848 0.816
0.6581197 0.6752137
