0.8571429 0.7731092
0.2769231 0.3384615
0.6890756 0.7983193
0.6554622 0.6302521
0.2148760 0.2314050
0.8 0.76
0.5887097 0.5564516
0.3813559 0.3135593
0.5378151 0.6890756
0.7024793 0.6528926
0.1176471 0.1092437
0.483871 0.4193548
0.7142857 0.6638655
0.483871 0.4516129
0.3361345 0.3361345
0.4705882 0.487395
0.4117647 0.4957983
0.5169492 0.6016949
0.5080645 0.483871
0.661017 0.5254237
0.559322 0.5338983
0.28 0.272
0.8571429 0.7731092
0.4201681 0.4201681
0.1074380 0.1404959
0.3387097 0.3709677
0.516129 0.4193548
0.697479 0.605042
0 0
0.1932773 0.2100840
0.02419355 0.01612903
0.16 0.144
0.8571429 0.7731092
0.656 0.696
0.616 0.696
0.02419355 0.02419355
0.1612903 0.1612903
0.1451613 0.1854839
0.7142857 0.7058824
0.7142857 0.6302521
0.3050847 0.3050847
0.5882353 0.5378151
0.5762712 0.5
0.6612903 0.733871
0.1260504 0.1092437
0.7419355 0.733871
0.72 0.76
0.08 0.096
0.8 0.76
0.8076923 0.8307692
0.907563 0.7226891
0.5080645 0.4516129
0.7563025 0.7983193
0.06722689 0.05882353
0.05882353 0.05882353
0.4117647 0.3781513
0.697479 0.7731092
0.1596639 0.1680672
0.2479339 0.2066116
0.8347107 0.8099174
0.8076923 0.6692308
0.6115702 0.6363636
0.8050847 0.8220339
0.4621849 0.4705882
0.7563025 0.7983193
0.4830508 0.4745763
0.1440678 0.1186441
0.3884298 0.4132231
0.3865546 0.2605042
0.8050847 0.8220339
0.1186441 0.1525424
0.384 0.344
0.8347107 0.8099174
0.7457627 0.6186441
0.84 0.76
0.6806723 0.7983193
0.84 0.76
0.392 0.432
0.4596774 0.4112903
0.7142857 0.7058824
0.5714286 0.5294118
0.2033898 0.2033898
0.5546218 0.5378151
0.616 0.528
0.0483871 0.06451613
0 0
0.02521008 0.02521008
0.272 0.296
0.907563 0.8319328
0.4769231 0.4846154
0.68 0.608
0.394958 0.3865546
0.768595 0.8099174
0.4369748 0.4957983
0.6302521 0.512605
0.09322034 0.1101695
0.5630252 0.5630252
0.8076923 0.7384615
0.3709677 0.3548387
0.07258065 0.1048387
0.3109244 0.3361345
0.304 0.232
0.3387097 0.3951613
0.1764706 0.1932773
0.4067797 0.4830508
0.6638655 0.8319328
0.4957983 0.5378151
0.7419355 0.733871
0.766129 0.766129
0.907563 0.8319328
0.3223140 0.3471074
0.1048387 0.08870968
0.032 0.064
0.8571429 0.7731092
0.1451613 0.1048387
0.4537815 0.4705882
0.2258065 0.2096774
0.3553719 0.4049587
0.3145161 0.4032258
0.3057851 0.338843
0.5123967 0.5371901
0.06722689 0.09243697
0.8050847 0.8220339
0.1525424 0.1610169
0.5462185 0.4201681
0.84 0.76
0.8076923 0.8307692
0.112 0.112
0.8571429 0.7731092
0.8403361 0.7142857
0.2184874 0.1848739
0.8347107 0.8099174
0.016 0.008
0.8050847 0.8220339
0.8319328 0.8319328
0.552 0.512
