0.8548387 0.8306452
0.2890625 0.296875
0.8083333 0.725
0.717742 0.6048387
0.24 0.24
0.8292683 0.8211382
0.25 0.3166667
0.3032787 0.2377049
0.7377049 0.7868852
0.625 0.6666667
0.06666667 0.08333333
0.7377049 0.704918
0.6949153 0.720339
0.6721311 0.6557377
0.3495935 0.2682927
0.279661 0.2966102
0.575 0.5833333
0.65 0.6583333
0.7398374 0.7073171
0.552 0.608
0.5447154 0.5121951
0.32 0.28
0.8474576 0.7966102
0.2459016 0.3360656
0.1666667 0.1583333
0.3852459 0.3770492
0.232 0.208
0.6666667 0.625
0.008130081 0.01626016
0.2416667 0.2583333
0.01639344 0.04098361
0.1721311 0.1557377
0.8474576 0.7966102
0.7377049 0.6639344
0.516129 0.5564516
0.0390625 0.0390625
0.1949153 0.1610169
0.171875 0.1875
0.852459 0.795082
0.6885246 0.704918
0.168 0.176
0.65 0.625
0.6355932 0.720339
0.7786885 0.7295082
0.0967742 0.07258065
0.5169492 0.4830508
0.7377049 0.7131148
0.04065041 0.04065041
0.8770492 0.8606557
0.8292683 0.8211382
0.852459 0.795082
0.5163934 0.4836066
0.616 0.784
0.05 0.05
0.1451613 0.07258065
0.3442623 0.352459
0.6833333 0.6666667
0.1693548 0.1532258
0.136 0.12
0.8333333 0.7666667
0.6910569 0.7073171
0.5327869 0.4180328
0.8083333 0.75
0.3644068 0.3474576
0.8770492 0.8606557
0.5916667 0.5
0.088 0.088
0.3916667 0.4
0.3644068 0.3305085
0.8333333 0.7666667
0.1949153 0.2288136
0.5967742 0.5725806
0.8474576 0.7966102
0.8474576 0.7966102
0.8770492 0.8606557
0.6721311 0.704918
0.8548387 0.8306452
0.3852459 0.4262295
0.525 0.525
0.6666667 0.6833333
0.8474576 0.7966102
0.2016129 0.25
0.6065574 0.6393443
0.5409836 0.6721311
0.09016393 0.1065574
0 0.008
0.025 0.01666667
0.3252033 0.3170732
0.852459 0.795082
0.5528455 0.5934959
0.5983607 0.6557377
0.4416667 0.4583333
0.6583333 0.725
0.5 0.4426230
0.4590164 0.5327869
0.1475410 0.1885246
0.4016393 0.4098361
0.828125 0.8203125
0.3278689 0.3114754
0.09836066 0.06557377
0.2 0.225
0.2682927 0.2764228
0.3203125 0.3203125
0.325 0.4083333
0.575 0.5583333
0.776 0.784
0.3983051 0.4745763
0.8474576 0.7966102
0.8548387 0.8306452
0.852459 0.795082
0.1854839 0.2903226
0.09836066 0.07377049
0.08 0.08
0.8474576 0.7966102
0.1475410 0.1967213
0.4836066 0.4672131
0.15625 0.1796875
0.4322034 0.3474576
0.3559322 0.3559322
0.3 0.3166667
0.55 0.4666667
0.1015625 0.125
0.8292683 0.8211382
0.1065574 0.09836066
0.6666667 0.7666667
0.8333333 0.7666667
0.8606557 0.7868852
0.1693548 0.1693548
0.8292683 0.8211382
0.75 0.703125
0.1393443 0.1147541
0.8083333 0.8166667
0.01639344 0.008196721
0.8606557 0.7868852
0.75 0.8166667
0.6666667 0.6833333
