0.6393443 0.7459016
0.2822581 0.2983871
0.7692308 0.6324786
0.6694915 0.6271186
0.2983871 0.2741935
0.8034188 0.7863248
0.5625 0.5703125
0.5245902 0.5737705
0.6612903 0.6532258
0.5859375 0.734375
0.1043478 0.08695652
0.3821138 0.2764228
0.7008547 0.7008547
0.7540984 0.6557377
0.5081967 0.4590164
0.1101695 0.08474576
0.53125 0.5546875
0.7565217 0.7043478
0.6521739 0.5304348
0.5968992 0.5891473
0.5691057 0.5691057
0.3015873 0.2857143
0.826087 0.7826087
0.3739837 0.2845528
0.07936508 0.1111111
0.4754098 0.5983607
0.4180328 0.3606557
0.6694915 0.5932203
0 0.008474576
0.2434783 0.2347826
0.008547009 0.008547009
0.1794872 0.1452991
0.744186 0.8139535
0.6393443 0.5737705
0.5213675 0.5811966
0.03478261 0.03478261
0.1196581 0.1196581
0.1803279 0.1885246
0.7459016 0.7459016
0.720339 0.7033898
0.3951613 0.2903226
0.5655738 0.5983607
0.6796875 0.625
0.7008547 0.7179487
0.1367521 0.1025641
0.4836066 0.5163934
0.7540984 0.8360656
0.09836066 0.09836066
0.8034188 0.7863248
0.84375 0.796875
0.7565217 0.7826087
0.5819672 0.5081967
0.7459016 0.7459016
0.02608696 0.01739130
0.04273504 0.03418803
0.4146341 0.3821138
0.6290323 0.6290323
0.1452991 0.1025641
0.2086957 0.1652174
0.8387097 0.8064516
0.7459016 0.7459016
0.5581395 0.5271318
0.7459016 0.7459016
0.3389831 0.4745763
0.8139535 0.8139535
0.5564516 0.5080645
0.1475410 0.1147541
0.3095238 0.2777778
0.3391304 0.3130435
0.8292683 0.7560976
0.03968254 0.03968254
0.4508197 0.5081967
0.8292683 0.8455285
0.6854839 0.7016129
0.8292683 0.8455285
0.5762712 0.5932203
0.84375 0.796875
0.3333333 0.2857143
0.7459016 0.7459016
0.6854839 0.7016129
0.6521739 0.5217391
0.1440678 0.1186441
0.573913 0.5130435
0.6290323 0.7096774
0.1475410 0.1147541
0.008064516 0.008064516
0.008474576 0.01694915
0.3178295 0.248062
0.8571429 0.8095238
0.5169492 0.5932203
0.6290323 0.6532258
0.3389831 0.2966102
0.6422764 0.6666667
0.4521739 0.5043478
0.6393443 0.5983607
0.1031746 0.1111111
0.4634146 0.504065
0.826087 0.7478261
0.2542373 0.220339
0.08547009 0.0940171
0.1984127 0.2142857
0.3162393 0.2564103
0.4186047 0.372093
0.2478632 0.2393162
0.5391304 0.4869565
0.6752137 0.7179487
0.4322034 0.4322034
0.7459016 0.7459016
0.826087 0.7826087
0.826087 0.7826087
0.2966102 0.279661
0.09016393 0.09016393
0.03478261 0.02608696
0.7459016 0.7459016
0.1904762 0.1746032
0.4836066 0.3934426
0.3135593 0.3050847
0.279661 0.2711864
0.4237288 0.3813559
0.2301587 0.3492063
0.5130435 0.4434783
0.1880342 0.1965812
0.7008547 0.7863248
0.09756098 0.07317073
0.7286822 0.6511628
0.7565217 0.7478261
0.8292683 0.7560976
0.1282051 0.1196581
0.8305085 0.7881356
0.6875 0.6953125
0.3606557 0.3688525
0.8360656 0.8360656
0.01739130 0
0.84375 0.796875
0.8292683 0.7154472
0.7235772 0.5772358
