0.8595041 0.8595041
0.2809917 0.3305785
0.8220339 0.7966102
0.6949153 0.5762712
0.304 0.312
0.8595041 0.8595041
0.3934426 0.4754098
0.3032787 0.2950820
0.6639344 0.7213115
0.4918033 0.5655738
0.08730159 0.0952381
0.6864407 0.7881356
0.8595041 0.6942149
0.6 0.664
0.2892562 0.2892562
0.1825397 0.1746032
0.4878049 0.5853659
0.6864407 0.6779661
0.608 0.616
0.7288136 0.6694915
0.5327869 0.5491803
0.220339 0.2118644
0.8360656 0.8196721
0.3223140 0.2809917
0.1065574 0.1721311
0.4365079 0.5793651
0.5867769 0.5206612
0.5634921 0.6269841
0.008474576 0.02542373
0.234375 0.2265625
0.02479339 0.02479339
0.1271186 0.1101695
0.7881356 0.7372881
0.7288136 0.7372881
0.720339 0.6864407
0.04098361 0.04098361
0.216 0.208
0.1570248 0.1652893
0.7603306 0.6859504
0.8360656 0.7295082
0.3220339 0.2881356
0.6885246 0.7377049
0.5691057 0.601626
0.6864407 0.6186441
0.09322034 0.07627119
0.5169492 0.5508475
0.8360656 0.7213115
0.05932203 0.09322034
0.856 0.8
0.8852459 0.8852459
0.6864407 0.6779661
0.5 0.5
0.8292683 0.8211382
0.03305785 0.03305785
0.03305785 0.03305785
0.3606557 0.3196721
0.5703125 0.6171875
0.1652893 0.2314050
0.2459016 0.2377049
0.8595041 0.8595041
0.6864407 0.6694915
0.6557377 0.6639344
0.8203125 0.796875
0.2786885 0.3032787
0.8135593 0.7881356
0.5762712 0.5423729
0.1074380 0.1074380
0.5677966 0.5508475
0.3203125 0.359375
0.856 0.8
0.0859375 0.1015625
0.3114754 0.3606557
0.8852459 0.8852459
0.7355372 0.6859504
0.8135593 0.7881356
0.5691057 0.6829268
0.8852459 0.8852459
0.3636364 0.446281
0.557377 0.5655738
0.7272727 0.6942149
0.7355372 0.6859504
0.2032520 0.1544715
0.5619835 0.5950413
0.5254237 0.5508475
0.1186441 0.1440678
0.048 0.056
0.02439024 0.02439024
0.2380952 0.2460317
0.8595041 0.8595041
0.5691057 0.6422764
0.4576271 0.5
0.338843 0.338843
0.677686 0.6859504
0.3852459 0.4836066
0.5901639 0.6229508
0.2396694 0.2148760
0.5234375 0.484375
0.7355372 0.8016529
0.2966102 0.2542373
0.1157025 0.1157025
0.2936508 0.2936508
0.3050847 0.2711864
0.3305085 0.3389831
0.5677966 0.5932203
0.4322034 0.4237288
0.7377049 0.8196721
0.4552846 0.495935
0.8220339 0.7966102
0.8095238 0.8253968
0.856 0.8
0.2539683 0.2460317
0.109375 0.09375
0.07438017 0.05785124
0.8852459 0.8852459
0.1186441 0.1101695
0.453125 0.359375
0.1735537 0.1983471
0.3196721 0.2622951
0.3821138 0.3821138
0.2926829 0.4146341
0.4634146 0.5284553
0.248 0.232
0.8292683 0.7560976
0.2627119 0.2288136
0.7295082 0.8196721
0.8095238 0.8253968
0.6984127 0.8253968
0.2 0.208
0.8292683 0.8211382
0.8360656 0.7213115
0.136 0.12
0.8360656 0.8196721
0.01652893 0.02479339
0.7603306 0.8595041
0.779661 0.6864407
0.5508475 0.5423729
