0.004 0.006
0.154 0.12
0.01 0.016
0.014 0.014
0.132 0.138
0 0.002
0.056 0.054
0.112 0.116
0.012 0.006
0.048 0.014
0.356 0.326
0.05 0.036
0.01 0.01
0.02 0.008
0.076 0.078
0.192 0.198
0.038 0.022
0.018 0.012
0.014 0.022
0.02 0.018
0.044 0.032
0.12 0.134
0.004 0
0.12 0.08
0.326 0.31
0.098 0.052
0.054 0.066
0.02 0.016
0.728 0.71
0.06 0.076
0.628 0.582
0.272 0.282
0 0.002
0.006 0.004
0.026 0.006
0.356 0.388
0.158 0.146
0.196 0.152
0.014 0.004
0.012 0.012
0.084 0.116
0.018 0.024
0.01 0.006
0.006 0.008
0.292 0.32
0.042 0.044
0.006 0.008
0.378 0.386
0.004 0
0 0
0.006 0
0.032 0.018
0 0
0.49 0.5
0.392 0.376
0.078 0.096
0.018 0.026
0.272 0.22
0.176 0.22
0.01 0.004
0.024 0
0.026 0.034
0.004 0
0.102 0.088
0 0
0.028 0.054
0.172 0.198
0.078 0.072
0.098 0.12
0.002 0.004
0.378 0.416
0.066 0.04
0 0
0.004 0.006
0.006 0.002
0.02 0.012
0.004 0
0.124 0.084
0.004 0.006
0.01 0.002
0.014 0.01
0.214 0.248
0.02 0.014
0.004 0.01
0.292 0.264
0.558 0.546
0.488 0.504
0.18 0.154
0.002 0.002
0.028 0.024
0.016 0.018
0.09 0.082
0.012 0.002
0.082 0.072
0.026 0.03
0.214 0.228
0.054 0.028
0.004 0
0.086 0.08
0.226 0.262
0.186 0.172
0.126 0.124
0.118 0.09
0.158 0.12
0.012 0.022
0.004 0.01
0.084 0.068
0 0.002
0 0
0 0
0.168 0.128
0.232 0.264
0.25 0.21
0.002 0
0.218 0.294
0.076 0.06
0.296 0.28
0.096 0.086
0.142 0.148
0.144 0.102
0.046 0.046
0.238 0.226
0.004 0
0.322 0.284
0.01 0.02
0.006 0.002
0.006 0.006
0.28 0.262
0 0
0.022 0.002
0.252 0.306
0 0
0.398 0.392
0.006 0.004
0.006 0.004
0.026 0.03
