0.9881399 0.9932905 0.9985647 1 0.9869721 0.9896069 0.9607079 1 0.006254481 0.002004042 0.0006345236
0.6475085 0.3524490 0.1678898 0.05638093 0.02084736 0.00645414 0.001879456 0.0006817549 0.0002020809 6.637755e-05 2.163470e-05
0.9889558 0.9866487 0.9943799 1 1 1 0.962396 0.6642457 0.006209629 0.001969764 0.0006227045
0.9904738 0.9940012 1 1 1 1 1 1 0.007070753 0.002228978 0.0007056034
0.7287542 0.4119018 0.1782168 0.06437072 0.02304928 0.00692505 0.002185468 0.0007199949 0.0002082561 6.641436e-05 2.106944e-05
0.9890413 0.9866487 0.9943799 1 1 1 1 0.6642457 0.006209629 0.001969764 0.0006227045
0.962675 0.9621054 0.9708599 0.9509793 0.8811249 0.6279536 0.07689686 0.01651876 0.004810899 0.001604883 0.0005196957
0.9640404 0.9570408 0.9352435 0.9477719 0.943767 0.8002239 0.123749 0.01705384 0.005999864 0.001905489 0.0006049587
0.9486423 0.7830434 0.4810429 0.2204462 0.07396847 0.02515176 0.008836221 0.0027543 0.0008632476 0.0002892431 9.216655e-05
0.9677143 0.9496313 0.956789 0.9772215 0.985427 0.9436595 0.1292099 0.02115235 0.006720063 0.002139714 0.0006705706
0.9882093 0.9932905 1 1 1 1 1 1 0.006254481 0.002004042 0.0006345236
0.7938507 0.5373184 0.2588612 0.1483803 0.1068183 0.03333357 0.004735179 0.001825002 0.002458798 0.000644056 0.0002094802
0.9874168 0.9805994 0.9818721 0.9892581 0.916881 0.8870926 0.5734036 0.1793523 0.006254481 0.002004042 0.0006345236
0.9881346 0.994096 0.9380522 0.4275982 0.1171799 0.0646003 0.7169269 0.4958042 0.006218077 0.001979888 0.0006284733
0.9270123 0.7074155 0.4360154 0.1707520 0.06049744 0.02008498 0.00638182 0.001954573 0.0006131679 0.0001895493 6.330118e-05
0.7944835 0.4238847 0.1851159 0.07314142 0.02486846 0.007863182 0.002499109 0.0007585625 0.000248538 7.604143e-05 2.592638e-05
0.7290512 0.4631884 0.2122139 0.0845438 0.03298983 0.01066816 0.003212501 0.001113757 0.0003712658 0.0001171127 3.483371e-05
0.9327388 0.6865586 0.2966033 0.1195449 0.04065365 0.01423263 0.00450134 0.001347265 0.0006755748 0.0001819308 5.92928e-05
0.9820331 0.984697 0.997977 1 1 1 1 0.7920863 0.005839869 0.001879543 0.0005914949
0.9186476 0.7264933 0.4208260 0.1608675 0.05532555 0.01799293 0.005332623 0.001672852 0.0005795972 0.0001885662 5.800659e-05
0.9279468 0.728531 0.3537717 0.1518247 0.04762486 0.01477323 0.004484884 0.001402821 0.0005034776 0.0001506389 4.747666e-05
0.906527 0.6931805 0.4187607 0.1528462 0.05367139 0.01755085 0.005500205 0.001746765 0.0005370336 0.0001727046 5.482864e-05
0.9221067 0.6211079 0.2684412 0.09889896 0.03972238 0.01249447 0.01680205 0.00472558 0.005728774 0.001908297 0.000610956
0.9820331 0.984697 0.997977 1 1 1 1 0.7920863 0.005839869 0.001879543 0.0005914949
0.7008778 0.4175418 0.1920463 0.07362183 0.02843265 0.008069727 0.002984251 0.0009462301 0.0002824296 9.096761e-05 2.941469e-05
0.7225271 0.4034270 0.1804354 0.07065074 0.02445715 0.007576568 0.002423811 0.0007342661 0.0002333496 7.301472e-05 2.441276e-05
0.9216621 0.7378339 0.4804678 0.2002119 0.07273409 0.02465508 0.009140565 0.002628855 0.0009027292 0.0002605736 8.88859e-05
0.9288345 0.7438005 0.4769421 0.2422111 0.07623719 0.02796513 0.006754325 0.002062653 0.000708115 0.0002207138 6.777827e-05
0.696352 0.395941 0.1715927 0.06638054 0.02294934 0.006823364 0.002154388 0.0007304907 0.0002241941 7.227813e-05 2.171876e-05
0.9872726 0.9976636 1 1 1 1 0.6525383 0.04616582 0.006394204 0.002016992 0.0006479616
0.5878861 0.3133550 0.1532024 0.05094249 0.01886379 0.00565186 0.001568864 0.0005640436 0.0001670241 5.47508e-05 1.780045e-05
0.9767606 0.9284607 0.7121203 0.3354458 0.09889985 0.03874968 0.006128148 0.002019962 0.0006856176 0.0002102428 6.805018e-05
0.9086366 0.6957513 0.4027958 0.1623349 0.05382629 0.01819738 0.005732259 0.001813609 0.0005967267 0.0001833463 5.615169e-05
0.9064357 0.6692868 0.4123955 0.1622870 0.05637107 0.01827463 0.005755786 0.001918675 0.0005873014 0.0001867675 6.075591e-05
0.9884914 0.9891497 0.9995218 1 1 1 1 1 0.006234974 0.001999016 0.0006313636
0.7168708 0.4088079 0.1781939 0.06414176 0.02244070 0.00683593 0.002123334 0.0007016723 0.0001990247 6.434982e-05 2.033460e-05
0.6801267 0.3991221 0.1803286 0.0706371 0.02443536 0.007528559 0.002374822 0.0007268642 0.0002297109 7.212666e-05 2.398773e-05
0.6749055 0.3997629 0.1804847 0.07121115 0.02455303 0.007578031 0.002438031 0.0007458192 0.0002330569 7.305162e-05 2.443955e-05
0.9587326 0.8089846 0.4680926 0.1481215 0.05017873 0.01598872 0.005569367 0.001925095 0.0006426083 0.0002186417 6.703713e-05
0.9890413 0.9866487 0.9943799 1 1 1 1 0.6642457 0.006209629 0.001969764 0.0006227045
0.8961381 0.6730053 0.3863503 0.1555351 0.05161493 0.01725125 0.005436348 0.001798583 0.000592133 0.0001815298 5.52557e-05
0.962675 0.9621054 0.9708599 0.9509793 0.8811249 0.6279536 0.07689686 0.01651876 0.004810899 0.001604883 0.0005196957
0.9123966 0.6993272 0.4228346 0.1546888 0.05454354 0.01786291 0.005633702 0.001776529 0.00054398 0.0001791843 5.572904e-05
0.9004422 0.6718468 0.3585967 0.1408456 0.05213345 0.01737387 0.005493983 0.001627439 0.0005567557 0.0001704444 5.242005e-05
0.9336788 0.7736869 0.5173092 0.2272505 0.07622582 0.02637537 0.008595362 0.002506780 0.000866274 0.0002783574 8.533734e-05
0.977638 0.95236 0.8787704 0.7844746 0.6155221 0.5965498 0.2468670 0.06382066 0.005839869 0.001879543 0.0005914949
0.9896107 0.996079 1 1 1 1 1 0.890466 0.006218077 0.001979888 0.0006284733
0.9869413 0.993521 1 1 1 1 1 1 0.006323439 0.001999282 0.0006360196
0.9555915 0.7718365 0.4262237 0.1535934 0.05030244 0.01662335 0.005583348 0.001887055 0.0006717381 0.0002070572 6.621865e-05
0.9292993 0.731048 0.5502863 0.4416794 0.2899319 0.1446423 0.03175118 0.01130447 0.006007188 0.001891952 0.000609237
0.7116925 0.4185385 0.1898937 0.07653619 0.02571909 0.00800658 0.002537015 0.0008171204 0.0002689701 8.365318e-05 2.586036e-05
0.965181 0.8606653 0.5407073 0.1799419 0.05725023 0.01940439 0.01056814 0.003759525 0.001511850 0.0005006325 0.000172367
0.9869413 0.993521 1 1 1 1 1 1 0.006323439 0.001999282 0.0006360196
0.9884914 0.9891497 0.9995218 1 1 1 1 1 0.006234974 0.001999016 0.0006313636
0.9279655 0.6936404 0.3758051 0.1519475 0.05213684 0.01711877 0.005286391 0.001684388 0.0005742557 0.0001780665 5.456626e-05
0.971906 0.9079898 0.6467386 0.3377228 0.07853542 0.03279147 0.01195516 0.003421687 0.001401173 0.0003900416 0.0001261584
0.9372741 0.7823113 0.5091292 0.2287692 0.07331042 0.02575619 0.008670244 0.002639998 0.0008066319 0.0002600939 8.397107e-05
0.9317753 0.7599265 0.4489796 0.1975972 0.06791161 0.02182184 0.006856394 0.002416935 0.000938494 0.0003009875 9.042447e-05
0.9297399 0.6744443 0.3844988 0.1622029 0.05376084 0.01749949 0.00583609 0.001934999 0.0006716633 0.0002024844 6.853029e-05
0.986834 0.9830646 0.9750658 0.9354909 0.6216257 0.4387673 0.5737506 0.04616582 0.006394204 0.002016992 0.0006479616
0.9266866 0.6618484 0.3411534 0.1359058 0.04625296 0.01487907 0.004466523 0.001523130 0.000524395 0.0001661127 5.048547e-05
0.9073233 0.6961316 0.4041566 0.1624832 0.0540537 0.01842036 0.005748817 0.001842425 0.0006020438 0.0001843709 5.666332e-05
0.9906602 0.996688 1 1 1 1 1 1 0.006464906 0.002060094 0.0006522602
0.9904738 0.9940012 1 1 1 1 1 1 0.007070753 0.002228978 0.0007056034
0.7319892 0.4661975 0.2064015 0.08191657 0.03100476 0.01027608 0.003222311 0.001129552 0.0003768981 0.0001202571 3.497625e-05
0.9911088 0.9969208 1 1 1 1 1 1 0.006431723 0.002043699 0.0006488747
0.9166094 0.6481392 0.2463353 0.08785636 0.03024532 0.00928096 0.00324755 0.001144240 0.0004260657 0.0001261206 4.042927e-05
0.9869413 0.993521 1 1 1 1 1 1 0.006323439 0.001999282 0.0006360196
0.8989569 0.6688952 0.3578741 0.1407755 0.05211415 0.01735947 0.005481313 0.001624815 0.0005567557 0.0001700635 5.239197e-05
0.9527088 0.8374812 0.7764934 0.6730743 0.5433334 0.3254645 0.05182356 0.01385056 0.003850806 0.001081005 0.0003551855
0.9355164 0.6421231 0.2606783 0.09605173 0.03801958 0.01223700 0.01749913 0.005171784 0.006720063 0.002135776 0.000669262
0.8999961 0.691212 0.4180893 0.1526027 0.05347602 0.01756038 0.00549892 0.001743382 0.0005363322 0.0001728434 5.43643e-05
0.9906602 0.996688 1 1 1 1 1 1 0.006464906 0.002060094 0.0006522602
0.7393422 0.4152773 0.1884528 0.07230732 0.02752869 0.007953659 0.002855967 0.0009169592 0.0002697738 8.65448e-05 2.825203e-05
0.9343602 0.8196607 0.4568537 0.2300337 0.06698565 0.02402297 0.008433227 0.001995282 0.0007208546 0.0002080407 6.646227e-05
0.9904738 0.9940012 1 1 1 1 1 1 0.007070753 0.002228978 0.0007056034
0.9667128 0.8529168 0.5013717 0.1529521 0.05101222 0.01901426 0.009843952 0.002918484 0.001202515 0.000411146 0.0001169610
0.9883605 0.9955435 0.9998889 1 1 1 1 0.8865231 0.00617019 0.001976324 0.0006280757
0.9904738 0.9940012 1 1 1 1 1 1 0.007070753 0.002228978 0.0007056034
0.9906602 0.996688 1 1 1 1 1 1 0.006464906 0.002060094 0.0006522602
0.70011 0.4165283 0.1904035 0.07310613 0.02817354 0.008024932 0.002964895 0.0009329409 0.0002782364 8.99454e-05 2.898878e-05
0.9855835 0.96824 0.854293 0.3823275 0.1221790 0.05262385 0.427478 0.02070185 0.006926792 0.002170243 0.0006965363
0.962675 0.9621054 0.9708599 0.9509793 0.8811249 0.6279536 0.07689686 0.01651876 0.004810899 0.001604883 0.0005196957
0.8969331 0.6685623 0.3561121 0.1401044 0.05176715 0.01704779 0.005383868 0.001594276 0.0005427306 0.0001684451 5.186764e-05
0.9866678 0.98612 0.8810867 0.3598006 0.1070873 0.05688583 0.2396920 0.1244849 0.006218077 0.001979888 0.0006284733
0.938746 0.8279417 0.4702969 0.2414671 0.07199158 0.02577739 0.00826285 0.001928599 0.0007203107 0.0002053357 6.546166e-05
0.8502893 0.4671069 0.2103452 0.08035004 0.02881465 0.008916504 0.003051339 0.001001969 0.0003038008 9.200362e-05 2.978049e-05
0.962675 0.9621054 0.9708599 0.9509793 0.8811249 0.6279536 0.07689686 0.01651876 0.004810899 0.001604883 0.0005196957
0.9890413 0.9866487 0.9943799 1 0.9926552 0.862024 0.962396 0.5669376 0.006209629 0.001969764 0.0006227045
0.6633998 0.3445179 0.1633481 0.05560789 0.02051120 0.006085368 0.001718206 0.00060223 0.0001786028 5.88363e-05 1.887128e-05
0.9216685 0.7391002 0.4811686 0.2005983 0.07309243 0.02474403 0.009165832 0.002629798 0.0009019728 0.0002593924 8.88859e-05
0.755505 0.4487193 0.2092192 0.07708612 0.02895173 0.008934313 0.002734313 0.0008372943 0.0002837227 8.637696e-05 2.784634e-05
0.9820331 0.984697 0.997977 1 1 1 1 0.7920863 0.005839869 0.001879543 0.0005914949
0.8739047 0.4782571 0.1832644 0.06947416 0.02476972 0.008047854 0.002824814 0.001137583 0.0007436455 0.0002532247 7.799785e-05
0.9603338 0.8692663 0.6518423 0.5632335 0.457402 0.2529888 0.0870153 0.02021560 0.006720063 0.002139714 0.0006705706
0.9420762 0.8355686 0.4759779 0.2452305 0.07432034 0.02712688 0.009894735 0.002148881 0.000802198 0.0002310268 7.33378e-05
0.9904738 0.9940012 1 1 1 1 1 1 0.007070753 0.002228978 0.0007056034
0.9674812 0.930736 0.8471441 0.8928583 0.8302993 0.542923 0.1036512 0.01566452 0.006018638 0.001923397 0.0006055716
0.6269644 0.3283553 0.1576232 0.05223516 0.01977851 0.005855078 0.00166834 0.0005906172 0.0001776932 5.811357e-05 1.857971e-05
0.7752626 0.440027 0.1993011 0.07152123 0.02487382 0.007376045 0.002329228 0.0007649803 0.0002247646 7.085751e-05 2.223673e-05
0.9906602 0.996688 1 1 1 1 1 1 0.006464906 0.002060094 0.0006522602
0.7012828 0.4158009 0.1907484 0.07665472 0.02567110 0.007999256 0.002531775 0.0008069077 0.0002641279 8.28699e-05 2.547588e-05
0.9884914 0.9891497 0.9995218 1 1 1 1 1 0.006234974 0.001999016 0.0006313636
0.9215625 0.6760095 0.3801338 0.1423690 0.04713609 0.01573124 0.004589867 0.001480611 0.000493437 0.0001613748 5.062415e-05
0.9889558 0.9866487 0.9943799 1 0.9926552 1 0.962396 0.6642457 0.006209629 0.001969764 0.0006227045
0.9358479 0.779058 0.4995784 0.2248795 0.07275169 0.02523643 0.008270483 0.002539474 0.0007727398 0.0002507722 8.113708e-05
0.9882093 0.9932905 1 1 1 1 1 1 0.006254481 0.002004042 0.0006345236
0.7568584 0.4264706 0.1933901 0.07374022 0.02787154 0.008048727 0.002881424 0.0009194575 0.0002723099 8.842216e-05 2.889105e-05
0.9906602 0.996688 1 1 1 1 1 1 0.006464906 0.002060094 0.0006522602
0.9747178 0.8949441 0.7466423 0.8188932 0.5292588 0.2271468 0.1166633 0.04385286 0.006464906 0.002060094 0.0006522602
0.9393694 0.7775285 0.4831727 0.2199643 0.07225728 0.02478494 0.008107108 0.00252579 0.0007813347 0.0002510496 8.165014e-05
0.8820433 0.6561973 0.3537187 0.1392582 0.05143057 0.01701343 0.005339158 0.001604586 0.000552499 0.0001677855 5.195072e-05
0.9240347 0.6715663 0.2883432 0.1142369 0.03865670 0.01338467 0.004266825 0.001372298 0.0004934743 0.0001478714 4.637447e-05
0.914876 0.6733894 0.5060605 0.4078135 0.3050111 0.1458390 0.03092114 0.008872586 0.005691559 0.001761039 0.0005644546
0.9348772 0.6897246 0.3020417 0.1160441 0.04077397 0.01408656 0.004553782 0.001418606 0.0006679283 0.0001812153 5.778609e-05
0.9784765 0.9823799 0.9684091 0.9656497 0.9919394 0.9001596 0.1529519 0.01763914 0.005906112 0.001850938 0.0006054625
0.9674397 0.9824913 0.9881385 0.9954423 0.9644836 0.8453941 0.1973535 0.02238511 0.006319652 0.002020113 0.0006396356
0.9906602 0.996688 1 1 1 1 1 1 0.006464906 0.002060094 0.0006522602
0.8897626 0.6680972 0.3793973 0.1767473 0.0601299 0.01908365 0.005964625 0.001963383 0.000664023 0.0002154416 6.799846e-05
0.9883605 0.9955435 0.9998889 1 1 1 1 0.8865231 0.00617019 0.001976324 0.0006280757
0.9890413 0.9866487 0.9943799 1 1 1 1 0.6642457 0.006209629 0.001969764 0.0006227045
0.9884914 0.9891497 0.9995218 1 1 1 1 1 0.006234974 0.001999016 0.0006313636
0.6564509 0.3866908 0.1719903 0.06688526 0.02287429 0.006823738 0.002157821 0.000724763 0.0002234532 7.172127e-05 2.144207e-05
0.9568852 0.7970927 0.4923411 0.2281787 0.08202639 0.02892806 0.01027869 0.003125651 0.001287331 0.0003561217 0.0001193578
0.9080082 0.7128773 0.461675 0.1934348 0.06758828 0.02225545 0.008317407 0.002510718 0.000858338 0.0002550835 8.56055e-05
0.7188934 0.4565962 0.2093248 0.08338497 0.03052752 0.009323563 0.002969713 0.0009519562 0.0003009494 0.0001000468 2.869507e-05
0.9869413 0.9933443 1 1 1 1 0.9244828 1 0.006323439 0.001999282 0.0006360196
0.9869413 0.993521 1 1 1 1 1 1 0.006323439 0.001999282 0.0006360196
0.8835749 0.6633795 0.3880746 0.1759972 0.06048075 0.01867744 0.006011882 0.002024651 0.0006752196 0.0002201308 6.522853e-05
0.9675735 0.8372475 0.496204 0.2602307 0.1372154 0.05949121 0.07750064 0.02348642 0.00617019 0.001976324 0.0006280757
0.7128444 0.4182038 0.1917211 0.07727104 0.02575157 0.008079965 0.002537192 0.0008171577 0.0002692659 8.388654e-05 2.60922e-05
0.9665556 0.9340204 0.9106909 0.8793623 0.980917 0.9333003 0.1231712 0.02115235 0.006720063 0.002139714 0.0006705706
0.8723977 0.6566472 0.3850571 0.1767751 0.06031562 0.01857575 0.005974984 0.002007595 0.0006680335 0.0002187457 6.484512e-05
0.8804158 0.6502027 0.3524039 0.1374366 0.0516258 0.01696283 0.005351682 0.001609045 0.0005503779 0.0001679089 5.206787e-05
0.9720201 0.8861029 0.550247 0.1739782 0.05818409 0.02144699 0.01105383 0.003712369 0.001256056 0.00040192 0.0001321683
0.6852986 0.3925674 0.1821105 0.06611464 0.02095501 0.006741328 0.002243979 0.0007183322 0.0002166115 7.047822e-05 2.258588e-05
0.8694973 0.5199844 0.2236802 0.08312709 0.0329217 0.009677848 0.002997763 0.0009650227 0.0002862749 9.402872e-05 3.058263e-05
0.9211621 0.7103754 0.3884449 0.1554022 0.05363183 0.01852905 0.005628354 0.001759975 0.0005868945 0.0001871319 5.937289e-05
0.9040006 0.636498 0.3733431 0.1560194 0.05138582 0.01553595 0.004769829 0.001543933 0.0005133731 0.0001550962 5.140927e-05
0.9204205 0.7063846 0.4325174 0.1706398 0.06077221 0.01995144 0.006326258 0.001934488 0.0006067667 0.0001877754 6.181512e-05
0.9896316 0.9844402 0.9720473 0.9791638 0.8751562 0.7903599 0.6810999 0.3384465 0.006431723 0.002043699 0.0006488747
0.7060634 0.40009 0.1671739 0.06533152 0.02221667 0.007186714 0.002118372 0.0006996816 0.0002020497 6.833815e-05 2.006537e-05
0.8985217 0.6708932 0.3569467 0.1401044 0.05195559 0.01711606 0.005410043 0.001607566 0.0005431546 0.0001692420 5.199505e-05
0.9728135 0.9796666 0.997418 0.9954772 1 0.9170743 0.1576439 0.01860459 0.005999864 0.001905489 0.0006049587
0.7536206 0.4666267 0.2196607 0.08002892 0.02995341 0.009229806 0.002884440 0.0009184204 0.0003153862 9.628192e-05 3.060551e-05
0.9820331 0.984697 0.997977 1 1 1 1 0.7920863 0.005839869 0.001879543 0.0005914949
0.9726548 0.8895425 0.5983882 0.282685 0.09081302 0.03327906 0.01830039 0.005723614 0.00261941 0.0008884024 0.0002867448
0.922896 0.6817318 0.3582885 0.1439516 0.04874832 0.01597489 0.004723734 0.001549011 0.0005216119 0.0001634263 4.97266e-05
0.9896107 0.996079 1 1 1 1 1 0.890466 0.006218077 0.001979888 0.0006284733
0.9883605 0.9955435 0.9998889 1 1 1 1 0.8865231 0.00617019 0.001976324 0.0006280757
0.9890413 0.9866487 0.9943799 1 0.9926552 1 1 0.6642457 0.006209629 0.001969764 0.0006227045
