0 0.002
0.248 0.238
0.004 0.008
0.01 0.014
0.182 0.132
0.004 0
0.104 0.07
0.23 0.258
0.03 0.016
0.02 0.018
0.16 0.156
0.116 0.102
0.03 0.036
0.066 0.034
0.198 0.212
0.368 0.332
0.06 0.064
0.01 0.008
0.06 0.06
0.024 0.024
0.066 0.058
0.23 0.218
0.014 0.014
0.41 0.374
0.142 0.128
0.018 0.014
0.116 0.158
0.034 0.03
0.502 0.54
0.168 0.19
0.358 0.344
0.106 0.052
0.148 0.164
0.052 0.044
0.05 0.058
0.02 0.042
0.564 0.596
0.094 0.048
0.128 0.102
0.02 0.014
0 0
0.2 0.21
0.316 0.426
0.008 0.018
0.17 0.184
0.094 0.086
0.012 0.01
0.404 0.402
0.002 0
0.002 0
0.09 0.092
0.032 0.036
0.026 0.024
0.616 0.6
0.206 0.224
0.21 0.26
0.126 0.13
0.266 0.242
0.524 0.578
0.01 0.008
0.016 0.024
0.12 0.12
0.002 0.002
0.112 0.066
0.002 0.002
0.078 0.074
0.096 0.094
0.044 0.068
0.006 0.002
0.076 0.07
0.05 0.04
0 0.002
0.082 0.152
0.006 0.002
0.022 0.01
0.006 0.008
0.064 0.064
0.026 0.018
0.016 0.008
0.142 0.126
0 0.004
0.022 0.018
0.17 0.114
0.062 0.04
0.148 0.122
0.25 0.238
0.012 0.006
0.06 0.05
0.084 0.088
0.232 0.166
0 0.002
0.098 0.066
0.026 0.02
0.16 0.204
0.172 0.072
0.004 0.004
0.43 0.434
0.2 0.178
0.05 0.024
0.036 0.046
0.132 0.084
0.05 0.032
0.026 0.014
0.026 0.008
0.098 0.112
0 0
0 0
0.002 0
0.13 0.116
0.61 0.66
0.404 0.418
0.002 0
0.358 0.432
0.046 0.034
0.416 0.322
0.058 0.054
0.144 0.092
0.244 0.264
0.032 0.028
0.272 0.272
0.024 0.022
0.156 0.17
0.174 0.242
0.106 0.102
0.03 0.02
0.188 0.146
0.008 0
0.002 0
0.026 0.032
0.148 0.17
0.002 0
0.338 0.37
0.016 0.012
0.016 0.018
0.024 0.036
