0.006 0.02
0.036 0.02
0.01 0.01
0.026 0.036
0.136 0.104
0.01 0.016
0.138 0.104
0.298 0.338
0.104 0.074
0.01 0.006
0.112 0.102
0.184 0.19
0.018 0.028
0.052 0.034
0.272 0.252
0.302 0.264
0.178 0.154
0.004 0.006
0.024 0.038
0.016 0.022
0.064 0.062
0.034 0.022
0.002 0
0.298 0.28
0.104 0.096
0.176 0.108
0.068 0.1
0.046 0.042
0.634 0.69
0.078 0.072
0.232 0.224
0.032 0.022
0.414 0.476
0.026 0.026
0.1 0.098
0.046 0.036
0.604 0.624
0.356 0.322
0.476 0.538
0.036 0.01
0.01 0.01
0.354 0.378
0.21 0.216
0.012 0.006
0.266 0.328
0.08 0.14
0.004 0.004
0.108 0.14
0.002 0
0.022 0.014
0.026 0.036
0.07 0.046
0.086 0.076
0.408 0.424
0.362 0.45
0.17 0.23
0.04 0.04
0.066 0.062
0.266 0.246
0.01 0.006
0.02 0.02
0.028 0.022
0.004 0.006
0.13 0.108
0.01 0
0.232 0.268
0.072 0.07
0.252 0.206
0.028 0.02
0.16 0.15
0.084 0.094
0.004 0.004
0.022 0.022
0.01 0.006
0.03 0.012
0.004 0
0.012 0.01
0.028 0.024
0.006 0.004
0.076 0.07
0.018 0.008
0.018 0.018
0.114 0.124
0.482 0.472
0.176 0.154
0.242 0.306
0.01 0.002
0.048 0.028
0.026 0.028
0.122 0.106
0.006 0.002
0.052 0.02
0.048 0.052
0.112 0.126
0.08 0.048
0.006 0.002
0.226 0.234
0.11 0.074
0.02 0.02
0.056 0.044
0.15 0.144
0.066 0.06
0.068 0.064
0.036 0.024
0.078 0.066
0.002 0
0 0.002
0 0.002
0.218 0.192
0.332 0.358
0.436 0.424
0 0
0.158 0.168
0.112 0.128
0.314 0.274
0.032 0.036
0.112 0.1
0.066 0.052
0.028 0.018
0.418 0.412
0 0.008
0.324 0.334
0.014 0.008
0.036 0.04
0.092 0.114
0.29 0.29
0.01 0.008
0.008 0.004
0.036 0.044
0.304 0.334
0.008 0.002
0.398 0.422
0.002 0.002
0.024 0.024
0.002 0.004
