0.018 0.008
0.206 0.186
0.008 0.004
0.006 0.008
0.292 0.318
0.006 0.004
0.07 0.058
0.326 0.364
0.03 0.022
0.014 0.014
0.106 0.07
0.032 0.054
0 0.006
0.038 0.012
0.138 0.122
0.25 0.196
0.05 0.05
0.014 0.01
0.042 0.052
0.188 0.188
0.112 0.094
0.218 0.184
0.008 0.002
0.254 0.226
0.222 0.146
0.17 0.112
0.108 0.148
0.062 0.054
0.754 0.764
0.09 0.078
0.402 0.426
0.086 0.068
0.144 0.17
0.014 0.012
0.006 0.006
0.03 0.016
0.374 0.448
0.19 0.214
0.356 0.392
0.026 0.014
0.02 0.02
0.096 0.108
0.272 0.302
0.036 0.026
0.366 0.448
0.03 0.032
0.004 0.006
0.35 0.358
0.002 0.002
0.002 0
0.012 0.016
0.044 0.028
0.052 0.066
0.288 0.304
0.198 0.22
0.22 0.198
0.068 0.09
0.06 0.068
0.268 0.322
0.016 0.008
0.028 0.02
0.036 0.046
0.006 0.002
0.096 0.082
0 0
0.092 0.098
0.308 0.294
0.13 0.12
0.006 0.008
0.22 0.184
0.108 0.09
0.01 0.004
0.148 0.138
0.012 0.006
0.004 0.01
0.004 0.014
0.066 0.05
0.036 0.032
0.008 0.006
0.126 0.18
0.026 0.016
0.048 0.038
0.384 0.372
0.362 0.322
0.068 0.05
0.038 0.038
0.008 0.008
0.066 0.042
0.04 0.036
0.108 0.094
0.004 0.002
0.038 0.038
0.034 0.022
0.098 0.102
0.164 0.13
0.006 0.002
0.264 0.278
0.206 0.136
0.042 0.03
0.164 0.212
0.15 0.174
0.198 0.17
0.068 0.052
0.02 0.016
0.062 0.042
0.012 0.006
0 0
0 0
0.156 0.184
0.342 0.33
0.25 0.256
0.002 0
0.166 0.14
0.042 0.026
0.204 0.206
0.058 0.044
0.06 0.062
0.096 0.086
0.056 0.054
0.35 0.316
0.038 0.038
0.112 0.114
0.162 0.136
0.028 0.018
0.004 0.01
0.252 0.222
0.002 0
0.006 0.002
0 0.002
0.384 0.372
0.002 0
0.158 0.112
0.016 0.006
0.012 0.006
0.036 0.042
