0.006 0.006
0.308 0.28
0.006 0
0.002 0.002
0.53 0.498
0.002 0
0.08 0.08
0.024 0.012
0.032 0.016
0.024 0.02
0.15 0.122
0.05 0.044
0.016 0.012
0.092 0.056
0.05 0.036
0.398 0.39
0.146 0.164
0.016 0.008
0.006 0.008
0.216 0.25
0.042 0.036
0.124 0.108
0.008 0.006
0.244 0.244
0.042 0.046
0.262 0.222
0.284 0.324
0.096 0.116
0.194 0.176
0.054 0.036
0.438 0.47
0.032 0.016
0.426 0.492
0.014 0.008
0.004 0.008
0.05 0.036
0.254 0.254
0.132 0.108
0.068 0.038
0.034 0.04
0.012 0.006
0.026 0.034
0.396 0.444
0.046 0.032
0.084 0.072
0.11 0.1
0.014 0.022
0.418 0.404
0.004 0.002
0.004 0.002
0.104 0.13
0.082 0.074
0.008 0.008
0.494 0.562
0.254 0.284
0.176 0.158
0.098 0.094
0.064 0.064
0.038 0.056
0.014 0.008
0.082 0.066
0.01 0.002
0.006 0
0.058 0.05
0 0
0.11 0.11
0.312 0.34
0.074 0.068
0.038 0.026
0.156 0.132
0.08 0.064
0.006 0
0.132 0.128
0.006 0.002
0.022 0.028
0.008 0.016
0.094 0.114
0.006 0.002
0 0
0.18 0.196
0.006 0.002
0.018 0.004
0.514 0.454
0.108 0.072
0.04 0.026
0.254 0.264
0.004 0.006
0.108 0.076
0.012 0.02
0.166 0.182
0.016 0.012
0.054 0.046
0.052 0.034
0.326 0.342
0.184 0.116
0.004 0.002
0.058 0.084
0.17 0.152
0.046 0.022
0.21 0.212
0.294 0.27
0.208 0.202
0.034 0.072
0.01 0.008
0.054 0.032
0 0
0.004 0.004
0.002 0
0.122 0.122
0.592 0.64
0.32 0.292
0 0
0.162 0.148
0.094 0.108
0.116 0.1
0.06 0.062
0.158 0.196
0.076 0.086
0.06 0.058
0.072 0.06
0.068 0.066
0.174 0.17
0.006 0.008
0.022 0.012
0.006 0
0.126 0.126
0.016 0.01
0.004 0.002
0.118 0.128
0.242 0.22
0.004 0
0.36 0.386
0.008 0.002
0.022 0.018
0.038 0.026
