0.8706897 0.8362069
0.3464567 0.4251969
0.675 0.675
0.9105691 0.8780488
0.04032258 0.05645161
0.925 0.8916667
0.3675214 0.3846154
0.1209677 0.0967742
0.5689655 0.5862069
0.7317073 0.804878
0.0967742 0.1774194
0.2857143 0.2857143
0.9105691 0.8780488
0.362069 0.387931
0.2820513 0.2393162
0.1260504 0.1260504
0.6666667 0.65
0.725 0.8333333
0.6153846 0.6666667
0.5166667 0.4916667
0.5984252 0.6220472
0.4958678 0.5619835
0.8706897 0.7931034
0.1025641 0.1282051
0.1735537 0.1818182
0.3471074 0.4049587
0.2314050 0.1735537
0.3984375 0.4765625
0 0.008403361
0.3109244 0.2941176
0.075 0.05833333
0.5630252 0.5210084
0.1709402 0.1623932
0.5806452 0.7741935
0.7731092 0.7983193
0.3471074 0.3223140
0.01574803 0.01574803
0.3739837 0.398374
0.09482759 0.1206897
0.7317073 0.7235772
0.7058824 0.7310924
0.1666667 0.125
0.1209677 0.1129032
0.55 0.5416667
0.0909091 0.07438017
0.525 0.5583333
0.9396552 0.8362069
0.2113821 0.3414634
0.8974359 0.8974359
0.90625 0.9140625
0.8706897 0.6465517
0.6129032 0.5645161
0.4333333 0.3666667
0.1463415 0.1544715
0.1034483 0.06034483
0.1551724 0.1810345
0.75 0.7734375
0.2833333 0.275
0.1570248 0.0909091
0.7317073 0.7398374
0.6953125 0.6171875
0.375 0.3416667
0.9105691 0.8780488
0.4529915 0.5213675
0.907563 0.882353
0.6293103 0.4396552
0.3247863 0.2564103
0.6422764 0.5853659
0.7777778 0.7435897
0.1900826 0.2148760
0.4833333 0.5166667
0.8706897 0.8965517
0.7731092 0.7983193
0.8403361 0.7983193
0.6293103 0.7586207
0.8974359 0.8974359
0.6666667 0.6916667
0.4958678 0.5785124
0.5042017 0.5042017
0.7416667 0.6666667
0.55 0.45
0.5833333 0.5416667
0.05172414 0.03448276
0.1008403 0.09243697
0.2333333 0.25
0.4545455 0.5123967
0.9 0.825
0.2586207 0.3448276
0.4333333 0.4083333
0.4621849 0.3697479
0.675 0.675
0.6416667 0.5166667
0.7322835 0.7007874
0.01612903 0.008064516
0.4297521 0.4132231
0.8403361 0.7983193
0.3083333 0.325
0.3162393 0.3504274
0.8403361 0.7983193
0.3583333 0.275
0.3846154 0.3675214
0.5128205 0.5128205
0.2991453 0.2649573
0.7350427 0.7777778
0.4833333 0.4666667
0.9504132 0.8016529
0.9448819 0.9212598
0.8706897 0.8965517
0.2672414 0.3362069
0.140625 0.109375
0 0
0.9448819 0.9212598
0.2352941 0.2352941
0.6260163 0.5772358
0.06504065 0.0894309
0.4596774 0.4677419
0.5166667 0.5666667
0.3076923 0.2735043
0.4666667 0.4583333
0.3083333 0.3083333
0.7155172 0.8362069
0.3189655 0.3017241
0.6299213 0.6220472
0.4827586 0.4655172
0.8951613 0.8870968
0.125 0.140625
0.8264463 0.9090909
0.9504132 0.8016529
0.6752137 0.5641026
0.05645161 0.0483871
0.8359375 0.9140625
0.02362205 0.04724409
0.8083333 0.7083333
0.8974359 0.7435897
0.9 0.825
