0.631579 0.6491228
0.2017544 0.1754386
0.8174603 0.8730159
0.8421053 0.8245614
0.1129032 0.1209677
0.852459 0.8442623
0.2478632 0.3247863
0.2786885 0.2459016
0.5645161 0.717742
0.7063492 0.8730159
0.1869919 0.1788618
0.6495726 0.6495726
0.8916667 0.8666667
0.675 0.6833333
0.1709402 0.1794872
0.02631579 0.04385965
0.5555556 0.6324786
0.8421053 0.8245614
0.4700855 0.4957265
0.4016393 0.4016393
0.4354839 0.5403226
0.6612903 0.7419355
0.852459 0.8442623
0.1788618 0.2276423
0.1833333 0.1583333
0.3306452 0.2822581
0.1048387 0.08064516
0.6557377 0.5901639
0 0
0.5877193 0.5438596
0.1754386 0.1315789
0.4508197 0.4754098
0.4596774 0.5564516
0.7868852 0.8442623
0.5645161 0.5403226
0.5333333 0.5416667
0 0
0.4715447 0.3821138
0.3770492 0.3360656
0.7235772 0.6666667
0.6829268 0.6910569
0.3333333 0.3245614
0.5877193 0.6052632
0.6129032 0.5483871
0.1382114 0.1219512
0.515873 0.547619
0.7540984 0.7377049
0.1315789 0.1754386
0.9105691 0.8780488
0.8421053 0.8245614
0.8360656 0.795082
0.557377 0.5491803
0.3170732 0.2276423
0.3064516 0.3709677
0.1491228 0.1228070
0.2719298 0.2894737
0.3064516 0.2580645
0.2195122 0.2601626
0.3252033 0.3333333
0.7317073 0.7073171
0.6495726 0.7521368
0.6583333 0.5416667
0.7719298 0.8245614
0.4836066 0.6065574
0.8421053 0.8245614
0.2258065 0.1290323
0.5447154 0.4308943
0.4365079 0.3809524
0.8916667 0.8333333
0.2631579 0.3508772
0.3196721 0.3442623
0.6929825 0.8245614
0.5128205 0.4957265
0.8306452 0.8629032
0.675 0.75
0.8934426 0.8606557
0.4912281 0.3859649
0.5901639 0.6639344
0.8387097 0.6854839
0.1290323 0.1451613
0.7583333 0.6583333
0.7540984 0.795082
0.02459016 0.04098361
0.5121951 0.4227642
0.08064516 0.1129032
0.1965812 0.1623932
0.8888889 0.8632479
0.4065041 0.3577236
0.3809524 0.3253968
0.4615385 0.5641026
0.7398374 0.8780488
0.6311475 0.557377
0.625 0.6333333
0.3076923 0.2735043
0.3833333 0.475
0.9105691 0.8780488
0.125 0.08333333
0.3170732 0.3495935
0.4210526 0.4912281
0.1885246 0.1803279
0.3089431 0.2276423
0.3306452 0.3467742
0.601626 0.5853659
0.6666667 0.7521368
0.3852459 0.3278689
0.9047619 0.8730159
0.7868852 0.8442623
0.8360656 0.8606557
0.3174603 0.2619048
0.3606557 0.4016393
0 0
0.8421053 0.8245614
0.07258065 0.07258065
0.3666667 0.3083333
0.2439024 0.3333333
0.699187 0.6666667
0.1885246 0.1639344
0.3870968 0.2661290
0.4552846 0.3495935
0.1885246 0.1885246
0.5641026 0.6495726
0.3739837 0.2276423
0.4736842 0.4736842
0.7222222 0.6984127
0.8387097 0.6532258
0.2478632 0.3247863
0.9047619 0.8015873
0.8916667 0.8666667
0.6166667 0.5666667
0.1774194 0.1290323
0.894309 0.8861789
0.04166667 0.03333333
0.852459 0.8442623
0.8387097 0.8709677
0.6153846 0.7008547
