0.1942446 0.4892086 0.6690647 0.6978417 0.6834532 0.5611511 0.5107914 0.294964 0.7410072 0.6618705 0.6546763
0.1007752 0.1007752 0.1317829 0.1550388 0.1162791 0.1007752 0.1007752 0.1782946 0.2790698 0.2713178 0.248062
0.3669065 0.4748201 0.6258993 0.733813 0.647482 0.5827338 0.4388489 0.2733813 0.5107914 0.5827338 0.5179856
0.4275362 0.2753623 0.5434783 0.6594203 0.6304348 0.7536232 0.5652174 0.2608696 0.8333333 0.6376812 0.615942
0.1151079 0.1151079 0.1151079 0.1151079 0.1151079 0.1151079 0.1151079 0.1151079 0.1151079 0.1438849 0.1223022
0.442029 0.2898551 0.5507246 0.6956522 0.673913 0.8405797 0.5797101 0.2681159 0.8043478 0.6521739 0.5724638
0.1151079 0.3165468 0.5683453 0.6546763 0.647482 0.4244604 0.3597122 0.1654676 0.3453237 0.4748201 0.5251799
0.1287879 0.2121212 0.4469697 0.5075758 0.4318182 0.2348485 0.2954545 0.3863636 0.3636364 0.4924242 0.5378788
0.1287879 0.1515152 0.25 0.3409091 0.2348485 0.1666667 0.1439394 0.3636364 0.3787879 0.3560606 0.4166667
0.1176471 0.1544118 0.5441176 0.632353 0.6764706 0.5220588 0.3088235 0.2132353 0.4338235 0.2647059 0.2794118
0.1386861 0.3576642 0.5547445 0.6350365 0.5693431 0.3941606 0.1678832 0.1532847 0.2773723 0.2408759 0.2189781
0.09701493 0.09701493 0.1119403 0.1119403 0.1194030 0.09701493 0.09701493 0.09701493 0.09701493 0.09701493 0.1343284
0.1666667 0.2878788 0.5454545 0.5833333 0.5757576 0.5 0.3333333 0.4621212 0.3712121 0.3939394 0.4545455
0.2116788 0.5912409 0.5985401 0.6788321 0.5839416 0.5912409 0.3503650 0.2262774 0.7810219 0.7153285 0.6642336
0.1167883 0.1678832 0.2116788 0.1970803 0.1824818 0.1751825 0.1167883 0.1532847 0.2554745 0.2627737 0.270073
0.1111111 0.1111111 0.1111111 0.1111111 0.1111111 0.1111111 0.1111111 0.1111111 0.1925926 0.2074074 0.3407407
0.1176471 0.1176471 0.1544118 0.125 0.1176471 0.1176471 0.1176471 0.125 0.2132353 0.1985294 0.2132353
0.1007752 0.1162791 0.1395349 0.1627907 0.1162791 0.1007752 0.1007752 0.1782946 0.2325581 0.2558140 0.2635659
0.1386861 0.4306569 0.6131387 0.6861314 0.649635 0.5912409 0.2408759 0.2116788 0.649635 0.6715328 0.5985401
0.1666667 0.1086957 0.1884058 0.2028986 0.1159420 0.1086957 0.1086957 0.1086957 0.3913043 0.4057971 0.3623188
0.1176471 0.1176471 0.2647059 0.2941176 0.2867647 0.2205882 0.1176471 0.1985294 0.5147059 0.4632353 0.4044118
0.1212121 0.1212121 0.1666667 0.1590909 0.1287879 0.1212121 0.1212121 0.1515152 0.1363636 0.1212121 0.1590909
0.1007752 0.1007752 0.1085271 0.1317829 0.1007752 0.1007752 0.1007752 0.1782946 0.2325581 0.248062 0.4031008
0.1395349 0.2248062 0.5426357 0.7364341 0.7131783 0.7674419 0.5348837 0.620155 0.7131783 0.6899225 0.5581395
0.1111111 0.1111111 0.1333333 0.1259259 0.1111111 0.1111111 0.1111111 0.1111111 0.1925926 0.2 0.2296296
0.1007752 0.1007752 0.1395349 0.1550388 0.1317829 0.1395349 0.1317829 0.1782946 0.2325581 0.2248062 0.3255814
0.1176471 0.1176471 0.1691176 0.1691176 0.1176471 0.1176471 0.1176471 0.1176471 0.1617647 0.1911765 0.1764706
0.1231884 0.1086957 0.1884058 0.2028986 0.1521739 0.1086957 0.1086957 0.1086957 0.3260870 0.2318841 0.2463768
0.1007752 0.1007752 0.1007752 0.1085271 0.1007752 0.1007752 0.1007752 0.1550388 0.1782946 0.1937984 0.1782946
0.1214286 0.3928571 0.4785714 0.6857143 0.7071429 0.7285714 0.4071429 0.1714286 0.6142857 0.3928571 0.5142857
0.1167883 0.1167883 0.1167883 0.1167883 0.1167883 0.1167883 0.1167883 0.1167883 0.1532847 0.1751825 0.2116788
0.1716418 0.1194030 0.2164179 0.2388060 0.2313433 0.1641791 0.1119403 0.09701493 0.2686567 0.3507463 0.2985075
0.1151079 0.1366906 0.2086331 0.2517986 0.2374101 0.1582734 0.1151079 0.1510791 0.3741007 0.2805755 0.2877698
0.1007752 0.1007752 0.1085271 0.1317829 0.1007752 0.1007752 0.1007752 0.124031 0.124031 0.1162791 0.1395349
0.1151079 0.3021583 0.4820144 0.6258993 0.6115108 0.381295 0.2661871 0.1798561 0.352518 0.2877698 0.294964
0.09701493 0.09701493 0.09701493 0.09701493 0.09701493 0.09701493 0.09701493 0.09701493 0.1492537 0.1716418 0.2238806
0.1086957 0.1086957 0.1086957 0.1086957 0.1086957 0.1086957 0.1086957 0.1086957 0.1086957 0.1521739 0.1884058
0.1212121 0.1212121 0.1212121 0.1212121 0.1212121 0.1212121 0.1212121 0.1212121 0.1212121 0.1212121 0.1212121
0.1386861 0.2554745 0.2846715 0.2627737 0.1897810 0.1824818 0.1167883 0.1532847 0.5182482 0.5839416 0.540146
0.1395349 0.2170543 0.4883721 0.6356589 0.620155 0.6046512 0.3100775 0.4573643 0.5968992 0.6976744 0.5658915
0.1417910 0.09701493 0.1940299 0.2238806 0.2164179 0.1567164 0.1044776 0.09701493 0.2686567 0.3507463 0.2985075
0.1151079 0.2877698 0.5323741 0.6115108 0.5323741 0.2230216 0.3165468 0.1510791 0.4460432 0.5323741 0.5251799
0.1212121 0.1212121 0.2045455 0.2272727 0.1590909 0.1363636 0.1439394 0.3636364 0.4015152 0.3409091 0.4166667
0.1212121 0.1212121 0.1969697 0.2348485 0.2196970 0.1742424 0.1363636 0.2954545 0.2803030 0.2045455 0.3181818
0.1086957 0.1086957 0.1086957 0.1521739 0.1086957 0.1086957 0.1086957 0.1086957 0.2028986 0.1666667 0.1376812
0.1366906 0.2733813 0.3884892 0.4100719 0.3669065 0.1870504 0.2517986 0.2302158 0.4532374 0.5539568 0.6546763
0.1176471 0.2132353 0.5661765 0.617647 0.6397059 0.3382353 0.2132353 0.1691176 0.3676471 0.2941176 0.2720588
0.1942446 0.4964029 0.6402878 0.7194245 0.705036 0.5467626 0.5611511 0.2877698 0.7410072 0.618705 0.6546763
0.1111111 0.2296296 0.2814815 0.2888889 0.3851852 0.2444444 0.2296296 0.1407407 0.5703704 0.5333333 0.5407407
0.1007752 0.1085271 0.1395349 0.1627907 0.1937984 0.1705426 0.1395349 0.1705426 0.1550388 0.1627907 0.1782946
0.1151079 0.1151079 0.1223022 0.1151079 0.1151079 0.1151079 0.1151079 0.1366906 0.1870504 0.1942446 0.1942446
0.1716418 0.1492537 0.2164179 0.2014925 0.1791045 0.1044776 0.09701493 0.09701493 0.2238806 0.2164179 0.2686567
0.2302158 0.4748201 0.6258993 0.733813 0.7266187 0.5683453 0.4388489 0.2374101 0.7266187 0.7553957 0.6834532
0.1214286 0.4928571 0.6214286 0.7357143 0.7071429 0.7928571 0.55 0.1857143 0.75 0.65 0.6785714
0.1313869 0.2335766 0.270073 0.3430657 0.2408759 0.3138686 0.1459854 0.1532847 0.5328467 0.3868613 0.3941606
0.2835821 0.2238806 0.4701493 0.5074627 0.4029851 0.3432836 0.3283582 0.1268657 0.7164179 0.6492537 0.6865672
0.1176471 0.1176471 0.1544118 0.125 0.1176471 0.1176471 0.1176471 0.1176471 0.1911765 0.2279412 0.2132353
0.1111111 0.1111111 0.1481481 0.1629630 0.1407407 0.1111111 0.1185185 0.1111111 0.2518519 0.2888889 0.2444444
0.1214286 0.1357143 0.2214286 0.2785714 0.1642857 0.1571429 0.1214286 0.1357143 0.2142857 0.2857143 0.2785714
0.2753623 0.2246377 0.5289855 0.5289855 0.5217391 0.4782609 0.3043478 0.1739130 0.5 0.5217391 0.5289855
0.1214286 0.1214286 0.1785714 0.1928571 0.1214286 0.1214286 0.1214286 0.1214286 0.2 0.2785714 0.2285714
0.1007752 0.1162791 0.1395349 0.1550388 0.1085271 0.1007752 0.1007752 0.1705426 0.1860465 0.2248062 0.248062
0.1176471 0.2132353 0.5808824 0.617647 0.6102941 0.4044118 0.2352941 0.2426471 0.625 0.6985294 0.6691176
0.3181818 0.4469697 0.5757576 0.6439394 0.6287879 0.5378788 0.3636364 0.4848485 0.5530303 0.5454545 0.5984848
0.1007752 0.1007752 0.1007752 0.1317829 0.1007752 0.1007752 0.1007752 0.1085271 0.1162791 0.1162791 0.1395349
0.3134328 0.2686567 0.5895522 0.6865672 0.7537313 0.7164179 0.5074627 0.1343284 0.6492537 0.6641791 0.738806
0.1111111 0.1333333 0.1851852 0.2296296 0.1629630 0.1185185 0.1185185 0.1111111 0.2814815 0.3185185 0.2888889
0.2116788 0.620438 0.6569343 0.8175182 0.7153285 0.810219 0.459854 0.2481752 0.839416 0.7153285 0.6715328
0.1007752 0.1162791 0.1395349 0.1627907 0.1162791 0.1007752 0.1007752 0.1782946 0.2790698 0.3023256 0.3488372
0.1212121 0.1212121 0.2196970 0.3636364 0.3333333 0.1969697 0.1969697 0.3181818 0.3106061 0.3106061 0.3181818
0.1176471 0.1176471 0.1544118 0.1176471 0.1176471 0.1176471 0.1176471 0.1544118 0.3676471 0.3088235 0.5073529
0.1111111 0.1333333 0.1703704 0.2074074 0.1925926 0.1259259 0.1185185 0.1185185 0.3111111 0.2962963 0.4518519
0.1395349 0.2325581 0.5348837 0.7054264 0.7209302 0.6744186 0.503876 0.4651163 0.6666667 0.6046512 0.5581395
0.1007752 0.1007752 0.1317829 0.1550388 0.1007752 0.1007752 0.1007752 0.1782946 0.1782946 0.1937984 0.2635659
0.1176471 0.1176471 0.1838235 0.1838235 0.1544118 0.1176471 0.1176471 0.1323529 0.2132353 0.3088235 0.2352941
0.1111111 0.5259259 0.6148148 0.7111111 0.8592593 0.9407407 0.8666667 0.1703704 0.762963 0.7407407 0.6814815
0.1654676 0.2589928 0.2877698 0.2733813 0.2877698 0.1798561 0.1151079 0.1942446 0.4460432 0.618705 0.4460432
0.1007752 0.1472868 0.4728682 0.6356589 0.7131783 0.7364341 0.4883721 0.4496124 0.4263566 0.2248062 0.1782946
0.3260870 0.2391304 0.5362319 0.6014493 0.5797101 0.5217391 0.4347826 0.1666667 0.5 0.5217391 0.384058
0.1007752 0.1472868 0.3643411 0.5968992 0.627907 0.6046512 0.2635659 0.2403101 0.1782946 0.1782946 0.1782946
0.1176471 0.1176471 0.1323529 0.1176471 0.1176471 0.1176471 0.1176471 0.1176471 0.1911765 0.1911765 0.2132353
0.2537313 0.1567164 0.2985075 0.3283582 0.2313433 0.1641791 0.1194030 0.09701493 0.4029851 0.3880597 0.4477612
0.1007752 0.1395349 0.2790698 0.6046512 0.620155 0.6356589 0.4883721 0.2790698 0.2868217 0.1937984 0.1860465
0.1212121 0.1212121 0.1818182 0.1969697 0.1287879 0.1212121 0.1212121 0.1666667 0.2954545 0.1590909 0.2272727
0.4130435 0.2753623 0.5362319 0.5797101 0.5797101 0.5217391 0.4637681 0.2101449 0.6376812 0.6956522 0.5362319
0.1167883 0.1386861 0.1678832 0.1678832 0.1605839 0.1386861 0.1167883 0.1386861 0.2043796 0.1970803 0.2262774
0.1212121 0.1212121 0.1363636 0.1212121 0.1212121 0.1212121 0.1212121 0.3181818 0.3939394 0.3712121 0.4242424
0.1417910 0.1567164 0.4701493 0.4402985 0.5671642 0.4104478 0.1716418 0.09701493 0.2089552 0.2164179 0.3432836
0.1214286 0.4 0.5928571 0.6857143 0.6642857 0.6071429 0.2857143 0.1714286 0.5214286 0.5214286 0.5571429
0.1151079 0.1151079 0.1151079 0.1151079 0.1151079 0.1151079 0.1151079 0.1151079 0.1151079 0.1151079 0.1151079
0.1214286 0.1214286 0.1928571 0.2214286 0.1285714 0.1285714 0.1214286 0.1357143 0.2285714 0.2857143 0.2285714
0.09701493 0.09701493 0.09701493 0.09701493 0.09701493 0.09701493 0.09701493 0.09701493 0.1044776 0.1044776 0.1044776
0.1716418 0.1791045 0.5298507 0.5522388 0.6716418 0.4701493 0.2014925 0.09701493 0.3507463 0.3358209 0.3283582
0.1167883 0.1386861 0.1532847 0.1167883 0.1167883 0.1167883 0.1167883 0.1386861 0.2554745 0.3795620 0.5474453
0.1111111 0.2 0.3407407 0.4666667 0.5481481 0.6 0.6814815 0.1333333 0.3333333 0.2740741 0.2814815
0.1151079 0.1151079 0.1294964 0.1366906 0.1223022 0.1151079 0.1151079 0.1151079 0.1151079 0.1294964 0.1223022
0.1111111 0.4592593 0.5925926 0.7111111 0.8222222 0.8962963 0.8592593 0.1555556 0.6888889 0.6666667 0.7333333
0.1214286 0.2357143 0.3071429 0.5785714 0.4642857 0.4928571 0.2857143 0.1714286 0.4785714 0.4214286 0.5928571
0.1212121 0.1212121 0.1212121 0.1212121 0.1212121 0.1212121 0.1212121 0.1212121 0.1212121 0.1212121 0.1212121
0.1111111 0.1111111 0.1111111 0.1111111 0.1111111 0.1111111 0.1111111 0.1111111 0.1555556 0.1703704 0.2148148
0.1214286 0.4857143 0.6214286 0.7357143 0.7071429 0.7642857 0.4142857 0.1785714 0.7 0.65 0.6642857
0.09701493 0.09701493 0.09701493 0.09701493 0.09701493 0.09701493 0.09701493 0.09701493 0.09701493 0.09701493 0.1044776
0.2302158 0.4532374 0.6258993 0.733813 0.705036 0.5611511 0.4820144 0.2230216 0.7122302 0.7841727 0.6690647
0.1111111 0.1333333 0.1703704 0.2148148 0.1259259 0.1111111 0.1111111 0.1111111 0.1555556 0.1703704 0.1777778
0.1716418 0.1865672 0.5298507 0.6044776 0.7164179 0.5447761 0.3208955 0.1194030 0.5522388 0.5373134 0.6492537
0.1417910 0.09701493 0.1791045 0.1865672 0.1865672 0.1194030 0.09701493 0.09701493 0.1343284 0.1194030 0.1044776
0.1214286 0.4 0.6142857 0.7428571 0.7071429 0.6214286 0.4571429 0.1714286 0.4357143 0.3214286 0.3285714
0.09701493 0.09701493 0.09701493 0.09701493 0.09701493 0.09701493 0.09701493 0.09701493 0.09701493 0.09701493 0.09701493
0.3333333 0.4242424 0.5757576 0.719697 0.6590909 0.6212121 0.5 0.6136364 0.6742424 0.689394 0.7348485
0.1176471 0.1176471 0.2279412 0.2058824 0.1764706 0.1617647 0.1176471 0.1838235 0.375 0.4264706 0.5073529
0.1111111 0.1111111 0.1481481 0.1925926 0.1407407 0.1185185 0.1185185 0.1111111 0.2518519 0.2740741 0.2740741
0.1007752 0.1007752 0.124031 0.1317829 0.1007752 0.1007752 0.1007752 0.1085271 0.124031 0.1007752 0.124031
0.1151079 0.2014388 0.2158273 0.2086331 0.1654676 0.1151079 0.1366906 0.1942446 0.3669065 0.5323741 0.2446043
0.1151079 0.1870504 0.2446043 0.2589928 0.2517986 0.1510791 0.1870504 0.1798561 0.2805755 0.2877698 0.3884892
0.1176471 0.1176471 0.1838235 0.2058824 0.1323529 0.1176471 0.1176471 0.1470588 0.2132353 0.2720588 0.2941176
0.2608696 0.2101449 0.5289855 0.5507246 0.5217391 0.5217391 0.4637681 0.1666667 0.4782609 0.4855072 0.4492754
0.1167883 0.2627737 0.3868613 0.5547445 0.2992701 0.2627737 0.1605839 0.1532847 0.4525547 0.5839416 0.6058394
0.1870504 0.4820144 0.6330935 0.7482014 0.7266187 0.6043165 0.5467626 0.294964 0.6402878 0.5611511 0.618705
0.1212121 0.1212121 0.1590909 0.1515152 0.1287879 0.1212121 0.1212121 0.1287879 0.1212121 0.1212121 0.1439394
0.2043796 0.6277372 0.649635 0.8321168 0.7153285 0.8029197 0.459854 0.2481752 0.839416 0.7226277 0.6715328
0.3484848 0.4772727 0.6363636 0.780303 0.6969697 0.689394 0.5757576 0.6666667 0.7575758 0.7424242 0.8181818
0.3333333 0.4772727 0.6515152 0.75 0.7348485 0.689394 0.5757576 0.6666667 0.7727273 0.7045455 0.75
0.1151079 0.1151079 0.1223022 0.1151079 0.1151079 0.1151079 0.1151079 0.1151079 0.1582734 0.1726619 0.1942446
0.1151079 0.1438849 0.1510791 0.1870504 0.1438849 0.1151079 0.1223022 0.1151079 0.1726619 0.1726619 0.1510791
0.1212121 0.1212121 0.1742424 0.1515152 0.1287879 0.1212121 0.1212121 0.1287879 0.1590909 0.1212121 0.1515152
0.1007752 0.1007752 0.124031 0.1472868 0.1007752 0.1007752 0.1007752 0.1705426 0.1705426 0.1782946 0.248062
0.1716418 0.2238806 0.5447761 0.5671642 0.5970149 0.5 0.2462687 0.09701493 0.3955224 0.3880597 0.4179104
0.1176471 0.2132353 0.5882353 0.742647 0.7867647 0.6029412 0.4485294 0.2426471 0.7058824 0.6617647 0.6102941
0.1151079 0.1151079 0.1223022 0.1223022 0.1151079 0.1151079 0.1151079 0.1151079 0.1366906 0.1151079 0.1294964
0.2302158 0.2733813 0.2589928 0.2446043 0.1942446 0.1654676 0.1438849 0.1510791 0.2661871 0.2733813 0.2877698
0.09701493 0.09701493 0.1044776 0.09701493 0.09701493 0.09701493 0.09701493 0.09701493 0.2014925 0.3582090 0.3955224
0.1214286 0.2357143 0.3428571 0.5357143 0.4642857 0.3214286 0.1642857 0.1357143 0.2 0.2642857 0.2071429
0.1086957 0.1086957 0.1086957 0.1376812 0.1086957 0.1086957 0.1086957 0.1086957 0.1521739 0.1159420 0.1086957
0.1111111 0.1111111 0.1111111 0.1111111 0.1185185 0.1111111 0.1111111 0.1111111 0.1925926 0.2222222 0.2148148
0.1294964 0.2517986 0.3381295 0.3453237 0.2517986 0.1582734 0.1654676 0.2014388 0.4964029 0.5035971 0.5611511
0.1007752 0.1007752 0.1007752 0.1007752 0.1007752 0.1007752 0.1007752 0.1007752 0.1007752 0.1007752 0.1007752
0.1151079 0.1151079 0.1151079 0.1151079 0.1151079 0.1151079 0.1151079 0.1151079 0.1151079 0.1798561 0.1223022
0.1111111 0.1703704 0.2296296 0.2592593 0.2518519 0.1555556 0.1629630 0.1407407 0.4444444 0.4 0.4444444
0.1086957 0.1086957 0.1086957 0.1086957 0.1086957 0.1086957 0.1086957 0.1086957 0.1521739 0.2028986 0.2173913
0.1167883 0.1313869 0.1751825 0.1751825 0.1605839 0.1605839 0.1167883 0.1459854 0.2116788 0.2335766 0.2262774
0.1111111 0.4444444 0.4592593 0.5333333 0.5481481 0.5777778 0.4962963 0.1555556 0.5851852 0.7407407 0.7333333
0.1214286 0.1214286 0.1214286 0.1214286 0.1214286 0.1214286 0.1214286 0.1214286 0.1571429 0.1357143 0.1428571
0.1212121 0.1212121 0.1969697 0.1893939 0.1287879 0.1287879 0.1212121 0.2045455 0.2803030 0.2121212 0.3181818
0.1969697 0.3484848 0.5606061 0.6439394 0.6060606 0.6060606 0.5075758 0.5757576 0.6742424 0.6515152 0.719697
0.1007752 0.1007752 0.1007752 0.1317829 0.1007752 0.1007752 0.1007752 0.1627907 0.1472868 0.1782946 0.1937984
0.1111111 0.4962963 0.6074074 0.7111111 0.8666667 0.9407407 0.8962963 0.1703704 0.7555556 0.7185185 0.6666667
0.1162791 0.1472868 0.2093023 0.3410853 0.2248062 0.1860465 0.1395349 0.4806202 0.503876 0.496124 0.5581395
0.1176471 0.1176471 0.2279412 0.1911765 0.1544118 0.1176471 0.1176471 0.1838235 0.3088235 0.375 0.2941176
0.4347826 0.2753623 0.5507246 0.6956522 0.673913 0.8405797 0.5869565 0.2608696 0.8188406 0.6376812 0.5724638
0.1176471 0.2205882 0.6617647 0.757353 0.8382353 0.6102941 0.4705882 0.2867647 0.8014706 0.742647 0.632353
0.1532847 0.5109489 0.5912409 0.649635 0.5839416 0.3941606 0.2408759 0.2189781 0.7226277 0.7153285 0.649635
