0.1338028 0.4014085 0.5915493 0.6338028 0.6619718 0.5211268 0.5492958
0.09848485 0.09848485 0.09848485 0.1060606 0.09848485 0.09848485 0.09848485
0.4552239 0.5223881 0.6268657 0.6940299 0.6940299 0.6268657 0.3582090
0.2686567 0.2537313 0.6044776 0.7164179 0.738806 0.7164179 0.4477612
0.1127820 0.1127820 0.1127820 0.1127820 0.1127820 0.1127820 0.1127820
0.1102941 0.4191176 0.5367647 0.6470588 0.625 0.5588235 0.8308824
0.1153846 0.3923077 0.6230769 0.6923077 0.6230769 0.6923077 0.5692308
0.1127820 0.2180451 0.3984962 0.406015 0.3909774 0.4736842 0.2180451
0.1102941 0.1176471 0.1691176 0.2132353 0.1691176 0.1470588 0.1544118
0.1153846 0.3923077 0.6230769 0.6538462 0.7076923 0.7307692 0.8
0.1127820 0.3082707 0.4661654 0.6541353 0.5789474 0.6015038 0.3458647
0.1127820 0.1127820 0.1203008 0.1654135 0.1503759 0.1654135 0.1203008
0.1142857 0.1714286 0.5 0.5285714 0.5714286 0.4571429 0.3071429
0.1102941 0.375 0.5367647 0.632353 0.5955882 0.5220588 0.5955882
0.1153846 0.1615385 0.2230769 0.2461538 0.1692308 0.1461538 0.1230769
0.1102941 0.1102941 0.1470588 0.1470588 0.1102941 0.1176471 0.1102941
0.1127820 0.1127820 0.1203008 0.1203008 0.1127820 0.1203008 0.1127820
0.1153846 0.1461538 0.2076923 0.1923077 0.1384615 0.1461538 0.1153846
0.1363636 0.09848485 0.3333333 0.6439394 0.6060606 0.5833333 0.6363636
0.09848485 0.09848485 0.1363636 0.2272727 0.1515152 0.1060606 0.09848485
0.1197183 0.1549296 0.2183099 0.2957746 0.2394366 0.1267606 0.1338028
0.1102941 0.1102941 0.1397059 0.1691176 0.1397059 0.1102941 0.1102941
0.1102941 0.1102941 0.1397059 0.1102941 0.1102941 0.1102941 0.1102941
0.1615385 0.6230769 0.6923077 0.7461538 0.7461538 0.7846154 0.8461538
0.09848485 0.09848485 0.09848485 0.1136364 0.09848485 0.09848485 0.09848485
0.1102941 0.1102941 0.1397059 0.1544118 0.1323529 0.1102941 0.1617647
0.09848485 0.09848485 0.1060606 0.1666667 0.09848485 0.09848485 0.09848485
0.1126761 0.1338028 0.1901408 0.2253521 0.2323944 0.1478873 0.1338028
0.1102941 0.1102941 0.1102941 0.1102941 0.1102941 0.1102941 0.1102941
0.1142857 0.2071429 0.5928571 0.7071429 0.8 0.6785714 0.5357143
0.1119403 0.1119403 0.1119403 0.1119403 0.1119403 0.1119403 0.1119403
0.1126761 0.1408451 0.1830986 0.2042254 0.2112676 0.1478873 0.1267606
0.1417910 0.1194030 0.1865672 0.2238806 0.2014925 0.1791045 0.1567164
0.1102941 0.1102941 0.1102941 0.1470588 0.1102941 0.1102941 0.1102941
0.1127820 0.2406015 0.4210526 0.631579 0.5413534 0.5864662 0.2781955
0.1119403 0.1119403 0.1119403 0.1119403 0.1119403 0.1119403 0.1119403
0.1194030 0.1194030 0.1194030 0.1194030 0.1194030 0.1194030 0.1194030
0.09558824 0.1102941 0.1102941 0.1102941 0.1102941 0.1102941 0.1102941
0.1142857 0.1142857 0.3214286 0.35 0.15 0.15 0.1357143
0.1538462 0.5615385 0.6153846 0.7 0.5923077 0.5230769 0.3
0.1194030 0.1119403 0.1940299 0.2388060 0.2014925 0.1492537 0.1119403
0.1102941 0.2058824 0.3897059 0.5367647 0.5808824 0.3602941 0.5073529
0.1197183 0.1338028 0.2042254 0.2323944 0.1760563 0.1197183 0.1197183
0.09848485 0.09848485 0.1287879 0.2121212 0.1515152 0.1136364 0.1060606
0.1102941 0.1102941 0.1176471 0.1470588 0.1102941 0.1102941 0.1102941
0.1230769 0.2769231 0.3538462 0.3615385 0.2769231 0.2615385 0.2153846
0.1666667 0.09848485 0.3106061 0.6439394 0.5757576 0.3712121 0.5378788
0.1818182 0.1060606 0.3863636 0.6515152 0.6060606 0.5909091 0.7045455
0.1307692 0.2769231 0.4384615 0.3230769 0.3153846 0.2538462 0.3
0.1153846 0.1538462 0.1846154 0.1769231 0.1692308 0.1615385 0.1461538
0.1127820 0.1127820 0.1127820 0.1127820 0.1127820 0.1127820 0.1127820
0.1127820 0.2030075 0.1578947 0.1804511 0.1428571 0.1127820 0.1127820
0.1102941 0.3308824 0.5147059 0.7205882 0.7132353 0.617647 0.6764706
0.1267606 0.5070423 0.6338028 0.7887324 0.7464789 0.6267606 0.5
0.1142857 0.1142857 0.3285714 0.3142857 0.2714286 0.2214286 0.1428571
0.2313433 0.1791045 0.4402985 0.4104478 0.3880597 0.3582090 0.1716418
0.1194030 0.1194030 0.1194030 0.1343284 0.1194030 0.1194030 0.1194030
0.1153846 0.1538462 0.2230769 0.1923077 0.1307692 0.1230769 0.1230769
0.1567164 0.1119403 0.1940299 0.2313433 0.2014925 0.1492537 0.1119403
0.1102941 0.25 0.4779412 0.5294118 0.4632353 0.3676471 0.3235294
0.1153846 0.1615385 0.2 0.1692308 0.1230769 0.1153846 0.1153846
0.1102941 0.1102941 0.1397059 0.1764706 0.1691176 0.1102941 0.1102941
0.3731343 0.2388060 0.5671642 0.6492537 0.5298507 0.3283582 0.3582090
0.1538462 0.5769231 0.6230769 0.7230769 0.6230769 0.5923077 0.4769231
0.1194030 0.1194030 0.1194030 0.1194030 0.1194030 0.1194030 0.1194030
0.3507463 0.2388060 0.5970149 0.7089552 0.7238806 0.7238806 0.6268657
0.1127820 0.1127820 0.1353383 0.1729323 0.1428571 0.1127820 0.1127820
0.1267606 0.5070423 0.6549296 0.8239437 0.8380282 0.6549296 0.443662
0.1492537 0.1194030 0.2089552 0.1865672 0.1641791 0.1268657 0.1119403
0.1417910 0.1417910 0.2164179 0.2985075 0.2835821 0.2164179 0.1865672
0.1126761 0.1408451 0.1760563 0.1478873 0.1126761 0.1126761 0.1126761
0.1127820 0.1127820 0.1428571 0.1729323 0.1428571 0.1127820 0.1127820
0.3283582 0.2537313 0.5970149 0.6940299 0.6865672 0.7014925 0.4029851
0.1153846 0.1153846 0.1153846 0.1153846 0.1153846 0.1153846 0.1153846
0.1194030 0.1119403 0.1791045 0.1716418 0.1641791 0.1119403 0.1119403
0.3208955 0.2910448 0.6268657 0.7686567 0.8880597 0.7761194 0.5149254
0.1307692 0.3153846 0.3769231 0.3 0.2384615 0.2307692 0.2538462
0.1102941 0.3161765 0.5294118 0.625 0.617647 0.5588235 0.7132353
0.1384615 0.5 0.6076923 0.7 0.6076923 0.5153846 0.2923077
0.2164179 0.2089552 0.5671642 0.619403 0.6119403 0.4328358 0.2835821
0.1153846 0.1153846 0.1153846 0.1230769 0.1153846 0.1153846 0.1153846
0.1126761 0.2183099 0.2464789 0.3732394 0.2676056 0.1549296 0.1408451
0.1102941 0.2058824 0.3897059 0.5514706 0.6029412 0.5588235 0.5441176
0.09848485 0.09848485 0.1212121 0.2045455 0.1363636 0.09848485 0.09848485
0.1307692 0.4307692 0.4846154 0.5153846 0.3307692 0.2769231 0.2153846
0.09848485 0.09848485 0.1136364 0.1742424 0.09848485 0.09848485 0.09848485
0.1142857 0.1142857 0.1142857 0.1142857 0.1142857 0.1142857 0.1142857
0.1268657 0.1641791 0.4850746 0.5970149 0.5223881 0.4328358 0.2014925
0.2835821 0.2164179 0.5597015 0.6716418 0.6268657 0.5 0.5149254
0.1194030 0.1194030 0.1194030 0.1194030 0.1194030 0.1194030 0.1194030
0.09848485 0.09848485 0.1212121 0.1893939 0.1060606 0.09848485 0.09848485
0.09848485 0.09848485 0.09848485 0.09848485 0.09848485 0.09848485 0.09848485
0.1153846 0.3923077 0.5076923 0.6615385 0.4846154 0.4692308 0.1923077
0.1197183 0.1267606 0.1549296 0.1197183 0.1197183 0.1197183 0.1197183
0.1102941 0.1838235 0.3382353 0.4926471 0.5955882 0.5661765 0.6397059
0.1153846 0.1384615 0.1615385 0.1692308 0.1230769 0.1153846 0.1153846
0.3059701 0.2388060 0.5970149 0.7462687 0.738806 0.7910448 0.6791045
0.1142857 0.1142857 0.4642857 0.5 0.5642857 0.5285714 0.2714286
0.1102941 0.1102941 0.1102941 0.1102941 0.1102941 0.1102941 0.1102941
0.1102941 0.1102941 0.1102941 0.1102941 0.1102941 0.1102941 0.1176471
0.1503759 0.4135338 0.593985 0.6842105 0.7368421 0.8721805 0.6466165
0.1126761 0.1126761 0.1126761 0.1126761 0.1126761 0.1126761 0.1126761
0.1267606 0.5070423 0.6338028 0.7746479 0.7535211 0.6197183 0.443662
0.1194030 0.1194030 0.1791045 0.1865672 0.1343284 0.1194030 0.1194030
0.1127820 0.3533835 0.4661654 0.6766917 0.5789474 0.6165414 0.4210526
0.1119403 0.1119403 0.1641791 0.1716418 0.1492537 0.1119403 0.1119403
0.1278195 0.3383459 0.518797 0.7593985 0.6240602 0.7518797 0.5263158
0.1119403 0.1119403 0.1119403 0.1119403 0.1119403 0.1119403 0.1119403
0.3656716 0.2761194 0.6119403 0.7014925 0.6865672 0.5447761 0.5970149
0.1102941 0.2205882 0.3308824 0.4338235 0.3602941 0.1985294 0.3676471
0.1142857 0.1142857 0.1571429 0.1642857 0.1285714 0.1142857 0.1142857
0.1102941 0.1102941 0.1397059 0.1470588 0.1102941 0.1102941 0.1102941
0.1126761 0.1408451 0.2042254 0.2042254 0.2183099 0.1478873 0.1267606
0.1102941 0.1544118 0.2941176 0.4411765 0.3970588 0.2573529 0.3235294
0.1127820 0.1353383 0.1428571 0.2030075 0.1428571 0.1127820 0.1127820
0.1268657 0.1492537 0.3134328 0.4104478 0.3134328 0.380597 0.2313433
0.1060606 0.09848485 0.2272727 0.469697 0.5151515 0.3181818 0.4772727
0.1102941 0.3455882 0.5294118 0.5808824 0.5955882 0.5514706 0.632353
0.1127820 0.1127820 0.1203008 0.1578947 0.1353383 0.1127820 0.1127820
0.1267606 0.5070423 0.6408451 0.8239437 0.8380282 0.6619718 0.4929577
0.1142857 0.2571429 0.6357143 0.7214286 0.8142857 0.7357143 0.5571429
0.1278195 0.4586466 0.6015038 0.7443609 0.7518797 0.924812 0.7368421
0.09848485 0.09848485 0.09848485 0.09848485 0.09848485 0.09848485 0.09848485
0.1153846 0.1615385 0.2384615 0.2153846 0.1692308 0.1461538 0.1461538
0.1127820 0.1127820 0.1353383 0.1578947 0.1278195 0.1127820 0.1127820
0.09848485 0.09848485 0.09848485 0.09848485 0.09848485 0.09848485 0.09848485
0.1126761 0.3169014 0.528169 0.5985915 0.556338 0.3802817 0.3521127
0.1142857 0.2285714 0.5857143 0.6857143 0.8 0.7285714 0.55
0.1194030 0.1194030 0.1194030 0.1194030 0.1194030 0.1194030 0.1194030
0.125 0.2573529 0.25 0.2426471 0.1838235 0.1691176 0.2205882
0.09848485 0.09848485 0.09848485 0.09848485 0.09848485 0.09848485 0.09848485
0.1153846 0.2461538 0.4230769 0.5153846 0.4307692 0.3230769 0.2384615
0.09558824 0.1102941 0.1102941 0.1470588 0.1176471 0.1102941 0.1102941
0.1102941 0.1102941 0.1102941 0.1397059 0.1102941 0.1102941 0.1102941
0.1865672 0.1492537 0.2835821 0.2686567 0.2537313 0.2388060 0.1641791
0.09848485 0.09848485 0.09848485 0.09848485 0.09848485 0.09848485 0.09848485
0.1102941 0.1102941 0.1102941 0.1102941 0.1102941 0.1102941 0.1102941
0.09848485 0.09848485 0.1287879 0.2348485 0.1515152 0.1212121 0.1060606
0.1142857 0.1142857 0.1142857 0.1142857 0.1142857 0.1142857 0.1142857
0.1197183 0.1197183 0.1338028 0.1478873 0.1197183 0.1197183 0.1197183
0.1267606 0.4788732 0.5774648 0.6056338 0.5633803 0.4225352 0.1760563
0.1194030 0.1194030 0.1194030 0.1194030 0.1194030 0.1194030 0.1194030
0.1127820 0.1278195 0.1428571 0.2255639 0.1503759 0.1203008 0.1203008
0.2462687 0.2238806 0.619403 0.7089552 0.6119403 0.5223881 0.5895522
0.1102941 0.1102941 0.1102941 0.1102941 0.1102941 0.1102941 0.1102941
0.1102941 0.4117647 0.5367647 0.6470588 0.632353 0.5588235 0.8308824
0.2164179 0.1492537 0.3208955 0.2910448 0.2985075 0.2686567 0.1865672
0.1142857 0.1142857 0.2285714 0.2571429 0.1571429 0.1571429 0.1285714
0.1338028 0.4014085 0.6478873 0.6690141 0.7746479 0.6338028 0.7183099
0.4179104 0.2985075 0.6119403 0.7537313 0.738806 0.7835821 0.7462687
0.1742424 0.1060606 0.3030303 0.6439394 0.5909091 0.4545455 0.5681818
