0.1782946 0.496124 0.6356589 0.6821705 0.7054264 0.5968992 0.4341085
0.124031 0.124031 0.1395349 0.1472868 0.124031 0.124031 0.124031
0.3617021 0.6453901 0.6382979 0.680851 0.6879433 0.6879433 0.5673759
0.1705426 0.496124 0.6511628 0.7054264 0.751938 0.620155 0.5348837
0.1151079 0.1151079 0.1151079 0.1151079 0.1151079 0.1151079 0.1151079
0.1313869 0.3868613 0.5912409 0.7445255 0.7810219 0.810219 0.7445255
0.09160305 0.1145038 0.2824427 0.5114504 0.6717557 0.6259542 0.480916
0.1094891 0.2116788 0.3576642 0.4744526 0.3722628 0.2919708 0.4306569
0.1223022 0.1942446 0.2086331 0.2374101 0.2014388 0.1582734 0.1151079
0.1134752 0.2127660 0.4539007 0.6950355 0.6241135 0.5815603 0.5673759
0.1386861 0.3211679 0.5693431 0.7007299 0.5255474 0.4671533 0.1970803
0.09160305 0.09160305 0.09160305 0.1145038 0.129771 0.1221374 0.1145038
0.2014925 0.1567164 0.3955224 0.5970149 0.5970149 0.5671642 0.1791045
0.3059701 0.2089552 0.5522388 0.7014925 0.6492537 0.5671642 0.2313433
0.09160305 0.09160305 0.1450382 0.259542 0.1526718 0.1221374 0.1145038
0.124031 0.124031 0.1395349 0.124031 0.124031 0.124031 0.124031
0.09160305 0.09160305 0.09160305 0.1221374 0.129771 0.1145038 0.1068702
0.124031 0.124031 0.2015504 0.1472868 0.1317829 0.124031 0.124031
0.09160305 0.129771 0.3206107 0.5801527 0.6717557 0.610687 0.389313
0.1094891 0.1459854 0.1897810 0.1678832 0.1459854 0.1094891 0.1094891
0.1223022 0.1438849 0.2158273 0.2877698 0.2877698 0.1438849 0.1654676
0.1151079 0.1223022 0.1582734 0.1870504 0.1438849 0.1151079 0.1151079
0.1094891 0.1094891 0.1094891 0.1094891 0.1094891 0.1094891 0.1094891
0.1824818 0.4233577 0.620438 0.6934307 0.6788321 0.649635 0.4160584
0.1119403 0.1119403 0.1119403 0.1343284 0.1119403 0.1119403 0.1119403
0.1151079 0.1151079 0.1294964 0.1510791 0.1438849 0.1223022 0.1223022
0.1151079 0.1223022 0.1582734 0.1151079 0.1223022 0.1151079 0.1151079
0.1102941 0.1102941 0.2058824 0.2205882 0.1911765 0.1397059 0.2279412
0.09160305 0.09160305 0.09160305 0.09160305 0.09160305 0.09160305 0.09160305
0.1317829 0.372093 0.6356589 0.6899225 0.6356589 0.6434109 0.6046512
0.124031 0.124031 0.124031 0.124031 0.124031 0.124031 0.124031
0.1094891 0.1094891 0.1313869 0.1313869 0.1094891 0.1094891 0.1094891
0.1151079 0.1438849 0.2158273 0.2661871 0.2302158 0.1366906 0.1582734
0.1094891 0.1094891 0.1167883 0.1313869 0.1094891 0.1094891 0.1094891
0.1510791 0.3309353 0.4532374 0.5539568 0.589928 0.5035971 0.3669065
0.1119403 0.1119403 0.1119403 0.1119403 0.1119403 0.1119403 0.1119403
0.09160305 0.09160305 0.09160305 0.09160305 0.09160305 0.09160305 0.09160305
0.1102941 0.1176471 0.1176471 0.1176471 0.1176471 0.1176471 0.1176471
0.1094891 0.2262774 0.2627737 0.1897810 0.1532847 0.1094891 0.1459854
0.1751825 0.3941606 0.5839416 0.6861314 0.5328467 0.4817518 0.270073
0.1167883 0.1386861 0.2043796 0.2627737 0.2335766 0.1459854 0.1167883
0.124031 0.3023256 0.5813953 0.5891473 0.5736434 0.5193798 0.2790698
0.124031 0.1317829 0.2325581 0.2015504 0.1782946 0.124031 0.124031
0.1151079 0.1223022 0.1942446 0.2589928 0.2446043 0.1366906 0.1294964
0.1176471 0.1176471 0.1617647 0.1470588 0.1176471 0.1176471 0.1176471
0.1205674 0.2198582 0.3546099 0.4893617 0.3546099 0.3404255 0.2553191
0.1102941 0.2352941 0.5661765 0.5735294 0.5588235 0.4264706 0.5808824
0.1782946 0.4883721 0.6356589 0.6821705 0.6899225 0.5968992 0.5193798
0.1176471 0.2720588 0.5 0.5220588 0.5294118 0.3676471 0.1764706
0.124031 0.1395349 0.2248062 0.2248062 0.2325581 0.1937984 0.124031
0.1102941 0.1102941 0.1102941 0.1102941 0.1102941 0.1102941 0.1102941
0.1094891 0.1532847 0.2043796 0.1313869 0.1094891 0.1094891 0.1094891
0.125 0.4264706 0.5441176 0.6397059 0.5882353 0.5514706 0.5
0.2805755 0.5611511 0.6258993 0.6618705 0.705036 0.647482 0.5683453
0.124031 0.1472868 0.2945736 0.2248062 0.2248062 0.1472868 0.1782946
0.1395349 0.3333333 0.5348837 0.5503876 0.4031008 0.2093023 0.4031008
0.1151079 0.1223022 0.1582734 0.1510791 0.1294964 0.1151079 0.1151079
0.1167883 0.1167883 0.1532847 0.2627737 0.1751825 0.1167883 0.1167883
0.1167883 0.1313869 0.2116788 0.270073 0.2116788 0.1678832 0.1167883
0.1176471 0.3161765 0.5220588 0.5294118 0.4852941 0.4044118 0.3676471
0.09160305 0.09160305 0.09160305 0.09160305 0.09160305 0.09160305 0.09160305
0.1119403 0.1119403 0.1641791 0.1417910 0.1119403 0.1119403 0.1119403
0.1705426 0.4573643 0.6356589 0.6356589 0.6356589 0.5271318 0.3100775
0.1102941 0.2647059 0.6764706 0.6838235 0.625 0.5588235 0.6102941
0.124031 0.124031 0.124031 0.124031 0.124031 0.124031 0.124031
0.2517986 0.5395683 0.6115108 0.7122302 0.7410072 0.647482 0.5251799
0.1167883 0.1313869 0.1897810 0.2627737 0.1751825 0.1313869 0.1167883
0.1773050 0.4680851 0.6312057 0.8085106 0.7659574 0.6879433 0.6879433
0.1268657 0.1119403 0.2164179 0.3208955 0.1492537 0.1119403 0.1119403
0.124031 0.1317829 0.3100775 0.3178295 0.4418605 0.2558140 0.1395349
0.1102941 0.1176471 0.1838235 0.1397059 0.1102941 0.1102941 0.1323529
0.124031 0.124031 0.2015504 0.1550388 0.1550388 0.124031 0.124031
0.1221374 0.1526718 0.3969466 0.6259542 0.6946565 0.5954198 0.5725191
0.1151079 0.1151079 0.1223022 0.1223022 0.1151079 0.1151079 0.1151079
0.1119403 0.1119403 0.1716418 0.2164179 0.1417910 0.1119403 0.1119403
0.1102941 0.2867647 0.7205882 0.7279412 0.7352941 0.6985294 0.882353
0.124031 0.2558140 0.4263566 0.2790698 0.2170543 0.1472868 0.1782946
0.1102941 0.2058824 0.6470588 0.625 0.7058824 0.6764706 0.7941176
0.1438849 0.3669065 0.5539568 0.618705 0.618705 0.3309353 0.1798561
0.1223022 0.294964 0.5539568 0.647482 0.6546763 0.4388489 0.2517986
0.1119403 0.1119403 0.1119403 0.1119403 0.1119403 0.1119403 0.1119403
0.1102941 0.1617647 0.3602941 0.3014706 0.25 0.1617647 0.2573529
0.1102941 0.1617647 0.5073529 0.5735294 0.5514706 0.625 0.632353
0.1176471 0.1176471 0.1838235 0.1764706 0.1397059 0.1176471 0.1176471
0.2446043 0.3884892 0.381295 0.4604317 0.2661871 0.2374101 0.2230216
0.09160305 0.09160305 0.1221374 0.1755725 0.1679389 0.1145038 0.1068702
0.09160305 0.09160305 0.09160305 0.09160305 0.09160305 0.09160305 0.09923664
0.1167883 0.2335766 0.5547445 0.5036496 0.4014599 0.4379562 0.2189781
0.1205674 0.2907801 0.5106383 0.6950355 0.6595745 0.5886525 0.5248227
0.09160305 0.09160305 0.09160305 0.09160305 0.09160305 0.09160305 0.09160305
0.1176471 0.1176471 0.1691176 0.1617647 0.125 0.1176471 0.1176471
0.1094891 0.1094891 0.1094891 0.1094891 0.1094891 0.1094891 0.1094891
0.1492537 0.1567164 0.4029851 0.6119403 0.5970149 0.4477612 0.1417910
0.09160305 0.09160305 0.09160305 0.09160305 0.09160305 0.09160305 0.09160305
0.1119403 0.1194030 0.3059701 0.5074627 0.619403 0.5298507 0.2313433
0.1176471 0.1176471 0.1544118 0.125 0.1176471 0.1176471 0.1176471
0.2761194 0.2014925 0.5746269 0.7985075 0.902985 0.7910448 0.4328358
0.1167883 0.2262774 0.4452555 0.3722628 0.4160584 0.5547445 0.2773723
0.124031 0.124031 0.124031 0.124031 0.124031 0.124031 0.124031
0.1094891 0.1094891 0.1094891 0.1094891 0.1094891 0.1094891 0.1094891
0.1176471 0.3970588 0.5441176 0.625 0.5955882 0.5514706 0.5
0.1151079 0.1151079 0.1151079 0.1151079 0.1151079 0.1151079 0.1151079
0.1751825 0.4014599 0.6277372 0.6934307 0.649635 0.6423358 0.4233577
0.09160305 0.09160305 0.129771 0.1603053 0.129771 0.09923664 0.09160305
0.1102941 0.2058824 0.5735294 0.625 0.6102941 0.4852941 0.617647
0.1134752 0.1134752 0.1985816 0.2127660 0.1560284 0.1418440 0.1134752
0.1167883 0.3065693 0.5620438 0.7664234 0.6569343 0.6934307 0.6277372
0.1102941 0.1102941 0.1102941 0.1102941 0.1102941 0.1102941 0.1102941
0.1631206 0.3900709 0.6099291 0.7730496 0.7092199 0.6099291 0.6312057
0.1102941 0.1470588 0.2720588 0.2573529 0.2426471 0.1544118 0.25
0.09160305 0.09160305 0.09160305 0.1068702 0.1068702 0.1068702 0.09923664
0.124031 0.124031 0.1860465 0.1550388 0.1317829 0.124031 0.124031
0.1510791 0.1942446 0.2230216 0.2086331 0.1942446 0.1366906 0.1151079
0.1119403 0.1119403 0.1716418 0.2238806 0.1940299 0.1417910 0.1119403
0.1167883 0.1167883 0.1824818 0.2408759 0.1751825 0.1459854 0.1167883
0.1176471 0.2794118 0.5294118 0.5220588 0.4852941 0.4191176 0.4117647
0.1102941 0.1470588 0.4558824 0.5588235 0.3529412 0.3014706 0.4044118
0.2014388 0.4676259 0.5971223 0.647482 0.7194245 0.4964029 0.4532374
0.1176471 0.1176471 0.1617647 0.1617647 0.125 0.1176471 0.1176471
0.1532847 0.4744526 0.5912409 0.7664234 0.7591241 0.8759124 0.8613139
0.1221374 0.1832061 0.4732824 0.7099237 0.9007634 0.8396947 0.7862595
0.1176471 0.4338235 0.5441176 0.617647 0.6691176 0.5661765 0.5147059
0.124031 0.124031 0.124031 0.124031 0.124031 0.124031 0.124031
0.1134752 0.1134752 0.1843972 0.2056738 0.1560284 0.1347518 0.1134752
0.1151079 0.1366906 0.1582734 0.1582734 0.1438849 0.1151079 0.1151079
0.09160305 0.09160305 0.09160305 0.09923664 0.09160305 0.09160305 0.09160305
0.1205674 0.2765957 0.4822695 0.6099291 0.5177305 0.4680851 0.2765957
0.2238806 0.2014925 0.5522388 0.7686567 0.7835821 0.7313433 0.4776119
0.1119403 0.1119403 0.1119403 0.1119403 0.1119403 0.1119403 0.1119403
0.2446043 0.2446043 0.2446043 0.2374101 0.2517986 0.1582734 0.1942446
0.1167883 0.1167883 0.1167883 0.1167883 0.1167883 0.1167883 0.1167883
0.1268657 0.1194030 0.3208955 0.5597015 0.5895522 0.380597 0.1343284
0.1094891 0.1094891 0.1094891 0.1094891 0.1094891 0.1094891 0.1094891
0.1151079 0.1151079 0.1366906 0.1582734 0.1294964 0.1151079 0.1151079
0.09160305 0.09160305 0.1908397 0.259542 0.2137405 0.1679389 0.1679389
0.1102941 0.1102941 0.1102941 0.1102941 0.1102941 0.1102941 0.1102941
0.124031 0.124031 0.124031 0.124031 0.124031 0.124031 0.124031
0.1167883 0.1751825 0.2189781 0.270073 0.2554745 0.1532847 0.1167883
0.09160305 0.09160305 0.09160305 0.09160305 0.09160305 0.09160305 0.09160305
0.1176471 0.1176471 0.1617647 0.1323529 0.1176471 0.1176471 0.1176471
0.1751825 0.3941606 0.540146 0.5766423 0.4963504 0.459854 0.3065693
0.1176471 0.1176471 0.1176471 0.1176471 0.1176471 0.1176471 0.1176471
0.1134752 0.1205674 0.2411348 0.2553191 0.2056738 0.1489362 0.1347518
0.1176471 0.3235294 0.5367647 0.5588235 0.5735294 0.5220588 0.5
0.1151079 0.1151079 0.1151079 0.1151079 0.1223022 0.1151079 0.1151079
0.1102941 0.2794118 0.7205882 0.7205882 0.7205882 0.6985294 0.8455882
0.2537313 0.1194030 0.2462687 0.3582090 0.2089552 0.2238806 0.1119403
0.1268657 0.1119403 0.1940299 0.2686567 0.1492537 0.1343284 0.1119403
0.2517986 0.4964029 0.6115108 0.7697842 0.8776978 0.6043165 0.5683453
0.1221374 0.1832061 0.4503817 0.7099237 0.8931298 0.8396947 0.7709924
0.1313869 0.3722628 0.5620438 0.7153285 0.6131387 0.5547445 0.540146
