0.1185185 0.5185185 0.5851852 0.7407407 0.6074074 0.6666667 0.4814815
0.1153846 0.1153846 0.1153846 0.1153846 0.1153846 0.1153846 0.1230769
0.2769231 0.5230769 0.6 0.7230769 0.6307692 0.5769231 0.6230769
0.1185185 0.4962963 0.6 0.7777778 0.6148148 0.8222222 0.5555556
0.1185185 0.1185185 0.1185185 0.1185185 0.1185185 0.1185185 0.1185185
0.1307692 0.4846154 0.6 0.6923077 0.7538462 0.8461538 0.8461538
0.1076923 0.1461538 0.5307692 0.5230769 0.5538462 0.3846154 0.3153846
0.1185185 0.2518519 0.3259259 0.3555556 0.2296296 0.3037037 0.1777778
0.125 0.1764706 0.2205882 0.1985294 0.2058824 0.1323529 0.125
0.1185185 0.1851852 0.5555556 0.6222222 0.5777778 0.7777778 0.3851852
0.1111111 0.2814815 0.5407407 0.6296296 0.6222222 0.5851852 0.5185185
0.1176471 0.125 0.1470588 0.1397059 0.125 0.125 0.125
0.1185185 0.2814815 0.3851852 0.5481481 0.5777778 0.5777778 0.2444444
0.1185185 0.5185185 0.5703704 0.6222222 0.5481481 0.6666667 0.4740741
0.1153846 0.1153846 0.1538462 0.1769231 0.1384615 0.1153846 0.1230769
0.1111111 0.1111111 0.1111111 0.1111111 0.1111111 0.1111111 0.1111111
0.1185185 0.1185185 0.1407407 0.1333333 0.1185185 0.1259259 0.1185185
0.1185185 0.1259259 0.1333333 0.1481481 0.1185185 0.1185185 0.1185185
0.125 0.4485294 0.5955882 0.6691176 0.6838235 0.5073529 0.1911765
0.1185185 0.1481481 0.1703704 0.1851852 0.1407407 0.1333333 0.1185185
0.125 0.2058824 0.2941176 0.2573529 0.2352941 0.1470588 0.125
0.1153846 0.1153846 0.1153846 0.1615385 0.1230769 0.1153846 0.1153846
0.09558824 0.09558824 0.1617647 0.2279412 0.3455882 0.1838235 0.2205882
0.2269504 0.3617021 0.6453901 0.680851 0.7092199 0.680851 0.7588652
0.1153846 0.1153846 0.1153846 0.1153846 0.1153846 0.1153846 0.1153846
0.1111111 0.1111111 0.1333333 0.1851852 0.1481481 0.1407407 0.1629630
0.1 0.1 0.1142857 0.1428571 0.1214286 0.1 0.1
0.1205674 0.1418440 0.2127660 0.2127660 0.1843972 0.1418440 0.1276596
0.1111111 0.1111111 0.1111111 0.1111111 0.1111111 0.1111111 0.1111111
0.1347518 0.3191489 0.5602837 0.6312057 0.6737589 0.6453901 0.4680851
0.1 0.1 0.1 0.1 0.1 0.1 0.1
0.1153846 0.1153846 0.1153846 0.1384615 0.1153846 0.1153846 0.1230769
0.1153846 0.1307692 0.2692308 0.2692308 0.2615385 0.2846154 0.1461538
0.1185185 0.1259259 0.1407407 0.1555556 0.1185185 0.1185185 0.1185185
0.125 0.3235294 0.5661765 0.632353 0.5735294 0.3455882 0.1691176
0.1185185 0.1185185 0.1185185 0.1185185 0.1185185 0.1185185 0.1185185
0.1111111 0.1111111 0.1111111 0.1111111 0.1111111 0.1111111 0.1111111
0.1176471 0.125 0.125 0.125 0.125 0.125 0.125
0.1185185 0.1851852 0.2296296 0.2814815 0.1407407 0.1407407 0.1259259
0.1538462 0.4846154 0.5615385 0.6384615 0.6384615 0.5769231 0.4307692
0.09558824 0.09558824 0.1102941 0.2279412 0.1102941 0.09558824 0.1029412
0.1205674 0.2127660 0.5248227 0.4609929 0.3191489 0.3120567 0.4397163
0.1 0.15 0.1571429 0.2642857 0.1714286 0.1285714 0.15
0.1153846 0.1153846 0.1615385 0.2076923 0.1384615 0.1230769 0.1384615
0.1076923 0.1076923 0.1692308 0.1692308 0.1461538 0.1307692 0.1076923
0.1631206 0.2127660 0.4893617 0.3333333 0.2836879 0.3120567 0.2482270
0.1384615 0.1615385 0.5153846 0.6076923 0.5538462 0.3846154 0.2769231
0.1 0.3357143 0.5571429 0.6285714 0.7785714 0.5428571 0.6214286
0.1461538 0.1846154 0.3461538 0.3692308 0.2384615 0.2769231 0.2307692
0.1076923 0.1076923 0.1538462 0.1692308 0.1461538 0.1307692 0.1230769
0.1 0.1 0.1 0.1 0.1 0.1 0.1
0.1 0.1571429 0.15 0.1642857 0.1428571 0.1 0.1
0.1185185 0.5259259 0.6 0.7777778 0.6444444 0.7851852 0.5481481
0.1538462 0.2769231 0.6384615 0.6384615 0.6923077 0.6615385 0.5846154
0.1 0.15 0.1714286 0.2857143 0.1785714 0.1428571 0.1785714
0.1985816 0.2340426 0.3758865 0.3333333 0.2695035 0.2907801 0.2624113
0.1185185 0.1185185 0.1185185 0.1185185 0.1185185 0.1185185 0.1185185
0.1 0.1142857 0.15 0.2071429 0.1571429 0.1 0.1071429
0.1230769 0.1384615 0.2615385 0.2461538 0.2076923 0.1538462 0.1307692
0.09558824 0.1691176 0.4779412 0.5441176 0.5294118 0.5073529 0.4779412
0.1205674 0.1205674 0.1631206 0.1489362 0.1205674 0.1205674 0.1205674
0.1185185 0.1259259 0.1333333 0.1481481 0.1259259 0.1185185 0.1185185
0.1914894 0.4326241 0.5673759 0.6453901 0.6241135 0.6028369 0.2411348
0.1111111 0.3333333 0.5407407 0.6962963 0.6518519 0.6296296 0.5925926
0.1111111 0.1111111 0.1111111 0.1111111 0.1111111 0.1111111 0.1111111
0.1333333 0.3407407 0.562963 0.6740741 0.5851852 0.8518519 0.4
0.1205674 0.1205674 0.1773050 0.1914894 0.1418440 0.1276596 0.1205674
0.1544118 0.5441176 0.6838235 0.757353 0.8014706 0.5808824 0.3014706
0.1185185 0.1629630 0.1925926 0.1925926 0.1407407 0.1333333 0.1185185
0.09558824 0.09558824 0.1470588 0.4191176 0.4558824 0.3014706 0.3161765
0.1076923 0.1076923 0.1461538 0.1076923 0.1076923 0.1076923 0.1076923
0.1153846 0.1153846 0.1307692 0.1461538 0.1230769 0.1153846 0.1153846
0.09558824 0.3088235 0.4852941 0.6617647 0.6470588 0.5367647 0.7279412
0.1076923 0.1076923 0.1307692 0.1076923 0.1076923 0.1076923 0.1076923
0.125 0.1764706 0.1985294 0.1691176 0.1397059 0.125 0.125
0.1692308 0.5153846 0.6 0.7692308 0.8692308 0.9538462 0.8538462
0.1153846 0.1769231 0.3076923 0.2923077 0.1923077 0.1615385 0.2153846
0.1185185 0.2592593 0.5555556 0.7259259 0.6074074 0.8444444 0.4444444
0.1153846 0.3923077 0.5307692 0.6538462 0.6076923 0.5769231 0.3692308
0.09558824 0.1617647 0.3970588 0.5588235 0.5588235 0.5220588 0.5073529
0.09558824 0.09558824 0.09558824 0.09558824 0.09558824 0.09558824 0.09558824
0.1307692 0.1461538 0.2615385 0.2384615 0.1846154 0.1615385 0.1384615
0.1076923 0.1384615 0.3692308 0.5076923 0.5230769 0.4461538 0.3153846
0.1153846 0.1153846 0.1153846 0.1384615 0.1153846 0.1153846 0.1153846
0.1914894 0.3404255 0.4468085 0.4468085 0.3262411 0.2411348 0.1843972
0.1134752 0.1276596 0.1418440 0.2056738 0.1631206 0.1560284 0.1134752
0.1111111 0.1111111 0.1111111 0.1111111 0.1111111 0.1111111 0.1111111
0.1185185 0.3259259 0.4740741 0.5703704 0.3555556 0.4592593 0.2296296
0.125 0.3970588 0.5882353 0.6470588 0.6838235 0.5220588 0.1911765
0.1176471 0.125 0.125 0.125 0.125 0.125 0.125
0.1185185 0.1333333 0.1407407 0.1629630 0.1185185 0.1259259 0.1185185
0.1153846 0.1153846 0.1153846 0.1153846 0.1153846 0.1153846 0.1153846
0.1153846 0.3076923 0.4461538 0.6076923 0.5692308 0.4461538 0.2615385
0.1185185 0.1333333 0.1333333 0.1185185 0.1185185 0.1185185 0.1185185
0.125 0.2794118 0.4558824 0.6397059 0.6029412 0.5073529 0.2279412
0.1153846 0.1153846 0.1153846 0.1153846 0.1153846 0.1153846 0.1153846
0.1111111 0.3185185 0.5481481 0.7925926 0.8888889 0.874074 0.8222222
0.1185185 0.2888889 0.4444444 0.5185185 0.3703704 0.5555556 0.3851852
0.1185185 0.1185185 0.1185185 0.1185185 0.1185185 0.1185185 0.1185185
0.1185185 0.1185185 0.1185185 0.1185185 0.1185185 0.1185185 0.1185185
0.1461538 0.5076923 0.5923077 0.6769231 0.7307692 0.823077 0.7230769
0.09558824 0.09558824 0.09558824 0.09558824 0.09558824 0.09558824 0.09558824
0.1461538 0.5 0.6 0.6769231 0.7 0.6846154 0.8307692
0.1111111 0.1111111 0.1555556 0.1777778 0.1111111 0.1111111 0.1111111
0.125 0.4117647 0.5735294 0.6397059 0.632353 0.4264706 0.1911765
0.1076923 0.1076923 0.1692308 0.1692308 0.1461538 0.1384615 0.1076923
0.1111111 0.3037037 0.5481481 0.7111111 0.7185185 0.7111111 0.7111111
0.1185185 0.1185185 0.1185185 0.1185185 0.1185185 0.1185185 0.1185185
0.1111111 0.3333333 0.5481481 0.7555556 0.7703704 0.7185185 0.6444444
0.1153846 0.1461538 0.2538462 0.2153846 0.2076923 0.1538462 0.1384615
0.1111111 0.1111111 0.1185185 0.1629630 0.1185185 0.1111111 0.1111111
0.1153846 0.1153846 0.1153846 0.1307692 0.1153846 0.1153846 0.1153846
0.1230769 0.1461538 0.2538462 0.2230769 0.1846154 0.1538462 0.1384615
0.09558824 0.09558824 0.2132353 0.2941176 0.4779412 0.3897059 0.3970588
0.09558824 0.09558824 0.1029412 0.1544118 0.1102941 0.09558824 0.09558824
0.1076923 0.1307692 0.3538462 0.4846154 0.4615385 0.2461538 0.2692308
0.1134752 0.2056738 0.5248227 0.4468085 0.3262411 0.3120567 0.2836879
0.125 0.5 0.6397059 0.7058824 0.6985294 0.5808824 0.2352941
0.1185185 0.1259259 0.1407407 0.1407407 0.1185185 0.1185185 0.1185185
0.1111111 0.3555556 0.5555556 0.8 0.8814815 0.9185185 0.8962963
0.1615385 0.2769231 0.6384615 0.6538462 0.7307692 0.8 0.5923077
0.1538462 0.2769231 0.6461538 0.6538462 0.7384615 0.8 0.5846154
0.1176471 0.125 0.125 0.125 0.125 0.125 0.125
0.1134752 0.1418440 0.1773050 0.2269504 0.1631206 0.1560284 0.1276596
0.1185185 0.1259259 0.1407407 0.1629630 0.1259259 0.1185185 0.1185185
0.09558824 0.09558824 0.09558824 0.09558824 0.09558824 0.09558824 0.09558824
0.1230769 0.1461538 0.4692308 0.5538462 0.5076923 0.3076923 0.2
0.1 0.3 0.55 0.65 0.8857143 0.7 0.6785714
0.1205674 0.1205674 0.1205674 0.1205674 0.1205674 0.1205674 0.1205674
0.2269504 0.2482270 0.3404255 0.2127660 0.2269504 0.1843972 0.1773050
0.1134752 0.1134752 0.1134752 0.1134752 0.1134752 0.1134752 0.1134752
0.1 0.1571429 0.3571429 0.5142857 0.45 0.2785714 0.25
0.1205674 0.1205674 0.1276596 0.1489362 0.1347518 0.1205674 0.1205674
0.1185185 0.1185185 0.1185185 0.1259259 0.1185185 0.1185185 0.1185185
0.1230769 0.1461538 0.3 0.2923077 0.2384615 0.2538462 0.1846154
0.1176471 0.125 0.125 0.125 0.125 0.125 0.125
0.09558824 0.09558824 0.09558824 0.09558824 0.09558824 0.09558824 0.09558824
0.1111111 0.1407407 0.2148148 0.2666667 0.1555556 0.1481481 0.1777778
0.1185185 0.1185185 0.1185185 0.1259259 0.1185185 0.1185185 0.1185185
0.1185185 0.1185185 0.1259259 0.1555556 0.1185185 0.1259259 0.1185185
0.09558824 0.2352941 0.4411765 0.5441176 0.5220588 0.4852941 0.5220588
0.1185185 0.1185185 0.1185185 0.1333333 0.1185185 0.1185185 0.1185185
0.1134752 0.1560284 0.1843972 0.2127660 0.2056738 0.1560284 0.1276596
0.09558824 0.1985294 0.4926471 0.5882353 0.5882353 0.5294118 0.5367647
0.1 0.1 0.1 0.1 0.1 0.1 0.1
0.2340426 0.3617021 0.6950355 0.7092199 0.716312 0.8014184 0.7588652
0.1111111 0.1629630 0.3037037 0.437037 0.2444444 0.3259259 0.2740741
0.1153846 0.1153846 0.1615385 0.2076923 0.1230769 0.1153846 0.1230769
0.2127660 0.4822695 0.5957447 0.680851 0.7092199 0.7092199 0.5177305
0.1538462 0.2461538 0.6384615 0.6384615 0.7307692 0.8 0.5923077
0.09558824 0.2279412 0.4852941 0.5588235 0.5514706 0.5220588 0.5147059
