0.3053435 0.7022901
0.4275362 0.1739130
0.6350365 0.3503650
0.3576642 0.2481752
0.9338235 0.1544118
0 0.4782609
0.9338235 0.6397059
0.459854 0.7080292
0.08029197 0.6277372
0.4379562 0.7591241
0.2519084 0.2824427
0.3795620 0.5182482
0.2296296 0.9481481
0.7099237 0.4274809
0.08270677 0.4736842
0.8 0.1925926
0.3969466 0.2061069
0.2977099 0.6335878
0.437037 0.6666667
0.7794118 0.3014706
0.4074074 0.4740741
0.3740458 0.2061069
0.2518519 0.7555556
0.2366412 0.7022901
0.05263158 0.7744361
0.7175573 0.7328244
0.2519084 0.01526718
0.7175573 0.519084
0.884058 0.7753623
0.2846715 0.1970803
0.8043478 0.5724638
0.2406015 0.1954887
0.2213740 0.259542
0.02189781 0.1897810
0.3129771 0.9236641
0.5182482 0.2481752
0.810219 0.6277372
0.6240602 0.2932331
0.05109489 0.1532847
0.3053435 0.2519084
0.5328467 0.4233577
0.562963 0.07407407
0.7175573 0.8778626
0.7941176 0.3088235
0.2290076 0.3129771
0.6350365 0.2627737
0.9007634 0.4503817
0.8091603 1
0.7022901 0.4122137
0.9849624 0.06015038
0.3503650 0.7007299
0.729927 0.6569343
0.5259259 0.4
0.7022901 0.4122137
0.6788321 0.6642336
0.4074074 0.1185185
0.7445255 0.1970803
0.9927007 0.3576642
0.07407407 0.6814815
0.3503650 0.3065693
0 0.8625954
0.7669173 0.5037594
0.740458 0.1832061
0.7708333 0.8611111
0.259542 0.3053435
0.1603053 0.7022901
0.8897059 0.7352941
0.620438 0.0729927
0.2406015 0.03759398
0.8043478 0.5362319
0.8321168 0.8613139
0.1323529 0.5441176
0.05109489 0.04379562
0.3587786 0.2671756
0.631579 0.7142857
0.6029412 0.7647059
0.2554745 0.4890511
0.5407407 0.2
0.4661654 0.9774436
0.8571429 0.3383459
0.7022901 0.8473282
0.5777778 0.4518519
0.9781022 0.6715328
0.2846715 0.1532847
0.09027778 0.9236111
0.8396947 0.7633588
0.5413534 0.7744361
0.3185185 0.3185185
0.4656489 0.6717557
0.2030075 0.6541353
0.1021898 0.9927007
0.8832117 0.7664234
0.1323529 0.5808824
0.7099237 0.09160305
0.4885496 0.8931298
0.7445255 0.01459854
0.459854 0.9051095
0.1376812 0.6376812
0.4160584 0.2189781
0.3897059 0.6764706
0.7445255 0.3284672
0.7443609 0.3684211
0.8473282 0.1450382
0.9338235 0.5
0.6458333 0.9305556
0.3357664 0.7518248
0.5217391 0.2681159
0.5413534 0.593985
0.6814815 0.4
0.9057971 0.9637681
0.8721805 0.04511278
0.4122137 0.3816794
0.9562044 0.8832117
0.884058 0.5217391
0.5208333 0.8055556
0.1666667 0.2430556
0.1450382 0.610687
0.7557252 0.1068702
0.870229 0.5267176
0.6861314 0.7518248
0.1678832 0.2919708
0.7352941 0.3161765
0.2554745 0.540146
0.9705882 0
0.9160305 0.6870229
0.1985294 0.3602941
0.81203 0.849624
0.9411765 0.617647
0.7352941 0.6617647
0.4122137 0.6564885
0.2481752 0.1094891
0.9541985 0.7480916
0.04379562 0.6934307
0.9694656 0.2061069
0.5416667 0.3541667
0.04347826 0.3115942
0.4817518 0.2189781
0.2631579 0.3834586
0.3188406 0.9637681
0.3129771 0.7938931
0.3695652 0.6594203
0.4732824 0.7328244
0.437037 0.5555556
0.2028986 0.4130435
0.6788321 0.4379562
0.2444444 0.2444444
0.1167883 0.2481752
0.9854015 0.2189781
0.6740741 0.1037037
0.2406015 0.8796992
0.8680556 0.03472222
