0.03676471 0.5735294
0.8235294 0.1323529
0.4195804 0
0.05147059 0.1029412
0.6793893 0.09160305
0.2941176 0.4926471
0.4586466 0.443609
0.1631206 0.3049645
0.6544118 0.1985294
0.4632353 0.2941176
0.1102941 0.1838235
0.5 0.3897059
0.8538462 0.4846154
0.3823529 0.0882353
0.4117647 0.742647
0.09929078 0
0.07692308 0.6538462
0.3284672 0.5182482
0.776923 0.4076923
0.3211679 0.3138686
0.5294118 0.2352941
0.5 0.6985294
0.8897059 0.9705882
0.937063 0.6853147
0.5735294 0.2647059
0.2794118 0.5661765
0.406015 0.887218
0.5954198 0.6564885
0.1307692 0.5692308
0.2198582 0.5390071
1 0.4076923
0.3455882 0.1544118
0.3566434 0.4755245
0.5547445 0.1897810
0.1544118 0.02205882
0.5230769 0.7153846
0.5661765 0.5882353
0.0882353 0.9338235
0.08088235 0.02205882
0.2857143 0.1052632
0.849624 0.6842105
0.4961832 0.259542
0.839416 0.2116788
0.7923077 0.8461538
0.2255639 0.9097744
0.5294118 0.1323529
0.5912409 0.5328467
0.9632353 0.2794118
0.9411765 0.01470588
0.6384615 0.2769231
0.5639098 0.7593985
0.5343511 0.610687
0.7794118 0.9117647
0.7744361 0.887218
0.7293233 0.9774436
0.8455882 0.7058824
0.5801527 0.2290076
0.4511278 0.443609
0.8529412 0.7941176
0.5874126 0.5734266
0.6617647 0.632353
0.5114504 0.7022901
0.4191176 0.625
0.125 0.4632353
0.4135338 0.481203
0.4452555 0.5036496
0.9632353 0.9558824
0.5294118 0.4338235
0.6223776 0.7622378
0.2262774 0.9051095
0.9562044 0.2043796
0.6102941 0.757353
0.6993007 0
0.406015 0.481203
0.4307692 0.6230769
0.7375887 0.8297872
0.7862595 0.5343511
0.8602941 0.05882353
0.9264706 0.757353
0.7633588 0.7022901
0.03053435 0.1984733
0.7709924 0.5648855
0.3823529 0.1544118
0.4580153 0.08396947
0.632353 0.0882353
0.8538462 0.6076923
0.4045802 0.2977099
0.6985294 0.2720588
0.5661765 0.1397059
0.7588652 0.2624113
0.1176471 0.5294118
0.3511450 0.2442748
0.3769231 0.7307692
0.6911765 0.5735294
0.406015 0.7368421
0.01398601 0.2727273
0.6470588 0.2426471
0.1102941 0.7720588
0.1307692 0.4230769
0.129771 0.5496183
0.951049 0.6363636
0.5488722 0.9699248
0.9 0.2153846
0.2923077 0.6769231
0.4076923 0.0923077
0.7538462 0.7615385
0.3897059 0.617647
0.1617647 0.3602941
0.1102941 0.8529412
0.4117647 0.6691176
0.1176471 0.1985294
0.1052632 0.9172932
0.2671756 0.5725191
0.4846154 0.9846154
0 0.7867647
0.3529412 0.6911765
0.875 0.08088235
1 0.2340426
0.9044118 0.992647
0.7538462 0.3923077
0.01470588 0.05147059
0.4184397 0.4964539
0.4274809 0.3664122
0.6384615 0.5692308
0.2058824 0.0882353
0.890511 0.9562044
0.8846154 0.7307692
0.961832 0.870229
0.620438 0.5620438
0.8510638 0.3617021
0.9236641 0.9847328
0.2408759 0.9854015
0.8455882 0.5441176
0.7692308 0.6076923
0.2977099 0.9007634
0.4736842 0.2406015
0.6412214 0.7022901
0.6090226 0.481203
0.2647059 0.4338235
0.4661654 0.4511278
0.08088235 0.6691176
0.3576642 0.7080292
0.5035461 0.3758865
0.7132353 0.2352941
0.9787234 0.858156
0.4779412 0.06617647
0.8088235 0.9338235
0.5639098 0.2857143
0.6985294 0.9779412
0.02189781 0.8029197
0.2043796 0.3430657
