0.6518519 0.2740741
0.8518519 0.4666667
0.09923664 0.5954198
0.08148148 0.9925926
0.3181818 0.09848485
0.4074074 0.2296296
0.6717557 0.8167939
0.1285714 0.1571429
0.7153285 0.1094891
0.1333333 0.874074
0.4609929 0.7304965
0.9694656 0.4427481
0.6666667 0.1037037
0.4222222 0.1111111
0.2962963 0.8
0.9545455 0.75
0.1726619 0
0.9402985 0.7835821
0.02272727 0.3863636
0.3925926 0.5259259
0.8592593 0.9555556
0.1459854 0.2919708
0.6044776 0.5746269
0.6934307 0.7810219
0 0.2127660
0.1276596 0.2695035
0.389313 0.2290076
0.9545455 0.3939394
0.9784173 0.08633094
0.2962963 0.6962963
0.6934307 0.7737226
0.2553191 0.5673759
0.7557252 0.6641221
0.4962963 0.3555556
0.4296296 0.1703704
0.7185185 0.837037
0.8396947 0.4885496
0.6439394 0.8787879
0.1185185 0.2888889
0.4545455 0.3712121
0.1459854 0.02919708
0.5895522 0.7910448
0.2537313 0.5149254
0.8059701 0.8656716
0.6515152 0.5151515
0.5185185 0.4814815
0.0530303 0.810606
0.8297872 0.1418440
0.2575758 0.4015152
0.3503650 0.3138686
0.2370370 0.962963
0.01492537 0.2238806
0.5185185 0.6
0.4296296 0.1333333
0.6412214 0.4656489
0.02238806 0.09701493
0.3714286 0.5928571
0.8666667 0.4592593
0.4 0.5407407
0.5703704 0.837037
0.3285714 0.9785714
0.3134328 0.5149254
0.3407407 0.2444444
0.7226277 0.810219
0.4306569 0.4525547
0.3629630 0.7777778
0.5419847 0.4198473
0.5571429 0.3857143
0.6439394 0.7651515
0.3037037 0.6962963
0.5714286 0.5
0.09285714 0.6857143
0.5149254 0.7835821
0.5149254 0.6268657
0.3059701 0.6492537
0.3285714 0.4357143
0.4242424 0.8484848
0.2086331 0.8776978
0.4740741 0.3111111
0.7697842 0.7266187
0.1357143 0.9571429
0.4961832 0.1526718
0.5851852 0.1407407
0.3503650 0.3868613
0.3955224 0.902985
0.05223881 0.2462687
0.1629630 0.1259259
0.2374101 0.618705
0.5801527 0.4351145
0.06666667 0.6
0.1755725 0.480916
0.3740458 0.4045802
0.8666667 0.6666667
0.8636364 0.1969697
0.7857143 0.04285714
0.5259259 0.1333333
0.1276596 0.2127660
0.1212121 0.1969697
0.7481481 0.8222222
0.1313869 0.02919708
0.1824818 0.839416
0.8368794 0.07801418
0.9545455 0.9545455
0.8148148 0.6666667
0.437037 0.7037037
0.4666667 0.837037
0.9142857 0.4857143
0.5725191 0.007633588
0.3664122 0.9694656
0.4393939 0.4924242
0.8273381 0.7122302
0.919708 0.810219
0.761194 0.7835821
0.9185185 0.4814815
0.2444444 0.5333333
0.6791045 0.5671642
0.822695 0.6241135
0.6641221 0.870229
0.7372263 0.9489051
0.4604317 0.04316547
0.8518519 0.3407407
0.5611511 0
0.6515152 0.1666667
0.8296296 0.3703704
0.04444444 0.7333333
0.4962963 0.2592593
0.822695 0.7588652
0.7313433 0.4925373
0.9703704 0.9037037
0.5801527 0.8396947
0.8444444 0.4592593
0.6515152 0.1666667
0.1908397 0.4732824
0.962963 0.7555556
0.45 0.03571429
0 0.2127660
0.3939394 0.3712121
0.5925926 0.3407407
0.04580153 0.4351145
0.762963 0.3111111
0.4888889 0.2518519
0.7333333 0.2740741
0.1294964 0.7553957
0.4820144 0.7697842
0.5109489 0.2189781
0.4015152 0.3181818
0.1526718 0.8549618
0.9694656 0.4427481
0.4820144 0.07913669
0.4104478 0.7910448
0.3741007 0.2086331
