0.7007299 0.9416058
0.2651515 0.2878788
0.5407407 0.5851852
0.384058 0.3115942
0.1843972 0.3687943
0.007692308 0.3153846
0.7424242 0.1060606
0.8686131 0.1605839
0.01481481 0.2592593
0.0882353 0.3455882
0.2518519 0.6444444
0.3333333 0.1134752
0.1384615 0.2384615
0.7753623 0.5869565
0.6470588 0.2205882
0.3188406 0.2463768
0.1739130 0.5942029
0.4855072 0.8623188
0.1824818 0.1459854
0.2878788 0.3787879
0.4222222 0.2962963
0.1985816 0.6170213
0.08029197 0.4379562
0.9270073 0.6277372
0.4963504 0.7518248
0.731884 0.3405797
0.1111111 0.2370370
0.617647 0.8602941
0.4233577 0.7372263
0.03787879 0
0.5851852 0.2814815
0.5390071 0.1276596
0.5407407 0.3259259
0.4 0.3481481
0.469697 0.06060606
0.919708 0.9635036
0.8897059 0.5147059
0.5 0.976923
0.5328467 0.4233577
0.8455882 0.9191176
0.03846154 0.2
0.9318182 0.8636364
0.8538462 0.6461538
0.9779412 0.6029412
0.8759124 0.6350365
0.4924242 0.3939394
0.2536232 0.7971014
0.6715328 0.6569343
0.7883212 0.1021898
0.6350365 0.1167883
0.2246377 0.007246377
0.9153846 0.5769231
0.7538462 0.2615385
0.06666667 0.1259259
0.7307692 0.5461538
0.1590909 0.9242424
0.4 0.2666667
0.1111111 0.2518519
0.5454545 0.8333333
0.858156 0.8510638
0.7555556 0.7333333
0.4927536 0.9202899
0.5384615 0.5461538
0.3037037 0.1481481
0.5797101 0.4565217
0.4518519 0.07407407
0.742647 0.8970588
0.7352941 0.5220588
0.469697 0.4772727
0.7941176 0.3455882
0.5390071 0.1418440
0.9555556 0.7851852
0.3211679 0.8832117
0.1481481 0.2370370
0.1851852 0.2518519
0.5144928 0.3695652
0.5588235 0.2720588
0.8088235 0.742647
0.2740741 0.5777778
0.9416058 0.4379562
0.7226277 0.8175182
0.4379562 0.7372263
0.3049645 0.2695035
0.4538462 0.4153846
0.7045455 0.1818182
0.3405797 0.7753623
0.442029 0.9275362
0.6230769 0.7846154
0.8560606 0.4015152
0.007352941 0.02205882
0.3484848 0.7348485
0.6014493 0.2246377
1 0.6277372
0.4444444 0.8814815
0.4769231 0.7384615
0.2898551 0.8985507
0.6666667 0.4927536
0.3181818 0.06060606
0.919708 0.2554745
0.2814815 0.3555556
0.1363636 0.6287879
0.632353 0.04411765
0.5147059 0.3014706
0.9090909 0.4469697
0.925926 0.4740741
0.2651515 0.2045455
0.9781022 0.6715328
0.7536232 0.0942029
0.007692308 0.5769231
0.01418440 0.5106383
0.5851852 0.1037037
0.3560606 0.7651515
0.2536232 0.3913043
0.6461538 0.1923077
0.7037037 0.8814815
0.1629630 0.1185185
0.3115942 0.6811594
0.2076923 0.3153846
0.3481481 0.5925926
0.5547445 0.4890511
0.8913043 0.4347826
0.8308824 0.05882353
0.2898551 0.1811594
0.7801418 0.716312
0.9307692 0.2230769
0.8560606 0.5227273
0.02307692 0.03846154
0.7185185 0.5259259
0.2148148 0.5925926
0.1481481 0.02962963
0.5547445 0.03649635
0.2538462 0.4923077
0.3538462 0.2461538
0.7246377 0.9855072
0.9051095 0.4306569
0.5703704 0.874074
0.4160584 0.9489051
0.4379562 0.9489051
0.5846154 0.6538462
0.1897810 0.1970803
0.1555556 0.1037037
0.7608696 0.7536232
0.3333333 0.9555556
0.4927536 0.768116
0.1489362 0.7092199
0.0923077 0.2692308
0.2666667 0.9037037
0.8321168 0.8248175
0.1594203 0.6521739
0.3284672 0.4233577
0.1884058 0.731884
