0.7918227 0.3092864 0.7041978 0.7655556 0.1150519
0.9131128 0.4989666 0.3180826 0.5839254 0.5914833
0.6705303 0.04219129 0.5716123 0.8152469 0.2696136
0.1711539 0.1572897 0.4884252 0.7784785 0.4671253
0.6409276 0.3339379 0.2971981 0.9031987 0.1416904
0.2849400 0.3834933 0.5538626 0.1381309 0.6200656
0.060009 0.5810168 0.5120499 0.3290327 0.5679941
0.2198437 0.1451501 0.08831219 0.6964731 0.8340875
0.4313975 0.4696952 0.5818119 0.5404189 0.3767162
0.6016705 0.7356427 0.8043085 0.7227662 0.2559648
0.06017129 0.5946934 0.8873428 0.9408234 0.6159342
0.8785069 0.2251256 0.4218968 0.3932671 0.4898351
0.5239863 0.3761701 0.6761677 0.776412 0.04392071
0.8724783 0.3930242 0.8323046 0.4422965 0.3190449
0.3676261 0.4191172 0.8466915 0.1364437 0.4600452
0.9791952 0.8928033 0.9606072 0.6599564 0.6593856
0.02508611 0.703278 0.6227598 0.3525266 0.6936793
0.2156654 0.3693765 0.5329068 0.677043 0.1045765
0.3094610 0.1321317 0.615118 0.2429375 0.4696776
0.2033591 0.9043682 0.4497264 0.1068119 0.02792815
0.8641954 0.0548196 0.9227898 0.4344773 0.6453766
0.3469503 0.8222525 0.09523955 0.883934 0.5208349
0.4520813 0.3316826 0.6522056 0.1837959 0.4233926
0.4647719 0.4363854 0.897816 0.1734003 0.9209784
0.9759546 0.9241281 0.1176723 0.6452601 0.3283310
0.02126359 0.6766981 0.7231581 0.3331069 0.4922493
0.2929361 0.4998602 0.1790552 0.1100369 0.6677842
0.1101556 0.2790037 0.639012 0.3328699 0.1821430
0.762051 0.3018485 0.4931716 0.5493775 0.08724529
0.8294896 0.7680838 0.691526 0.938434 0.9880134
0.8357413 0.8003128 0.3484274 0.719664 0.764887
0.0727559 0.9228905 0.5170633 0.33546 0.5475826
0.6231612 0.7148145 0.1463196 0.5849422 0.8102922
0.331255 0.09054853 0.1822376 0.4543501 0.8077156
0.4556545 0.6143137 0.3575734 0.2769523 0.9167587
0.1729247 0.3376346 0.3692180 0.5479246 0.1236198
0.6712416 0.05900507 0.5280383 0.5530664 0.3453588
0.6275659 0.1620258 0.1798428 0.06087879 0.609213
0.8373192 0.462827 0.4966945 0.6088781 0.5555802
0.3602419 0.5602399 0.6850245 0.789763 0.6326254
0.27877 0.1247032 0.5824182 0.9038323 0.934133
0.6084862 0.8620587 0.2462104 0.3281089 0.3862634
0.5066636 0.4634011 0.3816908 0.7131692 0.7798505
0.07833327 0.8602905 0.3069601 0.8171533 0.4270338
0.3443523 0.2762576 0.3890594 0.839792 0.1543141
0.4326096 0.9740729 0.8680988 0.9760638 0.6913942
0.7195341 0.09563961 0.6282218 0.6623239 0.3456983
0.6856164 0.2296544 0.2981559 0.5601917 0.6587083
0.1213120 0.3152607 0.1543183 0.6566367 0.1929422
0.548885 0.23246 0.9018952 0.5003038 0.06843158
0.03418498 0.8831932 0.1191698 0.9052499 0.4051098
0.6735135 0.3407732 0.8044465 0.07300648 0.873646
0.5163162 0.4209679 0.3943127 0.5976342 0.1649774
0.4116716 0.452776 0.4544049 0.9006782 0.1946578
0.9156445 0.9691982 0.9287969 0.1805440 0.6164286
0.2933201 0.06961454 0.6734613 0.769405 0.3742766
0.5211823 0.2971454 0.5341311 0.2689848 0.1183913
0.6374116 0.1669109 0.2480857 0.5990467 0.3046637
0.2402851 0.6896544 0.2727936 0.4895356 0.5342685
0.165845 0.8187853 0.7488229 0.620594 0.9541323
0.9887077 0.8156999 0.7908037 0.3468786 0.7282834
0.7885431 0.05987625 0.9467802 0.5437028 0.3074603
0.5104781 0.6469035 0.7407882 0.2229092 0.5835159
0.7985981 0.3798019 0.05889454 0.2066011 0.4372938
0.8348753 0.4471132 0.6360208 0.3783797 0.2667773
0.9267033 0.2047643 0.4134017 0.3755582 0.5652619
0.1350852 0.7268825 0.04429106 0.5077467 0.6089327
0.3277102 0.676815 0.1078833 0.2162482 0.07174526
0.5494511 0.835797 0.4482294 0.5098863 0.6758225
0.5623797 0.3745876 0.5414705 0.6563328 0.7738193
0.5492046 0.3082433 0.1686953 0.5655775 0.933142
0.946283 0.6296616 0.8397874 0.2571293 0.2502731
0.3942432 0.5000555 0.4248591 0.3973171 0.758616
0.7595058 0.1353892 0.8300785 0.2529318 0.7621205
0.4292868 0.3996229 0.1432768 0.3844055 0.8162518
0.1677769 0.4356195 0.9498593 0.8233963 0.9785594
0.7017009 0.7393248 0.1330468 0.5954599 0.7090638
0.337364 0.701546 0.2176209 0.1804487 0.5838928
0.6532878 0.1626196 0.3343541 0.1737567 0.6762785
0.1383225 0.6017261 0.2504479 0.8686242 0.54294
0.0743801 0.05681854 0.8917124 0.1660474 0.896711
0.3890683 0.6792232 0.3455242 0.7927073 0.07045631
0.846737 0.533755 0.4014324 0.4373416 0.564553
0.1806878 0.3837364 0.380978 0.4453366 0.8674816
0.1880876 0.91557 0.9483775 0.9145881 0.210953
0.6153342 0.2506447 0.09782914 0.68199 0.7936147
0.3910505 0.527764 0.2707654 0.5496709 0.3131299
0.09716967 0.6144463 0.2010657 0.2204607 0.5672729
0.3113012 0.2981557 0.6375201 0.192365 0.4791383
0.5343603 0.2292323 0.7716423 0.724602 0.5748779
0.9476975 0.9869607 0.7772059 0.7573634 0.3246999
0.7379707 0.7815712 0.05114198 0.9650332 0.5494972
0.2737447 0.4912354 0.661689 0.738129 0.2623889
0.5983995 0.7604484 0.3900582 0.04892163 0.2220617
0.4292569 0.853618 0.4428273 0.6504597 0.3889653
0.2753608 0.9429042 0.2219528 0.4604176 0.3871685
0.5934063 0.15893 0.7501213 0.0270768 0.5177825
0.6514358 0.2992222 0.6835151 0.08637397 0.2311712
0.08128686 0.491169 0.8390534 0.4352036 0.5077585
0.7454391 0.5719134 0.3919711 0.5567799 0.6426607
0.7691478 0.4763735 0.3295096 0.2017842 0.5557208
0.9439962 0.9263855 0.6522454 0.813445 0.2717946
0.2166955 0.4213939 0.5093496 0.4308282 0.4134933
0.7747687 0.7329298 0.1725283 0.8205013 0.2268979
0.7348693 0.4372308 0.449912 0.09540444 0.4043943
0.8057098 0.193347 0.4423573 0.9210555 0.7979828
0.9862438 0.6910218 0.7435066 0.1480135 0.5861964
0.7434396 0.3324743 0.679022 0.2037484 0.1166969
0.6175252 0.6494825 0.1961774 0.3393956 0.1887576
0.6925851 0.1268061 0.6290035 0.2338391 0.8482062
0.5848332 0.08549838 0.06055375 0.9030816 0.2002776
0.9019415 0.4020416 0.6620001 0.3296171 0.780454
0.07492636 0.8021408 0.5688492 0.4022698 0.4604267
0.553017 0.2125149 0.3437155 0.2989622 0.4372971
0.8046448 0.1740654 0.9269536 0.9427196 0.908116
0.2439309 0.64013 0.223611 0.1324941 0.6666582
0.8320766 0.3990652 0.5488519 0.2245183 0.5678111
0.3302726 0.0814649 0.6122283 0.222988 0.2244521
0.5401615 0.3305536 0.3263805 0.6325238 0.1193790
0.4292158 0.5324551 0.2879995 0.7888252 0.7161955
0.5535754 0.9430594 0.9881846 0.7295882 0.7315996
0.3245606 0.741089 0.7647999 0.05161859 0.9566114
0.537491 0.2543796 0.4935761 0.6755616 0.7294024
0.2779915 0.5954317 0.7400729 0.3786436 0.0480436
0.2429298 0.4299111 0.8492636 0.4451166 0.6625798
0.3823653 0.2871563 0.9613923 0.2335302 0.4829767
0.3813548 0.6108497 0.1746175 0.7644025 0.02429875
0.5209741 0.6695901 0.2730962 0.6697465 0.08052965
0.2379945 0.08354404 0.4847456 0.8281827 0.4361377
0.5012153 0.7625856 0.5842491 0.3848003 0.5625687
0.6512099 0.7814763 0.4803244 0.3496055 0.2177208
0.5271396 0.9487202 0.9228922 0.6613002 0.8102383
0.2754391 0.2010071 0.4111461 0.5010298 0.4286083
0.4240488 0.7708129 0.7197934 0.1898290 0.82794
0.2089044 0.7338454 0.4336214 0.4613068 0.08527479
0.4004093 0.8175333 0.2073503 0.4272168 0.9052469
0.7969053 0.9826324 0.6703353 0.7421253 0.1528333
0.5852517 0.7566284 0.3256729 0.6576873 0.1839671
0.1069087 0.6539479 0.6436856 0.2156394 0.3357001
0.1925203 0.6909331 0.1276676 0.6299771 0.2201746
0.850537 0.5960144 0.08492441 0.05704127 0.9032966
0.2199222 0.9070395 0.4041959 0.6448599 0.3066951
0.7883971 0.08646623 0.7917758 0.5767841 0.3971196
0.4825803 0.5498771 0.2175769 0.3175036 0.2578841
0.4397183 0.7803564 0.1526792 0.9416885 0.950258
0.8934107 0.2476284 0.6617137 0.2016783 0.1466404
0.647629 0.8320033 0.4022784 0.5447025 0.2085563
0.55898 0.3312405 0.07443795 0.6047332 0.2452418
0.2321447 0.5508207 0.3394038 0.3281473 0.6444345
0.1179109 0.4055989 0.5249505 0.2937337 0.8031533
0.7415756 0.5513664 0.9236078 0.9835543 0.6940409
0.711771 0.3367432 0.7198725 0.7751211 0.05426705
0.9443134 0.5356418 0.2095620 0.4948566 0.688623
0.7182024 0.2764334 0.572408 0.7457035 0.3791717
0.05320597 0.2533953 0.4221383 0.8154065 0.4305866
0.703507 0.3731139 0.3293313 0.9532579 0.2365812
0.5104292 0.3859321 0.6457255 0.1853368 0.7865692
0.0574429 0.514013 0.7000875 0.2673268 0.6607082
0.0877457 0.2350271 0.07855771 0.5545488 0.8018498
0.4312763 0.5114543 0.7953125 0.5895597 0.3919134
0.5499439 0.628433 0.7830097 0.5635874 0.3727424
0.2206583 0.5014742 0.9618136 0.9647635 0.6716025
0.8403599 0.2373804 0.1784353 0.3846036 0.4970813
0.4221321 0.4208303 0.7580813 0.6961083 0.1935662
0.797684 0.1926336 0.7363153 0.4366415 0.4667339
0.07572075 0.3918181 0.805671 0.2108635 0.4143923
0.9331474 0.8037402 0.9658575 0.6703577 0.691604
0.1416767 0.5768224 0.7750904 0.3131085 0.6452787
0.1708508 0.09900647 0.6584473 0.6230335 0.2164356
0.3462808 0.1919661 0.6687327 0.1514647 0.6497293
0.2274974 0.8514762 0.607457 0.08753857 0.0642524
0.916833 0.2056519 0.904583 0.3844617 0.6207818
0.2883511 0.7910036 0.1006851 0.7821822 0.5643125
0.4010255 0.4656915 0.5475508 0.1930419 0.3178518
0.3184309 0.4635174 0.7675591 0.1362485 0.9253636
0.9420765 0.8898455 0.2226155 0.6802353 0.1825713
0.1152613 0.6206792 0.8160064 0.3882175 0.5200758
0.3171157 0.5469381 0.2739193 0.07840228 0.5903232
0.2441748 0.2616904 0.5753217 0.3375727 0.2980516
0.639609 0.1244622 0.4800752 0.5290494 0.2168544
0.749781 0.764148 0.5461006 0.911399 0.9659673
0.6796921 0.7124686 0.3407388 0.710712 0.773647
0.05826159 0.9443045 0.5328318 0.1906079 0.4966134
0.6954665 0.7115957 0.2700886 0.5690357 0.7348517
0.3814890 0.05649702 0.2570925 0.4315452 0.8054503
0.4201972 0.7186847 0.3722948 0.3360522 0.9537055
0.2335546 0.5136989 0.3989728 0.6529743 0.1870408
0.7954696 0.0792286 0.5182393 0.698573 0.2652521
0.645176 0.09788885 0.2327259 0.0785353 0.5737649
0.8017297 0.4289172 0.5111186 0.8045042 0.5885444
0.4015833 0.5510398 0.6120711 0.7755122 0.591895
0.3758765 0.2189249 0.4904852 0.968985 0.9744972
0.68377 0.8630548 0.2189881 0.1813116 0.3731686
0.4920644 0.4230845 0.4206162 0.7576934 0.6993221
0.1895490 0.7968986 0.2044328 0.7397145 0.442306
0.4637879 0.07607267 0.3836195 0.8056199 0.2046631
0.4148714 0.9320863 0.8113863 0.9606698 0.6603733
0.6739093 0.1369876 0.5685528 0.7810173 0.3114858
0.6424914 0.1589839 0.09995383 0.674114 0.6123787
0.2162841 0.3498874 0.1890992 0.6505959 0.1548632
0.65749 0.2365389 0.8568297 0.61342 0.0942085
0.076629 0.9190222 0.2009141 0.900271 0.3702260
0.6153834 0.2993780 0.7783306 0.1125372 0.7712383
0.5597501 0.4060569 0.4546295 0.5481735 0.1781570
0.3274344 0.3428915 0.4685089 0.7738436 0.1425837
0.9230492 0.9431062 0.895004 0.2108926 0.6794722
0.1845377 0.1027210 0.6186848 0.8053502 0.3774296
0.517069 0.353074 0.5414994 0.2576961 0.07562471
0.5853213 0.2347763 0.2700646 0.5816035 0.3357694
0.2798964 0.6429545 0.1317437 0.5078994 0.5286864
0.2090283 0.7340899 0.7680602 0.5421864 0.9069638
0.9608289 0.6826092 0.7207042 0.3333264 0.7120175
0.781207 0.05677298 0.9454783 0.5307878 0.1866633
0.4946396 0.7037613 0.7172912 0.2647993 0.5636932
0.7426906 0.3774489 0.05510313 0.2622093 0.4264755
0.8006205 0.41497 0.7385756 0.375191 0.3448697
0.9534815 0.2339121 0.5104872 0.4054225 0.6674425
0.1905208 0.7978894 0.0805486 0.518565 0.7147387
0.2649730 0.6284413 0.09482726 0.2332452 0.08122581
0.5775173 0.7932226 0.434895 0.5080596 0.8104194
0.5831669 0.4035188 0.546801 0.6063904 0.7838961
0.5916603 0.3747276 0.2158322 0.483178 0.9740587
0.9813299 0.6918123 0.854893 0.221585 0.1802436
0.3694702 0.4860132 0.4234841 0.4127779 0.7561449
0.7048146 0.1912841 0.7951793 0.2104173 0.7555942
0.4413365 0.4551321 0.07639882 0.3852244 0.8065012
0.2103816 0.4110371 0.9368558 0.8173563 0.951128
0.6522864 0.6652163 0.1359382 0.5708367 0.7844411
0.3039093 0.6449115 0.1554551 0.100378 0.6761357
0.6051339 0.214269 0.3466803 0.1846196 0.6415889
0.1536163 0.6566633 0.2421592 0.8473237 0.6162906
0.09308569 0.07609311 0.9147005 0.1986624 0.8997174
0.3687836 0.6107277 0.3043893 0.7783459 0.1079002
0.7708258 0.5557015 0.4040643 0.4464114 0.5465114
0.1729370 0.3158591 0.3402603 0.4734992 0.7746706
0.1441781 0.909098 0.944919 0.8977655 0.2123521
0.6883074 0.1874947 0.1008202 0.616326 0.7938753
0.3804989 0.5071529 0.355017 0.5397969 0.2564640
0.07586775 0.5823282 0.2376392 0.2681312 0.5866953
0.3291247 0.2787359 0.6453349 0.1394337 0.5049869
0.5327819 0.201256 0.7246717 0.7696491 0.5419485
0.909406 0.961759 0.6852581 0.7046927 0.3257038
0.6721787 0.7791982 0.0487334 0.9561956 0.5303378
0.2141967 0.4792736 0.732562 0.6887564 0.268302
0.5561998 0.7227401 0.3805715 0.04631068 0.2649639
0.4314212 0.7838034 0.4183121 0.7403035 0.3813354
0.3425674 0.958037 0.2199956 0.5163248 0.3845088
0.6945741 0.1759269 0.8170602 0.07703052 0.5119204
0.71565 0.2457665 0.6301904 0.08585656 0.2298233
0.0733517 0.5702924 0.787613 0.436098 0.5135924
0.8182789 0.5874482 0.3830609 0.5437443 0.6028405
0.7643199 0.6045143 0.3581238 0.2242024 0.4829162
0.9812208 0.9906333 0.6944135 0.854318 0.2469947
0.1586943 0.4059549 0.4772477 0.4162137 0.4200063
0.7326701 0.6845931 0.2073845 0.8358212 0.1804242
0.8596598 0.4231166 0.4233848 0.06686931 0.3775755
0.8308972 0.2094250 0.3912702 0.9424255 0.8161488
0.9444198 0.6596039 0.6787437 0.1521457 0.5661699
0.8155628 0.3004562 0.636091 0.1432501 0.08661955
0.6235772 0.593845 0.2165526 0.3318106 0.1875634
0.6570464 0.1349597 0.6759278 0.2388577 0.8172177
0.6219491 0.1051042 0.05323512 0.920516 0.2170628
0.9047681 0.3665369 0.6337277 0.2950678 0.7711792
0.1031370 0.7590764 0.5467668 0.3900853 0.4478616
0.538504 0.1988196 0.331323 0.312082 0.4864505
0.774026 0.1299718 0.9261736 0.948032 0.897531
0.2365409 0.7121895 0.1642798 0.1186130 0.6200218
0.8296816 0.3838489 0.5264156 0.3473025 0.5508054
0.2909047 0.06883095 0.566561 0.2296471 0.2484238
0.5848001 0.32173 0.298108 0.6678691 0.1368858
0.5025803 0.5284557 0.2345586 0.7737854 0.784293
0.5329337 0.915418 0.9610824 0.6705532 0.6931461
0.3178835 0.6680868 0.7482557 0.04729971 0.9499928
0.534688 0.2321546 0.4796555 0.7509053 0.690619
0.2610576 0.5703902 0.6883121 0.3813146 0.04217451
0.2652568 0.4216905 0.7875867 0.4206602 0.7034374
0.3741951 0.323398 0.9542653 0.2145441 0.5195807
0.3660587 0.7117968 0.1687947 0.8176735 0.07217057
0.5022444 0.7102648 0.2369293 0.6364106 0.082242
0.2268235 0.06552666 0.5580259 0.7801744 0.4379987
0.5238046 0.7765094 0.5905013 0.3696609 0.5377971
0.6189726 0.762848 0.6224485 0.3477291 0.2200263
0.4820096 0.9596382 0.9533252 0.7041286 0.824443
0.2565057 0.152861 0.4276139 0.4936511 0.4137358
0.4278757 0.719053 0.6792905 0.2130411 0.8897405
0.173455 0.9204841 0.4097439 0.4107869 0.05968222
0.3765820 0.8587905 0.2139057 0.3860936 0.9319355
0.8128094 0.9595006 0.6799915 0.7009258 0.1549077
0.5698684 0.7946192 0.2913663 0.6320703 0.1339608
0.08574676 0.6222081 0.6005903 0.2181585 0.3191297
0.18174 0.6685824 0.1245461 0.684203 0.2340463
0.8216526 0.6213206 0.1165349 0.05195719 0.9357945
0.2271894 0.9102418 0.3654499 0.6344539 0.2876844
0.776781 0.1020131 0.7387089 0.5419965 0.383629
0.4515763 0.5285275 0.2111199 0.3499690 0.3189915
0.5053315 0.7351236 0.1278374 0.9646738 0.9698671
0.9219836 0.2622653 0.7510666 0.1575588 0.1359525
0.6192692 0.8830183 0.3723938 0.5262036 0.3407989
0.5679901 0.2987064 0.06407124 0.5751976 0.2358282
0.2364253 0.5816783 0.3173652 0.3070617 0.6976999
0.1401332 0.4933115 0.5405361 0.2416267 0.9138671
0.7984986 0.5236291 0.916671 0.9764652 0.6481594
0.6809332 0.3156437 0.6723202 0.752569 0.04638529
0.9508419 0.5333165 0.2334119 0.4784771 0.7459063
0.6831881 0.2673903 0.5712779 0.6907101 0.3784919
0.04373405 0.2671850 0.4260917 0.7838482 0.4209939
0.7016448 0.3750374 0.3236293 0.9484143 0.2115961
0.5262455 0.3647253 0.7211212 0.1707765 0.813602
0.07339949 0.5034418 0.7117714 0.2419637 0.6358401
0.08258311 0.2253967 0.06418372 0.5548094 0.779713
0.4355411 0.5184085 0.787925 0.595664 0.370564
0.5352656 0.6171132 0.7690979 0.625973 0.3479612
0.2206155 0.4807458 0.9565434 0.9532188 0.7142657
0.8189495 0.2561328 0.1522153 0.4223573 0.4958106
0.4122233 0.42599 0.7143181 0.6810768 0.2176064
0.8916418 0.1751606 0.9237206 0.4091544 0.4107476
0.06291727 0.3767379 0.8606101 0.216229 0.381655
0.9296602 0.8112962 0.954771 0.6855893 0.7034535
0.155211 0.5697336 0.7936852 0.2929348 0.6335675
0.1383393 0.08513288 0.6172617 0.5999743 0.2175727
0.3209401 0.1830792 0.6685752 0.1238736 0.6907419
0.2321944 0.820506 0.6209313 0.1187399 0.05178999
0.9368633 0.2298750 0.9079325 0.3649774 0.637282
0.2883425 0.7812599 0.1025673 0.7383933 0.542852
0.3814195 0.4526461 0.524202 0.2098275 0.3531888
0.3219682 0.5001502 0.7324158 0.1274118 0.963148
0.9722138 0.932914 0.2610687 0.7598256 0.1600841
0.13948 0.6184075 0.88336 0.3684709 0.5283715
0.339731 0.5655857 0.2992799 0.06471584 0.5749016
0.2385199 0.2376456 0.5775077 0.3178570 0.3064056
0.6917025 0.1453818 0.4962642 0.5337089 0.2446181
0.9196942 0.7951313 0.5206745 0.912607 0.979354
0.6470651
