11 109 4 15 136
24 129 137 3 117
1 105 22 51 91
107 103 83 100 71
34 7 110 30 114
118 38 86 115 139
145 90 50 76 64
104 124 108 5 84
62 134 8 13 69
31 80 58 33 126
119 57 92 19 43
95 9 61 55 146
66 63 29 77 148
56 98 59 45 37
149 54 46 142 16
75 23 79 96 60
140 47 111 18 48
93 128 131 26 147
14 138 99 150 113
81 102 130 144 151
88 122 17 35 49
27 52 141 2 28
41 12 44 125 73
123 106 42 40 97
36 101 143 85 67
135 6 10 39 70
121 116 78 94 89
127 120 82 25 32
53 133 21 132 112
74 20 72 65 87
68 11 138 4 15
145 24 119 111 3
117 1 105 22 51
91 146 139 83 100
71 34 7 115 30
109 128 38 86 124
107 137 90 50 76
64 103 148 126 5
84 62 129 8 13
69 31 80 58 33
135 108 57 92 19
43 95 9 61 55
143 66 63 29 77
131 56 98 59 45
37 127 54 46 141
16 75 23 79 96
60 142 47 133 18
48 93 116 112 26
123 14 110 99 118
121 81 102 140 114
132 88 104 17 35
49 27 52 120 2
28 41 12 44 149
73 113 130 42 40
97 36 101 150 85
67 144 6 10 39
70 106 134 78 94
89 136 147 82 25
32 53 151 21 122
125 74 20 72 65
87 68 11 135 4
15 118 24 138 124
3 110 1 151 22
51 91 144 104 83
100 71 34 7 119
30 133 117 38 86
121 148 103 90 50
76 64 105 146 134
5 84 62 143 8
13 69 31 80 58
33 136 131 57 92
19 43 95 9 61
55 125 66 63 29
77 142 56 98 59
45 37 122 53 46
107 16 75 23 79
96 60 149 47 147
18 48 93 112 130
27 129 14 123 99
141 113 81 102 132
126 128 88 116 17
35 49 26 52 109
2 28 41 12 44
108 73 139 115 42
40 97 36 101 137
85 67 150 6 10
39 70 111 127 78
94 89 114 106 82
25 32 54 140 21
145 120 74 20 72
65 87 68 11 113
4 15 110 24 137
120 3 127 1 111
22 51 91 130 126
83 100 71 34 7
118 30 135 112 38
86 141 109 146 90
50 76 64 136 133
114 5 84 62 150
8 13 69 31 80
58 33 115 122 57
92 19 43 95 9
61 55 131 66 63
29 77 103 56 98
59 45 37 121 54
46 107 16 75 23
79 96 60 125 47
148 18 48 93 129
119 27 108 14 151
99 149 140 81 102
147 116 123 88 128
17 35 49 26 52
132 2 28 41 12
44 144 73 106 145
42 40 97 36 101
117 85 67 139 6
10 39 70 104 134
78 94 89 124 138
82 25 32 53 143
21 142 105 74 20
72 65 87 68 11
116 4 15 143 24
132 134 3 125 1
142 22 51 91 108
139 83 100 71 34
7 144 30 126 138
38 86 109 149 113
90 50 76 64 145
112 118 5 84 62
111 8 13 69 31
80 58 33 147 148
57 92 19 43 95
9 61 55 103 66
63 29 77 114 56
98 59 45 37 136
54 46 151 16 75
23 79 96 60 104
47 130 18 48 93
105 146 27 120 14
110 99 133 123 81
102 106 135 119 88
107 17 35 49 26
52 129 2 28 41
12 44 127 73 141
117 42 40 97 36
101 122 85 67 128
6 10 39 70 150
131 78 94 89 137
115 82 25 32 53
121 21 140 124 74
20 72 65 87 68
11 133 4 15 138
24 104 114 3 108
1 116 22 51 91
130 131 83 100 71
34 7 125 30 112
150 38 86 107 148
143 90 50 76 64
137 128 132 5 84
62 110 8 13 69
31 80 58 33 103
129 57 92 19 43
95 9 61 55 119
66 63 29 77 145
56 98 59 45 37
136 54 46 139 16
75 23 79 96 60
106 47 141 18 48
93 140 109 26 120
14 127 99 113 146
81 102 105 115 151
88 118 17 35 49
27 52 123 2 28
41 12 44 142 73
144 135 42 40 97
36 101 126 85 67
121 6 10 39 70
147 149 78 94 89
111 117 82 25 32
53 124 21 134 122
74 20 72 65 87
68 11 148 4 15
113 24 119 140 3
135 1 123 22 51
91 109 145 83 100
71 34 7 104 30
141 118 38 86 126
108 111 90 50 76
64 107 120 115 5
84 62 128 8 13
69 31 80 58 33
114 133 57 92 19
43 95 9 61 55
146 66 63 29 77
144 56 98 59 45
37 147 54 46 138
16 75 23 79 96
60 116 47 121 18
48 93 137 122 27
130 14 129 99 149
139 81 102 143 110
150 88 151 17 35
49 26 52 125 2
28 41 12 44 105
73 142 117 42 40
97 36 101 106 85
67 134 6 10 39
70 132 131 78 94
89 124 103 82 25
32 53 136 21 127
112 74 20 72 65
87 68 11 143 4
15 109 24 122 137
3 132 1 108 22
51 91 148 140 83
100 71 34 7 149
30 119 136 38 86
124 112 116 90 50
76 64 129 115 138
5 84 62 104 8
13 69 31 80 58
33 110 120 57 92
19 43 95 9 61
55 130 66 63 29
77 144 56 98 59
45 37 111 53 46
147 16 75 23 79
96 60 151 47 103
18 48 93 150 118
26 123 14 114 99
146 106 81 102 107
141 126 88 139 17
35 49 27 52 133
2 28 41 12 44
113 73 127 128 42
40 97 36 101 121
85 67 145 6 10
39 70 117 142 78
94 89 131 125 82
25 32 54 135 21
134 105 74 20 72
65 87 68 11 114
4 15 131 24 146
125 3 137 1 140
22 51 91 143 119
83 100 71 34 7
120 30 122 124 38
86 149 107 110 90
50 76 64 138 126
106 5 84 62 148
8 13 69 31 80
58 33 105 147 57
92 19 43 95 9
61 55 136 66 63
29 77 135 56 98
59 45 37 134 54
46 150 16 75 23
79 96 60 121 47
115 18 48 93 104
116 27 103 14 145
99 112 113 81 102
127 144 151 88 133
17 35 49 26 52
132 2 28 41 12
44 108 73 141 118
42 40 97 36 101
109 85 67 128 6
10 39 70 111 123
78 94 89 129 142
82 25 32 53 117
21 130 139 74 20
72 65 87 68 11
127 4 15 108 24
117 145 3 146 1
148 22 51 91 113
130 84 100 71 34
7 143 30 103 122
38 86 141 149 137
90 50 76 64 133
120 118 5 83 62
150 8 13 69 31
80 58 33 116 142
57 92 19 43 95
9 61 55 131 66
63 29 77 107 56
98 59 45 37 138
54 46 110 16 75
23 79 96 60 125
47 119 18 48 93
106 104 27 109 14
115 99 147 132 81
102 111 114 139 88
128 17 35 49 26
52 140 2 28 41
12 44 124 73 134
123 42 40 97 36
101 112 85 67 136
6 10 39 70 121
105 78 94 89 129
151 82 25 32 53
144 21 126 135 74
20 72 65 87 68
11 125 4 15 122
24 143 131 3 148
1 129 22 51 91
112 108 83 100 71
34 7 134 30 127
132 38 86 141 110
120 90 50 76 64
106 118 142 5 84
62 114 8 13 69
31 80 58 33 146
147 57 92 19 43
95 9 61 55 113
66 63 29 77 124
56 98 59 45 37
149 54 46 104 16
75 23 79 96 60
136 47 140 18 48
93 117 150 27 121
14 137 99 138 115
81 102 144 135 107
88 103 17 35 49
26 52 119 2 28
41 12 44 105 73
109 133 42 40 97
36 101 111 85 67
139 6 10 39 70
145 126 78 94 89
130 116 82 25 32
53 128 21 151 123
74 20 72 65 87
68
