0.4896648 0.1845320 0.5032343 0.5399836 0.1882483
0.5197404 0.1808054 0.1948601 0.5115079 0.1851630
0.4906408 0.1717173 0.5113634 0.50157 0.5085525
0.1972579 0.2015672 0.5123872 0.5381964 0.490118
0.5382214 0.5210024 0.1813934 0.4840827 0.1838008
0.1885283 0.5382793 0.5150273 0.1906529 0.178572
0.1871158 0.5152894 0.5319972 0.5278843 0.4968003
0.1726645 0.1845195 0.1765374 0.5078667 0.5088143
0.5142885 0.1998731 0.5026795 0.483331 0.525658
0.488056 0.5144427 0.5052337 0.5066026 0.1754470
0.1912695 0.4702741 0.5284723 0.543352 0.5563499
0.4866544 0.4982246 0.4960377 0.5179188 0.2035334
0.4809374 0.5033542 0.5096657 0.5551354 0.1698561
0.4763851 0.5505268 0.5272793 0.5008613 0.5308052
0.1863444 0.5025992 0.4975441 0.1918868 0.4894458
0.4805196 0.5129917 0.5278983 0.5118327 0.5093003
0.1704782 0.5293279 0.1862884 0.5011111 0.5110719
0.5175461 0.1728729 0.1966298 0.525341 0.179345
0.5240683 0.1917668 0.4913143 0.1695453 0.1905269
0.4780886 0.495987 0.1872520 0.1989345 0.1847513
0.4745392 0.1785927 0.4969255 0.5112257 0.5095424
0.4975698 0.5351633 0.1941893 0.5325994 0.5170544
0.4866518 0.5158002 0.5181902 0.1767543 0.498079
0.1896782 0.1722854 0.5082503 0.5174439 0.499336
0.5110943 0.5398907 0.1705891 0.4672333 0.546958
0.1812394 0.4956673 0.5150061 0.5250113 0.5297071
0.1926206 0.1758193 0.4891266 0.5091936 0.549955
0.1867286 0.1789635 0.5062049 0.5008465 0.5129031
0.5020521 0.1989934 0.492893 0.198176 0.1789795
0.5076626 0.5043404 0.4948479 0.476895 0.5213551
0.5166597 0.4897307 0.1934171 0.498062 0.5240792
0.1893511 0.5124804 0.1818478 0.1971824 0.5204678
0.1895915 0.4894552 0.1755539 0.5032955 0.4969541
0.508867 0.1946821 0.2018429 0.495483 0.5219414
0.4843592 0.5294741 0.5100941 0.1833543 0.4748716
0.1867132 0.1923391 0.5476466 0.4962443 0.1905827
0.1839707 0.1946476 0.5060808 0.51701 0.5269367
0.4793586 0.1697577 0.1834883 0.1796665 0.4949363
0.5111086 0.5074542 0.2006017 0.5034283 0.4815386
0.5078798 0.4783678 0.5038472 0.4992176 0.4920292
0.1751415 0.2007927 0.485146 0.5028676 0.5301391
0.5484065 0.4792043 0.5094734 0.4917493 0.5102
0.2019359 0.4690855 0.4975517 0.5132134 0.5317312
0.1702307 0.4615254 0.5385624 0.5123354 0.4905066
0.5271455 0.1876904 0.4857145 0.4931186 0.1944290
0.4845459 0.4738516 0.5120793 0.5196899 0.504075
0.5058987 0.1695446 0.5231282 0.1886388 0.4711683
0.4971549 0.5211882 0.1788012 0.1976259 0.5124817
0.1813505 0.5113144 0.1990182 0.4873863 0.1692773
0.1896871 0.4590236 0.4812614 0.187627 0.2006125
0.1832406 0.4693229 0.1848129 0.500704 0.5011523
0.5182829 0.4946088 0.5241266 0.2021889 0.5264825
0.5012463 0.4937618 0.5075792 0.5109432 0.1793339
0.4861635 0.1882343 0.1765446 0.496175 0.5084078
0.4853472 0.5011478 0.5248244 0.1729389 0.4626485
0.5461999 0.1826984 0.4964918 0.5146193 0.5089728
0.5295368 0.1970671 0.1823877 0.4764348 0.4928026
0.5520374 0.1917797 0.1848630 0.4819947 0.4862827
0.4994254 0.4824253 0.2021379 0.4873424 0.2012298
0.1849709 0.5044464 0.5017976 0.4817794 0.4780575
0.507354 0.5046218
