0.1729323 0.1203008 0.2030075 0.2030075 0.2105263 0.2180451 0.2105263 0.2556391 0.3458647 0.5263158 0.5263158
0.618705 0.5467626 0.6330935 0.6546763 0.7194245 0.7194245 0.8705036 0.8776978 0.8561151 0.8417266 0.8776978
0.1764706 0.1911765 0.1691176 0.1323529 0.125 0.1176471 0.1102941 0.1544118 0.1397059 0.1397059 0.125
0.5886525 0.5248227 0.6099291 0.716312 0.7092199 0.8794326 0.9007092 0.858156 0.8652482 0.787234 0.8439716
0.5179856 0.5395683 0.676259 0.7194245 0.7266187 0.8705036 0.884892 0.9208633 0.8776978 0.8345324 0.7985612
0.05109489 0.06569343 0.05109489 0.04379562 0.05839416 0.06569343 0.05839416 0.08759124 0.05839416 0.1021898 0.1094891
0.6350365 0.5547445 0.6350365 0.6934307 0.729927 0.729927 0.9051095 0.8613139 0.8832117 0.7883212 0.8759124
0.4411765 0.5735294 0.4191176 0.3529412 0.3235294 0.3970588 0.6544118 0.6911765 0.6911765 0.8161765 0.7352941
0.3435115 0.3664122 0.3206107 0.2442748 0.2366412 0.2290076 0.2366412 0.2519084 0.480916 0.5496183 0.5648855
0.5725191 0.5648855 0.5954198 0.5954198 0.5954198 0.4351145 0.5114504 0.4198473 0.3587786 0.4045802 0.3969466
0.5323741 0.5467626 0.4388489 0.3165468 0.3309353 0.4028777 0.6330935 0.676259 0.6906475 0.7410072 0.7122302
0.618705 0.5467626 0.6330935 0.6546763 0.7194245 0.7194245 0.8705036 0.8776978 0.8561151 0.8417266 0.8776978
0.1450382 0.2366412 0.1755725 0.129771 0.1068702 0.1450382 0.1221374 0.1526718 0.1068702 0.1679389 0.1526718
0.617647 0.5514706 0.6102941 0.6911765 0.6985294 0.6911765 0.6838235 0.6911765 0.5955882 0.5955882 0.617647
0.6350365 0.5547445 0.6350365 0.6934307 0.729927 0.729927 0.9051095 0.8613139 0.8832117 0.7883212 0.8759124
0.617647 0.5514706 0.6102941 0.6102941 0.5661765 0.5441176 0.4485294 0.4191176 0.4191176 0.4338235 0.3970588
0.3381295 0.3884892 0.3165468 0.2446043 0.2374101 0.2374101 0.2230216 0.2446043 0.4028777 0.4892086 0.5323741
0.1985294 0.2867647 0.1911765 0.1911765 0.1985294 0.1764706 0.1544118 0.1838235 0.2058824 0.2941176 0.2352941
0.5179856 0.5467626 0.5539568 0.5323741 0.4676259 0.4388489 0.3597122 0.323741 0.3597122 0.3453237 0.2661871
0.5343511 0.4732824 0.5267176 0.6335878 0.7251908 0.7251908 0.8549618 0.8549618 0.8625954 0.832061 0.832061
0.4264706 0.4191176 0.5220588 0.5367647 0.5220588 0.4632353 0.4044118 0.3676471 0.3382353 0.2720588 0.2941176
0.5073529 0.5514706 0.6102941 0.6764706 0.5955882 0.6029412 0.5294118 0.5220588 0.4779412 0.5 0.4926471
0.2824427 0.2442748 0.2290076 0.1755725 0.1450382 0.1374046 0.1450382 0.1374046 0.1221374 0.1526718 0.1603053
0.5343511 0.4732824 0.5267176 0.6335878 0.7251908 0.7251908 0.8549618 0.8549618 0.8625954 0.832061 0.832061
0.007633588 0.01526718 0.01526718 0.02290076 0.02290076 0.007633588 0.02290076 0.01526718 0.03053435 0.007633588 0.02290076
0.1470588 0.1323529 0.1176471 0.125 0.1029412 0.1029412 0.125 0.1397059 0.1176471 0.1985294 0.1838235
0.1007194 0.1079137 0.08633094 0.07194245 0.05035971 0.05755396 0.04316547 0.03597122 0.05755396 0.05035971 0.04316547
0.3529412 0.3014706 0.3455882 0.4044118 0.3897059 0.3382353 0.3455882 0.2867647 0.2647059 0.2132353 0.2132353
0.2290076 0.2213740 0.2748092 0.3053435 0.2748092 0.2748092 0.2366412 0.2137405 0.09923664 0.05343511 0.06870229
0.07913669 0.1079137 0.07194245 0.05035971 0.0647482 0.05035971 0.05755396 0.03597122 0.05755396 0.05035971 0.07194245
0.4316547 0.4100719 0.4964029 0.6546763 0.676259 0.7194245 0.6978417 0.6402878 0.6258993 0.6330935 0.6402878
0.5367647 0.5 0.4411765 0.3382353 0.2941176 0.3382353 0.6102941 0.6470588 0.7058824 0.8455882 0.8235294
0.08759124 0.1313869 0.0729927 0.04379562 0.05839416 0.05839416 0.05109489 0.04379562 0.05839416 0.08029197 0.05839416
0.5419847 0.5648855 0.5877863 0.5954198 0.5572519 0.4351145 0.5114504 0.3587786 0.3435115 0.4351145 0.3969466
0.617647 0.5514706 0.6102941 0.6102941 0.6617647 0.5588235 0.4779412 0.4044118 0.3676471 0.3823529 0.375
0.2977099 0.2671756 0.3129771 0.3816794 0.4045802 0.3664122 0.3816794 0.3282443 0.3664122 0.3969466 0.3129771
0.5808824 0.5 0.6029412 0.6985294 0.7132353 0.7132353 0.8382353 0.882353 0.8088235 0.8529412 0.8235294
0.05882353 0.07352941 0.08088235 0.02941176 0.02941176 0.007352941 0.02941176 0.007352941 0.01470588 0.02941176 0.007352941
0.05109489 0.1021898 0.04379562 0.02189781 0.01459854 0.01459854 0.02189781 0.00729927 0.01459854 0.00729927 0
0.00729927 0.02189781 0.01459854 0.01459854 0.01459854 0.02189781 0.02189781 0.00729927 0.01459854 0.01459854 0.02919708
0.4264706 0.3897059 0.4044118 0.5073529 0.6102941 0.617647 0.6470588 0.5808824 0.5514706 0.5588235 0.5588235
0.5179856 0.5395683 0.676259 0.7194245 0.7266187 0.8705036 0.884892 0.9208633 0.8776978 0.8345324 0.7985612
0.5488722 0.5864662 0.593985 0.6240602 0.5789474 0.481203 0.3759398 0.3458647 0.3458647 0.3007519 0.3233083
0.617647 0.5735294 0.5955882 0.6617647 0.6397059 0.5882353 0.5147059 0.5367647 0.4852941 0.5294118 0.5147059
0.4411765 0.5735294 0.4191176 0.3529412 0.3235294 0.3970588 0.6544118 0.6911765 0.6911765 0.8161765 0.7352941
0.5367647 0.4632353 0.6029412 0.5588235 0.5808824 0.4926471 0.4117647 0.3970588 0.3970588 0.3529412 0.3161765
0.5343511 0.4732824 0.5267176 0.6335878 0.6641221 0.6335878 0.5343511 0.5343511 0.4961832 0.480916 0.4961832
0.3759398 0.3984962 0.4285714 0.4887218 0.6015038 0.6541353 0.6541353 0.5714286 0.5714286 0.5789474 0.5864662
0.5488722 0.5864662 0.593985 0.6541353 0.6691729 0.6691729 0.887218 0.8421053 0.81203 0.7819549 0.7518797
0.5488722 0.5864662 0.593985 0.6541353 0.6691729 0.6691729 0.887218 0.8421053 0.81203 0.7819549 0.7518797
0.2290076 0.2824427 0.2061069 0.1984733 0.1984733 0.2137405 0.2137405 0.2213740 0.3664122 0.3206107 0.3969466
0.1755725 0.2671756 0.1984733 0.1679389 0.1679389 0.1984733 0.1984733 0.1832061 0.3129771 0.259542 0.2137405
0.618705 0.5467626 0.6330935 0.6546763 0.7194245 0.7194245 0.8705036 0.8776978 0.8561151 0.8417266 0.8776978
0.6350365 0.5547445 0.6350365 0.6934307 0.729927 0.729927 0.9051095 0.8613139 0.8832117 0.7883212 0.8759124
0.617647 0.5514706 0.6102941 0.6911765 0.6102941 0.6029412 0.5294118 0.5294118 0.4926471 0.5147059 0.5
0.2932331 0.3383459 0.2857143 0.2481203 0.2481203 0.2631579 0.3759398 0.556391 0.5639098 0.5864662 0.593985
0.3191489 0.2553191 0.3617021 0.4609929 0.5957447 0.7092199 0.680851 0.6312057 0.6170213 0.6170213 0.6170213
0.5343511 0.4732824 0.5267176 0.6335878 0.6641221 0.6183206 0.5572519 0.5343511 0.4961832 0.4580153 0.5114504
0.4485294 0.4264706 0.4926471 0.4558824 0.4264706 0.4264706 0.3235294 0.3235294 0.2941176 0.2352941 0.2573529
0.1510791 0.1151079 0.2446043 0.2589928 0.3309353 0.294964 0.3453237 0.3597122 0.294964 0.3021583 0.3884892
0.5073529 0.5 0.5882353 0.6764706 0.6102941 0.6029412 0.5294118 0.5220588 0.4852941 0.5073529 0.5
0.2058824 0.1176471 0.2352941 0.2647059 0.2867647 0.2720588 0.2720588 0.2867647 0.2573529 0.1764706 0.2058824
0.5179856 0.5395683 0.676259 0.7194245 0.6618705 0.6258993 0.5107914 0.5395683 0.4964029 0.4892086 0.4460432
0.617647 0.5514706 0.6102941 0.6911765 0.6985294 0.6985294 0.8970588 0.867647 0.867647 0.8235294 0.8014706
0.5725191 0.5648855 0.6564885 0.6946565 0.7099237 0.8473282 0.8931298 0.832061 0.8473282 0.8778626 0.8931298
0.1397059 0.1176471 0.1176471 0.125 0.1323529 0.1397059 0.125 0.1617647 0.1911765 0.1985294 0.2132353
0.617647 0.5735294 0.5955882 0.6838235 0.7132353 0.7132353 0.875 0.875 0.8455882 0.8308824 0.8382353
0.1755725 0.1755725 0.2519084 0.2824427 0.2671756 0.2748092 0.2366412 0.1984733 0.06870229 0.01526718 0.04580153
0.5343511 0.4732824 0.5267176 0.6335878 0.7251908 0.7251908 0.8549618 0.8549618 0.8625954 0.832061 0.832061
0.617647 0.5514706 0.6102941 0.6102941 0.5661765 0.5441176 0.4485294 0.4191176 0.3970588 0.4264706 0.3897059
0.5886525 0.5248227 0.6099291 0.5815603 0.5886525 0.4184397 0.4042553 0.3333333 0.3191489 0.2907801 0.2978723
0.1221374 0.1374046 0.1603053 0.1603053 0.1755725 0.129771 0.1526718 0.129771 0.1526718 0.1679389 0.1603053
0.3235294 0.2941176 0.3235294 0.4044118 0.4117647 0.3676471 0.3308824 0.2941176 0.2647059 0.2352941 0.1838235
0.5343511 0.4732824 0.5267176 0.6335878 0.7251908 0.7251908 0.8549618 0.8549618 0.8625954 0.832061 0.832061
0.09219858 0.1276596 0.05673759 0.07092199 0.01418440 0 0.01418440 0.01418440 0.01418440 0.02127660 0.007092199
0.5886525 0.5248227 0.6099291 0.5815603 0.6170213 0.4397163 0.4184397 0.3546099 0.3333333 0.2907801 0.3191489
0.6350365 0.5547445 0.6350365 0.6934307 0.729927 0.729927 0.9051095 0.8613139 0.8832117 0.7883212 0.8759124
0.3191489 0.2553191 0.3617021 0.4609929 0.5957447 0.7092199 0.680851 0.6312057 0.6170213 0.6170213 0.6170213
0.5488722 0.5864662 0.593985 0.6541353 0.6691729 0.6691729 0.887218 0.8421053 0.81203 0.7819549 0.7518797
0.5808824 0.5 0.6029412 0.6985294 0.7132353 0.7132353 0.8382353 0.882353 0.8088235 0.8529412 0.8235294
0.617647 0.5735294 0.5955882 0.6838235 0.7132353 0.7132353 0.875 0.875 0.8455882 0.8308824 0.8382353
0.02290076 0.02290076 0.03053435 0.03816794 0.1068702 0.1221374 0.129771 0.1450382 0.1603053 0.2290076 0.2442748
0.4632353 0.4852941 0.5220588 0.5294118 0.5735294 0.6029412 0.5220588 0.5220588 0.4852941 0.5 0.4926471
0.5367647 0.5 0.4411765 0.3382353 0.2941176 0.3382353 0.6102941 0.6470588 0.7058824 0.8455882 0.8235294
0.459854 0.4014599 0.459854 0.5474453 0.4817518 0.4452555 0.4306569 0.4160584 0.3503650 0.3649635 0.3065693
0.5343511 0.4732824 0.5267176 0.6335878 0.7251908 0.7251908 0.8549618 0.8549618 0.8625954 0.832061 0.832061
0.2180451 0.2030075 0.2030075 0.1879699 0.1804511 0.1954887 0.1804511 0.1729323 0.1654135 0.1428571 0.1729323
0.5343511 0.4732824 0.4503817 0.3435115 0.3282443 0.3435115 0.5267176 0.6870229 0.7022901 0.8244275 0.8396947
0.5179856 0.5395683 0.676259 0.7194245 0.7266187 0.8705036 0.884892 0.9208633 0.8776978 0.8345324 0.7985612
0.06766917 0.06766917 0.04511278 0.03007519 0.03007519 0.03007519 0.02255639 0.04511278 0.05263158 0.01503759 0.04511278
0.1007194 0.1510791 0.1079137 0.08633094 0.08633094 0.07194245 0.08633094 0.07194245 0.08633094 0.08633094 0.1079137
0.4732824 0.4503817 0.4732824 0.4885496 0.4427481 0.4580153 0.3740458 0.2900763 0.3129771 0.3053435 0.2442748
0.5725191 0.5648855 0.6564885 0.6641221 0.6335878 0.5725191 0.5114504 0.519084 0.4961832 0.5038168 0.4427481
0.4244604 0.4604317 0.4604317 0.3021583 0.2733813 0.3669065 0.589928 0.6690647 0.6834532 0.7553957 0.7122302
0.5725191 0.5648855 0.6564885 0.6946565 0.7099237 0.8473282 0.8931298 0.832061 0.8473282 0.8778626 0.8931298
0.1838235 0.2132353 0.1985294 0.1985294 0.1985294 0.1911765 0.1691176 0.1764706 0.2132353 0.1985294 0.2132353
0.2132353 0.2352941 0.1911765 0.1764706 0.1323529 0.1397059 0.1544118 0.1397059 0.1397059 0.1544118 0.1397059
0.406015 0.406015 0.4736842 0.4887218 0.4661654 0.4285714 0.3759398 0.3233083 0.2932331 0.2556391 0.2781955
0.617647 0.5735294 0.5955882 0.6838235 0.7132353 0.7132353 0.875 0.875 0.8455882 0.8308824 0.8382353
0.1914894 0.2695035 0.1914894 0.1560284 0.1347518 0.1347518 0.1276596 0.1489362 0.1418440 0.1560284 0.1843972
0.617647 0.5514706 0.6102941 0.6911765 0.6985294 0.6985294 0.8970588 0.867647 0.867647 0.8235294 0.8014706
0.381295 0.4172662 0.4604317 0.4460432 0.4604317 0.4532374 0.3956835 0.3597122 0.3597122 0.3021583 0.2805755
0.6350365 0.5547445 0.6350365 0.6934307 0.729927 0.729927 0.9051095 0.8613139 0.8832117 0.7883212 0.8759124
0.4732824 0.4732824 0.4961832 0.5801527 0.5267176 0.519084 0.4274809 0.4274809 0.389313 0.3511450 0.3587786
0.6350365 0.5547445 0.6350365 0.6934307 0.729927 0.729927 0.9051095 0.8613139 0.8832117 0.7883212 0.8759124
0.129771 0.2137405 0.1755725 0.1068702 0.09923664 0.1374046 0.1145038 0.1221374 0.09923664 0.129771 0.1374046
0.5179856 0.5395683 0.676259 0.7194245 0.7266187 0.8705036 0.884892 0.9208633 0.8776978 0.8345324 0.7985612
0.3383459 0.3157895 0.3609023 0.4511278 0.443609 0.481203 0.4210526 0.443609 0.4511278 0.4285714 0.4661654
0.4411765 0.4264706 0.5073529 0.5294118 0.5735294 0.5514706 0.5220588 0.5220588 0.4558824 0.4632353 0.4632353
0.3529412 0.3308824 0.4338235 0.4411765 0.4338235 0.4926471 0.375 0.3455882 0.3455882 0.3970588 0.3823529
0.618705 0.5467626 0.6115108 0.5683453 0.4604317 0.4316547 0.3669065 0.323741 0.3669065 0.3597122 0.3021583
0.2105263 0.2030075 0.2030075 0.1879699 0.1804511 0.1804511 0.1729323 0.1729323 0.1654135 0.1353383 0.1729323
0.2330827 0.1879699 0.2556391 0.3233083 0.3684211 0.3233083 0.3759398 0.3458647 0.3533835 0.3458647 0.3308271
0.5343511 0.4427481 0.4961832 0.5877863 0.5801527 0.5267176 0.4732824 0.4656489 0.4427481 0.3969466 0.4732824
0.5725191 0.5648855 0.6564885 0.6641221 0.6335878 0.5725191 0.5114504 0.519084 0.4961832 0.5038168 0.4427481
0.2932331 0.3383459 0.2857143 0.2481203 0.2481203 0.2631579 0.3759398 0.556391 0.5639098 0.5864662 0.593985
0.4511278 0.5864662 0.4360902 0.3383459 0.3233083 0.3759398 0.6015038 0.6390977 0.6390977 0.8571429 0.9473684
0.5343511 0.4732824 0.5267176 0.6335878 0.7251908 0.7251908 0.8549618 0.8549618 0.8625954 0.832061 0.832061
0.1691176 0.06617647 0.1985294 0.2647059 0.2867647 0.2794118 0.2794118 0.3235294 0.3676471 0.4779412 0.5147059
0.618705 0.5467626 0.6330935 0.6546763 0.7194245 0.7194245 0.8705036 0.8776978 0.8561151 0.8417266 0.8776978
0.5725191 0.5648855 0.6564885 0.6946565 0.7099237 0.8473282 0.8931298 0.832061 0.8473282 0.8778626 0.8931298
0.5343511 0.4732824 0.5267176 0.6335878 0.7251908 0.7251908 0.8549618 0.8549618 0.8625954 0.832061 0.832061
0.02941176 0.02941176 0.02941176 0.06617647 0.08088235 0.1397059 0.1470588 0.2058824 0.2720588 0.3161765 0.5147059
0.5038168 0.4503817 0.5954198 0.6183206 0.610687 0.5725191 0.5114504 0.4961832 0.480916 0.4961832 0.4427481
0.1294964 0.1007194 0.1510791 0.1798561 0.2230216 0.2374101 0.2374101 0.5323741 0.5755396 0.589928 0.589928
0.5725191 0.5648855 0.6564885 0.6946565 0.7099237 0.8473282 0.8931298 0.832061 0.8473282 0.8778626 0.8931298
0.5725191 0.5648855 0.6564885 0.6946565 0.7099237 0.8473282 0.8931298 0.832061 0.8473282 0.8778626 0.8931298
0.2647059 0.2132353 0.2794118 0.3676471 0.3529412 0.4558824 0.4117647 0.4485294 0.4191176 0.4264706 0.4558824
0.3829787 0.3687943 0.3617021 0.4822695 0.6170213 0.6595745 0.6170213 0.6099291 0.6028369 0.5957447 0.5957447
0.2824427 0.2977099 0.2137405 0.1832061 0.1908397 0.1832061 0.1908397 0.1984733 0.2061069 0.2671756 0.2671756
0.5343511 0.4732824 0.4503817 0.3435115 0.3282443 0.3435115 0.5267176 0.6870229 0.6870229 0.8015267 0.8396947
0.1428571 0.06766917 0.2330827 0.2631579 0.3007519 0.2781955 0.3007519 0.3383459 0.406015 0.4360902 0.518797
0.375 0.3897059 0.4411765 0.4779412 0.4926471 0.5588235 0.5294118 0.5073529 0.4779412 0.4779412 0.4926471
0.5808824 0.5 0.6029412 0.6985294 0.7132353 0.7132353 0.8382353 0.882353 0.8088235 0.8529412 0.8235294
0.5179856 0.5395683 0.676259 0.7194245 0.7266187 0.8705036 0.884892 0.9208633 0.8776978 0.8345324 0.7985612
0.1532847 0.1824818 0.1532847 0.1167883 0.1532847 0.1459854 0.1313869 0.1459854 0.1897810 0.2043796 0.2116788
0.1418440 0.1631206 0.1773050 0.1276596 0.09219858 0.04964539 0.03546099 0.04255319 0.04255319 0.05673759 0.03546099
0.5474453 0.5547445 0.5985401 0.5036496 0.4817518 0.4671533 0.4452555 0.4379562 0.4160584 0.4087591 0.3941606
0.2932331 0.2255639 0.2631579 0.3308271 0.3157895 0.2631579 0.2631579 0.2105263 0.1654135 0.09022556 0.1127820
0.5343511 0.5648855 0.5954198 0.6946565 0.7022901 0.7099237 0.7099237 0.6412214 0.6183206 0.6183206 0.6183206
0.2158273 0.2661871 0.1726619 0.1654676 0.1510791 0.1294964 0.1079137 0.1510791 0.1654676 0.1654676 0.1366906
0.352518 0.352518 0.352518 0.4460432 0.4244604 0.352518 0.3093525 0.2733813 0.2446043 0.1870504 0.1582734
0.5367647 0.4117647 0.4926471 0.4558824 0.5514706 0.6617647 0.6617647 0.6102941 0.6029412 0.5955882 0.5955882
0.540146 0.5547445 0.4744526 0.3722628 0.3138686 0.4817518 0.649635 0.7080292 0.7007299 0.8832117 0.7445255
0.03676471 0.03676471 0.04411765 0.05147059 0.05882353 0.09558824 0.1102941 0.09558824 0.09558824 0.07352941 0.05147059
0.617647 0.5735294 0.5955882 0.6838235 0.7132353 0.7132353 0.875 0.875 0.8455882 0.8308824 0.8382353
0.4427481 0.4198473 0.4885496 0.6641221 0.7022901 0.7022901 0.7099237 0.6259542 0.6183206 0.6183206 0.6183206
0.5343511 0.4732824 0.5267176 0.5267176 0.480916 0.4580153 0.3740458 0.3129771 0.3206107 0.3358779 0.2671756
0.5886525 0.5248227 0.6099291 0.716312 0.7092199 0.8794326 0.9007092 0.858156 0.8652482 0.787234 0.8439716
0.5488722 0.5864662 0.593985 0.6541353 0.6691729 0.6691729 0.887218 0.8421053 0.81203 0.7819549 0.7518797
0.5808824 0.5 0.6029412 0.6985294 0.7132353 0.7132353 0.8382353 0.882353 0.8088235 0.8529412 0.8235294
