0.08396947 0.06870229 0.09923664 0.1145038 0.129771 0.1450382 0.1526718 0.1145038 0.2213740 0.3053435 0.259542
0.6838235 0.5882353 0.6470588 0.7132353 0.7279412 0.8455882 0.8897059 0.867647 0.8455882 0.7794118 0.8308824
0.1617647 0.1617647 0.1323529 0.125 0.1397059 0.1176471 0.125 0.1176471 0.125 0.1470588 0.1617647
0.5639098 0.5714286 0.6015038 0.6992481 0.7218045 0.8270677 0.8646617 0.8721805 0.8270677 0.8646617 0.7969925
0.6666667 0.5925926 0.6296296 0.6888889 0.7259259 0.7333333 0.9037037 0.8888889 0.874074 0.8296296 0.8518519
0.03816794 0.06870229 0.02290076 0.03053435 0.0610687 0.0610687 0.07633588 0.06870229 0.07633588 0.1145038 0.1145038
0.5882353 0.6029412 0.625 0.7058824 0.7058824 0.7132353 0.8382353 0.867647 0.875 0.8161765 0.8382353
0.5073529 0.6029412 0.4558824 0.3382353 0.3235294 0.375 0.5882353 0.6838235 0.6985294 0.7132353 0.7205882
0.2941176 0.3235294 0.2426471 0.2352941 0.2279412 0.2205882 0.2205882 0.2647059 0.5147059 0.5147059 0.5367647
0.617647 0.5882353 0.6102941 0.5955882 0.6397059 0.5882353 0.5220588 0.4117647 0.4558824 0.4558824 0.4191176
0.5611511 0.5323741 0.4676259 0.3597122 0.352518 0.4172662 0.6258993 0.6690647 0.676259 0.8992806 0.9568345
0.5639098 0.5714286 0.6015038 0.6992481 0.7218045 0.8270677 0.8646617 0.8721805 0.8270677 0.8646617 0.7969925
0.1278195 0.1578947 0.1052632 0.09022556 0.09774436 0.05263158 0.07518797 0.07518797 0.09774436 0.09774436 0.1729323
0.5588235 0.5661765 0.6397059 0.6544118 0.7058824 0.7058824 0.7058824 0.617647 0.625 0.625 0.625
0.6102941 0.4779412 0.5514706 0.6764706 0.7058824 0.7058824 0.882353 0.9044118 0.8529412 0.8897059 0.8382353
0.5882353 0.6029412 0.625 0.6617647 0.5588235 0.5514706 0.4485294 0.4779412 0.4411765 0.3970588 0.4191176
0.3970588 0.4411765 0.3088235 0.2426471 0.2352941 0.2426471 0.2426471 0.2794118 0.4264706 0.4485294 0.4705882
0.2330827 0.2330827 0.1578947 0.1428571 0.1428571 0.1353383 0.1503759 0.1278195 0.1804511 0.1654135 0.1879699
0.5514706 0.5441176 0.5073529 0.6617647 0.625 0.5735294 0.5294118 0.4926471 0.5220588 0.5 0.4852941
0.5639098 0.5714286 0.6015038 0.6992481 0.7218045 0.8270677 0.8646617 0.8721805 0.8270677 0.8646617 0.7969925
0.3970588 0.3897059 0.4485294 0.4926471 0.4705882 0.3529412 0.3602941 0.3161765 0.3235294 0.2205882 0.1911765
0.5294118 0.5294118 0.5514706 0.5588235 0.4852941 0.4779412 0.4485294 0.3823529 0.4191176 0.4485294 0.4117647
0.352518 0.381295 0.3165468 0.2302158 0.2302158 0.2302158 0.2158273 0.2374101 0.2661871 0.3165468 0.4676259
0.5611511 0.5323741 0.6115108 0.676259 0.705036 0.705036 0.8920863 0.8992806 0.8345324 0.8417266 0.7913669
0.007352941 0 0 0 0 0 0 0.007352941 0.02205882 0 0.007352941
0.1954887 0.2255639 0.1578947 0.1353383 0.1127820 0.09022556 0.1127820 0.09774436 0.1428571 0.1203008 0.1052632
0.04411765 0.08088235 0.06617647 0.04411765 0.02941176 0.05882353 0.06617647 0.06617647 0.04411765 0.02205882 0.05147059
0.3088235 0.3088235 0.3455882 0.4117647 0.4044118 0.3529412 0.3161765 0.2941176 0.2352941 0.1838235 0.2205882
0.2058824 0.1764706 0.2720588 0.2941176 0.2720588 0.2573529 0.25 0.1764706 0.09558824 0.07352941 0.04411765
0.08088235 0.09558824 0.08088235 0.08088235 0.05147059 0.0882353 0.07352941 0.06617647 0.05882353 0.06617647 0.07352941
0.4586466 0.3984962 0.5037594 0.6842105 0.6691729 0.6917293 0.6917293 0.6090226 0.6240602 0.6090226 0.631579
0.5294118 0.4779412 0.3897059 0.2941176 0.3088235 0.3088235 0.5661765 0.6617647 0.6911765 0.6838235 0.7058824
0.08396947 0.129771 0.09160305 0.08396947 0.05343511 0.02290076 0.04580153 0.007633588 0.01526718 0.007633588 0.02290076
0.5886525 0.5602837 0.5886525 0.5319149 0.5815603 0.4113475 0.3617021 0.3758865 0.3404255 0.3617021 0.3475177
0.6029412 0.5882353 0.6029412 0.632353 0.5735294 0.5735294 0.4705882 0.4264706 0.4191176 0.4117647 0.3823529
0.2290076 0.129771 0.2748092 0.3511450 0.389313 0.3358779 0.3740458 0.3587786 0.3435115 0.3282443 0.3816794
0.5611511 0.5323741 0.6115108 0.676259 0.705036 0.705036 0.8920863 0.8992806 0.8345324 0.8417266 0.7913669
0.1804511 0.2255639 0.1503759 0.1278195 0.07518797 0.07518797 0.06015038 0.04511278 0.08270677 0.06015038 0.04511278
0.2180451 0.2556391 0.1578947 0.1353383 0.1052632 0.09022556 0.1203008 0.08270677 0.09774436 0.09774436 0.1503759
0.007633588 0.007633588 0.007633588 0.007633588 0.007633588 0 0 0.01526718 0.007633588 0.01526718 0.02290076
0.4264706 0.4632353 0.4632353 0.5955882 0.6544118 0.6544118 0.6029412 0.5955882 0.5955882 0.5882353 0.5882353
0.5801527 0.5725191 0.6030534 0.7251908 0.7175573 0.832061 0.870229 0.870229 0.8091603 0.832061 0.832061
0.5611511 0.5323741 0.6115108 0.676259 0.6115108 0.5755396 0.5251799 0.5251799 0.4676259 0.4748201 0.4604317
0.5588235 0.5661765 0.6397059 0.6911765 0.6544118 0.5735294 0.5220588 0.5220588 0.4705882 0.4926471 0.4558824
0.5496183 0.5725191 0.4580153 0.3587786 0.3435115 0.4351145 0.6259542 0.6793893 0.8091603 0.8167939 0.9541985
0.5073529 0.4632353 0.5588235 0.5 0.5 0.4779412 0.4117647 0.375 0.375 0.3308824 0.3235294
0.5611511 0.5323741 0.6115108 0.676259 0.6043165 0.5755396 0.5107914 0.5179856 0.4676259 0.4532374 0.4604317
0.4893617 0.4468085 0.4822695 0.5390071 0.6453901 0.6595745 0.6028369 0.5886525 0.5957447 0.5744681 0.5886525
0.6666667 0.5925926 0.6296296 0.6888889 0.7259259 0.7333333 0.9037037 0.8888889 0.874074 0.8296296 0.8518519
0.5588235 0.5661765 0.6397059 0.7058824 0.7058824 0.8970588 0.867647 0.8455882 0.875 0.8235294 0.8529412
0.2132353 0.2720588 0.2205882 0.2279412 0.2279412 0.2279412 0.2205882 0.2573529 0.4338235 0.5367647 0.5367647
0.3262411 0.3404255 0.2198582 0.2056738 0.2198582 0.2056738 0.2198582 0.2765957 0.3546099 0.5248227 0.5177305
0.6838235 0.5882353 0.6470588 0.7132353 0.7279412 0.8455882 0.8897059 0.867647 0.8455882 0.7794118 0.8308824
0.5588235 0.5661765 0.6397059 0.7058824 0.7058824 0.8970588 0.867647 0.8455882 0.875 0.8235294 0.8529412
0.6666667 0.5925926 0.6296296 0.6888889 0.6666667 0.6222222 0.5925926 0.5333333 0.4962963 0.4666667 0.4962963
0.3235294 0.3602941 0.3161765 0.2647059 0.2426471 0.2941176 0.4485294 0.6029412 0.6029412 0.6029412 0.6102941
0.3407407 0.3185185 0.3481481 0.4666667 0.5111111 0.6518519 0.7185185 0.6888889 0.6296296 0.6296296 0.637037
0.5882353 0.6029412 0.625 0.6617647 0.5588235 0.5514706 0.4485294 0.4779412 0.4411765 0.3970588 0.4191176
0.6666667 0.5925926 0.5851852 0.637037 0.6444444 0.5925926 0.5481481 0.4814815 0.4740741 0.4222222 0.4814815
0.2058824 0.1691176 0.2426471 0.2647059 0.3235294 0.2573529 0.2573529 0.3088235 0.2720588 0.2794118 0.2279412
0.5367647 0.5882353 0.5514706 0.5147059 0.4705882 0.4411765 0.375 0.3823529 0.3529412 0.3308824 0.2647059
0.1985294 0.1323529 0.2279412 0.25 0.3088235 0.25 0.25 0.2205882 0.2058824 0.1691176 0.1470588
0.6666667 0.5925926 0.6296296 0.6444444 0.6296296 0.562963 0.5185185 0.5333333 0.5259259 0.4888889 0.4592593
0.5639098 0.5714286 0.6015038 0.6992481 0.7218045 0.8270677 0.8646617 0.8721805 0.8270677 0.8646617 0.7969925
0.6666667 0.5925926 0.6296296 0.6888889 0.7259259 0.7333333 0.9037037 0.8888889 0.874074 0.8296296 0.8518519
0.3262411 0.3404255 0.2269504 0.2056738 0.2198582 0.2127660 0.2198582 0.2765957 0.3758865 0.5248227 0.5248227
0.6666667 0.5925926 0.6296296 0.6888889 0.7259259 0.7333333 0.9037037 0.8888889 0.874074 0.8296296 0.8518519
0.1838235 0.125 0.2426471 0.2794118 0.2573529 0.2573529 0.2426471 0.1764706 0.08088235 0.04411765 0.007352941
0.6029412 0.5882353 0.6029412 0.632353 0.6838235 0.6838235 0.867647 0.8455882 0.8308824 0.7794118 0.7720588
0.6838235 0.5882353 0.6470588 0.7058824 0.6470588 0.617647 0.5367647 0.5147059 0.4852941 0.4558824 0.5147059
0.4779412 0.4779412 0.5514706 0.5955882 0.5588235 0.5661765 0.4705882 0.4044118 0.3382353 0.3308824 0.2647059
0.1838235 0.125 0.1764706 0.1838235 0.1617647 0.1544118 0.1544118 0.1102941 0.1764706 0.1617647 0.1323529
0.3088235 0.2132353 0.3382353 0.3308824 0.3823529 0.3014706 0.2720588 0.2573529 0.1838235 0.1544118 0.125
0.5801527 0.5725191 0.6030534 0.7251908 0.7175573 0.832061 0.870229 0.870229 0.8091603 0.832061 0.832061
0.07633588 0.129771 0.07633588 0.08396947 0.03816794 0 0 0.007633588 0.01526718 0.007633588 0
0.6102941 0.5294118 0.6102941 0.632353 0.5735294 0.5588235 0.4117647 0.3897059 0.375 0.375 0.3455882
0.5882353 0.6029412 0.625 0.7058824 0.7058824 0.7132353 0.8382353 0.867647 0.875 0.8161765 0.8382353
0.3282443 0.2290076 0.3435115 0.4198473 0.5648855 0.7022901 0.7022901 0.6259542 0.6259542 0.6259542 0.6259542
0.5801527 0.5725191 0.6030534 0.7251908 0.7175573 0.832061 0.870229 0.870229 0.8091603 0.832061 0.832061
0.6838235 0.5882353 0.6470588 0.7132353 0.7279412 0.8455882 0.8897059 0.867647 0.8455882 0.7794118 0.8308824
0.5588235 0.5661765 0.6397059 0.7058824 0.7058824 0.8970588 0.867647 0.8455882 0.875 0.8235294 0.8529412
0.03053435 0.01526718 0.02290076 0.0610687 0.1068702 0.1603053 0.1679389 0.1908397 0.3664122 0.4656489 0.4274809
0.5073529 0.4338235 0.4558824 0.5220588 0.617647 0.5808824 0.5588235 0.5147059 0.5294118 0.5 0.4852941
0.5037594 0.5714286 0.443609 0.3458647 0.3383459 0.406015 0.6090226 0.6917293 0.8195489 0.7368421 0.924812
0.3684211 0.3834586 0.3984962 0.4285714 0.4360902 0.4135338 0.3909774 0.2932331 0.3233083 0.2857143 0.3308271
0.6029412 0.5882353 0.6029412 0.632353 0.6838235 0.6838235 0.867647 0.8455882 0.8308824 0.7794118 0.7720588
0.352518 0.381295 0.3165468 0.2302158 0.2302158 0.2302158 0.2158273 0.2374101 0.2661871 0.3165468 0.4676259
0.5602837 0.5602837 0.4822695 0.3475177 0.3333333 0.4042553 0.6099291 0.6737589 0.6950355 0.751773 0.9432624
0.5801527 0.5725191 0.6030534 0.7251908 0.7175573 0.832061 0.870229 0.870229 0.8091603 0.832061 0.832061
0.03676471 0.07352941 0.02941176 0.02205882 0.01470588 0.007352941 0.01470588 0.02941176 0.03676471 0.01470588 0.04411765
0.2058824 0.1691176 0.1764706 0.1544118 0.1397059 0.1029412 0.1176471 0.08088235 0.1397059 0.1176471 0.1323529
0.5367647 0.4926471 0.5147059 0.5073529 0.4411765 0.4191176 0.3529412 0.3382353 0.3308824 0.2867647 0.2647059
0.6666667 0.5925926 0.6296296 0.6444444 0.6222222 0.562963 0.5185185 0.5333333 0.5259259 0.4740741 0.4592593
0.3897059 0.4558824 0.3823529 0.3014706 0.2941176 0.3382353 0.5147059 0.625 0.6102941 0.6397059 0.6397059
0.6838235 0.5882353 0.6470588 0.7132353 0.7279412 0.8455882 0.8897059 0.867647 0.8455882 0.7794118 0.8308824
0.2058824 0.2132353 0.2058824 0.2058824 0.2132353 0.2058824 0.2058824 0.2132353 0.2720588 0.3529412 0.4264706
0.06617647 0.1029412 0.0882353 0.1029412 0.08088235 0.08088235 0.1029412 0.08088235 0.1323529 0.1176471 0.1323529
0.4705882 0.4558824 0.4558824 0.6102941 0.5808824 0.4485294 0.4264706 0.4191176 0.3235294 0.2794118 0.2279412
0.5886525 0.5602837 0.6312057 0.6312057 0.7021277 0.7021277 0.8794326 0.8723404 0.8368794 0.822695 0.8297872
0.2406015 0.2556391 0.1578947 0.1428571 0.1503759 0.1428571 0.1503759 0.1353383 0.1879699 0.1879699 0.1954887
0.6102941 0.4779412 0.5514706 0.6764706 0.7058824 0.7058824 0.882353 0.9044118 0.8529412 0.8897059 0.8382353
0.4044118 0.3455882 0.375 0.4632353 0.4338235 0.4044118 0.3308824 0.3161765 0.2794118 0.2352941 0.2867647
0.6838235 0.5882353 0.6470588 0.7132353 0.7279412 0.8455882 0.8897059 0.867647 0.8455882 0.7794118 0.8308824
0.5294118 0.4485294 0.5367647 0.5735294 0.5294118 0.5367647 0.4558824 0.3897059 0.3235294 0.2941176 0.2720588
0.5882353 0.6029412 0.625 0.7058824 0.7058824 0.7132353 0.8382353 0.867647 0.875 0.8161765 0.8382353
0.1510791 0.1798561 0.1151079 0.1223022 0.1079137 0.07194245 0.05755396 0.08633094 0.1151079 0.1223022 0.1223022
0.5639098 0.5714286 0.6015038 0.6992481 0.7218045 0.8270677 0.8646617 0.8721805 0.8270677 0.8646617 0.7969925
0.2836879 0.2765957 0.3049645 0.3829787 0.3617021 0.3191489 0.2907801 0.2765957 0.1985816 0.1914894 0.2340426
0.5777778 0.5259259 0.6296296 0.637037 0.6444444 0.6148148 0.5703704 0.5333333 0.4962963 0.4222222 0.4814815
0.3529412 0.3529412 0.4411765 0.4926471 0.4852941 0.4926471 0.4632353 0.4779412 0.4411765 0.4779412 0.3897059
0.6666667 0.5925926 0.6296296 0.6888889 0.7037037 0.6222222 0.5777778 0.5259259 0.4962963 0.4296296 0.4962963
0.1278195 0.1578947 0.1428571 0.1127820 0.1052632 0.07518797 0.04511278 0.03759398 0.03007519 0.06015038 0.06015038
0.1879699 0.1578947 0.2481203 0.3609023 0.3383459 0.4736842 0.3157895 0.4135338 0.3233083 0.3533835 0.406015
0.4388489 0.4964029 0.5035971 0.5755396 0.5827338 0.5467626 0.4748201 0.4748201 0.4388489 0.381295 0.4028777
0.5801527 0.5725191 0.6030534 0.6870229 0.6412214 0.5954198 0.519084 0.5343511 0.4732824 0.4732824 0.4656489
0.2279412 0.2058824 0.2132353 0.25 0.25 0.2573529 0.2794118 0.5661765 0.5808824 0.5808824 0.5808824
0.5602837 0.5602837 0.4822695 0.3475177 0.3333333 0.4042553 0.6099291 0.6737589 0.6950355 0.751773 0.9432624
0.5882353 0.6029412 0.625 0.7058824 0.7058824 0.7132353 0.8382353 0.867647 0.875 0.8161765 0.8382353
0.1407407 0.04444444 0.2444444 0.2814815 0.3777778 0.3037037 0.2888889 0.4074074 0.4666667 0.4074074 0.4814815
0.6666667 0.5925926 0.6296296 0.6888889 0.7259259 0.7333333 0.9037037 0.8888889 0.874074 0.8296296 0.8518519
0.5639098 0.5714286 0.6015038 0.6992481 0.7218045 0.8270677 0.8646617 0.8721805 0.8270677 0.8646617 0.7969925
0.6102941 0.4779412 0.5514706 0.6764706 0.7058824 0.7058824 0.882353 0.9044118 0.8529412 0.8897059 0.8382353
0.03676471 0.02941176 0.02941176 0.06617647 0.1102941 0.1397059 0.1691176 0.2058824 0.2205882 0.2867647 0.3602941
0.5611511 0.4964029 0.6115108 0.676259 0.5971223 0.589928 0.5323741 0.5251799 0.4964029 0.4748201 0.4676259
0.1764706 0.1544118 0.1470588 0.2132353 0.25 0.2573529 0.2720588 0.5588235 0.5808824 0.5808824 0.5882353
0.5801527 0.5725191 0.6030534 0.7251908 0.7175573 0.832061 0.870229 0.870229 0.8091603 0.832061 0.832061
0.6666667 0.5925926 0.6296296 0.6888889 0.7259259 0.7333333 0.9037037 0.8888889 0.874074 0.8296296 0.8518519
0.3014706 0.3014706 0.3455882 0.4044118 0.4705882 0.5294118 0.5073529 0.4411765 0.4632353 0.4044118 0.4558824
0.3664122 0.3435115 0.3664122 0.4351145 0.5496183 0.6946565 0.6564885 0.610687 0.6030534 0.6030534 0.6030534
0.3120567 0.3120567 0.2198582 0.1985816 0.1985816 0.1985816 0.2056738 0.2411348 0.3404255 0.5035461 0.5035461
0.5611511 0.5323741 0.4532374 0.352518 0.352518 0.4100719 0.6258993 0.6690647 0.676259 0.8920863 0.9496403
0.1470588 0.05147059 0.1985294 0.2647059 0.3235294 0.2941176 0.2941176 0.3382353 0.3676471 0.3897059 0.4191176
0.2330827 0.1578947 0.2556391 0.3458647 0.3082707 0.3157895 0.3007519 0.2781955 0.3082707 0.2781955 0.2857143
0.6029412 0.5882353 0.6029412 0.632353 0.6838235 0.6838235 0.867647 0.8455882 0.8308824 0.7794118 0.7720588
0.6029412 0.5882353 0.6029412 0.632353 0.6838235 0.6838235 0.867647 0.8455882 0.8308824 0.7794118 0.7720588
0.1617647 0.1617647 0.1323529 0.1323529 0.1397059 0.1176471 0.125 0.1176471 0.1323529 0.1470588 0.1691176
0.1068702 0.1526718 0.09160305 0.1068702 0.05343511 0.02290076 0.07633588 0.01526718 0.03053435 0.01526718 0.05343511
0.6666667 0.5259259 0.6296296 0.6888889 0.7037037 0.6222222 0.5777778 0.5259259 0.4962963 0.4296296 0.4962963
0.2941176 0.2058824 0.3235294 0.3308824 0.3676471 0.3014706 0.2720588 0.25 0.1691176 0.1397059 0.1102941
0.6838235 0.5882353 0.6470588 0.7058824 0.7279412 0.7205882 0.7205882 0.6470588 0.6544118 0.632353 0.6470588
0.2058824 0.2279412 0.1838235 0.1544118 0.1617647 0.1544118 0.1691176 0.1397059 0.1764706 0.1691176 0.1985294
0.3206107 0.3053435 0.3740458 0.4045802 0.389313 0.3206107 0.3206107 0.2671756 0.1908397 0.1755725 0.1221374
0.6102941 0.4779412 0.5514706 0.625 0.6838235 0.6985294 0.6911765 0.6397059 0.625 0.617647 0.6029412
0.5588235 0.5661765 0.6102941 0.4117647 0.3529412 0.5735294 0.6764706 0.6617647 0.7058824 0.8235294 0.6911765
0.1347518 0.1418440 0.1276596 0.1347518 0.1560284 0.1631206 0.1631206 0.1560284 0.1702128 0.2624113 0.1489362
0.6666667 0.5925926 0.6296296 0.6888889 0.7259259 0.7333333 0.9037037 0.8888889 0.874074 0.8296296 0.8518519
0.3282443 0.2290076 0.3435115 0.4198473 0.5648855 0.7022901 0.7022901 0.6259542 0.6259542 0.6259542 0.6259542
0.5611511 0.5323741 0.5755396 0.5683453 0.5395683 0.4964029 0.4028777 0.4244604 0.381295 0.3669065 0.3309353
0.6838235 0.5882353 0.6470588 0.7132353 0.7279412 0.8455882 0.8897059 0.867647 0.8455882 0.7794118 0.8308824
0.6029412 0.5882353 0.6029412 0.632353 0.6838235 0.6838235 0.867647 0.8455882 0.8308824 0.7794118 0.7720588
0.5801527 0.5725191 0.6030534 0.7251908 0.7175573 0.832061 0.870229 0.870229 0.8091603 0.832061 0.832061
