0.14 0.194 0.302 0.568 0.752 0.826 0.874 0.89 0.87 0.86 0.876
0 0 0 0 0 0 0.024 0.132 0.202 0.256 0.266
0.04 0.108 0.31 0.59 0.75 0.82 0.812 0.842 0.834 0.856 0.848
0 0 0 0 0 0.002 0.066 0.134 0.226 0.222 0.236
0 0 0 0 0 0 0.024 0.132 0.202 0.256 0.266
0.232 0.286 0.53 0.798 0.906 0.93 0.942 0.944 0.95 0.964 0.942
0 0 0 0 0 0 0.018 0.108 0.224 0.254 0.268
0 0.004 0.028 0.138 0.26 0.268 0.286 0.272 0.236 0.26 0.278
0.018 0.024 0.138 0.298 0.462 0.546 0.626 0.648 0.664 0.688 0.654
0 0 0.01 0.042 0.078 0.24 0.382 0.604 0.738 0.806 0.836
0 0.004 0.032 0.162 0.28 0.27 0.244 0.234 0.264 0.256 0.242
0 0 0 0 0 0 0.018 0.108 0.224 0.254 0.268
0.046 0.112 0.324 0.578 0.768 0.82 0.824 0.84 0.834 0.87 0.868
0.006 0.002 0.002 0 0.014 0.058 0.154 0.264 0.358 0.406 0.398
0 0 0 0 0 0 0.024 0.118 0.208 0.272 0.258
0 0 0 0.012 0.038 0.158 0.336 0.52 0.664 0.758 0.766
0.008 0.034 0.158 0.382 0.588 0.674 0.74 0.77 0.812 0.806 0.8
0.046 0.114 0.314 0.596 0.764 0.828 0.824 0.848 0.838 0.864 0.856
0.006 0 0.008 0.032 0.064 0.186 0.424 0.628 0.75 0.814 0.824
0 0 0 0 0 0.002 0.03 0.142 0.216 0.256 0.222
0.022 0.016 0.028 0.05 0.12 0.278 0.51 0.684 0.81 0.858 0.866
0.004 0.002 0.01 0.02 0.086 0.218 0.41 0.636 0.704 0.82 0.798
0.03 0.07 0.2 0.466 0.712 0.818 0.814 0.84 0.838 0.862 0.87
0 0 0 0 0 0 0.032 0.122 0.206 0.24 0.256
0.3 0.362 0.6 0.826 0.95 0.976 0.978 0.966 0.984 0.984 0.976
0.216 0.298 0.516 0.82 0.924 0.96 0.968 0.956 0.964 0.97 0.964
0.128 0.158 0.382 0.628 0.782 0.85 0.926 0.916 0.912 0.916 0.894
0.01 0.006 0.014 0.022 0.048 0.144 0.298 0.51 0.646 0.73 0.766
0.09 0.112 0.124 0.174 0.27 0.418 0.598 0.796 0.916 0.948 0.954
0.18 0.31 0.544 0.842 0.93 0.94 0.938 0.958 0.946 0.948 0.958
0.012 0.01 0.02 0.008 0.034 0.074 0.21 0.318 0.42 0.432 0.422
0 0.006 0.052 0.224 0.258 0.246 0.228 0.268 0.246 0.28 0.28
0.14 0.176 0.366 0.694 0.928 0.966 0.974 0.98 0.984 0.994 0.974
0 0.004 0.012 0.044 0.084 0.242 0.39 0.606 0.744 0.8 0.836
0 0 0 0.008 0.046 0.212 0.41 0.66 0.756 0.846 0.866
0.178 0.138 0.16 0.182 0.212 0.296 0.488 0.654 0.798 0.816 0.868
0 0 0 0 0 0 0.014 0.158 0.2 0.222 0.226
0.128 0.23 0.438 0.722 0.912 0.96 0.98 0.962 0.98 0.97 0.98
0.034 0.1 0.266 0.574 0.834 0.884 0.922 0.926 0.914 0.952 0.938
0.33 0.39 0.496 0.804 0.93 0.972 0.976 0.984 0.972 0.978 0.984
0.004 0.01 0.028 0.022 0.058 0.098 0.216 0.38 0.436 0.5 0.532
0 0 0 0 0 0.002 0.066 0.134 0.226 0.222 0.236
0 0.002 0 0.014 0.05 0.192 0.412 0.634 0.774 0.822 0.818
0 0 0.002 0.006 0.072 0.214 0.396 0.63 0.766 0.808 0.834
0 0.004 0.032 0.162 0.28 0.27 0.244 0.234 0.264 0.256 0.242
0 0 0 0.014 0.05 0.192 0.414 0.634 0.774 0.822 0.818
0.004 0.002 0.006 0.01 0.038 0.136 0.294 0.506 0.636 0.718 0.762
0.012 0.008 0.014 0.01 0.038 0.07 0.15 0.308 0.446 0.472 0.512
0 0 0 0 0 0 0.024 0.132 0.202 0.256 0.266
0 0 0 0 0 0 0.032 0.122 0.206 0.24 0.256
0.062 0.094 0.252 0.504 0.766 0.772 0.808 0.816 0.832 0.834 0.86
0.026 0.072 0.192 0.486 0.744 0.754 0.814 0.792 0.852 0.822 0.828
0 0 0 0 0 0.002 0.03 0.142 0.216 0.256 0.222
0 0 0 0 0 0 0.046 0.158 0.19 0.24 0.282
0.002 0 0.01 0.018 0.062 0.184 0.4 0.584 0.694 0.718 0.744
0.022 0.02 0.054 0.21 0.31 0.288 0.34 0.308 0.314 0.304 0.34
0.064 0.062 0.044 0.052 0.048 0.084 0.208 0.302 0.402 0.42 0.406
0 0 0 0.008 0.03 0.184 0.326 0.578 0.664 0.744 0.752
0.01 0.018 0.022 0.046 0.118 0.234 0.498 0.704 0.798 0.878 0.872
0.274 0.274 0.256 0.278 0.29 0.348 0.536 0.668 0.794 0.856 0.852
0.004 0.004 0.016 0.036 0.11 0.278 0.42 0.634 0.746 0.776 0.802
0.208 0.194 0.194 0.254 0.25 0.372 0.55 0.726 0.85 0.888 0.916
0 0 0 0.004 0.032 0.13 0.276 0.5 0.618 0.712 0.738
0 0 0 0 0 0.002 0.03 0.142 0.216 0.256 0.222
0 0 0 0 0 0 0.032 0.122 0.206 0.24 0.256
0.112 0.188 0.344 0.676 0.802 0.866 0.896 0.916 0.886 0.908 0.916
0 0 0 0 0 0 0.032 0.122 0.206 0.24 0.256
0.102 0.126 0.164 0.218 0.228 0.402 0.56 0.76 0.898 0.928 0.944
0 0 0 0 0 0 0.032 0.122 0.206 0.24 0.256
0.002 0 0.004 0.008 0.034 0.13 0.276 0.502 0.618 0.714 0.738
0.002 0 0.006 0.018 0.052 0.192 0.418 0.638 0.778 0.828 0.822
0.196 0.212 0.402 0.666 0.786 0.836 0.868 0.852 0.894 0.888 0.88
0.068 0.074 0.128 0.168 0.21 0.336 0.52 0.704 0.84 0.892 0.916
0 0 0 0 0 0 0.046 0.158 0.19 0.24 0.282
0.068 0.13 0.324 0.6 0.864 0.92 0.954 0.96 0.942 0.978 0.97
0.01 0.006 0.008 0.012 0.096 0.256 0.438 0.676 0.82 0.834 0.86
0 0 0 0 0 0.002 0.066 0.134 0.226 0.222 0.236
0.098 0.062 0.06 0.082 0.074 0.084 0.17 0.3 0.414 0.424 0.454
0 0 0 0 0 0 0.046 0.158 0.19 0.24 0.282
0 0 0 0 0 0 0.018 0.108 0.224 0.254 0.268
0 0 0 0 0 0 0.028 0.166 0.208 0.24 0.272
0.604 0.63 0.67 0.828 0.95 0.96 0.97 0.966 0.948 0.936 0.938
0.018 0.03 0.012 0.018 0.04 0.152 0.27 0.518 0.68 0.698 0.75
0 0 0.04 0.162 0.238 0.294 0.236 0.246 0.232 0.27 0.234
0.03 0.022 0.014 0.038 0.076 0.23 0.398 0.662 0.778 0.858 0.884
0 0 0 0 0 0 0.038 0.148 0.216 0.204 0.26
0.118 0.142 0.354 0.582 0.732 0.82 0.89 0.884 0.896 0.902 0.882
0 0 0.034 0.168 0.252 0.232 0.272 0.256 0.254 0.258 0.282
0 0 0 0 0 0 0.018 0.108 0.224 0.254 0.268
0.236 0.382 0.616 0.886 0.978 0.986 0.982 0.996 0.992 0.996 0.998
0.096 0.176 0.354 0.704 0.82 0.856 0.904 0.898 0.906 0.908 0.916
0.014 0.012 0.018 0.034 0.076 0.264 0.446 0.642 0.758 0.82 0.852
0 0 0 0.002 0.026 0.122 0.316 0.574 0.738 0.776 0.778
0.01 0.014 0.038 0.164 0.264 0.29 0.274 0.278 0.238 0.316 0.27
0 0 0 0 0 0 0.014 0.158 0.2 0.222 0.226
0.126 0.232 0.388 0.674 0.792 0.824 0.842 0.856 0.87 0.884 0.902
0.184 0.31 0.54 0.814 0.91 0.934 0.93 0.944 0.948 0.926 0.958
0.032 0.018 0.018 0.022 0.08 0.232 0.432 0.616 0.812 0.852 0.86
0 0 0 0 0 0.002 0.066 0.134 0.226 0.222 0.236
0.072 0.19 0.398 0.688 0.79 0.844 0.854 0.87 0.88 0.892 0.874
0 0 0 0 0 0 0.024 0.132 0.202 0.256 0.266
0.014 0.018 0.022 0.04 0.068 0.204 0.35 0.652 0.78 0.846 0.87
0 0 0 0 0 0 0.014 0.158 0.2 0.222 0.226
0 0.008 0.006 0.012 0.082 0.206 0.418 0.616 0.804 0.85 0.852
0 0 0 0 0 0.002 0.03 0.142 0.216 0.256 0.222
0.042 0.108 0.312 0.592 0.752 0.818 0.814 0.842 0.832 0.862 0.85
0 0 0 0 0 0 0.038 0.148 0.216 0.204 0.26
0.086 0.09 0.072 0.106 0.138 0.328 0.466 0.662 0.79 0.844 0.87
0.002 0.014 0.014 0.012 0.044 0.136 0.352 0.59 0.748 0.802 0.798
0.14 0.116 0.128 0.138 0.176 0.27 0.458 0.626 0.796 0.804 0.864
0.002 0.004 0.012 0.024 0.076 0.196 0.414 0.624 0.76 0.808 0.796
0.136 0.146 0.36 0.588 0.74 0.826 0.892 0.894 0.9 0.91 0.898
0.136 0.122 0.16 0.136 0.186 0.278 0.484 0.65 0.754 0.79 0.81
0.008 0.008 0.006 0.032 0.098 0.254 0.494 0.676 0.8 0.854 0.842
0 0 0 0.012 0.038 0.158 0.336 0.52 0.664 0.758 0.766
0.12 0.146 0.17 0.382 0.51 0.554 0.542 0.602 0.546 0.594 0.588
0 0.004 0.028 0.138 0.26 0.268 0.286 0.272 0.236 0.26 0.278
0 0 0 0 0 0 0.032 0.122 0.206 0.24 0.256
0.26 0.222 0.262 0.25 0.252 0.386 0.508 0.61 0.734 0.662 0.67
0 0 0 0 0 0 0.032 0.122 0.206 0.24 0.256
0 0 0 0 0 0 0.018 0.108 0.224 0.254 0.268
0 0 0 0 0 0 0.018 0.108 0.224 0.254 0.268
0.556 0.602 0.648 0.802 0.934 0.942 0.952 0.95 0.934 0.922 0.916
0 0.004 0.002 0.004 0.032 0.136 0.278 0.5 0.618 0.714 0.74
0.13 0.16 0.254 0.476 0.644 0.67 0.692 0.562 0.578 0.54 0.534
0 0 0 0 0 0 0.024 0.118 0.208 0.272 0.258
0 0 0 0 0 0.002 0.03 0.142 0.216 0.256 0.222
0.062 0.042 0.062 0.05 0.084 0.256 0.39 0.61 0.694 0.77 0.782
0.036 0.032 0.036 0.068 0.05 0.106 0.216 0.384 0.462 0.466 0.486
0.042 0.116 0.312 0.6 0.76 0.822 0.818 0.842 0.836 0.87 0.868
0 0 0.04 0.162 0.238 0.294 0.236 0.246 0.236 0.27 0.236
0.132 0.146 0.15 0.164 0.184 0.244 0.41 0.57 0.692 0.738 0.716
0.11 0.102 0.108 0.142 0.164 0.32 0.468 0.684 0.822 0.852 0.866
0 0 0 0.002 0 0 0.032 0.122 0.206 0.24 0.256
0 0 0 0 0 0 0.028 0.166 0.208 0.24 0.272
0.05 0.146 0.404 0.67 0.784 0.818 0.856 0.864 0.848 0.878 0.862
0.09 0.14 0.314 0.63 0.88 0.936 0.942 0.948 0.946 0.964 0.942
0.004 0.008 0.01 0.042 0.116 0.292 0.438 0.638 0.76 0.78 0.832
0.068 0.108 0.1 0.148 0.214 0.392 0.574 0.794 0.894 0.932 0.968
0.008 0.006 0.004 0.01 0.03 0.06 0.15 0.294 0.374 0.418 0.43
0.236 0.378 0.612 0.886 0.972 0.986 0.98 0.992 0.99 0.992 0.998
0.078 0.056 0.06 0.07 0.16 0.312 0.502 0.728 0.896 0.888 0.916
0.006 0.012 0.018 0.016 0.044 0.106 0.248 0.376 0.464 0.486 0.478
0 0.004 0.032 0.162 0.28 0.27 0.244 0.234 0.264 0.256 0.242
0.186 0.268 0.458 0.706 0.84 0.876 0.898 0.898 0.926 0.908 0.914
0 0 0 0 0 0 0.046 0.158 0.19 0.24 0.282
0.098 0.062 0.06 0.082 0.074 0.084 0.17 0.3 0.414 0.424 0.454
0.016 0.01 0.01 0.034 0.056 0.154 0.282 0.532 0.704 0.704 0.752
0 0 0 0 0 0 0.046 0.158 0.19 0.24 0.282
0 0 0 0 0 0 0.032 0.122 0.206 0.24 0.256
0 0 0 0 0 0 0.046 0.158 0.19 0.24 0.282
