0.4318182 0.3712121 0.3181818 0.2727273 0.2727273 0.2651515 0.2575758 0.2575758 0.2803030 0.2878788 0.4545455
0.4705882 0.4926471 0.5735294 0.6470588 0.7279412 0.8529412 0.8235294 0.875 0.867647 0.8014706 0.8529412
0.1323529 0.1102941 0.08088235 0.125 0.09558824 0.1176471 0.125 0.1176471 0.09558824 0.1176471 0.1470588
0.518797 0.5639098 0.5789474 0.631579 0.7293233 0.8345865 0.9022556 0.8796992 0.9022556 0.81203 0.8195489
0.4666667 0.437037 0.5111111 0.6296296 0.6814815 0.8074074 0.874074 0.874074 0.874074 0.8296296 0.8296296
0.1029412 0.08088235 0.05147059 0.05882353 0.05147059 0.04411765 0.05147059 0.05147059 0.05147059 0.04411765 0.03676471
0.518797 0.5639098 0.5789474 0.631579 0.7293233 0.8345865 0.9022556 0.8796992 0.9022556 0.81203 0.8195489
0.518797 0.5639098 0.4586466 0.3458647 0.3308271 0.3233083 0.481203 0.6466165 0.6917293 0.7368421 0.9022556
0.2962963 0.2888889 0.2666667 0.2296296 0.2148148 0.1925926 0.2222222 0.2444444 0.3333333 0.437037 0.4814815
0.4637681 0.4347826 0.5289855 0.4782609 0.4782609 0.4637681 0.3768116 0.384058 0.3985507 0.3695652 0.3768116
0.4214286 0.5 0.3285714 0.3071429 0.3071429 0.3142857 0.3785714 0.55 0.6571429 0.6857143 0.6714286
0.4705882 0.4926471 0.5735294 0.6470588 0.7279412 0.8529412 0.8235294 0.875 0.867647 0.8014706 0.8529412
0.2357143 0.2071429 0.1571429 0.1571429 0.1428571 0.1642857 0.1571429 0.1642857 0.15 0.1642857 0.1642857
0.4924242 0.530303 0.5530303 0.5757576 0.6212121 0.6818182 0.6818182 0.6742424 0.6515152 0.5984848 0.6136364
0.4264706 0.3970588 0.5735294 0.6029412 0.632353 0.632353 0.7867647 0.8088235 0.8382353 0.7720588 0.8014706
0.4666667 0.437037 0.5111111 0.6296296 0.6148148 0.5925926 0.5037037 0.4740741 0.4592593 0.437037 0.4444444
0.4338235 0.3602941 0.2867647 0.25 0.2279412 0.2352941 0.2279412 0.2352941 0.2794118 0.3897059 0.3382353
0.2962963 0.2444444 0.1777778 0.1703704 0.1629630 0.1703704 0.1629630 0.1629630 0.1925926 0.1851852 0.1851852
0.4130435 0.3333333 0.4710145 0.4347826 0.4347826 0.4347826 0.3478261 0.3333333 0.3115942 0.2971014 0.2826087
0.518797 0.5639098 0.5789474 0.631579 0.7293233 0.8345865 0.9022556 0.8796992 0.9022556 0.81203 0.8195489
0.2761194 0.3358209 0.4179104 0.4029851 0.4402985 0.4104478 0.4477612 0.3955224 0.3880597 0.3582090 0.380597
0.4637681 0.4347826 0.4927536 0.4710145 0.4492754 0.4565217 0.3478261 0.3333333 0.3043478 0.3043478 0.2971014
0.2426471 0.2205882 0.2058824 0.1911765 0.1911765 0.1764706 0.1764706 0.1617647 0.1617647 0.1691176 0.1911765
0.4779412 0.4779412 0.4852941 0.5367647 0.632353 0.6838235 0.8970588 0.8529412 0.8602941 0.867647 0.8308824
0.1102941 0.0882353 0.09558824 0.0882353 0.0882353 0.1102941 0.09558824 0.125 0.1176471 0.125 0.1470588
0.03676471 0.01470588 0.01470588 0.01470588 0.02205882 0.02941176 0.02205882 0.02205882 0.02941176 0.02205882 0.02941176
0.02985075 0.02985075 0.05970149 0.05223881 0.05970149 0.08208955 0.02985075 0.05970149 0.05223881 0.04477612 0.05970149
0.518797 0.5639098 0.5789474 0.631579 0.6616541 0.6165414 0.593985 0.5112782 0.4962406 0.4135338 0.3984962
0.2071429 0.2142857 0.2714286 0.3428571 0.3428571 0.35 0.2571429 0.25 0.1928571 0.1857143 0.1857143
0.02205882 0.01470588 0.02205882 0.02941176 0.03676471 0.02941176 0.03676471 0.02205882 0.03676471 0.04411765 0.04411765
0.4264706 0.3970588 0.5735294 0.6029412 0.632353 0.632353 0.7867647 0.8088235 0.8382353 0.7720588 0.8014706
0.4779412 0.4779412 0.3602941 0.3088235 0.3014706 0.3161765 0.3382353 0.4632353 0.5735294 0.6470588 0.7132353
0.02142857 0.02857143 0.02142857 0.02142857 0.007142857 0.007142857 0.007142857 0.007142857 0.007142857 0.007142857 0.007142857
0.4545455 0.530303 0.4924242 0.4924242 0.4621212 0.4393939 0.4393939 0.3636364 0.4772727 0.4166667 0.3560606
0.4676259 0.4748201 0.6258993 0.676259 0.6258993 0.618705 0.5755396 0.5107914 0.4244604 0.3597122 0.352518
0.4253731 0.4402985 0.5597015 0.5671642 0.5597015 0.5820896 0.5895522 0.6268657 0.5298507 0.5 0.5373134
0.4924242 0.530303 0.5530303 0.6212121 0.7045455 0.7121212 0.8712121 0.8636364 0.8787879 0.8863636 0.8409091
0.06617647 0.02941176 0.03676471 0.02205882 0.01470588 0 0.007352941 0.007352941 0.01470588 0.007352941 0.007352941
0.1353383 0.09022556 0.06015038 0.04511278 0.03759398 0.06766917 0.07518797 0.06766917 0.03759398 0.05263158 0.05263158
0.02985075 0.05223881 0.03731343 0.03731343 0.05970149 0.02238806 0.03731343 0.05223881 0.03731343 0.04477612 0.05970149
0.4705882 0.4926471 0.5735294 0.6470588 0.7132353 0.7132353 0.7352941 0.7132353 0.6470588 0.6470588 0.625
0.4264706 0.3970588 0.5735294 0.6029412 0.632353 0.632353 0.7867647 0.8088235 0.8382353 0.7720588 0.8014706
0.4637681 0.4927536 0.5652174 0.6811594 0.6231884 0.6086957 0.557971 0.5072464 0.4782609 0.4275362 0.4057971
0.4264706 0.3970588 0.5735294 0.5661765 0.5882353 0.5735294 0.5073529 0.4044118 0.3676471 0.3897059 0.375
0.4850746 0.4850746 0.3880597 0.3059701 0.3208955 0.3208955 0.3955224 0.4701493 0.641791 0.6716418 0.6791045
0.3533835 0.4887218 0.4736842 0.5037594 0.5413534 0.5714286 0.4887218 0.4511278 0.4511278 0.3233083 0.3157895
0.4637681 0.4927536 0.5652174 0.6811594 0.6231884 0.6086957 0.557971 0.5072464 0.4782609 0.4275362 0.4057971
0.4666667 0.437037 0.5111111 0.6296296 0.6592593 0.6592593 0.6444444 0.6592593 0.6148148 0.6 0.5925926
0.4637681 0.4927536 0.5652174 0.6811594 0.7173913 0.8188406 0.826087 0.8695652 0.8478261 0.8768116 0.8188406
0.518797 0.5639098 0.5789474 0.631579 0.7293233 0.8345865 0.9022556 0.8796992 0.9022556 0.81203 0.8195489
0.4100719 0.4172662 0.3093525 0.2589928 0.2589928 0.2517986 0.2517986 0.2733813 0.352518 0.4748201 0.4388489
0.2463768 0.2318841 0.1884058 0.1811594 0.1666667 0.1739130 0.1666667 0.1594203 0.1956522 0.1811594 0.2028986
0.4924242 0.530303 0.5530303 0.6212121 0.7045455 0.7121212 0.8712121 0.8636364 0.8787879 0.8863636 0.8409091
0.4705882 0.4926471 0.5735294 0.6470588 0.7279412 0.8529412 0.8235294 0.875 0.867647 0.8014706 0.8529412
0.4545455 0.4772727 0.4848485 0.469697 0.4545455 0.4469697 0.4621212 0.3787879 0.530303 0.4848485 0.4848485
0.4264706 0.3970588 0.375 0.3308824 0.3382353 0.3088235 0.4779412 0.5882353 0.5588235 0.6397059 0.6691176
0.2196970 0.2651515 0.3181818 0.4090909 0.4393939 0.4772727 0.6439394 0.6287879 0.5757576 0.5833333 0.5909091
0.4850746 0.4850746 0.5970149 0.6044776 0.641791 0.6119403 0.5895522 0.619403 0.5223881 0.5 0.5373134
0.2785714 0.2571429 0.3642857 0.35 0.3642857 0.35 0.2714286 0.2928571 0.2642857 0.2 0.2285714
0.3358209 0.3059701 0.4552239 0.4776119 0.5522388 0.5149254 0.5597015 0.5820896 0.4925373 0.4925373 0.5074627
0.4705882 0.4485294 0.5514706 0.5 0.4926471 0.4705882 0.4117647 0.3970588 0.3676471 0.4779412 0.375
0.06818182 0.09848485 0.25 0.3030303 0.3484848 0.2878788 0.2954545 0.2878788 0.3181818 0.2727273 0.25
0.4264706 0.3970588 0.5735294 0.5661765 0.5808824 0.5735294 0.5073529 0.4044118 0.3676471 0.3897059 0.375
0.518797 0.5639098 0.5789474 0.631579 0.7293233 0.8345865 0.9022556 0.8796992 0.9022556 0.81203 0.8195489
0.4779412 0.4779412 0.4852941 0.5367647 0.632353 0.6838235 0.8970588 0.8529412 0.8602941 0.867647 0.8308824
0.2148148 0.1851852 0.1407407 0.1259259 0.1037037 0.1259259 0.1185185 0.1333333 0.1629630 0.1407407 0.1555556
0.4676259 0.4748201 0.6258993 0.676259 0.705036 0.7122302 0.8561151 0.8633094 0.8705036 0.8273381 0.8273381
0.1449275 0.2318841 0.2391304 0.2681159 0.2826087 0.2753623 0.2463768 0.2028986 0.1231884 0.0942029 0.07971014
0.4676259 0.4748201 0.6258993 0.676259 0.705036 0.7122302 0.8561151 0.8633094 0.8705036 0.8273381 0.8273381
0.4924242 0.530303 0.5530303 0.6212121 0.6363636 0.6136364 0.5984848 0.5151515 0.4772727 0.5151515 0.469697
0.375 0.3676471 0.4117647 0.4411765 0.5073529 0.4779412 0.3602941 0.3676471 0.2867647 0.2720588 0.3308824
0.3571429 0.35 0.2642857 0.2357143 0.2357143 0.2214286 0.2142857 0.2071429 0.2428571 0.4285714 0.3
0.1176471 0.1911765 0.2132353 0.2867647 0.2647059 0.2573529 0.2573529 0.25 0.1985294 0.1691176 0.1470588
0.4924242 0.530303 0.5530303 0.6212121 0.7045455 0.7121212 0.8712121 0.8636364 0.8787879 0.8863636 0.8409091
0.02142857 0.02857143 0.02857143 0.02142857 0.007142857 0.007142857 0 0.007142857 0.007142857 0.007142857 0.007142857
0.4214286 0.5 0.5142857 0.5714286 0.5214286 0.5357143 0.5571429 0.4928571 0.4285714 0.4285714 0.4428571
0.4850746 0.4850746 0.5970149 0.6044776 0.641791 0.7164179 0.7164179 0.8283582 0.880597 0.858209 0.8432836
0.25 0.2428571 0.3285714 0.3571429 0.3714286 0.4357143 0.6142857 0.6214286 0.55 0.5642857 0.5642857
0.4850746 0.4850746 0.5970149 0.6044776 0.641791 0.7164179 0.7164179 0.8283582 0.880597 0.858209 0.8432836
0.518797 0.5639098 0.5789474 0.631579 0.7293233 0.8345865 0.9022556 0.8796992 0.9022556 0.81203 0.8195489
0.4676259 0.4748201 0.6258993 0.676259 0.705036 0.7122302 0.8561151 0.8633094 0.8705036 0.8273381 0.8273381
0.01428571 0.02857143 0.02857143 0.04285714 0.07142857 0.07857143 0.07142857 0.1071429 0.1428571 0.1571429 0.1428571
0.4779412 0.4779412 0.4852941 0.5367647 0.632353 0.6838235 0.6985294 0.6911765 0.6985294 0.6617647 0.617647
0.4779412 0.4779412 0.3602941 0.3088235 0.3014706 0.3161765 0.3382353 0.4632353 0.5735294 0.6470588 0.7132353
0.4264706 0.3970588 0.5735294 0.6029412 0.5882353 0.5735294 0.5367647 0.4264706 0.3676471 0.3529412 0.3897059
0.4637681 0.4927536 0.5652174 0.6811594 0.7173913 0.8188406 0.826087 0.8695652 0.8478261 0.8768116 0.8188406
0.1985294 0.1838235 0.1985294 0.1838235 0.1911765 0.1911765 0.1838235 0.1985294 0.2867647 0.4044118 0.2941176
0.518797 0.5639098 0.4586466 0.3458647 0.3308271 0.3233083 0.481203 0.6466165 0.6917293 0.7368421 0.9022556
0.4850746 0.4850746 0.5970149 0.6044776 0.641791 0.7164179 0.7164179 0.8283582 0.880597 0.858209 0.8432836
0.02985075 0.02985075 0.05970149 0.04477612 0.04477612 0.08208955 0.03731343 0.05223881 0.05223881 0.03731343 0.05970149
0.1333333 0.1111111 0.0962963 0.08148148 0.0962963 0.07407407 0.07407407 0.07407407 0.07407407 0.07407407 0.1037037
0.3333333 0.3409091 0.3939394 0.4393939 0.4318182 0.4318182 0.4166667 0.3560606 0.5 0.4090909 0.3560606
0.4666667 0.437037 0.5111111 0.6296296 0.6148148 0.5925926 0.5037037 0.4740741 0.4592593 0.4296296 0.4296296
0.4264706 0.3970588 0.375 0.3308824 0.3382353 0.3088235 0.4779412 0.5882353 0.5588235 0.6397059 0.6691176
0.4924242 0.530303 0.5530303 0.6212121 0.7045455 0.7121212 0.8712121 0.8636364 0.8787879 0.8863636 0.8409091
0.3259259 0.3333333 0.2740741 0.2370370 0.2148148 0.2148148 0.2296296 0.2444444 0.3333333 0.4444444 0.4962963
0.05970149 0.05223881 0.08208955 0.06716418 0.08208955 0.1044776 0.08208955 0.06716418 0.06716418 0.05970149 0.07462687
0.4924242 0.530303 0.5530303 0.6212121 0.6742424 0.6363636 0.6136364 0.5151515 0.5 0.4848485 0.4621212
0.4779412 0.4779412 0.4852941 0.5367647 0.632353 0.6838235 0.8970588 0.8529412 0.8602941 0.867647 0.8308824
0.2014925 0.1791045 0.1641791 0.1417910 0.1567164 0.1492537 0.1791045 0.1641791 0.1492537 0.1865672 0.1641791
0.4637681 0.4927536 0.5652174 0.6811594 0.7173913 0.8188406 0.826087 0.8695652 0.8478261 0.8768116 0.8188406
0.294964 0.323741 0.3381295 0.4244604 0.4100719 0.4172662 0.3381295 0.3956835 0.2733813 0.2661871 0.2517986
0.4779412 0.4779412 0.4852941 0.5367647 0.632353 0.6838235 0.8970588 0.8529412 0.8602941 0.867647 0.8308824
0.4545455 0.530303 0.5530303 0.5378788 0.530303 0.4924242 0.530303 0.4090909 0.3939394 0.4090909 0.3333333
0.4850746 0.4850746 0.5970149 0.6044776 0.641791 0.7164179 0.7164179 0.8283582 0.880597 0.858209 0.8432836
0.2681159 0.2318841 0.1884058 0.1811594 0.1666667 0.1739130 0.1666667 0.1594203 0.1956522 0.1811594 0.2028986
0.4705882 0.4926471 0.5735294 0.6470588 0.7279412 0.8529412 0.8235294 0.875 0.867647 0.8014706 0.8529412
0.4779412 0.4779412 0.4852941 0.5367647 0.632353 0.6838235 0.6985294 0.6911765 0.6985294 0.6617647 0.617647
0.4545455 0.4015152 0.4772727 0.4621212 0.4469697 0.4393939 0.4166667 0.3560606 0.4242424 0.4015152 0.3257576
0.3669065 0.3597122 0.5107914 0.5323741 0.5251799 0.5323741 0.4820144 0.5035971 0.3669065 0.3381295 0.352518
0.4705882 0.4485294 0.5514706 0.5 0.4558824 0.4411765 0.3676471 0.375 0.3308824 0.3308824 0.3088235
0.1278195 0.09774436 0.1654135 0.1278195 0.1654135 0.1278195 0.09022556 0.1127820 0.1127820 0.1052632 0.1578947
0.1151079 0.1438849 0.2302158 0.2877698 0.3381295 0.294964 0.3021583 0.323741 0.2589928 0.2877698 0.2733813
0.3656716 0.3656716 0.4402985 0.4552239 0.5447761 0.4850746 0.4701493 0.4328358 0.4179104 0.3955224 0.3955224
0.4676259 0.4748201 0.6258993 0.6043165 0.6258993 0.618705 0.5755396 0.5107914 0.3956835 0.3597122 0.352518
0.1691176 0.1985294 0.2352941 0.1985294 0.1985294 0.1985294 0.2132353 0.25 0.3161765 0.4632353 0.4485294
0.4666667 0.437037 0.3629630 0.3185185 0.2888889 0.3481481 0.562963 0.6074074 0.6518519 0.6444444 0.7777778
0.518797 0.5639098 0.5789474 0.631579 0.7293233 0.8345865 0.9022556 0.8796992 0.9022556 0.81203 0.8195489
0.0942029 0.1231884 0.2101449 0.2971014 0.3695652 0.3550725 0.3260870 0.384058 0.2971014 0.3405797 0.2753623
0.4264706 0.3970588 0.5735294 0.6029412 0.632353 0.632353 0.7867647 0.8088235 0.8382353 0.7720588 0.8014706
0.4637681 0.4927536 0.5652174 0.6811594 0.7173913 0.8188406 0.826087 0.8695652 0.8478261 0.8768116 0.8188406
0.4850746 0.4850746 0.5970149 0.6044776 0.641791 0.7164179 0.7164179 0.8283582 0.880597 0.858209 0.8432836
0.01503759 0.01503759 0.03759398 0.07518797 0.03759398 0.08270677 0.09774436 0.1052632 0.1127820 0.1879699 0.2030075
0.4532374 0.4388489 0.6258993 0.5467626 0.589928 0.5755396 0.5683453 0.5107914 0.3956835 0.3597122 0.352518
0.1870504 0.1582734 0.1223022 0.1654676 0.1870504 0.2014388 0.2374101 0.2733813 0.5251799 0.4964029 0.5539568
0.4705882 0.4926471 0.5735294 0.6470588 0.7279412 0.8529412 0.8235294 0.875 0.867647 0.8014706 0.8529412
0.4705882 0.4926471 0.5735294 0.6470588 0.7279412 0.8529412 0.8235294 0.875 0.867647 0.8014706 0.8529412
0.3235294 0.3161765 0.3529412 0.4411765 0.4485294 0.4926471 0.3970588 0.375 0.3308824 0.3161765 0.3308824
0.518797 0.5639098 0.5789474 0.631579 0.6616541 0.7142857 0.7142857 0.7067669 0.6917293 0.631579 0.6541353
0.2857143 0.2406015 0.1654135 0.1654135 0.1654135 0.1503759 0.1729323 0.1729323 0.1578947 0.1879699 0.1879699
0.4666667 0.437037 0.3629630 0.3185185 0.2888889 0.3481481 0.562963 0.6074074 0.6518519 0.6444444 0.7703704
0.05185185 0.06666667 0.1851852 0.2370370 0.3481481 0.2888889 0.2814815 0.3481481 0.2962963 0.3037037 0.2888889
0.3533835 0.4210526 0.5338346 0.4661654 0.5413534 0.5338346 0.5789474 0.4661654 0.4887218 0.4135338 0.3909774
0.518797 0.5639098 0.5789474 0.631579 0.7293233 0.8345865 0.9022556 0.8721805 0.9022556 0.81203 0.8195489
0.4676259 0.4748201 0.6258993 0.676259 0.705036 0.7122302 0.8561151 0.8633094 0.8705036 0.8273381 0.8273381
0.1470588 0.1323529 0.1029412 0.125 0.1176471 0.1176471 0.125 0.1176471 0.1102941 0.1176471 0.1544118
0.1212121 0.06060606 0.06818182 0.06060606 0.04545455 0.04545455 0.0530303 0.0530303 0.03787879 0.0530303 0.03787879
0.3970588 0.4117647 0.5 0.4852941 0.4558824 0.4338235 0.3602941 0.375 0.3014706 0.3308824 0.2941176
0.2071429 0.2142857 0.2714286 0.3428571 0.3428571 0.35 0.2571429 0.25 0.1928571 0.1857143 0.1857143
0.4666667 0.437037 0.5111111 0.6296296 0.6592593 0.6592593 0.6444444 0.6592593 0.6148148 0.6 0.5925926
0.1629630 0.1333333 0.1037037 0.08148148 0.1037037 0.07407407 0.08148148 0.1111111 0.08888889 0.08888889 0.1259259
0.4705882 0.4926471 0.5735294 0.6470588 0.6617647 0.6397059 0.632353 0.5073529 0.5367647 0.4632353 0.4852941
0.4850746 0.4850746 0.5970149 0.6044776 0.641791 0.7014925 0.7014925 0.6865672 0.6791045 0.5970149 0.619403
0.4924242 0.530303 0.4469697 0.3409091 0.3106061 0.3409091 0.4015152 0.6212121 0.689394 0.6515152 0.6818182
0.1185185 0.1111111 0.1037037 0.0962963 0.0962963 0.1259259 0.1111111 0.1185185 0.1185185 0.1407407 0.1407407
0.4705882 0.4926471 0.5735294 0.6470588 0.7279412 0.8529412 0.8235294 0.875 0.867647 0.8014706 0.8529412
0.3333333 0.3787879 0.4545455 0.5227273 0.5151515 0.5606061 0.6666667 0.6590909 0.6136364 0.5833333 0.5909091
0.2740741 0.3407407 0.4074074 0.4074074 0.3703704 0.3925926 0.3481481 0.3259259 0.3555556 0.2814815 0.2666667
0.4779412 0.4779412 0.4852941 0.5367647 0.632353 0.6838235 0.8970588 0.8529412 0.8602941 0.867647 0.8308824
0.4924242 0.530303 0.5530303 0.6212121 0.7045455 0.7121212 0.8712121 0.8636364 0.8787879 0.8863636 0.8409091
0.4705882 0.4926471 0.5735294 0.6470588 0.7279412 0.8529412 0.8235294 0.875 0.867647 0.8014706 0.8529412
