0 0 0 0 0 0 0 0.03 0.096 0.174 0.162
0.032 0.136 0.318 0.594 0.706 0.786 0.792 0.808 0.79 0.826 0.842
0 0 0 0 0 0 0.014 0.066 0.16 0.208 0.21
0 0 0 0 0 0 0.01 0.044 0.134 0.15 0.192
0.25 0.332 0.524 0.712 0.852 0.888 0.876 0.914 0.932 0.908 0.92
0 0 0 0 0 0 0.01 0.044 0.134 0.15 0.192
0.024 0.056 0.182 0.362 0.438 0.51 0.606 0.608 0.646 0.654 0.626
0.006 0.01 0.006 0.028 0.056 0.144 0.278 0.434 0.534 0.66 0.702
0.002 0.014 0.114 0.22 0.316 0.292 0.268 0.302 0.268 0.278 0.27
0 0 0 0 0 0 0.01 0.044 0.134 0.15 0.192
0.092 0.21 0.44 0.628 0.696 0.724 0.72 0.748 0.784 0.784 0.762
0 0 0 0.002 0.014 0.034 0.11 0.162 0.29 0.364 0.38
0 0 0 0 0 0 0.01 0.044 0.134 0.15 0.192
0 0 0 0 0.012 0.07 0.148 0.27 0.438 0.596 0.578
0.028 0.068 0.17 0.4 0.51 0.558 0.598 0.588 0.606 0.58 0.622
0.046 0.15 0.314 0.54 0.7 0.734 0.746 0.78 0.794 0.79 0.822
0.026 0.02 0.036 0.048 0.07 0.15 0.25 0.438 0.548 0.644 0.702
0 0 0 0 0 0.002 0.03 0.074 0.148 0.204 0.232
0.066 0.076 0.096 0.126 0.17 0.208 0.342 0.482 0.646 0.75 0.808
0 0.01 0.004 0.026 0.046 0.084 0.148 0.198 0.332 0.386 0.386
0.008 0.01 0.016 0.012 0.032 0.062 0.158 0.29 0.442 0.58 0.61
0.124 0.212 0.392 0.64 0.71 0.768 0.784 0.79 0.812 0.828 0.842
0 0 0 0 0 0.002 0.03 0.074 0.148 0.204 0.232
0.156 0.236 0.438 0.652 0.81 0.824 0.814 0.822 0.846 0.848 0.838
0.29 0.468 0.67 0.848 0.916 0.924 0.91 0.922 0.94 0.942 0.926
0.292 0.426 0.616 0.84 0.9 0.924 0.914 0.932 0.93 0.93 0.916
0 0 0 0.002 0.014 0.05 0.196 0.336 0.494 0.614 0.63
0.14 0.144 0.188 0.22 0.276 0.338 0.446 0.608 0.754 0.838 0.878
0.272 0.42 0.68 0.864 0.924 0.95 0.952 0.928 0.952 0.944 0.954
0 0.002 0.002 0.002 0.008 0.032 0.07 0.164 0.296 0.326 0.312
0.274 0.426 0.614 0.864 0.94 0.968 0.978 0.96 0.968 0.97 0.98
0.004 0.006 0.002 0.028 0.08 0.126 0.27 0.464 0.564 0.63 0.68
0 0 0.004 0.002 0.016 0.052 0.196 0.338 0.496 0.614 0.63
0.014 0.014 0.022 0.018 0.03 0.05 0.134 0.292 0.434 0.56 0.618
0 0 0 0 0 0 0 0.03 0.096 0.174 0.162
0.186 0.324 0.536 0.836 0.93 0.97 0.974 0.974 0.982 0.974 0.962
0.102 0.264 0.49 0.714 0.838 0.872 0.892 0.846 0.912 0.912 0.902
0.316 0.39 0.604 0.796 0.906 0.93 0.924 0.952 0.96 0.94 0.95
0 0 0 0 0.002 0.002 0.014 0.074 0.204 0.272 0.256
0 0 0 0 0 0 0.008 0.074 0.154 0.22 0.238
0 0 0 0.002 0.008 0.08 0.226 0.346 0.55 0.634 0.656
0 0 0 0 0.016 0.064 0.19 0.29 0.37 0.458 0.49
0.008 0.018 0.106 0.21 0.258 0.208 0.278 0.25 0.254 0.236 0.256
0.026 0.044 0.04 0.042 0.07 0.13 0.262 0.36 0.434 0.528 0.546
0 0 0 0 0.012 0.072 0.182 0.354 0.522 0.616 0.692
0 0 0 0 0.002 0.002 0.014 0.074 0.204 0.272 0.256
0 0 0 0 0 0 0.008 0.074 0.154 0.22 0.238
0.112 0.234 0.458 0.662 0.718 0.75 0.746 0.768 0.8 0.812 0.804
0 0 0 0 0 0 0.008 0.074 0.154 0.22 0.238
0 0 0 0 0 0 0.02 0.094 0.164 0.216 0.228
0.01 0.008 0.018 0.01 0.036 0.088 0.156 0.334 0.458 0.564 0.578
0.008 0.018 0.106 0.21 0.258 0.208 0.278 0.25 0.254 0.236 0.256
0.084 0.072 0.088 0.078 0.08 0.092 0.088 0.144 0.298 0.334 0.302
0 0 0 0 0.012 0.07 0.148 0.27 0.438 0.596 0.578
0.008 0.01 0.03 0.02 0.054 0.08 0.258 0.354 0.518 0.598 0.65
0.036 0.024 0.026 0.04 0.052 0.106 0.214 0.314 0.398 0.486 0.51
0.008 0.006 0.012 0.03 0.068 0.142 0.292 0.442 0.55 0.67 0.714
0.19 0.21 0.194 0.208 0.226 0.276 0.326 0.448 0.598 0.694 0.694
0 0.002 0 0.004 0.004 0.026 0.118 0.274 0.422 0.55 0.604
0 0 0 0 0 0 0 0.03 0.096 0.174 0.162
0 0 0 0 0 0.002 0.016 0.082 0.142 0.228 0.228
0 0.002 0.024 0.058 0.114 0.244 0.404 0.482 0.564 0.692 0.684
0 0 0 0 0 0 0 0.03 0.096 0.174 0.162
0.146 0.142 0.186 0.18 0.272 0.36 0.53 0.654 0.764 0.85 0.864
0 0 0 0 0 0 0.02 0.094 0.164 0.216 0.228
0 0.004 0.002 0.006 0.006 0.026 0.118 0.276 0.422 0.55 0.61
0.006 0.016 0.03 0.02 0.036 0.08 0.218 0.364 0.512 0.634 0.652
0.01 0.036 0.146 0.338 0.478 0.544 0.554 0.64 0.576 0.624 0.588
0.124 0.154 0.206 0.214 0.284 0.35 0.47 0.62 0.764 0.84 0.902
0 0 0 0 0 0 0.012 0.06 0.168 0.198 0.206
0.17 0.286 0.564 0.792 0.928 0.958 0.96 0.946 0.964 0.974 0.97
0.006 0.01 0.006 0.012 0.022 0.08 0.224 0.362 0.536 0.626 0.668
0 0 0 0 0 0.002 0.03 0.074 0.148 0.204 0.232
0 0 0 0 0 0.002 0.03 0.074 0.148 0.204 0.232
0 0 0 0 0 0.002 0.03 0.074 0.148 0.204 0.232
0 0 0 0 0 0.002 0.016 0.082 0.142 0.228 0.228
0 0 0 0 0 0 0.008 0.074 0.154 0.22 0.238
0.532 0.596 0.746 0.868 0.946 0.956 0.934 0.932 0.95 0.91 0.91
0 0 0 0 0.002 0.002 0.014 0.074 0.204 0.272 0.256
0 0 0 0.004 0.02 0.07 0.188 0.324 0.492 0.594 0.672
0 0 0 0 0 0.002 0.016 0.082 0.142 0.23 0.23
0.086 0.168 0.346 0.532 0.668 0.716 0.78 0.782 0.794 0.81 0.776
0.004 0.016 0.084 0.23 0.294 0.27 0.288 0.262 0.246 0.25 0.274
0 0 0 0 0 0 0.02 0.094 0.164 0.216 0.228
0.27 0.43 0.66 0.822 0.86 0.904 0.936 0.926 0.936 0.924 0.904
0.27 0.43 0.66 0.82 0.86 0.904 0.936 0.926 0.936 0.924 0.904
0.014 0.026 0.136 0.306 0.418 0.482 0.534 0.582 0.606 0.632 0.606
0 0 0 0.006 0.02 0.072 0.192 0.322 0.498 0.596 0.668
0 0 0 0 0 0 0.014 0.066 0.16 0.208 0.21
0.028 0.068 0.17 0.4 0.51 0.558 0.598 0.588 0.606 0.58 0.622
0 0 0 0.002 0.014 0.05 0.196 0.336 0.494 0.614 0.63
0.04 0.156 0.384 0.618 0.726 0.796 0.786 0.792 0.814 0.848 0.844
0 0 0 0 0 0 0.01 0.044 0.134 0.15 0.192
0.002 0.018 0.09 0.23 0.262 0.3 0.282 0.322 0.294 0.266 0.256
0 0 0 0 0 0.002 0.016 0.082 0.142 0.228 0.228
0.026 0.022 0.028 0.028 0.066 0.092 0.192 0.362 0.496 0.622 0.642
0.092 0.21 0.44 0.628 0.698 0.724 0.724 0.752 0.784 0.784 0.764
0 0 0 0 0 0 0.008 0.074 0.154 0.22 0.238
0.056 0.064 0.074 0.066 0.092 0.184 0.276 0.408 0.576 0.616 0.61
0.04 0.032 0.042 0.072 0.104 0.188 0.354 0.484 0.596 0.684 0.69
0.146 0.2 0.402 0.6 0.68 0.744 0.778 0.766 0.798 0.804 0.814
0.204 0.18 0.178 0.172 0.232 0.24 0.362 0.564 0.626 0.688 0.726
0 0 0 0 0.01 0.074 0.186 0.36 0.524 0.616 0.694
0.104 0.138 0.214 0.404 0.51 0.548 0.554 0.542 0.566 0.532 0.538
0.014 0.018 0.026 0.056 0.064 0.132 0.264 0.41 0.602 0.662 0.666
0 0 0 0 0 0 0.01 0.044 0.134 0.15 0.192
0.16 0.194 0.198 0.23 0.23 0.246 0.336 0.476 0.626 0.676 0.678
0 0 0 0 0 0 0.014 0.066 0.16 0.208 0.21
0 0 0 0 0 0 0.014 0.066 0.16 0.208 0.21
0 0 0 0 0 0 0.008 0.074 0.154 0.22 0.238
0.466 0.544 0.718 0.848 0.93 0.946 0.926 0.914 0.942 0.898 0.904
0.004 0 0.002 0.006 0.012 0.084 0.236 0.372 0.554 0.642 0.662
0.08 0.182 0.382 0.572 0.648 0.646 0.704 0.65 0.572 0.54 0.51
0 0 0 0 0 0 0 0.03 0.096 0.174 0.162
0.03 0.038 0.032 0.054 0.058 0.116 0.226 0.376 0.56 0.63 0.648
0 0 0 0 0 0.002 0.03 0.074 0.148 0.204 0.232
0.092 0.21 0.44 0.628 0.696 0.724 0.72 0.748 0.784 0.784 0.762
0.01 0.024 0.128 0.224 0.28 0.28 0.292 0.294 0.246 0.278 0.224
0.172 0.224 0.19 0.2 0.186 0.252 0.388 0.492 0.614 0.714 0.712
0.012 0.01 0.016 0.014 0.038 0.092 0.216 0.346 0.516 0.608 0.676
0 0 0 0 0 0.002 0.012 0.06 0.168 0.198 0.206
0.068 0.212 0.474 0.616 0.728 0.796 0.768 0.786 0.84 0.808 0.828
0.008 0.014 0.024 0.04 0.092 0.15 0.256 0.426 0.55 0.672 0.7
0.046 0.06 0.042 0.05 0.104 0.14 0.234 0.404 0.522 0.646 0.676
0 0 0 0 0.01 0.016 0.062 0.128 0.282 0.278 0.354
0 0 0 0.002 0.012 0.062 0.19 0.332 0.526 0.602 0.628
0 0.002 0 0.002 0.014 0.028 0.08 0.188 0.274 0.342 0.41
0.112 0.21 0.406 0.6 0.708 0.73 0.774 0.774 0.748 0.754 0.758
0 0 0 0 0 0 0.012 0.06 0.168 0.198 0.206
0.018 0.032 0.034 0.026 0.04 0.062 0.132 0.178 0.302 0.384 0.39
0.03 0.022 0.036 0.042 0.086 0.168 0.276 0.418 0.598 0.668 0.638
0 0 0 0 0 0 0.008 0.074 0.154 0.22 0.238
0.156 0.254 0.526 0.71 0.854 0.878 0.898 0.906 0.918 0.904 0.918
0 0 0 0 0 0 0.012 0.06 0.168 0.198 0.206
0 0 0 0 0 0.002 0.016 0.082 0.142 0.228 0.228
0 0 0 0 0 0 0.018 0.074 0.144 0.198 0.264
