0 0 0 0 0 0 0.004 0.066 0.146 0.192 0.224
0.09 0.192 0.43 0.624 0.75 0.782 0.788 0.79 0.85 0.842 0.816
0 0 0 0 0 0 0.012 0.08 0.154 0.214 0.216
0 0 0 0 0 0.002 0.044 0.088 0.184 0.222 0.238
0.214 0.344 0.548 0.722 0.87 0.89 0.88 0.922 0.884 0.924 0.936
0 0 0 0 0 0 0.012 0.08 0.154 0.214 0.216
0.02 0.07 0.224 0.328 0.452 0.544 0.596 0.604 0.628 0.636 0.632
0.004 0.002 0.006 0.026 0.05 0.116 0.236 0.384 0.512 0.588 0.636
0.008 0.028 0.124 0.228 0.296 0.31 0.29 0.304 0.27 0.244 0.268
0 0 0 0 0 0 0.012 0.08 0.154 0.214 0.216
0.054 0.178 0.384 0.58 0.716 0.73 0.768 0.81 0.778 0.812 0.828
0 0 0 0.004 0.01 0.024 0.09 0.176 0.298 0.36 0.372
0 0 0 0 0 0 0.004 0.062 0.142 0.174 0.236
0 0 0 0 0.006 0.07 0.146 0.32 0.492 0.596 0.672
0.016 0.064 0.184 0.42 0.542 0.568 0.616 0.634 0.64 0.61 0.66
0.028 0.112 0.3 0.494 0.652 0.696 0.766 0.768 0.792 0.794 0.818
0.036 0.02 0.018 0.038 0.094 0.16 0.288 0.444 0.606 0.68 0.662
0 0 0 0 0 0 0.002 0.02 0.068 0.164 0.146
0.03 0.036 0.04 0.07 0.098 0.132 0.27 0.418 0.584 0.64 0.724
0 0 0.006 0.024 0.05 0.138 0.244 0.406 0.574 0.624 0.684
0.016 0.024 0.042 0.044 0.062 0.104 0.226 0.294 0.45 0.524 0.57
0.09 0.222 0.43 0.586 0.69 0.766 0.796 0.816 0.82 0.814 0.832
0 0 0 0 0 0.002 0.006 0.062 0.122 0.18 0.198
0.106 0.23 0.448 0.658 0.746 0.798 0.786 0.804 0.792 0.776 0.8
0.24 0.356 0.578 0.822 0.896 0.91 0.93 0.942 0.924 0.948 0.926
0.26 0.4 0.634 0.85 0.9 0.938 0.924 0.948 0.952 0.95 0.944
0 0 0 0 0.006 0.068 0.142 0.316 0.488 0.594 0.674
0.11 0.112 0.156 0.186 0.24 0.286 0.492 0.69 0.792 0.882 0.866
0.258 0.414 0.654 0.792 0.914 0.94 0.926 0.924 0.95 0.95 0.936
0 0 0.002 0.014 0.028 0.038 0.128 0.206 0.268 0.368 0.384
0.268 0.428 0.644 0.878 0.944 0.962 0.98 0.974 0.964 0.98 0.984
0.004 0.01 0.034 0.068 0.12 0.132 0.23 0.316 0.4 0.45 0.476
0 0 0 0.002 0 0.002 0.064 0.126 0.216 0.4 0.45
0.03 0.042 0.04 0.038 0.03 0.12 0.198 0.4 0.586 0.654 0.686
0 0 0 0 0 0 0.016 0.088 0.18 0.212 0.218
0.212 0.34 0.53 0.694 0.874 0.9 0.916 0.928 0.93 0.938 0.95
0.138 0.23 0.476 0.732 0.858 0.906 0.908 0.908 0.918 0.936 0.946
0.222 0.324 0.51 0.724 0.844 0.894 0.88 0.92 0.898 0.918 0.916
0 0 0 0.004 0.02 0.022 0.1 0.198 0.334 0.364 0.368
0 0 0 0 0 0 0.01 0.06 0.148 0.192 0.226
0 0 0 0 0.004 0.074 0.162 0.348 0.55 0.632 0.65
0.002 0.002 0 0.004 0.006 0 0.078 0.138 0.226 0.402 0.454
0.01 0.024 0.148 0.248 0.274 0.334 0.322 0.286 0.262 0.274 0.228
0.02 0.012 0.018 0.028 0.034 0.088 0.242 0.444 0.58 0.648 0.702
0 0 0 0.008 0.064 0.132 0.256 0.362 0.578 0.608 0.666
0 0 0 0.004 0.02 0.022 0.1 0.198 0.334 0.364 0.368
0 0 0 0 0 0 0.016 0.088 0.18 0.212 0.218
0.038 0.124 0.31 0.548 0.682 0.698 0.766 0.758 0.756 0.78 0.748
0 0 0 0 0 0.002 0.044 0.088 0.184 0.222 0.238
0 0 0 0 0 0 0.004 0.066 0.146 0.192 0.224
0.008 0.006 0.004 0.016 0.046 0.108 0.242 0.432 0.59 0.612 0.66
0 0.002 0.062 0.148 0.248 0.23 0.254 0.264 0.27 0.246 0.232
0.078 0.084 0.092 0.078 0.068 0.072 0.118 0.216 0.288 0.348 0.416
0 0 0 0.002 0.01 0.06 0.2 0.426 0.542 0.622 0.676
0 0 0 0 0.002 0.002 0.068 0.136 0.218 0.418 0.458
0 0 0.002 0 0.01 0.05 0.152 0.228 0.372 0.436 0.498
0.006 0 0.006 0.032 0.064 0.13 0.25 0.45 0.582 0.664 0.68
0.222 0.2 0.21 0.228 0.208 0.22 0.292 0.364 0.448 0.624 0.63
0 0 0 0 0.024 0.06 0.212 0.378 0.562 0.6 0.636
0 0 0 0 0 0 0.016 0.088 0.18 0.212 0.218
0 0 0 0 0 0 0.002 0.02 0.068 0.164 0.146
0 0.006 0.02 0.048 0.106 0.168 0.36 0.428 0.576 0.638 0.694
0 0 0 0 0 0 0.016 0.082 0.168 0.216 0.212
0.164 0.224 0.228 0.292 0.356 0.432 0.534 0.66 0.738 0.804 0.856
0 0 0 0 0 0.002 0.006 0.062 0.122 0.18 0.198
0.02 0 0.004 0.012 0.01 0.002 0.084 0.146 0.232 0.406 0.458
0.016 0.024 0.042 0.044 0.062 0.106 0.226 0.294 0.45 0.526 0.57
0.01 0.052 0.19 0.358 0.502 0.534 0.556 0.62 0.62 0.632 0.584
0.132 0.118 0.138 0.178 0.248 0.306 0.404 0.582 0.742 0.804 0.846
0 0 0 0 0 0.002 0.044 0.088 0.184 0.222 0.238
0.222 0.394 0.616 0.866 0.934 0.97 0.958 0.968 0.956 0.974 0.96
0.008 0.006 0.002 0.002 0.024 0.086 0.204 0.332 0.514 0.59 0.69
0 0 0 0 0 0 0.004 0.062 0.142 0.174 0.236
0 0 0 0 0 0.002 0.044 0.088 0.184 0.222 0.238
0 0 0 0 0 0 0.002 0.066 0.11 0.2 0.224
0 0 0 0 0 0 0.012 0.08 0.154 0.214 0.216
0 0 0 0 0 0 0.016 0.082 0.168 0.216 0.212
0.338 0.37 0.598 0.744 0.844 0.858 0.83 0.846 0.834 0.812 0.806
0 0 0 0 0 0.002 0.044 0.088 0.184 0.222 0.238
0 0 0 0 0.014 0.078 0.168 0.332 0.518 0.6 0.642
0 0 0 0 0 0 0.016 0.088 0.18 0.212 0.22
0.12 0.224 0.418 0.61 0.708 0.75 0.782 0.786 0.81 0.814 0.794
0.002 0.016 0.088 0.224 0.324 0.32 0.272 0.294 0.288 0.262 0.284
0 0 0 0 0 0 0.002 0.02 0.068 0.164 0.146
0.252 0.384 0.596 0.788 0.88 0.922 0.914 0.928 0.918 0.934 0.906
0.132 0.292 0.482 0.754 0.842 0.872 0.862 0.884 0.87 0.88 0.896
0.012 0.044 0.168 0.298 0.42 0.524 0.568 0.588 0.64 0.654 0.638
0.002 0 0 0.004 0.006 0 0.078 0.138 0.226 0.402 0.454
0 0 0 0 0 0.002 0.044 0.088 0.184 0.222 0.238
0.014 0.05 0.17 0.38 0.444 0.506 0.532 0.588 0.622 0.578 0.582
0 0 0 0.008 0.064 0.132 0.256 0.362 0.578 0.608 0.666
0.068 0.18 0.39 0.596 0.724 0.738 0.768 0.818 0.782 0.816 0.836
0 0 0 0 0 0 0.016 0.082 0.168 0.216 0.212
0.008 0.022 0.126 0.272 0.308 0.282 0.282 0.29 0.286 0.282 0.252
0 0 0 0 0 0 0.012 0.08 0.154 0.214 0.216
0 0 0 0 0.002 0.002 0.068 0.136 0.218 0.418 0.458
0.052 0.164 0.36 0.616 0.692 0.734 0.772 0.792 0.784 0.794 0.808
0 0 0 0 0 0 0.004 0.062 0.142 0.174 0.236
0.084 0.096 0.084 0.08 0.12 0.156 0.298 0.47 0.604 0.688 0.71
0.018 0.004 0.012 0.006 0.012 0.008 0.076 0.14 0.232 0.428 0.476
0.162 0.276 0.488 0.628 0.762 0.808 0.838 0.828 0.878 0.876 0.87
0.2 0.19 0.196 0.202 0.244 0.286 0.414 0.52 0.642 0.7 0.732
0 0 0 0 0.024 0.06 0.212 0.378 0.562 0.598 0.636
0.102 0.116 0.292 0.404 0.452 0.534 0.554 0.514 0.504 0.524 0.498
0.032 0.034 0.058 0.066 0.092 0.182 0.252 0.42 0.588 0.654 0.722
0 0 0 0 0 0 0.002 0.02 0.068 0.164 0.146
0.158 0.18 0.186 0.186 0.2 0.224 0.322 0.43 0.6 0.632 0.698
0 0 0 0 0 0 0.002 0.02 0.068 0.164 0.146
0 0 0 0 0 0 0.002 0.066 0.11 0.2 0.224
0 0 0 0 0 0 0.004 0.062 0.142 0.174 0.236
0.242 0.374 0.55 0.734 0.838 0.86 0.842 0.828 0.812 0.804 0.784
0.01 0.01 0.004 0.016 0.008 0.006 0.082 0.142 0.232 0.408 0.458
0.14 0.238 0.402 0.546 0.646 0.656 0.644 0.574 0.578 0.55 0.558
0 0 0 0 0 0 0.016 0.082 0.168 0.216 0.212
0.076 0.106 0.104 0.088 0.106 0.182 0.256 0.434 0.628 0.686 0.712
0 0 0.002 0 0.006 0.026 0.056 0.164 0.276 0.326 0.354
0.032 0.116 0.304 0.54 0.674 0.69 0.756 0.748 0.748 0.766 0.738
0.006 0.03 0.122 0.216 0.31 0.304 0.278 0.272 0.276 0.28 0.232
0.128 0.146 0.218 0.212 0.19 0.21 0.276 0.428 0.574 0.646 0.71
0.012 0.016 0.026 0.038 0.032 0.082 0.21 0.37 0.488 0.578 0.662
0 0 0 0 0.004 0.004 0.004 0.022 0.072 0.168 0.15
0.066 0.176 0.37 0.624 0.706 0.744 0.778 0.796 0.792 0.798 0.812
0.01 0.018 0.02 0.05 0.058 0.132 0.268 0.432 0.574 0.644 0.698
0.142 0.082 0.144 0.194 0.214 0.33 0.414 0.584 0.768 0.804 0.876
0 0.002 0 0.006 0.004 0.026 0.046 0.108 0.156 0.306 0.286
0 0 0 0 0.014 0.078 0.168 0.332 0.518 0.6 0.642
0 0 0 0.002 0.012 0.024 0.076 0.176 0.334 0.336 0.36
0.222 0.322 0.51 0.722 0.842 0.894 0.878 0.92 0.898 0.918 0.914
0 0 0 0 0 0 0.01 0.06 0.148 0.192 0.226
0.03 0.024 0.018 0.032 0.04 0.05 0.074 0.118 0.166 0.318 0.3
0.026 0.024 0.038 0.066 0.122 0.178 0.37 0.44 0.584 0.656 0.708
0 0 0 0 0 0 0.002 0.066 0.11 0.2 0.224
0.23 0.358 0.536 0.7 0.868 0.876 0.91 0.932 0.914 0.918 0.942
0 0 0 0 0 0 0.004 0.066 0.146 0.192 0.224
0 0 0 0 0 0 0.004 0.066 0.146 0.192 0.224
0 0 0 0 0 0 0.012 0.08 0.154 0.214 0.216
