0.8067227 0.907563
0.1707317 0.2113821
0.7073171 0.796748
0.7716535 0.7637795
0.144 0.144
0.8306452 0.7983871
0.3870968 0.4112903
0.2561983 0.2396694
0.637931 0.7068966
0.6837607 0.6068376
0.2439024 0.2682927
0.4227642 0.3902439
0.7435897 0.8461538
0.5166667 0.5916667
0.2258065 0.2096774
0.04166667 0.05833333
0.512 0.64
0.677686 0.7768595
0.804878 0.7804878
0.5172414 0.4396552
0.5853659 0.601626
0.3083333 0.375
0.9224138 0.7844828
0.1034483 0.1120690
0.1880342 0.1880342
0.1322314 0.1818182
0.4227642 0.398374
0.6115702 0.6280992
0 0
0.3414634 0.3414634
0.08 0.088
0.4715447 0.4878049
0.2419355 0.1693548
0.6837607 0.6068376
0.7833333 0.5916667
0.6239316 0.6068376
0.04878049 0.04065041
0.3902439 0.4146341
0.1290323 0.0967742
0.7096774 0.7016129
0.875 0.8416667
0.352 0.36
0.3109244 0.3529412
0.7438017 0.8595041
0.0909091 0.0661157
0.2439024 0.2357724
0.8275862 0.7672414
0.03361345 0.01680672
0.907563 0.907563
0.907563 0.907563
0.4786325 0.5299145
0.5384615 0.5128205
0.6178862 0.5447154
0.07258065 0.08064516
0.03333333 0.008333333
0.2016807 0.1764706
0.6141732 0.5590551
0.2155172 0.2068966
0.05691057 0.04878049
0.8861789 0.7804878
0.6 0.7083333
0.4380165 0.4710744
0.728 0.736
0.45 0.5083333
0.8376068 0.8461538
0.4214876 0.3471074
0.2314050 0.2066116
0.3076923 0.2905983
0.8103448 0.7672414
0.225 0.2583333
0.4724409 0.5590551
0.8275862 0.7672414
0.5166667 0.4583333
0.8275862 0.8793103
0.7086614 0.6614173
0.8661417 0.8110236
0.4435484 0.4193548
0.7244094 0.8110236
0.7563025 0.7983193
0.1300813 0.1056911
0.7024793 0.7768595
0.612069 0.6206897
0.175 0.2
0.3089431 0.3170732
0.1532258 0.1612903
0.4224138 0.3534483
0.907563 0.907563
0.3965517 0.4741379
0.472 0.624
0.2605042 0.2268908
0.804878 0.8455285
0.5172414 0.5862069
0.5982906 0.6068376
0.144 0.112
0.4102564 0.3846154
0.7520661 0.8595041
0.09166667 0.1
0.2857143 0.2436975
0.6446281 0.6280992
0.4330709 0.4094488
0.1916667 0.175
0.2845528 0.2845528
0.4758065 0.5080645
0.637931 0.6551724
0.2903226 0.2903226
0.8376068 0.8461538
0.904 0.84
0.907563 0.907563
0.325 0.2833333
0.025 0.008333333
0.008130081 0.008130081
0.907563 0.907563
0.1764706 0.2100840
0.4137931 0.387931
0.06837607 0.1111111
0.5462185 0.4621849
0.3277311 0.3193277
0.387931 0.3534483
0.6446281 0.6280992
0.1544715 0.1788618
0.5982906 0.6410256
0.2413793 0.2327586
0.4710744 0.4628099
0.6666667 0.6410256
0.904 0.84
0.3076923 0.3162393
0.8376068 0.8461538
0.8373984 0.796748
0.7244094 0.8110236
0.3362069 0.2327586
0.9224138 0.8793103
0.1344538 0.09243697
0.8373984 0.796748
0.8373984 0.6829268
0.688 0.784
