0 0.002
0.184 0.164
0 0.002
0.004 0
0.226 0.212
0.006 0.002
0.102 0.096
0.104 0.134
0.05 0.014
0.02 0.024
0.122 0.12
0.05 0.04
0.006 0.002
0.042 0.052
0.194 0.194
0.37 0.378
0.054 0.036
0.014 0.014
0.014 0.01
0.12 0.11
0.056 0.058
0.106 0.074
0.002 0
0.412 0.418
0.17 0.174
0.242 0.208
0.054 0.058
0.044 0.038
0.576 0.62
0.022 0.034
0.296 0.322
0.05 0.038
0.244 0.312
0.034 0.028
0.012 0.02
0.01 0.012
0.512 0.48
0.262 0.264
0.22 0.264
0.016 0.01
0.006 0
0.138 0.19
0.032 0.036
0.01 0.008
0.334 0.352
0.002 0.006
0.004 0.012
0.49 0.5
0 0.002
0 0.004
0.036 0.06
0.042 0.032
0.006 0.006
0.302 0.346
0.282 0.32
0.204 0.216
0.066 0.032
0.22 0.21
0.208 0.256
0.004 0.006
0.024 0.018
0.02 0.032
0 0.01
0.088 0.09
0 0
0.054 0.068
0.218 0.254
0.066 0.068
0.002 0
0.152 0.14
0.074 0.086
0.004 0
0.018 0.038
0.004 0.002
0.026 0.014
0.002 0
0.064 0.088
0.016 0.002
0.006 0.002
0.146 0.124
0.02 0.016
0.034 0.024
0.218 0.182
0.388 0.342
0.228 0.238
0.058 0.074
0.006 0
0.076 0.078
0.04 0.05
0.128 0.098
0.002 0
0.07 0.032
0.01 0.02
0.252 0.28
0.112 0.082
0.01 0.008
0.236 0.256
0.192 0.142
0.014 0.018
0.052 0.078
0.23 0.166
0.164 0.142
0.026 0.04
0.018 0.028
0.11 0.1
0.004 0
0 0
0.002 0
0.098 0.114
0.318 0.36
0.55 0.458
0.004 0
0.23 0.25
0.054 0.036
0.356 0.314
0.05 0.022
0.136 0.114
0.158 0.144
0.028 0.024
0.224 0.228
0.002 0.004
0.164 0.184
0.068 0.06
0.004 0.004
0.012 0.006
0.24 0.238
0.002 0
0.01 0.002
0.018 0.024
0.198 0.232
0 0
0.22 0.19
0.006 0.002
0.012 0.006
0.004 0.012
