0.792 0.816
0.2231405 0.1735537
0.8495575 0.840708
0.8770492 0.8442623
0.1769912 0.1681416
0.8818898 0.8267717
0.3223140 0.3884298
0.3032787 0.3032787
0.7058824 0.7563025
0.7024793 0.6198347
0.2868852 0.3196721
0.4016393 0.3770492
0.8818898 0.8267717
0.6 0.6416667
0.2231405 0.2148760
0.02654867 0.02654867
0.4166667 0.4833333
0.656 0.704
0.72 0.776
0.368 0.352
0.5714286 0.5966387
0.432 0.408
0.8067227 0.8571429
0.03539823 0.05309735
0.2561983 0.338843
0.5 0.5163934
0.5294118 0.487395
0.575 0.5
0 0
0.4628099 0.5289256
0.1311475 0.1475410
0.3360656 0.3934426
0.08264463 0.08264463
0.6106195 0.761062
0.8032787 0.7377049
0.72 0.656
0.01574803 0.02362205
0.1639344 0.2049180
0.1769912 0.1681416
0.8495575 0.840708
0.736 0.792
0.2479339 0.2231405
0.3083333 0.3083333
0.656 0.56
0.08333333 0.05833333
0.4710744 0.4132231
0.7716535 0.8267717
0.024 0.032
0.8991597 0.8571429
0.832 0.792
0.7699115 0.6902655
0.48 0.536
0.6311475 0.5491803
0.032 0.04
0.075 0.05833333
0.3451327 0.3893805
0.6283186 0.6548673
0.2166667 0.2916667
0.3362832 0.2920354
0.7699115 0.840708
0.6371681 0.6548673
0.4628099 0.4132231
0.6967213 0.7131148
0.3553719 0.4710744
0.8347107 0.8595041
0.4016393 0.3196721
0.256 0.256
0.3278689 0.2786885
0.7024793 0.8595041
0.2066116 0.2066116
0.4918033 0.4918033
0.8495575 0.840708
0.5294118 0.5630252
0.704 0.792
0.6363636 0.6198347
0.88 0.816
0.3982301 0.5752212
0.6885246 0.7377049
0.7699115 0.840708
0.2035398 0.2389381
0.7024793 0.8595041
0.6393443 0.5655738
0.05833333 0.05
0.1008403 0.05042017
0.1393443 0.1803279
0.368 0.392
0.8934426 0.8196721
0.557377 0.5983607
0.432 0.352
0.2583333 0.2416667
0.792 0.776
0.4793388 0.5289256
0.5702479 0.5123967
0.1322314 0.1157025
0.487395 0.5630252
0.7868852 0.8196721
0.2066116 0.1818182
0.2598425 0.3385827
0.6363636 0.5867769
0.4513274 0.3185841
0.275 0.1833333
0.32 0.376
0.5206612 0.6528926
0.7868852 0.5983607
0.3781513 0.4201681
0.9 0.8916667
0.8934426 0.8196721
0.9 0.8916667
0.3228346 0.3543307
0.06666667 0.05833333
0.02654867 0.05309735
0.8991597 0.8571429
0.3719008 0.3801653
0.380531 0.4867257
0.1769912 0.1681416
0.6302521 0.7226891
0.2440945 0.3070866
0.3057851 0.3636364
0.6638655 0.6386555
0.1570248 0.1570248
0.8991597 0.8571429
0.2479339 0.2066116
0.525 0.4833333
0.7310924 0.7394958
0.88 0.816
0.2377049 0.2213115
0.8991597 0.7647059
0.8032787 0.8442623
0.8032787 0.6639344
0.2809917 0.2231405
0.8067227 0.8571429
0.05785124 0.05785124
0.7876106 0.840708
0.8032787 0.7377049
0.7322835 0.6614173
