0.006 0.006
0.076 0.096
0.006 0
0.006 0.008
0.34 0.31
0 0
0.056 0.022
0.136 0.15
0.02 0.014
0.022 0.018
0.202 0.192
0.068 0.062
0.004 0.004
0.036 0.036
0.162 0.152
0.384 0.324
0.056 0.042
0.004 0.004
0.01 0.01
0.1 0.104
0.056 0.05
0.072 0.076
0.01 0.01
0.18 0.144
0.18 0.192
0.206 0.154
0.058 0.066
0.032 0.034
0.702 0.744
0.134 0.158
0.348 0.33
0.072 0.058
0.294 0.346
0.032 0.032
0.016 0.01
0.016 0.018
0.472 0.47
0.25 0.232
0.212 0.192
0.008 0.002
0.002 0.006
0.222 0.232
0.038 0.052
0.016 0.01
0.356 0.366
0.004 0.01
0.004 0.006
0.396 0.41
0 0
0 0
0.03 0.018
0.08 0.038
0.046 0.044
0.376 0.454
0.2 0.276
0.092 0.122
0.048 0.03
0.21 0.21
0.244 0.266
0.006 0.002
0.018 0.022
0.052 0.058
0.008 0.01
0.09 0.082
0 0
0.086 0.104
0.198 0.2
0.09 0.092
0.006 0.004
0.238 0.178
0.066 0.06
0 0.008
0.01 0.012
0.006 0
0.012 0.006
0.004 0
0.094 0.094
0.008 0.014
0.008 0.004
0.142 0.172
0.018 0.012
0.044 0.032
0.36 0.308
0.346 0.316
0.28 0.272
0.078 0.068
0.002 0.004
0.114 0.092
0.038 0.058
0.192 0.164
0.006 0.002
0.05 0.038
0.026 0.032
0.378 0.414
0.046 0.034
0.004 0.004
0.256 0.262
0.154 0.114
0.008 0.02
0.036 0.03
0.152 0.176
0.094 0.102
0.076 0.058
0.01 0.018
0.156 0.154
0 0
0 0
0.002 0
0.108 0.066
0.498 0.536
0.57 0.556
0.002 0.002
0.288 0.286
0.056 0.054
0.362 0.34
0.05 0.048
0.12 0.106
0.104 0.102
0.032 0.024
0.284 0.266
0.016 0.016
0.132 0.124
0.062 0.064
0.01 0.008
0.002 0.012
0.13 0.152
0.002 0.002
0.004 0.002
0.022 0.024
0.182 0.184
0.002 0.002
0.316 0.308
0.002 0.002
0.004 0.002
0.018 0.006
