0.7666667 0.8166667
0.1393443 0.1803279
0.8512397 0.8595041
0.736 0.696
0.1166667 0.125
0.8166667 0.8833333
0.3553719 0.446281
0.2583333 0.25
0.7586207 0.724138
0.6771654 0.8188976
0.09166667 0.125
0.4137931 0.3362069
0.8595041 0.8429752
0.6341463 0.6666667
0.1916667 0.1916667
0.1074380 0.1322314
0.4715447 0.601626
0.7317073 0.8536585
0.677686 0.6942149
0.6724138 0.5517241
0.5655738 0.5819672
0.4251969 0.3307087
0.775862 0.8362069
0.08264463 0.0909091
0.1583333 0.1833333
0.3965517 0.4741379
0.4330709 0.4566929
0.625 0.6333333
0 0
0.3916667 0.3416667
0.1393443 0.1229508
0.3706897 0.3706897
0.09016393 0.07377049
0.6942149 0.6446281
0.6942149 0.8595041
0.6859504 0.7768595
0.03333333 0.03333333
0.225 0.2166667
0.1626016 0.1463415
0.7073171 0.6666667
0.9083333 0.8166667
0.2377049 0.2131148
0.296 0.232
0.6724138 0.6465517
0.1916667 0.1833333
0.4913793 0.4310345
0.9083333 0.8166667
0.03305785 0.08264463
0.816 0.824
0.8706897 0.8362069
0.6166667 0.575
0.456 0.448
0.5867769 0.4876033
0.05511811 0.07874016
0.075 0.075
0.2916667 0.3
0.5853659 0.495935
0.225 0.175
0.1869919 0.1626016
0.8595041 0.768595
0.5737705 0.6639344
0.625 0.5083333
0.785124 0.8429752
0.4333333 0.5666667
0.9083333 0.8166667
0.3583333 0.3833333
0.2295082 0.1639344
0.4214876 0.4297521
0.8706897 0.8362069
0.2727273 0.446281
0.5333333 0.5583333
0.8166667 0.825
0.6141732 0.6456693
0.8934426 0.7377049
0.704918 0.6885246
0.8512397 0.7933884
0.3700787 0.3700787
0.785124 0.8595041
0.8595041 0.8429752
0.1666667 0.1583333
0.6885246 0.6147541
0.5737705 0.6393443
0.025 0.025
0.032 0.096
0.1465517 0.1896552
0.4396552 0.3706897
0.816 0.824
0.4552846 0.4471545
0.5284553 0.5609756
0.3170732 0.3170732
0.736 0.688
0.5123967 0.5371901
0.446281 0.5867769
0.1833333 0.1333333
0.3333333 0.325
0.8512397 0.8595041
0.1833333 0.1583333
0.2809917 0.338843
0.6583333 0.7083333
0.4310345 0.3275862
0.2727273 0.3057851
0.2975207 0.2561983
0.677686 0.677686
0.7083333 0.75
0.3333333 0.3416667
0.8706897 0.8362069
0.8166667 0.8833333
0.8582677 0.8188976
0.2844828 0.3103448
0.1 0.06666667
0.01652893 0.05785124
0.9083333 0.8166667
0.2583333 0.2166667
0.3333333 0.3
0.1666667 0.1666667
0.5655738 0.4672131
0.2758621 0.2758621
0.3833333 0.35
0.5354331 0.5590551
0.1166667 0.1166667
0.9083333 0.8166667
0.2586207 0.2672414
0.5333333 0.425
0.7586207 0.724138
0.9083333 0.7583333
0.1803279 0.1639344
0.816 0.824
0.8666667 0.825
0.816 0.824
0.1404959 0.1322314
0.8706897 0.8362069
0.09756098 0.05691057
0.785124 0.8595041
0.8617886 0.8536585
0.6583333 0.65
