0.002 0.008
0.154 0.114
0 0.004
0.008 0.012
0.246 0.234
0 0
0.104 0.056
0.058 0.058
0.038 0.024
0.016 0.008
0.108 0.082
0.01 0.01
0.004 0
0.026 0.052
0.186 0.144
0.402 0.338
0.05 0.036
0.004 0.008
0.018 0.032
0.062 0.056
0.036 0.03
0.096 0.072
0.008 0
0.186 0.14
0.186 0.19
0.242 0.19
0.112 0.13
0.034 0.032
0.71 0.704
0.07 0.088
0.292 0.322
0.072 0.046
0.322 0.364
0.032 0.018
0.008 0.008
0.028 0.018
0.57 0.55
0.236 0.198
0.232 0.192
0.01 0.014
0.006 0.002
0.256 0.292
0.17 0.178
0.006 0.01
0.45 0.502
0.058 0.064
0.012 0.002
0.402 0.434
0 0
0.004 0.002
0.038 0.02
0.048 0.048
0.002 0.006
0.45 0.46
0.384 0.434
0.096 0.118
0.092 0.064
0.27 0.206
0.284 0.324
0.004 0.004
0.03 0.04
0.042 0.05
0.016 0.006
0.088 0.068
0.004 0.004
0.13 0.144
0.124 0.124
0.138 0.132
0.016 0.008
0.258 0.21
0.068 0.052
0.008 0.002
0 0.004
0.012 0.006
0.018 0.008
0.002 0.002
0.074 0.084
0.014 0.006
0 0
0.21 0.186
0.008 0.014
0.048 0.036
0.484 0.404
0.344 0.342
0.236 0.23
0.14 0.108
0.008 0.006
0.102 0.082
0.068 0.056
0.114 0.088
0.018 0.012
0.022 0.024
0.038 0.038
0.278 0.3
0.062 0.036
0.002 0.008
0.172 0.184
0.17 0.124
0.032 0.022
0.088 0.148
0.092 0.128
0.108 0.104
0.032 0.032
0.002 0.012
0.122 0.078
0.002 0
0 0
0 0
0.116 0.132
0.468 0.54
0.532 0.522
0 0
0.148 0.148
0.062 0.054
0.298 0.29
0.056 0.05
0.12 0.13
0.176 0.19
0.042 0.048
0.274 0.258
0.006 0.004
0.218 0.176
0.07 0.074
0.004 0.01
0.01 0.002
0.2 0.154
0 0
0.002 0.004
0.006 0.014
0.186 0.222
0 0
0.33 0.402
0.01 0.004
0.006 0.004
0.018 0.014
