0.7952756 0.8661417
0.2820513 0.3247863
0.8632479 0.8888889
0.7863248 0.8888889
0.1869919 0.1951220
0.902439 0.894309
0.4444444 0.4102564
0.3064516 0.2983871
0.5934959 0.6341463
0.6693548 0.6854839
0.2113821 0.2926829
0.3902439 0.4878049
0.75 0.8064516
0.5042735 0.5555556
0.1452991 0.1623932
0.01709402 0.06837607
0.484127 0.6111111
0.8376068 0.8461538
0.7863248 0.7606838
0.5384615 0.3333333
0.4188034 0.4017094
0.4273504 0.4102564
0.8376068 0.8461538
0.02439024 0.01626016
0.2288136 0.2711864
0.1951220 0.2276423
0.5121951 0.4308943
0.5982906 0.6923077
0 0
0.3089431 0.3495935
0.09322034 0.1525424
0.3846154 0.4615385
0.07692308 0.05982906
0.5203252 0.5609756
0.6771654 0.7007874
0.6771654 0.7716535
0 0
0.1623932 0.2307692
0.1111111 0.1025641
0.6837607 0.6410256
0.8461538 0.7606838
0.2063492 0.1984127
0.4358974 0.2820513
0.7966102 0.6271186
0.1102362 0.05511811
0.4724409 0.503937
0.7401575 0.8661417
0.03252033 0.02439024
0.8632479 0.8888889
0.8492063 0.8174603
0.6923077 0.6068376
0.483871 0.483871
0.6923077 0.7435897
0.07692308 0.05982906
0.03252033 0.04878049
0.2222222 0.2051282
0.5508475 0.5338983
0.1111111 0.1452991
0.1864407 0.1355932
0.8699187 0.8780488
0.5042735 0.5299145
0.4285714 0.4365079
0.838983 0.8559322
0.4017094 0.4017094
0.8376068 0.8461538
0.3504274 0.3333333
0.2845528 0.1951220
0.3387097 0.3387097
0.8632479 0.8888889
0.2619048 0.2857143
0.4308943 0.5121951
0.8632479 0.8888889
0.5447154 0.5203252
0.6666667 0.804878
0.6428571 0.6666667
0.8305085 0.7542373
0.3675214 0.3247863
0.7966102 0.7542373
0.7008547 0.6153846
0.1779661 0.1440678
0.6355932 0.6186441
0.6101695 0.6271186
0.0967742 0.1209677
0.06504065 0.04878049
0.1196581 0.1111111
0.3135593 0.3389831
0.8632479 0.8888889
0.3700787 0.4409449
0.519685 0.496063
0.3675214 0.4358974
0.75 0.6854839
0.3495935 0.3577236
0.5934959 0.5447154
0.06504065 0.05691057
0.4552846 0.4634146
0.7692308 0.7435897
0.1186441 0.1355932
0.3495935 0.3414634
0.6370968 0.5564516
0.4786325 0.4786325
0.2288136 0.2288136
0.3247863 0.2735043
0.6101695 0.6186441
0.7723577 0.6910569
0.3870968 0.3548387
0.8225806 0.8064516
0.8376068 0.8461538
0.898305 0.8559322
0.4700855 0.4017094
0.04065041 0.02439024
0.008130081 0.008130081
0.8699187 0.8780488
0.2478632 0.1709402
0.5042735 0.4957265
0.1282051 0.1196581
0.6190476 0.6269841
0.2926829 0.3089431
0.4700855 0.5042735
0.6341463 0.5691057
0.1694915 0.1949153
0.8376068 0.8461538
0.2520325 0.3089431
0.5365854 0.5447154
0.6904762 0.7539683
0.7619048 0.6904762
0.2136752 0.1880342
0.902439 0.894309
0.8632479 0.8888889
0.8225806 0.8064516
0.2764228 0.2357724
0.8632479 0.8888889
0.04878049 0.05691057
0.8461538 0.8461538
0.7479675 0.804878
0.6747967 0.6422764
