0.002 0.006
0.08 0.086
0.002 0.004
0.01 0.006
0.25 0.254
0.012 0.002
0.096 0.04
0.224 0.182
0.046 0.034
0.016 0.012
0.144 0.122
0.058 0.084
0.002 0.002
0.026 0.022
0.098 0.076
0.444 0.384
0.058 0.05
0.01 0.006
0.026 0.016
0.096 0.108
0.024 0.034
0.1 0.094
0.008 0.004
0.306 0.276
0.144 0.126
0.174 0.144
0.078 0.08
0.024 0.03
0.688 0.714
0.026 0.022
0.37 0.324
0.078 0.07
0.4 0.43
0.024 0.008
0.008 0.012
0.012 0.006
0.488 0.542
0.22 0.25
0.258 0.218
0.012 0.018
0.016 0.006
0.18 0.23
0.146 0.162
0.006 0.018
0.336 0.292
0.066 0.084
0.008 0.006
0.422 0.43
0 0
0.002 0
0.008 0.034
0.05 0.02
0.036 0.036
0.314 0.396
0.316 0.368
0.06 0.086
0.056 0.044
0.264 0.252
0.236 0.262
0.002 0.016
0.008 0.01
0.056 0.054
0.004 0.002
0.106 0.072
0 0
0.018 0.028
0.19 0.21
0.11 0.146
0.008 0.002
0.188 0.148
0.04 0.06
0.002 0
0.01 0.012
0.012 0.004
0.022 0.016
0.006 0.002
0.09 0.102
0.012 0.008
0.012 0.006
0.226 0.226
0.012 0.002
0.04 0.034
0.418 0.354
0.332 0.31
0.242 0.248
0.094 0.086
0.004 0
0.086 0.086
0.06 0.078
0.2 0.176
0.014 0.004
0.07 0.048
0.028 0.028
0.206 0.314
0.102 0.092
0.002 0
0.24 0.236
0.12 0.094
0.018 0.02
0.058 0.082
0.194 0.202
0.078 0.076
0.012 0.03
0.01 0.008
0.144 0.084
0.002 0
0 0
0 0
0.154 0.11
0.46 0.476
0.362 0.302
0 0
0.282 0.31
0.058 0.06
0.336 0.322
0.024 0.022
0.146 0.152
0.106 0.122
0.05 0.042
0.158 0.166
0.006 0.002
0.156 0.19
0.008 0.004
0.01 0.01
0.006 0.004
0.146 0.146
0.002 0.004
0.012 0.002
0.006 0.002
0.054 0.098
0.002 0
0.31 0.314
0.012 0.002
0.004 0.008
0.02 0.012
