0 0.004
0.244 0.206
0.006 0
0.006 0.008
0.266 0.24
0.006 0
0.078 0.066
0.224 0.304
0.034 0.022
0.032 0.016
0.226 0.198
0.078 0.074
0.006 0.006
0.048 0.034
0.198 0.15
0.374 0.318
0.044 0.038
0.028 0.002
0.02 0.022
0.06 0.05
0.056 0.046
0.106 0.084
0.014 0.01
0.4 0.382
0.222 0.164
0.204 0.15
0.07 0.07
0.014 0.018
0.674 0.676
0.088 0.116
0.39 0.382
0.094 0.07
0.33 0.382
0.008 0.004
0.01 0.006
0.01 0.018
0.458 0.514
0.1 0.092
0.308 0.304
0.014 0.02
0.004 0.002
0.192 0.212
0.15 0.192
0.016 0.014
0.358 0.374
0.074 0.064
0.012 0.008
0.396 0.38
0 0
0 0
0.034 0.034
0.018 0.018
0.024 0.028
0.4 0.478
0.328 0.304
0.056 0.098
0.086 0.058
0.244 0.19
0.252 0.322
0.006 0.002
0.044 0.03
0.138 0.154
0.01 0
0.136 0.078
0.002 0
0.076 0.06
0.164 0.196
0.07 0.096
0.002 0
0.23 0.176
0.072 0.054
0.004 0
0.034 0.042
0.002 0.004
0.022 0.012
0.006 0.006
0.008 0.002
0.012 0.006
0.016 0.002
0.252 0.22
0.042 0.028
0.032 0.022
0.272 0.23
0.078 0.072
0.052 0.048
0.084 0.082
0.002 0
0.088 0.066
0.04 0.038
0.112 0.086
0.018 0.006
0.066 0.044
0.032 0.03
0.196 0.218
0.108 0.088
0.002 0.006
0.388 0.426
0.138 0.118
0.004 0.008
0.04 0.014
0.2 0.192
0.1 0.092
0.04 0.028
0.014 0.018
0.112 0.092
0 0
0 0
0.004 0
0.098 0.11
0.446 0.486
0.576 0.56
0 0
0.254 0.274
0.074 0.062
0.334 0.296
0.082 0.054
0.152 0.166
0.14 0.108
0.026 0.022
0.204 0.258
0.01 0.01
0.188 0.156
0.044 0.058
0.012 0.01
0.006 0.01
0.18 0.154
0 0
0.01 0
0.028 0.034
0.216 0.22
0.002 0
0.338 0.32
0.02 0.01
0.004 0.004
0.016 0.006
